Task Time,PC1 Time,PC2 Time,Gaze Calib,s_T_psm1,Tx,Ty,Tz,R00,R01,R02,R10,R11,R12,R20,R21,R22,s_T_psm3,Tx,Ty,Tz,R00,R01,R02,R10,R11,R12,R20,R21,R22,cart_T_ecm,Tx,Ty,Tz,R00,R01,R02,R10,R11,R12,R20,R21,R22,ecm_T_psm1,Tx,Ty,Tz,R00,R01,R02,R10,R11,R12,R20,R21,R22,ecm_T_psm3,Tx,Ty,Tz,R00,R01,R02,R10,R11,R12,R20,R21,R22,psm1_joints,q1,q2,q3,q4,q5,q6,jaw,psm3_joints,q1,q2,q3,q4,q5,q6,jaw,ecm_joints,q1,q2,q3,q4,ecmi_T_ecm,Tx,Ty,Tz,R00,R01,R02,R10,R11,R12,R20,R21,R22,Sample #,Task Duration (s),Collisions (binary),Collisions (increments),Cumulative Collision Time (s),Clutch Press,MTMR Angle,MTML Angle
""
lci_T_si,,,,,-0.056820054,0.035184894,0.23501265,0.9960807,-0.004387094,0.0883404,0.06195223,-0.6782408,-0.7322236,0.0631284,0.7348266,-0.67531073
rci_T_si,,,,,-0.06650407,0.039561197,0.2456612,0.99437594,-0.020144738,0.1039743,0.06376301,-0.6699987,-0.73961884,0.08456207,0.7420889,-0.6649461
ecm_T_lc,,,,,-4.4061628e-05,-0.00034663224,-0.01840835,-0.99912,0.030754527,0.028518902,-0.031987965,-0.99852574,-0.043852776,0.027128186,-0.04472645,0.9986309
ecm_T_rc,,,,,-0.0043358393,0.01870579,-0.007592615,-0.99555075,-0.052743673,-0.078081585,0.04863213,-0.9973746,0.053654674,-0.08070653,0.04961868,0.9955021
cart_T_ecmi,,,,,0.057681564,1.3275611,0.43760413,0.9967665,0.07914106,-0.013899233,0.044067647,-0.68306047,-0.72903115,-0.06719031,0.72606134,-0.6843394
ecmac_T_ecmrep_psm1,,,,,-0.0025980123,-0.29326126,-0.2805022,0.9974786,0.061531033,0.035360787,-0.060258932,0.9975341,-0.035980776,-0.037487525,0.033759248,0.99872667
ecmac_T_ecmrep_psm3,,,,,-0.0114122145,-0.5209516,-0.5025674,0.9999053,0.010122195,-0.009323479,-0.0077519584,0.9740634,0.22614253,0.011370718,-0.22604884,0.9740496
""
0,16:19:39.387236,16:18:12.627407,0,,0.10809632,-0.0019164532,-0.004470378,0.45196345,-0.78749925,-0.4190152,-0.5239827,-0.6145216,0.5897502,-0.72192186,-0.046988815,-0.69037735,,0.107639104,0.012344595,0.013455987,0.02892933,-0.12264995,0.99202806,-0.98639774,0.15715212,0.048194736,-0.1618104,-0.97992873,-0.11643539,,0.057678938,1.3275633,0.43759865,0.99676543,0.079157874,-0.013881288,0.044092182,-0.68305856,-0.7290315,-0.06719031,0.72606134,-0.6843394,,-0.068232805,0.2577568,-0.042870425,-0.41676944,0.7772371,0.47138697,-0.90111107,-0.42147908,-0.1017558,0.119591355,-0.46718073,0.8760366,,-0.059506703,0.45336163,-0.26896724,-0.0352649,0.25118524,-0.9672964,-0.5959621,-0.7822537,-0.18140668,-0.80223787,0.5700747,0.17728297,,1.0774139087488097,0.22839982475518988,0.19831811081000003,-1.2501714430547342,0.2421198775843605,0.28855597848628656,0.8719306250247826,,-1.4035063043629397,0.12133957891981549,0.23021202997,-0.03166318146616318,-0.2597459860541023,-0.7792843979386851,-0.14341609006589717,,0.0250542014123786,0.03150755632162763,0.0839748988,-0.11775085106328897,,-2.1532178e-06,-5.6624413e-06,2.2649765e-06,0.99999994,1.6842037e-05,1.7873943e-05,-1.6845763e-05,1.0,1.6391277e-06,-1.7870218e-05,-1.66893e-06,1.0,34,0.102,1,1,0.079,False,1.0464825983870312,0.01656009168221262
0.1310598759446293,16:19:39.413507,16:18:12.627407,0,,0.108095214,-0.0019165725,-0.0044720024,0.45196235,-0.7874974,-0.41901997,-0.52398515,-0.6145246,0.58974487,-0.72192067,-0.0469822,-0.690379,,0.10775243,0.012316268,0.013531506,0.029308617,-0.121805504,0.9921211,-0.98607326,0.15903562,0.048655227,-0.16370907,-0.9797301,-0.1154481,,0.057678938,1.3275633,0.43759865,0.99676543,0.079157874,-0.013881288,0.044092182,-0.68305856,-0.7290315,-0.06719031,0.72606134,-0.6843394,,-0.06823162,0.25775555,-0.042869493,-0.41676846,0.7772348,0.47139174,-0.9011119,-0.42147622,-0.101760454,0.11958864,-0.46718726,0.8760335,,-0.059629492,0.453404,-0.269017,-0.035389293,0.25037473,-0.967502,-0.5975311,-0.7813044,-0.18033315,-0.80106443,0.5717306,0.1772565,,1.0774139087488097,0.22839210202231566,0.1983194071,-1.2501714430547342,0.2421198775843605,0.28855597848628656,0.8719306250247826,,-1.4041395684586262,0.12119284699520523,0.23021073368000003,-0.03082442169222508,-0.2578330750573861,-0.7797824249686077,-0.1425993697352257,,0.0250542014123786,0.03150755632162763,0.0839748988,-0.11775085106328897,,-2.1532178e-06,-5.6624413e-06,2.2649765e-06,0.99999994,1.6842037e-05,1.7873943e-05,-1.6845763e-05,1.0,1.6391277e-06,-1.7870218e-05,-1.66893e-06,1.0,42,0.127,1,1,0.104,False,1.0463634429499895,0.016753212485330238
0.15732602193020284,16:19:39.440496,16:18:12.706117,0,,0.10809377,-0.001916036,-0.004471466,0.45213705,-0.7873873,-0.41903824,-0.5238951,-0.6146575,0.58968633,-0.7218767,-0.047086984,-0.6904178,,0.10781646,0.012287464,0.013569653,0.029044367,-0.12152299,0.9921635,-0.9860698,0.15914747,0.048358828,-0.163777,-0.9797471,-0.11520789,,0.057678938,1.3275633,0.43759865,0.99676543,0.079157874,-0.013881288,0.044092182,-0.68305856,-0.7290315,-0.06719031,0.72606134,-0.6843394,,-0.0682302,0.25775635,-0.042869527,-0.4169438,0.7771289,0.47141126,-0.9010245,-0.42164662,-0.10182789,0.11963557,-0.4672096,0.8760151,,-0.059698638,0.4534181,-0.26905447,-0.035118535,0.2500999,-0.96758294,-0.5975628,-0.78129697,-0.18026027,-0.8010527,0.5718611,0.1768884,,1.077421631481684,0.22839210202231566,0.1983194071,-1.2503811329982188,0.2421198775843605,0.28855597848628656,0.8719306250247826,,-1.4044870914379661,0.12109245146784031,0.23021073368000003,-0.030614731748740555,-0.2578330750573861,-0.7797824249686077,-0.1425993697352257,,0.0250542014123786,0.03150755632162763,0.0839748988,-0.11775085106328897,,-2.1532178e-06,-5.6624413e-06,2.2649765e-06,0.99999994,1.6842037e-05,1.7873943e-05,-1.6845763e-05,1.0,1.6391277e-06,-1.7870218e-05,-1.66893e-06,1.0,50,0.151,1,1,0.128,False,1.0466017538240733,0.01660837188299169
0.1843194339890033,16:19:39.462553,16:18:12.706117,0,,0.10809377,-0.001916036,-0.004471466,0.45213705,-0.7874215,-0.41897395,-0.5238951,-0.61460936,0.5897366,-0.7218767,-0.0471434,-0.690414,,0.10788361,0.012256723,0.013609409,0.029410101,-0.12108497,0.9922062,-0.9861314,0.15869248,0.048596263,-0.16334,-0.9798751,-0.114738606,,0.057678938,1.3275633,0.43759865,0.99676543,0.079157874,-0.013881288,0.044092182,-0.68305856,-0.7290315,-0.06719031,0.72606134,-0.6843394,,-0.0682302,0.25775635,-0.042869527,-0.4169438,0.7771674,0.47134778,-0.9010245,-0.42165494,-0.10179345,0.11963557,-0.46713805,0.8760533,,-0.05977115,0.45343244,-0.26909414,-0.035538696,0.24966943,-0.9676788,-0.5972416,-0.78166205,-0.1797414,-0.8012737,0.5715502,0.1768922,,1.077421631481684,0.22839210202231566,0.1983194071,-1.2503811329982188,0.2421198775843605,0.288474299746146,0.8720939690909169,,-1.4048732280816774,0.12097661047472695,0.23021073368000003,-0.03145349152267866,-0.2578330750573861,-0.7797007462284671,-0.14243602566909153,,0.0250542014123786,0.03150755632162763,0.0839748988,-0.11775085106328897,,-2.1532178e-06,-5.6624413e-06,2.2649765e-06,0.99999994,1.6842037e-05,1.7873943e-05,-1.6845763e-05,1.0,1.6391277e-06,-1.7870218e-05,-1.66893e-06,1.0,67,0.205,1,1,0.182,False,1.046244287512947,0.01631869067831504
0.20638367999345064,16:19:39.512762,16:18:12.706117,0,,0.10809442,-0.0019169748,-0.004472241,0.4523182,-0.787313,-0.41898245,-0.5238136,-0.61474013,0.58967257,-0.7218223,-0.047250956,-0.69046354,,0.10806467,0.01221947,0.013723195,0.031358078,-0.11741517,0.99258757,-0.98552465,0.1619024,0.050286718,-0.16660672,-0.97979665,-0.11063865,,0.057678938,1.3275633,0.43759865,0.99676543,0.079157874,-0.013881288,0.044092182,-0.68305856,-0.7290315,-0.06719031,0.72606134,-0.6843394,,-0.068230815,0.25775513,-0.042869676,-0.4171264,0.77706313,0.4713581,-0.90093553,-0.42182598,-0.10187279,0.119669504,-0.46715707,0.8760385,,-0.059966233,0.45349774,-0.26916346,-0.037035644,0.24610981,-0.9685341,-0.6000502,-0.78049994,-0.17538406,-0.7991046,0.57467365,0.17658457,,1.0774139087488097,0.22839210202231566,0.1983194071,-1.2505908229417033,0.2421198775843605,0.288474299746146,0.8720939690909169,,-1.405823124225207,0.12072948302275176,0.23021462255000003,-0.03082442169222508,-0.25373398006442294,-0.782634889638657,-0.14292605786749446,,0.0250542014123786,0.03150755632162763,0.0839748988,-0.11775085106328897,,-2.1532178e-06,-5.6624413e-06,2.2649765e-06,0.99999994,1.6842037e-05,1.7873943e-05,-1.6845763e-05,1.0,1.6391277e-06,-1.7870218e-05,-1.66893e-06,1.0,75,0.229,1,1,0.206,False,1.046244287512947,0.01622213027675601
0.2565731948707253,16:19:39.534020,16:18:12.706117,0,,0.108094014,-0.0019171685,-0.00447233,0.4524961,-0.78716934,-0.41906017,-0.5237277,-0.61492014,0.5895611,-0.7217731,-0.047300696,-0.6905115,,0.1081324,0.012195285,0.013759971,0.03142859,-0.117261335,0.99260354,-0.98544073,0.16238225,0.050384864,-0.16708937,-0.9797356,-0.11045072,,0.057678938,1.3275633,0.43759865,0.99676543,0.079157874,-0.013881288,0.044092182,-0.68305856,-0.7290315,-0.06719031,0.72606134,-0.6843394,,-0.06823041,0.25775495,-0.042869765,-0.41730532,0.7769195,0.47143647,-0.90084726,-0.42198834,-0.10198064,0.119709946,-0.4672493,0.8759838,,-0.06003875,0.45351234,-0.26919588,-0.03704154,0.24596278,-0.96857125,-0.60044575,-0.7802427,-0.17517476,-0.7988071,0.57508576,0.17658871,,1.0774139087488097,0.22839210202231566,0.1983194071,-1.2508005128851878,0.2421198775843605,0.28855597848628656,0.8719306250247826,,-1.4061783699374213,0.12062136476251262,0.23021851142000002,-0.030614731748740555,-0.25318743406536115,-0.7825088100724586,-0.14308940193362862,,0.0250542014123786,0.03150755632162763,0.0839748988,-0.11775085106328897,,-2.1532178e-06,-5.6624413e-06,2.2649765e-06,0.99999994,1.6842037e-05,1.7873943e-05,-1.6845763e-05,1.0,1.6391277e-06,-1.7870218e-05,-1.66893e-06,1.0,83,0.255,1,1,0.232,False,1.04642302066851,0.016656652083770762
0.27785150590352714,16:19:39.563738,16:18:12.833275,0,,0.108094014,-0.0019171685,-0.00447233,0.4524961,-0.78716934,-0.41906017,-0.5237277,-0.61492014,0.5895611,-0.7217731,-0.047300696,-0.6905115,,0.10826463,0.012151416,0.013831437,0.03205263,-0.11640104,0.9926848,-0.98542976,0.16230386,0.050849937,-0.16703552,-0.9798512,-0.10950287,,0.057678938,1.3275633,0.43759865,0.99676543,0.079157874,-0.013881288,0.044092182,-0.68305856,-0.7290315,-0.06719031,0.72606134,-0.6843394,,-0.06823041,0.25775495,-0.042869765,-0.41730532,0.7769195,0.47143647,-0.90084726,-0.42198834,-0.10198064,0.119709946,-0.4672493,0.8759838,,-0.060180184,0.45354208,-0.26925606,-0.037666798,0.24512248,-0.96876013,-0.60045636,-0.78046775,-0.17413281,-0.7987699,0.57513916,0.17658308,,1.0774139087488097,0.22839210202231566,0.1983194071,-1.2508005128851878,0.2421198775843605,0.28855597848628656,0.8717672809586483,,-1.4068579704303532,0.12044374190640546,0.23022888174000003,-0.031243801579194132,-0.2526408880662994,-0.7825460879865416,-0.14292605786749435,,0.0250542014123786,0.03150755632162763,0.0839748988,-0.11775085106328897,,-2.1532178e-06,-5.6624413e-06,2.2649765e-06,0.99999994,1.6842037e-05,1.7873943e-05,-1.6845763e-05,1.0,1.6391277e-06,-1.7870218e-05,-1.66893e-06,1.0,100,0.307,1,1,0.284,False,1.0464825983870312,0.015932449072078914
0.3075671950355172,16:19:39.615448,16:18:12.833275,0,,0.10808256,-0.0019157827,-0.0044567883,0.45265085,-0.7870607,-0.41909707,-0.5236378,-0.6150528,0.58950263,-0.7217413,-0.047383815,-0.690539,,0.10851767,0.012043156,0.013954043,0.034517065,-0.11444558,0.99282956,-0.9854803,0.1613515,0.05286093,-0.16624412,-0.9802387,-0.10721454,,0.05765488,1.3275629,0.4376022,0.9967663,0.07914413,-0.013895959,0.044072125,-0.6830601,-0.7290312,-0.06719031,0.72606134,-0.6843394,,-0.06819274,0.25776774,-0.042877235,-0.41747063,0.77680105,0.4714853,-0.9007625,-0.4221538,-0.10204426,0.11977123,-0.46729678,0.8759501,,-0.06042318,0.45357513,-0.26938438,-0.04023256,0.24320465,-0.96914023,-0.6000299,-0.78144544,-0.1711934,-0.7989653,0.57462555,0.17736961,,1.0774139087488097,0.22839210202231566,0.19831811081000003,-1.2510102028286723,0.2421198775843605,0.2885559784862866,0.8716039368925141,,-1.408294398744959,0.1200189915983231,0.23026258528000002,-0.033969770844492944,-0.251274523068645,-0.7823534071812568,-0.1432527459997628,,0.0250542014123786,0.03150755632162763,0.0839748988,-0.11775085106328897,,-2.6389956e-05,-4.7683716e-06,3.5762787e-07,0.99999994,3.0733645e-06,3.259629e-06,-3.0696392e-06,1.0,2.682209e-07,-3.259629e-06,-3.2782555e-07,1.0,108,0.332,1,1,0.309,False,1.0460059766388632,0.01656009168221262
0.3592365849763155,16:19:39.634638,16:18:12.833275,0,,0.108083606,-0.0019165128,-0.004457459,0.4526541,-0.78706145,-0.41909224,-0.5236421,-0.61505175,0.58949995,-0.7217362,-0.047385216,-0.6905443,,0.10858092,0.012030013,0.013980389,0.03493186,-0.1139892,0.9928675,-0.98542345,0.1615803,0.05322069,-0.1664944,-0.9802542,-0.10668338,,0.05765488,1.3275629,0.4376022,0.9967663,0.07914413,-0.013895959,0.044072125,-0.6830601,-0.7290312,-0.06719031,0.72606134,-0.6843394,,-0.06819376,0.25776672,-0.04287729,-0.41747427,0.7768019,0.47148073,-0.9007617,-0.42215413,-0.102050215,0.11976473,-0.4672951,0.8759519,,-0.060489617,0.45358604,-0.26940268,-0.04061024,0.24276048,-0.96923584,-0.6002672,-0.7814009,-0.17056352,-0.7987679,0.5748738,0.17745402,,1.0774061860159356,0.22839210202231566,0.19831811081000003,-1.2510102028286723,0.2421198775843605,0.2885559784862866,0.8716039368925141,,-1.4085955853270538,0.11994176426958086,0.23027554818,-0.03417946078797747,-0.2507279770695832,-0.7824723638354802,-0.14308940193362862,,0.0250542014123786,0.03150755632162763,0.0839748988,-0.11775085106328897,,-2.6389956e-05,-4.7683716e-06,3.5762787e-07,0.99999994,3.0733645e-06,3.259629e-06,-3.0696392e-06,1.0,2.682209e-07,-3.259629e-06,-3.2782555e-07,1.0,121,0.373,1,1,0.35,False,1.0463634429499895,0.01660837188299169
0.3784660310484469,16:19:39.682925,16:18:12.833275,0,,0.108085275,-0.0019165576,-0.0044576228,0.4528363,-0.7869547,-0.4190959,-0.52355796,-0.61517966,0.5894412,-0.72168285,-0.04749936,-0.69059217,,0.10900311,0.011977173,0.014077246,0.03897524,-0.11129693,0.9930225,-0.9854577,0.16020525,0.05663398,-0.16539049,-0.9807891,-0.10343443,,0.05765488,1.3275629,0.4376022,0.9967663,0.07914413,-0.013895959,0.044072125,-0.6830601,-0.7290312,-0.06719031,0.72606134,-0.6843394,,-0.06819541,0.25776652,-0.042877108,-0.4176578,0.7766999,0.47148624,-0.9006717,-0.42232797,-0.10212492,0.1198014,-0.4673076,0.8759402,,-0.060922027,0.45360482,-0.26945826,-0.044760935,0.24012166,-0.9697103,-0.5997162,-0.78277373,-0.1661497,-0.7989599,0.57411397,0.17904253,,1.0773984632830613,0.22839982475518988,0.19831811081000003,-1.2512198927721567,0.2421198775843605,0.2885559784862866,0.8716039368925141,,-1.4103718138881254,0.11948612303000161,0.23043888072000002,-0.03837325965766796,-0.24854179307333618,-0.78237643927139,-0.14276271380136007,,0.0250542014123786,0.03150755632162763,0.0839748988,-0.11775085106328897,,-2.6389956e-05,-4.7683716e-06,3.5762787e-07,0.99999994,3.0733645e-06,3.259629e-06,-3.0696392e-06,1.0,2.682209e-07,-3.259629e-06,-3.2782555e-07,1.0,142,0.438,1,1,0.415,False,1.0466017538240733,0.016125569875196977
0.4267508420161903,16:19:39.743833,16:18:12.999209,0,,0.10808509,-0.0019097924,-0.0044687837,0.4530174,-0.7868117,-0.41916862,-0.52347636,-0.6153586,0.5893269,-0.72162837,-0.04755047,-0.69064564,,0.10959609,0.011939414,0.014076173,0.043818384,-0.10798213,0.99318665,-0.9853231,0.15950009,0.060812794,-0.16498,-0.98127437,-0.099408306,,0.05765488,1.3275629,0.4376022,0.9967663,0.07914413,-0.013895959,0.044072125,-0.6830601,-0.7290312,-0.06719031,0.72606134,-0.6843394,,-0.06819442,0.2577628,-0.042864643,-0.4178403,0.77655697,0.4715599,-0.90058255,-0.42249057,-0.1022388,0.11983536,-0.46739814,0.8758873,,-0.061510816,0.4535266,-0.2694423,-0.049611233,0.23687786,-0.97027194,-0.59978217,-0.78386015,-0.1607005,-0.79862386,0.5739792,0.18096338,,1.077390740550187,0.22839982475518988,0.19833107371000003,-1.2514295827156414,0.2421198775843605,0.28863765722642715,0.8717672809586483,,-1.4124106153669205,0.11876790887269874,0.23076943467000002,-0.042776748470842965,-0.24498924407943473,-0.7825779063428584,-0.14357943413203156,,0.0250542014123786,0.03150755632162763,0.0839748988,-0.11775085106328897,,-2.6389956e-05,-4.7683716e-06,3.5762787e-07,0.99999994,3.0733645e-06,3.259629e-06,-3.0696392e-06,1.0,2.682209e-07,-3.259629e-06,-3.2782555e-07,1.0,150,0.463,1,1,0.44,False,1.04642302066851,0.015932449072078914
0.4875794800464064,16:19:39.773367,16:18:12.999209,0,,0.108085394,-0.0019036233,-0.0044787973,0.45302063,-0.7868125,-0.41916376,-0.5234808,-0.61535746,0.5893242,-0.7216233,-0.04755184,-0.6906509,,0.10990876,0.011905186,0.014033616,0.046175458,-0.106920354,0.9931947,-0.98513335,0.15982053,0.063005865,-0.16546938,-0.9813386,-0.09795108,,0.05765488,1.3275629,0.4376022,0.9967663,0.07914413,-0.013895959,0.044072125,-0.6830601,-0.7290312,-0.06719031,0.72606134,-0.6843394,,-0.068193994,0.2577595,-0.042853344,-0.41784394,0.7765578,0.47155532,-0.9005817,-0.42249086,-0.10224475,0.119828865,-0.46739647,0.875889,,-0.061816316,0.4534417,-0.26942775,-0.051880263,0.23584226,-0.9704055,-0.600367,-0.78387815,-0.15841253,-0.79804003,0.574381,0.18225972,,1.077383017817313,0.22839982475518988,0.19834274032000002,-1.2514295827156414,0.2421198775843605,0.28863765722642715,0.8717672809586483,,-1.4133991251748212,0.11823504030437725,0.23096906333000003,-0.04445426801871916,-0.2425297870836568,-0.7822964238854583,-0.14357943413203145,,0.0250542014123786,0.03150755632162763,0.0839748988,-0.11775085106328897,,-2.6389956e-05,-4.7683716e-06,3.5762787e-07,0.99999994,3.0733645e-06,3.259629e-06,-3.0696392e-06,1.0,2.682209e-07,-3.259629e-06,-3.2782555e-07,1.0,163,0.504,1,1,0.481,False,1.0467804869796362,0.01656009168221262
0.5171728378627449,16:19:39.804910,16:18:12.999209,0,,0.108082704,-0.0018940866,-0.004497379,0.4531995,-0.78669983,-0.41918173,-0.5234042,-0.61549413,0.5892495,-0.7215665,-0.047646075,-0.69070375,,0.11024611,0.011835493,0.014006555,0.046596035,-0.106744036,0.99319404,-0.9849386,0.16082466,0.063493446,-0.16650751,-0.9811937,-0.097642586,,0.05765488,1.3275629,0.4376022,0.9967663,0.07914413,-0.013895959,0.044072125,-0.6830601,-0.7290312,-0.06719031,0.72606134,-0.6843394,,-0.06819,0.25775224,-0.042833965,-0.41802448,0.7764486,0.4715751,-0.90049416,-0.42265606,-0.102333434,0.119857416,-0.4674285,0.875868,,-0.062149234,0.45335186,-0.26944965,-0.052159164,0.23567672,-0.9704308,-0.60123855,-0.7833099,-0.15791729,-0.7973654,0.57522357,0.1825547,,1.0773752950844386,0.2283843792894414,0.19836348096000003,-1.251639272659126,0.2421198775843605,0.28863765722642715,0.8717672809586483,,-1.4145498123730809,0.11759405347581661,0.23116091425000002,-0.04424457807523464,-0.24075351258670605,-0.781457851909576,-0.14341609006589717,,0.0250542014123786,0.03150755632162763,0.0839748988,-0.11775085106328897,,-2.6389956e-05,-4.7683716e-06,3.5762787e-07,0.99999994,3.0733645e-06,3.259629e-06,-3.0696392e-06,1.0,2.682209e-07,-3.259629e-06,-3.2782555e-07,1.0,184,0.569,1,1,0.546,False,1.046065554357384,0.016125569875196977
0.5487106998916715,16:19:39.877791,16:18:13.129632,0,,0.1080818,-0.0018855929,-0.004508823,0.4531995,-0.78669983,-0.41918173,-0.5234042,-0.61549413,0.5892495,-0.7215665,-0.047646075,-0.69070375,,0.111259885,0.011573948,0.014104068,0.044214614,-0.1073152,0.99324137,-0.9851929,0.1601693,0.061161913,-0.16565025,-0.9812386,-0.098644406,,0.05765488,1.3275629,0.4376022,0.9967663,0.07914413,-0.013895959,0.044072125,-0.6830601,-0.7290312,-0.06719031,0.72606134,-0.6843394,,-0.068188235,0.25774947,-0.042820092,-0.41802448,0.7764486,0.4715751,-0.90049416,-0.42265606,-0.102333434,0.119857416,-0.4674285,0.875868,,-0.063174,0.45321608,-0.2696422,-0.04991479,0.23623058,-0.97041416,-0.6003555,-0.7835907,-0.1598714,-0.798174,0.5746136,0.1809351,,1.0773752950844386,0.2283843792894414,0.19837774015,-1.251639272659126,0.2421198775843605,0.28863765722642715,0.8717672809586483,,-1.4185038516046837,0.11598000230510369,0.23160683801,-0.04340581830129654,-0.2411634220860024,-0.7772030186717398,-0.143252745999763,,0.0250542014123786,0.03150755632162763,0.0839748988,-0.11775085106328897,,-2.6389956e-05,-4.7683716e-06,3.5762787e-07,0.99999994,3.0733645e-06,3.259629e-06,-3.0696392e-06,1.0,2.682209e-07,-3.259629e-06,-3.2782555e-07,1.0,192,0.594,1,1,0.571,False,1.046244287512947,0.016415251079873627
0.6215725210495293,16:19:39.898476,16:18:13.129632,0,,0.108081624,-0.001884073,-0.0045109093,0.4531995,-0.78669983,-0.41918173,-0.5234042,-0.61549413,0.5892495,-0.7215665,-0.047646075,-0.69070375,,0.11153018,0.011495225,0.014149785,0.043405704,-0.10717665,0.993292,-0.98525,0.16013253,0.06033268,-0.16552448,-0.9812598,-0.09864518,,0.05765488,1.3275629,0.4376022,0.9967663,0.07914413,-0.013895959,0.044072125,-0.6830601,-0.7290312,-0.06719031,0.72606134,-0.6843394,,-0.06818791,0.25774896,-0.04281757,-0.41802448,0.7764486,0.4715751,-0.90049416,-0.42265606,-0.102333434,0.119857416,-0.4674285,0.875868,,-0.063449994,0.45319325,-0.26971042,-0.049130477,0.2360949,-0.9704872,-0.6001885,-0.7836402,-0.16025549,-0.79834825,0.5746018,0.18020207,,1.0773752950844386,0.2283843792894414,0.19838033273000003,-1.251639272659126,0.2421198775843605,0.28863765722642715,0.8717672809586483,,-1.419615925138572,0.11554752926414712,0.23170924492000003,-0.04298643841432749,-0.24130005858576783,-0.7763564921067784,-0.14406946633043427,,0.0250542014123786,0.03150755632162763,0.0839748988,-0.11775085106328897,,-2.6389956e-05,-4.7683716e-06,3.5762787e-07,0.99999994,3.0733645e-06,3.259629e-06,-3.0696392e-06,1.0,2.682209e-07,-3.259629e-06,-3.2782555e-07,1.0,205,0.635,1,1,0.612,False,1.045946398920342,0.015691048068182223
0.6423057420179248,16:19:39.945168,16:18:13.129632,0,,0.1080819,-0.0018802732,-0.00451459,0.45337844,-0.7865922,-0.41919023,-0.52331567,-0.615623,0.58919346,-0.7215183,-0.047758818,-0.69074625,,0.11201805,0.011319943,0.014220536,0.040635042,-0.10673225,0.99345696,-0.9850082,0.16255319,0.057753414,-0.16765359,-0.9809101,-0.09852683,,0.05765488,1.3275629,0.4376022,0.9967663,0.07914413,-0.013895959,0.044072125,-0.6830601,-0.7290312,-0.06719031,0.72606134,-0.6843394,,-0.068187885,0.25774878,-0.042812284,-0.4182043,0.7763457,0.47158512,-0.90040493,-0.4228295,-0.10240222,0.11990059,-0.46744263,0.87585455,,-0.06394757,0.45312646,-0.26985776,-0.04610481,0.23567659,-0.9707373,-0.60168004,-0.7822718,-0.16134417,-0.7974055,0.5766345,0.1778684,,1.0773752950844386,0.22839210202231566,0.19838551789000003,-1.2518489626026104,0.2421198775843605,0.28863765722642715,0.8717672809586483,,-1.4216315584187447,0.11456674218912061,0.23188813294000002,-0.0396313993185751,-0.24034360308740974,-0.7757478788502636,-0.1445594985288371,,0.0250542014123786,0.03150755632162763,0.0839748988,-0.11775085106328897,,-2.6389956e-05,-4.7683716e-06,3.5762787e-07,0.99999994,3.0733645e-06,3.259629e-06,-3.0696392e-06,1.0,2.682209e-07,-3.259629e-06,-3.2782555e-07,1.0,213,0.659,1,1,0.636,False,1.0463634429499895,0.015063405458049406
0.6889973999932408,16:19:39.968427,16:18:13.129632,0,,0.108082786,-0.0018794984,-0.0045173317,0.45338166,-0.78659296,-0.4191854,-0.52332,-0.6156219,0.5891908,-0.72151315,-0.04776019,-0.69075155,,0.11228977,0.011182092,0.0142739415,0.03946556,-0.10719426,0.9934544,-0.9849329,0.1633594,0.056753635,-0.16837364,-0.98072577,-0.09913214,,0.05765488,1.3275629,0.4376022,0.9967663,0.07914413,-0.013895959,0.044072125,-0.6830601,-0.7290312,-0.06719031,0.72606134,-0.6843394,,-0.068188585,0.25774726,-0.042809818,-0.41820794,0.7763465,0.47158056,-0.9004041,-0.4228298,-0.10240817,0.119894095,-0.46744096,0.87585634,,-0.064227596,0.45308328,-0.2699819,-0.044851262,0.23613338,-0.970685,-0.60216385,-0.7816943,-0.16233516,-0.7971117,0.5772305,0.17725097,,1.0773675723515646,0.22839210202231566,0.19838811047000002,-1.2518489626026104,0.2421198775843605,0.2886376572264271,0.872093969090917,,-1.4228054138156268,0.11387941896331462,0.23196331776,-0.03837325965766796,-0.239797057088348,-0.7744782969220976,-0.14472284259497148,,0.0250542014123786,0.03150755632162763,0.0839748988,-0.11775085106328897,,-2.6389956e-05,-4.7683716e-06,3.5762787e-07,0.99999994,3.0733645e-06,3.259629e-06,-3.0696392e-06,1.0,2.682209e-07,-3.259629e-06,-3.2782555e-07,1.0,226,0.7,1,1,0.677,False,1.0463038652314682,0.01622213027675601
0.7122572308871895,16:19:40.010763,16:18:13.129632,0,,0.108087555,-0.0018826127,-0.0045217276,0.4535757,-0.7865212,-0.41911003,-0.52325565,-0.6157004,0.5891659,-0.7214378,-0.047929674,-0.6908185,,0.11254609,0.011067145,0.014287591,0.03627906,-0.10867476,0.993415,-0.9847524,0.16535142,0.05405137,-0.17013654,-0.9802289,-0.10101899,,0.05765488,1.3275629,0.4376022,0.9967663,0.07914413,-0.013895959,0.044072125,-0.6830601,-0.7290312,-0.06719031,0.72606134,-0.6843394,,-0.068193145,0.25774175,-0.042808928,-0.41840497,0.7762838,0.471509,-0.90031147,-0.42301032,-0.10247683,0.119902074,-0.4673818,0.87588686,,-0.06448664,0.45301694,-0.27006903,-0.04146183,0.23759277,-0.97047955,-0.6033175,-0.78019637,-0.16523208,-0.79642254,0.5786565,0.17569225,,1.0773289586871932,0.22839210202231566,0.19838940676000003,-1.2520586525460948,0.2421198775843605,0.28855597848628656,0.8719306250247826,,-1.4238248145550243,0.11325387760050243,0.23206702096000004,-0.03480853061843105,-0.239797057088348,-0.7729264008594268,-0.14423281039656854,,0.0250542014123786,0.03150755632162763,0.0839748988,-0.11775085106328897,,-2.6389956e-05,-4.7683716e-06,3.5762787e-07,0.99999994,3.0733645e-06,3.259629e-06,-3.0696392e-06,1.0,2.682209e-07,-3.259629e-06,-3.2782555e-07,1.0,234,0.725,1,1,0.702,False,1.0461847097944261,0.016366970879094556
0.7545748609118164,16:19:40.036262,16:18:13.129632,0,,0.10808402,-0.0018831193,-0.0045234263,0.453748,-0.78640705,-0.41913775,-0.52317035,-0.61583906,0.5890968,-0.7213914,-0.04802105,-0.6908606,,0.11266732,0.011032335,0.014282227,0.03711026,-0.10648653,0.99362123,-0.98437095,0.16739556,0.054704614,-0.17215303,-0.9801221,-0.09861019,,0.05765488,1.3275629,0.4376022,0.9967663,0.07914413,-0.013895959,0.044072125,-0.6830601,-0.7290312,-0.06719031,0.72606134,-0.6843394,,-0.06818952,0.25774026,-0.042808358,-0.41857815,0.7761729,0.47153792,-0.90022546,-0.4231748,-0.10255359,0.11994364,-0.46741712,0.8758623,,-0.064607106,0.45298404,-0.27008754,-0.04201762,0.23546621,-0.97097385,-0.60501045,-0.77939093,-0.16282533,-0.7951081,0.5806078,0.17520767,,1.0773366814200676,0.2283766565565672,0.19839070305000003,-1.2522683424895795,0.2421198775843605,0.28855597848628656,0.8719306250247826,,-1.424257287595981,0.11292180008691079,0.23212665030000001,-0.03417946078797747,-0.23733760009257007,-0.7749319231259624,-0.14423281039656854,,0.0250542014123786,0.03150755632162763,0.0839748988,-0.11775085106328897,,-2.6389956e-05,-4.7683716e-06,3.5762787e-07,0.99999994,3.0733645e-06,3.259629e-06,-3.0696392e-06,1.0,2.682209e-07,-3.259629e-06,-3.2782555e-07,1.0,247,0.766,1,1,0.743,False,1.045886821201821,0.015594487666623191
0.7800501079764217,16:19:40.075711,16:18:13.335375,0,,0.10808489,-0.0018797964,-0.0045226365,0.45374694,-0.7864101,-0.41913304,-0.52316093,-0.6158342,0.5891102,-0.72139883,-0.04803291,-0.6908521,,0.11275114,0.010988139,0.014272392,0.036916457,-0.10726242,0.993545,-0.98440945,0.1671941,0.05462721,-0.17197418,-0.98007184,-0.099417984,,0.05765488,1.3275629,0.4376022,0.9967663,0.07914413,-0.013895959,0.044072125,-0.6830601,-0.7290312,-0.06719031,0.72606134,-0.6843394,,-0.06819037,0.25774306,-0.042806383,-0.41857648,0.77617675,0.47153297,-0.9002246,-0.42318022,-0.10253834,0.11995555,-0.46740574,0.8758668,,-0.06469018,0.45294672,-0.27011552,-0.04184941,0.23622346,-0.9707971,-0.6048503,-0.77935994,-0.1635671,-0.7952388,0.58034176,0.1754956,,1.0773444041529419,0.22839210202231566,0.19839199934,-1.2522683424895795,0.2421198775843605,0.28855597848628656,0.8719306250247826,,-1.4245430287123273,0.11266694990206137,0.23216813158000002,-0.03417946078797747,-0.23733760009257007,-0.7738700995041351,-0.14504953072723992,,0.0250542014123786,0.03150755632162763,0.0839748988,-0.11775085106328897,,-2.6389956e-05,-4.7683716e-06,3.5762787e-07,0.99999994,3.0733645e-06,3.259629e-06,-3.0696392e-06,1.0,2.682209e-07,-3.259629e-06,-3.2782555e-07,1.0,255,0.79,1,1,0.767,False,1.0467209092611154,0.016173850075976492
0.81953104888089,16:19:40.098977,16:18:13.335375,0,,0.10808554,-0.0018807203,-0.0045233667,0.45392796,-0.786267,-0.41920564,-0.5230792,-0.61601293,0.5889959,-0.72134423,-0.04808393,-0.6909055,,0.112815075,0.01095248,0.01427424,0.036946595,-0.10713349,0.9935578,-0.98433906,0.16759276,0.054675028,-0.17237052,-0.9800179,-0.09926375,,0.05765488,1.3275629,0.4376022,0.9967663,0.07914413,-0.013895959,0.044072125,-0.6830601,-0.7290312,-0.06719031,0.72606134,-0.6843394,,-0.06819099,0.25774187,-0.04280653,-0.4187589,0.77603364,0.47160652,-0.9001353,-0.42334267,-0.1026523,0.11998953,-0.46749625,0.8758138,,-0.06475478,0.4529256,-0.27014276,-0.041826677,0.23609976,-0.97082824,-0.6051716,-0.7791434,-0.16341022,-0.7949955,0.5806828,0.17546986,,1.0773366814200676,0.22839210202231566,0.19839199934,-1.252478032433064,0.2421198775843605,0.28863765722642715,0.8717672809586483,,-1.4247901561643024,0.11245843611445731,0.23219146480000002,-0.033969770844492944,-0.23679105409350829,-0.7738256986780774,-0.14472284259497148,,0.0250542014123786,0.03150755632162763,0.0839748988,-0.11775085106328897,,-2.6389956e-05,-4.7683716e-06,3.5762787e-07,0.99999994,3.0733645e-06,3.259629e-06,-3.0696392e-06,1.0,2.682209e-07,-3.259629e-06,-3.2782555e-07,1.0,272,0.844,1,1,0.821,False,1.0464825983870312,0.01622213027675601
0.8428086680360138,16:19:40.154845,16:18:13.335375,0,,0.1080816,-0.001880601,-0.004530728,0.45390245,-0.78628916,-0.41919172,-0.52299255,-0.6159785,0.5891089,-0.72142315,-0.0481638,-0.6908176,,0.11288701,0.01091405,0.014295816,0.037197977,-0.10692485,0.993571,-0.98437726,0.16730821,0.054858953,-0.17209825,-0.98008925,-0.09903089,,0.05765488,1.3275629,0.4376022,0.9967663,0.07914413,-0.013895959,0.044072125,-0.6830601,-0.7290312,-0.06719031,0.72606134,-0.6843394,,-0.06818661,0.25773662,-0.04280174,-0.418727,0.7760613,0.4715894,-0.9001347,-0.42337793,-0.10251178,0.120105125,-0.46741843,0.8758395,,-0.06482992,0.45291984,-0.2701807,-0.04211176,0.23589414,-0.9708659,-0.6049738,-0.77935743,-0.16312176,-0.795131,0.580479,0.17552988,,1.0773289586871932,0.22836121109081875,0.19839848079000003,-1.252478032433064,0.2422565140841259,0.2885262393227307,0.8717672809586483,,-1.4251145109450198,0.11228081325835014,0.23220572399000003,-0.034389150731461995,-0.23665441759374287,-0.7736104016212115,-0.14406946633043438,,0.0250542014123786,0.03150755632162763,0.0839748988,-0.11775085106328897,,-2.6389956e-05,-4.7683716e-06,3.5762787e-07,0.99999994,3.0733645e-06,3.259629e-06,-3.0696392e-06,1.0,2.682209e-07,-3.259629e-06,-3.2782555e-07,1.0,289,0.897,1,1,0.874,False,1.0467804869796362,0.016366970879094556
0.8986643720418215,16:19:40.207726,16:18:13.335375,0,,0.108070865,-0.0018784702,-0.004537955,0.4538828,-0.786309,-0.41917565,-0.52299035,-0.6159522,0.58913827,-0.72143704,-0.048174918,-0.69080234,,0.11294721,0.010901757,0.0143383145,0.037144452,-0.10692319,0.99357307,-0.9843793,0.16731346,0.05480618,-0.1720981,-0.9800886,-0.099038266,,0.05765488,1.3275629,0.4376022,0.9967663,0.07914413,-0.013895959,0.044072125,-0.6830601,-0.7290312,-0.06719031,0.72606134,-0.6843394,,-0.06817542,0.25773305,-0.042795923,-0.41870654,0.77608234,0.47157294,-0.9001429,-0.42336786,-0.102481276,0.120114915,-0.46739262,0.8758519,,-0.06489538,0.45294574,-0.27020574,-0.042058773,0.23589258,-0.9708685,-0.60496914,-0.7793546,-0.16315258,-0.79513735,0.5804835,0.17548643,,1.0773598496186902,0.2283148746935734,0.19840625853000002,-1.252478032433064,0.2422565140841259,0.28844456058259016,0.8719306250247826,,-1.4254465884586116,0.11225764505972748,0.23220831657000002,-0.034389150731461995,-0.23665441759374287,-0.7732836866606494,-0.1439061222643,,0.0250542014123786,0.03150755632162763,0.0839748988,-0.11775085106328897,,-2.6389956e-05,-4.7683716e-06,3.5762787e-07,0.99999994,3.0733645e-06,3.259629e-06,-3.0696392e-06,1.0,2.682209e-07,-3.259629e-06,-3.2782555e-07,1.0,297,0.921,1,1,0.898,False,1.0461251320759053,0.015835888670520326
0.9515022488776594,16:19:40.230857,16:18:13.512361,0,,0.10806497,-0.0018818378,-0.00454773,0.4538572,-0.7863262,-0.41917115,-0.52291566,-0.61592543,0.58923244,-0.72150725,-0.04823625,-0.6907246,,0.11296387,0.010902472,0.014356613,0.037228458,-0.106547356,0.9936103,-0.98435503,0.16744599,0.054837376,-0.17221871,-0.98010695,-0.098646715,,0.05765488,1.3275629,0.4376022,0.9967663,0.07914413,-0.013895959,0.044072125,-0.6830601,-0.7290312,-0.06719031,0.72606134,-0.6843394,,-0.068169,0.25772375,-0.04279218,-0.4186753,0.77610373,0.4715655,-0.9001439,-0.4233948,-0.10236065,0.12021591,-0.46733272,0.87587,,-0.06491421,0.45296055,-0.27021196,-0.042125974,0.23552597,-0.97095466,-0.6050732,-0.7793484,-0.16279595,-0.7950546,0.58064073,0.17534126,,1.0773444041529419,0.22826081556345384,0.19841273998000003,-1.252478032433064,0.24239315058389135,0.2883331426788937,0.8719306250247826,,-1.4255547067188508,0.11227309052547592,0.23220572399000003,-0.034389150731461995,-0.23651778109397742,-0.773558462044627,-0.14406946633043416,,0.0250542014123786,0.03150755632162763,0.0839748988,-0.11775085106328897,,-2.6389956e-05,-4.7683716e-06,3.5762787e-07,0.99999994,3.0733645e-06,3.259629e-06,-3.0696392e-06,1.0,2.682209e-07,-3.259629e-06,-3.2782555e-07,1.0,310,0.962,1,1,0.939,False,1.0463634429499895,0.01578760846974081
0.9746864249464124,16:19:40.268072,16:18:13.512361,0,,0.108057976,-0.0018858314,-0.00455828,0.4536739,-0.78642136,-0.41919115,-0.5230264,-0.61581635,0.58924836,-0.7215423,-0.048078537,-0.69069904,,0.11296794,0.010899089,0.014362097,0.037219986,-0.10700396,0.9935616,-0.98435605,0.1674174,0.054905564,-0.17221445,-0.980062,-0.099098794,,0.05765488,1.3275629,0.4376022,0.9967663,0.07914413,-0.013895959,0.044072125,-0.6830601,-0.7290312,-0.06719031,0.72606134,-0.6843394,,-0.06816145,0.2577135,-0.042788465,-0.4184923,0.77619106,0.4715842,-0.9002382,-0.42320165,-0.102330394,0.12014728,-0.4673626,0.8758635,,-0.06491903,0.45296344,-0.2702171,-0.042118136,0.23597214,-0.97084665,-0.6050691,-0.77927554,-0.16315958,-0.79505813,0.58055735,0.17560108,,1.0773366814200676,0.22819903370046005,0.19841922143000001,-1.2522683424895795,0.24239315058389135,0.2883331426788937,0.8722573131570512,,-1.4255855976503475,0.1122653677926017,0.23220313141,-0.034389150731461995,-0.23651778109397742,-0.7730683896037835,-0.14504953072723992,,0.0250542014123786,0.03150755632162763,0.0839748988,-0.11775085106328897,,-2.6389956e-05,-4.7683716e-06,3.5762787e-07,0.99999994,3.0733645e-06,3.259629e-06,-3.0696392e-06,1.0,2.682209e-07,-3.259629e-06,-3.2782555e-07,1.0,318,0.987,1,1,0.964,False,1.045767665764779,0.01631869067831504
1.0119037870317698,16:19:40.296514,16:18:13.512361,0,,0.10804969,-0.0018902868,-0.004567072,0.45382166,-0.78636044,-0.4191454,-0.52286375,-0.61587715,0.589329,-0.72156733,-0.048294306,-0.6906579,,0.112964824,0.0108958855,0.014365435,0.037133023,-0.106867656,0.99357957,-0.98437744,0.16733077,0.054786935,-0.17211124,-0.9800917,-0.09898466,,0.05765488,1.3275629,0.4376022,0.9967663,0.07914413,-0.013895959,0.044072125,-0.6830601,-0.7290312,-0.06719031,0.72606134,-0.6843394,,-0.06815273,0.25770426,-0.042786345,-0.41863516,0.77614236,0.47153756,-0.9001524,-0.42340428,-0.10224728,0.12029258,-0.46725997,0.8758983,,-0.06491646,0.45296526,-0.2702217,-0.042045705,0.2358384,-0.9708823,-0.60497874,-0.77935505,-0.16311462,-0.7951307,0.5805049,0.17544575,,1.0773289586871932,0.22813725183746625,0.19842440659000002,-1.252478032433064,0.2425297870836568,0.2881400460350568,0.8720939690909169,,-1.4255855976503475,0.1122653677926017,0.23219794625000004,-0.034389150731461995,-0.23665441759374287,-0.7732020079205089,-0.1445594985288371,,0.0250542014123786,0.03150755632162763,0.0839748988,-0.11775085106328897,,-2.6389956e-05,-4.7683716e-06,3.5762787e-07,0.99999994,3.0733645e-06,3.259629e-06,-3.0696392e-06,1.0,2.682209e-07,-3.259629e-06,-3.2782555e-07,1.0,327,1.016,1,1,0.993,False,1.046244287512947,0.017042893690006444
1.040331912925467,16:19:40.328222,16:18:13.512361,0,,0.1080406,-0.0018929094,-0.0045738667,0.45420942,-0.7860693,-0.41927153,-0.52289593,-0.61625206,0.5889085,-0.72129995,-0.048252434,-0.69094,,0.112961866,0.010893248,0.014370739,0.036975063,-0.10691434,0.99358034,-0.9843607,0.1674726,0.0546529,-0.17224053,-0.98006237,-0.099050015,,0.05765488,1.3275629,0.4376022,0.9967663,0.07914413,-0.013895959,0.044072125,-0.6830601,-0.7290312,-0.06719031,0.72606134,-0.6843394,,-0.06814329,0.25769776,-0.04278425,-0.41903907,0.7758422,0.47167274,-0.89998865,-0.42363438,-0.10273431,0.120111175,-0.4675498,0.87576854,,-0.064914286,0.45296904,-0.2702267,-0.041872118,0.23588485,-0.9708785,-0.60506946,-0.77925974,-0.16323362,-0.7950708,0.58061403,0.17535597,,1.077352126885816,0.2280909154402209,0.19842829546000001,-1.252897412320033,0.2422565140841259,0.28836288184244957,0.8720939690909169,,-1.4255933203832218,0.1122653677926017,0.23219146480000002,-0.03417946078797747,-0.23665441759374287,-0.7732020079205089,-0.1445594985288371,,0.0250542014123786,0.03150755632162763,0.0839748988,-0.11775085106328897,,-2.6389956e-05,-4.7683716e-06,3.5762787e-07,0.99999994,3.0733645e-06,3.259629e-06,-3.0696392e-06,1.0,2.682209e-07,-3.259629e-06,-3.2782555e-07,1.0,336,1.044,1,1,1.021,False,1.0463038652314682,0.016366970879094556
1.0719852088950574,16:19:40.351522,16:18:13.512361,0,,0.10803832,-0.0018969178,-0.004579738,0.454478,-0.7858368,-0.41941613,-0.52321726,-0.6165745,0.58828515,-0.7208977,-0.04791698,-0.69138306,,0.11295512,0.010902487,0.014374256,0.036121897,-0.10578138,0.99373305,-0.98390317,0.1703797,0.053901277,-0.17501363,-0.9796842,-0.097924255,,0.05765488,1.3275629,0.4376022,0.9967663,0.07914413,-0.013895959,0.044072125,-0.6830601,-0.7290312,-0.06719031,0.72606134,-0.6843394,,-0.06814073,0.2576908,-0.042783417,-0.41933772,0.7755837,0.4718324,-0.89991516,-0.42361,-0.103476055,0.11961857,-0.46800053,0.87559515,,-0.06490779,0.45297706,-0.2702206,-0.04065921,0.2347937,-0.9711945,-0.6072261,-0.77771384,-0.16259666,-0.7934881,0.58312356,0.17419408,,1.0773598496186902,0.22806774724159823,0.19842959175000002,-1.2531071022635176,0.24170996808506415,0.2888085534572353,0.8720939690909169,,-1.4256010431160961,0.11224992232685325,0.23218498335,-0.03166318146616318,-0.2350147795965576,-0.7750290952057092,-0.14357943413203134,,0.0250542014123786,0.03150755632162763,0.0839748988,-0.11775085106328897,,-2.6389956e-05,-4.7683716e-06,3.5762787e-07,0.99999994,3.0733645e-06,3.259629e-06,-3.0696392e-06,1.0,2.682209e-07,-3.259629e-06,-3.2782555e-07,1.0,350,1.089,1,1,1.066,False,1.04642302066851,0.016704932284550722
1.0953508499078453,16:19:40.396912,16:18:13.647257,0,,0.10803825,-0.0018986762,-0.0045842975,0.4544823,-0.78586876,-0.41935173,-0.5232309,-0.6165303,0.5883193,-0.7208849,-0.047962904,-0.6913931,,0.11296664,0.0108903125,0.014400184,0.035626426,-0.10582122,0.9937467,-0.98385334,0.17080572,0.053460374,-0.17539471,-0.9796057,-0.0980274,,0.05765488,1.3275629,0.4376022,0.9967663,0.07914413,-0.013895959,0.044072125,-0.6830601,-0.7290312,-0.06719031,0.72606134,-0.6843394,,-0.06814041,0.25768623,-0.042781662,-0.41934302,0.77561915,0.4717694,-0.8999151,-0.4236133,-0.10346266,0.11960018,-0.46793875,0.8756307,,-0.06492286,0.45299324,-0.27024212,-0.040117905,0.23483492,-0.971207,-0.6074901,-0.7774461,-0.16289036,-0.7933135,0.5834639,0.1738494,,1.0773444041529419,0.22805230177584976,0.19843218433,-1.2531071022635176,0.24170996808506415,0.28872687471709474,0.8719306250247827,,-1.4257246068420837,0.1122344768611048,0.23216942787000003,-0.031034111635709606,-0.2350147795965576,-0.7750290952057092,-0.14357943413203134,,0.0250542014123786,0.03150755632162763,0.0839748988,-0.11775085106328897,,-2.6389956e-05,-4.7683716e-06,3.5762787e-07,0.99999994,3.0733645e-06,3.259629e-06,-3.0696392e-06,1.0,2.682209e-07,-3.259629e-06,-3.2782555e-07,1.0,359,1.118,1,1,1.095,False,1.045886821201821,0.017187734292345436
