Task Time,PC1 Time,PC2 Time,Gaze Calib,s_T_psm1,Tx,Ty,Tz,R00,R01,R02,R10,R11,R12,R20,R21,R22,s_T_psm3,Tx,Ty,Tz,R00,R01,R02,R10,R11,R12,R20,R21,R22,cart_T_ecm,Tx,Ty,Tz,R00,R01,R02,R10,R11,R12,R20,R21,R22,ecm_T_psm1,Tx,Ty,Tz,R00,R01,R02,R10,R11,R12,R20,R21,R22,ecm_T_psm3,Tx,Ty,Tz,R00,R01,R02,R10,R11,R12,R20,R21,R22,psm1_joints,q1,q2,q3,q4,q5,q6,jaw,psm3_joints,q1,q2,q3,q4,q5,q6,jaw,ecm_joints,q1,q2,q3,q4,ecmi_T_ecm,Tx,Ty,Tz,R00,R01,R02,R10,R11,R12,R20,R21,R22,Sample #,Task Duration (s),Collisions (binary),Collisions (increments),Cumulative Collision Time (s),Clutch Press,MTMR Angle,MTML Angle
""
lci_T_si,,,,,-0.05766083,0.03526975,0.2335049,0.9953268,-0.002053924,0.096541636,0.06970595,-0.67659324,-0.7330502,0.06682505,0.7363541,-0.6732882
rci_T_si,,,,,-0.06745086,0.03979552,0.24508704,0.9940752,-0.017281396,0.107311875,0.06819309,-0.66964835,-0.73954093,0.08464152,0.74247724,-0.6645024
ecm_T_lc,,,,,-4.4061628e-05,-0.00034663224,-0.01840835,-0.99912,0.030754527,0.028518902,-0.031987965,-0.99852574,-0.043852776,0.027128186,-0.04472645,0.9986309
ecm_T_rc,,,,,-0.0043358393,0.01870579,-0.007592615,-0.99555075,-0.052743673,-0.078081585,0.04863213,-0.9973746,0.053654674,-0.08070653,0.04961868,0.9955021
cart_T_ecmi,,,,,0.05759907,1.3275594,0.43761152,0.99674624,0.079171725,-0.015123654,0.043190863,-0.68303543,-0.7291071,-0.06805465,0.72608155,-0.68423253
ecmac_T_ecmrep_psm1,,,,,-0.0025980123,-0.29326126,-0.2805022,0.9974786,0.061531033,0.035360787,-0.060258932,0.9975341,-0.035980776,-0.037487525,0.033759248,0.99872667
ecmac_T_ecmrep_psm3,,,,,-0.0114122145,-0.5209516,-0.5025674,0.9999053,0.010122195,-0.009323479,-0.0077519584,0.9740634,0.22614253,0.011370718,-0.22604884,0.9740496
""
0,16:31:55.439798,16:30:28.712437,0,,NaN,NaN,NaN,NaN,NaN,NaN,NaN,NaN,NaN,NaN,NaN,NaN,,0.116570614,-0.005357418,0.026876688,-0.2635492,-0.92697304,0.2669508,-0.72057676,0.37316328,0.58439565,-0.6413353,-0.038341485,-0.76630217,,0.057572454,1.3275592,0.4376197,0.9967451,0.07918965,-0.015104519,0.043217022,-0.68303335,-0.7291075,-0.06805465,0.72608155,-0.68423253,,NaN,NaN,NaN,NaN,NaN,NaN,NaN,NaN,NaN,NaN,NaN,NaN,,-0.06985392,0.45560983,-0.2912758,0.32988966,0.9327573,-0.1453843,-0.8653633,0.23725118,-0.44142747,-0.37725213,0.27143258,0.88544065,,NaN,NaN,NaN,NaN,NaN,NaN,NaN,,-1.4818457066390731,0.04333225415727372,0.21912875047000002,0.5573558697818658,0.03087984894698954,0.49519480720013076,-0.1504398849096712,,0.0250542014123786,0.03182171558698661,0.08397132691999999,-0.11775085106328897,,-2.7097762e-05,3.8146973e-06,-5.00679e-06,1.0,1.7959625e-05,1.905486e-05,-1.79559e-05,1.0,1.7881393e-06,-1.905486e-05,-1.8179417e-06,1.0,43,0.129,0,0,0.0,False,1.042252580372038,0.014822004454151827
0.12198730581440032,16:31:55.488693,16:30:28.712437,0,,NaN,NaN,NaN,NaN,NaN,NaN,NaN,NaN,NaN,NaN,NaN,NaN,,0.116212696,-0.0055886246,0.027534366,-0.26296344,-0.92619306,0.27021557,-0.7175523,0.37496987,0.58695525,-0.6449566,-0.039546013,-0.76319534,,0.057572454,1.3275592,0.4376197,0.9967451,0.07918965,-0.015104519,0.043217022,-0.68303335,-0.7291075,-0.06805465,0.72608155,-0.68423253,,NaN,NaN,NaN,NaN,NaN,NaN,NaN,NaN,NaN,NaN,NaN,NaN,,-0.069594696,0.45612556,-0.29180577,0.32987857,0.9321945,-0.14897504,-0.86725587,0.23692103,-0.43787634,-0.3728906,0.27364552,0.8866063,,NaN,NaN,NaN,NaN,NaN,NaN,NaN,,-1.482733820919609,0.04337859055451907,0.21837430969000002,0.5602915289906492,0.034159124941360114,0.4938276373536657,-0.1507665730419398,,0.0250542014123786,0.03182171558698661,0.08397132691999999,-0.11775085106328897,,-2.7097762e-05,3.8146973e-06,-5.00679e-06,1.0,1.7959625e-05,1.905486e-05,-1.79559e-05,1.0,1.7881393e-06,-1.905486e-05,-1.8179417e-06,1.0,62,0.187,0,0,0.0,False,1.0424313135276013,0.015401366863505128
0.170858611818403,16:31:55.551238,16:30:28.822997,0,,NaN,NaN,NaN,NaN,NaN,NaN,NaN,NaN,NaN,NaN,NaN,NaN,,0.11574758,-0.005848665,0.028191507,-0.26514593,-0.9247036,0.27316797,-0.71288145,0.3787616,0.59020317,-0.6492286,-0.03824638,-0.7596312,,0.057572454,1.3275592,0.4376197,0.9967451,0.07918965,-0.015104519,0.043217022,-0.68303335,-0.7291075,-0.06805465,0.72608155,-0.68423253,,NaN,NaN,NaN,NaN,NaN,NaN,NaN,NaN,NaN,NaN,NaN,NaN,,-0.069229975,0.4566395,-0.29237026,0.33273938,0.93063897,-0.15230103,-0.8686724,0.23962864,-0.433574,-0.36700517,0.27656683,0.88815427,,NaN,NaN,NaN,NaN,NaN,NaN,NaN,,-1.4832821349536789,0.04338631328739329,0.21753949893000002,0.5663725373517003,0.03675521843690348,0.49285419954540155,-0.1504398849096712,,0.0250542014123786,0.03182171558698661,0.08397132691999999,-0.11775085106328897,,-2.7097762e-05,3.8146973e-06,-5.00679e-06,1.0,1.7959625e-05,1.905486e-05,-1.79559e-05,1.0,1.7881393e-06,-1.905486e-05,-1.8179417e-06,1.0,81,0.245,0,0,0.0,False,1.0417759586238695,0.01549792726506416
0.23342636483721435,16:31:55.602539,16:30:28.822997,0,,NaN,NaN,NaN,NaN,NaN,NaN,NaN,NaN,NaN,NaN,NaN,NaN,,0.11535695,-0.0060429163,0.028648973,-0.2669832,-0.9236875,0.27481133,-0.7095977,0.38137287,0.59247446,-0.6520668,-0.03682469,-0.7572667,,0.057572454,1.3275592,0.4376197,0.9967451,0.07918965,-0.015104519,0.043217022,-0.68303335,-0.7291075,-0.06805465,0.72608155,-0.68423253,,NaN,NaN,NaN,NaN,NaN,NaN,NaN,NaN,NaN,NaN,NaN,NaN,,-0.068910226,0.45699865,-0.29278064,0.33502823,0.9295057,-0.15419228,-0.8694891,0.24196003,-0.43063223,-0.36296675,0.27834246,0.88925844,,NaN,NaN,NaN,NaN,NaN,NaN,NaN,,-1.4834443123440375,0.04337859055451907,0.21690950199000003,0.5707760261648752,0.03839485643408877,0.49241565084259065,-0.15060322897580547,,0.0250542014123786,0.03182171558698661,0.08397132691999999,-0.11775085106328897,,-2.7097762e-05,3.8146973e-06,-5.00679e-06,1.0,1.7959625e-05,1.905486e-05,-1.79559e-05,1.0,1.7881393e-06,-1.905486e-05,-1.8179417e-06,1.0,97,0.293,0,0,0.0,False,1.042193002653517,0.014580603450254692
0.2847233908250928,16:31:55.653461,16:30:28.930891,0,,NaN,NaN,NaN,NaN,NaN,NaN,NaN,NaN,NaN,NaN,NaN,NaN,,0.1150359,-0.006209288,0.029048145,-0.26788443,-0.92298716,0.27628335,-0.7072461,0.3831209,0.594156,-0.65424836,-0.03623517,-0.75541127,,0.057572454,1.3275592,0.4376197,0.9967451,0.07918965,-0.015104519,0.043217022,-0.68303335,-0.7291075,-0.06805465,0.72608155,-0.68423253,,NaN,NaN,NaN,NaN,NaN,NaN,NaN,NaN,NaN,NaN,NaN,NaN,,-0.06865073,0.45731118,-0.2931342,0.336277,0.9287764,-0.15585968,-0.8702511,0.24319825,-0.42838955,-0.35997328,0.27969462,0.89005065,,NaN,NaN,NaN,NaN,NaN,NaN,NaN,,-1.4836528261316417,0.04337086782164485,0.21637413422000001,0.5737116853736586,0.039897857931508615,0.4919251625631951,-0.1507665730419397,,0.0250542014123786,0.03182171558698661,0.08397132691999999,-0.11775085106328897,,-2.7097762e-05,3.8146973e-06,-5.00679e-06,1.0,1.7959625e-05,1.905486e-05,-1.79559e-05,1.0,1.7881393e-06,-1.905486e-05,-1.8179417e-06,1.0,112,0.339,0,0,0.0,False,1.04237173580908,0.014532323249474732
0.33564702491275966,16:31:55.697329,16:30:28.930891,0,,NaN,NaN,NaN,NaN,NaN,NaN,NaN,NaN,NaN,NaN,NaN,NaN,,0.11478405,-0.0063320883,0.029407144,-0.2611531,-0.9242228,0.27858758,-0.70889854,0.37951064,0.59450364,-0.6551808,-0.042233832,-0.7542907,,0.057572454,1.3275592,0.4376197,0.9967451,0.07918965,-0.015104519,0.043217022,-0.68303335,-0.7291075,-0.06805465,0.72608155,-0.68423253,,NaN,NaN,NaN,NaN,NaN,NaN,NaN,NaN,NaN,NaN,NaN,NaN,,-0.068453215,0.4576005,-0.29342526,0.32969514,0.93072385,-0.15828523,-0.87256444,0.23639052,-0.42749372,-0.36046147,0.27905667,0.89005333,,NaN,NaN,NaN,NaN,NaN,NaN,NaN,,-1.4838922308507427,0.04333997689014795,0.21592691417,0.5684694367865455,0.044406862423768144,0.4898819465440244,-0.15109326117420818,,0.0250542014123786,0.03182171558698661,0.08397132691999999,-0.11775085106328897,,-2.7097762e-05,3.8146973e-06,-5.00679e-06,1.0,1.7959625e-05,1.905486e-05,-1.79559e-05,1.0,1.7881393e-06,-1.905486e-05,-1.8179417e-06,1.0,132,0.4,0,0,0.0,False,1.0424313135276013,0.014725444052592795
0.3794698778074235,16:31:55.756470,16:30:29.048731,0,,NaN,NaN,NaN,NaN,NaN,NaN,NaN,NaN,NaN,NaN,NaN,NaN,,0.11457896,-0.00641549,0.029766142,-0.24675071,-0.9279379,0.27936557,-0.71423465,0.36897904,0.59474653,-0.65496796,-0.05277843,-0.7538113,,0.057572454,1.3275592,0.4376197,0.9967451,0.07918965,-0.015104519,0.043217022,-0.68303335,-0.7291075,-0.06805465,0.72608155,-0.68423253,,NaN,NaN,NaN,NaN,NaN,NaN,NaN,NaN,NaN,NaN,NaN,NaN,,-0.068301015,0.4579025,-0.29367727,0.31526664,0.93556905,-0.15911478,-0.8763794,0.2226923,-0.42704487,-0.36409634,0.27407792,0.89012086,,NaN,NaN,NaN,NaN,NaN,NaN,NaN,,-1.48421658563146,0.04333225415727372,0.21552506427,0.5552589703470204,0.05205850641063282,0.4888699833060208,-0.15076657304193974,,0.0250542014123786,0.03182171558698661,0.08397132691999999,-0.11775085106328897,,-2.7097762e-05,3.8146973e-06,-5.00679e-06,1.0,1.7959625e-05,1.905486e-05,-1.79559e-05,1.0,1.7881393e-06,-1.905486e-05,-1.8179417e-06,1.0,155,0.47,0,0,0.0,False,1.042550468964643,0.014387482647136629
0.43865979998372495,16:31:55.823723,16:30:29.048731,0,,NaN,NaN,NaN,NaN,NaN,NaN,NaN,NaN,NaN,NaN,NaN,NaN,,0.11429578,-0.006548304,0.030112326,-0.24303569,-0.92843497,0.2809663,-0.7143359,0.36726037,0.59568787,-0.65624523,-0.05593089,-0.7524719,,0.057572454,1.3275592,0.4376197,0.9967451,0.07918965,-0.015104519,0.043217022,-0.68303335,-0.7291075,-0.06805465,0.72608155,-0.68423253,,NaN,NaN,NaN,NaN,NaN,NaN,NaN,NaN,NaN,NaN,NaN,NaN,,-0.068070985,0.45817932,-0.29397413,0.31175834,0.93644613,-0.16085826,-0.87796223,0.21917906,-0.42560878,-0.36330292,0.27391458,0.89049524,,NaN,NaN,NaN,NaN,NaN,NaN,NaN,,-1.4843401493574477,0.04330136322577682,0.21506228874000002,0.5531620709121753,0.05533778240500338,0.4876661709398368,-0.15109326117420824,,0.0250542014123786,0.03182171558698661,0.08397132691999999,-0.11775085106328897,,-2.7097762e-05,3.8146973e-06,-5.00679e-06,1.0,1.7959625e-05,1.905486e-05,-1.79559e-05,1.0,1.7881393e-06,-1.905486e-05,-1.8179417e-06,1.0,167,0.506,0,0,0.0,False,1.0427292021202064,0.014822004454151827
0.5059124568942934,16:31:55.866357,16:30:29.048731,0,,NaN,NaN,NaN,NaN,NaN,NaN,NaN,NaN,NaN,NaN,NaN,NaN,,0.11413439,-0.006615538,0.030263245,-0.24419513,-0.92803824,0.28127128,-0.71332276,0.3683946,0.59620154,-0.6569166,-0.05504767,-0.75195104,,0.057572454,1.3275592,0.4376197,0.9967451,0.07918965,-0.015104519,0.043217022,-0.68303335,-0.7291075,-0.06805465,0.72608155,-0.68423253,,NaN,NaN,NaN,NaN,NaN,NaN,NaN,NaN,NaN,NaN,NaN,NaN,,-0.067933366,0.45829996,-0.29411504,0.31302366,0.935962,-0.16121806,-0.87796855,0.22043155,-0.42494845,-0.36219805,0.2745633,0.8907455,,NaN,NaN,NaN,NaN,NaN,NaN,NaN,,-1.4842938129602024,0.0433245314243995,0.21483154912000002,0.5548395904600515,0.05533778240500338,0.48758449219969624,-0.15092991710807407,,0.0250542014123786,0.03182171558698661,0.08397132691999999,-0.11775085106328897,,-2.7097762e-05,3.8146973e-06,-5.00679e-06,1.0,1.7959625e-05,1.905486e-05,-1.79559e-05,1.0,1.7881393e-06,-1.905486e-05,-1.8179417e-06,1.0,183,0.555,0,0,0.0,False,1.0429675129942906,0.014580603450254692
0.5485170499887317,16:31:55.909309,16:30:29.194301,0,,NaN,NaN,NaN,NaN,NaN,NaN,NaN,NaN,NaN,NaN,NaN,NaN,,0.11393021,-0.006699998,0.030438602,-0.24538872,-0.9276688,0.28145114,-0.71232057,0.36947095,0.5967334,-0.65755904,-0.05405178,-0.7514616,,0.057572454,1.3275592,0.4376197,0.9967451,0.07918965,-0.015104519,0.043217022,-0.68303335,-0.7291075,-0.06805465,0.72608155,-0.68423253,,NaN,NaN,NaN,NaN,NaN,NaN,NaN,NaN,NaN,NaN,NaN,NaN,,-0.06775713,0.45843905,-0.29428583,0.3143185,0.9354881,-0.16144921,-0.8779505,0.22176033,-0.42429394,-0.3611189,0.27510783,0.8910156,,NaN,NaN,NaN,NaN,NaN,NaN,NaN,,-1.4841856946999632,0.04333225415727372,0.21455025419,0.5565171100079277,0.05533778240500338,0.48758449219969624,-0.15060322897580541,,0.0250542014123786,0.03182171558698661,0.08397132691999999,-0.11775085106328897,,-2.7097762e-05,3.8146973e-06,-5.00679e-06,1.0,1.7959625e-05,1.905486e-05,-1.79559e-05,1.0,1.7881393e-06,-1.905486e-05,-1.8179417e-06,1.0,198,0.601,0,0,0.0,False,1.0427887798387272,0.01467716385181328
0.5913284278940409,16:31:55.957790,16:30:29.194301,0,,NaN,NaN,NaN,NaN,NaN,NaN,NaN,NaN,NaN,NaN,NaN,NaN,,0.11378251,-0.0067693777,0.030580759,-0.24558194,-0.9276566,0.281323,-0.7124194,0.36952248,0.59658355,-0.65737987,-0.053909786,-0.75162864,,0.057572454,1.3275592,0.4376197,0.9967451,0.07918965,-0.015104519,0.043217022,-0.68303335,-0.7291075,-0.06805465,0.72608155,-0.68423253,,NaN,NaN,NaN,NaN,NaN,NaN,NaN,NaN,NaN,NaN,NaN,NaN,,-0.06763192,0.4585494,-0.29442358,0.31448302,0.935458,-0.1613034,-0.8778157,0.22190793,-0.42449555,-0.36130324,0.2750913,0.890946,,NaN,NaN,NaN,NaN,NaN,NaN,NaN,,-1.4841702492342148,0.04333225415727372,0.21433377376,0.5565171100079277,0.0550645094054725,0.48764397052680786,-0.15092991710807396,,0.0250542014123786,0.03182171558698661,0.08397132691999999,-0.11775085106328897,,-2.7097762e-05,3.8146973e-06,-5.00679e-06,1.0,1.7959625e-05,1.905486e-05,-1.79559e-05,1.0,1.7881393e-06,-1.905486e-05,-1.8179417e-06,1.0,214,0.649,0,0,0.0,False,1.0427887798387272,0.01419436184401901
0.6399742588400841,16:31:56.009273,16:30:29.294475,0,,NaN,NaN,NaN,NaN,NaN,NaN,NaN,NaN,NaN,NaN,NaN,NaN,,0.11357774,-0.006854791,0.030758679,-0.24718362,-0.9272841,0.28114808,-0.71142614,0.37066805,0.59705794,-0.657855,-0.052433126,-0.75131726,,0.057572454,1.3275592,0.4376197,0.9967451,0.07918965,-0.015104519,0.043217022,-0.68303335,-0.7291075,-0.06805465,0.72608155,-0.68423253,,NaN,NaN,NaN,NaN,NaN,NaN,NaN,NaN,NaN,NaN,NaN,NaN,,-0.067455485,0.4586904,-0.29459643,0.31615913,0.9349175,-0.16116044,-0.8776091,0.22369291,-0.42398563,-0.36034113,0.2754828,0.8912146,,NaN,NaN,NaN,NaN,NaN,NaN,NaN,,-1.484077576439724,0.0433554223558964,0.21404988625000002,0.5584043194992884,0.05465459990617618,0.48797822423789716,-0.15092991710807396,,0.0250542014123786,0.03182171558698661,0.08397132691999999,-0.11775085106328897,,-2.7097762e-05,3.8146973e-06,-5.00679e-06,1.0,1.7959625e-05,1.905486e-05,-1.79559e-05,1.0,1.7881393e-06,-1.905486e-05,-1.8179417e-06,1.0,230,0.699,0,0,0.0,False,1.042550468964643,0.01419436184401901
0.691445771837607,16:31:56.056046,16:30:29.294475,0,,NaN,NaN,NaN,NaN,NaN,NaN,NaN,NaN,NaN,NaN,NaN,NaN,,0.11334415,-0.006941337,0.030943751,-0.2492161,-0.9268799,0.28068662,-0.71044457,0.37194246,0.59743404,-0.6581489,-0.050522074,-0.75119084,,0.057572454,1.3275592,0.4376197,0.9967451,0.07918965,-0.015104519,0.043217022,-0.68303335,-0.7291075,-0.06805465,0.72608155,-0.68423253,,NaN,NaN,NaN,NaN,NaN,NaN,NaN,NaN,NaN,NaN,NaN,NaN,,-0.06725149,0.4588404,-0.29477587,0.31823695,0.9342897,-0.16071105,-0.8772002,0.22591697,-0.42365244,-0.35950676,0.27579764,0.89145416,,NaN,NaN,NaN,NaN,NaN,NaN,NaN,,-1.4839153990493652,0.04341720421889019,0.21374136923000003,0.5605012189341336,0.05383478090758354,0.4884833741797946,-0.1512566052403425,,0.0250542014123786,0.03182171558698661,0.08397132691999999,-0.11775085106328897,,-2.7097762e-05,3.8146973e-06,-5.00679e-06,1.0,1.7959625e-05,1.905486e-05,-1.79559e-05,1.0,1.7881393e-06,-1.905486e-05,-1.8179417e-06,1.0,245,0.745,0,0,0.0,False,1.0430866684313322,0.01448404304869566
0.7382364547811449,16:31:56.103025,16:30:29.382994,0,,NaN,NaN,NaN,NaN,NaN,NaN,NaN,NaN,NaN,NaN,NaN,NaN,,0.11313353,-0.007000629,0.03110677,-0.2502563,-0.9268395,0.27989322,-0.7101567,0.3722183,0.5976045,-0.6580649,-0.049213707,-0.7513513,,0.057572454,1.3275592,0.4376197,0.9967451,0.07918965,-0.015104519,0.043217022,-0.68303335,-0.7291075,-0.06805465,0.72608155,-0.68423253,,NaN,NaN,NaN,NaN,NaN,NaN,NaN,NaN,NaN,NaN,NaN,NaN,,-0.06706655,0.45898065,-0.29491928,0.31926307,0.9340789,-0.15989913,-0.87688106,0.22719462,-0.42362985,-0.35937548,0.27546188,0.8916109,,NaN,NaN,NaN,NaN,NaN,NaN,NaN,,-1.4837454989261323,0.04354849067775201,0.21347174091,0.5613399787080716,0.05315159840875633,0.4891221424384173,-0.1514199493064769,,0.0250542014123786,0.03182171558698661,0.08397132691999999,-0.11775085106328897,,-2.7097762e-05,3.8146973e-06,-5.00679e-06,1.0,1.7959625e-05,1.905486e-05,-1.79559e-05,1.0,1.7881393e-06,-1.905486e-05,-1.8179417e-06,1.0,261,0.793,0,0,0.0,False,1.0433249793054165,0.014918564855710414
0.7851697208825499,16:31:56.153346,16:30:29.382994,0,,NaN,NaN,NaN,NaN,NaN,NaN,NaN,NaN,NaN,NaN,NaN,NaN,,0.112878926,-0.0070433356,0.031321645,-0.24892037,-0.92699564,0.28056642,-0.7104509,0.37164694,0.59761035,-0.6582539,-0.050571248,-0.7510954,,0.057572454,1.3275592,0.4376197,0.9967451,0.07918965,-0.015104519,0.043217022,-0.68303335,-0.7291075,-0.06805465,0.72608155,-0.68423253,,NaN,NaN,NaN,NaN,NaN,NaN,NaN,NaN,NaN,NaN,NaN,NaN,,-0.06684469,0.4591792,-0.2950748,0.31795818,0.9344036,-0.1606005,-0.8773284,0.225752,-0.42347485,-0.35944054,0.27554667,0.89155847,,NaN,NaN,NaN,NaN,NaN,NaN,NaN,,-1.4835447078714026,0.04380334086260142,0.21314377954000002,0.5602915289906492,0.053971417407348975,0.48812692005567654,-0.1507665730419397,,0.0250542014123786,0.03182171558698661,0.08397132691999999,-0.11775085106328897,,-2.7097762e-05,3.8146973e-06,-5.00679e-06,1.0,1.7959625e-05,1.905486e-05,-1.79559e-05,1.0,1.7881393e-06,-1.905486e-05,-1.8179417e-06,1.0,277,0.842,0,0,0.0,False,1.043027090712811,0.015111685658828478
0.8355260118842125,16:31:56.203811,16:30:29.482836,0,,NaN,NaN,NaN,NaN,NaN,NaN,NaN,NaN,NaN,NaN,NaN,NaN,,0.112573385,-0.007056121,0.0315547,-0.24264023,-0.92853975,0.28096175,-0.7140045,0.3669948,0.5962487,-0.65675217,-0.05593402,-0.7520293,,0.057572454,1.3275592,0.4376197,0.9967451,0.07918965,-0.015104519,0.043217022,-0.68303335,-0.7291075,-0.06805465,0.72608155,-0.68423253,,NaN,NaN,NaN,NaN,NaN,NaN,NaN,NaN,NaN,NaN,NaN,NaN,,-0.06657409,0.45941296,-0.29521608,0.31144398,0.93654364,-0.16089967,-0.8783033,0.21906719,-0.42496225,-0.36274785,0.27367064,0.8907965,,NaN,NaN,NaN,NaN,NaN,NaN,NaN,,-1.4831894621591881,0.04420492297206109,0.21277952205000003,0.5531620709121753,0.055884328404065146,0.4864037119236455,-0.15109326117420824,,0.0250542014123786,0.03182171558698661,0.08397132691999999,-0.11775085106328897,,-2.7097762e-05,3.8146973e-06,-5.00679e-06,1.0,1.7959625e-05,1.905486e-05,-1.79559e-05,1.0,1.7881393e-06,-1.905486e-05,-1.8179417e-06,1.0,296,0.9,0,0,0.0,False,1.0436228678980215,0.013614999434665265
0.8859872249886394,16:31:56.259242,16:30:29.482836,0,,NaN,NaN,NaN,NaN,NaN,NaN,NaN,NaN,NaN,NaN,NaN,NaN,,0.112218365,-0.007038716,0.031779885,-0.23120792,-0.9310576,0.28226694,-0.71981215,0.35889077,0.5941952,-0.6545329,-0.06579654,-0.753165,,0.057572454,1.3275592,0.4376197,0.9967451,0.07918965,-0.015104519,0.043217022,-0.68303335,-0.7291075,-0.06805465,0.72608155,-0.68423253,,NaN,NaN,NaN,NaN,NaN,NaN,NaN,NaN,NaN,NaN,NaN,NaN,,-0.06625265,0.45965892,-0.29533112,0.29967237,0.94017196,-0.16209012,-0.8802327,0.20694311,-0.4270421,-0.36794955,0.27064973,0.8895852,,NaN,NaN,NaN,NaN,NaN,NaN,NaN,,-1.4825716435292502,0.044668286944514565,0.21239841279000002,0.5407903642465883,0.060120059896793795,0.48303143564919704,-0.1512566052403425,,0.0250542014123786,0.03182171558698661,0.08397132691999999,-0.11775085106328897,,-2.7097762e-05,3.8146973e-06,-5.00679e-06,1.0,1.7959625e-05,1.905486e-05,-1.79559e-05,1.0,1.7881393e-06,-1.905486e-05,-1.8179417e-06,1.0,312,0.948,0,0,0.0,False,1.043027090712811,0.01448404304869566
0.9413534018676728,16:31:56.306646,16:30:29.482836,0,,NaN,NaN,NaN,NaN,NaN,NaN,NaN,NaN,NaN,NaN,NaN,NaN,,0.11178848,-0.0070261247,0.031960547,-0.22658494,-0.93196607,0.28301618,-0.7212734,0.355825,0.59426713,-0.65454113,-0.06948003,-0.75282705,,0.057572454,1.3275592,0.4376197,0.9967451,0.07918965,-0.015104519,0.043217022,-0.68303335,-0.7291075,-0.06805465,0.72608155,-0.68423253,,NaN,NaN,NaN,NaN,NaN,NaN,NaN,NaN,NaN,NaN,NaN,NaN,,-0.06585112,0.45987153,-0.29543683,0.2950578,0.94149464,-0.16287626,-0.8814106,0.20239376,-0.42679283,-0.36885804,0.2694894,0.88956124,,NaN,NaN,NaN,NaN,NaN,NaN,NaN,,-1.4815599655227267,0.04515481911559071,0.2119952666,0.5365965653768978,0.0628527898921026,0.48096643505554965,-0.15125660524034268,,0.0250542014123786,0.03182171558698661,0.08397132691999999,-0.11775085106328897,,-2.7097762e-05,3.8146973e-06,-5.00679e-06,1.0,1.7959625e-05,1.905486e-05,-1.79559e-05,1.0,1.7881393e-06,-1.905486e-05,-1.8179417e-06,1.0,328,0.998,0,0,0.0,False,1.043027090712811,0.014435762847916145
0.9888367149978876,16:31:56.354961,16:30:29.619136,0,,NaN,NaN,NaN,NaN,NaN,NaN,NaN,NaN,NaN,NaN,NaN,NaN,,0.11145112,-0.0069626607,0.03210467,-0.22548367,-0.932243,0.28298384,-0.7208562,0.35504144,0.59524107,-0.65538037,-0.06977346,-0.7520693,,0.057619862,1.3275591,0.43760997,0.99674803,0.079143874,-0.015153387,0.043150216,-0.68303865,-0.7291065,-0.06805465,0.72608155,-0.68423253,,NaN,NaN,NaN,NaN,NaN,NaN,NaN,NaN,NaN,NaN,NaN,NaN,,-0.06557617,0.46006966,-0.29547802,0.29403344,0.9418112,-0.16289867,-0.8820992,0.2017669,-0.4256655,-0.36802897,0.26885268,0.89009714,,NaN,NaN,NaN,NaN,NaN,NaN,NaN,,-1.4799922507492593,0.045641351286666854,0.21156619461,0.5363868754334133,0.06462906438905333,0.4795996810476368,-0.15109326117420835,,0.0250542014123786,0.03182171558698661,0.08397132691999999,-0.11775085106328897,,2.0809472e-05,5.9604645e-07,9.536743e-07,1.0,-2.7898699e-05,-2.9612333e-05,2.790615e-05,1.0,-2.771616e-06,2.9608607e-05,2.7418137e-06,1.0,344,1.047,0,0,0.0,False,1.0431462461498535,0.014387482647136629
1.0371395519468933,16:31:56.406216,16:30:29.619136,0,,NaN,NaN,NaN,NaN,NaN,NaN,NaN,NaN,NaN,NaN,NaN,NaN,,0.11075457,-0.006946359,0.032187283,-0.22691156,-0.93164873,0.28379843,-0.7193628,0.35676563,0.5960164,-0.6565274,-0.068911016,-0.75114775,,0.057619862,1.3275591,0.43760997,0.99674803,0.079143874,-0.015153387,0.043150216,-0.68303865,-0.7291065,-0.06805465,0.72608155,-0.68423253,,NaN,NaN,NaN,NaN,NaN,NaN,NaN,NaN,NaN,NaN,NaN,NaN,,-0.06489713,0.4602265,-0.2955591,0.2956415,0.94114935,-0.16381097,-0.8822786,0.20324728,-0.42458794,-0.36630654,0.27005276,0.8904443,,NaN,NaN,NaN,NaN,NaN,NaN,NaN,,-1.477714044551363,0.04623600171798214,0.21105286377000002,0.5384837748682585,0.0655855198874114,0.4769411446985289,-0.15092991710807402,,0.0250542014123786,0.03182171558698661,0.08397132691999999,-0.11775085106328897,,2.0809472e-05,5.9604645e-07,9.536743e-07,1.0,-2.7898699e-05,-2.9612333e-05,2.790615e-05,1.0,-2.771616e-06,2.9608607e-05,2.7418137e-06,1.0,360,1.096,0,0,0.0,False,1.0429675129942906,0.01419436184401901
1.0883910257834941,16:31:56.458276,16:30:29.721422,0,,NaN,NaN,NaN,NaN,NaN,NaN,NaN,NaN,NaN,NaN,NaN,NaN,,0.10997914,-0.006884072,0.032182574,-0.22205645,-0.93292844,0.2834346,-0.7224892,0.35264075,0.5946881,-0.6547521,-0.072724104,-0.752337,,0.057619862,1.3275591,0.43760997,0.99674803,0.079143874,-0.015153387,0.043150216,-0.68303865,-0.7291065,-0.06805465,0.72608155,-0.68423253,,NaN,NaN,NaN,NaN,NaN,NaN,NaN,NaN,NaN,NaN,NaN,NaN,,-0.06412691,0.46033564,-0.29556686,0.29051217,0.94282997,-0.16332285,-0.8826611,0.19814299,-0.4262027,-0.3694754,0.2679758,0.8897623,,NaN,NaN,NaN,NaN,NaN,NaN,NaN,,-1.474825742456403,0.04690787947803967,0.21056286615000003,0.5321930765637228,0.06749843088412759,0.47366604050382716,-0.15141994930647695,,0.0250542014123786,0.03182171558698661,0.08397132691999999,-0.11775085106328897,,2.0809472e-05,5.9604645e-07,9.536743e-07,1.0,-2.7898699e-05,-2.9612333e-05,2.790615e-05,1.0,-2.771616e-06,2.9608607e-05,2.7418137e-06,1.0,376,1.146,0,0,0.0,False,1.043027090712811,0.014339202446357113
1.1404433129355311,16:31:56.506220,16:30:29.721422,0,,NaN,NaN,NaN,NaN,NaN,NaN,NaN,NaN,NaN,NaN,NaN,NaN,,0.10931611,-0.0067641474,0.032153785,-0.20527864,-0.93701077,0.28261507,-0.73233974,0.33862454,0.59077233,-0.64926046,-0.08569727,-0.7557227,,0.057619862,1.3275591,0.43760997,0.99674803,0.079143874,-0.015153387,0.043150216,-0.68303865,-0.7291065,-0.06805465,0.72608155,-0.68423253,,NaN,NaN,NaN,NaN,NaN,NaN,NaN,NaN,NaN,NaN,NaN,NaN,,-0.06346329,0.4604374,-0.29550302,0.27289832,0.9482793,-0.16215073,-0.8841188,0.18075506,-0.43088463,-0.37928942,0.26094818,0.88771933,,NaN,NaN,NaN,NaN,NaN,NaN,NaN,,-1.4721922905462925,0.04760292543671988,0.21018564576,0.5120628419892085,0.07241734487568344,0.4693282810101938,-0.15076657304193986,,0.0250542014123786,0.03182171558698661,0.08397132691999999,-0.11775085106328897,,2.0809472e-05,5.9604645e-07,9.536743e-07,1.0,-2.7898699e-05,-2.9612333e-05,2.790615e-05,1.0,-2.771616e-06,2.9608607e-05,2.7418137e-06,1.0,405,1.235,0,0,0.0,False,1.0433845570239373,0.013421878631547202
1.1883973858784884,16:31:56.592578,16:30:29.822626,0,,NaN,NaN,NaN,NaN,NaN,NaN,NaN,NaN,NaN,NaN,NaN,NaN,,0.108258665,-0.0064774193,0.032081485,-0.19444971,-0.9398023,0.28099954,-0.7368107,0.329046,0.59062576,-0.6475333,-0.09219641,-0.7564393,,0.057619862,1.3275591,0.43760997,0.99674803,0.079143874,-0.015153387,0.043150216,-0.68303865,-0.7291065,-0.06805465,0.72608155,-0.68423253,,NaN,NaN,NaN,NaN,NaN,NaN,NaN,NaN,NaN,NaN,NaN,NaN,,-0.06239887,0.4606196,-0.29530442,0.26182485,0.9516834,-0.16045704,-0.8858095,0.17096497,-0.43140766,-0.383131,0.2550876,0.88777304,,NaN,NaN,NaN,NaN,NaN,NaN,NaN,,-1.4678366692052298,0.0492478675389297,0.20963472251,0.5005298950975596,0.07760953186677018,0.465421115630292,-0.15141994930647695,,0.0250542014123786,0.03182171558698661,0.08397132691999999,-0.11775085106328897,,2.0809472e-05,5.9604645e-07,9.536743e-07,1.0,-2.7898699e-05,-2.9612333e-05,2.790615e-05,1.0,-2.771616e-06,2.9608607e-05,2.7418137e-06,1.0,417,1.272,0,0,0.0,False,1.0436228678980215,0.013808120237783328
1.2747252199333161,16:31:56.636853,16:30:29.906729,0,,NaN,NaN,NaN,NaN,NaN,NaN,NaN,NaN,NaN,NaN,NaN,NaN,,0.10774103,-0.006235633,0.032027006,-0.19597799,-0.94096744,0.27599412,-0.7379848,0.32686347,0.59037167,-0.64573294,-0.087979585,-0.7584778,,0.057619862,1.3275591,0.43760997,0.99674803,0.079143874,-0.015153387,0.043150216,-0.68303865,-0.7291065,-0.06805465,0.72608155,-0.68423253,,NaN,NaN,NaN,NaN,NaN,NaN,NaN,NaN,NaN,NaN,NaN,NaN,,-0.06187265,0.460738,-0.29510835,0.26306388,0.95220864,-0.15522915,-0.8845833,0.17382996,-0.43277654,-0.38511008,0.25116098,0.88803625,,NaN,NaN,NaN,NaN,NaN,NaN,NaN,,-1.465674304000447,0.050715186785032354,0.20940916805,0.4999008252671061,0.07474016537169592,0.4675975341276357,-0.15141994930647684,,0.0250542014123786,0.03182171558698661,0.08397132691999999,-0.11775085106328897,,2.0809472e-05,5.9604645e-07,9.536743e-07,1.0,-2.7898699e-05,-2.9612333e-05,2.790615e-05,1.0,-2.771616e-06,2.9608607e-05,2.7418137e-06,1.0,437,1.333,1,1,0.009,False,1.0431462461498535,0.014049521241680019
1.319039232796058,16:31:56.694476,16:30:29.906729,0,,NaN,NaN,NaN,NaN,NaN,NaN,NaN,NaN,NaN,NaN,NaN,NaN,,0.1073321,-0.0060285814,0.031960845,-0.19862214,-0.94208187,0.27024186,-0.74065506,0.32486266,0.58812785,-0.6418562,-0.083340764,-0.7622827,,0.057619862,1.3275591,0.43760997,0.99674803,0.079143874,-0.015153387,0.043150216,-0.68303865,-0.7291065,-0.06805465,0.72608155,-0.68423253,,NaN,NaN,NaN,NaN,NaN,NaN,NaN,NaN,NaN,NaN,NaN,NaN,,-0.061453387,0.46081835,-0.29492882,0.26508775,0.95263106,-0.14907219,-0.8820783,0.177145,-0.43652895,-0.38944367,0.24721181,0.8872542,,NaN,NaN,NaN,NaN,NaN,NaN,NaN,,-1.463952134569495,0.05204349683939897,0.20925102067,0.49843299566271443,0.06913806888131287,0.4703687358960966,-0.1514199493064769,,0.0250542014123786,0.03182171558698661,0.08397132691999999,-0.11775085106328897,,2.0809472e-05,5.9604645e-07,9.536743e-07,1.0,-2.7898699e-05,-2.9612333e-05,2.790615e-05,1.0,-2.771616e-06,2.9608607e-05,2.7418137e-06,1.0,450,1.374,1,1,0.05,False,1.044039911927669,0.013228757828429583
1.3766635349020362,16:31:56.735745,16:30:29.994734,0,,NaN,NaN,NaN,NaN,NaN,NaN,NaN,NaN,NaN,NaN,NaN,NaN,,0.10699074,-0.005929757,0.03188777,-0.20221263,-0.94321805,0.26353288,-0.7431036,0.32304776,0.58603513,-0.63789266,-0.077328525,-0.7662332,,0.057619862,1.3275591,0.43760997,0.99674803,0.079143874,-0.015153387,0.043150216,-0.68303865,-0.7291065,-0.06805465,0.72608155,-0.68423253,,NaN,NaN,NaN,NaN,NaN,NaN,NaN,NaN,NaN,NaN,NaN,NaN,,-0.061102856,0.46083605,-0.2948369,0.26804274,0.95289296,-0.14194404,-0.8792922,0.18176118,-0.44023648,-0.39369833,0.24281247,0.8865911,,NaN,NaN,NaN,NaN,NaN,NaN,NaN,,-1.4625234289877633,0.05283121559256987,0.20910713248,0.4978039258322608,0.06326269939139893,0.4746696333141993,-0.15141994930647684,,0.0250542014123786,0.03182171558698661,0.08397132691999999,-0.11775085106328897,,2.0809472e-05,5.9604645e-07,9.536743e-07,1.0,-2.7898699e-05,-2.9612333e-05,2.790615e-05,1.0,-2.771616e-06,2.9608607e-05,2.7418137e-06,1.0,467,1.428,1,1,0.104,False,1.0435632901795007,0.013518439033106233
1.4178480508271605,16:31:56.785089,16:30:29.994734,0,,NaN,NaN,NaN,NaN,NaN,NaN,NaN,NaN,NaN,NaN,NaN,NaN,,0.10663645,-0.005929593,0.03175634,-0.20134693,-0.9446619,0.25898474,-0.7472503,0.319083,0.58292633,-0.6333059,-0.076156,-0.77014536,,0.057619862,1.3275591,0.43760997,0.99674803,0.079143874,-0.015153387,0.043150216,-0.68303865,-0.7291065,-0.06805465,0.72608155,-0.68423253,,NaN,NaN,NaN,NaN,NaN,NaN,NaN,NaN,NaN,NaN,NaN,NaN,,-0.060734104,0.46075878,-0.29480785,0.26645643,0.95406264,-0.13698705,-0.8772148,0.18115571,-0.44460857,-0.39936846,0.23863587,0.885188,,NaN,NaN,NaN,NaN,NaN,NaN,NaN,,-1.4608707641526795,0.052970224784305915,0.20896454058000002,0.49277136718863224,0.059983423397028356,0.47644519686136727,-0.1519099815048796,,0.0250542014123786,0.03182171558698661,0.08397132691999999,-0.11775085106328897,,2.0809472e-05,5.9604645e-07,9.536743e-07,1.0,-2.7898699e-05,-2.9612333e-05,2.790615e-05,1.0,-2.771616e-06,2.9608607e-05,2.7418137e-06,1.0,489,1.497,1,1,0.173,False,1.0431462461498535,0.015063405458049406
1.467254496878013,16:31:56.856123,16:30:30.137624,0,,NaN,NaN,NaN,NaN,NaN,NaN,NaN,NaN,NaN,NaN,NaN,NaN,,0.1059707,-0.005899895,0.031487286,-0.19615453,-0.9477846,0.2514508,-0.755161,0.30958915,0.57782906,-0.625504,-0.076542035,-0.77645737,,0.057619862,1.3275591,0.43760997,0.99674803,0.079143874,-0.015153387,0.043150216,-0.68303865,-0.7291065,-0.06805465,0.72608155,-0.68423253,,NaN,NaN,NaN,NaN,NaN,NaN,NaN,NaN,NaN,NaN,NaN,NaN,,-0.060037427,0.46060738,-0.29471722,0.26005214,0.9569661,-0.12879743,-0.87447846,0.17684537,-0.4516781,-0.4094634,0.23009044,0.88283527,,NaN,NaN,NaN,NaN,NaN,NaN,NaN,,-1.4576117708797567,0.053217352236281094,0.20872472693000002,0.48102873035349886,0.05670414740265779,0.4787925115895192,-0.1512566052403425,,0.0250542014123786,0.03182171558698661,0.08397132691999999,-0.11775085106328897,,2.0809472e-05,5.9604645e-07,9.536743e-07,1.0,-2.7898699e-05,-2.9612333e-05,2.790615e-05,1.0,-2.771616e-06,2.9608607e-05,2.7418137e-06,1.0,511,1.567,1,1,0.243,False,1.0429079352757693,0.01448404304869566
1.538307840935886,16:31:56.925548,16:30:30.137624,0,,NaN,NaN,NaN,NaN,NaN,NaN,NaN,NaN,NaN,NaN,NaN,NaN,,0.10531203,-0.005790714,0.03123957,-0.18680507,-0.9516919,0.24369243,-0.76380444,0.29670274,0.5732105,-0.61782414,-0.07905469,-0.7823322,,0.057619862,1.3275591,0.43760997,0.99674803,0.079143874,-0.015153387,0.043150216,-0.68303865,-0.7291065,-0.06805465,0.72608155,-0.68423253,,NaN,NaN,NaN,NaN,NaN,NaN,NaN,NaN,NaN,NaN,NaN,NaN,,-0.059348635,0.4605102,-0.29456475,0.24952868,0.9608493,-0.12043274,-0.87263864,0.16920014,-0.4581191,-0.41980618,0.21940811,0.8806945,,NaN,NaN,NaN,NaN,NaN,NaN,NaN,,-1.454352777606834,0.05377338900322526,0.20850435763000003,0.4659310544226131,0.05561105540453427,0.4812357508817613,-0.15141994930647684,,0.0250542014123786,0.03182171558698661,0.08397132691999999,-0.11775085106328897,,2.0809472e-05,5.9604645e-07,9.536743e-07,1.0,-2.7898699e-05,-2.9612333e-05,2.790615e-05,1.0,-2.771616e-06,2.9608607e-05,2.7418137e-06,1.0,524,1.608,1,1,0.284,False,1.043920756490627,0.01419436184401901
1.6077215359546244,16:31:56.969077,16:30:30.228607,0,,NaN,NaN,NaN,NaN,NaN,NaN,NaN,NaN,NaN,NaN,NaN,NaN,,0.10476358,-0.0056867786,0.031091034,-0.17615825,-0.95411927,0.24212506,-0.76928574,0.28690013,0.57086587,-0.61413985,-0.085700616,-0.7845302,,0.057619862,1.3275591,0.43760997,0.99674803,0.079143874,-0.015153387,0.043150216,-0.68303865,-0.7291065,-0.06805465,0.72608155,-0.68423253,,NaN,NaN,NaN,NaN,NaN,NaN,NaN,NaN,NaN,NaN,NaN,NaN,,-0.05878263,0.46048617,-0.29445198,0.23834382,0.9639069,-0.11864139,-0.8730378,0.15913858,-0.46095544,-0.4254377,0.21344429,0.8794568,,NaN,NaN,NaN,NaN,NaN,NaN,NaN,,-1.4517270484295977,0.05422130750993028,0.20828917349,0.4533496578135417,0.05889033139890483,0.47897011489374985,-0.15158329337261112,,0.0250542014123786,0.03182171558698661,0.08397132691999999,-0.11775085106328897,,2.0809472e-05,5.9604645e-07,9.536743e-07,1.0,-2.7898699e-05,-2.9612333e-05,2.790615e-05,1.0,-2.771616e-06,2.9608607e-05,2.7418137e-06,1.0,546,1.678,1,1,0.354,False,1.0430866684313322,0.014822004454151827
1.6511414640117437,16:31:57.040845,16:30:30.317162,0,,NaN,NaN,NaN,NaN,NaN,NaN,NaN,NaN,NaN,NaN,NaN,NaN,,0.10409742,-0.005664546,0.03093791,-0.17434266,-0.95475656,0.24092379,-0.769699,0.28473577,0.57139224,-0.61414015,-0.085820735,-0.7845169,,0.057619862,1.3275591,0.43760997,0.99674803,0.079143874,-0.015153387,0.043150216,-0.68303865,-0.7291065,-0.06805465,0.72608155,-0.68423253,,NaN,NaN,NaN,NaN,NaN,NaN,NaN,NaN,NaN,NaN,NaN,NaN,,-0.05810148,0.46043393,-0.29441985,0.23653519,0.9644993,-0.117440075,-0.8734248,0.15811935,-0.46057284,-0.42565262,0.21151677,0.87981844,,NaN,NaN,NaN,NaN,NaN,NaN,NaN,,-1.4486842916771532,0.0544143758317859,0.20797547131000002,0.45146244832218096,0.06107651539515188,0.47735078591488833,-0.15125660524034257,,0.0250542014123786,0.03182171558698661,0.08397132691999999,-0.11775085106328897,,2.0809472e-05,5.9604645e-07,9.536743e-07,1.0,-2.7898699e-05,-2.9612333e-05,2.790615e-05,1.0,-2.771616e-06,2.9608607e-05,2.7418137e-06,1.0,568,1.747,1,1,0.423,False,1.0435037124609798,0.015063405458049406
1.7229892699979246,16:31:57.103337,16:30:30.409377,0,,NaN,NaN,NaN,NaN,NaN,NaN,NaN,NaN,NaN,NaN,NaN,NaN,,0.10350291,-0.0055599697,0.03084302,-0.17731127,-0.9551052,0.23734912,-0.7695539,0.2848884,0.57151157,-0.6134717,-0.081317484,-0.7855189,,0.057619862,1.3275591,0.43760997,0.99674803,0.079143874,-0.015153387,0.043150216,-0.68303865,-0.7291065,-0.06805465,0.72608155,-0.68423253,,NaN,NaN,NaN,NaN,NaN,NaN,NaN,NaN,NaN,NaN,NaN,NaN,,-0.057497125,0.46046275,-0.2943344,0.23938815,0.96423644,-0.11376054,-0.8724424,0.16220848,-0.46101263,-0.42607224,0.20961048,0.8800715,,NaN,NaN,NaN,NaN,NaN,NaN,NaN,,-1.4461126216300364,0.05520981731783102,0.20769417638,0.4531399678700571,0.05916360439843572,0.4783388853856543,-0.15109326117420835,,0.0250542014123786,0.03182171558698661,0.08397132691999999,-0.11775085106328897,,2.0809472e-05,5.9604645e-07,9.536743e-07,1.0,-2.7898699e-05,-2.9612333e-05,2.790615e-05,1.0,-2.771616e-06,2.9608607e-05,2.7418137e-06,1.0,590,1.817,1,1,0.49,False,1.0435037124609798,0.014822004454151827
1.785440371837467,16:31:57.176417,16:30:30.409377,0,,NaN,NaN,NaN,NaN,NaN,NaN,NaN,NaN,NaN,NaN,NaN,NaN,,0.10308787,-0.005382795,0.030805945,-0.17881693,-0.95511985,0.23615742,-0.77022123,0.28524274,0.5704348,-0.6121959,-0.07989003,-0.78665996,,0.057619862,1.3275591,0.43760997,0.99674803,0.079143874,-0.015153387,0.043150216,-0.68303865,-0.7291065,-0.06805465,0.72608155,-0.68423253,,NaN,NaN,NaN,NaN,NaN,NaN,NaN,NaN,NaN,NaN,NaN,NaN,,-0.05707652,0.46055588,-0.294195,0.24068896,0.96406597,-0.11245261,-0.87145233,0.16363314,-0.46237975,-0.42736363,0.2092868,0.87952226,,NaN,NaN,NaN,NaN,NaN,NaN,NaN,,-1.4443672840004615,0.0563373363174678,0.20751269578000003,0.4531399678700571,0.056840783902423225,0.4772108763632926,-0.15125660524034257,,0.0250542014123786,0.03182171558698661,0.08397132691999999,-0.11775085106328897,,2.0809472e-05,5.9604645e-07,9.536743e-07,1.0,-2.7898699e-05,-2.9612333e-05,2.790615e-05,1.0,-2.771616e-06,2.9608607e-05,2.7418137e-06,1.0,603,1.858,1,2,0.496,False,1.0435037124609798,0.014097801442459978
1.8586067198775709,16:31:57.220536,16:30:30.518202,0,,NaN,NaN,NaN,NaN,NaN,NaN,NaN,NaN,NaN,NaN,NaN,NaN,,0.102813065,-0.005284477,0.030768692,-0.17530538,-0.95615625,0.23459128,-0.7729845,0.2812463,0.56867874,-0.60972375,-0.081642956,-0.78839797,,0.057619862,1.3275591,0.43760997,0.99674803,0.079143874,-0.015153387,0.043150216,-0.68303865,-0.7291065,-0.06805465,0.72608155,-0.68423253,,NaN,NaN,NaN,NaN,NaN,NaN,NaN,NaN,NaN,NaN,NaN,NaN,,-0.05679679,0.46059775,-0.29411393,0.2368048,0.96522886,-0.11071002,-0.8709065,0.16038202,-0.46454227,-0.43063372,0.20642391,0.8786033,,NaN,NaN,NaN,NaN,NaN,NaN,NaN,,-1.4431702604049568,0.05692426401590886,0.20739602968,0.44789771928294403,0.056430874403126906,0.47672834267297626,-0.15125660524034262,,0.0250542014123786,0.03182171558698661,0.08397132691999999,-0.11775085106328897,,2.0809472e-05,5.9604645e-07,9.536743e-07,1.0,-2.7898699e-05,-2.9612333e-05,2.790615e-05,1.0,-2.771616e-06,2.9608607e-05,2.7418137e-06,1.0,625,1.927,0,2,0.534,False,1.0431462461498535,0.01414608164323905
1.9027014269959182,16:31:57.283367,16:30:30.518202,0,,NaN,NaN,NaN,NaN,NaN,NaN,NaN,NaN,NaN,NaN,NaN,NaN,,0.10253926,-0.0052576847,0.030695379,-0.15399103,-0.960219,0.23295066,-0.7852656,0.26202837,0.5609804,-0.5997038,-0.09654219,-0.7943771,,0.057619862,1.3275591,0.43760997,0.99674803,0.079143874,-0.015153387,0.043150216,-0.68303865,-0.7291065,-0.06805465,0.72608155,-0.68423253,,NaN,NaN,NaN,NaN,NaN,NaN,NaN,NaN,NaN,NaN,NaN,NaN,,-0.056514975,0.46057513,-0.29408038,0.2140207,0.9707882,-0.10846858,-0.8699616,0.13892674,-0.47314492,-0.4442543,0.1956263,0.8742817,,NaN,NaN,NaN,NaN,NaN,NaN,NaN,,-1.4418882867478355,0.05695515494740576,0.20728325245,0.4212670964604094,0.059436877397966596,0.47403211257123334,-0.152073325571014,,0.0250542014123786,0.03182171558698661,0.08397132691999999,-0.11775085106328897,,2.0809472e-05,5.9604645e-07,9.536743e-07,1.0,-2.7898699e-05,-2.9612333e-05,2.790615e-05,1.0,-2.771616e-06,2.9608607e-05,2.7418137e-06,1.0,638,1.968,0,2,0.534,False,1.0433845570239373,0.014387482647136629
1.9654794267844409,16:31:57.332370,16:30:30.597407,0,,NaN,NaN,NaN,NaN,NaN,NaN,NaN,NaN,NaN,NaN,NaN,NaN,,0.10222982,-0.0052483417,0.03061074,-0.14436735,-0.96194524,0.23198974,-0.7885492,0.25347173,0.5603056,-0.59778625,-0.10204545,-0.7951342,,0.057619862,1.3275591,0.43760997,0.99674803,0.079143874,-0.015153387,0.043150216,-0.68303865,-0.7291065,-0.06805465,0.72608155,-0.68423253,,NaN,NaN,NaN,NaN,NaN,NaN,NaN,NaN,NaN,NaN,NaN,NaN,,-0.056196768,0.4605385,-0.2940603,0.20414525,0.9730279,-0.10743117,-0.8708126,0.13036443,-0.47401538,-0.44722497,0.1903204,0.8739382,,NaN,NaN,NaN,NaN,NaN,NaN,NaN,,-1.4403823538373617,0.05687020488578929,0.20715103087000003,0.4114116691166368,0.06380924539046068,0.47291710185716473,-0.15207332557101394,,0.0250542014123786,0.03182171558698661,0.08397132691999999,-0.11775085106328897,,2.0809472e-05,5.9604645e-07,9.536743e-07,1.0,-2.7898699e-05,-2.9612333e-05,2.790615e-05,1.0,-2.771616e-06,2.9608607e-05,2.7418137e-06,1.0,656,2.026,1,3,0.551,False,1.0431462461498535,0.014242642044798082
2.014550354797393,16:31:57.382692,16:30:30.597407,0,,NaN,NaN,NaN,NaN,NaN,NaN,NaN,NaN,NaN,NaN,NaN,NaN,,0.10184057,-0.005232651,0.030491054,-0.14233537,-0.96233827,0.23161471,-0.788684,0.25165597,0.56093395,-0.5980954,-0.102830045,-0.79480046,,0.057619862,1.3275591,0.43760997,0.99674803,0.079143874,-0.015153387,0.043150216,-0.68303865,-0.7291065,-0.06805465,0.72608155,-0.68423253,,NaN,NaN,NaN,NaN,NaN,NaN,NaN,NaN,NaN,NaN,NaN,NaN,,-0.05579459,0.46048248,-0.29402563,0.20217139,0.9734776,-0.1070891,-0.8713701,0.12888923,-0.47339386,-0.4470357,0.18902093,0.874317,,NaN,NaN,NaN,NaN,NaN,NaN,NaN,,-1.4384748388174282,0.05690881855016041,0.20699417978,0.40973414956876053,0.06599542938670773,0.47154280909872476,-0.15223666963714833,,0.0250542014123786,0.03182171558698661,0.08397132691999999,-0.11775085106328897,,2.0809472e-05,5.9604645e-07,9.536743e-07,1.0,-2.7898699e-05,-2.9612333e-05,2.790615e-05,1.0,-2.771616e-06,2.9608607e-05,2.7418137e-06,1.0,678,2.095,1,3,0.62,False,1.0427887798387272,0.013518439033106233
