Task Time,PC1 Time,PC2 Time,Gaze Calib,s_T_psm1,Tx,Ty,Tz,R00,R01,R02,R10,R11,R12,R20,R21,R22,s_T_psm3,Tx,Ty,Tz,R00,R01,R02,R10,R11,R12,R20,R21,R22,cart_T_ecm,Tx,Ty,Tz,R00,R01,R02,R10,R11,R12,R20,R21,R22,ecm_T_psm1,Tx,Ty,Tz,R00,R01,R02,R10,R11,R12,R20,R21,R22,ecm_T_psm3,Tx,Ty,Tz,R00,R01,R02,R10,R11,R12,R20,R21,R22,psm1_joints,q1,q2,q3,q4,q5,q6,jaw,psm3_joints,q1,q2,q3,q4,q5,q6,jaw,ecm_joints,q1,q2,q3,q4,ecmi_T_ecm,Tx,Ty,Tz,R00,R01,R02,R10,R11,R12,R20,R21,R22,Sample #,Task Duration (s),Collisions (binary),Collisions (increments),Cumulative Collision Time (s),Clutch Press,MTMR Angle,MTML Angle
""
lci_T_si,,,,,-0.056820054,0.035184894,0.23501265,0.9960807,-0.004387094,0.0883404,0.06195223,-0.6782408,-0.7322236,0.0631284,0.7348266,-0.67531073
rci_T_si,,,,,-0.06650407,0.039561197,0.2456612,0.99437594,-0.020144738,0.1039743,0.06376301,-0.6699987,-0.73961884,0.08456207,0.7420889,-0.6649461
ecm_T_lc,,,,,-4.4061628e-05,-0.00034663224,-0.01840835,-0.99912,0.030754527,0.028518902,-0.031987965,-0.99852574,-0.043852776,0.027128186,-0.04472645,0.9986309
ecm_T_rc,,,,,-0.0043358393,0.01870579,-0.007592615,-0.99555075,-0.052743673,-0.078081585,0.04863213,-0.9973746,0.053654674,-0.08070653,0.04961868,0.9955021
cart_T_ecmi,,,,,0.057681564,1.3275611,0.43760413,0.9967665,0.07914106,-0.013899233,0.044067647,-0.68306047,-0.72903115,-0.06719031,0.72606134,-0.6843394
ecmac_T_ecmrep_psm1,,,,,-0.0025980123,-0.29326126,-0.2805022,0.9974786,0.061531033,0.035360787,-0.060258932,0.9975341,-0.035980776,-0.037487525,0.033759248,0.99872667
ecmac_T_ecmrep_psm3,,,,,-0.0114122145,-0.5209516,-0.5025674,0.9999053,0.010122195,-0.009323479,-0.0077519584,0.9740634,0.22614253,0.011370718,-0.22604884,0.9740496
""
0,16:14:06.827414,16:12:40.078362,0,,0.11565994,-0.0033363998,0.004414603,0.28541937,-0.9576277,-0.03853261,-0.6892739,-0.23303987,0.68599844,-0.6659108,-0.16923773,-0.72658193,,0.10345394,0.0013474561,0.01948762,-0.17132355,0.37542343,0.9108816,-0.96509475,0.12194377,-0.23177983,-0.19809183,-0.91879654,0.34142736,,0.057688825,1.3275638,0.4376148,0.9967674,0.07912748,-0.013913721,0.04404784,-0.6830621,-0.72903085,-0.06719031,0.72606134,-0.6843394,,-0.07635268,0.26312643,-0.049440138,-0.25711733,0.9616272,0.09572776,-0.965111,-0.25044152,-0.07641849,-0.04951189,-0.11203643,0.99246985,,-0.056436416,0.45409012,-0.28179413,0.16845097,-0.25140432,-0.95311075,-0.59805113,-0.79469216,0.10391945,-0.78355545,0.55250365,-0.2842193,,1.0720079957368527,0.27240395667252115,0.18985074453000003,-1.0404814995702099,0.09004345334542525,-0.018536285161483895,0.8559229065436232,,-1.413252393250211,0.0901783517723196,0.21954615585000004,0.15810621738733138,-0.3191828634520689,-1.3331166396272476,-0.14570290699177701,,0.0250542014123786,0.03150755632162763,0.0839748988,-0.11775085106328897,,6.6310167e-06,6.4969063e-06,-9.179115e-06,0.99999994,-1.360476e-05,-1.4424324e-05,1.3601035e-05,1.0,-1.3709068e-06,1.4428049e-05,1.3113022e-06,1.0,38,0.115,1,1,0.091,False,1.031171124727126,0.009849143773867475
0.12733501801267266,16:14:06.863337,16:12:40.078362,0,,0.11565092,-0.0033359826,0.004402086,0.28541386,-0.95762736,-0.03857973,-0.68929255,-0.23307408,0.68596804,-0.6658938,-0.1691921,-0.72660816,,0.1033829,0.0013836063,0.01961881,-0.17062545,0.3779463,0.90996885,-0.9649478,0.122801155,-0.23193859,-0.19940546,-0.9176473,0.34374547,,0.057688825,1.3275638,0.4376148,0.9967674,0.07912748,-0.013913721,0.04404784,-0.6830621,-0.72903085,-0.06719031,0.72606134,-0.6843394,,-0.07634292,0.26311773,-0.04943193,-0.25711322,0.9616235,0.095775805,-0.9651108,-0.2504307,-0.07645676,-0.04953742,-0.11209231,0.9924623,,-0.056381755,0.45422983,-0.28182682,0.1679308,-0.25402865,-0.95250654,-0.5992162,-0.79354036,0.1059889,-0.7827766,0.55295855,-0.28547794,,1.0720157184697268,0.2723421748095273,0.18986111485,-1.0404814995702099,0.09004345334542525,-0.018536285161483895,0.8559229065436232,,-1.4133450660447018,0.0905567656831566,0.21941911943000003,0.15831590733081588,-0.31808977145394535,-1.3356415576596303,-0.14766303578538875,,0.0250542014123786,0.03150755632162763,0.0839748988,-0.11775085106328897,,6.6310167e-06,6.4969063e-06,-9.179115e-06,0.99999994,-1.360476e-05,-1.4424324e-05,1.3601035e-05,1.0,-1.3709068e-06,1.4428049e-05,1.3113022e-06,1.0,46,0.14,1,1,0.116,False,1.0312307024456469,0.010235385380103157
0.1632560349535197,16:14:06.894017,16:12:40.078362,0,,0.11564407,-0.003340155,0.004392445,0.2854137,-0.9576259,-0.038616393,-0.68931884,-0.23310688,0.68593043,-0.66586673,-0.16915497,-0.72664165,,0.103289604,0.0013625659,0.019766867,-0.17083406,0.38041165,0.9089018,-0.96469223,0.12309903,-0.23284209,-0.20046067,-0.916588,0.34595078,,0.057688825,1.3275638,0.4376148,0.9967674,0.07912748,-0.013913721,0.04404784,-0.6830621,-0.72903085,-0.06719031,0.72606134,-0.6843394,,-0.07633557,0.26310802,-0.04942895,-0.25711522,0.9616192,0.09581374,-0.96510834,-0.25042528,-0.07650556,-0.04957503,-0.11214138,0.9924548,,-0.056308765,0.45436054,-0.2819198,0.16827954,-0.2566,-0.95175546,-0.6000114,-0.7927176,0.10763446,-0.7820923,0.55295146,-0.2873611,,1.0720079957368527,0.27228039294653356,0.18986630001000002,-1.0404814995702099,0.09004345334542525,-0.018536285161483895,0.8559229065436232,,-1.4134454615720666,0.09074983400501221,0.21924800915000003,0.15915466710475398,-0.3175432254548836,-1.3383742339983518,-0.1452128747933743,,0.0250542014123786,0.03150755632162763,0.0839748988,-0.11775085106328897,,6.6310167e-06,6.4969063e-06,-9.179115e-06,0.99999994,-1.360476e-05,-1.4424324e-05,1.3601035e-05,1.0,-1.3709068e-06,1.4428049e-05,1.3113022e-06,1.0,59,0.179,1,1,0.155,False,1.0306349252604363,0.010042264576985094
0.19387236097827554,16:14:06.931769,16:12:40.183193,0,,0.115637794,-0.0033411086,0.0043854564,0.28540394,-0.9576272,-0.038658317,-0.68924254,-0.23310988,0.68600607,-0.6659498,-0.16914387,-0.726568,,0.10318278,0.0013394542,0.019980192,-0.16988623,0.38523838,0.90704453,-0.9639387,0.12636247,-0.23421073,-0.20484328,-0.91412467,0.34987897,,0.057688825,1.3275638,0.4376148,0.9967674,0.07912748,-0.013913721,0.04404784,-0.6830621,-0.72903085,-0.06719031,0.72606134,-0.6843394,,-0.076328896,0.2631024,-0.049425334,-0.2570989,0.9616197,0.0958525,-0.9651184,-0.25041902,-0.07639891,-0.04946341,-0.11215109,0.9924593,,-0.056230757,0.4545494,-0.2820451,0.16792081,-0.2616097,-0.95045406,-0.6036383,-0.7895396,0.11067108,-0.7793737,0.5551465,-0.29049775,,1.0720079957368527,0.2722340565492882,0.18987148517000002,-1.0404814995702099,0.0901800898451907,-0.01856602432503973,0.8560862506097575,,-1.4136771435582933,0.09091201139537093,0.21901208437000003,0.1610418765961147,-0.31358076696168585,-1.3432389280083592,-0.14570290699177724,,0.0250542014123786,0.03150755632162763,0.0839748988,-0.11775085106328897,,6.6310167e-06,6.4969063e-06,-9.179115e-06,0.99999994,-1.360476e-05,-1.4424324e-05,1.3601035e-05,1.0,-1.3709068e-06,1.4428049e-05,1.3113022e-06,1.0,67,0.205,1,1,0.181,False,1.0308732361345205,0.009849143773867475
0.23169162101112306,16:14:06.956182,16:12:40.183193,0,,0.11563383,-0.0033405572,0.0043844134,0.28539786,-0.9576282,-0.038679253,-0.68924063,-0.23311967,0.68600476,-0.6659545,-0.16912499,-0.72656816,,0.10308521,0.0012786426,0.020159781,-0.16898987,0.3884409,0.90584534,-0.963958,0.12648022,-0.23406777,-0.20549288,-0.91275215,0.35306686,,0.057688825,1.3275638,0.4376148,0.9967674,0.07912748,-0.013913721,0.04404784,-0.6830621,-0.72903085,-0.06719031,0.72606134,-0.6843394,,-0.07632487,0.26310214,-0.049424436,-0.25709257,0.9616193,0.09587337,-0.9651203,-0.25041157,-0.07639928,-0.049459223,-0.112171024,0.9924573,,-0.05615866,0.4546903,-0.28218797,0.16711462,-0.2649569,-0.94966865,-0.6043122,-0.7885966,0.11367617,-0.7790247,0.5548994,-0.2919027,,1.0720157184697268,0.27221861108353973,0.18987278146000003,-1.0404814995702099,0.0901800898451907,-0.01856602432503973,0.8560862506097575,,-1.4138547664144006,0.09097379325836473,0.21880078910000003,0.16062249670914566,-0.31262431146332775,-1.34630585805817,-0.14504953072724014,,0.0250542014123786,0.03150755632162763,0.0839748988,-0.11775085106328897,,6.6310167e-06,6.4969063e-06,-9.179115e-06,0.99999994,-1.360476e-05,-1.4424324e-05,1.3601035e-05,1.0,-1.3709068e-06,1.4428049e-05,1.3113022e-06,1.0,88,0.27,1,1,0.246,False,1.0312307024456469,0.009849143773867475
0.25609352090395987,16:14:07.017585,16:12:40.183193,0,,0.115633994,-0.0033427477,0.004377708,0.28520498,-0.9576801,-0.038816527,-0.68931174,-0.23308529,0.685945,-0.6659634,-0.16887826,-0.7266173,,0.102854736,0.0011495091,0.02061528,-0.16976449,0.3982811,0.9014166,-0.96294606,0.12746486,-0.23767132,-0.20955887,-0.9083638,0.36188424,,0.057688825,1.3275638,0.4376148,0.9967674,0.07912748,-0.013913721,0.04404784,-0.6830621,-0.72903085,-0.06719031,0.72606134,-0.6843394,,-0.07632466,0.2630957,-0.049421564,-0.25690088,0.9616567,0.09601224,-0.9651684,-0.2502041,-0.07647126,-0.04951645,-0.11231352,0.9924383,,-0.055991955,0.45505744,-0.28252664,0.16843024,-0.27524617,-0.94650453,-0.60736686,-0.7852637,0.12027611,-0.7763612,0.55461735,-0.29943755,,1.0720002730039784,0.2721954428849171,0.18987667033000002,-1.0402718096267254,0.0901800898451907,-0.01840266684475861,0.8564129387420261,,-1.4144108031813447,0.09121319797746569,0.21828356939000002,0.16376784586141352,-0.31002821796778435,-1.356999065943161,-0.1458662510579114,,0.0250542014123786,0.03150755632162763,0.0839748988,-0.11775085106328897,,6.6310167e-06,6.4969063e-06,-9.179115e-06,0.99999994,-1.360476e-05,-1.4424324e-05,1.3601035e-05,1.0,-1.3709068e-06,1.4428049e-05,1.3113022e-06,1.0,96,0.294,1,1,0.27,False,1.0309923915715626,0.010042264576985094
0.31750741484574974,16:14:07.049440,16:12:40.183193,0,,0.11562951,-0.0033422709,0.004373297,0.28580064,-0.9574994,-0.038895003,-0.68916225,-0.23356916,0.68593055,-0.6658628,-0.16923445,-0.72662675,,0.1027838,0.0011054762,0.020770192,-0.17051536,0.40151852,0.89983726,-0.9625932,0.12727371,-0.23919839,-0.21056807,-0.9069643,0.36479688,,0.057688825,1.3275638,0.4376148,0.9967674,0.07912748,-0.013913721,0.04404784,-0.6830621,-0.72903085,-0.06719031,0.72606134,-0.6843394,,-0.076319896,0.2630929,-0.049418513,-0.25749865,0.96148896,0.09609087,-0.965013,-0.25079852,-0.076485395,-0.049440414,-0.11242382,0.9924296,,-0.05594264,0.4551815,-0.28264132,0.1693134,-0.2786399,-0.94535327,-0.60802215,-0.78444135,0.12231446,-0.77565587,0.55408627,-0.30223566,,1.0720079957368527,0.2721722746862944,0.18988055920000002,-1.0409008794571788,0.0901800898451907,-0.01840266684475861,0.8564129387420261,,-1.4146347624346973,0.0913135935048306,0.21811375540000003,0.16502598552232065,-0.30975494496825345,-1.3606524088364575,-0.14602959512404556,,0.0250542014123786,0.03150755632162763,0.0839748988,-0.11775085106328897,,6.6310167e-06,6.4969063e-06,-9.179115e-06,0.99999994,-1.360476e-05,-1.4424324e-05,1.3601035e-05,1.0,-1.3709068e-06,1.4428049e-05,1.3113022e-06,1.0,113,0.347,1,1,0.323,False,1.0310519692900835,0.009993984376206022
0.3493313710205257,16:14:07.089670,16:12:40.183193,0,,0.11562818,-0.003343001,0.0043712705,0.2857949,-0.95750356,-0.03883261,-0.68907857,-0.23349866,0.6860386,-0.6659519,-0.16930763,-0.72652805,,0.102614686,0.0010032393,0.021189809,-0.16798589,0.41384304,0.8947147,-0.9621414,0.12877595,-0.24020973,-0.21462673,-0.90119404,0.37654302,,0.057688825,1.3275638,0.4376148,0.9967674,0.07912748,-0.013913721,0.04404784,-0.6830621,-0.72903085,-0.06719031,0.72606134,-0.6843394,,-0.076318465,0.26309097,-0.04941776,-0.2574859,0.961499,0.0960246,-0.9650226,-0.2508053,-0.076341756,-0.049319044,-0.11232284,0.9924471,,-0.05583144,0.45552298,-0.28293484,0.16733684,-0.29155445,-0.9418038,-0.6116604,-0.77990204,0.13275652,-0.7732205,0.55384904,-0.30883867,,1.0720002730039784,0.27215682922054596,0.18988185549000003,-1.0409008794571788,0.09031672634495613,-0.018514084748455062,0.8567396268742946,,-1.4152525810646353,0.09149893909381199,0.21766394277000004,0.1652356754658052,-0.30524594047599396,-1.372987146113339,-0.14553956292564285,,0.0250542014123786,0.03150755632162763,0.0839748988,-0.11775085106328897,,6.6310167e-06,6.4969063e-06,-9.179115e-06,0.99999994,-1.360476e-05,-1.4424324e-05,1.3601035e-05,1.0,-1.3709068e-06,1.4428049e-05,1.3113022e-06,1.0,121,0.373,1,1,0.349,False,1.0308136584159993,0.011297549797251172
0.389518957817927,16:14:07.123464,16:12:40.183193,0,,0.115623295,-0.003344804,0.0043683797,0.2857908,-0.95749736,-0.039015196,-0.689086,-0.23362818,0.68598706,-0.6659459,-0.16916399,-0.726567,,0.10254757,0.00093152,0.021427393,-0.16771945,0.4190673,0.8923298,-0.9619962,0.12827706,-0.2410568,-0.21548438,-0.89884794,0.38162667,,0.057688825,1.3275638,0.4376148,0.9967674,0.07912748,-0.013913721,0.04404784,-0.6830621,-0.72903085,-0.06719031,0.72606134,-0.6843394,,-0.07631345,0.26308775,-0.04941744,-0.25748232,0.9614816,0.09620822,-0.9650231,-0.25078604,-0.07639923,-0.049328778,-0.1125146,0.9924249,,-0.05579725,0.4557071,-0.28311098,0.16718632,-0.29704753,-0.9401125,-0.6123794,-0.77858424,0.13710602,-0.7726838,0.55278325,-0.31207442,,1.0720079957368527,0.2721182155561748,0.18988315178,-1.0409008794571788,0.09031672634495613,-0.01835072726817394,0.8564129387420261,,-1.415731390502837,0.0915993346211769,0.21742672170000002,0.16544536540928972,-0.30456275797716675,-1.3782816025599736,-0.14602959512404556,,0.0250542014123786,0.03150755632162763,0.0839748988,-0.11775085106328897,,6.6310167e-06,6.4969063e-06,-9.179115e-06,0.99999994,-1.360476e-05,-1.4424324e-05,1.3601035e-05,1.0,-1.3709068e-06,1.4428049e-05,1.3113022e-06,1.0,134,0.413,1,1,0.389,False,1.0309923915715626,0.011587231001928266
0.42334026494063437,16:14:07.160184,16:12:40.409584,0,,0.115618095,-0.0033480823,0.0043628514,0.2857836,-0.957498,-0.039051957,-0.6890136,-0.23363048,0.68605906,-0.666024,-0.16915712,-0.72649693,,0.102466136,0.00082157925,0.021730125,-0.1667091,0.42140523,0.8914176,-0.9619578,0.1289404,-0.24085596,-0.21643767,-0.8976592,0.38387853,,0.057688825,1.3275638,0.4376148,0.9967674,0.07912748,-0.013913721,0.04404784,-0.6830621,-0.72903085,-0.06719031,0.72606134,-0.6843394,,-0.07630798,0.26308164,-0.049416438,-0.257469,0.96148175,0.09624198,-0.96503204,-0.25078246,-0.07629784,-0.049223185,-0.11252092,0.9924294,,-0.05575824,0.45593286,-0.28335157,0.16630752,-0.29949892,-0.9394904,-0.61330694,-0.7774673,0.13928089,-0.7721376,0.5530325,-0.31298342,,1.0720002730039784,0.2720796018918037,0.18988574436000002,-1.0409008794571788,0.09045336284472158,-0.018380466431729803,0.8562495946758918,,-1.4163569318656493,0.0916302255526738,0.21711950097000002,0.16502598552232065,-0.3033330294792778,-1.3799377936143657,-0.14488618666110553,,0.0250542014123786,0.03150755632162763,0.0839748988,-0.11775085106328897,,6.6310167e-06,6.4969063e-06,-9.179115e-06,0.99999994,-1.360476e-05,-1.4424324e-05,1.3601035e-05,1.0,-1.3709068e-06,1.4428049e-05,1.3113022e-06,1.0,142,0.439,1,1,0.415,False,1.0310519692900835,0.010187105179324085
0.46009042183868587,16:14:07.191923,16:12:40.409584,0,,0.11561328,-0.0033522248,0.004359722,0.28578183,-0.9575007,-0.03899992,-0.6890276,-0.23359537,0.6860569,-0.66601026,-0.16919062,-0.72650176,,0.102458276,0.00076271966,0.02189368,-0.16650727,0.4217364,0.8912987,-0.9618185,0.12965342,-0.2410295,-0.2172108,-0.8974009,0.38404566,,0.057688825,1.3275638,0.4376148,0.9967674,0.07912748,-0.013913721,0.04404784,-0.6830621,-0.72903085,-0.06719031,0.72606134,-0.6843394,,-0.07630307,0.2630767,-0.049417716,-0.25746834,0.9614871,0.09619031,-0.9650312,-0.25078362,-0.07630457,-0.049242906,-0.11247266,0.9924339,,-0.055772983,0.4560514,-0.28347808,0.1662101,-0.2998405,-0.93939865,-0.61394733,-0.77694726,0.13936153,-0.7716495,0.553578,-0.31322277,,1.0720002730039784,0.27204098822743256,0.18988574436000002,-1.0409008794571788,0.09045336284472158,-0.018462145171870337,0.8560862506097575,,-1.4168357413038513,0.09162250281979958,0.21697561278000002,0.1652356754658052,-0.30264984698045055,-1.379759774471583,-0.14504953072723992,,0.0250542014123786,0.03150755632162763,0.0839748988,-0.11775085106328897,,6.6310167e-06,6.4969063e-06,-9.179115e-06,0.99999994,-1.360476e-05,-1.4424324e-05,1.3601035e-05,1.0,-1.3709068e-06,1.4428049e-05,1.3113022e-06,1.0,155,0.478,1,1,0.454,False,1.031349857882689,0.011007868592574521
0.4918282818980515,16:14:07.225867,16:12:40.409584,0,,0.11560744,-0.003354907,0.0043562204,0.2857774,-0.9575007,-0.039031323,-0.68903786,-0.23361702,0.68603927,-0.6660015,-0.16916047,-0.7265168,,0.102455385,0.00073308125,0.022022307,-0.16590258,0.4237979,0.89043325,-0.9613286,0.13177758,-0.2418305,-0.21982628,-0.89611936,0.38554686,,0.057688825,1.3275638,0.4376148,0.9967674,0.07912748,-0.013913721,0.04404784,-0.6830621,-0.72903085,-0.06719031,0.72606134,-0.6843394,,-0.076297075,0.2630725,-0.049417652,-0.25746465,0.9614849,0.09622224,-0.9650315,-0.2507758,-0.07632652,-0.04925658,-0.11250886,0.99242914,,-0.055787373,0.45615187,-0.28356248,0.16595842,-0.30198932,-0.9387546,-0.6160975,-0.7750539,0.14041097,-0.7699881,0.555062,-0.3146816,,1.0720079957368527,0.2720023745630615,0.18988704065,-1.0409008794571788,0.09045336284472158,-0.018462145171870337,0.8564129387420261,,-1.4172141552146882,0.09160705735405113,0.21686542813,0.16628412518322783,-0.3001903899846727,-1.381520260517697,-0.14553956292564263,,0.0250542014123786,0.03150755632162763,0.0839748988,-0.11775085106328897,,6.6310167e-06,6.4969063e-06,-9.179115e-06,0.99999994,-1.360476e-05,-1.4424324e-05,1.3601035e-05,1.0,-1.3709068e-06,1.4428049e-05,1.3113022e-06,1.0,163,0.504,1,1,0.48,False,1.0309328138530418,0.010525066584779807
0.5257820778060704,16:14:07.251073,16:12:40.409584,0,,0.11560355,-0.0033574551,0.0043527037,0.28577602,-0.9575002,-0.039052267,-0.689049,-0.23363377,0.6860223,-0.6659905,-0.16913977,-0.7265317,,0.10243082,0.00071017817,0.022136807,-0.16658819,0.42343333,0.89047873,-0.9608786,0.132947,-0.24297628,-0.22127062,-0.896119,0.38472062,,0.057688825,1.3275638,0.4376148,0.9967674,0.07912748,-0.013913721,0.04404784,-0.6830621,-0.72903085,-0.06719031,0.72606134,-0.6843394,,-0.07629303,0.26306832,-0.049417403,-0.2574641,0.9614829,0.09624373,-0.9650308,-0.25077176,-0.07634828,-0.04927236,-0.112535104,0.9924254,,-0.055778287,0.45624515,-0.28363636,0.16683517,-0.3015955,-0.9387258,-0.61709976,-0.7744832,0.13915321,-0.7689954,0.5560718,-0.31532556,,1.0720079957368527,0.27197148363156454,0.18988833694,-1.0409008794571788,0.09045336284472158,-0.018462145171870337,0.8564129387420261,,-1.4174844508652862,0.09168428468279338,0.21675913235000002,0.1677519547876195,-0.2995072074858454,-1.3810972051544923,-0.14521287479337408,,0.0250542014123786,0.03150755632162763,0.0839748988,-0.11775085106328897,,6.6310167e-06,6.4969063e-06,-9.179115e-06,0.99999994,-1.360476e-05,-1.4424324e-05,1.3601035e-05,1.0,-1.3709068e-06,1.4428049e-05,1.3113022e-06,1.0,176,0.544,1,1,0.52,False,1.0310519692900835,0.010042264576985094
0.5509957778267562,16:14:07.291213,16:12:40.409584,0,,0.1156005,-0.0033599734,0.004350841,0.28597468,-0.9574395,-0.03908721,-0.68900603,-0.23380318,0.68600774,-0.6659497,-0.16924953,-0.7265435,,0.102418065,0.0006929673,0.022316635,-0.16549441,0.42539448,0.8897477,-0.960531,0.13501349,-0.24321106,-0.22358853,-0.8948804,0.38626063,,0.057688825,1.3275638,0.4376148,0.9967674,0.07912748,-0.013913721,0.04404784,-0.6830621,-0.72903085,-0.06719031,0.72606134,-0.6843394,,-0.076289915,0.26306534,-0.049418192,-0.25766408,0.9614258,0.096279055,-0.9649782,-0.25096872,-0.076365635,-0.049256857,-0.11258387,0.9924206,,-0.055789094,0.45639756,-0.28373355,0.16605662,-0.3036409,-0.93820435,-0.61910117,-0.7726439,0.1404816,-0.76755387,0.5575155,-0.31628707,,1.0720079957368527,0.2719483154329419,0.18988833694,-1.0411105694006635,0.09045336284472158,-0.018462145171870337,0.8567396268742946,,-1.417963260303488,0.09182329387452942,0.21661135529000003,0.16817133467458853,-0.29718438698983296,-1.382501237076488,-0.14553956292564285,,0.0250542014123786,0.03150755632162763,0.0839748988,-0.11775085106328897,,6.6310167e-06,6.4969063e-06,-9.179115e-06,0.99999994,-1.360476e-05,-1.4424324e-05,1.3601035e-05,1.0,-1.3709068e-06,1.4428049e-05,1.3113022e-06,1.0,184,0.57,1,1,0.546,False,1.0307540806974784,0.010138824978544125
0.5911187878809869,16:14:07.321290,16:12:40.409584,0,,0.11559962,-0.0033638924,0.0043477565,0.28597894,-0.95743805,-0.039092474,-0.689022,-0.23381436,0.6859879,-0.6659313,-0.16924256,-0.72656196,,0.10238449,0.0006748475,0.022417605,-0.16649777,0.4249968,0.88975054,-0.9598968,0.13655314,-0.24484986,-0.22555849,-0.8948357,0.3852173,,0.057688825,1.3275638,0.4376148,0.9967674,0.07912748,-0.013913721,0.04404784,-0.6830621,-0.72903085,-0.06719031,0.72606134,-0.6843394,,-0.076288916,0.26306045,-0.049419098,-0.25766978,0.9614237,0.09628505,-0.9649755,-0.2509711,-0.07639247,-0.04928077,-0.11259674,0.99241793,,-0.055769216,0.456482,-0.28379783,0.16732068,-0.30320972,-0.93811923,-0.620452,-0.77186185,0.13881132,-0.76618737,0.55883193,-0.31727552,,1.0719925502711043,0.2719251472343192,0.18988833694,-1.0411105694006635,0.09045336284472158,-0.018462145171870337,0.8567396268742946,,-1.4181640513582179,0.09189279847039744,0.21651024467000002,0.17026823410943376,-0.2962279314914749,-1.3822193387805357,-0.14570290699177724,,0.0250542014123786,0.03150755632162763,0.0839748988,-0.11775085106328897,,6.6310167e-06,6.4969063e-06,-9.179115e-06,0.99999994,-1.360476e-05,-1.4424324e-05,1.3601035e-05,1.0,-1.3709068e-06,1.4428049e-05,1.3113022e-06,1.0,197,0.61,1,1,0.586,False,1.0311115470086047,0.009800863573087959
0.6212004679255188,16:14:07.355002,16:12:40.409584,0,,0.1155957,-0.0033649057,0.0043454915,0.28597522,-0.9574383,-0.0391134,-0.68902665,-0.23382762,0.68597865,-0.6659281,-0.16922274,-0.72656953,,0.10235609,0.0006719418,0.022499919,-0.16793048,0.4242252,0.8898495,-0.9594051,0.13714668,-0.2464399,-0.22658587,-0.895111,0.3839728,,0.057688825,1.3275638,0.4376148,0.9967674,0.07912748,-0.013913721,0.04404784,-0.6830621,-0.72903085,-0.06719031,0.72606134,-0.6843394,,-0.076284885,0.26305822,-0.049418524,-0.25766632,0.9614225,0.09630623,-0.96497613,-0.25096533,-0.07640354,-0.049286555,-0.11261983,0.992415,,-0.055751663,0.4565563,-0.28383976,0.168886,-0.30239317,-0.9381023,-0.62099093,-0.7717564,0.13697568,-0.7654069,0.55941975,-0.31812227,,1.0720002730039784,0.2719019790356965,0.18988963323000002,-1.0411105694006635,0.09045336284472158,-0.018462145171870337,0.8567396268742946,,-1.4183262287485765,0.0920395303950077,0.21643376356000002,0.1721554436007945,-0.29636456799124034,-1.3816995271761363,-0.1458662510579114,,0.0250542014123786,0.03150755632162763,0.0839748988,-0.11775085106328897,,6.6310167e-06,6.4969063e-06,-9.179115e-06,0.99999994,-1.360476e-05,-1.4424324e-05,1.3601035e-05,1.0,-1.3709068e-06,1.4428049e-05,1.3113022e-06,1.0,205,0.635,1,1,0.611,False,1.0308732361345205,0.010428506183220776
0.6548279249109328,16:14:07.384420,16:12:40.621570,0,,0.115593925,-0.003366515,0.0043442845,0.2857747,-0.9574985,-0.039104633,-0.68908376,-0.23367915,0.68597203,-0.6659551,-0.16908713,-0.7265764,,0.102341026,0.00067124143,0.022544026,-0.16805121,0.4244423,0.8897231,-0.959263,0.13751519,-0.24678752,-0.22709742,-0.8949516,0.38404226,,0.057688825,1.3275638,0.4376148,0.9967674,0.07912748,-0.013913721,0.04404784,-0.6830621,-0.72903085,-0.06719031,0.72606134,-0.6843394,,-0.07628308,0.2630563,-0.049419016,-0.2574657,0.9614771,0.09629777,-0.96502787,-0.25076327,-0.07641339,-0.04932178,-0.11260386,0.99241513,,-0.055742383,0.45659652,-0.28386146,0.16907501,-0.3026186,-0.93799555,-0.6213662,-0.77146924,0.13689132,-0.7650606,0.5596938,-0.31847316,,1.0720002730039784,0.2718865335699481,0.18988963323000002,-1.0409008794571788,0.09045336284472158,-0.018462145171870337,0.8567396268742946,,-1.4184034560773189,0.09210903499087572,0.21639228228000001,0.17257482348776354,-0.29609129499170944,-1.3819223629835293,-0.1458662510579114,,0.0250542014123786,0.03150755632162763,0.0839748988,-0.11775085106328897,,6.6310167e-06,6.4969063e-06,-9.179115e-06,0.99999994,-1.360476e-05,-1.4424324e-05,1.3601035e-05,1.0,-1.3709068e-06,1.4428049e-05,1.3113022e-06,1.0,218,0.675,1,1,0.651,False,1.0309923915715626,0.010090544777765054
0.6843363710213453,16:14:07.425422,16:12:40.621570,0,,0.11550416,-0.0033352226,0.0043336153,0.28570727,-0.9575227,-0.039007183,-0.6890173,-0.2335397,0.6860863,-0.66605294,-0.16914323,-0.7264737,,0.102279216,0.0006754473,0.0226807,-0.16715744,0.42536286,0.8894519,-0.95877814,0.14013022,-0.24720061,-0.22978896,-0.89410853,0.3844048,,0.05771725,1.3275656,0.43760478,0.996767,0.079133585,-0.013907209,0.044056743,-0.68306136,-0.729031,-0.06719031,0.72606134,-0.6843394,,-0.07622263,0.26307806,-0.049398962,-0.2573849,0.96150947,0.09619043,-0.965055,-0.25070447,-0.07626386,-0.04921305,-0.11245822,0.992437,,-0.055728488,0.45673156,-0.28392938,0.16855507,-0.30356547,-0.9377831,-0.62361354,-0.7696264,0.13704531,-0.7633448,0.5617146,-0.31903195,,1.0719925502711043,0.27184791990557694,0.18988963323000002,-1.0409008794571788,0.09058999934448701,-0.01857356307556679,0.8567396268742946,,-1.4186737517279167,0.09217853958674375,0.21628728279000003,0.17341358326170164,-0.2933585649964006,-1.3824354675145059,-0.14504953072723992,,0.0250542014123786,0.03150755632162763,0.0839748988,-0.11775085106328897,,3.5718083e-05,2.9802322e-07,-4.172325e-06,0.99999994,-7.484108e-06,-7.946044e-06,7.480383e-06,1.0,-7.4505806e-07,7.946044e-06,7.1525574e-07,1.0,226,0.701,1,1,0.677,False,1.0312902801641677,0.010525066584779807
0.7253277800045907,16:14:07.455548,16:12:40.621570,0,,0.11550526,-0.003339067,0.004333839,0.2857122,-0.9575214,-0.039001968,-0.68902767,-0.23354246,0.68607485,-0.66604006,-0.16914657,-0.7264847,,0.10230592,0.00067346543,0.022706449,-0.16662186,0.42592886,0.8892814,-0.9586805,0.14093,-0.24712452,-0.23058385,-0.89371324,0.3848477,,0.05771725,1.3275656,0.43760478,0.996767,0.079133585,-0.013907209,0.044056743,-0.68306136,-0.729031,-0.06719031,0.72606134,-0.6843394,,-0.07622383,0.26307562,-0.049401898,-0.25739083,0.96150833,0.096185684,-0.96505255,-0.25070885,-0.07627982,-0.049229078,-0.11245797,0.99243623,,-0.05575831,0.45675072,-0.2839405,0.16812839,-0.30415502,-0.9376687,-0.624326,-0.76896936,0.13748883,-0.7628564,0.56229514,-0.31917745,,1.0719771048053557,0.27184019717270275,0.18988704065,-1.0409008794571788,0.09058999934448701,-0.01857356307556679,0.8567396268742946,,-1.4188436518511496,0.09215537138812108,0.21628209763000003,0.17341358326170164,-0.2924021094980425,-1.3827253203995375,-0.14570290699177724,,0.0250542014123786,0.03150755632162763,0.0839748988,-0.11775085106328897,,3.5718083e-05,2.9802322e-07,-4.172325e-06,0.99999994,-7.484108e-06,-7.946044e-06,7.480383e-06,1.0,-7.4505806e-07,7.946044e-06,7.1525574e-07,1.0,243,0.753,1,1,0.729,False,1.0305157698233942,0.010428506183220776
0.7554386218544096,16:14:07.499926,16:12:40.621570,0,,0.11550896,-0.0033418238,0.0043332875,0.28571516,-0.95751774,-0.039069816,-0.6889497,-0.23357356,0.6861427,-0.6661195,-0.16912422,-0.72641706,,0.10232684,0.00065725297,0.022716284,-0.16667092,0.42603144,0.8892231,-0.958678,0.14085838,-0.24717513,-0.23055884,-0.89367557,0.38494998,,0.05771725,1.3275656,0.43760478,0.996767,0.079133585,-0.013907209,0.044056743,-0.68306136,-0.729031,-0.06719031,0.72606134,-0.6843394,,-0.076227516,0.26307324,-0.04940338,-0.25738743,0.96150273,0.09625054,-0.96505916,-0.2507133,-0.07618204,-0.04911795,-0.112495765,0.9924375,,-0.055780753,0.45674992,-0.2839576,0.16817388,-0.30426347,-0.93762535,-0.6242978,-0.76897913,0.13756207,-0.7628695,0.5622231,-0.31927323,,1.071946213873859,0.27184019717270275,0.18988574436000002,-1.0409008794571788,0.09072663584425246,-0.018521623498982065,0.8564129387420261,,-1.418959492844263,0.09208586679225306,0.21628209763000003,0.17341358326170164,-0.2924021094980425,-1.3827253203995375,-0.14570290699177724,,0.0250542014123786,0.03150755632162763,0.0839748988,-0.11775085106328897,,3.5718083e-05,2.9802322e-07,-4.172325e-06,0.99999994,-7.484108e-06,-7.946044e-06,7.480383e-06,1.0,-7.4505806e-07,7.946044e-06,7.1525574e-07,1.0,264,0.818,1,1,0.794,False,1.0314094356012098,0.010283665580882229
0.7998480459209532,16:14:07.566153,16:12:40.774741,0,,0.115513265,-0.0033439994,0.004331276,0.28573126,-0.95750785,-0.03919477,-0.68905133,-0.23370148,0.68599695,-0.6660074,-0.16900358,-0.72654784,,0.10232367,0.00065047294,0.022712052,-0.16796993,0.4256512,0.8891609,-0.9582474,0.14122915,-0.24862885,-0.23140451,-0.89379835,0.38415694,,0.05771725,1.3275656,0.43760478,0.996767,0.079133585,-0.013907209,0.044056743,-0.68306136,-0.729031,-0.06719031,0.72606134,-0.6843394,,-0.07623173,0.26307017,-0.04940339,-0.25741225,0.9614831,0.09638049,-0.9650449,-0.25071013,-0.07637262,-0.049267422,-0.11267075,0.9924102,,-0.05577726,0.45674336,-0.28396198,0.16958173,-0.30386057,-0.93750244,-0.62471753,-0.76888,0.13620408,-0.76221395,0.5625765,-0.32021502,,1.0719230456752362,0.27184791990557694,0.18988574436000002,-1.0409008794571788,0.09058999934448701,-0.018328526855145078,0.8562495946758919,,-1.418959492844263,0.09204725312788194,0.21628080134000002,0.17509110280957785,-0.2924021094980425,-1.3827253203995375,-0.14570290699177724,,0.0250542014123786,0.03150755632162763,0.0839748988,-0.11775085106328897,,3.5718083e-05,2.9802322e-07,-4.172325e-06,0.99999994,-7.484108e-06,-7.946044e-06,7.480383e-06,1.0,-7.4505806e-07,7.946044e-06,7.1525574e-07,1.0,272,0.844,1,1,0.82,False,1.031826479630857,0.010187105179324085
0.8660620318260044,16:14:07.594905,16:12:40.774741,0,,0.11551212,-0.0033492446,0.0043264776,0.28576657,-0.9574795,-0.039626896,-0.68951863,-0.23415703,0.68537176,-0.6655084,-0.16853288,-0.72711426,,0.10232026,0.0006508902,0.022711158,-0.16892637,0.4253667,0.88911575,-0.9579207,0.14153531,-0.2497115,-0.2320601,-0.8938854,0.3835585,,0.05771725,1.3275656,0.43760478,0.996767,0.079133585,-0.013907209,0.044056743,-0.68306136,-0.729031,-0.06719031,0.72606134,-0.6843394,,-0.0762304,0.26306313,-0.049404144,-0.25748676,0.9614175,0.096834585,-0.96499014,-0.2506682,-0.07719755,-0.049945727,-0.113321766,0.9923022,,-0.055773757,0.45674312,-0.2839615,0.1706228,-0.30355892,-0.93741125,-0.62505126,-0.76878846,0.1351857,-0.7617078,0.56286436,-0.32091272,,1.0719307684081103,0.2718324744398285,0.18988574436000002,-1.0409008794571788,0.0899068168456598,-0.017689758596522415,0.8564129387420261,,-1.418959492844263,0.09204725312788194,0.21627950505000001,0.17634924247048497,-0.2924021094980425,-1.3827253203995375,-0.14570290699177724,,0.0250542014123786,0.03150755632162763,0.0839748988,-0.11775085106328897,,3.5718083e-05,2.9802322e-07,-4.172325e-06,0.99999994,-7.484108e-06,-7.946044e-06,7.480383e-06,1.0,-7.4505806e-07,7.946044e-06,7.1525574e-07,1.0,285,0.884,1,1,0.86,False,1.0317073241938153,0.009704303171529371
0.8948191839735955,16:14:07.633292,16:12:40.774741,0,,0.11551009,-0.0033462793,0.0043289214,0.28575894,-0.95749104,-0.039402727,-0.6895045,-0.233987,0.68544406,-0.6655264,-0.16870344,-0.7270583,,0.10232226,0.00064309686,0.022704363,-0.1699211,0.42535752,0.88893056,-0.95751673,0.1420139,-0.2509858,-0.2329992,-0.8938137,0.38315582,,0.05771725,1.3275656,0.43760478,0.996767,0.079133585,-0.013907209,0.044056743,-0.68306136,-0.729031,-0.06719031,0.72606134,-0.6843394,,-0.07622846,0.26306698,-0.049403682,-0.2574778,0.96144265,0.09660881,-0.9649937,-0.25068003,-0.07711491,-0.049923662,-0.113082275,0.9923306,,-0.05577508,0.45673335,-0.28396523,0.17174017,-0.30354574,-0.93721145,-0.6255965,-0.76850593,0.13426709,-0.76100874,0.56325716,-0.3218805,,1.071953936606733,0.27184019717270275,0.18988574436000002,-1.0409008794571788,0.0899068168456598,-0.017934794816944127,0.856902970940429,,-1.4189672155771371,0.09198547126488814,0.21628209763000003,0.17781707207487665,-0.2921288364985117,-1.3830298349470709,-0.1458662510579114,,0.0250542014123786,0.03150755632162763,0.0839748988,-0.11775085106328897,,3.5718083e-05,2.9802322e-07,-4.172325e-06,0.99999994,-7.484108e-06,-7.946044e-06,7.480383e-06,1.0,-7.4505806e-07,7.946044e-06,7.1525574e-07,1.0,293,0.91,1,1,0.886,False,1.0315881687567727,0.010331945781662188
0.9332134330179542,16:14:07.664787,16:12:40.774741,0,,0.11551304,-0.0033468753,0.0043283254,0.2857646,-0.95748997,-0.03938703,-0.6895093,-0.23398142,0.6854412,-0.665519,-0.16871713,-0.72706187,,0.10234122,0.00062987953,0.022698343,-0.1671179,0.42688203,0.8887312,-0.9582664,0.14173043,-0.24827035,-0.23194233,-0.89313173,0.38538098,,0.05771725,1.3275656,0.43760478,0.996767,0.079133585,-0.013907209,0.044056743,-0.68306136,-0.729031,-0.06719031,0.72606134,-0.6843394,,-0.07623139,0.26306605,-0.049403563,-0.257484,0.96144253,0.09659331,-0.9649916,-0.25068647,-0.07711999,-0.0499318,-0.1130689,0.99233174,,-0.055793475,0.4567201,-0.28397268,0.16880523,-0.30515215,-0.937223,-0.6252879,-0.76818657,0.13749333,-0.76191854,0.5628246,-0.32048184,,1.0719384911409846,0.27184791990557694,0.18988574436000002,-1.0409008794571788,0.0899068168456598,-0.017934794816944127,0.856902970940429,,-1.4189826610428857,0.091877353004649,0.21629117166000003,0.1746717229226088,-0.29130901749991905,-1.38378002110939,-0.14570290699177724,,0.0250542014123786,0.03150755632162763,0.0839748988,-0.11775085106328897,,3.5718083e-05,2.9802322e-07,-4.172325e-06,0.99999994,-7.484108e-06,-7.946044e-06,7.480383e-06,1.0,-7.4505806e-07,7.946044e-06,7.1525574e-07,1.0,306,0.95,1,1,0.926,False,1.031647746475294,0.009656022970749412
0.964646965963766,16:14:07.702101,16:12:40.962183,0,,0.115510166,-0.0033493787,0.0043264627,0.2857636,-0.9574896,-0.03940275,-0.6895177,-0.23399398,0.68542844,-0.6655107,-0.16870162,-0.7270731,,0.10238774,0.0005973056,0.022652924,-0.16451569,0.42864722,0.88836706,-0.958798,0.14197975,-0.24606554,-0.23160535,-0.89224625,0.38762823,,0.05771725,1.3275656,0.43760478,0.996767,0.079133585,-0.013907209,0.044056743,-0.68306136,-0.729031,-0.06719031,0.72606134,-0.6843394,,-0.07622845,0.2630631,-0.04940433,-0.2574836,0.961441,0.096609436,-0.9649911,-0.2506834,-0.07713631,-0.04994363,-0.11308858,0.9923289,,-0.05583469,0.45666033,-0.2839774,0.16616759,-0.30700848,-0.93708813,-0.625496,-0.76746863,0.14052278,-0.76232743,0.5627945,-0.31956097,,1.0719384911409846,0.2718247517069543,0.18988574436000002,-1.0409008794571788,0.0899068168456598,-0.017934794816944127,0.856902970940429,,-1.4189981065086341,0.09156844368968,0.21633654181000003,0.1721554436007945,-0.2898060160024992,-1.3848422605697694,-0.1463562832563141,,0.0250542014123786,0.03150755632162763,0.0839748988,-0.11775085106328897,,3.5718083e-05,2.9802322e-07,-4.172325e-06,0.99999994,-7.484108e-06,-7.946044e-06,7.480383e-06,1.0,-7.4505806e-07,7.946044e-06,7.1525574e-07,1.0,314,0.975,1,1,0.951,False,1.031349857882689,0.00960774276997034
1.0020211848895997,16:14:07.726048,16:12:40.962183,0,,0.1155092,-0.0033501834,0.004325852,0.28576323,-0.95748955,-0.039407987,-0.6895205,-0.23399815,0.68542415,-0.6655079,-0.16869642,-0.72707677,,0.10242505,0.0005754903,0.022604167,-0.16409875,0.4287163,0.88841075,-0.9588059,0.14237446,-0.24580643,-0.23186818,-0.89215016,0.38769227,,0.05771725,1.3275656,0.43760478,0.996767,0.079133585,-0.013907209,0.044056743,-0.68306136,-0.729031,-0.06719031,0.72606134,-0.6843394,,-0.076227464,0.26306212,-0.049404588,-0.25748348,0.9614405,0.09661481,-0.9649909,-0.25068235,-0.07714175,-0.049947575,-0.113095134,0.9923279,,-0.05586606,0.4566035,-0.2839718,0.16578759,-0.3070783,-0.93713254,-0.6257741,-0.76721066,0.14069319,-0.7621819,0.5631081,-0.31935567,,1.0719384911409846,0.27181702897408005,0.18988574436000002,-1.0409008794571788,0.0899068168456598,-0.017934794816944127,0.856902970940429,,-1.4189981065086341,0.09133676170345327,0.21638450454000002,0.17194575365730996,-0.289122833503672,-1.384745920167127,-0.14700965952085143,,0.0250542014123786,0.03150755632162763,0.0839748988,-0.11775085106328897,,3.5718083e-05,2.9802322e-07,-4.172325e-06,0.99999994,-7.484108e-06,-7.946044e-06,7.480383e-06,1.0,-7.4505806e-07,7.946044e-06,7.1525574e-07,1.0,323,1.003,1,1,0.979,False,1.031349857882689,0.009559462569191268
1.0259633518289775,16:14:07.758746,16:12:40.962183,0,,0.11551027,-0.003353253,0.004325047,0.28576818,-0.95748824,-0.03940276,-0.6895309,-0.23400095,0.6854128,-0.66549504,-0.16869979,-0.72708774,,0.102563865,0.0005423799,0.02243948,-0.16185045,0.43059844,0.8879128,-0.95890486,0.14385578,-0.24455468,-0.23303622,-0.8910054,0.38961983,,0.05771725,1.3275656,0.43760478,0.996767,0.079133585,-0.013907209,0.044056743,-0.68306136,-0.729031,-0.06719031,0.72606134,-0.6843394,,-0.076228544,0.26305944,-0.049406253,-0.2574894,0.9614394,0.096610054,-0.9649885,-0.25068676,-0.077157706,-0.0499636,-0.11309489,0.99232715,,-0.055983547,0.45642877,-0.28391573,0.16370513,-0.30904958,-0.93685055,-0.62707955,-0.76571333,0.1430188,-0.76155883,0.5640669,-0.31914988,,1.0719230456752362,0.27180930624120586,0.18988444807000002,-1.0409008794571788,0.0899068168456598,-0.017934794816944127,0.856902970940429,,-1.4190135519743825,0.09070349760776687,0.21656728143,0.17068761399640284,-0.2862534670085977,-1.3860238725229248,-0.14684631545471682,,0.0250542014123786,0.03150755632162763,0.0839748988,-0.11775085106328897,,3.5718083e-05,2.9802322e-07,-4.172325e-06,0.99999994,-7.484108e-06,-7.946044e-06,7.480383e-06,1.0,-7.4505806e-07,7.946044e-06,7.1525574e-07,1.0,332,1.031,1,1,1.007,False,1.031766901912336,0.009414621966852277
1.0586642909329385,16:14:07.788248,16:12:40.962183,0,,0.11550927,-0.0033525378,0.004325643,0.28576553,-0.95748883,-0.039407987,-0.68952715,-0.23400165,0.6854164,-0.6655001,-0.16869551,-0.72708416,,0.10264555,0.00050554425,0.022337377,-0.16140115,0.4310406,0.8877801,-0.9588212,0.14452606,-0.24448784,-0.23369148,-0.89068305,0.38996422,,0.05771725,1.3275656,0.43760478,0.996767,0.079133585,-0.013907209,0.044056743,-0.68306136,-0.729031,-0.06719031,0.72606134,-0.6843394,,-0.07622757,0.2630604,-0.049406182,-0.25748637,0.96143967,0.09661512,-0.96498966,-0.25068405,-0.077152446,-0.04995756,-0.11309829,0.9923271,,-0.05605251,0.45631346,-0.28389585,0.16334575,-0.30951062,-0.9367611,-0.6276662,-0.76516736,0.14336719,-0.7611527,0.5645548,-0.3192562,,1.0719307684081103,0.27180930624120586,0.18988444807000002,-1.0409008794571788,0.0899068168456598,-0.017934794816944127,0.856902970940429,,-1.419028997440131,0.09026330183393606,0.21667357721000002,0.17068761399640284,-0.2850237385107088,-1.3862915249949275,-0.14635628325631456,,0.0250542014123786,0.03150755632162763,0.0839748988,-0.11775085106328897,,3.5718083e-05,2.9802322e-07,-4.172325e-06,0.99999994,-7.484108e-06,-7.946044e-06,7.480383e-06,1.0,-7.4505806e-07,7.946044e-06,7.1525574e-07,1.0,355,1.105,1,1,1.081,False,1.0312902801641677,0.00926978136451373
1.088160968851298,16:14:07.861447,16:12:40.962183,0,,0.11551018,-0.0033556372,0.0043248236,0.28597027,-0.9574239,-0.039500065,-0.68948597,-0.23421729,0.68538404,-0.66545475,-0.16876474,-0.7271096,,0.10313298,7.843226e-05,0.022032559,-0.15610166,0.43534848,0.8866249,-0.9592403,0.14725637,-0.241192,-0.2355637,-0.888137,0.3946169,,0.05771725,1.3275656,0.43760478,0.996767,0.079133585,-0.013907209,0.044056743,-0.68306136,-0.729031,-0.06719031,0.72606134,-0.6843394,,-0.07622849,0.26305768,-0.04940787,-0.25769272,0.96137506,0.096707955,-0.9649351,-0.25088218,-0.077190004,-0.04994625,-0.113208205,0.9923151,,-0.056508612,0.45579976,-0.28409842,0.15831943,-0.31403136,-0.93611926,-0.6300491,-0.7621069,0.14910114,-0.7602454,0.5661955,-0.31851152,,1.071915322942362,0.2718015835083316,0.18988315178,-1.0411105694006635,0.0899068168456598,-0.017853116076803482,0.8567396268742946,,-1.4200792891110254,0.08724371328011428,0.21701968664000001,0.1669131950136814,-0.277645367523375,-1.3878974398269437,-0.14700965952085143,,0.0250542014123786,0.03150755632162763,0.0839748988,-0.11775085106328897,,3.5718083e-05,2.9802322e-07,-4.172325e-06,0.99999994,-7.484108e-06,-7.946044e-06,7.480383e-06,1.0,-7.4505806e-07,7.946044e-06,7.1525574e-07,1.0,364,1.134,1,1,1.11,False,1.0308732361345205,0.00926978136451373
