Task Time,PC1 Time,PC2 Time,Gaze Calib,s_T_psm1,Tx,Ty,Tz,R00,R01,R02,R10,R11,R12,R20,R21,R22,s_T_psm3,Tx,Ty,Tz,R00,R01,R02,R10,R11,R12,R20,R21,R22,cart_T_ecm,Tx,Ty,Tz,R00,R01,R02,R10,R11,R12,R20,R21,R22,ecm_T_psm1,Tx,Ty,Tz,R00,R01,R02,R10,R11,R12,R20,R21,R22,ecm_T_psm3,Tx,Ty,Tz,R00,R01,R02,R10,R11,R12,R20,R21,R22,psm1_joints,q1,q2,q3,q4,q5,q6,jaw,psm3_joints,q1,q2,q3,q4,q5,q6,jaw,ecm_joints,q1,q2,q3,q4,ecmi_T_ecm,Tx,Ty,Tz,R00,R01,R02,R10,R11,R12,R20,R21,R22,Sample #,Task Duration (s),Collisions (binary),Collisions (increments),Cumulative Collision Time (s),Clutch Press,MTMR Angle,MTML Angle
""
lci_T_si,,,,,-0.05766083,0.03526975,0.2335049,0.9953268,-0.002053924,0.096541636,0.06970595,-0.67659324,-0.7330502,0.06682505,0.7363541,-0.6732882
rci_T_si,,,,,-0.06745086,0.03979552,0.24508704,0.9940752,-0.017281396,0.107311875,0.06819309,-0.66964835,-0.73954093,0.08464152,0.74247724,-0.6645024
ecm_T_lc,,,,,-4.4061628e-05,-0.00034663224,-0.01840835,-0.99912,0.030754527,0.028518902,-0.031987965,-0.99852574,-0.043852776,0.027128186,-0.04472645,0.9986309
ecm_T_rc,,,,,-0.0043358393,0.01870579,-0.007592615,-0.99555075,-0.052743673,-0.078081585,0.04863213,-0.9973746,0.053654674,-0.08070653,0.04961868,0.9955021
cart_T_ecmi,,,,,0.05759907,1.3275594,0.43761152,0.99674624,0.079171725,-0.015123654,0.043190863,-0.68303543,-0.7291071,-0.06805465,0.72608155,-0.68423253
ecmac_T_ecmrep_psm1,,,,,-0.0025980123,-0.29326126,-0.2805022,0.9974786,0.061531033,0.035360787,-0.060258932,0.9975341,-0.035980776,-0.037487525,0.033759248,0.99872667
ecmac_T_ecmrep_psm3,,,,,-0.0114122145,-0.5209516,-0.5025674,0.9999053,0.010122195,-0.009323479,-0.0077519584,0.9740634,0.22614253,0.011370718,-0.22604884,0.9740496
""
0,16:25:55.822185,16:24:29.111220,0,,0.12409942,0.01009199,0.030679956,-0.17119582,-0.97571003,0.13668185,-0.82761574,0.21768615,0.5173635,-0.53455055,-0.024549551,-0.84477985,,0.06439381,-0.038113512,0.03783828,-0.60531384,-0.67356557,0.42415136,-0.62436914,0.7322949,0.27185905,-0.49371877,-0.10026702,-0.863822,,0.057580817,1.3275597,0.4376148,0.9967468,0.07916338,-0.015132561,0.043178685,-0.6830364,-0.7291069,-0.06805465,0.72608155,-0.68423253,,-0.0854674,0.29027164,-0.05758489,0.19422087,0.97850436,-0.06933566,-0.94366145,0.16706459,-0.28564402,-0.2679204,0.120907426,0.95582426,,-0.020506132,0.45615283,-0.32974303,0.6507219,0.6993489,-0.29575676,-0.6536835,0.3177749,-0.6868166,-0.38634038,0.6402579,0.66393596,,1.1603406143522326,0.4238930847333091,0.17879857599,-0.5974066489874098,-0.2594727130545714,-0.16650828899115833,-0.39414923158201587,,-1.319413466095509,-0.08159067281618194,0.17010176638000002,0.8106613215111712,-0.06613206588647318,0.13478821812822456,0.8722573131570512,,0.0250542014123786,0.03181517060229164,0.08397132691999999,-0.11775085106328897,,-1.8402934e-05,5.9604645e-07,-2.1457672e-06,1.0,-8.363277e-06,-8.8736415e-06,8.355826e-06,1.0,-8.6426735e-07,8.869916e-06,8.046627e-07,1.0,34,0.103,1,1,0.079,False,-0.25535012901606535,1.046859576315857
0.1276876018382609,16:25:55.856723,16:24:29.111220,0,,0.12403431,0.009982884,0.030903295,-0.1670098,-0.97519654,0.14525661,-0.8266328,0.21879333,0.5184667,-0.53738815,-0.03348484,-0.84267,,0.06439629,-0.038113095,0.03783691,-0.6053116,-0.6735978,0.42410332,-0.6243675,0.7322743,0.27191848,-0.4937237,-0.10020091,-0.8638268,,0.057580817,1.3275597,0.4376148,0.9967468,0.07916338,-0.015132561,0.043178685,-0.6830364,-0.7291069,-0.06805465,0.72608155,-0.68423253,,-0.085419714,0.29036686,-0.05781875,0.19025815,0.97862923,-0.078016736,-0.9452773,0.16115838,-0.2836879,-0.2650522,0.12772138,0.9557377,,-0.020508382,0.45615152,-0.3297418,0.6507204,0.6993714,-0.295707,-0.6536873,0.31782752,-0.6867886,-0.38633648,0.64020723,0.66398704,,1.1610047693794159,0.4238930847333091,0.17856005863000002,-0.6020198277440695,-0.2570132560587935,-0.17406796558725213,-0.3948026078465529,,-1.3194211888283833,-0.08159067281618194,0.17010435896,0.8106613215111712,-0.06613206588647318,0.13486989686836512,0.8720939690909169,,0.0250542014123786,0.03181517060229164,0.08397132691999999,-0.11775085106328897,,-1.8402934e-05,5.9604645e-07,-2.1457672e-06,1.0,-8.363277e-06,-8.8736415e-06,8.355826e-06,1.0,-8.6426735e-07,8.869916e-06,8.046627e-07,1.0,46,0.139,1,1,0.115,False,-0.254218152364166,1.0470044169181953
0.16222160798497498,16:25:55.889974,16:24:29.111220,0,,0.12395476,0.009890869,0.031126902,-0.16364348,-0.97476345,0.15184566,-0.8253543,0.21959019,0.5201639,-0.5403806,-0.040205024,-0.8404597,,0.06439946,-0.038110636,0.037836373,-0.60523653,-0.67363167,0.42415664,-0.6243417,0.73224807,0.27204812,-0.4938481,-0.10016522,-0.86375976,,0.057580817,1.3275597,0.4376148,0.9967468,0.07916338,-0.015132561,0.043178685,-0.6830364,-0.7291069,-0.06805465,0.72608155,-0.68423253,,-0.08535736,0.2904743,-0.05804092,0.1871286,0.97867584,-0.08471435,-0.94677687,0.15669043,-0.281179,-0.2619092,0.13282223,0.9559089,,-0.020511389,0.4561518,-0.32973912,0.6506637,0.69939935,-0.2957656,-0.6537939,0.31785086,-0.6866764,-0.38625166,0.6401651,0.66407704,,1.161769319933964,0.42387763926756067,0.17833320788,-0.6057942467267908,-0.25428052606348467,-0.1798901882273653,-0.39480260784655297,,-1.3194289115612574,-0.08158295008330772,0.17010695154000002,0.8106613215111712,-0.06599542938670773,0.13492183644494982,0.8724206572231854,,0.0250542014123786,0.03181517060229164,0.08397132691999999,-0.11775085106328897,,-1.8402934e-05,5.9604645e-07,-2.1457672e-06,1.0,-8.363277e-06,-8.8736415e-06,8.355826e-06,1.0,-8.6426735e-07,8.869916e-06,8.046627e-07,1.0,58,0.176,1,1,0.152,False,-0.2536223751789555,1.0466181753119597
0.19547666190192103,16:25:55.920252,16:24:29.111220,0,,0.12382544,0.009742916,0.03143768,-0.15892276,-0.97487223,0.15610164,-0.82473016,0.2180031,0.5218188,-0.5427374,-0.045812815,-0.83865213,,0.06440058,-0.038109206,0.037834167,-0.60516894,-0.6735978,0.42430663,-0.62432015,0.73226535,0.2720514,-0.4939583,-0.10026613,-0.86368513,,0.057580817,1.3275597,0.4376148,0.9967468,0.07916338,-0.015132561,0.043178685,-0.6830364,-0.7291069,-0.06805465,0.72608155,-0.68423253,,-0.08525232,0.29061094,-0.058365718,0.18259335,0.9791468,-0.08905762,-0.94829804,0.15147321,-0.2789027,-0.25959685,0.13537894,0.95618093,,-0.020512173,0.4561504,-0.3297368,0.6506123,0.69938004,-0.29592428,-0.6538889,0.3177658,-0.68662524,-0.38617742,0.64022845,0.66405916,,1.1629277298650977,0.42381585740456684,0.17800783909,-0.611036495313904,-0.2526408880662994,-0.18343252905551755,-0.3933325112513444,,-1.3194211888283833,-0.08158295008330772,0.17010954412,0.8106613215111712,-0.0658587928869423,0.13481041854125342,0.8724206572231854,,0.0250542014123786,0.03181517060229164,0.08397132691999999,-0.11775085106328897,,-1.8402934e-05,5.9604645e-07,-2.1457672e-06,1.0,-8.363277e-06,-8.8736415e-06,8.355826e-06,1.0,-8.6426735e-07,8.869916e-06,8.046627e-07,1.0,71,0.217,1,1,0.193,False,-0.2545756186752919,1.0467147357135185
0.2257121920119971,16:25:55.967002,16:24:29.111220,0,,0.12367385,0.009607375,0.031785622,-0.15167454,-0.97508067,0.16190255,-0.82348084,0.21525165,0.52492464,-0.5466937,-0.05370594,-0.8356086,,0.0644003,-0.03811007,0.0378322,-0.6051742,-0.6735972,0.42430028,-0.6243224,0.732266,0.27204436,-0.49394906,-0.10026598,-0.8636904,,0.057580817,1.3275597,0.4376148,0.9967468,0.07916338,-0.015132561,0.043178685,-0.6830364,-0.7291069,-0.06805465,0.72608155,-0.68423253,,-0.08512745,0.2907844,-0.05870737,0.17565805,0.9798564,-0.09500371,-0.9506893,0.14378549,-0.27480084,-0.2556052,0.13859,0.9567961,,-0.020511646,0.4561483,-0.32973668,0.6506161,0.6993794,-0.29591742,-0.65388113,0.31776613,-0.6866325,-0.38618407,0.640229,0.66405475,,1.1643332672482067,0.4237309073429504,0.17766302595000003,-0.6190047131663159,-0.24949824857169425,-0.1877920731236276,-0.3933325112513444,,-1.319413466095509,-0.08159067281618194,0.17011084041000002,0.8106613215111712,-0.0658587928869423,0.13481041854125342,0.8724206572231854,,0.0250542014123786,0.03181517060229164,0.08397132691999999,-0.11775085106328897,,-1.8402934e-05,5.9604645e-07,-2.1457672e-06,1.0,-8.363277e-06,-8.8736415e-06,8.355826e-06,1.0,-8.6426735e-07,8.869916e-06,8.046627e-07,1.0,79,0.242,1,1,0.218,False,-0.2555288621716292,1.0466181753119597
0.2725110868923366,16:25:55.991971,16:24:29.260591,0,,0.123541445,0.009498775,0.032074228,-0.14836605,-0.97466964,0.1673517,-0.82253116,0.21557023,0.5262812,-0.54902637,-0.059569694,-0.83367956,,0.06440136,-0.03811016,0.037832856,-0.6051719,-0.67356014,0.42436227,-0.62432075,0.7322898,0.27198422,-0.49395394,-0.10034096,-0.86367893,,0.057580817,1.3275597,0.4376148,0.9967468,0.07916338,-0.015132561,0.043178685,-0.6830364,-0.7291069,-0.06805465,0.72608155,-0.68423253,,-0.08501715,0.29093108,-0.05898835,0.1725351,0.97985774,-0.100550406,-0.9519174,0.13963336,-0.27268258,-0.25314993,0.14276299,0.9568353,,-0.020512784,0.45614874,-0.32973698,0.6506146,0.6993535,-0.2959819,-0.65388495,0.31770658,-0.6866564,-0.3861802,0.6402868,0.6640013,,1.1655380135765856,0.4237000164114535,0.17738173102000002,-0.6227791321490374,-0.24772197407474353,-0.19299772791814698,-0.3949659519126872,,-1.3194211888283833,-0.08159067281618194,0.17011084041000002,0.8106613215111712,-0.0658587928869423,0.13472873980111286,0.8725840012893198,,0.0250542014123786,0.03181517060229164,0.08397132691999999,-0.11775085106328897,,-1.8402934e-05,5.9604645e-07,-2.1457672e-06,1.0,-8.363277e-06,-8.8736415e-06,8.355826e-06,1.0,-8.6426735e-07,8.869916e-06,8.046627e-07,1.0,91,0.279,1,1,0.255,False,-0.254218152364166,1.0465216149104006
0.2974711009301245,16:25:56.020791,16:24:29.260591,0,,0.123452365,0.009434804,0.032266483,-0.1443634,-0.9746789,0.17076398,-0.8219712,0.2142008,0.52771336,-0.55092883,-0.06418057,-0.8320807,,0.06440136,-0.03811016,0.037832856,-0.6051719,-0.67356014,0.42436227,-0.62432075,0.7322898,0.27198422,-0.49395394,-0.10034096,-0.86367893,,0.057580817,1.3275597,0.4376148,0.9967468,0.07916338,-0.015132561,0.043178685,-0.6830364,-0.7291069,-0.06805465,0.72608155,-0.68423253,,-0.08494267,0.29103443,-0.05916934,0.16868356,0.9801639,-0.10404132,-0.95311546,0.1352972,-0.27067608,-0.25123042,0.144822,0.9570318,,-0.020512784,0.45614874,-0.32973698,0.6506146,0.6993535,-0.2959819,-0.65388495,0.31770658,-0.6866564,-0.3861802,0.6402868,0.6640013,,1.1663875141927504,0.4236768482128308,0.17720025042,-0.6271826209622123,-0.24635560907708912,-0.19574548175792245,-0.3952926400449558,,-1.3194211888283833,-0.08159067281618194,0.17011084041000002,0.8106613215111712,-0.0658587928869423,0.13472873980111286,0.8725840012893198,,0.0250542014123786,0.03181517060229164,0.08397132691999999,-0.11775085106328897,,-1.8402934e-05,5.9604645e-07,-2.1457672e-06,1.0,-8.363277e-06,-8.8736415e-06,8.355826e-06,1.0,-8.6426735e-07,8.869916e-06,8.046627e-07,1.0,100,0.307,1,1,0.283,False,-0.2544564632382502,1.0471975377213132
0.3262712019495666,16:25:56.061675,16:24:29.260591,0,,0.12326632,0.009266019,0.032697186,-0.14119573,-0.97418916,0.176123,-0.8199855,0.21476641,0.53056484,-0.55469584,-0.06950481,-0.82914513,,0.06440207,-0.03810986,0.037831783,-0.6051719,-0.67356014,0.42436227,-0.62432075,0.7322898,0.27198422,-0.49395394,-0.10034096,-0.86367893,,0.057580817,1.3275597,0.4376148,0.9967468,0.07916338,-0.015132561,0.043178685,-0.6830364,-0.7291069,-0.06805465,0.72608155,-0.68423253,,-0.08478969,0.29124838,-0.059592932,0.16581741,0.9800535,-0.109543316,-0.954708,0.13170741,-0.2668067,-0.24705715,0.14882307,0.9575043,,-0.020513339,0.45614785,-0.3297362,0.6506146,0.6993535,-0.2959819,-0.65388495,0.31770658,-0.6866564,-0.3861802,0.6402868,0.6640013,,1.1680787926922056,0.4236459572813339,0.1767750673,-0.6309570399449338,-0.24307633308271853,-0.20103323113113458,-0.3946392637804186,,-1.3194211888283833,-0.08159067281618194,0.17011213670000003,0.8106613215111712,-0.0658587928869423,0.13472873980111286,0.8725840012893198,,0.0250542014123786,0.03181517060229164,0.08397132691999999,-0.11775085106328897,,-1.8402934e-05,5.9604645e-07,-2.1457672e-06,1.0,-8.363277e-06,-8.8736415e-06,8.355826e-06,1.0,-8.6426735e-07,8.869916e-06,8.046627e-07,1.0,121,0.373,1,1,0.349,False,-0.25350321974191337,1.047294098122872
0.3671712479554117,16:25:56.118967,16:24:29.390126,0,,0.12305166,0.008938983,0.03338802,-0.13277376,-0.97320735,0.18772003,-0.8176696,0.214594,0.5341966,-0.5601676,-0.082565665,-0.8242544,,0.06437752,-0.03812962,0.03784579,-0.60513365,-0.673505,0.42450458,-0.62427044,0.7323304,0.27199033,-0.4940645,-0.10041514,-0.86360705,,0.05749551,1.3275592,0.43761915,0.9967414,0.07924839,-0.015041819,0.043302737,-0.68302655,-0.72910875,-0.06805465,0.72608155,-0.68423253,,-0.08456281,0.29154703,-0.060313128,0.15793715,0.9799514,-0.12145447,-0.95754087,0.1219479,-0.26123586,-0.24118733,0.15755647,0.9576036,,-0.020415114,0.45615828,-0.3297588,0.65068346,0.69922507,-0.29613394,-0.6539054,0.31770748,-0.6866365,-0.3860295,0.64042664,0.663954,,1.1706195718078254,0.42366140274708236,0.17607636699,-0.6403930874017374,-0.2388406015899899,-0.21175659401823363,-0.3948026078465529,,-1.319413466095509,-0.08159067281618194,0.17011991444000002,0.8106613215111712,-0.06572215638717686,0.134699000637557,0.8724206572231854,,0.0250542014123786,0.03181517060229164,0.08397132691999999,-0.11775085106328897,,-0.000103756785,-2.682209e-06,-3.4570694e-06,1.0,7.679686e-05,8.1498176e-05,-7.6800585e-05,1.0,7.599592e-06,-8.149445e-05,-7.659197e-06,1.0,129,0.397,1,1,0.373,False,-0.254694774112334,1.0467147357135185
0.4244698479305953,16:25:56.141755,16:24:29.390126,0,,0.12296298,0.008809343,0.033634156,-0.13117018,-0.97272533,0.1913109,-0.81710374,0.21535784,0.53475463,-0.56136966,-0.08617696,-0.82306606,,0.06439191,-0.03812761,0.03783369,-0.60487205,-0.6737665,0.42446253,-0.62458324,0.73206514,0.2719863,-0.49398944,-0.100595295,-0.863629,,0.05749551,1.3275592,0.43761915,0.9967414,0.07924839,-0.015041819,0.043302737,-0.68302655,-0.72910875,-0.06805465,0.72608155,-0.68423253,,-0.08449352,0.29164636,-0.060578786,0.15643013,0.9797332,-0.12510946,-0.9581186,0.11976149,-0.26012665,-0.23987143,0.16056135,0.957435,,-0.02042767,0.4561469,-0.32975036,0.6504063,0.69950175,-0.29608944,-0.6540098,0.31745648,-0.68665314,-0.38631958,0.64024895,0.6639567,,1.1714459042253673,0.4236691254799566,0.17581192383000002,-0.6422802968930981,-0.23802078259139725,-0.21544721482561296,-0.3946392637804187,,-1.319444357027006,-0.08159839554905617,0.17013806250000002,0.810241941624202,-0.06572215638717686,0.13478067937769755,0.8722573131570512,,0.0250542014123786,0.03181517060229164,0.08397132691999999,-0.11775085106328897,,-0.000103756785,-2.682209e-06,-3.4570694e-06,1.0,7.679686e-05,8.1498176e-05,-7.6800585e-05,1.0,7.599592e-06,-8.149445e-05,-7.659197e-06,1.0,146,0.451,1,1,0.427,False,-0.2552905512975445,1.046859576315857
0.4472572719678283,16:25:56.200228,16:24:29.390126,0,,0.122754276,0.008454308,0.03435251,-0.12292231,-0.970475,0.2075293,-0.81512266,0.21801421,0.5366981,-0.5660965,-0.103189655,-0.817855,,0.06441741,-0.038119577,0.03780979,-0.60485554,-0.6738246,0.42439362,-0.6245724,0.7320279,0.27211136,-0.49402332,-0.10047647,-0.8636235,,0.05749551,1.3275592,0.43761915,0.9967414,0.07924839,-0.015041819,0.043302737,-0.68302655,-0.72910875,-0.06805465,0.72608155,-0.68423253,,-0.08434088,0.2919499,-0.06133393,0.14856282,0.97871035,-0.14161614,-0.96063244,0.10883151,-0.25561878,-0.23476446,0.1740165,0.95634925,,-0.020449467,0.4561266,-0.32973036,0.65039486,0.6995423,-0.29601878,-0.65403664,0.317551,-0.68658394,-0.3862934,0.64015776,0.6640598,,1.1737163876903893,0.4238930847333091,0.17505618676,-0.6515066544064172,-0.23460487009726125,-0.23081118839967013,-0.39365919938361305,,-1.3194906934242512,-0.08159067281618194,0.17017306233,0.810241941624202,-0.06572215638717686,0.13494403685797868,0.8725840012893198,,0.0250542014123786,0.03181517060229164,0.08397132691999999,-0.11775085106328897,,-0.000103756785,-2.682209e-06,-3.4570694e-06,1.0,7.679686e-05,8.1498176e-05,-7.6800585e-05,1.0,7.599592e-06,-8.149445e-05,-7.659197e-06,1.0,154,0.475,1,1,0.451,False,-0.25481392954937654,1.0470044169181953
0.5057144509628415,16:25:56.222553,16:24:29.390126,0,,0.12270065,0.0083215535,0.03457719,-0.12106256,-0.9701851,0.2099641,-0.81533873,0.2178354,0.53644234,-0.56618595,-0.10624877,-0.8174012,,0.06441909,-0.038119324,0.03780943,-0.60498106,-0.67370266,0.42440838,-0.6244112,0.7321552,0.27213868,-0.49407336,-0.10036659,-0.8636075,,0.05749551,1.3275592,0.43761915,0.9967414,0.07924839,-0.015041819,0.043302737,-0.68302655,-0.72910875,-0.06805465,0.72608155,-0.68423253,,-0.08430511,0.2920298,-0.061585534,0.14671047,0.9786301,-0.14408034,-0.960919,0.106431246,-0.25555232,-0.23475654,0.17594175,0.9559989,,-0.020451078,0.4561262,-0.32972983,0.65053004,0.6994098,-0.2960348,-0.6539939,0.31769258,-0.6865591,-0.38613808,0.64023226,0.6640783,,1.1744114336490696,0.42403209392504515,0.17478526215,-0.6538132437847469,-0.235151416096323,-0.23330595142994465,-0.392515790920673,,-1.3194984161571255,-0.08159067281618194,0.17017435862000002,0.8104516315676866,-0.06572215638717686,0.13494403685797868,0.8725840012893198,,0.0250542014123786,0.03181517060229164,0.08397132691999999,-0.11775085106328897,,-0.000103756785,-2.682209e-06,-3.4570694e-06,1.0,7.679686e-05,8.1498176e-05,-7.6800585e-05,1.0,7.599592e-06,-8.149445e-05,-7.659197e-06,1.0,167,0.516,1,1,0.492,False,-0.2544564632382502,1.046763015914298
0.5280541379470378,16:25:56.265363,16:24:29.545046,0,,0.12257938,0.00799568,0.035142183,-0.11320013,-0.9668351,0.22894478,-0.8140308,0.22236788,0.536569,-0.56968373,-0.12562844,-0.8122057,,0.0644247,-0.038116895,0.037805796,-0.60497355,-0.67370105,0.42442164,-0.62440723,0.73215616,0.27214545,-0.49408758,-0.10037115,-0.86359894,,0.05749551,1.3275592,0.43761915,0.9967414,0.07924839,-0.015041819,0.043302737,-0.68302655,-0.72910875,-0.06805465,0.72608155,-0.68423253,,-0.08422859,0.29223555,-0.062211595,0.13913155,0.9767049,-0.16337074,-0.9629564,0.09495739,-0.25238463,-0.23099203,0.19243358,0.9537358,,-0.020456083,0.4561235,-0.3297256,0.6505247,0.69940877,-0.296049,-0.65400547,0.3176888,-0.68654984,-0.38612753,0.6402353,0.6640816,,1.175840139230801,0.42424833044552346,0.17417989472,-0.662200841524128,-0.2326919591005451,-0.25123882802388986,-0.39414923158201576,,-1.3195138616228739,-0.08158295008330772,0.17018084007,0.8104516315676866,-0.06572215638717686,0.13494403685797868,0.8725840012893198,,0.0250542014123786,0.03181517060229164,0.08397132691999999,-0.11775085106328897,,-0.000103756785,-2.682209e-06,-3.4570694e-06,1.0,7.679686e-05,8.1498176e-05,-7.6800585e-05,1.0,7.599592e-06,-8.149445e-05,-7.659197e-06,1.0,188,0.582,1,2,0.511,False,-0.2548735072678969,1.0465216149104006
0.5708656699862331,16:25:56.325779,16:24:29.545046,0,,0.12248251,0.007594779,0.035707295,-0.103395425,-0.96249545,0.25082266,-0.8152705,0.22646731,0.5329602,-0.5697749,-0.14938268,-0.80810976,,0.06442769,-0.038117133,0.037801325,-0.60484886,-0.6738522,0.42435947,-0.6245673,0.73201036,0.2721702,-0.494038,-0.10041922,-0.8636217,,0.05749551,1.3275592,0.43761915,0.9967414,0.07924839,-0.015041819,0.043302737,-0.68302655,-0.72910875,-0.06805465,0.72608155,-0.68423253,,-0.084177636,0.29239017,-0.06289203,0.12933785,0.97408843,-0.18553565,-0.964252,0.07990905,-0.25265115,-0.2312786,0.21158049,0.94960195,,-0.020458445,0.45611915,-0.32972357,0.6503903,0.69956136,-0.2959837,-0.6540481,0.31759667,-0.68655187,-0.38628173,0.64011425,0.6641086,,1.1771607265522936,0.42452634882899554,0.17350582392000002,-0.6726853386983541,-0.2344682335974958,-0.2721703700743504,-0.39284247905294173,,-1.3195138616228739,-0.08159067281618194,0.17018602523,0.810241941624202,-0.06572215638717686,0.13502571559811924,0.8724206572231854,,0.0250542014123786,0.03181517060229164,0.08397132691999999,-0.11775085106328897,,-0.000103756785,-2.682209e-06,-3.4570694e-06,1.0,7.679686e-05,8.1498176e-05,-7.6800585e-05,1.0,7.599592e-06,-8.149445e-05,-7.659197e-06,1.0,196,0.606,1,2,0.535,False,-0.2537415306159976,1.0466181753119597
0.6312540490180254,16:25:56.354329,16:24:29.545046,0,,0.12241575,0.007411763,0.036004156,-0.09894975,-0.95992625,0.26220337,-0.8141614,0.22959907,0.5333155,-0.57214516,-0.16070443,-0.8042538,,0.06442846,-0.0381181,0.037800014,-0.6048518,-0.67384917,0.42436007,-0.6245679,0.7320125,0.27216288,-0.4940336,-0.10042353,-0.86362374,,0.05749551,1.3275592,0.43761915,0.9967414,0.07924839,-0.015041819,0.043302737,-0.68302655,-0.72910875,-0.06805465,0.72608155,-0.68423253,,-0.0841346,0.29249048,-0.063229896,0.12508568,0.972361,-0.19714881,-0.9654477,0.073505044,-0.2500154,-0.2286138,0.22161022,0.9479582,,-0.020459054,0.45611745,-0.32972378,0.6503926,0.69955903,-0.2959842,-0.65404415,0.31759354,-0.68655705,-0.3862845,0.64011836,0.664103,,1.1779021089082191,0.42456496249336667,0.17316619594000002,-0.6775082073984982,-0.23241868610101418,-0.2830713362656804,-0.3965993925740301,,-1.3195138616228739,-0.08159839554905617,0.17018732152000002,0.810241941624202,-0.06572215638717686,0.13502571559811924,0.8724206572231854,,0.0250542014123786,0.03181517060229164,0.08397132691999999,-0.11775085106328897,,-0.000103756785,-2.682209e-06,-3.4570694e-06,1.0,7.679686e-05,8.1498176e-05,-7.6800585e-05,1.0,7.599592e-06,-8.149445e-05,-7.659197e-06,1.0,209,0.647,1,2,0.576,False,-0.2536819528974772,1.0467147357135185
0.6598277508746833,16:25:56.385235,16:24:29.545046,0,,0.12231967,0.0071352273,0.036393255,-0.09128161,-0.95437115,0.2843299,-0.8154651,0.23551536,0.5287241,-0.5715631,-0.18359834,-0.7997546,,0.06443094,-0.038117655,0.037798643,-0.6048495,-0.67384684,0.42436707,-0.62456626,0.73201406,0.27216256,-0.49403858,-0.10042791,-0.8636204,,0.05749551,1.3275592,0.43761915,0.9967414,0.07924839,-0.015041819,0.043302737,-0.68302655,-0.72910875,-0.06805465,0.72608155,-0.68423253,,-0.0840702,0.2925978,-0.06370045,0.11737544,0.9685021,-0.21960564,-0.9662001,0.06026195,-0.25065082,-0.229522,0.24160326,0.94284016,,-0.020461306,0.45611614,-0.32972252,0.6503911,0.6995573,-0.29599157,-0.65404797,0.3175901,-0.686555,-0.3862806,0.64012194,0.6641018,,1.178998736976359,0.4246576352878573,0.17270342041000003,-0.6856861151943947,-0.2344682335974958,-0.3050052236108564,-0.3957826722433586,,-1.3195215843557482,-0.08159839554905617,0.1701899141,0.810241941624202,-0.06572215638717686,0.13502571559811924,0.8724206572231854,,0.0250542014123786,0.03181517060229164,0.08397132691999999,-0.11775085106328897,,-0.000103756785,-2.682209e-06,-3.4570694e-06,1.0,7.679686e-05,8.1498176e-05,-7.6800585e-05,1.0,7.599592e-06,-8.149445e-05,-7.659197e-06,1.0,230,0.713,1,2,0.642,False,-0.25397984149008224,1.0467147357135185
0.6907397999893874,16:25:56.454640,16:24:29.692122,0,,0.12214567,0.00676547,0.036947757,-0.07949761,-0.947528,0.30963,-0.8150592,0.24061191,0.5270525,-0.5738978,-0.21046737,-0.79141957,,0.06443546,-0.03811615,0.03779888,-0.60483986,-0.6738428,0.42438734,-0.62456053,0.7320166,0.27216896,-0.49405766,-0.100436956,-0.8636085,,0.05749551,1.3275592,0.43761915,0.9967414,0.07924839,-0.015041819,0.043302737,-0.68302655,-0.72910875,-0.06805465,0.72608155,-0.68423253,,-0.08394108,0.2927685,-0.06435516,0.10578965,0.9636206,-0.2454462,-0.96813804,0.043469604,-0.24661525,-0.2269741,0.26371515,0.93751645,,-0.020465778,0.45611653,-0.32972094,0.65038425,0.69955456,-0.29601312,-0.65406334,0.31758282,-0.68654376,-0.38626614,0.64012855,0.66410387,,1.18068229274294,0.42452634882899554,0.17205397912,-0.6982675118034661,-0.23337514159937228,-0.32958340148119086,-0.39186241465613597,,-1.3195447525543709,-0.08159067281618194,0.17019250668000002,0.810241941624202,-0.06572215638717686,0.13502571559811924,0.8724206572231854,,0.0250542014123786,0.03181517060229164,0.08397132691999999,-0.11775085106328897,,-0.000103756785,-2.682209e-06,-3.4570694e-06,1.0,7.679686e-05,8.1498176e-05,-7.6800585e-05,1.0,7.599592e-06,-8.149445e-05,-7.659197e-06,1.0,238,0.737,1,2,0.666,False,-0.25308617571226666,1.046666455512739
0.7601277499925345,16:25:56.486809,16:24:29.692122,0,,0.12207939,0.0065597594,0.037195563,-0.07495438,-0.9423487,0.32612982,-0.8162728,0.24583879,0.52274466,-0.57278323,-0.2270289,-0.78764033,,0.06443512,-0.038115792,0.037797093,-0.60484207,-0.6738452,0.42438033,-0.6245622,0.7320151,0.27216926,-0.4940527,-0.100432515,-0.8636117,,0.05749551,1.3275592,0.43761915,0.9967414,0.07924839,-0.015041819,0.043302737,-0.68302655,-0.72910875,-0.06805465,0.72608155,-0.68423253,,-0.083895475,0.29281723,-0.06467712,0.10116098,0.95968676,-0.2622361,-0.96830845,0.03447647,-0.24736649,-0.22835337,0.27894926,0.9327604,,-0.020465197,0.4561152,-0.32971987,0.65038574,0.6995563,-0.29600576,-0.6540595,0.31758627,-0.6865458,-0.38627005,0.640125,0.664105,,1.1813464477701232,0.4245109033632471,0.17173898065,-0.7030903805036102,-0.2354246890958539,-0.34645320693765214,-0.390719006193196,,-1.3195370298214966,-0.08159067281618194,0.17019380297000003,0.810241941624202,-0.06572215638717686,0.13502571559811924,0.8724206572231854,,0.0250542014123786,0.03181517060229164,0.08397132691999999,-0.11775085106328897,,-0.000103756785,-2.682209e-06,-3.4570694e-06,1.0,7.679686e-05,8.1498176e-05,-7.6800585e-05,1.0,7.599592e-06,-8.149445e-05,-7.659197e-06,1.0,251,0.778,1,2,0.707,False,-0.2541585746456452,1.0467147357135185
0.7922739027999341,16:25:56.517877,16:24:29.692122,0,,0.12198508,0.0063102543,0.03750038,-0.06617802,-0.9365582,0.34420824,-0.81644523,0.24913806,0.52091014,-0.57361805,-0.24655434,-0.7811359,,0.06443512,-0.038115792,0.037797093,-0.60484207,-0.67387974,0.42432532,-0.6245622,0.73199284,0.27222908,-0.4940527,-0.10036197,-0.8636199,,0.05749551,1.3275592,0.43761915,0.9967414,0.07924839,-0.015041819,0.043302737,-0.68302655,-0.72910875,-0.06805465,0.72608155,-0.68423253,,-0.08382659,0.2928801,-0.0650713,0.09246189,0.9553171,-0.28074905,-0.9693992,0.021969726,-0.24450457,-0.22741142,0.29476526,0.928115,,-0.020465197,0.4561152,-0.32971987,0.65038574,0.69958043,-0.29594862,-0.6540595,0.31764236,-0.68651986,-0.38627005,0.64007074,0.66415733,,1.1821727801876654,0.42431011230851723,0.17134879736000003,-0.7123167380169293,-0.23528805259608845,-0.3640438752314289,-0.3943125756481501,,-1.3195370298214966,-0.08159067281618194,0.17019380297000003,0.810241941624202,-0.06572215638717686,0.13510739433825983,0.8725840012893198,,0.0250542014123786,0.03181517060229164,0.08397132691999999,-0.11775085106328897,,-0.000103756785,-2.682209e-06,-3.4570694e-06,1.0,7.679686e-05,8.1498176e-05,-7.6800585e-05,1.0,7.599592e-06,-8.149445e-05,-7.659197e-06,1.0,259,0.803,1,2,0.732,False,-0.2537415306159976,1.0471009773197542
0.8233639257960021,16:25:56.546175,16:24:29.830916,0,,0.12192443,0.0061594993,0.037648648,-0.06298265,-0.9327358,0.35501704,-0.8173093,0.25234962,0.5180011,-0.57274663,-0.25753367,-0.7782273,,0.06443688,-0.038115613,0.037796795,-0.60483986,-0.6738774,0.4243323,-0.62456053,0.73199445,0.27222875,-0.49405766,-0.1003664,-0.8636166,,0.05749551,1.3275592,0.43761915,0.9967414,0.07924839,-0.015041819,0.043302737,-0.68302655,-0.72910875,-0.06805465,0.72608155,-0.68423253,,-0.083778806,0.29289156,-0.06528571,0.08920019,0.95231724,-0.2917793,-0.96946114,0.015822267,-0.24473394,-0.22844775,0.30469903,0.92464596,,-0.02046689,0.45611477,-0.3297194,0.65038425,0.69957876,-0.295956,-0.65406334,0.3176389,-0.68651783,-0.38626614,0.6400743,0.66415614,,1.1825975304957477,0.42413248945241006,0.17114009467000002,-0.7156717771126816,-0.23665441759374287,-0.3752631859556896,-0.3941492315820158,,-1.3195447525543709,-0.08159067281618194,0.17019509926,0.810241941624202,-0.06572215638717686,0.13510739433825983,0.8725840012893198,,0.0250542014123786,0.03181517060229164,0.08397132691999999,-0.11775085106328897,,-0.000103756785,-2.682209e-06,-3.4570694e-06,1.0,7.679686e-05,8.1498176e-05,-7.6800585e-05,1.0,7.599592e-06,-8.149445e-05,-7.659197e-06,1.0,272,0.844,1,2,0.773,False,-0.25344364202339253,1.0471975377213132
0.8516796769108623,16:25:56.587315,16:24:29.830916,0,,0.12178929,0.00590007,0.03795302,-0.05808049,-0.92866606,0.36634162,-0.818463,0.25441074,0.51516354,-0.5716162,-0.26991612,-0.7748551,,0.06443871,-0.03811667,0.03779614,-0.6048405,-0.67387205,0.42433983,-0.62455946,0.7319982,0.2722211,-0.49405816,-0.100375146,-0.8636153,,0.05749551,1.3275592,0.43761915,0.9967414,0.07924839,-0.015041819,0.043302737,-0.68302655,-0.72910875,-0.06805465,0.72608155,-0.68423253,,-0.08366931,0.29294908,-0.06568934,0.08421338,0.949149,-0.30335495,-0.9695942,0.007853863,-0.24459241,-0.22977214,0.31472915,0.9209508,,-0.02046864,0.45611352,-0.3297199,0.650385,0.6995747,-0.29596382,-0.6540632,0.3176323,-0.686521,-0.38626504,0.640082,0.66414934,,1.1836323767008936,0.4238467483360638,0.17074731880000002,-0.7209140256997947,-0.23870396509022446,-0.3871505882635766,-0.39414923158201587,,-1.3195524752872452,-0.08159839554905617,0.17019639555000002,0.810241941624202,-0.06572215638717686,0.13510739433825983,0.8725840012893198,,0.0250542014123786,0.03181517060229164,0.08397132691999999,-0.11775085106328897,,-0.000103756785,-2.682209e-06,-3.4570694e-06,1.0,7.679686e-05,8.1498176e-05,-7.6800585e-05,1.0,7.599592e-06,-8.149445e-05,-7.659197e-06,1.0,280,0.868,1,2,0.797,False,-0.25397984149008224,1.047390658524431
0.8928045528009534,16:25:56.619175,16:24:29.830916,0,,0.1215933,0.005614117,0.038312823,-0.056897894,-0.9237586,0.37872505,-0.81826776,0.2604876,0.5124296,-0.57201445,-0.28074232,-0.7707031,,0.06443871,-0.03811667,0.03779614,-0.6048405,-0.67387205,0.42433983,-0.62455946,0.7319982,0.2722211,-0.49405816,-0.100375146,-0.8636153,,0.05749551,1.3275592,0.43761915,0.9967414,0.07924839,-0.015041819,0.043302737,-0.68302655,-0.72910875,-0.06805465,0.72608155,-0.68423253,,-0.083503395,0.2930324,-0.066153206,0.083064556,0.94510293,-0.3160391,-0.96980685,0.0036944363,-0.24384627,-0.22929224,0.32675186,0.9168742,,-0.02046864,0.45611352,-0.3297199,0.650385,0.6995747,-0.29596382,-0.6540632,0.3176323,-0.686521,-0.38626504,0.640082,0.66414934,,1.184983854953883,0.42333704796636495,0.17028324698000002,-0.7223818553041864,-0.23870396509022446,-0.40193444022901836,-0.39594601630949294,,-1.3195447525543709,-0.08159839554905617,0.17019639555000002,0.810241941624202,-0.06572215638717686,0.13510739433825983,0.8725840012893198,,0.0250542014123786,0.03181517060229164,0.08397132691999999,-0.11775085106328897,,-0.000103756785,-2.682209e-06,-3.4570694e-06,1.0,7.679686e-05,8.1498176e-05,-7.6800585e-05,1.0,7.599592e-06,-8.149445e-05,-7.659197e-06,1.0,293,0.909,1,2,0.838,False,-0.25439688551972894,1.0475354991267694
0.9246736757922918,16:25:56.654158,16:24:29.830916,0,,0.12143986,0.005381435,0.038572937,-0.053399067,-0.92049336,0.38709256,-0.8199122,0.26168793,0.5091791,-0.5699935,-0.2901922,-0.7686976,,0.06443738,-0.03811746,0.037793458,-0.6048479,-0.6739084,0.42427146,-0.62456346,0.73197496,0.27227414,-0.4940439,-0.100299984,-0.86363214,,0.05749551,1.3275592,0.43761915,0.9967414,0.07924839,-0.015041819,0.043302737,-0.68302655,-0.72910875,-0.06805465,0.72608155,-0.68423253,,-0.083372146,0.29307574,-0.066508494,0.07940784,0.94252,-0.32457718,-0.9695511,-0.002642761,-0.24487491,-0.2316573,0.33413914,0.9136115,,-0.020466974,0.45611092,-0.32971948,0.6503903,0.6995999,-0.2958925,-0.65405166,0.3176922,-0.68650424,-0.3862756,0.6400247,0.6641984,,1.1860341466247775,0.42296635678840216,0.16995269303000002,-0.7261562742869078,-0.24170996808506415,-0.4107549124870947,-0.3939858875158816,,-1.3195370298214966,-0.08160611828193039,0.17019769184000003,0.810241941624202,-0.06572215638717686,0.13518907307840036,0.872747345355454,,0.0250542014123786,0.03181517060229164,0.08397132691999999,-0.11775085106328897,,-0.000103756785,-2.682209e-06,-3.4570694e-06,1.0,7.679686e-05,8.1498176e-05,-7.6800585e-05,1.0,7.599592e-06,-8.149445e-05,-7.659197e-06,1.0,301,0.934,1,2,0.863,False,-0.2552905512975445,1.046763015914298
0.9596635338384658,16:25:56.686300,16:24:29.960350,0,,0.12125954,0.0052113086,0.038815826,-0.050553717,-0.91754204,0.39441225,-0.81839633,0.2644091,0.510211,-0.5724262,-0.29699248,-0.76427996,,0.06443928,-0.03811861,0.03779286,-0.6047209,-0.6740572,0.4242162,-0.6247218,0.7318307,0.27229857,-0.49399924,-0.100352496,-0.86365163,,0.05749551,1.3275592,0.43761915,0.9967414,0.07924839,-0.015041819,0.043302737,-0.68302655,-0.72910875,-0.06805465,0.72608155,-0.68423253,,-0.083211884,0.2931493,-0.066807434,0.07676289,0.94009155,-0.33216757,-0.97045577,-0.0059839035,-0.2412048,-0.22874226,0.34086952,0.91185796,,-0.020468803,0.45610967,-0.32972008,0.6502544,0.6997508,-0.2958345,-0.65409803,0.31759658,-0.6865043,-0.38642588,0.63990724,0.6642242,,1.18715394289154,0.4223639836242127,0.1696584352,-0.7293016234391757,-0.23911387458952077,-0.4189977581678689,-0.394802607846553,,-1.3195447525543709,-0.08161384101480462,0.17019898813,0.8100322516807175,-0.06572215638717686,0.13527075181854092,0.8725840012893198,,0.0250542014123786,0.03181517060229164,0.08397132691999999,-0.11775085106328897,,-0.000103756785,-2.682209e-06,-3.4570694e-06,1.0,7.679686e-05,8.1498176e-05,-7.6800585e-05,1.0,7.599592e-06,-8.149445e-05,-7.659197e-06,1.0,314,0.975,1,2,0.904,False,-0.25427773008268684,1.0471975377213132
0.9918059718329459,16:25:56.713590,16:24:29.960350,0,,0.121071056,0.0049966723,0.039004058,-0.048201434,-0.9115157,0.40843093,-0.81917477,0.27004337,0.5059934,-0.5715151,-0.31018665,-0.7597071,,0.06444071,-0.038118042,0.037790716,-0.6047209,-0.6741265,0.4241061,-0.6247218,0.73178625,0.27241805,-0.49399924,-0.10021144,-0.8636681,,0.05749551,1.3275592,0.43761915,0.9967414,0.07924839,-0.015041819,0.043302737,-0.68302655,-0.72910875,-0.06805465,0.72608155,-0.68423253,,-0.0830404,0.29315284,-0.067103416,0.07434079,0.9350862,-0.3465361,-0.9703967,-0.012241235,-0.24120624,-0.22979066,0.35420892,0.9064945,,-0.020469917,0.4561079,-0.32971853,0.6502544,0.6997991,-0.2957202,-0.65409803,0.31770873,-0.68645245,-0.38642588,0.6397987,0.6643287,,1.1881270072336925,0.4215762648710418,0.16937584398000002,-0.7318179027609899,-0.24034360308740974,-0.43498417498383796,-0.3938225434497472,,-1.3195447525543709,-0.08161384101480462,0.17020158071000002,0.8100322516807175,-0.06572215638717686,0.13543410929882208,0.8725840012893198,,0.0250542014123786,0.03181517060229164,0.08397132691999999,-0.11775085106328897,,-0.000103756785,-2.682209e-06,-3.4570694e-06,1.0,7.679686e-05,8.1498176e-05,-7.6800585e-05,1.0,7.599592e-06,-8.149445e-05,-7.659197e-06,1.0,331,1.028,1,2,0.957,False,-0.2547543518308557,1.0471975377213132
1.0190728269517422,16:25:56.768909,16:24:29.960350,0,,NaN,NaN,NaN,NaN,NaN,NaN,NaN,NaN,NaN,NaN,NaN,NaN,,0.064448506,-0.038119353,0.037792504,-0.6047103,-0.67410934,0.4241485,-0.6247123,0.7317979,0.2724089,-0.49402425,-0.10024227,-0.8636501,,0.05749551,1.3275592,0.43761915,0.9967414,0.07924839,-0.015041819,0.043302737,-0.68302655,-0.72910875,-0.06805465,0.72608155,-0.68423253,,NaN,NaN,NaN,NaN,NaN,NaN,NaN,NaN,NaN,NaN,NaN,NaN,,-0.02047791,0.456108,-0.3297198,0.6502476,0.6997866,-0.29576483,-0.654117,0.31768483,-0.6864454,-0.38640532,0.6398243,0.66431606,,NaN,NaN,NaN,NaN,NaN,NaN,NaN,,-1.3195910889516163,-0.08162156374767884,0.17020417329,0.8100322516807175,-0.06572215638717686,0.13543410929882205,0.8729106894215883,,0.0250542014123786,0.03181517060229164,0.08397132691999999,-0.11775085106328897,,-0.000103756785,-2.682209e-06,-3.4570694e-06,1.0,7.679686e-05,8.1498176e-05,-7.6800585e-05,1.0,7.599592e-06,-8.149445e-05,-7.659197e-06,1.0,353,1.098,0,2,0.977,False,-0.2543373078012081,1.047294098122872
1.0743983048014343,16:25:56.837030,16:24:30.148544,0,,NaN,NaN,NaN,NaN,NaN,NaN,NaN,NaN,NaN,NaN,NaN,NaN,,0.0644486,-0.038119547,0.037787676,-0.60471773,-0.67418027,0.424025,-0.6247163,0.7317524,0.27252173,-0.49401012,-0.10009663,-0.8636751,,0.05749551,1.3275592,0.43761915,0.9967414,0.07924839,-0.015041819,0.043302737,-0.68302655,-0.72910875,-0.06805465,0.72608155,-0.68423253,,NaN,NaN,NaN,NaN,NaN,NaN,NaN,NaN,NaN,NaN,NaN,NaN,,-0.020477358,0.45610365,-0.32971784,0.65025294,0.6998359,-0.2956363,-0.6541054,0.31780076,-0.6864028,-0.38641587,0.63971275,0.6644173,,NaN,NaN,NaN,NaN,NaN,NaN,NaN,,-1.3195756434858676,-0.08162928648055306,0.17020806216,0.8100322516807175,-0.06572215638717686,0.13559746677910314,0.8725840012893198,,0.0250542014123786,0.03181517060229164,0.08397132691999999,-0.11775085106328897,,-0.000103756785,-2.682209e-06,-3.4570694e-06,1.0,7.679686e-05,8.1498176e-05,-7.6800585e-05,1.0,7.599592e-06,-8.149445e-05,-7.659197e-06,1.0,366,1.139,0,2,0.977,False,-0.2548735072678969,1.0474389387252105
1.142529479926452,16:25:56.878415,16:24:30.148544,0,,NaN,NaN,NaN,NaN,NaN,NaN,NaN,NaN,NaN,NaN,NaN,NaN,,0.064454235,-0.038119383,0.03778833,-0.60470873,-0.67420554,0.4239978,-0.6247095,0.7317364,0.2725802,-0.4940297,-0.10004383,-0.86367,,0.05749551,1.3275592,0.43761915,0.9967414,0.07924839,-0.015041819,0.043302737,-0.68302655,-0.72910875,-0.06805465,0.72608155,-0.68423253,,NaN,NaN,NaN,NaN,NaN,NaN,NaN,NaN,NaN,NaN,NaN,NaN,,-0.02048302,0.45610368,-0.32971752,0.65024686,0.6998533,-0.29560855,-0.6541207,0.31784296,-0.6863687,-0.38640028,0.63967276,0.6644649,,NaN,NaN,NaN,NaN,NaN,NaN,NaN,,-1.3196065344173646,-0.08162928648055306,0.17021065474000002,0.8100322516807175,-0.06572215638717686,0.13567914551924373,0.8724206572231854,,0.0250542014123786,0.03181517060229164,0.08397132691999999,-0.11775085106328897,,-0.000103756785,-2.682209e-06,-3.4570694e-06,1.0,7.679686e-05,8.1498176e-05,-7.6800585e-05,1.0,7.599592e-06,-8.149445e-05,-7.659197e-06,1.0,388,1.208,0,2,0.977,False,-0.2549926627049395,1.0471975377213132
1.183909618994221,16:25:56.946908,16:24:30.148544,0,,NaN,NaN,NaN,NaN,NaN,NaN,NaN,NaN,NaN,NaN,NaN,NaN,,0.06446138,-0.0381257,0.03778833,-0.60445666,-0.6744176,0.42402,-0.62502295,0.73150367,0.27248645,-0.49394178,-0.10031602,-0.86368877,,0.05749551,1.3275592,0.43761915,0.9967414,0.07924839,-0.015041819,0.043302737,-0.68302655,-0.72910875,-0.06805465,0.72608155,-0.68423253,,NaN,NaN,NaN,NaN,NaN,NaN,NaN,NaN,NaN,NaN,NaN,NaN,,-0.020490255,0.45610002,-0.32972255,0.64997727,0.70009446,-0.29563037,-0.65421295,0.31751987,-0.6864303,-0.38669753,0.6395693,0.6643916,,NaN,NaN,NaN,NaN,NaN,NaN,NaN,,-1.3196451480817357,-0.08166790014492419,0.17021324732,0.8096128717937485,-0.06572215638717686,0.13567914551924373,0.8724206572231854,,0.0250542014123786,0.03181517060229164,0.08397132691999999,-0.11775085106328897,,-0.000103756785,-2.682209e-06,-3.4570694e-06,1.0,7.679686e-05,8.1498176e-05,-7.6800585e-05,1.0,7.599592e-06,-8.149445e-05,-7.659197e-06,1.0,410,1.278,0,2,0.977,False,-0.25427773008268684,1.0471975377213132
1.252374533796683,16:25:57.030881,16:24:30.285062,0,,NaN,NaN,NaN,NaN,NaN,NaN,NaN,NaN,NaN,NaN,NaN,NaN,,0.06445625,-0.03811962,0.037783206,-0.6044584,-0.67444384,0.4239758,-0.62503064,0.7314855,0.27251768,-0.49392998,-0.10027227,-0.8637005,,0.05749551,1.3275592,0.43761915,0.9967414,0.07924839,-0.015041819,0.043302737,-0.68302655,-0.72910875,-0.06805465,0.72608155,-0.68423253,,NaN,NaN,NaN,NaN,NaN,NaN,NaN,NaN,NaN,NaN,NaN,NaN,,-0.020484328,0.45609885,-0.32971528,0.64997715,0.700114,-0.2955842,-0.6542058,0.31755316,-0.6864217,-0.38670978,0.6395313,0.66442096,,NaN,NaN,NaN,NaN,NaN,NaN,NaN,,-1.3195988116844903,-0.08163700921342729,0.17021583990000003,0.8096128717937485,-0.06572215638717686,0.13567914551924373,0.8724206572231854,,0.0250542014123786,0.03181517060229164,0.08397132691999999,-0.11775085106328897,,-0.000103756785,-2.682209e-06,-3.4570694e-06,1.0,7.679686e-05,8.1498176e-05,-7.6800585e-05,1.0,7.599592e-06,-8.149445e-05,-7.659197e-06,1.0,436,1.36,0,2,0.977,False,-0.25481392954937654,1.046859576315857
