Task Time,PC1 Time,PC2 Time,Gaze Calib,s_T_psm1,Tx,Ty,Tz,R00,R01,R02,R10,R11,R12,R20,R21,R22,s_T_psm3,Tx,Ty,Tz,R00,R01,R02,R10,R11,R12,R20,R21,R22,cart_T_ecm,Tx,Ty,Tz,R00,R01,R02,R10,R11,R12,R20,R21,R22,ecm_T_psm1,Tx,Ty,Tz,R00,R01,R02,R10,R11,R12,R20,R21,R22,ecm_T_psm3,Tx,Ty,Tz,R00,R01,R02,R10,R11,R12,R20,R21,R22,psm1_joints,q1,q2,q3,q4,q5,q6,jaw,psm3_joints,q1,q2,q3,q4,q5,q6,jaw,ecm_joints,q1,q2,q3,q4,ecmi_T_ecm,Tx,Ty,Tz,R00,R01,R02,R10,R11,R12,R20,R21,R22,Sample #,Task Duration (s),Collisions (binary),Collisions (increments),Cumulative Collision Time (s),Clutch Press,MTMR Angle,MTML Angle
""
lci_T_si,,,,,-0.063657075,0.025385704,0.2469648,0.99608046,0.04609189,0.0754932,0.084081955,-0.75835806,-0.6463925,0.02745742,0.6502066,-0.75926113
rci_T_si,,,,,-0.07441909,0.030183764,0.26059738,0.9968228,0.032426473,0.07275223,0.07222477,-0.75309837,-0.6539315,0.033584893,0.65710837,-0.7530476
ecm_T_lc,,,,,-4.4061628e-05,-0.00034663224,-0.01840835,-0.99912,0.030754527,0.028518902,-0.031987965,-0.99852574,-0.043852776,0.027128186,-0.04472645,0.9986309
ecm_T_rc,,,,,-0.0043358393,0.01870579,-0.007592615,-0.99555075,-0.052743673,-0.078081585,0.04863213,-0.9973746,0.053654674,-0.08070653,0.04961868,0.9955021
cart_T_ecmi,,,,,0.07751704,1.3301718,0.45619854,0.9982497,0.036658186,-0.046408493,-0.0016564787,-0.76707995,-0.64154935,-0.05911706,0.6405033,-0.7656766
ecmac_T_ecmrep_psm1,,,,,0.0028397094,-0.24236576,-0.3123762,0.99938005,0.032352094,0.013886033,-0.031258944,0.9968569,-0.072795466,-0.016197473,0.07231628,0.9972502
ecmac_T_ecmrep_psm3,,,,,-0.018767226,-0.44603547,-0.53896165,0.9994355,-0.013331066,-0.030837692,0.013906483,0.9997318,0.01852092,0.030582517,-0.018939309,0.9993528
""
0,10:14:00.799067,10:12:54.827922,0,,0.08435939,0.0059779435,0.008749753,-0.84885603,0.06315963,-0.5248373,0.09843451,0.9943576,-0.039542645,0.5193784,-0.085228205,-0.8502834,,0.064662635,0.0016065165,0.03200668,-0.13697888,0.30944082,0.94100106,-0.015122205,-0.95049804,0.31036252,0.9904586,0.028283209,0.13487756,,0.07745061,1.3301741,0.45619887,0.99824977,0.036705635,-0.046368808,-0.001594726,-0.7670777,-0.6415522,-0.05911706,0.6405033,-0.7656766,,-0.037444077,0.24001926,-0.07213763,0.7971632,-0.09384885,0.5964254,0.4715407,0.71371245,-0.517942,-0.37706795,0.69412315,0.6131988,,0.0003326046,0.44640058,-0.31292334,-0.011522314,-0.2718361,-0.9622746,0.6882559,-0.70026004,0.18957755,-0.7253765,-0.66010684,0.19516142,,1.213913212300728,0.18959309206221173,0.20382086186,1.3835342471108918,-0.16533016471618295,-0.596617454486065,0.32456465940881296,,-1.2826378121484519,0.23727324482767384,0.19588886335000003,-2.2921207722293357,-1.055380324188262,0.9359813653008979,0.8139434815471136,,-0.03254166390343428,-0.08714647121364187,0.07824560327999999,-0.058221254136848435,,-6.6336244e-05,-3.8146973e-06,1.3113022e-06,0.99999994,4.7367066e-05,3.9618462e-05,-4.736334e-05,0.99999994,3.6358833e-06,-3.9622188e-05,-3.6656857e-06,1.0,37,0.111,0,0,0.0,False,0.45487585347317117,0.9877163303610204
0.12310254201292992,10:14:00.837338,10:12:54.886573,0,,0.084299065,0.005962804,0.008698642,-0.8485404,0.06682852,-0.52489316,0.102455616,0.99396956,-0.03907895,0.5191163,-0.0869385,-0.8502704,,0.0646591,0.0016092882,0.032007217,-0.13696271,0.30952924,0.9409743,-0.015137732,-0.9504694,0.3104493,0.99046063,0.028275847,0.13486442,,0.07745061,1.3301741,0.45619887,0.99824977,0.036705635,-0.046368808,-0.001594726,-0.7670777,-0.6415522,-0.05911706,0.6405033,-0.7656766,,-0.037379086,0.23998062,-0.072110035,0.7967168,-0.09734124,0.5964621,0.47447342,0.7120373,-0.5175691,-0.37432247,0.69536144,0.61347795,,0.00033591327,0.44640335,-0.31292206,-0.011537958,-0.27192354,-0.9622497,0.68824404,-0.7002564,0.18963403,-0.7253875,-0.66007465,0.19522929,,1.2141294488212062,0.1892455690828716,0.20386752830000002,1.386889286206644,-0.16287070772040502,-0.5964176507688054,0.2917325021158228,,-1.2826300894155778,0.2372964130262965,0.19588886335000003,-2.2921207722293357,-1.055380324188262,0.9358996865607573,0.8141068256132479,,-0.03254166390343428,-0.08714647121364187,0.07824560327999999,-0.058221254136848435,,-6.6336244e-05,-3.8146973e-06,1.3113022e-06,0.99999994,4.7367066e-05,3.9618462e-05,-4.736334e-05,0.99999994,3.6358833e-06,-3.9622188e-05,-3.6656857e-06,1.0,48,0.145,0,0,0.0,False,0.4170440022123154,0.9887784947781684
0.1613620660500601,10:14:00.866524,10:12:54.886573,0,,0.0842586,0.005962968,0.008671194,-0.84866905,0.070321485,-0.5242285,0.10542202,0.9937253,-0.037365735,0.51831144,-0.0869765,-0.85075736,,0.0646591,0.0016092882,0.032007217,-0.13696271,0.30968297,0.9409237,-0.015137732,-0.9504187,0.31060454,0.99046063,0.028297812,0.13485982,,0.07745061,1.3301741,0.45619887,0.99824977,0.036705635,-0.046368808,-0.001594726,-0.7670777,-0.6415522,-0.05911706,0.6405033,-0.7656766,,-0.037336472,0.23996696,-0.07209031,0.7967993,-0.100806326,0.5957759,0.4762852,0.7115327,-0.51659817,-0.37183765,0.6953843,0.6149613,,0.00033591327,0.44640335,-0.31292206,-0.011537958,-0.27208072,-0.96220523,0.68824404,-0.7002255,0.1897484,-0.7253875,-0.6600427,0.19533712,,1.2143456853416845,0.18906022349389023,0.20389734297000003,1.3889861856414893,-0.16041125072462709,-0.5948293084691563,0.26461738713753236,,-1.2826300894155778,0.2372964130262965,0.19588886335000003,-2.2921207722293357,-1.055380324188262,0.9357363290804761,0.8150868900100535,,-0.03254166390343428,-0.08714647121364187,0.07824560327999999,-0.058221254136848435,,-6.6336244e-05,-3.8146973e-06,1.3113022e-06,0.99999994,4.7367066e-05,3.9618462e-05,-4.736334e-05,0.99999994,3.6358833e-06,-3.9622188e-05,-3.6656857e-06,1.0,56,0.169,0,0,0.0,False,0.3883871196036983,0.9882956927703739
0.19056033005472273,10:14:00.887681,10:12:54.886573,0,,0.08421624,0.0059676766,0.008660927,-0.8488174,0.07080471,-0.52392334,0.10595679,0.9936681,-0.037374914,0.51795954,-0.087237835,-0.850945,,0.06465827,0.001610361,0.032007635,-0.13695955,0.30968663,0.940923,-0.015144169,-0.9504177,0.31060728,0.9904609,0.028291255,0.13485871,,0.07745061,1.3301741,0.45619887,0.99824977,0.036705635,-0.046368808,-0.001594726,-0.7670777,-0.6415522,-0.05911706,0.6405033,-0.7656766,,-0.0372936,0.23996775,-0.07208116,0.79695636,-0.101262994,0.59548837,0.47649306,0.71128476,-0.5167479,-0.37123436,0.69557154,0.61511403,,0.00033662908,0.44640452,-0.31292167,-0.011540887,-0.2720834,-0.96220446,0.6882393,-0.70022976,0.1897497,-0.725392,-0.66003704,0.19533975,,1.2145464763964144,0.18894438250077686,0.20391808361000002,1.3891958755849738,-0.15959143172603446,-0.5947627072300696,0.2468128839288959,,-1.2826300894155778,0.23730413575917073,0.19588886335000003,-2.2921207722293357,-1.055380324188262,0.9357363290804762,0.815413578142322,,-0.03254166390343428,-0.08714647121364187,0.07824560327999999,-0.058221254136848435,,-6.6336244e-05,-3.8146973e-06,1.3113022e-06,0.99999994,4.7367066e-05,3.9618462e-05,-4.736334e-05,0.99999994,3.6358833e-06,-3.9622188e-05,-3.6656857e-06,1.0,64,0.193,0,0,0.0,False,0.3779014411439965,0.9881991323688146
0.21171603503171355,10:14:00.910858,10:12:54.886573,0,,0.0841749,0.0059819072,0.008665428,-0.84813493,0.07186035,-0.5248839,0.107278064,0.9935281,-0.03732446,0.5188048,-0.08796486,-0.850355,,0.06465896,0.0016102567,0.032009423,-0.13696618,0.30953228,0.94097275,-0.015147895,-0.95046866,0.3104511,0.9904599,0.028267622,0.1348708,,0.07745061,1.3301741,0.45619887,0.99824977,0.036705635,-0.046368808,-0.001594726,-0.7670777,-0.6415522,-0.05911706,0.6405033,-0.7656766,,-0.03725338,0.23998506,-0.07207744,0.79615414,-0.102246776,0.59639263,0.4779901,0.7106341,-0.5162602,-0.37103102,0.6960925,0.61464727,,0.00033567954,0.4464056,-0.31292292,-0.01153403,-0.27192536,-0.9622492,0.68823683,-0.70026195,0.18963988,-0.7253944,-0.66006804,0.1952259,,1.2147549901840184,0.18889032337065728,0.20393234280000003,1.39087339513285,-0.15959143172603446,-0.5950894221906319,0.2291717247863937,,-1.2826378121484519,0.23730413575917073,0.19588756706000002,-2.2921207722293357,-1.055380324188262,0.9358996865607574,0.8150868900100534,,-0.03254166390343428,-0.08714647121364187,0.07824560327999999,-0.058221254136848435,,-6.6336244e-05,-3.8146973e-06,1.3113022e-06,0.99999994,4.7367066e-05,3.9618462e-05,-4.736334e-05,0.99999994,3.6358833e-06,-3.9622188e-05,-3.6656857e-06,1.0,71,0.214,0,0,0.0,False,0.3627687006396543,0.9877646105617996
0.23487017606385052,10:14:00.942240,10:12:54.886573,0,,0.084100455,0.00601165,0.008685872,-0.8480057,0.07221146,-0.5250444,0.10775137,0.9934743,-0.037394077,0.51891786,-0.0882847,-0.85025287,,0.06465621,0.0016102567,0.032007217,-0.13690752,0.30962694,0.9409501,-0.015017092,-0.95043427,0.3105628,0.99047,0.028388083,0.13477129,,0.07745061,1.3301741,0.45619887,0.99824977,0.036705635,-0.046368808,-0.001594726,-0.7670777,-0.6415522,-0.05911706,0.6405033,-0.7656766,,-0.037182134,0.24002713,-0.07207775,0.79599774,-0.10256706,0.5965464,0.4784175,0.71036327,-0.5162371,-0.37081572,0.6963217,0.61451745,,0.00033873226,0.44640443,-0.31292155,-0.011598738,-0.2720382,-0.96221656,0.68832934,-0.7001671,0.18965425,-0.72530556,-0.66012216,0.19537294,,1.2151951859578494,0.18884398697341193,0.20394919457000002,1.3912927750198192,-0.15904488572697267,-0.5952900575849959,0.20744696399053453,,-1.2826223666827035,0.23731185849204495,0.19588756706000002,-2.2921207722293357,-1.0552436876884965,0.9357882686570608,0.8144335137455163,,-0.03254166390343428,-0.08714647121364187,0.07824560327999999,-0.058221254136848435,,-6.6336244e-05,-3.8146973e-06,1.3113022e-06,0.99999994,4.7367066e-05,3.9618462e-05,-4.736334e-05,0.99999994,3.6358833e-06,-3.9622188e-05,-3.6656857e-06,1.0,83,0.251,0,0,0.0,False,0.3422739654684186,0.9876197699594613
0.26621250610332936,10:14:00.972062,10:12:55.014447,0,,0.08402422,0.0060399175,0.008716807,-0.8476083,0.07478091,-0.5253264,0.11034307,0.99321747,-0.036651462,0.5190226,-0.08903241,-0.85011095,,0.064619705,0.0016212091,0.03202659,-0.1399126,0.31022877,0.94030964,-0.016614914,-0.9502526,0.31103697,0.99002445,0.027894855,0.1381067,,0.07745061,1.3301741,0.45619887,0.99824977,0.036705635,-0.046368808,-0.001594726,-0.7670777,-0.6415522,-0.05911706,0.6405033,-0.7656766,,-0.03710995,0.24007477,-0.0720872,0.79549354,-0.105051786,0.59678656,0.4804624,0.7094828,-0.5155483,-0.3692505,0.69684887,0.6148624,,0.00037147486,0.44643041,-0.31293058,-0.008499197,-0.27256668,-0.9620994,0.6872806,-0.70045626,0.19237067,-0.7263423,-0.6595972,0.1932831,,1.2157126090604222,0.18878220511041813,0.20395567602000003,1.3935993643981488,-0.1574052477297874,-0.5949934976265416,0.1875189879221526,,-1.2826378121484519,0.23730413575917073,0.19588627077,-2.29694364092948,-1.0577031446842744,0.9394273657264076,0.8137801374809792,,-0.03254166390343428,-0.08714647121364187,0.07824560327999999,-0.058221254136848435,,-6.6336244e-05,-3.8146973e-06,1.3113022e-06,0.99999994,4.7367066e-05,3.9618462e-05,-4.736334e-05,0.99999994,3.6358833e-06,-3.9622188e-05,-3.6656857e-06,1.0,91,0.276,0,0,0.0,False,0.3104594637781868,0.9866541659438723
0.29607568809296936,10:14:00.997973,10:12:55.014447,0,,0.0839288,0.0060661137,0.008756489,-0.84743303,0.07694323,-0.52529687,0.113003075,0.9929105,-0.03686455,0.51873636,-0.09060055,-0.85011995,,0.064627014,0.001619719,0.03202814,-0.13953136,0.30949804,0.9406071,-0.016746342,-0.9505012,0.31026945,0.99007607,0.027540654,0.13780767,,0.07745061,1.3301741,0.45619887,0.99824977,0.036705635,-0.046368808,-0.001594726,-0.7670777,-0.6415522,-0.05911706,0.6405033,-0.7656766,,-0.03701933,0.24012782,-0.072105564,0.7952411,-0.107059404,0.5967661,0.4823348,0.7080848,-0.51572186,-0.36734816,0.6979643,0.6147367,,0.0003640803,0.44642946,-0.31293216,-0.008878279,-0.27178198,-0.9623179,0.68717164,-0.7007804,0.19157763,-0.72644085,-0.6595767,0.1929826,,1.2163535958889828,0.188674086850179,0.20395826860000002,1.3956962638329942,-0.15521906373354036,-0.595551002983576,0.16514085086175634,,-1.2826455348813262,0.23730413575917073,0.19588627077,-2.296104881155542,-1.0577031446842744,0.9395090444665481,0.8139434815471135,,-0.03254166390343428,-0.08714647121364187,0.07824560327999999,-0.058221254136848435,,-6.6336244e-05,-3.8146973e-06,1.3113022e-06,0.99999994,4.7367066e-05,3.9618462e-05,-4.736334e-05,0.99999994,3.6358833e-06,-3.9622188e-05,-3.6656857e-06,1.0,98,0.296,0,0,0.0,False,0.28174300345104886,0.985785122329842
0.32198669109493494,10:14:01.019110,10:12:55.014447,0,,0.08386174,0.006083086,0.008786514,-0.846993,0.07869774,-0.5257464,0.114990056,0.99268997,-0.036658973,0.5190182,-0.09150568,-0.8498509,,0.064626664,0.0016181394,0.032025695,-0.13937938,0.30942532,0.94065356,-0.01664108,-0.95052356,0.31020635,0.99009925,0.027583003,0.13763252,,0.07745061,1.3301741,0.45619887,0.99824977,0.036705635,-0.046368808,-0.001594726,-0.7670777,-0.6415522,-0.05911706,0.6405033,-0.7656766,,-0.03695577,0.24016535,-0.07212102,0.7947027,-0.10872075,0.59718287,0.48401716,0.7072021,-0.5153567,-0.366299,0.6986022,0.61463815,,0.00036485566,0.4464267,-0.31293157,-0.009036113,-0.27171555,-0.96233517,0.6872426,-0.7007576,0.19140601,-0.7263717,-0.6596282,0.19306663,,1.2167860689299395,0.18859685952143676,0.20395826860000002,1.3975834733243548,-0.1541259717354168,-0.5957072375518824,0.14994985271126826,,-1.2826300894155778,0.23730413575917073,0.19588627077,-2.295895191212057,-1.0575665081845091,0.9393976265628519,0.8126367290180393,,-0.03254166390343428,-0.08714647121364187,0.07824560327999999,-0.058221254136848435,,-6.6336244e-05,-3.8146973e-06,1.3113022e-06,0.99999994,4.7367066e-05,3.9618462e-05,-4.736334e-05,0.99999994,3.6358833e-06,-3.9622188e-05,-3.6656857e-06,1.0,106,0.321,0,0,0.0,False,0.2507030121015905,0.9849160787158118
0.3431483580498025,10:14:01.043362,10:12:55.014447,0,,0.08377105,0.0061040223,0.0088338405,-0.8463849,0.081867285,-0.52624154,0.11901544,0.9922004,-0.037063032,0.5191028,-0.09400061,-0.8495269,,0.064626664,0.0016181394,0.032025695,-0.13937938,0.3092717,0.9407041,-0.01664108,-0.9505743,0.31005102,0.99009925,0.027560502,0.13763705,,0.07745061,1.3301741,0.45619887,0.99824977,0.036705635,-0.046368808,-0.001594726,-0.7670777,-0.6415522,-0.05911706,0.6405033,-0.7656766,,-0.036870312,0.24021873,-0.072148405,0.7939353,-0.111645296,0.5976638,0.48714536,0.7049997,-0.5154269,-0.3638078,0.70036477,0.6141116,,0.00036485566,0.4464267,-0.31293157,-0.009036113,-0.27155834,-0.9623796,0.6872426,-0.7007889,0.19129154,-0.7263717,-0.65965974,0.19295888,,1.2174270557585,0.18848101852832339,0.20395049086000003,1.4011482023635917,-0.1516665147396389,-0.5967326149367312,0.11858779201348668,,-1.2826300894155778,0.23730413575917073,0.19588627077,-2.295895191212057,-1.0575665081845091,0.9395609840431329,0.8119833527535021,,-0.03254166390343428,-0.08714647121364187,0.07824560327999999,-0.058221254136848435,,-6.6336244e-05,-3.8146973e-06,1.3113022e-06,0.99999994,4.7367066e-05,3.9618462e-05,-4.736334e-05,0.99999994,3.6358833e-06,-3.9622188e-05,-3.6656857e-06,1.0,114,0.345,0,0,0.0,False,0.20381534762553732,0.9848195183142527
0.36738289310596883,10:14:01.072137,10:12:55.014447,0,,0.08372077,0.0061068684,0.008859828,-0.84640515,0.08253889,-0.526104,0.119680464,0.9921267,-0.036892235,0.5189167,-0.09419027,-0.8496195,,0.064626664,0.0016181394,0.032025695,-0.13937938,0.30904117,0.94077986,-0.01664108,-0.9506502,0.30981815,0.99009925,0.027526736,0.13764378,,0.07745061,1.3301741,0.45619887,0.99824977,0.036705635,-0.046368808,-0.001594726,-0.7670777,-0.6415522,-0.05911706,0.6405033,-0.7656766,,-0.036822572,0.24024135,-0.07216892,0.7939458,-0.112294994,0.59752816,0.48754734,0.704768,-0.5153636,-0.363246,0.700494,0.61429673,,0.00036485566,0.4464267,-0.31293157,-0.009036113,-0.27132252,-0.9624461,0.6872426,-0.70083576,0.19111982,-0.7263717,-0.659707,0.19279723,,1.2177436878063435,0.18839606846670692,0.20394271312,1.4015675822505609,-0.15084669574104626,-0.5965843349575042,0.09212605329973356,,-1.2826300894155778,0.23730413575917073,0.19588627077,-2.295895191212057,-1.0575665081845091,0.9398060202635546,0.8114933205550994,,-0.03254166390343428,-0.08714647121364187,0.07824560327999999,-0.058221254136848435,,-6.6336244e-05,-3.8146973e-06,1.3113022e-06,0.99999994,4.7367066e-05,3.9618462e-05,-4.736334e-05,0.99999994,3.6358833e-06,-3.9622188e-05,-3.6656857e-06,1.0,126,0.382,0,0,0.0,False,0.1682474496684807,0.9842401559048992
0.39615172904450446,10:14:01.102719,10:12:55.144892,0,,0.083675966,0.00610587,0.008898735,-0.84589237,0.08466211,-0.5265912,0.12324086,0.99162805,-0.03854072,0.5189196,-0.09749895,-0.8492445,,0.06462715,0.0016180947,0.032024562,-0.13944447,0.309136,0.94073904,-0.016476512,-0.95061386,0.30993867,0.9900929,0.02771923,0.1376513,,0.07745061,1.3301741,0.45619887,0.99824977,0.036705635,-0.046368808,-0.001594726,-0.7670777,-0.6415522,-0.05911706,0.6405033,-0.7656766,,-0.03678124,0.24026862,-0.072201625,0.7932981,-0.11410819,0.59804463,0.4902713,0.7021376,-0.5163689,-0.3609877,0.7028386,0.6129484,,0.0003645479,0.44642583,-0.31293073,-0.008977453,-0.27144635,-0.9624117,0.68736434,-0.70069003,0.19121647,-0.72625726,-0.6598109,0.19287296,,1.218114378984306,0.1883033956722162,0.20391937990000003,1.4047129314028288,-0.14879714824456466,-0.5987456759537938,0.05423022995658078,,-1.2826378121484519,0.2372964130262965,0.19588627077,-2.296104881155542,-1.0574298716847434,0.9398579598401392,0.8111666324228308,,-0.03254166390343428,-0.08714647121364187,0.07824560327999999,-0.058221254136848435,,-6.6336244e-05,-3.8146973e-06,1.3113022e-06,0.99999994,4.7367066e-05,3.9618462e-05,-4.736334e-05,0.99999994,3.6358833e-06,-3.9622188e-05,-3.6656857e-06,1.0,134,0.406,0,0,0.0,False,0.06851434886427077,0.9836125132947662
0.4267405540449545,10:14:01.123650,10:12:55.144892,0,,0.08365258,0.0061035007,0.008932516,-0.84566,0.08530971,-0.5268598,0.12408273,0.9915201,-0.038616598,0.51909775,-0.098030865,-0.84907436,,0.0646275,0.0016187355,0.03202349,-0.13944447,0.30921286,0.94071376,-0.016476512,-0.95058846,0.31001633,0.9900929,0.027730435,0.13764901,,0.07745061,1.3301741,0.45619887,0.99824977,0.036705635,-0.046368808,-0.001594726,-0.7670777,-0.6415522,-0.05911706,0.6405033,-0.7656766,,-0.03676074,0.2402898,-0.07223033,0.79301924,-0.114703536,0.5983006,0.49101692,0.7016676,-0.51629925,-0.3605868,0.70321095,0.6127573,,0.00036433613,0.4464255,-0.3129295,-0.008977453,-0.27152497,-0.9623895,0.68736434,-0.7006744,0.1912737,-0.72625726,-0.6597951,0.19292685,,1.2183074473061617,0.18828022747359355,0.20389604668000003,1.405551691176767,-0.14838723874526832,-0.5989982509247425,0.024338265854007668,,-1.2826378121484519,0.2372964130262965,0.19588756706000002,-2.296104881155542,-1.0574298716847434,0.9397762810999987,0.8110032883566966,,-0.03254166390343428,-0.08714647121364187,0.07824560327999999,-0.058221254136848435,,-6.6336244e-05,-3.8146973e-06,1.3113022e-06,0.99999994,4.7367066e-05,3.9618462e-05,-4.736334e-05,0.99999994,3.6358833e-06,-3.9622188e-05,-3.6656857e-06,1.0,149,0.452,0,0,0.0,False,0.010664384180347763,0.9831297112869717
0.4476863880408928,10:14:01.173349,10:12:55.144892,0,,0.083659545,0.0060757548,0.009012669,-0.84540987,0.08846737,-0.52674043,0.1285383,0.9909024,-0.039877325,0.5184205,-0.10141906,-0.8490902,,0.06462793,0.0016220286,0.032025754,-0.1394514,0.30883473,0.94083697,-0.016496778,-0.9507135,0.30963165,0.99009156,0.027657837,0.1376731,,0.07745061,1.3301741,0.45619887,0.99824977,0.036705635,-0.046368808,-0.001594726,-0.7670777,-0.6415522,-0.05911706,0.6405033,-0.7656766,,-0.03677343,0.24031775,-0.07230971,0.7926566,-0.117535315,0.59823155,0.49403328,0.69880885,-0.5172981,-0.35724866,0.705586,0.6119818,,0.00036344538,0.4464293,-0.31292877,-0.0089696,-0.27113554,-0.9624994,0.6873499,-0.70076346,0.19099922,-0.7262711,-0.6598607,0.19265056,,1.218554574758137,0.18827250474071933,0.20381049154000003,1.4091164202160036,-0.14538123575042863,-0.6007960148849392,-0.06484759425530884,,-1.2826532576142005,0.23731185849204495,0.19588756706000002,-2.296104881155542,-1.0574298716847434,0.9401846748007014,0.8095331917614881,,-0.03254166390343428,-0.08714647121364187,0.07824560327999999,-0.058221254136848435,,-6.6336244e-05,-3.8146973e-06,1.3113022e-06,0.99999994,4.7367066e-05,3.9618462e-05,-4.736334e-05,0.99999994,3.6358833e-06,-3.9622188e-05,-3.6656857e-06,1.0,157,0.477,0,0,0.0,False,-0.14846770198933212,0.9820192666690444
0.4973415130516514,10:14:01.195053,10:12:55.144892,0,,0.0836796,0.006049603,0.009089142,-0.8448461,0.090927795,-0.52722573,0.1328401,0.99024343,-0.042085916,0.5182551,-0.105592966,-0.8486823,,0.06462688,0.0016214475,0.03202498,-0.13944475,0.30883536,0.94083774,-0.016493052,-0.9507132,0.3096326,0.9900926,0.027659446,0.13766557,,0.07745061,1.3301741,0.45619887,0.99824977,0.036705635,-0.046368808,-0.001594726,-0.7670777,-0.6415522,-0.05911706,0.6405033,-0.7656766,,-0.036798894,0.24034351,-0.07238469,0.791944,-0.11960446,0.5987649,0.4972237,0.69548553,-0.51871806,-0.35439134,0.70851576,0.61025584,,0.00036460653,0.44642857,-0.31292874,-0.008976459,-0.2711364,-0.9624991,0.68735236,-0.7007623,0.19099465,-0.72626865,-0.65986156,0.1926566,,1.2187090294156215,0.1883033956722162,0.20372623269,1.4128908391987252,-0.14305841525441615,-0.6036702641294651,-0.12920515631221496,,-1.2826455348813262,0.23731185849204495,0.19588756706000002,-2.296104881155542,-1.0574298716847434,0.9401846748007014,0.8095331917614881,,-0.03254166390343428,-0.08714647121364187,0.07824560327999999,-0.058221254136848435,,-6.6336244e-05,-3.8146973e-06,1.3113022e-06,0.99999994,4.7367066e-05,3.9618462e-05,-4.736334e-05,0.99999994,3.6358833e-06,-3.9622188e-05,-3.6656857e-06,1.0,165,0.501,0,0,0.0,False,-0.19928749588777306,0.9812467834565728
0.5190608070697635,10:14:01.219631,10:12:55.144892,0,,0.08369148,0.0060234666,0.009153545,-0.8447157,0.092333496,-0.52719045,0.13522276,0.98986864,-0.04329884,0.51785135,-0.107863516,-0.8486431,,0.06462705,0.0016214773,0.032023728,-0.13940303,0.30900162,0.9407892,-0.016363204,-0.9506553,0.3098175,0.99010056,0.027795255,0.13758044,,0.07745061,1.3301741,0.45619887,0.99824977,0.036705635,-0.046368808,-0.001594726,-0.7670777,-0.6415522,-0.05911706,0.6405033,-0.7656766,,-0.036815204,0.24036245,-0.07245064,0.7917569,-0.12079638,0.59877306,0.49881107,0.69365937,-0.51963854,-0.35257408,0.7101021,0.60946417,,0.0003646177,0.4464277,-0.3129278,-0.009024083,-0.27132323,-0.962446,0.68744504,-0.70064956,0.19107457,-0.7261803,-0.6599045,0.19284254,,1.2188403158744832,0.18831111840509043,0.20365493674000001,1.4147780486900858,-0.14141877725723084,-0.6051706364541033,-0.17396143043300738,,-1.2826455348813262,0.23731185849204495,0.19588756706000002,-2.296104881155542,-1.0572932351849782,0.9399915781568646,0.8080630951662795,,-0.03254166390343428,-0.08714647121364187,0.07824560327999999,-0.058221254136848435,,-6.6336244e-05,-3.8146973e-06,1.3113022e-06,0.99999994,4.7367066e-05,3.9618462e-05,-4.736334e-05,0.99999994,3.6358833e-06,-3.9622188e-05,-3.6656857e-06,1.0,173,0.526,0,0,0.0,False,-0.2449240282748848,0.9810053824526754
0.5436696991091594,10:14:01.243252,10:12:55.144892,0,,0.08370672,0.0059969723,0.009221792,-0.8444062,0.09511605,-0.52719164,0.13907039,0.98929286,-0.044261515,0.5173369,-0.11069155,-0.84859276,,0.06462719,0.0016204938,0.032021582,-0.13939957,0.30892172,0.94081604,-0.016353011,-0.95068127,0.30973804,0.9901012,0.027792215,0.13757636,,0.07745061,1.3301741,0.45619887,0.99824977,0.036705635,-0.046368808,-0.001594726,-0.7670777,-0.6415522,-0.05911706,0.6405033,-0.7656766,,-0.036835168,0.24038321,-0.07251965,0.7913447,-0.12330397,0.5988069,0.50145197,0.6912142,-0.52035457,-0.34974205,0.7120527,0.60881966,,0.00036485132,0.44642547,-0.31292695,-0.009028009,-0.2712428,-0.9624686,0.6874523,-0.70065963,0.19101149,-0.7261734,-0.65992683,0.19279206,,1.219002493264842,0.18831884113796468,0.20357845563000002,1.4179233978423538,-0.13895932026145294,-0.6066044075396549,-0.21920773675220284,,-1.2826378121484519,0.23730413575917073,0.19588886335000003,-2.296104881155542,-1.0572932351849782,0.9400732568970053,0.807246374835608,,-0.03254166390343428,-0.08714647121364187,0.07824560327999999,-0.058221254136848435,,-6.6336244e-05,-3.8146973e-06,1.3113022e-06,0.99999994,4.7367066e-05,3.9618462e-05,-4.736334e-05,0.99999994,3.6358833e-06,-3.9622188e-05,-3.6656857e-06,1.0,181,0.549,0,0,0.0,False,-0.25225208765297147,0.9802328992402043
0.5672874849988148,10:14:01.272301,10:12:55.324072,0,,0.083714046,0.0059517026,0.009371221,-0.8442638,0.09771108,-0.526945,0.14350514,0.988551,-0.04661551,0.5163572,-0.11497527,-0.8486199,,0.064624704,0.0016237423,0.032022774,-0.13939004,0.30900958,0.9407886,-0.016372353,-0.950653,0.30982384,0.9901022,0.027783483,0.13757077,,0.07745061,1.3301741,0.45619887,0.99824977,0.036705635,-0.046368808,-0.001594726,-0.7670777,-0.6415522,-0.05911706,0.6405033,-0.7656766,,-0.036853433,0.24044077,-0.07266383,0.7911159,-0.1254946,0.59865415,0.5042722,0.68774676,-0.52222013,-0.34618667,0.7150213,0.6073708,,0.0003669987,0.44642895,-0.31292573,-0.0090368055,-0.27132943,-0.9624441,0.68743795,-0.70065707,0.19107254,-0.7261869,-0.65989393,0.19285384,,1.2194040753743016,0.1883574548023358,0.20342678970000003,1.421278436938106,-0.1355434077673169,-0.6094715338722061,-0.2820952022139003,,-1.2826378121484519,0.23732730395779342,0.19588886335000003,-2.296104881155542,-1.0572932351849782,0.9399915781568647,0.8074097189017424,,-0.03254166390343428,-0.08714647121364187,0.07824560327999999,-0.058221254136848435,,-6.6336244e-05,-3.8146973e-06,1.3113022e-06,0.99999994,4.7367066e-05,3.9618462e-05,-4.736334e-05,0.99999994,3.6358833e-06,-3.9622188e-05,-3.6656857e-06,1.0,192,0.583,0,0,0.0,False,-0.25320533114930877,0.9796052566300713
0.5963364850031212,10:14:01.302442,10:12:55.324072,0,,0.083724394,0.0058970302,0.0096209645,-0.8438816,0.09950481,-0.52722144,0.14851688,0.9875767,-0.051329494,0.5155642,-0.12161744,-0.848176,,0.06461935,0.0016302988,0.03202349,-0.1394712,0.30849963,0.9409439,-0.016372502,-0.9508201,0.30931082,0.99009085,0.027734369,0.13766292,,0.07745061,1.3301741,0.45619887,0.99824977,0.036705635,-0.046368808,-0.001594726,-0.7670777,-0.6415522,-0.05911706,0.6405033,-0.7656766,,-0.03688289,0.2405534,-0.07289165,0.7906102,-0.12667778,0.5990728,0.5076372,0.68269277,-0.5255807,-0.3424033,0.7196411,0.6040502,,0.0003719238,0.44643486,-0.3129221,-0.008954921,-0.27081156,-0.96259075,0.68744075,-0.70074254,0.19074897,-0.72618526,-0.66001594,0.19244199,,1.2200296167371139,0.18852735492556874,0.20318697605000002,1.425262545864312,-0.13185422227365004,-0.6150118582163668,-0.3342019593107354,,-1.2826378121484519,0.23736591762216452,0.19589015964,-2.296314571099026,-1.0572932351849782,0.9407266868181298,0.8059396223065338,,-0.03254166390343428,-0.08714647121364187,0.07824560327999999,-0.058221254136848435,,-6.6336244e-05,-3.8146973e-06,1.3113022e-06,0.99999994,4.7367066e-05,3.9618462e-05,-4.736334e-05,0.99999994,3.6358833e-06,-3.9622188e-05,-3.6656857e-06,1.0,200,0.608,0,0,0.0,False,-0.252847864838182,0.9798949378347481
0.6264800890348852,10:14:01.325547,10:12:55.324072,0,,0.083734944,0.0058617443,0.009836793,-0.8432144,0.100754954,-0.5280509,0.1513838,0.9870312,-0.053405255,0.51582193,-0.124970555,-0.8475317,,0.06458201,0.0016216114,0.032007754,-0.13944176,0.30844927,0.9409648,-0.016381621,-0.9508371,0.30925786,0.99009484,0.027708948,0.13763927,,0.07745061,1.3301741,0.45619887,0.99824977,0.036705635,-0.046368808,-0.001594726,-0.7670777,-0.6415522,-0.05911706,0.6405033,-0.7656766,,-0.03691041,0.24065991,-0.07308097,0.7898138,-0.12761614,0.59992355,0.50996894,0.680071,-0.5267212,-0.34077248,0.721954,0.6022097,,0.0004115148,0.44642273,-0.31291986,-0.008984238,-0.27075732,-0.9626057,0.68743306,-0.7007655,0.19069214,-0.7261922,-0.66001374,0.19242339,,1.2205084261753156,0.18874359144604702,0.20298734739000002,1.4279885151296108,-0.13035122077623018,-0.6178710299598387,-0.36099038615675716,,-1.2826532576142005,0.23739680855366144,0.19589015964,-2.296314571099026,-1.0572932351849782,0.9407266868181298,0.8059396223065338,,-0.03254166390343428,-0.08714647121364187,0.07824560327999999,-0.058221254136848435,,-6.6336244e-05,-3.8146973e-06,1.3113022e-06,0.99999994,4.7367066e-05,3.9618462e-05,-4.736334e-05,0.99999994,3.6358833e-06,-3.9622188e-05,-3.6656857e-06,1.0,208,0.632,0,0,0.0,False,-0.2540989969271239,0.9788327734176001
0.649565341998823,10:14:01.352419,10:12:55.324072,0,,0.08373955,0.005810261,0.010260001,-0.84245694,0.10287446,-0.5288508,0.15566203,0.98621446,-0.056126,0.5157863,-0.12960592,-0.84685695,,0.06458675,0.001624614,0.032018393,-0.13942061,0.3084118,0.9409803,-0.016395003,-0.95085,0.3092175,0.9900976,0.027683944,0.1376245,,0.07743652,1.3301727,0.45621005,0.9982498,0.03672775,-0.04635031,-0.0015659492,-0.7670767,-0.6415536,-0.05911706,0.6405033,-0.7656766,,-0.03693827,0.24087538,-0.073435076,0.7888931,-0.12932882,0.6007676,0.51322395,0.67636126,-0.5283338,-0.33800715,0.7251272,0.5999514,,0.0004157727,0.4464244,-0.31291732,-0.009006751,-0.2706884,-0.9626249,0.68742365,-0.7007918,0.19062956,-0.7262008,-0.66001415,0.19238946,,1.2214660450517196,0.18922240088424894,0.20259975668000002,1.4317629341123324,-0.12748185428115594,-0.6218443807402749,-0.3920257587222702,,-1.2826378121484519,0.2374199767522841,0.19589145593,-2.296314571099026,-1.0572932351849782,0.9408083655582703,0.806102966372668,,-0.03254166390343428,-0.08714647121364187,0.07824560327999999,-0.058221254136848435,,-8.105859e-05,3.9339066e-06,-5.6028366e-06,1.0,6.943941e-05,5.8084726e-05,-6.943196e-05,0.99999994,5.364418e-06,-5.808845e-05,-5.364418e-06,1.0,216,0.657,0,0,0.0,False,-0.25356279746043464,0.9770946861895395
0.6764555410481989,10:14:01.381917,10:12:55.434665,0,,0.08379409,0.005723536,0.010809451,-0.84222907,0.10525389,-0.5287455,0.15985006,0.9854084,-0.058463514,0.5148767,-0.13375983,-0.84676456,,0.06458469,0.0016311258,0.03202191,-0.139418,0.30865946,0.94089943,-0.01643464,-0.9507698,0.3094622,0.99009717,0.02768132,0.13762715,,0.07743652,1.3301727,0.45621005,0.9982498,0.03672775,-0.04635031,-0.0015659492,-0.7670767,-0.6415536,-0.05911706,0.6405033,-0.7656766,,-0.03703599,0.24114661,-0.073913895,0.78858256,-0.13131332,0.60074484,0.5158893,0.6729429,-0.5301001,-0.33465776,0.7279455,0.5984142,,0.000417029,0.44643173,-0.31291538,-0.009007692,-0.27093592,-0.9625552,0.6873948,-0.7007691,0.19081677,-0.72622806,-0.65993667,0.19255225,,1.222585841318482,0.18988655591143225,0.20208642584000003,1.4349082832646003,-0.12365603228772361,-0.6253724757444774,-0.4114637025922494,,-1.2826532576142005,0.23745859041665524,0.19589145593,-2.296314571099026,-1.0572932351849782,0.9405633293378486,0.8029994291161169,,-0.03254166390343428,-0.08714647121364187,0.07824560327999999,-0.058221254136848435,,-8.105859e-05,3.9339066e-06,-5.6028366e-06,1.0,6.943941e-05,5.8084726e-05,-6.943196e-05,0.99999994,5.364418e-06,-5.808845e-05,-5.364418e-06,1.0,224,0.68,0,0,0.0,False,-0.254694774112334,0.9767084445833039
0.705953611060977,10:14:01.403224,10:12:55.434665,0,,0.08384322,0.005671695,0.011227354,-0.84114933,0.108116105,-0.5298855,0.16335283,0.98483956,-0.058365673,0.5155419,-0.13565269,-0.84605837,,0.06458574,0.0016316622,0.032022566,-0.13942464,0.30881256,0.9408483,-0.016438365,-0.9507194,0.30961657,0.9900963,0.027702212,0.1376301,,0.07743652,1.3301727,0.45621005,0.9982498,0.03672775,-0.04635031,-0.0015659492,-0.7670767,-0.6415536,-0.05911706,0.6405033,-0.7656766,,-0.037118476,0.24136323,-0.07426889,0.7873162,-0.13398007,0.601816,0.51893485,0.67108047,-0.5294881,-0.33292612,0.72917783,0.59787947,,0.0004158678,0.44643244,-0.3129154,-0.009000834,-0.27109233,-0.96251124,0.68739235,-0.7007391,0.19093582,-0.7262305,-0.6599043,0.19265401,,1.223373560071653,0.19047348360987332,0.20170272400000003,1.4384730123038372,-0.12201639429053832,-0.6266278118486939,-0.4181608093037549,,-1.2826609803470745,0.23745859041665524,0.19589145593,-2.296314571099026,-1.0572932351849782,0.9403999718575675,0.8026727409838483,,-0.03254166390343428,-0.08714647121364187,0.07824560327999999,-0.058221254136848435,,-8.105859e-05,3.9339066e-06,-5.6028366e-06,1.0,6.943941e-05,5.8084726e-05,-6.943196e-05,0.99999994,5.364418e-06,-5.808845e-05,-5.364418e-06,1.0,239,0.726,0,0,0.0,False,-0.25427773008268684,0.9769498455872012
0.7272599370917305,10:14:01.452524,10:12:55.434665,0,,0.08397913,0.0056257546,0.012235403,-0.83751994,0.1148653,-0.53419685,0.17090127,0.9836709,-0.056427896,0.5189922,-0.13855454,-0.8434746,,0.064581364,0.0016355217,0.03202346,-0.13940531,0.3088278,0.94084615,-0.01646036,-0.9507152,0.30962837,0.9900986,0.027677238,0.13761814,,0.07743652,1.3301727,0.45621005,0.9982498,0.03672775,-0.04635031,-0.0015659492,-0.7670767,-0.6415536,-0.05911706,0.6405033,-0.7656766,,-0.037337814,0.24194571,-0.07507472,0.7831187,-0.14040788,0.6058141,0.5266488,0.667798,-0.52601033,-0.33070543,0.7309798,0.5969107,,0.00041989196,0.44643638,-0.31291375,-0.0090194205,-0.27110383,-0.96250784,0.6873757,-0.7007553,0.19093633,-0.72624606,-0.65988237,0.19267058,,1.2252424614272153,0.19228060310244185,0.20081606164000002,1.4474896798736716,-0.12037675629335302,-0.6286999353543161,-0.42028428216350056,,-1.2826532576142005,0.23748948134815212,0.19589145593,-2.296314571099026,-1.0572932351849782,0.9403999718575675,0.8029994291161168,,-0.03254166390343428,-0.08714647121364187,0.07824560327999999,-0.058221254136848435,,-8.105859e-05,3.9339066e-06,-5.6028366e-06,1.0,6.943941e-05,5.8084726e-05,-6.943196e-05,0.99999994,5.364418e-06,-5.808845e-05,-5.364418e-06,1.0,247,0.751,0,0,0.0,False,-0.25397984149008224,0.9761773623747296
0.7765546960290521,10:14:01.474764,10:12:55.434665,0,,0.08404189,0.0056260824,0.012587845,-0.83558536,0.11802127,-0.53653336,0.17403094,0.98321664,-0.05475378,0.52106655,-0.13912505,-0.84210086,,0.06458076,0.0016382039,0.03202501,-0.1394056,0.30883452,0.94084394,-0.01647693,-0.95071346,0.30963284,0.99009836,0.027662396,0.1376234,,0.07743652,1.3301727,0.45621005,0.9982498,0.03672775,-0.04635031,-0.0015659492,-0.7670767,-0.6415536,-0.05911706,0.6405033,-0.7656766,,-0.03743031,0.24216083,-0.075345494,0.78089565,-0.14348403,0.60795915,0.5302133,0.66682583,-0.5236575,-0.33026642,0.73126984,0.59679854,,0.00042016228,0.44643945,-0.31291297,-0.009018426,-0.27110833,-0.9625066,0.6873637,-0.70076513,0.19094343,-0.72625744,-0.6598701,0.19266981,,1.2258293891256564,0.1930219854583674,0.20051143349000003,1.4516834787433621,-0.12051339279311848,-0.6288335536710413,-0.42077431436190327,,-1.2826609803470745,0.23750492681390056,0.19589145593,-2.296314571099026,-1.0572932351849782,0.9403999718575675,0.8033261172483854,,-0.03254166390343428,-0.08714647121364187,0.07824560327999999,-0.058221254136848435,,-8.105859e-05,3.9339066e-06,-5.6028366e-06,1.0,6.943941e-05,5.8084726e-05,-6.943196e-05,0.99999994,5.364418e-06,-5.808845e-05,-5.364418e-06,1.0,259,0.788,0,0,0.0,False,-0.254694774112334,0.9745841157490076
0.7987922891043127,10:14:01.503831,10:12:55.434665,0,,0.0841751,0.00562948,0.013138965,-0.8324282,0.12254181,-0.5404134,0.17741282,0.9828443,-0.05041316,0.5249645,-0.13784176,-0.83988786,,0.064575344,0.0016414821,0.032025248,-0.13937959,0.30831242,0.941019,-0.016495198,-0.95088583,0.30910197,0.99010164,0.027560234,0.13761976,,0.07743652,1.3301727,0.45621005,0.9982498,0.03672775,-0.04635031,-0.0015659492,-0.7670767,-0.6415536,-0.05911706,0.6405033,-0.7656766,,-0.037609972,0.24249652,-0.07576563,0.7772905,-0.1480797,0.61146694,0.5350106,0.66696113,-0.5185812,-0.33103332,0.7302296,0.5976468,,0.00042534762,0.44644263,-0.31291127,-0.009043872,-0.27057034,-0.96265775,0.6873495,-0.7008892,0.19053867,-0.72627056,-0.6599591,0.19231512,,1.2265321578172108,0.19430395911548867,0.20002921361,1.4573451072174441,-0.12228966729006921,-0.6273851209229878,-0.42077431436190327,,-1.2826455348813262,0.23753581774539748,0.19589145593,-2.296314571099026,-1.0572932351849782,0.9409717230385514,0.8012026443886396,,-0.03254166390343428,-0.08714647121364187,0.07824560327999999,-0.058221254136848435,,-8.105859e-05,3.9339066e-06,-5.6028366e-06,1.0,6.943941e-05,5.8084726e-05,-6.943196e-05,0.99999994,5.364418e-06,-5.808845e-05,-5.364418e-06,1.0,267,0.811,0,0,0.0,False,-0.25493308498641865,0.9740047533396539
0.8278189420234412,10:14:01.533277,10:12:55.580174,0,,0.08434924,0.0056174695,0.0136538595,-0.8293074,0.12698276,-0.5441733,0.18049707,0.98250824,-0.045805126,0.52883834,-0.13620839,-0.8377214,,0.06457207,0.0016491562,0.032027334,-0.13947402,0.3082623,0.9410214,-0.016502887,-0.9509016,0.30905297,0.9900882,0.027575374,0.13771327,,0.07743652,1.3301727,0.45621005,0.9982498,0.03672775,-0.04635031,-0.0015659492,-0.7670767,-0.6415536,-0.05911706,0.6405033,-0.7656766,,-0.0378267,0.24279423,-0.07616563,0.773735,-0.15262732,0.6148488,0.5395646,0.6673499,-0.5133363,-0.33197013,0.7289369,0.5987043,,0.0004279505,0.44645002,-0.3129077,-0.008948262,-0.27052245,-0.96267205,0.6873473,-0.70088345,0.19056766,-0.7262738,-0.6599848,0.19221458,,1.2269260171937963,0.19557821003973572,0.19955866034000003,1.462797045748042,-0.12447585128631626,-0.6256024344638451,-0.42077431436190327,,-1.2826609803470745,0.23757443140976858,0.19589275222000002,-2.2965242610425105,-1.0572932351849782,0.9412167592589731,0.8007126121902368,,-0.03254166390343428,-0.08714647121364187,0.07824560327999999,-0.058221254136848435,,-8.105859e-05,3.9339066e-06,-5.6028366e-06,1.0,6.943941e-05,5.8084726e-05,-6.943196e-05,0.99999994,5.364418e-06,-5.808845e-05,-5.364418e-06,1.0,286,0.87,0,0,0.0,False,-0.25576717304571295,0.9729425889225058
0.8573156860657036,10:14:01.587873,10:12:55.580174,0,,0.0847157,0.0055816174,0.014552593,-0.82187325,0.13528645,-0.55337316,0.18364872,0.98245215,-0.032570362,0.5392562,-0.12839514,-0.8322964,,0.06455627,0.0016704947,0.03203234,-0.13951388,0.30826104,0.9410159,-0.016586661,-0.950904,0.30904114,0.9900812,0.027507246,0.13777733,,0.07743652,1.3301727,0.45621005,0.9982498,0.03672775,-0.04635031,-0.0015659492,-0.7670767,-0.6415536,-0.05911706,0.6405033,-0.7656766,,-0.038266666,0.24329706,-0.07687053,0.7653256,-0.16155748,0.62303764,0.54789805,0.6714931,-0.49890354,-0.33776388,0.72318476,0.6024279,,0.00044196978,0.44647077,-0.31289756,-0.008904482,-0.27051097,-0.9626757,0.6872879,-0.70093185,0.19060397,-0.7263305,-0.65993816,0.19216035,,1.2270727491184066,0.1979413662992484,0.19871996071000003,1.4728621630352992,-0.1334938602708353,-0.6181671740797408,-0.4219177228248433,,-1.2826609803470745,0.23771344060150462,0.1958953448,-2.2967339509859954,-1.0572932351849782,0.9414617954793948,0.7982624511982227,,-0.03254166390343428,-0.08714647121364187,0.07824560327999999,-0.058221254136848435,,-8.105859e-05,3.9339066e-06,-5.6028366e-06,1.0,6.943941e-05,5.8084726e-05,-6.943196e-05,0.99999994,5.364418e-06,-5.808845e-05,-5.364418e-06,1.0,294,0.894,0,0,0.0,False,-0.25558843989015,0.9675352064352065
0.9118755600648001,10:14:01.613656,10:12:55.580174,0,,0.08482036,0.005577743,0.014819667,-0.81891966,0.13853787,-0.556936,0.18402594,0.9825726,-0.026177138,0.5436036,-0.12392783,-0.83014274,,0.06454681,0.0016775131,0.032033592,-0.13957539,0.308067,0.9410703,-0.016592413,-0.9509674,0.308846,0.9900725,0.027492732,0.13784319,,0.07743652,1.3301727,0.45621005,0.9982498,0.03672775,-0.04635031,-0.0015659492,-0.7670767,-0.6415536,-0.05911706,0.6405033,-0.7656766,,-0.03839345,0.24345212,-0.07707591,0.76200044,-0.16517949,0.6261558,0.55065954,0.67410535,-0.4922967,-0.34077767,0.719929,0.60462624,,0.00045086094,0.4464779,-0.31289425,-0.008842159,-0.27031454,-0.9627315,0.68728596,-0.7009613,0.19050269,-0.72633314,-0.6599874,0.1919814,,1.2270727491184066,0.19866730318942552,0.19847755448,1.4762172021310513,-0.13772959176356397,-0.6138147529236055,-0.421754378758709,,-1.2826455348813262,0.2377674997316242,0.1958953448,-2.29694364092948,-1.0572932351849782,0.9418701891800976,0.7948322258094028,,-0.03254166390343428,-0.08714647121364187,0.07824560327999999,-0.058221254136848435,,-8.105859e-05,3.9339066e-06,-5.6028366e-06,1.0,6.943941e-05,5.8084726e-05,-6.943196e-05,0.99999994,5.364418e-06,-5.808845e-05,-5.364418e-06,1.0,302,0.919,0,0,0.0,False,-0.2552309735790237,0.9664730420180585
