Task Time,PC1 Time,PC2 Time,Gaze Calib,s_T_psm1,Tx,Ty,Tz,R00,R01,R02,R10,R11,R12,R20,R21,R22,s_T_psm3,Tx,Ty,Tz,R00,R01,R02,R10,R11,R12,R20,R21,R22,cart_T_ecm,Tx,Ty,Tz,R00,R01,R02,R10,R11,R12,R20,R21,R22,ecm_T_psm1,Tx,Ty,Tz,R00,R01,R02,R10,R11,R12,R20,R21,R22,ecm_T_psm3,Tx,Ty,Tz,R00,R01,R02,R10,R11,R12,R20,R21,R22,psm1_joints,q1,q2,q3,q4,q5,q6,jaw,psm3_joints,q1,q2,q3,q4,q5,q6,jaw,ecm_joints,q1,q2,q3,q4,ecmi_T_ecm,Tx,Ty,Tz,R00,R01,R02,R10,R11,R12,R20,R21,R22,Sample #,Task Duration (s),Collisions (binary),Collisions (increments),Cumulative Collision Time (s),Clutch Press,MTMR Angle,MTML Angle
""
lci_T_si,,,,,-0.063657075,0.025385704,0.2469648,0.99608046,0.04609189,0.0754932,0.084081955,-0.75835806,-0.6463925,0.02745742,0.6502066,-0.75926113
rci_T_si,,,,,-0.07441909,0.030183764,0.26059738,0.9968228,0.032426473,0.07275223,0.07222477,-0.75309837,-0.6539315,0.033584893,0.65710837,-0.7530476
ecm_T_lc,,,,,-4.4061628e-05,-0.00034663224,-0.01840835,-0.99912,0.030754527,0.028518902,-0.031987965,-0.99852574,-0.043852776,0.027128186,-0.04472645,0.9986309
ecm_T_rc,,,,,-0.0043358393,0.01870579,-0.007592615,-0.99555075,-0.052743673,-0.078081585,0.04863213,-0.9973746,0.053654674,-0.08070653,0.04961868,0.9955021
cart_T_ecmi,,,,,0.07751704,1.3301718,0.45619854,0.9982497,0.036658186,-0.046408493,-0.0016564787,-0.76707995,-0.64154935,-0.05911706,0.6405033,-0.7656766
ecmac_T_ecmrep_psm1,,,,,0.0028397094,-0.24236576,-0.3123762,0.99938005,0.032352094,0.013886033,-0.031258944,0.9968569,-0.072795466,-0.016197473,0.07231628,0.9972502
ecmac_T_ecmrep_psm3,,,,,-0.018767226,-0.44603547,-0.53896165,0.9994355,-0.013331066,-0.030837692,0.013906483,0.9997318,0.01852092,0.030582517,-0.018939309,0.9993528
""
0,10:17:30.853481,10:16:24.916366,0,,0.09357424,0.010337219,0.038331687,-0.24007095,0.306671,-0.92104226,0.34711382,0.9131795,0.2135773,0.9065747,-0.26843292,-0.32567763,,0.06847619,0.009390205,0.03708327,0.463665,0.1739986,0.86875725,-0.21547759,-0.9289429,0.30105555,0.85940915,-0.32678667,-0.39322555,,0.0774888,1.330176,0.45620704,0.9982497,0.03666001,-0.046406966,-0.0016540996,-0.7670799,-0.64154947,-0.05911706,0.6405033,-0.7656766,,-0.04933298,0.26110637,-0.09196558,0.1485487,-0.3175311,0.93654007,0.85570085,0.5159827,0.039215937,-0.4956907,0.7955727,0.3483602,,-0.0045320904,0.45493647,-0.31078324,-0.57744706,-0.08606854,-0.81187874,0.37550128,-0.9110046,-0.17049748,-0.7249508,-0.40331477,0.5583758,,1.2469124498722894,0.27782531515022674,0.18112800912000002,2.1484831609424364,-0.4653839182010902,-0.8450382921972979,0.7670637345665755,,-1.331213801927324,0.3002752996155974,0.19499701583,-1.3319505210136986,-0.7386569177319711,0.27789723154454093,-0.15485017469529672,,-0.03254166390343428,-0.08714647121364187,0.07824560327999999,-0.058221254136848435,,-2.8695911e-05,1.4305115e-06,-7.867813e-06,1.0,1.8291175e-06,1.5236437e-06,-1.8179417e-06,1.0,1.1920929e-07,-1.527369e-06,-1.1920929e-07,1.0,34,0.102,0,0,0.0,False,0.9394214382047346,0.0024139928538304822
0.12947653303854167,10:17:30.880963,10:16:24.916366,0,,0.093542494,0.0104032755,0.038238898,-0.2395486,0.3072394,-0.92098874,0.34645227,0.91320705,0.21453144,0.906966,-0.26768804,-0.32520124,,0.067202784,0.009441465,0.038033426,0.44826624,0.19374646,0.8726509,-0.21874267,-0.9227736,0.31723922,0.8667231,-0.3330936,-0.37126762,,0.0774888,1.330176,0.45620704,0.9982497,0.03666001,-0.046406966,-0.0016540996,-0.7670799,-0.64154947,-0.05911706,0.6405033,-0.7656766,,-0.049296007,0.26110238,-0.091853335,0.14802073,-0.3181615,0.9364097,0.85538787,0.5164219,0.04024993,-0.49638844,0.79503566,0.3485926,,-0.003417428,0.45579505,-0.31152308,-0.56319064,-0.10488833,-0.8196431,0.3802387,-0.91355234,-0.14436272,-0.7336449,-0.39296377,0.55438673,,1.2468892816736667,0.27777125602010716,0.18124986038000002,2.1486928508859213,-0.4663403736994482,-0.8443400456115634,0.7662470142359039,,-1.3278853040585332,0.30590517188090705,0.19403127978,-1.3466288170576155,-0.7590157561970217,0.2691780897517334,-0.15681030348890806,,-0.03254166390343428,-0.08714647121364187,0.07824560327999999,-0.058221254136848435,,-2.8695911e-05,1.4305115e-06,-7.867813e-06,1.0,1.8291175e-06,1.5236437e-06,-1.8179417e-06,1.0,1.1920929e-07,-1.527369e-06,-1.1920929e-07,1.0,42,0.126,0,0,0.0,False,0.938527772426919,0.0011587076335648483
0.15695969795342535,10:17:30.905626,10:16:24.916366,0,,0.093513206,0.010449842,0.0381677,-0.23961952,0.30668983,-0.9211535,0.34576303,0.913543,0.21421273,0.9072102,-0.26717135,-0.32494473,,0.065943465,0.009638637,0.03887105,0.43930072,0.20700474,0.87416464,-0.22100392,-0.9182788,0.32851392,0.8707308,-0.3375102,-0.3576517,,0.0774888,1.330176,0.45620704,0.9982497,0.03666001,-0.046406966,-0.0016540996,-0.7670799,-0.64154947,-0.05911706,0.6405033,-0.7656766,,-0.049262576,0.2610965,-0.09177001,0.148097,-0.31767118,0.9365641,0.85501105,0.5170512,0.04017633,-0.4970145,0.79482263,0.3481861,,-0.0023057722,0.45667857,-0.31207988,-0.5548385,-0.11751048,-0.8236174,0.38256744,-0.9151363,-0.12715253,-0.7387804,-0.3856383,0.5527085,,1.2468815589407924,0.2777094741571134,0.18134189697000003,2.148273470998952,-0.46702355619827546,-0.8445180647543463,0.7644502295084268,,-1.324850270038963,0.31198296265292175,0.19320683934000002,-1.3577423840622953,-0.7725427696738003,0.2654246102522374,-0.15795371195184804,,-0.03254166390343428,-0.08714647121364187,0.07824560327999999,-0.058221254136848435,,-2.8695911e-05,1.4305115e-06,-7.867813e-06,1.0,1.8291175e-06,1.5236437e-06,-1.8179417e-06,1.0,1.1920929e-07,-1.527369e-06,-1.1920929e-07,1.0,53,0.159,0,0,0.0,False,0.9373362180564984,0.002896794861625196
0.1815841969801113,10:17:30.927076,10:16:24.916366,0,,0.09347136,0.010506406,0.038070723,-0.23924246,0.3069446,-0.92116666,0.34505835,0.9136651,0.21482755,0.9075779,-0.26646042,-0.3245013,,0.06498171,0.009908333,0.039509535,0.4300483,0.22176053,0.87514603,-0.22049007,-0.91420937,0.3400082,0.87546706,-0.33918098,-0.34425813,,0.0774888,1.330176,0.45620704,0.9982497,0.03666001,-0.046406966,-0.0016540996,-0.7670799,-0.64154947,-0.05911706,0.6405033,-0.7656766,,-0.04921483,0.26108336,-0.09166091,0.14771736,-0.31799003,0.93651587,0.854662,0.51756877,0.040931813,-0.49772725,0.7943582,0.3482279,,-0.0014613728,0.45743752,-0.31242096,-0.54642236,-0.13200401,-0.82704145,0.38741654,-0.91533464,-0.109867804,-0.7425167,-0.38044378,0.5512998,,1.2468738362079181,0.27757818769825154,0.18146374823000003,2.148273470998952,-0.4679800116966335,-0.8439831756488931,0.7642868854422925,,-1.3227033502999286,0.3169409571581739,0.19265721238000003,-1.3717916102757584,-0.7837469626545664,0.26312585473566513,-0.1546868306291625,,-0.03254166390343428,-0.08714647121364187,0.07824560327999999,-0.058221254136848435,,-2.8695911e-05,1.4305115e-06,-7.867813e-06,1.0,1.8291175e-06,1.5236437e-06,-1.8179417e-06,1.0,1.1920929e-07,-1.527369e-06,-1.1920929e-07,1.0,61,0.184,0,0,0.0,False,0.9375149512120613,0.0015449492398005304
0.2030417650239542,10:17:30.957137,10:16:25.009252,0,,0.09342086,0.010581493,0.037951663,-0.2389273,0.307164,-0.9211753,0.3440442,0.9138894,0.21549901,0.9080458,-0.26543653,-0.3240311,,0.0634693,0.01045233,0.04052919,0.415483,0.243433,0.8764213,-0.22577518,-0.90576994,0.35861757,0.8811353,-0.34687364,-0.32137087,,0.0774888,1.330176,0.45620704,0.9982497,0.03666001,-0.046406966,-0.0016540996,-0.7670799,-0.64154947,-0.05911706,0.6405033,-0.7656766,,-0.049157307,0.26107153,-0.0915234,0.14740264,-0.3183042,0.9364587,0.8541404,0.5183641,0.04174759,-0.49871495,0.7937135,0.34828472,,-0.00014062967,0.4587273,-0.31288463,-0.5326635,-0.15260997,-0.8324541,0.38946977,-0.91746926,-0.08101514,-0.7513873,-0.3673695,0.5481394,,1.246866113475044,0.27744690123938975,0.18161671045000002,2.1480637810554675,-0.4692097401945225,-0.8433071294761876,0.7636335091777554,,-1.3195679207529936,0.3255209133814373,0.19187943838000002,-1.3875183560370978,-0.804105801119617,0.2546517491632794,-0.15583023909210242,,-0.03254166390343428,-0.08714647121364187,0.07824560327999999,-0.058221254136848435,,-2.8695911e-05,1.4305115e-06,-7.867813e-06,1.0,1.8291175e-06,1.5236437e-06,-1.8179417e-06,1.0,1.1920929e-07,-1.527369e-06,-1.1920929e-07,1.0,69,0.208,0,0,0.0,False,0.937157484900935,0.0012069878343448082
0.23310765495989472,10:17:30.984450,10:16:25.009252,0,,0.09338662,0.010627404,0.037868008,-0.23866192,0.30742455,-0.9211572,0.3435588,0.913952,0.21600753,0.9082994,-0.26491892,-0.32374388,,0.061952427,0.011210203,0.041428387,0.40747714,0.26694566,0.8733282,-0.23144588,-0.89491177,0.38153097,0.8833997,-0.35759342,-0.30287266,,0.0774888,1.330176,0.45620704,0.9982497,0.03666001,-0.046406966,-0.0016540996,-0.7670799,-0.64154947,-0.05911706,0.6405033,-0.7656766,,-0.049117856,0.2610578,-0.091431014,0.14713547,-0.31861007,0.9363967,0.85389966,0.5187142,0.042320356,-0.49920592,0.79336196,0.34838226,,0.001193882,0.46008766,-0.31311354,-0.52486354,-0.17468025,-0.8330697,0.38803837,-0.92020166,-0.051527657,-0.75759125,-0.35030797,0.55076295,,1.2468506680092954,0.27733106024627635,0.18171911736000002,2.1480637810554675,-0.4698929226933497,-0.8428317186978459,0.7634701651116211,,-1.31676456871965,0.33495037022086543,0.19129610788,-1.398002853211324,-0.8184526335949883,0.2397233597655804,-0.15779036788571366,,-0.03254166390343428,-0.08714647121364187,0.07824560327999999,-0.058221254136848435,,-2.8695911e-05,1.4305115e-06,-7.867813e-06,1.0,1.8291175e-06,1.5236437e-06,-1.8179417e-06,1.0,1.1920929e-07,-1.527369e-06,-1.1920929e-07,1.0,76,0.229,0,0,0.0,False,0.9376936843676247,0.0028002344600661644
0.2603199810255319,10:17:31.007293,10:16:25.009252,0,,0.09333118,0.0106934905,0.03774555,-0.23843776,0.30775714,-0.9211042,0.34280008,0.9140794,0.21667254,0.9086448,-0.2640918,-0.32345024,,0.06074573,0.011915758,0.042063117,0.40463728,0.28031346,0.87045556,-0.23472542,-0.8881351,0.39512053,0.8838397,-0.36419857,-0.29357588,,0.0774888,1.330176,0.45620704,0.9982497,0.03666001,-0.046406966,-0.0016540996,-0.7670799,-0.64154947,-0.05911706,0.6405033,-0.7656766,,-0.049054768,0.26103726,-0.09129671,0.14691201,-0.3190165,0.9362934,0.8535075,0.519302,0.043015767,-0.49994177,0.79281396,0.34857467,,0.0022633865,0.46118772,-0.31316665,-0.5219918,-0.18717614,-0.83215964,0.38637552,-0.92167526,-0.035052452,-0.76041996,-0.3398232,0.5534272,,1.2468506680092954,0.277145714657295,0.18186948700000002,2.147854091111983,-0.4708493781917078,-0.8420517933719709,0.7634701651116211,,-1.3146562626449867,0.3427657758895806,0.19094222071000003,-1.4051323112897978,-0.8259676410820875,0.23319113974709638,-0.1556668950259682,,-0.03254166390343428,-0.08714647121364187,0.07824560327999999,-0.058221254136848435,,-2.8695911e-05,1.4305115e-06,-7.867813e-06,1.0,1.8291175e-06,1.5236437e-06,-1.8179417e-06,1.0,1.1920929e-07,-1.527369e-06,-1.1920929e-07,1.0,88,0.266,0,0,0.0,False,0.9375149512120613,0.0015932294405800462
0.2832862409995869,10:17:31.036273,10:16:25.009252,0,,0.093296655,0.010735646,0.037669227,-0.23816043,0.30801216,-0.92109066,0.34230754,0.9141433,0.21718077,0.90890324,-0.2635725,-0.32314765,,0.059033416,0.013061941,0.04285288,0.40641364,0.29957938,0.86318016,-0.23529243,-0.87854195,0.4156943,0.8828734,-0.3720436,-0.28656268,,0.0774888,1.330176,0.45620704,0.9982497,0.03666001,-0.046406966,-0.0016540996,-0.7670799,-0.64154947,-0.05911706,0.6405033,-0.7656766,,-0.04901552,0.26102522,-0.0912124,0.1466328,-0.31931704,0.9362347,0.85326326,0.5196547,0.043598276,-0.5004405,0.79246175,0.34865993,,0.0037917497,0.462776,-0.31306177,-0.5235803,-0.20542778,-0.8268392,0.38507092,-0.9227719,-0.014576686,-0.7599895,-0.3260238,0.5622495,,1.2468506680092954,0.27702987366418164,0.18196411617000002,2.147854091111983,-0.471532560690535,-0.8415763825936294,0.7633068210454869,,-1.311906969741763,0.35421086600918134,0.19058314838,-1.4154071185205395,-0.8291102805766927,0.224563764132857,-0.15713699162117667,,-0.03254166390343428,-0.08714647121364187,0.07824560327999999,-0.058221254136848435,,-2.8695911e-05,1.4305115e-06,-7.867813e-06,1.0,1.8291175e-06,1.5236437e-06,-1.8179417e-06,1.0,1.1920929e-07,-1.527369e-06,-1.1920929e-07,1.0,92,0.278,0,0,0.0,False,0.9379319952417084,0.002317432452272339
0.31226186302956194,10:17:31.055373,10:16:25.009252,0,,0.093263015,0.0107720345,0.037589684,-0.238311,0.3076788,-0.92116314,0.3423007,0.91423416,0.21680894,0.90886635,-0.263647,-0.32319072,,0.0579208,0.01385583,0.043368757,0.4090639,0.30928305,0.85849315,-0.23583001,-0.87301403,0.42688513,0.8815049,-0.37708175,-0.28418034,,0.0774888,1.330176,0.45620704,0.9982497,0.03666001,-0.046406966,-0.0016540996,-0.7670799,-0.64154947,-0.05911706,0.6405033,-0.7656766,,-0.048976652,0.2610066,-0.091129184,0.14678611,-0.31898224,0.93632483,0.85324746,0.5197065,0.043288685,-0.5004224,0.7925626,0.34845647,,0.004782465,0.46384495,-0.31296122,-0.5259736,-0.21448669,-0.82301104,0.3833951,-0.92357427,-0.004327194,-0.7591837,-0.3178144,0.5680089,,1.2468506680092954,0.27690630993819404,0.18205485647000003,2.1476444011684985,-0.471532560690535,-0.8417397400739106,0.7629801329132182,,-1.3102851958381756,0.3619104306847832,0.19038222343000002,-1.4206493671076525,-0.8297934630755199,0.22087355916403,-0.15583023909210242,,-0.03254166390343428,-0.08714647121364187,0.07824560327999999,-0.058221254136848435,,-2.8695911e-05,1.4305115e-06,-7.867813e-06,1.0,1.8291175e-06,1.5236437e-06,-1.8179417e-06,1.0,1.1920929e-07,-1.527369e-06,-1.1920929e-07,1.0,100,0.302,0,0,0.0,False,0.938349039271356,0.002027751247595244
0.33136869699228555,10:17:31.085215,10:16:25.150875,0,,0.09320704,0.010838032,0.037461445,-0.23906454,0.30557555,-0.9216679,0.34186688,0.9149037,0.21465866,0.9088318,-0.2637705,-0.32318717,,0.056387953,0.015065074,0.044109643,0.41365412,0.32811323,0.8492537,-0.23711693,-0.8617827,0.44844866,0.87901413,-0.38687512,-0.27867877,,0.0774888,1.330176,0.45620704,0.9982497,0.03666001,-0.046406966,-0.0016540996,-0.7670799,-0.64154947,-0.05911706,0.6405033,-0.7656766,,-0.048912536,0.26098245,-0.09099046,0.14755596,-0.3169034,0.93690956,0.8529517,0.5203245,0.041663054,-0.5007002,0.7929909,0.3470803,,0.0061382577,0.46542087,-0.31276336,-0.5300866,-0.23208335,-0.8155646,0.38015556,-0.9247829,0.016076397,-0.75795114,-0.3015195,0.57844275,,1.2468583907421698,0.2767441325478353,0.18220652240000001,2.1465959514510757,-0.4716691971903004,-0.8432618969730253,0.7633068210454869,,-1.3084317399483618,0.37308522515378606,0.19016574300000003,-1.4267303754687037,-0.8299300995752852,0.2084064510860797,-0.15550355095983381,,-0.03254166390343428,-0.08714647121364187,0.07824560327999999,-0.058221254136848435,,-2.8695911e-05,1.4305115e-06,-7.867813e-06,1.0,1.8291175e-06,1.5236437e-06,-1.8179417e-06,1.0,1.1920929e-07,-1.527369e-06,-1.1920929e-07,1.0,111,0.336,0,0,0.0,False,0.9381107283972718,0.0019794710468157284
0.3612027750350535,10:17:31.107948,10:16:25.150875,0,,0.09314865,0.010915592,0.037315845,-0.23890394,0.3036716,-0.92233855,0.34030887,0.91578615,0.21336754,0.9094584,-0.26290575,-0.32212707,,0.055500127,0.01582615,0.04456097,0.4167861,0.34166843,0.842349,-0.23848301,-0.8531116,0.46403295,0.8771631,-0.39428848,-0.27408293,,0.0774888,1.330176,0.45620704,0.9982497,0.03666001,-0.046406966,-0.0016540996,-0.7670799,-0.64154947,-0.05911706,0.6405033,-0.7656766,,-0.04884499,0.26095662,-0.090831116,0.14740251,-0.31511524,0.9375366,0.8521198,0.52170837,0.041378282,-0.50215966,0.7927943,0.34541705,,0.0069178035,0.46639222,-0.31262213,-0.53285086,-0.24471994,-0.81005067,0.37749255,-0.9254842,0.031278547,-0.7573436,-0.2891213,0.585525,,1.2467888861463017,0.27653561876023125,0.18238541042,2.1459668816206223,-0.47344547168725115,-0.8445088626496104,0.7634701651116212,,-1.307574516599323,0.37988123008310365,0.19006981754000002,-1.429246654790518,-0.8297934630755199,0.19702336704298584,-0.15779036788571377,,-0.03254166390343428,-0.08714647121364187,0.07824560327999999,-0.058221254136848435,,-2.8695911e-05,1.4305115e-06,-7.867813e-06,1.0,1.8291175e-06,1.5236437e-06,-1.8179417e-06,1.0,1.1920929e-07,-1.527369e-06,-1.1920929e-07,1.0,119,0.36,0,0,0.0,False,0.9379319952417084,0.0034278770701998695
0.3839430049993098,10:17:31.133470,10:16:25.150875,0,,0.09310681,0.010960028,0.037228987,-0.23889631,0.3018896,-0.9229253,0.33862746,0.9166814,0.21219462,0.9100878,-0.26183543,-0.32121992,,0.05476193,0.016509384,0.044979215,0.41701764,0.35270607,0.8376721,-0.2400881,-0.84615177,0.47579938,0.87661505,-0.39953184,-0.26817966,,0.0774888,1.330176,0.45620704,0.9982497,0.03666001,-0.046406966,-0.0016540996,-0.7670799,-0.64154947,-0.05911706,0.6405033,-0.7656766,,-0.048797645,0.26094037,-0.090737514,0.14740588,-0.31346646,0.93808866,0.8512064,0.5232206,0.04108278,-0.5037054,0.7924512,0.34395048,,0.0075575407,0.46726543,-0.31250003,-0.5329338,-0.25512365,-0.80677974,0.375939,-0.9255821,0.04435818,-0.75805765,-0.27966002,0.5891849,,1.2467425497490563,0.2763734413698725,0.18249559507000002,2.145128121846684,-0.4752217461842019,-0.8455107921057738,0.7634701651116212,,-1.3070184798323787,0.38575050706751424,0.19000889191,-1.4334404536602083,-0.8318430105720014,0.18987333166325127,-0.15517686282756538,,-0.03254166390343428,-0.08714647121364187,0.07824560327999999,-0.058221254136848435,,-2.8695911e-05,1.4305115e-06,-7.867813e-06,1.0,1.8291175e-06,1.5236437e-06,-1.8179417e-06,1.0,1.1920929e-07,-1.527369e-06,-1.1920929e-07,1.0,131,0.397,0,0,0.0,False,0.9372170626194563,0.002317432452272339
0.40944768697954714,10:17:31.165441,10:16:25.150875,0,,0.093055785,0.011009365,0.0371051,-0.23799329,0.29995173,-0.92379004,0.33682346,0.9175841,0.21116188,0.91099346,-0.2608991,-0.31940967,,0.053474344,0.017795473,0.045625985,0.42513633,0.374679,0.8239384,-0.23763564,-0.8321624,0.5010342,0.87337756,-0.40880495,-0.26474538,,0.0774888,1.330176,0.45620704,0.9982497,0.03666001,-0.046406966,-0.0016540996,-0.7670799,-0.64154947,-0.05911706,0.6405033,-0.7656766,,-0.048738193,0.26090556,-0.09061242,0.14649896,-0.31165138,0.93883514,0.8502958,0.52466774,0.0414833,-0.50550485,0.7922103,0.34185913,,0.008681946,0.468799,-0.31216222,-0.5405716,-0.27601334,-0.79473203,0.37438858,-0.92488015,0.06655759,-0.75340265,-0.26155946,0.60330015,,1.246626708755943,0.27608770025352625,0.18264207584000003,2.145128121846684,-0.4776812031799798,-0.8470174556652824,0.763306821045487,,-1.3063852157366922,0.3961839191805916,0.18997518837000002,-1.439311772077775,-0.8255577315827912,0.17339476321367786,-0.15599358315823675,,-0.03254166390343428,-0.08714647121364187,0.07824560327999999,-0.058221254136848435,,-2.8695911e-05,1.4305115e-06,-7.867813e-06,1.0,1.8291175e-06,1.5236437e-06,-1.8179417e-06,1.0,1.1920929e-07,-1.527369e-06,-1.1920929e-07,1.0,135,0.409,0,0,0.0,False,0.9375149512120613,0.0016897898421390778
0.44143796095158905,10:17:31.188370,10:16:25.150875,0,,0.09298173,0.011062518,0.036967352,-0.2377191,0.29736853,-0.9246954,0.33067235,0.9198978,0.21081705,0.91331553,-0.255656,-0.31700885,,0.052849457,0.0184713,0.045921385,0.42993203,0.3877623,0.8153518,-0.23424977,-0.8242431,0.51550984,0.8719435,-0.41263023,-0.26353532,,0.0774888,1.330176,0.45620704,0.9982497,0.03666001,-0.046406966,-0.0016540996,-0.7670799,-0.64154947,-0.05911706,0.6405033,-0.7656766,,-0.048654784,0.260867,-0.090475194,0.14626442,-0.30961445,0.93954545,0.8469462,0.52995396,0.04279018,-0.51116425,0.7894857,0.3397402,,0.009228318,0.46956748,-0.31194907,-0.545232,-0.2886878,-0.78700787,0.3751847,-0.92358917,0.07886351,-0.7496389,-0.25227442,0.6118816,,1.246387304036842,0.2756706726783181,0.18282355644,2.1424021525813854,-0.484239755168721,-0.8467334781765691,0.763306821045487,,-1.3062153156134593,0.4014739911994354,0.18999981788000003,-1.4441346407779192,-0.8200922715921736,0.16403732265738713,-0.15664695942277385,,-0.03254166390343428,-0.08714647121364187,0.07824560327999999,-0.058221254136848435,,-2.8695911e-05,1.4305115e-06,-7.867813e-06,1.0,1.8291175e-06,1.5236437e-06,-1.8179417e-06,1.0,1.1920929e-07,-1.527369e-06,-1.1920929e-07,1.0,154,0.467,0,0,0.0,False,0.9373362180564984,0.0019311908460366567
0.4643000769428909,10:17:31.238413,10:16:25.283814,0,,0.092923574,0.011102304,0.03674592,-0.23897919,0.29268244,-0.92586493,0.32679254,0.9221153,0.20714726,0.9143826,-0.2530619,-0.31601283,,0.051694497,0.019849926,0.046248734,0.43868756,0.41232395,0.79846233,-0.22638988,-0.8091573,0.54222894,0.86965555,-0.41863292,-0.2616213,,0.0774888,1.330176,0.45620704,0.9982497,0.03666001,-0.046406966,-0.0016540996,-0.7670799,-0.64154947,-0.05911706,0.6405033,-0.7656766,,-0.04857956,0.26076445,-0.0902807,0.14757708,-0.3052547,0.940766,0.84470445,0.5336864,0.0406597,-0.51448554,0.78866875,0.3366099,,0.010265532,0.47092995,-0.31130913,-0.5538569,-0.3126661,-0.7716751,0.37806374,-0.9201991,0.10149587,-0.74182904,-0.23552819,0.6278663,,1.24590849459864,0.2751378041099966,0.18304651832000002,2.1392568034291175,-0.48806557716215326,-0.8490045737223464,0.7624901007148156,,-1.3055666060520246,0.4107721615800017,0.19029666829000003,-1.4541997580651764,-0.8101178071092964,0.14871608655517898,-0.1559935831582367,,-0.03254166390343428,-0.08714647121364187,0.07824560327999999,-0.058221254136848435,,-2.8695911e-05,1.4305115e-06,-7.867813e-06,1.0,1.8291175e-06,1.5236437e-06,-1.8179417e-06,1.0,1.1920929e-07,-1.527369e-06,-1.1920929e-07,1.0,162,0.491,0,0,0.0,False,0.9370383294638933,0.0016897898421390778
0.5144089659443125,10:17:31.266732,10:16:25.283814,0,,0.09291491,0.011123434,0.03656687,-0.23982479,0.2922815,-0.92577285,0.326639,0.9222996,0.20656796,0.91421604,-0.25285354,-0.31666088,,0.051268965,0.020369425,0.0462209,0.44439825,0.419803,0.7913757,-0.22257823,-0.80395573,0.5514656,0.8677379,-0.4212134,-0.26383752,,0.0774888,1.330176,0.45620704,0.9982497,0.03666001,-0.046406966,-0.0016540996,-0.7670799,-0.64154947,-0.05911706,0.6405033,-0.7656766,,-0.0485565,0.26066977,-0.090128765,0.14843905,-0.30488032,0.94075173,0.8445517,0.53399307,0.03979746,-0.5144884,0.788606,0.33675262,,0.010669315,0.47133815,-0.31095973,-0.5593664,-0.3198798,-0.7647131,0.37871027,-0.91925013,0.107506685,-0.73735183,-0.22946906,0.63533944,,1.245452853359061,0.2748134493292792,0.18319948054000001,2.1384180436551796,-0.48833885016168416,-0.8488634166550941,0.762816788847084,,-1.305002846552206,0.4140234321200502,0.19051444501,-1.456086967556537,-0.8039691646198516,0.14264045726701263,-0.15746367975344516,,-0.03254166390343428,-0.08714647121364187,0.07824560327999999,-0.058221254136848435,,-2.8695911e-05,1.4305115e-06,-7.867813e-06,1.0,1.8291175e-06,1.5236437e-06,-1.8179417e-06,1.0,1.1920929e-07,-1.527369e-06,-1.1920929e-07,1.0,170,0.516,0,0,0.0,False,0.9374553734935405,0.0018829106452566968
0.5427237199619412,10:17:31.289212,10:16:25.283814,0,,0.09291762,0.01114209,0.0364708,-0.23957933,0.29282126,-0.925666,0.32637474,0.9222369,0.20726474,0.91437477,-0.2524577,-0.31651837,,0.050664537,0.021085411,0.046121657,0.45207825,0.43081892,0.78103787,-0.2178097,-0.79579926,0.5650333,0.8649764,-0.42555696,-0.26592702,,0.0774888,1.330176,0.45620704,0.9982497,0.03666001,-0.046406966,-0.0016540996,-0.7670799,-0.64154947,-0.05911706,0.6405033,-0.7656766,,-0.048551746,0.26062405,-0.09004232,0.14819129,-0.30544898,0.94060636,0.84442514,0.53414655,0.04041867,-0.51476747,0.7882819,0.33708465,,0.01125263,0.47186124,-0.31043637,-0.5667344,-0.3304439,-0.75473106,0.37919888,-0.91787213,0.117128074,-0.73145086,-0.21981265,0.6454937,,1.245174834975589,0.2746667174046689,0.18328633197000002,2.138627733598664,-0.48902203266051136,-0.8483063271366119,0.762816788847084,,-1.3039371094155632,0.4184408353241066,0.19086444331000002,-1.4581838669913822,-0.7961808841332215,0.1324507359697103,-0.15730033568731094,,-0.03254166390343428,-0.08714647121364187,0.07824560327999999,-0.058221254136848435,,-2.8695911e-05,1.4305115e-06,-7.867813e-06,1.0,1.8291175e-06,1.5236437e-06,-1.8179417e-06,1.0,1.1920929e-07,-1.527369e-06,-1.1920929e-07,1.0,178,0.54,0,0,0.0,False,0.9379319952417084,0.0024139928538304822
0.5651975509244949,10:17:31.318489,10:16:25.283814,0,,0.0929444,0.011182174,0.036346987,-0.2381725,0.29381683,-0.9257134,0.32824975,0.9214064,0.20799594,0.9140711,-0.2543264,-0.31589895,,0.050292708,0.021520644,0.046025217,0.4573106,0.43914023,0.7733193,-0.21522099,-0.7890755,0.5753608,0.8628713,-0.42955312,-0.26634035,,0.0774888,1.330176,0.45620704,0.9982497,0.03666001,-0.046406966,-0.0016540996,-0.7670799,-0.64154947,-0.05911706,0.6405033,-0.7656766,,-0.048569407,0.26057562,-0.089919865,0.14674449,-0.3062493,0.9405729,0.8455744,0.5322517,0.041377254,-0.5132933,0.78925246,0.33706155,,0.011616947,0.47215497,-0.3100929,-0.5716944,-0.33833995,-0.7474568,0.37890673,-0.91692114,0.12524098,-0.72773296,-0.21161684,0.65239793,,1.2448273119962487,0.27461265827454934,0.18339910920000002,2.1413537028639626,-0.48806557716215326,-0.8491679312026276,0.7629801329132184,,-1.3031725588610148,0.42108973269996564,0.19110425696000002,-1.458393556934867,-0.7912619701416657,0.1228038583669403,-0.15681030348890818,,-0.03254166390343428,-0.08714647121364187,0.07824560327999999,-0.058221254136848435,,-2.8695911e-05,1.4305115e-06,-7.867813e-06,1.0,1.8291175e-06,1.5236437e-06,-1.8179417e-06,1.0,1.1920929e-07,-1.527369e-06,-1.1920929e-07,1.0,186,0.564,0,0,0.0,False,0.9381703061157931,0.002655393857728061
0.5944826470222324,10:17:31.342229,10:16:25.283814,0,,0.09295047,0.011239648,0.036227554,-0.2386472,0.29279023,-0.9259165,0.32943285,0.9213357,0.20643318,0.91352147,-0.2557627,-0.31632888,,0.049771547,0.022114605,0.045844257,0.46457827,0.45015374,0.76258016,-0.21267986,-0.7792291,0.5895502,0.8596129,-0.4360777,-0.26627418,,0.0774888,1.330176,0.45620704,0.9982497,0.03666001,-0.046406966,-0.0016540996,-0.7670799,-0.64154947,-0.05911706,0.6405033,-0.7656766,,-0.048567493,0.26054516,-0.08979075,0.14721848,-0.30510223,0.9408716,0.8461895,0.53138536,0.03991207,-0.51214266,0.79027987,0.33640406,,0.012135022,0.47252378,-0.3095902,-0.57849175,-0.34864464,-0.737424,0.37751797,-0.9158355,0.13684137,-0.7230681,-0.19922921,0.66142285,,1.2446265209415188,0.27463582647317203,0.18351447901,2.1413537028639626,-0.48697248516402974,-0.8506310256131828,0.7631434769793526,,-1.3018983079367679,0.42468080348648,0.19147240332,-1.4573451072174441,-0.7852499641519863,0.10818170052757092,-0.15664695942277368,,-0.03254166390343428,-0.08714647121364187,0.07824560327999999,-0.058221254136848435,,-2.8695911e-05,1.4305115e-06,-7.867813e-06,1.0,1.8291175e-06,1.5236437e-06,-1.8179417e-06,1.0,1.1920929e-07,-1.527369e-06,-1.1920929e-07,1.0,201,0.61,0,0,0.0,False,0.9382894615528348,0.002655393857728061
0.6181692089885473,10:17:31.386872,10:16:25.283814,0,,0.09292159,0.011321306,0.036121562,-0.2387733,0.2923131,-0.9260347,0.32922825,0.921507,0.20599413,0.9135622,-0.25569093,-0.31626904,,0.049221143,0.022782072,0.045551956,0.47267723,0.4625032,0.75011116,-0.2101892,-0.7674665,0.6056533,0.8558017,-0.44394386,-0.26555076,,0.0774888,1.330176,0.45620704,0.9982497,0.03666001,-0.046406966,-0.0016540996,-0.7670799,-0.64154947,-0.05911706,0.6405033,-0.7656766,,-0.04853285,0.26054478,-0.08965832,0.14734843,-0.3046399,0.94100106,0.8460666,0.531603,0.039618343,-0.5123083,0.7903118,0.33607653,,0.012695655,0.47287235,-0.30895922,-0.58602625,-0.36014625,-0.72585666,0.37560302,-0.9144809,0.15048927,-0.7179802,-0.1844433,0.67118186,,1.2446110754757704,0.27465899467179467,0.18365188575000002,2.141144012920478,-0.48710912166379516,-0.8510096801503297,0.7637968532438896,,-1.300353761361923,0.42840316073185625,0.19196499352000002,-1.4554578977260835,-0.7788280486630106,0.09044821181233303,-0.15615692722437108,,-0.03254166390343428,-0.08714647121364187,0.07824560327999999,-0.058221254136848435,,-2.8695911e-05,1.4305115e-06,-7.867813e-06,1.0,1.8291175e-06,1.5236437e-06,-1.8179417e-06,1.0,1.1920929e-07,-1.527369e-06,-1.1920929e-07,1.0,209,0.635,0,0,0.0,False,0.9389448164565666,0.0024139928538304822
0.6628370189573616,10:17:31.411120,10:16:25.283814,0,,0.09289391,0.011368543,0.036055148,-0.23864387,0.29244128,-0.9260276,0.32901546,0.92153,0.20623128,0.9136727,-0.25546163,-0.3161352,,0.048842847,0.023318216,0.04531437,0.47792453,0.47248286,0.74050516,-0.2052342,-0.7596189,0.61713725,0.8540884,-0.446922,-0.26607084,,0.0774888,1.330176,0.45620704,0.9982497,0.03666001,-0.046406966,-0.0016540996,-0.7670799,-0.64154947,-0.05911706,0.6405033,-0.7656766,,-0.048501454,0.2605423,-0.08957822,0.14721833,-0.30478787,0.9409735,0.84595954,0.53175336,0.03988552,-0.5125224,0.7901536,0.33612204,,0.013083331,0.47314197,-0.3084454,-0.5911541,-0.36987743,-0.7167479,0.3772678,-0.9122474,0.15960467,-0.71288556,-0.17605494,0.6788217,,1.2446342436743931,0.2746203810074236,0.18373873718000003,2.141144012920478,-0.4873823946633261,-0.8507868443429369,0.7634701651116212,,-1.299427033417016,0.43099799897759566,0.19237073229,-1.4581838669913822,-0.7725427696738003,0.0808306575345667,-0.15697364755504245,,-0.03254166390343428,-0.08714647121364187,0.07824560327999999,-0.058221254136848435,,-2.8695911e-05,1.4305115e-06,-7.867813e-06,1.0,1.8291175e-06,1.5236437e-06,-1.8179417e-06,1.0,1.1920929e-07,-1.527369e-06,-1.1920929e-07,1.0,217,0.659,0,0,0.0,False,0.9382894615528348,0.0021243116491542757
0.6870907139964402,10:17:31.436974,10:16:25.283814,0,,0.09287982,0.011392996,0.0360194,-0.23846437,0.29224065,-0.92613715,0.32910678,0.92153794,0.20605007,0.91368663,-0.2556625,-0.3159324,,0.04860556,0.023668587,0.045211077,0.47971833,0.47797275,0.73580724,-0.20309842,-0.7553366,0.6230713,0.85359323,-0.44834,-0.26527327,,0.0774888,1.330176,0.45620704,0.9982497,0.03666001,-0.046406966,-0.0016540996,-0.7670799,-0.64154947,-0.05911706,0.6405033,-0.7656766,,-0.048485316,0.26054016,-0.08953568,0.14703494,-0.30457136,0.9410723,0.8460242,0.5316508,0.03988054,-0.5124683,0.7903061,0.335846,,0.013319133,0.47335258,-0.30814576,-0.5929382,-0.37526202,-0.7124624,0.3782147,-0.9108921,0.16501264,-0.7108994,-0.17162144,0.68203235,,1.2446496891401415,0.2745972128088009,0.18378410733000003,2.1413537028639626,-0.4873823946633261,-0.8511135593034991,0.7634701651116214,,-1.2989482239788142,0.43275878207291885,0.19261184223000002,-1.460490456369712,-0.7703565856775533,0.07643425139092597,-0.15664695942277385,,-0.03254166390343428,-0.08714647121364187,0.07824560327999999,-0.058221254136848435,,-2.8695911e-05,1.4305115e-06,-7.867813e-06,1.0,1.8291175e-06,1.5236437e-06,-1.8179417e-06,1.0,1.1920929e-07,-1.527369e-06,-1.1920929e-07,1.0,225,0.684,0,0,0.0,False,0.9382894615528348,0.0017380700429185936
0.712939849938266,10:17:31.458913,10:16:25.283814,0,,0.09286692,0.01140894,0.035987794,-0.23850663,0.29054958,-0.92665815,0.3292407,0.9218775,0.20430948,0.9136274,-0.25636455,-0.31553465,,0.04837186,0.024036974,0.045106173,0.4822462,0.48426515,0.7300176,-0.20138371,-0.74972034,0.6303683,0.85257447,-0.4510064,-0.2640267,,0.0774888,1.330176,0.45620704,0.9982497,0.03666001,-0.046406966,-0.0016540996,-0.7670799,-0.64154947,-0.05911706,0.6405033,-0.7656766,,-0.0484704,0.26053387,-0.089501664,0.1470769,-0.30284095,0.941624,0.8460947,0.531617,0.038820602,-0.51233983,0.7909935,0.33442074,,0.013550901,0.47357446,-0.30783212,-0.5953529,-0.38130707,-0.70721984,0.37840363,-0.90954894,0.1718472,-0.7087776,-0.16530484,0.68579054,,1.2446574118730158,0.27455859914442976,0.18382040345000003,2.1413537028639626,-0.48724575816356064,-0.8529402307501475,0.763306821045487,,-1.2985466418693543,0.4346045152298585,0.19286461878000002,-1.4615389060871349,-0.7677604921820099,0.06949826555240085,-0.15713699162117672,,-0.03254166390343428,-0.08714647121364187,0.07824560327999999,-0.058221254136848435,,-2.8695911e-05,1.4305115e-06,-7.867813e-06,1.0,1.8291175e-06,1.5236437e-06,-1.8179417e-06,1.0,1.1920929e-07,-1.527369e-06,-1.1920929e-07,1.0,233,0.707,0,0,0.0,False,0.9387065055824824,0.0021243116491542757
0.7348746600328013,10:17:31.488566,10:16:25.559911,0,,0.0928569,0.011416197,0.035922483,-0.2368479,0.2887479,-0.9276462,0.33147195,0.92153966,0.20221525,0.913252,-0.25959453,-0.3139766,,0.04800076,0.024608344,0.044966996,0.485722,0.49303457,0.72179705,-0.2018511,-0.74016535,0.64141375,0.8504882,-0.45724425,-0.25999507,,0.0774888,1.330176,0.45620704,0.9982497,0.03666001,-0.046406966,-0.0016540996,-0.7670799,-0.64154947,-0.05911706,0.6405033,-0.7656766,,-0.048455145,0.26049957,-0.0894468,0.14537175,-0.30075932,0.9425555,0.8474549,0.52948767,0.03824957,-0.5105754,0.7932129,0.3318525,,0.013915406,0.47393596,-0.30736306,-0.5984578,-0.38942546,-0.70014006,0.3761751,-0.90817684,0.18359503,-0.7073476,-0.15350139,0.6899977,,1.2446187982086447,0.27438869902119684,0.18387225505000002,2.1440796721292616,-0.4860160296656717,-0.8567200690481944,0.7636335091777555,,-1.297874764109297,0.43764727198230297,0.19325350578000003,-1.4602807664262276,-0.7661208541848247,0.0564811908679434,-0.1576270238195795,,-0.03254166390343428,-0.08714647121364187,0.07824560327999999,-0.058221254136848435,,-2.8695911e-05,1.4305115e-06,-7.867813e-06,1.0,1.8291175e-06,1.5236437e-06,-1.8179417e-06,1.0,1.1920929e-07,-1.527369e-06,-1.1920929e-07,1.0,248,0.753,0,0,0.0,False,0.938349039271356,0.0023657126530514105
0.7645609190221876,10:17:31.522392,10:16:25.559911,0,,0.09280013,0.011385009,0.035847023,-0.23745647,0.2878058,-0.9277835,0.33142972,0.9217941,0.2011219,0.9131094,-0.2597374,-0.31427336,,0.047465444,0.025378525,0.044812143,0.48762175,0.5004512,0.7153834,-0.20272115,-0.73210484,0.6503282,0.8491931,-0.46213752,-0.25553828,,0.0774888,1.330176,0.45620704,0.9982497,0.03666001,-0.046406966,-0.0016540996,-0.7670799,-0.64154947,-0.05911706,0.6405033,-0.7656766,,-0.048391003,0.26043293,-0.08941022,0.14599141,-0.2998189,0.94275934,0.8473837,0.52967453,0.03722656,-0.5105168,0.7934441,0.33138958,,0.014436534,0.4744504,-0.30675688,-0.6001072,-0.39634767,-0.6948236,0.3744118,-0.90676826,0.19387403,-0.7068855,-0.14380495,0.6925554,,1.2446033527428961,0.2739330577816176,0.18392540294,2.1432409123553238,-0.4860160296656717,-0.856965105268616,0.7637968532438897,,-1.2967935815069054,0.44183299320013264,0.19376554033,-1.4615389060871349,-0.7665307636841209,0.04815749812413306,-0.15795371195184799,,-0.03254166390343428,-0.08714647121364187,0.07824560327999999,-0.058221254136848435,,-2.8695911e-05,1.4305115e-06,-7.867813e-06,1.0,1.8291175e-06,1.5236437e-06,-1.8179417e-06,1.0,1.1920929e-07,-1.527369e-06,-1.1920929e-07,1.0,256,0.778,0,0,0.0,False,0.9387065055824824,0.002703674058508021
0.7983882839325815,10:17:31.555902,10:16:25.559911,0,,0.092732534,0.011331633,0.03577645,-0.23803148,0.28626224,-0.92811364,0.33144867,0.92215717,0.19941908,0.91295266,-0.26015407,-0.31438366,,0.04703878,0.025864318,0.04464513,0.4897541,0.5070536,0.70925134,-0.20277959,-0.7249367,0.6582912,0.84795123,-0.46622252,-0.25222057,,0.0774888,1.330176,0.45620704,0.9982497,0.03666001,-0.046406966,-0.0016540996,-0.7670799,-0.64154947,-0.05911706,0.6405033,-0.7656766,,-0.048315644,0.26035306,-0.08939186,0.14657651,-0.29826057,0.94316274,0.8473485,0.52982485,0.03586281,-0.5104075,0.7939309,0.3303905,,0.014863508,0.47473902,-0.3063322,-0.60202676,-0.40255,-0.68957764,0.3732337,-0.9053332,0.20265333,-0.70587564,-0.1353709,0.69528,,1.2446110754757704,0.273361575548925,0.18396429164000003,2.1424021525813854,-0.4860160296656717,-0.8577818926700217,0.7637968532438896,,-1.2955193305826584,0.4446131770348535,0.19412202008,-1.4621679759175883,-0.76625749068459,0.039685109562543286,-0.15681030348890812,,-0.03254166390343428,-0.08714647121364187,0.07824560327999999,-0.058221254136848435,,-2.8695911e-05,1.4305115e-06,-7.867813e-06,1.0,1.8291175e-06,1.5236437e-06,-1.8179417e-06,1.0,1.1920929e-07,-1.527369e-06,-1.1920929e-07,1.0,264,0.802,0,0,0.0,False,0.9387065055824824,0.0019311908460366567
0.8318933229893446,10:17:31.580288,10:16:25.559911,0,,0.09268016,0.011282846,0.03573124,-0.23808242,0.28548083,-0.9283412,0.3311231,0.9224206,0.19874032,0.91305757,-0.26007876,-0.31414145,,0.046760425,0.026130766,0.04449761,0.48870695,0.51016897,0.7077379,-0.20359337,-0.72212464,0.66112477,0.8483603,-0.46718702,-0.24904026,,0.0774888,1.330176,0.45620704,0.9982497,0.03666001,-0.046406966,-0.0016540996,-0.7670799,-0.64154947,-0.05911706,0.6405033,-0.7656766,,-0.048257783,0.2602913,-0.08938963,0.14663081,-0.2974991,0.9433948,0.8471654,0.5301416,0.035505913,-0.51069576,0.79400516,0.32976604,,0.015149837,0.47486472,-0.306063,-0.60102046,-0.4055971,-0.6886693,0.37307262,-0.90440124,0.20706345,-0.7068177,-0.13247429,0.6948808,,1.2446110754757704,0.2728904888435973,0.18398503228000002,2.141982772694416,-0.48656257566473343,-0.8579896509763604,0.7634701651116211,,-1.294337752452902,0.446111387212453,0.19436831518000003,-1.4642648753524337,-0.7688535841801334,0.0374730765053255,-0.15664695942277385,,-0.03254166390343428,-0.08714647121364187,0.07824560327999999,-0.058221254136848435,,-2.8695911e-05,1.4305115e-06,-7.867813e-06,1.0,1.8291175e-06,1.5236437e-06,-1.8179417e-06,1.0,1.1920929e-07,-1.527369e-06,-1.1920929e-07,1.0,276,0.838,0,0,0.0,False,0.9390043941750874,0.002510553255389514
0.856280918000266,10:17:31.618889,10:16:25.559911,0,,0.0925866,0.011182234,0.03564781,-0.23794723,0.2831019,-0.92910403,0.33167663,0.9227602,0.19622523,0.91289186,-0.26147094,-0.31346652,,0.04627095,0.026348636,0.04411,0.48238438,0.510213,0.7120307,-0.20692664,-0.7234789,0.65860444,0.8511678,-0.46503863,-0.24341829,,0.0774888,1.330176,0.45620704,0.9982497,0.03666001,-0.046406966,-0.0016540996,-0.7670799,-0.64154947,-0.05911706,0.6405033,-0.7656766,,-0.04815367,0.26016885,-0.08939207,0.14648905,-0.2950251,0.94419336,0.84748054,0.5297341,0.03403777,-0.5102134,0.79519933,0.32762828,,0.015682442,0.47481868,-0.30567378,-0.595058,-0.40590626,-0.6936469,0.37346047,-0.90389717,0.20855981,-0.7116412,-0.13494451,0.68946123,,1.2446265209415188,0.27199465183018723,0.18401225437000002,2.141982772694416,-0.48656257566473343,-0.8600316194798746,0.7636335091777555,,-1.2910478682484825,0.44751692459556186,0.19477146137,-1.4701361937700004,-0.7792379581623068,0.04275536632077159,-0.15648361535663957,,-0.03254166390343428,-0.08714647121364187,0.07824560327999999,-0.058221254136848435,,-2.8695911e-05,1.4305115e-06,-7.867813e-06,1.0,1.8291175e-06,1.5236437e-06,-1.8179417e-06,1.0,1.1920929e-07,-1.527369e-06,-1.1920929e-07,1.0,295,0.897,0,0,0.0,False,0.9389448164565666,0.002510553255389514
0.8948552199872211,10:17:31.670939,10:16:25.732052,0,,0.09251007,0.011100769,0.035588607,-0.23778714,0.28230208,-0.92938834,0.33158284,0.922946,0.19550864,0.9129677,-0.2616798,-0.31307122,,0.04585526,0.026075765,0.0436424,0.45686233,0.5112251,0.7279599,-0.2208418,-0.72755134,0.64953685,0.86168766,-0.45751292,-0.21949092,,0.0774888,1.330176,0.45620704,0.9982497,0.03666001,-0.046406966,-0.0016540996,-0.7670799,-0.64154947,-0.05911706,0.6405033,-0.7656766,,-0.048069306,0.260075,-0.08940057,0.14632683,-0.29421812,0.9444703,0.8474417,0.52981454,0.033751823,-0.5103245,0.79544467,0.3268588,,0.016173705,0.4743575,-0.30556488,-0.5708502,-0.4078636,-0.712585,0.374139,-0.90176547,0.21642329,-0.7308557,-0.14306056,0.6673707,,1.2446419664072674,0.27127643767288434,0.18403040243000002,2.1417730827509316,-0.48710912166379516,-0.8602393777862134,0.7642868854422926,,-1.2857655189625128,0.44655930571915803,0.19508257097,-1.4841854199834634,-0.813397083103667,0.05386570051606182,-0.15468683062916244,,-0.03254166390343428,-0.08714647121364187,0.07824560327999999,-0.058221254136848435,,-2.8695911e-05,1.4305115e-06,-7.867813e-06,1.0,1.8291175e-06,1.5236437e-06,-1.8179417e-06,1.0,1.1920929e-07,-1.527369e-06,-1.1920929e-07,1.0,303,0.921,0,0,0.0,False,0.9394810159232558,0.002703674058508021
