Task Time,PC1 Time,PC2 Time,Gaze Calib,s_T_psm1,Tx,Ty,Tz,R00,R01,R02,R10,R11,R12,R20,R21,R22,s_T_psm3,Tx,Ty,Tz,R00,R01,R02,R10,R11,R12,R20,R21,R22,cart_T_ecm,Tx,Ty,Tz,R00,R01,R02,R10,R11,R12,R20,R21,R22,ecm_T_psm1,Tx,Ty,Tz,R00,R01,R02,R10,R11,R12,R20,R21,R22,ecm_T_psm3,Tx,Ty,Tz,R00,R01,R02,R10,R11,R12,R20,R21,R22,psm1_joints,q1,q2,q3,q4,q5,q6,jaw,psm3_joints,q1,q2,q3,q4,q5,q6,jaw,ecm_joints,q1,q2,q3,q4,ecmi_T_ecm,Tx,Ty,Tz,R00,R01,R02,R10,R11,R12,R20,R21,R22,Sample #,Task Duration (s),Collisions (binary),Collisions (increments),Cumulative Collision Time (s),Clutch Press,MTMR Angle,MTML Angle
""
lci_T_si,,,,,-0.061405014,0.027400337,0.2485284,0.99760735,0.0015516733,0.06911746,0.046116903,-0.7597547,-0.64857227,0.051505942,0.65020794,-0.7580084
rci_T_si,,,,,-0.072011076,0.03243643,0.2623404,0.9976547,-0.011777193,0.067427725,0.035187066,-0.75671625,-0.6527958,0.058711756,0.65363735,-0.7545271
ecm_T_lc,,,,,-4.4061628e-05,-0.00034663224,-0.01840835,-0.99912,0.030754527,0.028518902,-0.031987965,-0.99852574,-0.043852776,0.027128186,-0.04472645,0.9986309
ecm_T_rc,,,,,-0.0043358393,0.01870579,-0.007592615,-0.99555075,-0.052743673,-0.078081585,0.04863213,-0.9973746,0.053654674,-0.08070653,0.04961868,0.9955021
cart_T_ecmi,,,,,0.07748984,1.3318874,0.4582016,0.9984689,0.027356012,-0.04807836,-0.00985114,-0.76732504,-0.64118266,-0.05443193,0.64067453,-0.7658807
ecmac_T_ecmrep_psm1,,,,,0.0028397094,-0.24236576,-0.3123762,0.99938005,0.032352094,0.013886033,-0.031258944,0.9968569,-0.072795466,-0.016197473,0.07231628,0.9972502
ecmac_T_ecmrep_psm3,,,,,-0.018767226,-0.44603547,-0.53896165,0.9994355,-0.013331066,-0.030837692,0.013906483,0.9997318,0.01852092,0.030582517,-0.018939309,0.9993528
""
0,09:24:17.147380,09:23:11.125726,0,,0.12814787,0.0039577633,0.02293396,0.8624085,0.25157195,-0.43927535,0.38784808,0.22927907,0.89275146,0.3253078,-0.9402885,0.10016045,,0.06551689,-0.03439243,0.040367365,-0.51005095,0.41242856,0.75481826,0.7198141,-0.27573124,0.63705575,0.47086692,0.8682597,-0.15623492,,0.077506565,1.3318851,0.4581981,0.9984687,0.027342351,-0.048089772,-0.009868915,-0.7673256,-0.6411818,-0.05443193,0.64067453,-0.7658807,,-0.08431179,0.2466969,-0.07796137,-0.8829255,-0.17535529,0.43553764,0.46709242,-0.42213267,0.77693546,0.04761492,0.88941246,0.45461884,,-0.0038353489,0.42646965,-0.34054738,0.44083887,-0.5331756,-0.72206986,0.8903862,0.36145127,0.27670437,0.11346104,-0.7649031,0.634074,,1.0270076312787464,0.3521411735988892,0.18536169226000002,3.6433627680436107,-0.050692141412978405,-1.137778250397784,-0.411300358526115,,-1.296330217534452,0.06906440009418979,0.17173249920000003,-3.027293714086078,-0.36632245587114587,0.8143492863174753,0.6875151743591814,,-0.034191000046568915,-0.08750644537186571,0.07561312771999999,-0.04775451182011164,,1.6909093e-05,0.0,3.33786e-06,0.99999994,-1.3630837e-05,-1.1406839e-05,1.36345625e-05,1.0,-8.940697e-07,1.1406839e-05,1.0430813e-06,1.0,36,0.109,0,0,0.0,False,-0.26202283349042155,0.864601818373401
0.12693986797239631,09:24:17.171122,09:23:11.125726,0,,0.12814312,0.003972292,0.022920325,0.8626278,0.25140062,-0.43894288,0.38754433,0.22921675,0.8928993,0.32508844,-0.94034946,0.100299805,,0.06546214,-0.034356803,0.040356517,-0.509207,0.41290808,0.75512576,0.72035295,-0.27564558,0.63648343,0.47095627,0.8680589,-0.15707895,,0.077506565,1.3318851,0.4581981,0.9984687,0.027342351,-0.048089772,-0.009868915,-0.7673256,-0.6411818,-0.05443193,0.64067453,-0.7658807,,-0.0843059,0.24669988,-0.07794198,-0.8831287,-0.17518006,0.43519613,0.46670887,-0.4222117,0.777123,0.047608446,0.8894095,0.45462534,,-0.003779461,0.426493,-0.34052062,0.43999317,-0.53362125,-0.7222564,0.8907533,0.3613281,0.2756819,0.113861814,-0.76465046,0.6343068,,1.0270462449431175,0.35214889633176344,0.18538113661000002,3.643782147930579,-0.050692141412978405,-1.137778250397784,-0.411300358526115,,-1.2961062582810994,0.06945053673790101,0.17173120291000002,-3.02645495431214,-0.3655026368725532,0.8138441363755777,0.6884952387559871,,-0.034191000046568915,-0.08750644537186571,0.07561312771999999,-0.04775451182011164,,1.6909093e-05,0.0,3.33786e-06,0.99999994,-1.3630837e-05,-1.1406839e-05,1.36345625e-05,1.0,-8.940697e-07,1.1406839e-05,1.0430813e-06,1.0,40,0.121,0,0,0.0,False,-0.2620824112089424,0.8644569777710629
0.1506688449298963,09:24:17.197815,09:23:11.125726,0,,0.1281339,0.003999293,0.022887006,0.8626355,0.25149703,-0.43887267,0.3874721,0.22918475,0.89293885,0.32515427,-0.9403316,0.100254714,,0.065408535,-0.03429985,0.040355027,-0.50899285,0.41322204,0.7550985,0.7203947,-0.27563688,0.6364401,0.47112405,0.8679123,-0.15738577,,0.077506565,1.3318851,0.4581981,0.9984687,0.027342351,-0.048089772,-0.009868915,-0.7673256,-0.6411818,-0.05443193,0.64067453,-0.7658807,,-0.08429391,0.2467004,-0.07789978,-0.88314193,-0.17527775,0.4351299,0.46669358,-0.4222297,0.7771224,0.047512516,0.8893817,0.45468977,,-0.0037259469,0.42653802,-0.34048557,0.43975747,-0.53391105,-0.72218585,0.8908784,0.36120299,0.27544177,0.11379428,-0.7645073,0.6344915,,1.0271080268061112,0.35213345086601494,0.18542391418,3.643782147930579,-0.050828777912743844,-1.1376668324940877,-0.411300358526115,,-1.2959749718222378,0.06992934617610294,0.17173120291000002,-3.0262452643686553,-0.3650927273732569,0.8136732401447697,0.6891486150205242,,-0.034191000046568915,-0.08750644537186571,0.07561312771999999,-0.04775451182011164,,1.6909093e-05,0.0,3.33786e-06,0.99999994,-1.3630837e-05,-1.1406839e-05,1.36345625e-05,1.0,-8.940697e-07,1.1406839e-05,1.0430813e-06,1.0,52,0.157,0,0,0.0,False,-0.26232072208302704,0.8634913737554735
0.17737289203796536,09:24:17.221417,09:23:11.217079,0,,0.12813208,0.0040207356,0.022854552,0.86263734,0.2513793,-0.4389364,0.38747612,0.22940168,0.8928814,0.3251446,-0.94031006,0.100486845,,0.065389946,-0.034257755,0.040368915,-0.50922835,0.4126833,0.7552343,0.72015315,-0.27617016,0.6364821,0.47123867,0.86799914,-0.15656152,,0.077506565,1.3318851,0.4581981,0.9984687,0.027342351,-0.048089772,-0.009868915,-0.7673256,-0.6411818,-0.05443193,0.64067453,-0.7658807,,-0.08428941,0.24669684,-0.077861264,-0.883143,-0.17516078,0.43517485,0.46669054,-0.42204222,0.77722603,0.047522645,0.8894937,0.45446953,,-0.0037093428,0.4265796,-0.34046805,0.43997312,-0.5333925,-0.7224376,0.89080685,0.36093205,0.27602747,0.11351992,-0.76499707,0.63395005,,1.0271157495389855,0.35212572813314075,0.18546280288000003,3.643782147930579,-0.050828777912743844,-1.1379118687145091,-0.41113701445998074,,-1.2960290309523572,0.07021508729244924,0.17172731404000002,-3.02645495431214,-0.3650927273732569,0.8144900275461753,0.6878418624914499,,-0.034191000046568915,-0.08750644537186571,0.07561312771999999,-0.04775451182011164,,1.6909093e-05,0.0,3.33786e-06,0.99999994,-1.3630837e-05,-1.1406839e-05,1.36345625e-05,1.0,-8.940697e-07,1.1406839e-05,1.0430813e-06,1.0,59,0.178,0,0,0.0,False,-0.26148663402373185,0.8632499727515763
0.20097132993396372,09:24:17.248076,09:23:11.217079,0,,0.1281343,0.004045889,0.022815228,0.862634,0.2513207,-0.43897653,0.38747633,0.22953987,0.89284575,0.32515314,-0.94029206,0.10062799,,0.06539038,-0.0342426,0.040377438,-0.5092953,0.41263708,0.75521445,0.7200064,-0.27637544,0.6365591,0.47139063,0.8679558,-0.15634465,,0.077506565,1.3318851,0.4581981,0.9984687,0.027342351,-0.048089772,-0.009868915,-0.7673256,-0.6411818,-0.05443193,0.64067453,-0.7658807,,-0.08428838,0.24669164,-0.07781483,-0.8831404,-0.1751029,0.4352035,0.4666962,-0.4219208,0.77728856,0.047515918,0.8895627,0.45433515,,-0.0037109233,0.42659628,-0.3404635,0.44001716,-0.53334147,-0.72244847,0.89081275,0.3607593,0.27623424,0.11330282,-0.7651141,0.63384765,,1.0271003040732372,0.35212572813314075,0.18550946932,3.643782147930579,-0.050828777912743844,-1.1380752261947904,-0.4108103263277121,,-1.296090812815351,0.07029231462119148,0.17172601775000002,-3.02645495431214,-0.3652293638730223,0.8146014454498717,0.6875151743591813,,-0.034191000046568915,-0.08750644537186571,0.07561312771999999,-0.04775451182011164,,1.6909093e-05,0.0,3.33786e-06,0.99999994,-1.3630837e-05,-1.1406839e-05,1.36345625e-05,1.0,-8.940697e-07,1.1406839e-05,1.0430813e-06,1.0,67,0.203,0,0,0.0,False,-0.2622015666459845,0.8632016925507968
0.2276337780058384,09:24:17.278680,09:23:11.217079,0,,0.12813838,0.0040738285,0.022762343,0.8625047,0.2518676,-0.4389171,0.38740772,0.22938552,0.89291525,0.32557756,-0.94018334,0.10027054,,0.06539185,-0.03424169,0.040378988,-0.5092443,0.4127609,0.75518113,0.7201681,-0.27605233,0.63651633,0.47119853,0.86799973,-0.15667915,,0.077506565,1.3318851,0.4581981,0.9984687,0.027342351,-0.048089772,-0.009868915,-0.7673256,-0.6411818,-0.05443193,0.64067453,-0.7658807,,-0.084288105,0.24668007,-0.07775601,-0.8830453,-0.1756576,0.43517286,0.46691462,-0.4219972,0.7771159,0.04713541,0.8894171,0.45465973,,-0.0037126022,0.42659786,-0.34046382,0.43999475,-0.53346884,-0.72236806,0.8907914,0.36100954,0.27597597,0.113557175,-0.76490724,0.6340518,,1.0270694131417402,0.3520871144687696,0.18556909866000001,3.643572457987095,-0.05123868741204017,-1.137740972483701,-0.4108103263277121,,-1.2961062582810994,0.07030776008693994,0.17172472146,-3.02645495431214,-0.36495609087349146,0.8142969309023382,0.6876785184253156,,-0.034191000046568915,-0.08750644537186571,0.07561312771999999,-0.04775451182011164,,1.6909093e-05,0.0,3.33786e-06,0.99999994,-1.3630837e-05,-1.1406839e-05,1.36345625e-05,1.0,-8.940697e-07,1.1406839e-05,1.0430813e-06,1.0,79,0.239,0,0,0.0,False,-0.2629164992682367,0.8632499727515763
0.2582286730175838,09:24:17.304622,09:23:11.217079,0,,0.12814191,0.0041175485,0.022679642,0.8619351,0.25311226,-0.43931985,0.38771862,0.22929671,0.8928031,0.32671392,-0.9398707,0.099502504,,0.065391764,-0.034246728,0.040382862,-0.5092401,0.4127501,0.75518996,0.7201826,-0.27604142,0.63650477,0.47118104,0.8680083,-0.15668416,,0.077506565,1.3318851,0.4581981,0.9984687,0.027342351,-0.048089772,-0.009868915,-0.7673256,-0.6411818,-0.05443193,0.64067453,-0.7658807,,-0.08428485,0.2466621,-0.0776642,-0.882565,-0.17692353,0.43563408,0.46789405,-0.42192593,0.7765653,0.04641264,0.8892,0.45515853,,-0.0037130867,0.42659697,-0.3404701,0.4399931,-0.53345937,-0.72237605,0.89078933,0.36102432,0.2759634,0.11358005,-0.7649069,0.63404816,,1.0270385222102434,0.3520098871400274,0.18566243154,3.6425240082696724,-0.05205850641063282,-1.1371541438016632,-0.4106469822615778,,-1.2961062582810994,0.07028459188831726,0.17171953630000003,-3.02645495431214,-0.36495609087349146,0.8142969309023382,0.6876785184253156,,-0.034191000046568915,-0.08750644537186571,0.07561312771999999,-0.04775451182011164,,1.6909093e-05,0.0,3.33786e-06,0.99999994,-1.3630837e-05,-1.1406839e-05,1.36345625e-05,1.0,-8.940697e-07,1.1406839e-05,1.0430813e-06,1.0,86,0.26,0,0,0.0,False,-0.26178452261633733,0.8630085717476788
0.2841774240368977,09:24:17.330328,09:23:11.217079,0,,0.1281477,0.004155636,0.022583842,0.8618741,0.2544598,-0.43866062,0.38715553,0.22852978,0.89324397,0.32754162,-0.93969357,0.09844828,,0.06538751,-0.034250855,0.040383816,-0.509064,0.41278273,0.75529075,0.72024673,-0.2761691,0.6363768,0.47127327,0.8679522,-0.15671769,,0.077506565,1.3318851,0.4581981,0.9984687,0.027342351,-0.048089772,-0.009868915,-0.7673256,-0.6411818,-0.05443193,0.64067453,-0.7658807,,-0.08428285,0.24663143,-0.077565625,-0.8825728,-0.17828557,0.43506265,0.46797743,-0.4224718,0.7762182,0.045413185,0.8886686,0.45629576,,-0.0037090324,0.4265951,-0.3404741,0.439806,-0.5334842,-0.72247165,0.890882,0.3608909,0.27583873,0.113577835,-0.76495254,0.63399345,,1.0269690176143753,0.35187087794829136,0.18576354216000002,3.6425240082696724,-0.05315159840875633,-1.1360177643516702,-0.4114637025922495,,-1.2960753673496026,0.07027686915544304,0.17171564743,-3.0262452643686553,-0.36495609087349146,0.8142969309023382,0.6876785184253156,,-0.034191000046568915,-0.08750644537186571,0.07561312771999999,-0.04775451182011164,,1.6909093e-05,0.0,3.33786e-06,0.99999994,-1.3630837e-05,-1.1406839e-05,1.36345625e-05,1.0,-8.940697e-07,1.1406839e-05,1.0430813e-06,1.0,98,0.297,0,0,0.0,False,-0.2617249448978165,0.8623809291375459
0.3098545359680429,09:24:17.363451,09:23:11.217079,0,,0.12814482,0.004189968,0.02247867,0.86153805,0.25489032,-0.43907052,0.38761127,0.22830772,0.8931031,0.32788643,-0.9396309,0.09789732,,0.065382406,-0.034252286,0.040385067,-0.5090284,0.4127182,0.7553501,0.72032857,-0.276128,0.63630193,0.4711867,0.867996,-0.15673578,,0.077506565,1.3318851,0.4581981,0.9984687,0.027342351,-0.048089772,-0.009868915,-0.7673256,-0.6411818,-0.05443193,0.64067453,-0.7658807,,-0.08427148,0.24659236,-0.07746271,-0.8822622,-0.17872104,0.43551376,0.46856308,-0.4226245,0.77578163,0.045410287,0.8885085,0.4566077,,-0.0037041632,0.42659536,-0.3404765,0.4397834,-0.5334264,-0.7225281,0.8908776,0.36095676,0.27576685,0.11370007,-0.7649617,0.6339604,,1.0268917902856332,0.35170870055793263,0.18586983794000003,3.6418949384392194,-0.053288234908521775,-1.1357429889676927,-0.41113701445998074,,-1.29605219915098,0.07029231462119148,0.17171175856,-3.0262452643686553,-0.364819454373726,0.814348870478923,0.687351830293047,,-0.034191000046568915,-0.08750644537186571,0.07561312771999999,-0.04775451182011164,,1.6909093e-05,0.0,3.33786e-06,0.99999994,-1.3630837e-05,-1.1406839e-05,1.36345625e-05,1.0,-8.940697e-07,1.1406839e-05,1.0430813e-06,1.0,109,0.33,0,0,0.0,False,-0.26196325577190027,0.8618981271297517
0.3429592530010268,09:24:17.396738,09:23:11.217079,0,,0.12815595,0.004240945,0.022329032,0.8611356,0.2574262,-0.43838006,0.3874629,0.22591192,0.8937765,0.3291167,-0.93951863,0.09479758,,0.06538713,-0.03425248,0.040387154,-0.50895184,0.412675,0.7554253,0.72057927,-0.27582133,0.63615113,0.47088596,0.868114,-0.15698528,,0.077506565,1.3318851,0.4581981,0.9984687,0.027342351,-0.048089772,-0.009868915,-0.7673256,-0.6411818,-0.05443193,0.64067453,-0.7658807,,-0.084270485,0.24653774,-0.07731395,-0.8819587,-0.18127267,0.43507358,0.46923664,-0.4245313,0.77433205,0.044337105,0.8870814,0.45947886,,-0.0037091284,0.42659622,-0.3404776,0.43975157,-0.5333991,-0.7225676,0.8908426,0.36126244,0.2754793,0.11409615,-0.7648365,0.63404036,,1.0267373356281486,0.35148474130458013,0.18602280016000003,3.6412658686087656,-0.05451796340641074,-1.132698259330911,-0.4116270466583838,,-1.2960830900824767,0.07030003735406572,0.17171046227000003,-3.0262452643686553,-0.36440954487442967,0.8141779742481148,0.6863717658962415,,-0.034191000046568915,-0.08750644537186571,0.07561312771999999,-0.04775451182011164,,1.6909093e-05,0.0,3.33786e-06,0.99999994,-1.3630837e-05,-1.1406839e-05,1.36345625e-05,1.0,-8.940697e-07,1.1406839e-05,1.0430813e-06,1.0,120,0.363,0,0,0.0,False,-0.26196325577190027,0.8614636053227365
0.37628927698824555,09:24:17.425067,09:23:11.217079,0,,0.1281617,0.0042789727,0.022177741,0.8609943,0.25783604,-0.43841684,0.3877423,0.22510144,0.89385986,0.32915747,-0.9396008,0.09383708,,0.06539233,-0.034252778,0.040391326,-0.5089065,0.41271186,0.7554356,0.7207461,-0.27555284,0.6360785,0.47067946,0.86818177,-0.15722987,,0.077506565,1.3318851,0.4581981,0.9984687,0.027342351,-0.048089772,-0.009868915,-0.7673256,-0.6411818,-0.05443193,0.64067453,-0.7658807,,-0.08426408,0.24647227,-0.07717239,-0.8818193,-0.18167976,0.43518636,0.46948585,-0.42523158,0.7737966,0.044471793,0.8866626,0.46027347,,-0.0037148858,0.42659843,-0.34048024,0.4397369,-0.5334441,-0.7225433,0.89081556,0.36149824,0.27525738,0.114363715,-0.7646937,0.63416445,,1.026544267306293,0.35124533658547913,0.18616928093000001,3.641056178665281,-0.05451796340641074,-1.1320448294097865,-0.4103202941293096,,-1.296121703746848,0.07030003735406572,0.17170786969000001,-3.0262452643686553,-0.36413627187489883,0.813955138440722,0.6863717658962415,,-0.034191000046568915,-0.08750644537186571,0.07561312771999999,-0.04775451182011164,,1.6909093e-05,0.0,3.33786e-06,0.99999994,-1.3630837e-05,-1.1406839e-05,1.36345625e-05,1.0,-8.940697e-07,1.1406839e-05,1.0430813e-06,1.0,131,0.395,0,0,0.0,False,-0.26232072208302704,0.8607394023110442
0.4045668590115383,09:24:17.463475,09:23:11.217079,0,,0.12819904,0.004340589,0.021972448,0.86035675,0.25957018,-0.43864504,0.38821915,0.22391078,0.89395183,0.3302605,-0.9394078,0.0918729,,0.06539219,-0.03425163,0.040393293,-0.5089108,0.41246256,0.75556886,0.72073984,-0.27576753,0.63599247,0.4706844,0.868232,-0.15693718,,0.077506565,1.3318851,0.4581981,0.9984687,0.027342351,-0.048089772,-0.009868915,-0.7673256,-0.6411818,-0.05443193,0.64067453,-0.7658807,,-0.08428477,0.24638988,-0.07697209,-0.88126767,-0.18343103,0.43556902,0.47057658,-0.42611444,0.7726475,0.04387473,0.88587785,0.46183923,,-0.003715011,0.42660058,-0.34048083,0.43974042,-0.53320545,-0.7227173,0.8908149,0.36140284,0.27538478,0.114355415,-0.76490515,0.63391083,,1.0261735761283302,0.35101365459925243,0.18637409475000002,3.6400077289478583,-0.05520114590523794,-1.130589273749758,-0.41048363819544376,,-1.296129426479722,0.07030776008693994,0.1717065734,-3.0262452643686553,-0.36413627187489883,0.8142818534012843,0.6860450777639729,,-0.034191000046568915,-0.08750644537186571,0.07561312771999999,-0.04775451182011164,,1.6909093e-05,0.0,3.33786e-06,0.99999994,-1.3630837e-05,-1.1406839e-05,1.36345625e-05,1.0,-8.940697e-07,1.1406839e-05,1.0430813e-06,1.0,142,0.428,0,0,0.0,False,-0.26178452261633733,0.8606911221102647
0.44303516298532486,09:24:17.493426,09:23:11.217079,0,,0.12822716,0.0043720007,0.021845236,0.86028224,0.2604788,-0.43825233,0.38806626,0.22292429,0.8942648,0.330634,-0.93939096,0.090694696,,0.06538759,-0.034253016,0.040394187,-0.50893205,0.41226196,0.7556641,0.72065717,-0.27605596,0.63596106,0.47078806,0.8682356,-0.15660581,,0.077506565,1.3318851,0.4581981,0.9984687,0.027342351,-0.048089772,-0.009868915,-0.7673256,-0.6411818,-0.05443193,0.64067453,-0.7658807,,-0.08430258,0.24633333,-0.07685189,-0.88122374,-0.18434422,0.43527222,0.47069502,-0.42691192,0.77213496,0.04348427,0.88530415,0.46297482,,-0.0037105966,0.42660064,-0.34048295,0.4397463,-0.5330087,-0.7228589,0.89082915,0.36121765,0.27558166,0.11422197,-0.76512975,0.6336638,,1.0259032804777324,0.35085919994176795,0.18649724230000003,3.6400077289478583,-0.05561105540453427,-1.1296015901175442,-0.41048363819544365,,-1.2961062582810994,0.07030776008693994,0.17170398082000002,-3.0262452643686553,-0.3642729083746642,0.8146383075254023,0.6855550455655701,,-0.034191000046568915,-0.08750644537186571,0.07561312771999999,-0.04775451182011164,,1.6909093e-05,0.0,3.33786e-06,0.99999994,-1.3630837e-05,-1.1406839e-05,1.36345625e-05,1.0,-8.940697e-07,1.1406839e-05,1.0430813e-06,1.0,153,0.461,0,0,0.0,False,-0.26112916771260597,0.8607394023110442
0.4729838239727542,09:24:17.523948,09:23:11.217079,0,,0.12824595,0.0043982416,0.021742538,0.8602352,0.26096082,-0.43805784,0.38805538,0.22224411,0.89443874,0.33076915,-0.93941826,0.08991489,,0.06538525,-0.03425598,0.040394902,-0.50892484,0.41257906,0.7554958,0.72066486,-0.27578598,0.6360694,0.4707841,0.8681708,-0.15697694,,0.077506565,1.3318851,0.4581981,0.9984687,0.027342351,-0.048089772,-0.009868915,-0.7673256,-0.6411818,-0.05443193,0.64067453,-0.7658807,,-0.084313065,0.24628855,-0.07675456,-0.88118756,-0.1848268,0.43514082,0.47077337,-0.42747974,0.771773,0.043369547,0.8849294,0.46370137,,-0.0037084024,0.4265993,-0.34048578,0.43973976,-0.53331214,-0.72263896,0.8908312,0.36133614,0.27541962,0.11423094,-0.7648623,0.633985,,1.0257024894230025,0.35073563621578036,0.18659705663,3.6400077289478583,-0.0557476919042997,-1.1290000997730045,-0.40983026193090666,,-1.296090812815351,0.07030003735406572,0.17170138824000003,-3.0262452643686553,-0.3642729083746642,0.8142299138246996,0.6860450777639729,,-0.034191000046568915,-0.08750644537186571,0.07561312771999999,-0.04775451182011164,,1.6909093e-05,0.0,3.33786e-06,0.99999994,-1.3630837e-05,-1.1406839e-05,1.36345625e-05,1.0,-8.940697e-07,1.1406839e-05,1.0430813e-06,1.0,164,0.494,0,0,0.0,False,-0.2618441003348577,0.8605462815079266
0.5034733150387183,09:24:17.555397,09:23:11.217079,0,,0.12824814,0.004409671,0.021700144,0.8603314,0.26108474,-0.43779495,0.38793963,0.22176152,0.8946087,0.3306547,-0.9394979,0.08950323,,0.065385595,-0.03425479,0.040398657,-0.50893205,0.41257057,0.7554956,0.72065717,-0.2757962,0.6360737,0.47078806,0.8681716,-0.15696043,,0.077506565,1.3318851,0.4581981,0.9984687,0.027342351,-0.048089772,-0.009868915,-0.7673256,-0.6411818,-0.05443193,0.64067453,-0.7658807,,-0.08431184,0.24627076,-0.07671438,-0.8812752,-0.18494704,0.43491223,0.47060728,-0.4279106,0.7716355,0.043391854,0.88469607,0.4641444,,-0.00370926,0.42660263,-0.34048754,0.4397463,-0.53330386,-0.7226411,0.89082915,0.36133018,0.2754341,0.11422197,-0.7648709,0.6339762,,1.025648430292883,0.35067385435278653,0.18663853791,3.6402174188913428,-0.0557476919042997,-1.1285917060723016,-0.40966691786477216,,-1.2961062582810994,0.07030776008693994,0.17169879566000001,-3.0262452643686553,-0.3642729083746642,0.8142299138246996,0.6862084218301072,,-0.034191000046568915,-0.08750644537186571,0.07561312771999999,-0.04775451182011164,,1.6909093e-05,0.0,3.33786e-06,0.99999994,-1.3630837e-05,-1.1406839e-05,1.36345625e-05,1.0,-8.940697e-07,1.1406839e-05,1.0430813e-06,1.0,175,0.526,0,0,0.0,False,-0.2616653671792948,0.8599186388977937
0.5349057029234245,09:24:17.593714,09:23:11.217079,0,,0.12823059,0.0044239014,0.021703497,0.8604659,0.26108775,-0.43752867,0.38777998,0.22142753,0.8947607,0.33049187,-0.9395758,0.08928618,,0.065382175,-0.034253642,0.040408194,-0.50894207,0.4125074,0.75552326,0.7206399,-0.2758657,0.6360632,0.47080377,0.8681795,-0.15686968,,0.077506565,1.3318851,0.4581981,0.9984687,0.027342351,-0.048089772,-0.009868915,-0.7673256,-0.6411818,-0.05443193,0.64067453,-0.7658807,,-0.08429453,0.24628474,-0.07670917,-0.8813974,-0.18494599,0.43466482,0.47037503,-0.4282194,0.7716058,0.043426525,0.8845468,0.46442547,,-0.0037072324,0.42661038,-0.3404939,0.4397539,-0.5332428,-0.7226815,0.8908285,0.36129186,0.2754865,0.11419775,-0.76493156,0.6339074,,1.0257797167517446,0.35068929981853497,0.18664372307000002,3.6404271088348272,-0.0557476919042997,-1.1281833123715987,-0.4101569500631752,,-1.296121703746848,0.07033092828556262,0.17168972163000001,-3.0262452643686553,-0.3642729083746642,0.8143115925648401,0.6849016693010329,,-0.034191000046568915,-0.08750644537186571,0.07561312771999999,-0.04775451182011164,,1.6909093e-05,0.0,3.33786e-06,0.99999994,-1.3630837e-05,-1.1406839e-05,1.36345625e-05,1.0,-8.940697e-07,1.1406839e-05,1.0430813e-06,1.0,186,0.559,0,0,0.0,False,-0.2613079008681689,0.8606428419094856
0.5732691929442808,09:24:17.623835,09:23:11.217079,0,,0.12821037,0.004444942,0.021730423,0.8604959,0.26154676,-0.43719554,0.38757214,0.22090495,0.8949799,0.33065766,-0.93957126,0.08871949,,0.065381095,-0.03425345,0.04041338,-0.50875473,0.41255417,0.75562394,0.72076935,-0.27587828,0.635911,0.47080794,0.8681533,-0.15700209,,0.077506565,1.3318851,0.4581981,0.9984687,0.027342351,-0.048089772,-0.009868915,-0.7673256,-0.6411818,-0.05443193,0.64067453,-0.7658807,,-0.08427635,0.24631886,-0.076718144,-0.88144165,-0.18540715,0.43437865,0.4703159,-0.42864358,0.7714063,0.043169387,0.8842448,0.46502423,,-0.0037069006,0.4266142,-0.34049755,0.43956846,-0.5332854,-0.72276294,0.8909063,0.36126027,0.27527624,0.11430473,-0.7649168,0.63390595,,1.0259882305393488,0.35077424988015143,0.18663335275,3.6404271088348272,-0.05602096490383058,-1.1273070466430815,-0.4101569500631753,,-1.296129426479722,0.07034637375131106,0.17168453647,-3.026035574425171,-0.36413627187489883,0.8142001746611436,0.6849016693010329,,-0.034191000046568915,-0.08750644537186571,0.07561312771999999,-0.04775451182011164,,1.6909093e-05,0.0,3.33786e-06,0.99999994,-1.3630837e-05,-1.1406839e-05,1.36345625e-05,1.0,-8.940697e-07,1.1406839e-05,1.0430813e-06,1.0,197,0.592,0,0,0.0,False,-0.2616653671792948,0.8612704845196184
0.6033718129619956,09:24:17.652800,09:23:11.217079,0,,0.12819183,0.0044617057,0.021754295,0.86063874,0.26189563,-0.4367053,0.3873789,0.21990767,0.8953091,0.3305123,-0.9397079,0.08780813,,0.06536941,-0.0342526,0.0404222,-0.5085885,0.41292042,0.7555357,0.72079986,-0.27577177,0.6359227,0.47094083,0.868013,-0.15737867,,0.077506565,1.3318851,0.4581981,0.9984687,0.027342351,-0.048089772,-0.009868915,-0.7673256,-0.6411818,-0.05443193,0.64067453,-0.7658807,,-0.08425964,0.24634768,-0.07672733,-0.8815738,-0.18575034,0.4339637,0.4700681,-0.42952073,0.77106935,0.043169994,0.883747,0.4659695,,-0.0036965928,0.42662203,-0.34050447,0.43938512,-0.53362745,-0.7226219,0.89100385,0.36120468,0.2750333,0.1142491,-0.76470447,0.6341721,,1.0261658533954559,0.3508514772088937,0.18662298243000003,3.640636798778312,-0.05602096490383058,-1.126081865540973,-0.4090135416002353,,-1.2960985355482253,0.0703927101485564,0.17167286986000002,-3.0258258844816868,-0.36413627187489883,0.8137917809604409,0.6863717658962414,,-0.034191000046568915,-0.08750644537186571,0.07561312771999999,-0.04775451182011164,,1.6909093e-05,0.0,3.33786e-06,0.99999994,-1.3630837e-05,-1.1406839e-05,1.36345625e-05,1.0,-8.940697e-07,1.1406839e-05,1.0430813e-06,1.0,201,0.604,0,0,0.0,False,-0.2621419889274632,0.8607394023110442
0.632316667935811,09:24:17.674910,09:23:11.217079,0,,0.1281862,0.004492879,0.02180244,0.8591549,0.2668576,-0.43662307,0.3874289,0.21818864,0.89570796,0.33429253,-0.93871224,0.0840694,,0.06535589,-0.034249738,0.040431082,-0.50858825,0.41272643,0.75564194,0.72076726,-0.27599552,0.6358625,0.47099102,0.8680341,-0.15711161,,0.077506565,1.3318851,0.4581981,0.9984687,0.027342351,-0.048089772,-0.009868915,-0.7673256,-0.6411818,-0.05443193,0.64067453,-0.7658807,,-0.08425764,0.24640238,-0.07674544,-0.88039184,-0.19078583,0.4341785,0.47254232,-0.4304557,0.76903296,0.040174026,0.88221806,0.46912408,,-0.0036844658,0.4266315,-0.3405102,0.43937758,-0.5334394,-0.7227653,0.89101505,0.36107737,0.2751642,0.1141908,-0.76489574,0.63395184,,1.0264284263131795,0.3509441500033844,0.18660224179,3.637910829513013,-0.05916360439843572,-1.1220490364334252,-0.4109736703938466,,-1.2960676446167283,0.0704544920115502,0.17166120325,-3.0258258844816868,-0.36413627187489883,0.814118495921003,0.6860450777639729,,-0.034191000046568915,-0.08750644537186571,0.07561312771999999,-0.04775451182011164,,1.6909093e-05,0.0,3.33786e-06,0.99999994,-1.3630837e-05,-1.1406839e-05,1.36345625e-05,1.0,-8.940697e-07,1.1406839e-05,1.0430813e-06,1.0,212,0.637,0,0,0.0,False,-0.26327396557936344,0.8605462815079266
0.6544473640387878,09:24:17.706615,09:23:11.217079,0,,0.12816185,0.0045160055,0.021860674,0.8578004,0.27080444,-0.43685618,0.3875043,0.217641,0.89580846,0.33766666,-0.9377085,0.081754535,,0.06533985,-0.034242123,0.040437758,-0.5085908,0.41267616,0.7556677,0.7207169,-0.27612674,0.6358627,0.4710654,0.86801636,-0.15698722,,0.077506565,1.3318851,0.4581981,0.9984687,0.027342351,-0.048089772,-0.009868915,-0.7673256,-0.6411818,-0.05443193,0.64067453,-0.7658807,,-0.0842378,0.24645795,-0.07677766,-0.8793067,-0.19480272,0.4345937,0.474776,-0.43042898,0.7676709,0.03751734,0.88135284,0.47096673,,-0.0036695143,0.42664313,-0.34051132,0.43936926,-0.5333877,-0.72280854,0.89103043,0.36097577,0.27524763,0.11410267,-0.7649798,0.63386637,,1.0267759492925197,0.35099048640062974,0.18656853825000003,3.635394550191199,-0.06203297089350997,-1.1194642242353787,-0.4104836381954434,,-1.2960290309523572,0.0705471648060409,0.17165212922,-3.0258258844816868,-0.36413627187489883,0.8142818534012842,0.6857183896317044,,-0.034191000046568915,-0.08750644537186571,0.07561312771999999,-0.04775451182011164,,1.6909093e-05,0.0,3.33786e-06,0.99999994,-1.3630837e-05,-1.1406839e-05,1.36345625e-05,1.0,-8.940697e-07,1.1406839e-05,1.0430813e-06,1.0,223,0.67,0,0,0.0,False,-0.2621419889274632,0.8602566003032495
0.6860943819629028,09:24:17.744947,09:23:11.719973,0,,0.12814328,0.0045425147,0.021952689,0.8564407,0.2769236,-0.43568617,0.38612217,0.21657059,0.8966644,0.34266424,-0.93616784,0.0785535,,0.06532438,-0.034230262,0.04044807,-0.5086062,0.41268027,0.75565517,0.72064775,-0.2762268,0.6358975,0.4711545,0.86798257,-0.15690646,,0.077506565,1.3318851,0.4581981,0.9984687,0.027342351,-0.048089772,-0.009868915,-0.7673256,-0.6411818,-0.05443193,0.64067453,-0.7658807,,-0.08422636,0.24653707,-0.076833524,-0.8783532,-0.20103067,0.43368462,0.4768934,-0.43056953,0.7662784,0.032685924,0.8798844,0.47406232,,-0.0036556076,0.4266602,-0.34051198,0.4393715,-0.53338736,-0.72280747,0.8910438,0.3608803,0.27532956,0.11398964,-0.7650251,0.633832,,1.0272161450663504,0.35105999099649776,0.18651020520000003,3.6330879608128694,-0.06708852138483126,-1.1154234405387518,-0.41064698226157803,,-1.2960135854866088,0.07066300579915426,0.17164175890000002,-3.0258258844816868,-0.36413627187489883,0.8143635321414249,0.6855550455655701,,-0.034191000046568915,-0.08750644537186571,0.07561312771999999,-0.04775451182011164,,1.6909093e-05,0.0,3.33786e-06,0.99999994,-1.3630837e-05,-1.1406839e-05,1.36345625e-05,1.0,-8.940697e-07,1.1406839e-05,1.0430813e-06,1.0,234,0.703,0,0,0.0,False,-0.2631548101423209,0.8594841170907785
0.7245031410129741,09:24:17.774993,09:23:11.719973,0,,0.12810585,0.004575759,0.022069186,0.8541724,0.28221753,-0.43674085,0.38657755,0.21708706,0.89634323,0.34777445,-0.9344657,0.07633072,,0.06530495,-0.03421928,0.040457726,-0.50828505,0.41248903,0.75597554,0.7206865,-0.2768138,0.6355983,0.47144178,0.8678864,-0.15657496,,0.077506565,1.3318851,0.4581981,0.9984687,0.027342351,-0.048089772,-0.009868915,-0.7673256,-0.6411818,-0.05443193,0.64067453,-0.7658807,,-0.08419802,0.24663764,-0.07690541,-0.8764914,-0.20643887,0.43490896,0.4805515,-0.42933747,0.76468265,0.028862478,0.87923396,0.47551513,,-0.0036377092,0.4266766,-0.34051323,0.43901283,-0.5331869,-0.72317314,0.89123887,0.36041117,0.27531272,0.11384655,-0.76538587,0.633422,,1.0277799045661689,0.35120672292110805,0.18643502038,3.6288941619431787,-0.07118761637779447,-1.1128976908292647,-0.41130035852611513,,-1.2959672490893634,0.07078656952514185,0.17163009229,-3.0254065045947174,-0.36413627187489883,0.8147719258421275,0.6844116371026301,,-0.034191000046568915,-0.08750644537186571,0.07561312771999999,-0.04775451182011164,,1.6909093e-05,0.0,3.33786e-06,0.99999994,-1.3630837e-05,-1.1406839e-05,1.36345625e-05,1.0,-8.940697e-07,1.1406839e-05,1.0430813e-06,1.0,245,0.735,0,0,0.0,False,-0.2622611443645053,0.8579391506658358
0.7545454220380634,09:24:17.805672,09:23:11.719973,0,,0.12806234,0.004631445,0.022233397,0.8516422,0.28982824,-0.43669778,0.38541168,0.2183488,0.89653873,0.35519457,-0.9318386,0.0742518,,0.06527903,-0.034210756,0.040463448,-0.5092635,0.4124613,0.7553319,0.72030014,-0.2760318,0.6363759,0.470976,0.8681486,-0.15652305,,0.077506565,1.3318851,0.4581981,0.9984687,0.027342351,-0.048089772,-0.009868915,-0.7673256,-0.6411818,-0.05443193,0.64067453,-0.7658807,,-0.084167235,0.24678579,-0.07700055,-0.87456036,-0.21422482,0.4350309,0.48440763,-0.4270493,0.76353,0.02221257,0.8784854,0.47725254,,-0.0036128329,0.4266892,-0.3405141,0.44004604,-0.53319347,-0.7225401,0.89073443,0.36115587,0.2759684,0.113805056,-0.76503015,0.63385904,,1.0285830687850883,0.3514229594415863,0.18633520605,3.624490673130004,-0.07815607786583194,-1.1098290974252452,-0.4126071110551893,,-1.2959054672263697,0.07091013325112945,0.17161842568000002,-3.0266646442556246,-0.36413627187489883,0.8148536045822682,0.6839216049042272,,-0.034191000046568915,-0.08750644537186571,0.07561312771999999,-0.04775451182011164,,1.6909093e-05,0.0,3.33786e-06,0.99999994,-1.3630837e-05,-1.1406839e-05,1.36345625e-05,1.0,-8.940697e-07,1.1406839e-05,1.0430813e-06,1.0,256,0.768,0,0,0.0,False,-0.26285692154971585,0.8546078168120532
0.7851998909609392,09:24:17.836186,09:23:11.719973,0,,0.12796728,0.004760146,0.02248253,0.8478914,0.30125034,-0.43626615,0.3835682,0.21950766,0.8970462,0.36599913,-0.92793554,0.07056856,,0.065252624,-0.03420505,0.040463746,-0.50976336,0.41319498,0.7545933,0.7200084,-0.27517363,0.63707733,0.47088137,0.86807215,-0.15723044,,0.077506565,1.3318851,0.4581981,0.9984687,0.027342351,-0.048089772,-0.009868915,-0.7673256,-0.6411818,-0.05443193,0.64067453,-0.7658807,,-0.08409129,0.2470463,-0.077119045,-0.8716832,-0.22591129,0.4348937,0.4899121,-0.42421186,0.7615973,0.012433644,0.87693125,0.480455,,-0.0035867207,0.42669606,-0.34051314,0.44055304,-0.533905,-0.7217052,0.89050794,0.3616482,0.27605474,0.113616385,-0.76430094,0.6347719,,1.0300503880311909,0.35185543248254286,0.18620946592,3.6179902848819827,-0.08840381534823998,-1.1042498318127927,-0.4119537347906521,,-1.2958050716990046,0.07101052877849437,0.17161064794000003,-3.027293714086078,-0.3642729083746642,0.8140665563444184,0.6798380032508702,,-0.034191000046568915,-0.08750644537186571,0.07561312771999999,-0.04775451182011164,,1.6909093e-05,0.0,3.33786e-06,0.99999994,-1.3630837e-05,-1.1406839e-05,1.36345625e-05,1.0,-8.940697e-07,1.1406839e-05,1.0430813e-06,1.0,267,0.801,0,0,0.0,False,-0.26273776611267374,0.8533525315917871
0.8157360079931095,09:24:17.869771,09:23:11.837983,0,,0.12787148,0.0048725903,0.022714987,0.844531,0.31005758,-0.43661392,0.38260788,0.221084,0.8970693,0.37467134,-0.9246545,0.06808171,,0.06522453,-0.034201905,0.0404678,-0.5097436,0.4137483,0.75430346,0.71952397,-0.2756292,0.63742757,0.47164264,0.867664,-0.15720168,,0.077506565,1.3318851,0.4581981,0.9984687,0.027342351,-0.048089772,-0.009868915,-0.7673256,-0.6411818,-0.05443193,0.64067453,-0.7658807,,-0.08401339,0.24728374,-0.07723486,-0.8690217,-0.23493956,0.43543622,0.49474984,-0.42132264,0.76007223,0.0048881145,0.8759513,0.48237482,,-0.003559466,0.42670378,-0.34051675,0.4404228,-0.5343965,-0.7214209,0.8906836,0.36098656,0.2763538,0.112740755,-0.7642703,0.63496494,,1.0313941435513059,0.35228018279062523,0.18608761466,3.6121189664644167,-0.09632873233463551,-1.1002379556026172,-0.41260711105518955,,-1.295681507973017,0.07107231064148817,0.17160027762000002,-3.0270840241425936,-0.3650927273732569,0.8139182763651913,0.678531250721796,,-0.034191000046568915,-0.08750644537186571,0.07561312771999999,-0.04775451182011164,,1.6909093e-05,0.0,3.33786e-06,0.99999994,-1.3630837e-05,-1.1406839e-05,1.36345625e-05,1.0,-8.940697e-07,1.1406839e-05,1.0430813e-06,1.0,278,0.834,0,0,0.0,False,-0.2632143878608417,0.8512764829582706
0.8493061510380358,09:24:17.900370,09:23:11.837983,0,,0.12775426,0.0049987882,0.022957072,0.8412134,0.3166788,-0.438263,0.38204417,0.22546226,0.8962194,0.38262534,-0.9213474,0.06867653,,0.065211594,-0.034203947,0.04047185,-0.5097289,0.41374338,0.7543161,0.7195149,-0.27567282,0.6374189,0.47167224,0.86765254,-0.15717614,,0.077506565,1.3318851,0.4581981,0.9984687,0.027342351,-0.048089772,-0.009868915,-0.7673256,-0.6411818,-0.05443193,0.64067453,-0.7658807,,-0.0839148,0.24753886,-0.07735089,-0.8663441,-0.24177338,0.4370281,0.4994442,-0.41613957,0.7598575,-0.0018486117,0.87656915,0.48127237,,-0.0035472456,0.42670634,-0.3405224,0.44040406,-0.53439015,-0.72143704,0.89069617,0.36094782,0.276364,0.11271492,-0.764293,0.6349421,,1.032876908263157,0.3527589922288272,0.1859657634,3.60624764804685,-0.10343383032243841,-1.099508306499118,-0.4119537347906521,,-1.2956274488428976,0.07110320157298507,0.17159120359000002,-3.0270840241425936,-0.3650927273732569,0.8139999551053319,0.6770611541265875,,-0.034191000046568915,-0.08750644537186571,0.07561312771999999,-0.04775451182011164,,1.6909093e-05,0.0,3.33786e-06,0.99999994,-1.3630837e-05,-1.1406839e-05,1.36345625e-05,1.0,-8.940697e-07,1.1406839e-05,1.0430813e-06,1.0,289,0.866,0,0,0.0,False,-0.26333354329788383,0.8483796709115028
0.8799275560304523,09:24:17.936259,09:23:11.837983,0,,0.12767619,0.0051587224,0.023229972,0.8366929,0.33025151,-0.43689677,0.37888786,0.22697967,0.8971758,0.39546028,-0.91619533,0.06478393,,0.065206334,-0.034204915,0.04047823,-0.5097288,0.414003,0.75417364,0.71950674,-0.2754685,0.6375165,0.4716848,0.8675935,-0.15746373,,0.077506565,1.3318851,0.4581981,0.9984687,0.027342351,-0.048089772,-0.009868915,-0.7673256,-0.6411818,-0.05443193,0.64067453,-0.7658807,,-0.08385748,0.24783781,-0.07746706,-0.86286753,-0.2556999,0.43597844,0.5052341,-0.41233644,0.75810105,-0.014076577,0.87441194,0.48498005,,-0.0035429674,0.4267106,-0.34052816,0.44040215,-0.53463787,-0.7212547,0.8906989,0.36102873,0.2762493,0.112700336,-0.76408154,0.6351992,,1.034421454838002,0.35331502899577133,0.18584391214,3.599118189968376,-0.11600438830085893,-1.093015081405513,-0.41130035852611513,,-1.2956197261100233,0.07111864703873351,0.17158342585000003,-3.0270840241425936,-0.3650927273732569,0.8136732401447697,0.6746109931345733,,-0.034191000046568915,-0.08750644537186571,0.07561312771999999,-0.04775451182011164,,1.6909093e-05,0.0,3.33786e-06,0.99999994,-1.3630837e-05,-1.1406839e-05,1.36345625e-05,1.0,-8.940697e-07,1.1406839e-05,1.0430813e-06,1.0,300,0.899,0,0,0.0,False,-0.2636314318904893,0.8450966172584997
0.9157767869764939,09:24:17.966858,09:23:11.837983,0,,0.12756884,0.0052794367,0.02353245,0.83233243,0.3395635,-0.43808573,0.37827075,0.22971296,0.8967403,0.40513414,-0.91210103,0.06275058,,0.06519982,-0.03420347,0.040484548,-0.50970334,0.41436833,0.7539903,0.71957135,-0.27508056,0.63761103,0.4716139,0.86754227,-0.15795809,,0.077506565,1.3318851,0.4581981,0.9984687,0.027342351,-0.048089772,-0.009868915,-0.7673256,-0.6411818,-0.05443193,0.64067453,-0.7658807,,-0.08377352,0.24812607,-0.07763272,-0.859286,-0.26528817,0.4373211,0.5110113,-0.40805998,0.75654113,-0.022248182,0.8735612,0.48620552,,-0.0035374165,0.42671663,-0.34053233,0.44038725,-0.53499043,-0.7210023,0.8906939,0.36123654,0.27599376,0.112798356,-0.7637365,0.63559663,,1.035966001412847,0.3538942339613382,0.18567280186000001,3.5917790419464177,-0.12447585128631626,-1.0892926422418168,-0.4121170788567866,,-1.295612003377149,0.07115726070310463,0.17157564811,-3.0270840241425936,-0.36495609087349146,0.8131534285403704,0.6716707999441562,,-0.034191000046568915,-0.08750644537186571,0.07561312771999999,-0.04775451182011164,,1.6909093e-05,0.0,3.33786e-06,0.99999994,-1.3630837e-05,-1.1406839e-05,1.36345625e-05,1.0,-8.940697e-07,1.1406839e-05,1.0430813e-06,1.0,311,0.932,0,0,0.0,False,-0.26255903295711036,0.8454828588647354
0.9464131830027327,09:24:17.998138,09:23:11.976374,0,,0.12741211,0.005434364,0.023997262,0.8281893,0.3515215,-0.43650302,0.37495124,0.23134866,0.8977134,0.4165499,-0.90714395,0.05979699,,0.065195285,-0.03420128,0.040492594,-0.5097118,0.41437653,0.75398,0.7195506,-0.27509847,0.6376267,0.47163624,0.8675326,-0.157944,,0.077506565,1.3318851,0.4581981,0.9984687,0.027342351,-0.048089772,-0.009868915,-0.7673256,-0.6411818,-0.05443193,0.64067453,-0.7658807,,-0.08365292,0.2485449,-0.07790595,-0.85607487,-0.27758896,0.4359818,0.515768,-0.40421495,0.7553765,-0.03345382,0.87152433,0.48920977,,-0.0035340562,0.42672414,-0.34053698,0.4403924,-0.5349973,-0.72099406,0.8906953,0.3612163,0.2760157,0.112767175,-0.76374125,0.63559645,,1.0380434165560133,0.3548286846391193,0.18540965499,3.5852786536983974,-0.1358166807668478,-1.0829853908800742,-0.41179039072451806,,-1.2956197261100233,0.07118815163460153,0.17156787037000001,-3.0270840241425936,-0.36495609087349146,0.8131534285403703,0.6706907355473505,,-0.034191000046568915,-0.08750644537186571,0.07561312771999999,-0.04775451182011164,,1.6909093e-05,0.0,3.33786e-06,0.99999994,-1.3630837e-05,-1.1406839e-05,1.36345625e-05,1.0,-8.940697e-07,1.1406839e-05,1.0430813e-06,1.0,322,0.965,0,0,0.0,False,-0.2630356547052788,0.8449517766561616
