Task Time,PC1 Time,PC2 Time,Gaze Calib,s_T_psm1,Tx,Ty,Tz,R00,R01,R02,R10,R11,R12,R20,R21,R22,s_T_psm3,Tx,Ty,Tz,R00,R01,R02,R10,R11,R12,R20,R21,R22,cart_T_ecm,Tx,Ty,Tz,R00,R01,R02,R10,R11,R12,R20,R21,R22,ecm_T_psm1,Tx,Ty,Tz,R00,R01,R02,R10,R11,R12,R20,R21,R22,ecm_T_psm3,Tx,Ty,Tz,R00,R01,R02,R10,R11,R12,R20,R21,R22,psm1_joints,q1,q2,q3,q4,q5,q6,jaw,psm3_joints,q1,q2,q3,q4,q5,q6,jaw,ecm_joints,q1,q2,q3,q4,ecmi_T_ecm,Tx,Ty,Tz,R00,R01,R02,R10,R11,R12,R20,R21,R22,Sample #,Task Duration (s),Collisions (binary),Collisions (increments),Cumulative Collision Time (s),Clutch Press,MTMR Angle,MTML Angle
""
lci_T_si,,,,,-0.061405014,0.027400337,0.2485284,0.99760735,0.0015516733,0.06911746,0.046116903,-0.7597547,-0.64857227,0.051505942,0.65020794,-0.7580084
rci_T_si,,,,,-0.072011076,0.03243643,0.2623404,0.9976547,-0.011777193,0.067427725,0.035187066,-0.75671625,-0.6527958,0.058711756,0.65363735,-0.7545271
ecm_T_lc,,,,,-4.4061628e-05,-0.00034663224,-0.01840835,-0.99912,0.030754527,0.028518902,-0.031987965,-0.99852574,-0.043852776,0.027128186,-0.04472645,0.9986309
ecm_T_rc,,,,,-0.0043358393,0.01870579,-0.007592615,-0.99555075,-0.052743673,-0.078081585,0.04863213,-0.9973746,0.053654674,-0.08070653,0.04961868,0.9955021
cart_T_ecmi,,,,,0.07748984,1.3318874,0.4582016,0.9984689,0.027356012,-0.04807836,-0.00985114,-0.76732504,-0.64118266,-0.05443193,0.64067453,-0.7658807
ecmac_T_ecmrep_psm1,,,,,0.0028397094,-0.24236576,-0.3123762,0.99938005,0.032352094,0.013886033,-0.031258944,0.9968569,-0.072795466,-0.016197473,0.07231628,0.9972502
ecmac_T_ecmrep_psm3,,,,,-0.018767226,-0.44603547,-0.53896165,0.9994355,-0.013331066,-0.030837692,0.013906483,0.9997318,0.01852092,0.030582517,-0.018939309,0.9993528
""
0,09:27:16.822240,09:26:10.780151,0,,0.12888768,0.0030217916,0.031565055,0.63114434,0.40250748,-0.6630568,0.46798617,0.48411095,0.73934114,0.6185834,-0.77693254,0.11717594,,0.07103812,-0.03865952,0.018272132,0.07344089,0.3569056,0.931249,0.5387881,-0.799973,0.26410314,0.839234,0.48234996,-0.25104725,,0.07739586,1.3318864,0.4581979,0.9984701,0.027454546,-0.04799602,-0.009722923,-0.7673215,-0.6411888,-0.05443193,0.64067453,-0.7658807,,-0.08564411,0.25134003,-0.08520337,-0.67504054,-0.33717608,0.65622604,0.7234867,-0.12828922,0.67831326,-0.14452428,0.93265975,0.33054283,,-0.006073515,0.4076403,-0.32725766,-0.1900706,-0.42537203,-0.88483435,0.9584597,-0.27562678,-0.073382184,-0.2126693,-0.8620258,0.4600905,,1.038035693823139,0.3645902189921391,0.17815172728,3.3036650595986807,-0.23925051108928622,-1.2241570393099754,-0.41260711105518943,,-1.2325790576577287,0.019414950445800418,0.19275054526000002,-2.2363432472624525,-0.6158207044428401,0.6865910871971608,0.563863716295532,,-0.03256129885751921,-0.08751299035656068,0.07561312771999999,-0.048081597517509664,,-9.3631446e-05,-4.172325e-06,7.987022e-06,0.99999994,9.835139e-05,8.2273036e-05,-9.8347664e-05,0.99999994,7.0035458e-06,-8.2273036e-05,-6.9737434e-06,0.99999994,35,0.105,0,0,0.0,False,-0.2608908568385213,0.7377697309257636
0.12971378699876368,09:27:16.847035,09:26:10.780151,0,,0.12885997,0.0031202585,0.03186728,0.6184058,0.4218143,-0.66305864,0.45520443,0.49550545,0.73977226,0.6405957,-0.7593068,0.11441168,,0.07101013,-0.03866022,0.018335968,0.07202312,0.35831863,0.93081695,0.53906524,-0.79917943,0.26593378,0.8391788,0.48261786,-0.25071657,,0.07739586,1.3318864,0.4581979,0.9984701,0.027454546,-0.04799602,-0.009722923,-0.7673215,-0.6411888,-0.05443193,0.64067453,-0.7658807,,-0.08563967,0.25160727,-0.085377626,-0.6641515,-0.35774124,0.656448,0.727908,-0.10924303,0.6769165,-0.17044857,0.9274088,0.33295664,,-0.006054912,0.40768656,-0.32730642,-0.18865831,-0.42680547,-0.8844462,0.9587571,-0.27500868,-0.07179892,-0.21258622,-0.86151457,0.46108544,,1.0390705400282851,0.3644048734031577,0.17802080199,3.291503042876579,-0.26575799204378164,-1.217979247879436,-0.41113701445998085,,-1.232625394054974,0.019461286843045763,0.19268573076,-2.2380207668103287,-0.6162306139421364,0.6861085535068445,0.563863716295532,,-0.03256129885751921,-0.08751299035656068,0.07561312771999999,-0.048081597517509664,,-9.3631446e-05,-4.172325e-06,7.987022e-06,0.99999994,9.835139e-05,8.2273036e-05,-9.8347664e-05,0.99999994,7.0035458e-06,-8.2273036e-05,-6.9737434e-06,0.99999994,43,0.129,0,0,0.0,False,-0.26154621174225356,0.7377697309257636
0.1545105129480362,09:27:16.872186,09:26:10.780151,0,,0.12883952,0.0031812936,0.032086328,0.6089571,0.4360761,-0.6625774,0.4457093,0.5028552,0.7405941,0.65613586,-0.74630696,0.11185393,,0.071000606,-0.03866244,0.018382818,0.07200095,0.35842368,0.93077826,0.5387526,-0.79932547,0.26612833,0.8393815,0.4822978,-0.25065392,,0.07739586,1.3318864,0.4581979,0.9984701,0.027454546,-0.04799602,-0.009722923,-0.7673215,-0.6411888,-0.05443193,0.64067453,-0.7658807,,-0.085636154,0.25179294,-0.085510425,-0.6560127,-0.37293744,0.65617454,0.7306829,-0.09601682,0.6759314,-0.18907635,0.9228751,0.33548728,,-0.006052177,0.40771818,-0.3273422,-0.18866657,-0.42686445,-0.884416,0.95867467,-0.27534437,-0.07161239,-0.21295018,-0.86137813,0.4611724,,1.0397733087198395,0.36423497327992477,0.17792358024000002,3.282696065250229,-0.28488710201094336,-1.2125089051393667,-0.4127704551213238,,-1.2326794531850935,0.019492177774542662,0.1926416569,-2.2378110768668438,-0.6165038869416672,0.6858413168733939,0.5625569637664577,,-0.03256129885751921,-0.08751299035656068,0.07561312771999999,-0.048081597517509664,,-9.3631446e-05,-4.172325e-06,7.987022e-06,0.99999994,9.835139e-05,8.2273036e-05,-9.8347664e-05,0.99999994,7.0035458e-06,-8.2273036e-05,-6.9737434e-06,0.99999994,50,0.151,0,0,0.0,False,-0.26232072208302704,0.7377697309257636
0.1796435529831797,09:27:16.902232,09:26:10.884763,0,,0.12878639,0.0032544136,0.032433912,0.588108,0.45748907,-0.6669576,0.43626386,0.51494503,0.7379059,0.68103045,-0.7249381,0.10325727,,0.07097259,-0.03865189,0.018457681,0.06931807,0.36066663,0.9301153,0.5398605,-0.79759896,0.2690475,0.83889544,0.48348272,-0.2499977,,0.07739586,1.3318864,0.4581979,0.9984701,0.027454546,-0.04799602,-0.009722923,-0.7673215,-0.6411888,-0.05443193,0.64067453,-0.7658807,,-0.085610114,0.25207004,-0.08573743,-0.63724524,-0.39589262,0.6612016,0.73986924,-0.07417811,0.6686487,-0.2156664,0.91529596,0.3401784,,-0.00603508,0.40778014,-0.32739094,-0.18593717,-0.42924613,-0.88384116,0.95939267,-0.27350417,-0.06900127,-0.21211569,-0.8607806,0.46267018,,1.0407386503291176,0.3639492321635785,0.17775376625000003,3.260678621184354,-0.3122144019640314,-1.2023137779408857,-0.41375051951812947,,-1.2328261851097038,0.01956168237041068,0.19256776837000003,-2.241585495849565,-0.6166405234414327,0.685626019816528,0.5632103400309948,,-0.03256129885751921,-0.08751299035656068,0.07561312771999999,-0.048081597517509664,,-9.3631446e-05,-4.172325e-06,7.987022e-06,0.99999994,9.835139e-05,8.2273036e-05,-9.8347664e-05,0.99999994,7.0035458e-06,-8.2273036e-05,-6.9737434e-06,0.99999994,62,0.187,0,0,0.0,False,-0.26255903295711036,0.734341836670422
0.2097027829149738,09:27:16.925320,09:26:10.884763,0,,0.12874188,0.0032705665,0.032675043,0.5767857,0.47252977,-0.6663586,0.42973208,0.5182173,0.73944634,0.694729,-0.7128578,0.09583911,,0.070970014,-0.038646884,0.01850465,0.0691781,0.36106256,0.92997205,0.53969085,-0.79755867,0.26950672,0.8390161,0.4832535,-0.25003576,,0.07739586,1.3318864,0.4581979,0.9984701,0.027454546,-0.04799602,-0.009722923,-0.7673215,-0.6411888,-0.05443193,0.64067453,-0.7658807,,-0.08558461,0.2522357,-0.085917115,-0.62707585,-0.41181746,0.6611976,0.7438793,-0.06473513,0.6651714,-0.23112647,0.9089641,0.34693632,,-0.0060392055,0.40781635,-0.32742107,-0.18581656,-0.42960516,-0.883692,0.9593677,-0.27367154,-0.06868422,-0.21233426,-0.86054826,0.463002,,1.041371914424804,0.36374844110884863,0.17761117435,3.249145674292705,-0.32820087243658796,-1.1918099241527618,-0.4126071110551892,,-1.2329265806370688,0.01960801876765603,0.19252887967,-2.2413758059060807,-0.6167771599411982,0.6851656865392406,0.5620669315680549,,-0.03256129885751921,-0.08751299035656068,0.07561312771999999,-0.048081597517509664,,-9.3631446e-05,-4.172325e-06,7.987022e-06,0.99999994,9.835139e-05,8.2273036e-05,-9.8347664e-05,0.99999994,7.0035458e-06,-8.2273036e-05,-6.9737434e-06,0.99999994,70,0.211,0,0,0.0,False,-0.2630356547052788,0.7319278266314488
0.2327982319984585,09:27:16.956594,09:26:10.884763,0,,0.12863255,0.0032960325,0.03303121,0.55781,0.4934543,-0.667346,0.42324477,0.52253324,0.74015045,0.7139409,-0.6953141,0.08262226,,0.07094826,-0.03862951,0.018638581,0.06669659,0.3635962,0.92916584,0.5393814,-0.7965807,0.27299625,0.8394159,0.48296693,-0.24924627,,0.07739586,1.3318864,0.4581979,0.9984701,0.027454546,-0.04799602,-0.009722923,-0.7673215,-0.6411888,-0.05443193,0.64067453,-0.7658807,,-0.08550351,0.25248364,-0.08618437,-0.60971075,-0.43403158,0.6632265,0.75172186,-0.05131983,0.6574805,-0.2513306,0.89943475,0.35756126,,-0.006036686,0.4079233,-0.3275063,-0.1834187,-0.432068,-0.88299197,0.9596605,-0.2734115,-0.06555816,-0.21309459,-0.8593971,0.46478736,,1.0424299288285728,0.3634626999925023,0.17739728650000003,3.2285960598312218,-0.34910625690070035,-1.175008021107631,-0.4139138635842634,,-1.2331891535547923,0.019716137027895174,0.19241480615,-2.2436823952844107,-0.6181435249388526,0.6837478246318475,0.5560232011210866,,-0.03256129885751921,-0.08751299035656068,0.07561312771999999,-0.048081597517509664,,-9.3631446e-05,-4.172325e-06,7.987022e-06,0.99999994,9.835139e-05,8.2273036e-05,-9.8347664e-05,0.99999994,7.0035458e-06,-8.2273036e-05,-6.9737434e-06,0.99999994,81,0.245,0,0,0.0,False,-0.2604738128088746,0.7265204441441497
0.2640555580146611,09:27:16.994287,09:26:10.884763,0,,0.12848406,0.0033687204,0.03347741,0.5292459,0.52058536,-0.66999215,0.41254574,0.53213376,0.73935074,0.7414206,-0.6677008,0.06686425,,0.07093383,-0.038619034,0.018739015,0.06565508,0.36450195,0.9288851,0.53968453,-0.79596275,0.2741964,0.8393031,0.48330268,-0.24897517,,0.07739586,1.3318864,0.4581979,0.9984701,0.027454546,-0.04799602,-0.009722923,-0.7673215,-0.6411888,-0.05443193,0.64067453,-0.7658807,,-0.085390165,0.25282645,-0.08649426,-0.5834634,-0.4631935,0.6670999,0.7618984,-0.02776058,0.64710134,-0.2812141,0.8858223,0.36910367,,-0.0060366774,0.40800148,-0.32757178,-0.1823705,-0.43300974,-0.8827477,0.95990056,-0.2728238,-0.06448295,-0.21291286,-0.8591098,0.46540132,,1.043781407081562,0.36300705875292305,0.17717432462000002,3.198191018025965,-0.3801227423474553,-1.1542084876762744,-0.41293379918745776,,-1.233413112808145,0.019816532555260093,0.19232406585000003,-2.244940534945318,-0.6181435249388526,0.6835027884114258,0.5542264163936095,,-0.03256129885751921,-0.08751299035656068,0.07561312771999999,-0.048081597517509664,,-9.3631446e-05,-4.172325e-06,7.987022e-06,0.99999994,9.835139e-05,8.2273036e-05,-9.8347664e-05,0.99999994,7.0035458e-06,-8.2273036e-05,-6.9737434e-06,0.99999994,93,0.281,0,0,0.0,False,-0.2616653671792948,0.7203405784443793
0.3017308429116383,09:27:17.025597,09:26:10.884763,0,,0.12836844,0.0034450293,0.03383176,0.50900894,0.5454689,-0.6658628,0.399109,0.535831,0.74404097,0.7626412,-0.64447546,0.055041134,,0.070911355,-0.03861069,0.0188559,0.0643111,0.3647396,0.9288858,0.5401301,-0.7954068,0.2749315,0.8391206,0.48403808,-0.24816035,,0.07739586,1.3318864,0.4581979,0.9984701,0.027454546,-0.04799602,-0.009722923,-0.7673215,-0.6411888,-0.05443193,0.64067453,-0.7658807,,-0.085302345,0.25311306,-0.08672858,-0.56504095,-0.48980525,0.6639424,0.76564974,-0.01144319,0.64315593,-0.30742353,0.8717568,0.3814851,,-0.006031055,0.40809026,-0.32765132,-0.18101236,-0.43334746,-0.88286155,0.96022373,-0.2719405,-0.06339347,-0.2126144,-0.8592196,0.4653351,,1.0449243715469474,0.3626131993763376,0.17702395498,3.1782704733949356,-0.40758667880030885,-1.1332837063558237,-0.4135871754519951,,-1.2336447947943716,0.019924650815499236,0.19221517749000003,-2.246618054493194,-0.6181435249388526,0.6842378970726908,0.5472026215498355,,-0.03256129885751921,-0.08751299035656068,0.07561312771999999,-0.048081597517509664,,-9.3631446e-05,-4.172325e-06,7.987022e-06,0.99999994,9.835139e-05,8.2273036e-05,-9.8347664e-05,0.99999994,7.0035458e-06,-8.2273036e-05,-6.9737434e-06,0.99999994,101,0.305,0,0,0.0,False,-0.2618441003348577,0.7151263167601973
0.33306876092683524,09:27:17.055754,09:26:10.884763,0,,0.12818816,0.0035197586,0.03417164,0.48216626,0.56763947,-0.66730875,0.38874748,0.5439746,0.7436174,0.7851056,-0.6179619,0.04161772,,0.07088783,-0.038600482,0.018963486,0.06276739,0.3665917,0.9282622,0.5405601,-0.7943433,0.2771524,0.8389606,0.4843854,-0.24802375,,0.07739586,1.3318864,0.4581979,0.9984701,0.027454546,-0.04799602,-0.009722923,-0.7673215,-0.6411888,-0.05443193,0.64067453,-0.7658807,,-0.08514893,0.25339228,-0.08695686,-0.5401128,-0.5139444,0.6664378,0.7728687,0.010515559,0.63447887,-0.3330948,0.85775906,0.39153194,,-0.00602307,0.4081741,-0.32772306,-0.17945981,-0.43522567,-0.88225436,0.9605706,-0.27111614,-0.061645623,-0.21236363,-0.8585305,0.46671942,,1.0461213951424522,0.36201082621214814,0.17688914082,3.14975264108104,-0.4346407057538661,-1.113346608667587,-0.4147305839149349,,-1.2338533085819756,0.02003276907573838,0.19211536316000002,-2.2485052639845544,-0.618280161438618,0.6833691700947003,0.5426289876980757,,-0.03256129885751921,-0.08751299035656068,0.07561312771999999,-0.048081597517509664,,-9.3631446e-05,-4.172325e-06,7.987022e-06,0.99999994,9.835139e-05,8.2273036e-05,-9.8347664e-05,0.99999994,7.0035458e-06,-8.2273036e-05,-6.9737434e-06,0.99999994,112,0.339,0,0,0.0,False,-0.262797343831195,0.7078842866432788
0.363223536987789,09:27:17.078127,09:26:11.052327,0,,0.12798984,0.0035949647,0.0344806,0.45428348,0.5902106,-0.66729134,0.37672836,0.551496,0.7442632,0.80728054,-0.5894941,0.02818641,,0.07085558,-0.038590156,0.01908043,0.060054105,0.36552656,0.92886144,0.5404351,-0.7942653,0.27761912,0.83923966,0.48531726,-0.2452423,,0.07739586,1.3318864,0.4581979,0.9984701,0.027454546,-0.04799602,-0.009722923,-0.7673215,-0.6411888,-0.05443193,0.64067453,-0.7658807,,-0.08497509,0.2536533,-0.08716202,-0.514135,-0.53864044,0.6674816,0.77866334,0.033197038,0.62656313,-0.35965067,0.8418815,0.4023518,,-0.0060077747,0.40826526,-0.32780224,-0.17681457,-0.43430394,-0.88324213,0.96093476,-0.27031478,-0.05944971,-0.21293417,-0.85924965,0.46513334,,1.0472566368749632,0.3612385529247257,0.17679062278000002,3.1203960489932068,-0.4629244612053123,-1.091344926224255,-0.41407720765039757,,-1.2340309314380828,0.020125441870229074,0.19200777109000003,-2.2512312332498534,-0.6196465264362724,0.6861169239344758,0.5360952250527045,,-0.03256129885751921,-0.08751299035656068,0.07561312771999999,-0.048081597517509664,,-9.3631446e-05,-4.172325e-06,7.987022e-06,0.99999994,9.835139e-05,8.2273036e-05,-9.8347664e-05,0.99999994,7.0035458e-06,-8.2273036e-05,-6.9737434e-06,0.99999994,120,0.363,0,0,0.0,False,-0.26243987752006825,0.7051323151988496
0.38558565301354975,09:27:17.104899,09:26:11.052327,0,,0.12783004,0.0036217868,0.03466095,0.43566623,0.60263085,-0.6686036,0.3707298,0.5567373,0.74337256,0.8202158,-0.5717337,0.019138306,,0.07083368,-0.038588353,0.019160062,0.059079684,0.36623117,0.9286464,0.54079044,-0.79367995,0.27859968,0.83907986,0.48574355,-0.24494469,,0.07739586,1.3318864,0.4581979,0.9984701,0.027454546,-0.04799602,-0.009722923,-0.7673215,-0.6411888,-0.05443193,0.64067453,-0.7658807,,-0.08482983,0.25379434,-0.087295376,-0.4966302,-0.55238825,0.6694966,0.7829366,0.047848854,0.6202587,-0.37465826,0.8322125,0.40872177,,-0.0059974585,0.40832362,-0.32785985,-0.17582585,-0.4350597,-0.88306755,0.96117336,-0.26966855,-0.05852011,-0.2126758,-0.8590704,0.4655825,,1.0479902964980143,0.3606207342947877,0.17672451199000003,3.1000561244752083,-0.47904756817763416,-1.0776258624070933,-0.41456723984880073,,-1.2341467724311963,0.02018722373322287,0.19193258627,-2.2524893729107607,-0.6196465264362724,0.6861169239344758,0.5321749674654818,,-0.03256129885751921,-0.08751299035656068,0.07561312771999999,-0.048081597517509664,,-9.3631446e-05,-4.172325e-06,7.987022e-06,0.99999994,9.835139e-05,8.2273036e-05,-9.8347664e-05,0.99999994,7.0035458e-06,-8.2273036e-05,-6.9737434e-06,0.99999994,128,0.387,0,0,0.0,False,-0.26202283349042155,0.7041184309824806
0.41233213199302554,09:27:17.128557,09:26:11.052327,0,,0.12757283,0.0036684722,0.034955487,0.4033189,0.6264876,-0.6669685,0.358639,0.5623429,0.74508274,0.84185004,-0.539707,0.0021205246,,0.070795275,-0.03857311,0.019284815,0.05512824,0.36781454,0.92826355,0.5414947,-0.7921026,0.2817036,0.8388946,0.48712006,-0.2428369,,0.07739586,1.3318864,0.4581979,0.9984701,0.027454546,-0.04799602,-0.009722923,-0.7673215,-0.6411888,-0.05443193,0.64067453,-0.7658807,,-0.08459632,0.25402674,-0.08751113,-0.46615967,-0.57865757,0.6692164,0.7885364,0.071212575,0.6108511,-0.40113023,0.81245565,0.42309615,,-0.0059771584,0.40842432,-0.3279418,-0.17188543,-0.43681648,-0.88297606,0.96193147,-0.26773968,-0.05480206,-0.2124693,-0.8587822,0.46620807,,1.0490483109017832,0.35957044262389315,0.17663247540000002,3.0650379039132924,-0.5076045966286112,-1.0488670449451236,-0.41375051951812947,,-1.2343630089516746,0.020279896527713562,0.19181851275000003,-2.25710255166742,-0.620739618434396,0.6871716246443282,0.530541526804139,,-0.03256129885751921,-0.08751299035656068,0.07561312771999999,-0.048081597517509664,,-9.3631446e-05,-4.172325e-06,7.987022e-06,0.99999994,9.835139e-05,8.2273036e-05,-9.8347664e-05,0.99999994,7.0035458e-06,-8.2273036e-05,-6.9737434e-06,0.99999994,136,0.412,0,0,0.0,False,-0.2631548101423209,0.7031528269668916
0.4359835529467091,09:27:17.156928,09:26:11.052327,0,,0.12739643,0.003696829,0.03514576,0.38168272,0.63989496,-0.66697264,0.34988123,0.567879,0.7450479,0.85551214,-0.5177332,-0.007137686,,0.07079162,-0.038567238,0.019356877,0.05497413,0.36710158,0.92855483,0.5410249,-0.7925643,0.28130722,0.83920777,0.48690677,-0.2421817,,0.07739586,1.3318864,0.4581979,0.9984701,0.027454546,-0.04799602,-0.009722923,-0.7673215,-0.6411888,-0.05443193,0.64067453,-0.7658807,,-0.08443529,0.25417596,-0.08765229,-0.44571924,-0.5937193,0.66994905,0.7912536,0.088690065,0.60502213,-0.41863114,0.79976964,0.43025172,,-0.00598377,0.40847853,-0.32798922,-0.17177951,-0.43608236,-0.8833595,0.9618253,-0.26814944,-0.05466251,-0.21303499,-0.8590274,0.4654976,,1.0497047431960922,0.3588599511994645,0.17657803122000001,3.041552630243026,-0.5265970700960074,-1.0319097390087908,-0.4147305839149351,,-1.234517463609159,0.020341678390707357,0.19175758712000002,-2.256892861723936,-0.6211495279336923,0.6877509145758394,0.5300514946057362,,-0.03256129885751921,-0.08751299035656068,0.07561312771999999,-0.048081597517509664,,-9.3631446e-05,-4.172325e-06,7.987022e-06,0.99999994,9.835139e-05,8.2273036e-05,-9.8347664e-05,0.99999994,7.0035458e-06,-8.2273036e-05,-6.9737434e-06,0.99999994,144,0.436,0,0,0.0,False,-0.26333354329788383,0.7031528269668916
0.46440618799533695,09:27:17.187319,09:26:11.052327,0,,0.1271094,0.0037194192,0.035414115,0.35018972,0.6605959,-0.6640633,0.33510405,0.5736762,0.7473959,0.874684,-0.48426077,-0.020472884,,0.07074107,-0.03854049,0.019475132,0.047773384,0.3691213,0.92815244,0.5434059,-0.78927743,0.28592154,0.83810955,0.4907041,-0.23828919,,0.07739586,1.3318864,0.4581979,0.9984701,0.027454546,-0.04799602,-0.009722923,-0.7673215,-0.6411888,-0.05443193,0.64067453,-0.7658807,,-0.084170125,0.25437456,-0.087864816,-0.4159227,-0.61695534,0.6681126,0.79318213,0.11325026,0.5983615,-0.44482625,0.7788071,0.4422546,,-0.0059505077,0.40858424,-0.32805988,-0.16448584,-0.438609,-0.88349676,0.9634696,-0.26336604,-0.048627682,-0.21135451,-0.85922086,0.4659064,,1.0506778075382446,0.3576243139395886,0.17650543898,3.007373169455048,-0.5554273715465154,-1.0036631944006933,-0.41505727204720366,,-1.2347800365268826,0.020418905719449605,0.19164740247,-2.266119219237255,-0.6221059834320504,0.6911445595862122,0.5298881505396019,,-0.03256129885751921,-0.08751299035656068,0.07561312771999999,-0.048081597517509664,,-9.3631446e-05,-4.172325e-06,7.987022e-06,0.99999994,9.835139e-05,8.2273036e-05,-9.8347664e-05,0.99999994,7.0035458e-06,-8.2273036e-05,-6.9737434e-06,0.99999994,159,0.482,0,0,0.0,False,-0.2629164992682367,0.7026700249590969
0.4947536839172244,09:27:17.227791,09:26:11.217330,0,,0.12665953,0.0037579834,0.035740837,0.30173698,0.68495506,-0.66316754,0.3196964,0.5826231,0.74722433,0.8981919,-0.43747753,-0.043178797,,0.07070483,-0.03854259,0.01971981,0.04443177,0.3669169,0.92919195,0.5445923,-0.78865504,0.28538093,0.83752304,0.49335086,-0.23486151,,0.07739586,1.3318864,0.4581979,0.9984701,0.027454546,-0.04799602,-0.009722923,-0.7673215,-0.6411888,-0.05443193,0.64067453,-0.7658807,,-0.08374715,0.25462943,-0.088123135,-0.36956453,-0.6448669,0.6690058,0.79809684,0.14843877,0.5839584,-0.47588181,0.7497417,0.45980853,,-0.005949525,0.408755,-0.3282388,-0.1610898,-0.43680182,-0.8850165,0.96423817,-0.26088127,-0.046751123,-0.21046327,-0.86089784,0.4632063,,1.0518902765994977,0.3560720446318695,0.17642766158,2.9518053344316493,-0.5893132234883447,-0.9616560960192418,-0.41440389578266634,,-1.2352897368965814,0.0205115785139403,0.19141795914,-2.270313018106945,-0.6221059834320504,0.6958819265143648,0.5284180539443933,,-0.03256129885751921,-0.08751299035656068,0.07561312771999999,-0.048081597517509664,,-9.3631446e-05,-4.172325e-06,7.987022e-06,0.99999994,9.835139e-05,8.2273036e-05,-9.8347664e-05,0.99999994,7.0035458e-06,-8.2273036e-05,-6.9737434e-06,0.99999994,175,0.531,0,0,0.0,False,-0.2632143878608417,0.7024286239551998
0.535251643974334,09:27:17.276151,09:26:11.217330,0,,0.12605034,0.003785774,0.036127582,0.23684712,0.71068084,-0.662447,0.30091947,0.59465516,0.7455417,0.9237697,-0.37592274,-0.07301539,,0.07073001,-0.03853547,0.019813806,0.043875318,0.36644873,0.92940307,0.5445951,-0.7886965,0.2852611,0.8375506,0.49363256,-0.23417051,,0.07739586,1.3318864,0.4581979,0.9984701,0.027454546,-0.04799602,-0.009722923,-0.7673215,-0.6411888,-0.05443193,0.64067453,-0.7658807,,-0.08317012,0.25492072,-0.08844513,-0.30700377,-0.67528486,0.67062587,0.8024235,0.19522347,0.5639187,-0.5117277,0.71125114,0.48193008,,-0.005987812,0.40882254,-0.3282979,-0.16054295,-0.43637875,-0.88532454,0.9643128,-0.26067165,-0.046380773,-0.21053943,-0.8611759,0.4626546,,1.0531490820579963,0.3542649251393009,0.17633173612000003,2.8748491251728288,-0.6281179894217297,-0.9049380381463056,-0.4152206161133376,,-1.23565270534167,0.0205115785139403,0.19134666319000002,-2.2707323979939145,-0.6221059834320504,0.6964536776953487,0.5285813980105276,,-0.03256129885751921,-0.08751299035656068,0.07561312771999999,-0.048081597517509664,,-9.3631446e-05,-4.172325e-06,7.987022e-06,0.99999994,9.835139e-05,8.2273036e-05,-9.8347664e-05,0.99999994,7.0035458e-06,-8.2273036e-05,-6.9737434e-06,0.99999994,183,0.555,0,0,0.0,False,-0.26297607698675796,0.7016561407427284
0.5836196159943938,09:27:17.302364,09:26:11.217330,0,,0.12567353,0.0037823021,0.036326587,0.19864476,0.7251062,-0.65936416,0.29092103,0.5988232,0.74617386,0.9358979,-0.34004647,-0.0919956,,0.07073133,-0.038532652,0.019833356,0.041780047,0.3657589,0.92977136,0.54479486,-0.7884109,0.28566888,0.83752775,0.49459946,-0.23220348,,0.07739586,1.3318864,0.4581979,0.9984701,0.027454546,-0.04799602,-0.009722923,-0.7673215,-0.6411888,-0.05443193,0.64067453,-0.7658807,,-0.08281019,0.2550596,-0.0886261,-0.26993558,-0.69246393,0.66905046,0.8039559,0.2203036,0.55237776,-0.5298959,0.6869935,0.4972427,,-0.005991887,0.40883788,-0.32830966,-0.158465,-0.43583262,-0.88596773,0.9646422,-0.2597332,-0.044766672,-0.21060444,-0.8617358,0.46158117,,1.0537823461536828,0.35326869259852595,0.17627469936,2.82808826777578,-0.6475203723884223,-0.8671451147236027,-0.41309714325359237,,-1.2357299326704123,0.020457519383820726,0.19133499658000003,-2.273038987372244,-0.622925802430643,0.698510723699917,0.5277646776798562,,-0.03256129885751921,-0.08751299035656068,0.07561312771999999,-0.048081597517509664,,-9.3631446e-05,-4.172325e-06,7.987022e-06,0.99999994,9.835139e-05,8.2273036e-05,-9.8347664e-05,0.99999994,7.0035458e-06,-8.2273036e-05,-6.9737434e-06,0.99999994,191,0.58,0,0,0.0,False,-0.2634526987349264,0.7004491357232423
0.6098385609220713,09:27:17.328618,09:26:11.217330,0,,0.12542093,0.003766805,0.03645645,0.17286322,0.734016,-0.6567638,0.28452152,0.60116166,0.74676096,0.94295573,-0.315951,-0.10492459,,0.07073155,-0.03853842,0.019849151,0.04221697,0.3653895,0.9298968,0.54457915,-0.7887308,0.28519666,0.8376461,0.4943624,-0.23228137,,0.07739586,1.3318864,0.4581979,0.9984701,0.027454546,-0.04799602,-0.009722923,-0.7673215,-0.6411888,-0.05443193,0.64067453,-0.7658807,,-0.082568675,0.25514024,-0.08875293,-0.24482864,-0.7032284,0.6674794,0.8045546,0.23682441,0.54461557,-0.5410645,0.6703611,0.5078042,,-0.0059943767,0.40884462,-0.32832488,-0.15891524,-0.43543455,-0.88608277,0.964527,-0.2600907,-0.045171354,-0.21079274,-0.8618292,0.46132076,,1.054129869133023,0.352650873968588,0.17622673663000002,2.796005706422648,-0.6592711113682501,-0.840819033276895,-0.41440389578266634,,-1.2357453781361607,0.0204497966509465,0.19131944110000002,-2.2724099175417907,-0.622925802430643,0.698510723699917,0.5277646776798562,,-0.03256129885751921,-0.08751299035656068,0.07561312771999999,-0.048081597517509664,,-9.3631446e-05,-4.172325e-06,7.987022e-06,0.99999994,9.835139e-05,8.2273036e-05,-9.8347664e-05,0.99999994,7.0035458e-06,-8.2273036e-05,-6.9737434e-06,0.99999994,202,0.614,0,0,0.0,False,-0.26196325577190027,0.6999180535146681
0.6360690599540249,09:27:17.358554,09:26:11.217330,0,,0.12503876,0.0037214756,0.036609456,0.1373032,0.74892837,-0.64826995,0.2777571,0.5991001,0.7509526,0.9507884,-0.2831698,-0.12576187,,0.070722684,-0.038544707,0.019859463,0.04208326,0.36566767,0.92979354,0.54466486,-0.78857064,0.28547573,0.83759713,0.49441215,-0.23235202,,0.07739586,1.3318864,0.4581979,0.9984701,0.027454546,-0.04799602,-0.009722923,-0.7673215,-0.6411888,-0.05443193,0.64067453,-0.7658807,,-0.08220003,0.25521797,-0.088924885,-0.21003696,-0.720687,0.6606775,0.8057928,0.25509652,0.5344378,-0.5536989,0.64462084,0.5271447,,-0.005987109,0.4088481,-0.32833755,-0.15877555,-0.4357163,-0.88596934,0.9645676,-0.25996822,-0.045009866,-0.21071234,-0.8617237,0.46155444,,1.0546704604342185,0.3517395914894295,0.17615155181000003,2.7507126786299905,-0.6721149423462015,-0.7972658605725037,-0.414077207650398,,-1.235722209937538,0.020442073918072276,0.19130518191,-2.272619607485275,-0.622925802430643,0.6983473662196358,0.526457925150782,,-0.03256129885751921,-0.08751299035656068,0.07561312771999999,-0.048081597517509664,,-9.3631446e-05,-4.172325e-06,7.987022e-06,0.99999994,9.835139e-05,8.2273036e-05,-9.8347664e-05,0.99999994,7.0035458e-06,-8.2273036e-05,-6.9737434e-06,0.99999994,210,0.637,0,0,0.0,False,-0.2626781883941529,0.6999180535146681
0.6660315039334819,09:27:17.383844,09:26:11.217330,0,,0.124608524,0.0036558956,0.03672357,0.09692922,0.75997186,-0.64268756,0.27468023,0.60022444,0.7511865,0.9566374,-0.2493456,-0.15057006,,0.07071091,-0.038558535,0.019869,0.041663714,0.36617434,0.929613,0.54492795,-0.78818345,0.28604248,0.83744705,0.49465457,-0.23237734,,0.07739586,1.3318864,0.4581979,0.9984701,0.027454546,-0.04799602,-0.009722923,-0.7673215,-0.6411888,-0.05443193,0.64067453,-0.7658807,,-0.081780516,0.25525773,-0.08908254,-0.17026794,-0.7343516,0.65706664,0.8088723,0.27667412,0.5188227,-0.56279165,0.6198219,0.54688793,,-0.0059768697,0.40884587,-0.32835516,-0.15833779,-0.43625072,-0.8857846,0.9646932,-0.259572,-0.044603292,-0.21046667,-0.8615728,0.46194816,,1.0551801608039175,0.35085919994176795,0.17607118183,2.6982901927588596,-0.6800398593325971,-0.7529863654730309,-0.4135871754519951,,-1.2356758735402926,0.02039573752082693,0.19128833014000002,-2.2732486773157285,-0.622925802430643,0.6981840087393547,0.5261312370185135,,-0.03256129885751921,-0.08751299035656068,0.07561312771999999,-0.048081597517509664,,-9.3631446e-05,-4.172325e-06,7.987022e-06,0.99999994,9.835139e-05,8.2273036e-05,-9.8347664e-05,0.99999994,7.0035458e-06,-8.2273036e-05,-6.9737434e-06,0.99999994,218,0.662,0,0,0.0,False,-0.26136747858668974,0.697697164278813
0.69131182692945,09:27:17.409187,09:26:11.386494,0,,0.124210276,0.003612548,0.036922336,0.060659405,0.77503884,-0.6289953,0.25944063,0.5962552,0.7597171,0.9638519,-0.20927101,-0.16490817,,0.070703566,-0.0385622,0.019898862,0.038929902,0.36413988,0.93053025,0.5438231,-0.788965,0.28599033,0.83829623,0.49491036,-0.2287421,,0.07739586,1.3318864,0.4581979,0.9984701,0.027454546,-0.04799602,-0.009722923,-0.7673215,-0.6411888,-0.05443193,0.64067453,-0.7658807,,-0.08139941,0.2553664,-0.08928975,-0.13477114,-0.7525498,0.6445972,0.8031614,0.29802594,0.51586074,-0.58031756,0.58723867,0.5642537,,-0.00597387,0.40886456,-0.3283797,-0.15575762,-0.43427682,-0.8872109,0.96474963,-0.25976038,-0.0422213,-0.21212651,-0.8625127,0.45942807,,1.0557053066393647,0.3500405902571001,0.17599599701000002,2.6511099554748414,-0.6984857868009317,-0.7035581988748373,-0.41309714325359215,,-1.2356681508074185,0.020295341993462012,0.19127147837000003,-2.2753455767505737,-0.6255218959261865,0.7015261300116951,0.5249878285555735,,-0.03256129885751921,-0.08751299035656068,0.07561312771999999,-0.048081597517509664,,-9.3631446e-05,-4.172325e-06,7.987022e-06,0.99999994,9.835139e-05,8.2273036e-05,-9.8347664e-05,0.99999994,7.0035458e-06,-8.2273036e-05,-6.9737434e-06,0.99999994,234,0.711,0,0,0.0,False,-0.26285692154971585,0.6941244294211333
0.7166409749770537,09:27:17.450791,09:26:11.386494,0,,0.123590894,0.0035474598,0.03717144,0.0059637837,0.7896751,-0.6134961,0.2421327,0.5941099,0.76707554,0.9702246,-0.15312222,-0.18766314,,0.07068415,-0.0385805,0.019947916,0.03682307,0.36503008,0.9302671,0.5445863,-0.7878555,0.28759223,0.837896,0.4960208,-0.22780173,,0.07739586,1.3318864,0.4581979,0.9984701,0.027454546,-0.04799602,-0.009722923,-0.7673215,-0.6411888,-0.05443193,0.64067453,-0.7658807,,-0.080801964,0.25549963,-0.08956405,-0.08085226,-0.77157295,0.63098186,0.7961387,0.3308896,0.5066312,-0.5996883,0.54331136,0.58752596,,-0.0059617287,0.40888718,-0.3284293,-0.15361206,-0.43531156,-0.88707787,0.965224,-0.258284,-0.04039785,-0.21153238,-0.86243445,0.4598487,,1.0566165891185233,0.34916019870943854,0.17587414575000002,2.5766700255378354,-0.717204987268797,-0.6334875114341103,-0.41440389578266634,,-1.2357067644717896,0.020210391931845543,0.19121703419000002,-2.2780715460158727,-0.6257951689257172,0.7021573595197907,0.5202508506376794,,-0.03256129885751921,-0.08751299035656068,0.07561312771999999,-0.048081597517509664,,-9.3631446e-05,-4.172325e-06,7.987022e-06,0.99999994,9.835139e-05,8.2273036e-05,-9.8347664e-05,0.99999994,7.0035458e-06,-8.2273036e-05,-6.9737434e-06,0.99999994,249,0.757,0,0,0.0,False,-0.2630356547052788,0.692338061992293
0.758265906944871,09:27:17.491728,09:26:11.386494,0,,0.12294503,0.0034779608,0.037371382,-0.047855884,0.8003841,-0.5975741,0.2291261,0.5911032,0.7733679,0.97221947,-0.09990969,-0.21167678,,0.070656955,-0.03857941,0.020027608,0.034105062,0.36057287,0.9321072,0.5437457,-0.78922945,0.28540736,0.83855665,0.4970955,-0.22297671,,0.07739586,1.3318864,0.4581979,0.9984701,0.027454546,-0.04799602,-0.009722923,-0.7673215,-0.6411888,-0.05443193,0.64067453,-0.7658807,,-0.080174275,0.25559977,-0.0898047,-0.027436063,-0.7864552,0.61703765,0.78967965,0.36141878,0.49576455,-0.6129056,0.5008639,0.6111318,,-0.0059461715,0.40894553,-0.32848796,-0.15101954,-0.43105888,-0.88959616,0.9653384,-0.25809914,-0.038814295,-0.21287274,-0.86462307,0.45509574,,1.05774410811816,0.3485809937438717,0.1757509982,2.5036979252052207,-0.7273160882514395,-0.5654537487776836,-0.4142405517165323,,-1.235760823601909,0.020210391931845543,0.19114833082000002,-2.2803781353942023,-0.6279813529219643,0.7082690192063833,0.5174740015133967,,-0.03256129885751921,-0.08751299035656068,0.07561312771999999,-0.048081597517509664,,-9.3631446e-05,-4.172325e-06,7.987022e-06,0.99999994,9.835139e-05,8.2273036e-05,-9.8347664e-05,0.99999994,7.0035458e-06,-8.2273036e-05,-6.9737434e-06,0.99999994,257,0.78,0,0,0.0,False,-0.26243987752006825,0.6894412499455256
0.7991591249592602,09:27:17.525070,09:26:11.386494,0,,0.1225262,0.0034706146,0.037564516,-0.07862018,0.8093935,-0.58198005,0.21691254,0.58368933,0.7824677,0.97301984,-0.06472111,-0.22145745,,0.07074843,-0.038580462,0.020097136,0.03251785,0.3605393,0.93217695,0.54437006,-0.7885806,0.28601062,0.83821464,0.4981488,-0.22190976,,0.0774559,1.3318858,0.45820114,0.9984694,0.027399193,-0.048042275,-0.009794949,-0.76732355,-0.64118534,-0.05443193,0.64067453,-0.7658807,,-0.07982181,0.25573382,-0.08997859,0.0031099299,-0.7982084,0.60237336,0.78205407,0.3773458,0.49598548,-0.62320286,0.46954608,0.6254156,,-0.0060990024,0.40897885,-0.3285247,-0.14935364,-0.4312272,-0.88979584,0.9657107,-0.25688323,-0.037601177,-0.21235897,-0.8649012,0.45480716,,1.0587557861246835,0.34846515275075834,0.17566285048000002,2.4598727270169554,-0.7360608242364277,-0.5170752391701288,-0.4147305839149351,,-1.235753100869035,0.02018722373322287,0.19108610890000002,-2.2824750348290475,-0.6281179894217297,0.7096872969523286,0.5151871845875167,,-0.03256129885751921,-0.08751299035656068,0.07561312771999999,-0.048081597517509664,,-3.3847988e-05,-1.1920929e-07,2.9802322e-06,0.99999994,4.310161e-05,3.6057085e-05,-4.310161e-05,1.0,3.0696392e-06,-3.605336e-05,-3.0100346e-06,1.0,265,0.805,0,0,0.0,False,-0.2622015666459845,0.689248129142408
0.8324970249086618,09:27:17.552449,09:26:11.386494,0,,0.12202131,0.0034497231,0.037733704,-0.12070723,0.8101642,-0.5736405,0.20384929,0.5857804,0.7844149,0.9715322,-0.022251725,-0.2358594,,0.07073866,-0.038597822,0.020154119,0.033255186,0.35783392,0.93319285,0.5425041,-0.79064727,0.283842,0.8393947,0.49682176,-0.2204195,,0.0774559,1.3318858,0.45820114,0.9984694,0.027399193,-0.048042275,-0.009794949,-0.76732355,-0.64118534,-0.05443193,0.64067453,-0.7658807,,-0.07933194,0.25584617,-0.09015574,0.04510294,-0.80230683,0.5952054,0.77284086,0.4055534,0.48810184,-0.632995,0.43798426,0.63834715,,-0.00609752,0.40900669,-0.3285783,-0.1502596,-0.4283691,-0.891023,0.9651149,-0.25902122,-0.038226947,-0.21441862,-0.8656835,0.45234582,,1.059844691459949,0.3485114891480037,0.17556822131000002,2.3999014031803814,-0.742346103225638,-0.4678434959241896,-0.414730583914935,,-1.235722209937538,0.02015633280172597,0.19103555359000002,-2.2803781353942023,-0.6297576274189151,0.7112693480171074,0.5156772167859196,,-0.03256129885751921,-0.08751299035656068,0.07561312771999999,-0.048081597517509664,,-3.3847988e-05,-1.1920929e-07,2.9802322e-06,0.99999994,4.310161e-05,3.6057085e-05,-4.310161e-05,1.0,3.0696392e-06,-3.605336e-05,-3.0100346e-06,1.0,277,0.842,0,0,0.0,False,-0.2623802998015474,0.6884273657291566
0.859927401994355,09:27:17.582579,09:26:11.570989,0,,0.12175789,0.0034439415,0.037819773,-0.1410377,0.8162255,-0.5602535,0.19873554,0.57773316,0.79166186,0.9698516,0.0003117919,-0.24369532,,0.07070489,-0.038608477,0.020226777,0.031497754,0.3564266,0.9337921,0.54065603,-0.7918515,0.28401124,0.84065384,0.4959147,-0.2176458,,0.0774559,1.3318858,0.45820114,0.9984694,0.027399193,-0.048042275,-0.009794949,-0.76732355,-0.64118534,-0.05443193,0.64067453,-0.7658807,,-0.07907615,0.2559074,-0.09024324,0.06547102,-0.8101744,0.5825212,0.76871836,0.41316217,0.48823053,-0.6362276,0.4158298,0.64984614,,-0.0060745035,0.4090524,-0.3286408,-0.14870751,-0.42685205,-0.89201087,0.9648267,-0.26037547,-0.036249764,-0.21678446,-0.8660265,0.45055804,,1.0605860738158746,0.3486118846753686,0.17550988826000002,2.370754501036032,-0.7431659222242306,-0.4327882389028345,-0.4134238313858608,,-1.23565270534167,0.0201331646031033,0.19097073909,-2.281007205224656,-0.6326269939139892,0.7131190515538889,0.514697152389114,,-0.03256129885751921,-0.08751299035656068,0.07561312771999999,-0.048081597517509664,,-3.3847988e-05,-1.1920929e-07,2.9802322e-06,0.99999994,4.310161e-05,3.6057085e-05,-4.310161e-05,1.0,3.0696392e-06,-3.605336e-05,-3.0100346e-06,1.0,292,0.888,0,0,0.0,False,-0.2616653671792948,0.6873169211112296
0.8900000379653648,09:27:17.623640,09:26:11.570989,0,,0.12102955,0.0033749044,0.03797035,-0.2054568,0.8192557,-0.5353572,0.18384674,0.56959784,0.80109835,0.9612428,0.066167325,-0.2676454,,0.07066181,-0.038635463,0.020309389,0.031193502,0.35701478,0.9335776,0.5404465,-0.79174125,0.28471646,0.8408,0.49566755,-0.21764463,,0.0774559,1.3318858,0.45820114,0.9984694,0.027399193,-0.048042275,-0.009794949,-0.76732355,-0.64118534,-0.05443193,0.64067453,-0.7658807,,-0.07836236,0.2559806,-0.09045076,0.13027574,-0.8184285,0.5596454,0.7546207,0.4479687,0.47944933,-0.64309865,0.35985938,0.67596257,,-0.0060437554,0.40909418,-0.32872277,-0.14842808,-0.42739853,-0.8917957,0.96480644,-0.26052353,-0.035722297,-0.21706611,-0.8657124,0.45102584,,1.0622696295824556,0.3489594076547087,0.17536470378000002,2.2789103057898106,-0.7413896477272798,-0.3454518811180969,-0.414730583914935,,-1.2355986462115505,0.0201331646031033,0.19087610992,-2.2812168951681406,-0.6330369034132856,0.7126365178635725,0.5133903998600398,,-0.03256129885751921,-0.08751299035656068,0.07561312771999999,-0.048081597517509664,,-3.3847988e-05,-1.1920929e-07,2.9802322e-06,0.99999994,4.310161e-05,3.6057085e-05,-4.310161e-05,1.0,3.0696392e-06,-3.605336e-05,-3.0100346e-06,1.0,300,0.912,0,0,0.0,False,-0.2618441003348577,0.6846132298675793
0.9310968939680606,09:27:17.660535,09:26:11.570989,0,,0.12058949,0.0033056587,0.038039207,-0.24774782,0.8156832,-0.52276355,0.17318615,0.568181,0.80447304,0.9532194,0.10877094,-0.28203076,,0.070643544,-0.038650125,0.02034384,0.03075586,0.35797882,0.93322295,0.54067713,-0.7912319,0.28569293,0.8406677,0.49578565,-0.21788602,,0.0774559,1.3318858,0.45820114,0.9984694,0.027399193,-0.048042275,-0.009794949,-0.76732355,-0.64118534,-0.05443193,0.64067453,-0.7658807,,-0.077929504,0.25598958,-0.09057626,0.1730012,-0.81822926,0.548244,0.74318993,0.4737255,0.4724964,-0.64632756,0.325707,0.69005483,,-0.006030651,0.4091092,-0.32875937,-0.14797509,-0.42836735,-0.89140606,0.96492285,-0.26016933,-0.035154022,-0.21685767,-0.86534,0.45184,,1.0632426939246078,0.34928376243542614,0.17526748203,2.218309912122783,-0.7382470082326748,-0.2936164519695,-0.414730583914935,,-1.235583200745802,0.020109996404480624,0.19083462864000003,-2.281845964998594,-0.6330369034132856,0.711983087942448,0.5107768948018913,,-0.03256129885751921,-0.08751299035656068,0.07561312771999999,-0.048081597517509664,,-3.3847988e-05,-1.1920929e-07,2.9802322e-06,0.99999994,4.310161e-05,3.6057085e-05,-4.310161e-05,1.0,3.0696392e-06,-3.605336e-05,-3.0100346e-06,1.0,308,0.936,0,0,0.0,False,-0.2626781883941529,0.6843718288636826
0.9680130659835413,09:27:17.679999,09:26:11.570989,0,,0.12032727,0.0032637864,0.038081557,-0.2743333,0.8112639,-0.51632524,0.16569611,0.56877196,0.8056322,0.9472517,0.13545857,-0.29045647,,0.07064086,-0.038659498,0.02036035,0.030623375,0.35774422,0.9333173,0.5405024,-0.7913828,0.2856056,0.84078497,0.49571407,-0.21759646,,0.0774559,1.3318858,0.45820114,0.9984694,0.027399193,-0.048042275,-0.009794949,-0.76732355,-0.64118534,-0.05443193,0.64067453,-0.7658807,,-0.07767171,0.25599524,-0.09065247,0.1999277,-0.8159209,0.5424961,0.7348117,0.49110782,0.46782994,-0.6481363,0.30510032,0.6977343,,-0.006030377,0.4091141,-0.32877788,-0.1478614,-0.42812562,-0.89154106,0.9648911,-0.26030442,-0.035026036,-0.21707654,-0.86541903,0.45158356,,1.0638527898216716,0.3495926717503951,0.17520526011,2.1799366524651154,-0.7357875512368969,-0.2630321569199513,-0.41456723984880073,,-1.235583200745802,0.0200713827401095,0.19081648058000003,-2.281845964998594,-0.6333101764128165,0.7122059237498409,0.5104502066696226,,-0.03256129885751921,-0.08751299035656068,0.07561312771999999,-0.048081597517509664,,-3.3847988e-05,-1.1920929e-07,2.9802322e-06,0.99999994,4.310161e-05,3.6057085e-05,-4.310161e-05,1.0,3.0696392e-06,-3.605336e-05,-3.0100346e-06,1.0,316,0.961,0,0,0.0,False,-0.2622015666459845,0.6840821476590055
