Task Time,PC1 Time,PC2 Time,Gaze Calib,s_T_psm1,Tx,Ty,Tz,R00,R01,R02,R10,R11,R12,R20,R21,R22,s_T_psm3,Tx,Ty,Tz,R00,R01,R02,R10,R11,R12,R20,R21,R22,cart_T_ecm,Tx,Ty,Tz,R00,R01,R02,R10,R11,R12,R20,R21,R22,ecm_T_psm1,Tx,Ty,Tz,R00,R01,R02,R10,R11,R12,R20,R21,R22,ecm_T_psm3,Tx,Ty,Tz,R00,R01,R02,R10,R11,R12,R20,R21,R22,psm1_joints,q1,q2,q3,q4,q5,q6,jaw,psm3_joints,q1,q2,q3,q4,q5,q6,jaw,ecm_joints,q1,q2,q3,q4,ecmi_T_ecm,Tx,Ty,Tz,R00,R01,R02,R10,R11,R12,R20,R21,R22,Sample #,Task Duration (s),Collisions (binary),Collisions (increments),Cumulative Collision Time (s),Clutch Press,MTMR Angle,MTML Angle
""
lci_T_si,,,,,-0.063657075,0.025385704,0.2469648,0.99608046,0.04609189,0.0754932,0.084081955,-0.75835806,-0.6463925,0.02745742,0.6502066,-0.75926113
rci_T_si,,,,,-0.07441909,0.030183764,0.26059738,0.9968228,0.032426473,0.07275223,0.07222477,-0.75309837,-0.6539315,0.033584893,0.65710837,-0.7530476
ecm_T_lc,,,,,-4.4061628e-05,-0.00034663224,-0.01840835,-0.99912,0.030754527,0.028518902,-0.031987965,-0.99852574,-0.043852776,0.027128186,-0.04472645,0.9986309
ecm_T_rc,,,,,-0.0043358393,0.01870579,-0.007592615,-0.99555075,-0.052743673,-0.078081585,0.04863213,-0.9973746,0.053654674,-0.08070653,0.04961868,0.9955021
cart_T_ecmi,,,,,0.07751704,1.3301718,0.45619854,0.9982497,0.036658186,-0.046408493,-0.0016564787,-0.76707995,-0.64154935,-0.05911706,0.6405033,-0.7656766
ecmac_T_ecmrep_psm1,,,,,0.0028397094,-0.24236576,-0.3123762,0.99938005,0.032352094,0.013886033,-0.031258944,0.9968569,-0.072795466,-0.016197473,0.07231628,0.9972502
ecmac_T_ecmrep_psm3,,,,,-0.018767226,-0.44603547,-0.53896165,0.9994355,-0.013331066,-0.030837692,0.013906483,0.9997318,0.01852092,0.030582517,-0.018939309,0.9993528
""
0,10:21:08.847276,10:20:02.902188,0,,0.08933521,0.01799737,0.030854642,-0.41268456,0.30807984,-0.85719204,-0.010071456,0.93946457,0.34249783,0.9108182,0.14997655,-0.38459975,,0.05758404,0.018524095,0.02730757,-0.17827985,-0.38511005,0.9054868,-0.33992285,0.8876792,0.31060952,-0.92340064,-0.25242037,-0.28916302,,0.077464566,1.3301746,0.45620677,0.99824977,0.036690403,-0.046381548,-0.00161455,-0.76707846,-0.6415513,-0.05911706,0.6405033,-0.7656766,,-0.04475182,0.26273796,-0.0815247,0.3337551,-0.35558733,0.8730207,0.5953583,0.7975538,0.09724412,-0.73085976,0.48730442,0.47788954,,0.007337482,0.4561825,-0.29830933,0.3272559,0.38250875,-0.86405474,-0.8538777,0.5113488,-0.09703223,0.40471765,0.7695515,0.4939576,,1.247862346015819,0.28730883111977445,0.19341035687000002,1.7450397096782118,-0.6654197538576949,-0.4840965725652951,-0.4023164348887298,,-1.2893952034133984,0.33278028228320833,0.20391678732000001,1.0159477761825206,0.5378012630767736,-0.7907395964352188,0.37144440638935095,,-0.032535118918739295,-0.08714647121364187,0.07824560327999999,-0.058221254136848435,,-5.2873045e-05,1.3709068e-06,-5.722046e-06,1.0,3.216043e-05,2.6900321e-05,-3.2156706e-05,0.99999994,2.503395e-06,-2.6904047e-05,-2.4735928e-06,1.0,36,0.107,0,0,0.0,False,-0.2593418361569748,0.5434902029892226
0.1294600369874388,10:21:08.879089,10:20:02.902188,0,,0.090591624,0.01824838,0.03262715,-0.37663174,0.33388215,-0.86410135,-0.021471053,0.9293922,0.3684685,0.9261141,0.15732986,-0.34286988,,0.057599828,0.018640071,0.027334511,-0.17790425,-0.38635847,0.9050289,-0.33861655,0.8875704,0.31234255,-0.9239528,-0.25089073,-0.2887299,,0.077464566,1.3301746,0.45620677,0.99824977,0.036690403,-0.046381548,-0.00161455,-0.76707846,-0.6415513,-0.05911706,0.6405033,-0.7656766,,-0.04616323,0.2639351,-0.08269011,0.296996,-0.38151577,0.87535083,0.5930528,0.7921733,0.14404774,-0.7483861,0.47634768,0.4615313,,0.0073132296,0.45628175,-0.29824615,0.32691467,0.38351884,-0.86373615,-0.8533744,0.51248807,-0.09543632,0.4060528,0.76828986,0.49482504,,1.2462946312423513,0.2945990909530424,0.19209980768,1.7796385503531582,-0.6999887882983514,-0.48294350591662666,-0.4036231874178041,,-1.2897504491256127,0.33318958712554225,0.20396993521,1.0161574661260049,0.5387577185751317,-0.7892325170371581,0.36687077253759126,,-0.032535118918739295,-0.08714647121364187,0.07824560327999999,-0.058221254136848435,,-5.2873045e-05,1.3709068e-06,-5.722046e-06,1.0,3.216043e-05,2.6900321e-05,-3.2156706e-05,0.99999994,2.503395e-06,-2.6904047e-05,-2.4735928e-06,1.0,51,0.154,0,0,0.0,False,-0.2588652144088064,0.5369240956832164
0.16126965603325516,10:21:08.924448,10:20:02.970716,0,,0.0920433,0.018738672,0.034188762,-0.34489453,0.36640778,-0.86417186,-0.02927947,0.9160147,0.4000746,0.9381846,0.16328585,-0.3052003,,0.057619967,0.018691003,0.027332664,-0.17699909,-0.38778815,0.90459466,-0.33800006,0.88715756,0.3141777,-0.9243523,-0.25014403,-0.28809848,,0.077464566,1.3301746,0.45620677,0.99824977,0.036690403,-0.046381548,-0.00161455,-0.76707846,-0.6415513,-0.05911706,0.6405033,-0.7656766,,-0.0477603,0.26517004,-0.08353311,0.26467016,-0.41389227,0.87100106,0.59188163,0.7827932,0.1921222,-0.7613316,0.46468052,0.45215723,,0.007291553,0.4563142,-0.2982077,0.3260551,0.3848368,-0.8634748,-0.8533289,0.5128962,-0.093634374,0.40683895,0.76735795,0.49562475,,1.2440009795787066,0.3030168697859471,0.19103166472000002,1.8157052206324964,-0.7279992707502667,-0.4775004073087999,-0.40345984335166984,,-1.2899203492488456,0.33328225992003296,0.20400882391000003,1.0155283962955515,0.5395775375737243,-0.7879407346959632,0.36131707428902576,,-0.032535118918739295,-0.08714647121364187,0.07824560327999999,-0.058221254136848435,,-5.2873045e-05,1.3709068e-06,-5.722046e-06,1.0,3.216043e-05,2.6900321e-05,-3.2156706e-05,0.99999994,2.503395e-06,-2.6904047e-05,-2.4735928e-06,1.0,59,0.177,0,0,0.0,False,-0.25868648125324345,0.5366826946793188
0.20662684796843678,10:21:08.946673,10:20:02.970716,0,,0.0928607,0.019080833,0.034909457,-0.33441433,0.38176233,-0.8616406,-0.029832125,0.90953285,0.4145599,0.9419538,0.16433921,-0.2927721,,0.05763623,0.018700972,0.02732402,-0.17689474,-0.3874892,0.9047432,-0.33787432,0.8872855,0.31395137,-0.9244183,-0.25015318,-0.28787875,,0.077464566,1.3301746,0.45620677,0.99824977,0.036690403,-0.046381548,-0.00161455,-0.76707846,-0.6415513,-0.05911706,0.6405033,-0.7656766,,-0.048648607,0.26581767,-0.08384306,0.25393623,-0.42902038,0.8668667,0.59293276,0.77713764,0.21092142,-0.7641643,0.4604331,0.45172364,,0.007276366,0.45631325,-0.2981933,0.32595676,0.38453767,-0.8636452,-0.85329825,0.5129416,-0.09366459,0.40698195,0.7674775,0.49532208,,1.2426263331270948,0.30814476441443217,0.1905287042,1.8324804161112582,-0.7356509147371314,-0.47550829918910953,-0.40378653148393817,,-1.2899821311118393,0.333251368988536,0.20402567568000002,1.0155283962955515,0.5397141740734898,-0.7882155100799408,0.36131707428902565,,-0.032535118918739295,-0.08714647121364187,0.07824560327999999,-0.058221254136848435,,-5.2873045e-05,1.3709068e-06,-5.722046e-06,1.0,3.216043e-05,2.6900321e-05,-3.2156706e-05,0.99999994,2.503395e-06,-2.6904047e-05,-2.4735928e-06,1.0,70,0.211,0,0,0.0,False,-0.2580311263495121,0.5361998926715241
0.228855925030075,10:21:08.978436,10:20:02.970716,0,,0.09424778,0.019814461,0.036003172,-0.3188352,0.40471613,-0.8570582,-0.034468144,0.8987018,0.4372034,0.9471831,0.16893691,-0.27258804,,0.05765765,0.018696114,0.0273062,-0.17672546,-0.38758036,0.90473723,-0.33811733,0.8871721,0.31401002,-0.9243618,-0.25041384,-0.28783354,,0.077464566,1.3301746,0.45620677,0.99824977,0.036690403,-0.046381548,-0.00161455,-0.76707846,-0.6415513,-0.05911706,0.6405033,-0.7656766,,-0.05015089,0.2669548,-0.08417249,0.23815821,-0.45184913,0.85971683,0.5912997,0.7696846,0.24072859,-0.7704838,0.45101884,0.45048496,,0.0072580557,0.45629466,-0.29818234,0.32579085,0.38467106,-0.86364836,-0.85345536,0.5126936,-0.09359083,0.40678528,0.76757634,0.49533045,,1.2403095132648274,0.31667838424045025,0.18994666999,1.8547075501206178,-0.7489046552143791,-0.47156177670236404,-0.40411321961620694,,-1.2900207447762106,0.3331355279954227,0.20404123116000003,1.0153187063520668,0.5395775375737243,-0.788185770916385,0.36148041835516004,,-0.032535118918739295,-0.08714647121364187,0.07824560327999999,-0.058221254136848435,,-5.2873045e-05,1.3709068e-06,-5.722046e-06,1.0,3.216043e-05,2.6900321e-05,-3.2156706e-05,0.99999994,2.503395e-06,-2.6904047e-05,-2.4735928e-06,1.0,78,0.235,0,0,0.0,False,-0.259282258438454,0.5372137768878926
0.26060883805621415,10:21:09.006940,10:20:02.970716,0,,0.09557739,0.020656005,0.03691286,-0.31438237,0.41473776,-0.85390645,-0.04396546,0.89218867,0.4495179,0.9482776,0.17886278,-0.26225436,,0.05766405,0.018692032,0.027297735,-0.17676549,-0.3877472,0.9046579,-0.33826247,0.88707876,0.31411782,-0.924301,-0.2504867,-0.28796518,,0.077464566,1.3301746,0.45620677,0.99824977,0.036690403,-0.046381548,-0.00161455,-0.76707846,-0.6415513,-0.05911706,0.6405033,-0.7656766,,-0.05158443,0.2680656,-0.084293574,0.23399651,-0.46242148,0.8552263,0.5842367,0.7699898,0.25648233,-0.77711844,0.4396386,0.4503385,,0.0072531607,0.45628506,-0.29817864,0.32582715,0.3848505,-0.8635547,-0.8535119,0.5125989,-0.093593866,0.40663752,0.7675497,0.4954931,,1.237853684210824,0.3258916045594001,0.18955778299,1.8616273182556071,-0.7588791196972562,-0.4685740303613805,-0.4068900687404895,,-1.2900207447762106,0.33308919159817735,0.20404641632,1.0153187063520668,0.5394409010739589,-0.7879926742725479,0.3616437624212943,,-0.032535118918739295,-0.08714647121364187,0.07824560327999999,-0.058221254136848435,,-5.2873045e-05,1.3709068e-06,-5.722046e-06,1.0,3.216043e-05,2.6900321e-05,-3.2156706e-05,0.99999994,2.503395e-06,-2.6904047e-05,-2.4735928e-06,1.0,90,0.271,0,0,0.0,False,-0.2587460589717643,0.5371654966871136
0.2891225729836151,10:21:09.038975,10:20:03.098733,0,,0.09732728,0.02202946,0.03789626,-0.31370103,0.4310188,-0.8460582,-0.051609814,0.881979,0.46845427,0.9481181,0.19061932,-0.25443298,,0.057670906,0.018692628,0.027295172,-0.17674254,-0.3880979,0.90451205,-0.33826613,0.88695365,0.31446666,-0.9243041,-0.25038627,-0.28804278,,0.077464566,1.3301746,0.45620677,0.99824977,0.036690403,-0.046381548,-0.00161455,-0.76707846,-0.6415513,-0.05911706,0.6405033,-0.7656766,,-0.05346313,0.26960048,-0.08411974,0.23362538,-0.4792397,0.8460192,0.5781438,0.76804596,0.27541816,-0.781773,0.42477608,0.4565045,,0.007246742,0.45628285,-0.2981759,0.32580507,0.38518706,-0.863413,-0.8535197,0.51262516,-0.09337878,0.40663892,0.76736325,0.49578062,,1.2347723137940083,0.338719063863487,0.18935556175,1.8695955361080192,-0.7644812161876393,-0.46131049788518874,-0.40607334840981835,,-1.2900439129748331,0.33306602339955466,0.20405030519000003,1.0153187063520668,0.5394409010739589,-0.7875842805718452,0.3621337946196971,,-0.032535118918739295,-0.08714647121364187,0.07824560327999999,-0.058221254136848435,,-5.2873045e-05,1.3709068e-06,-5.722046e-06,1.0,3.216043e-05,2.6900321e-05,-3.2156706e-05,0.99999994,2.503395e-06,-2.6904047e-05,-2.4735928e-06,1.0,105,0.317,0,0,0.0,False,-0.25910352528289105,0.5371654966871136
0.32111823197919875,10:21:09.086816,10:20:03.098733,0,,0.09887481,0.023406163,0.0386319,-0.31665745,0.4446794,-0.83784735,-0.056036323,0.8729894,0.48450923,0.94688314,0.20037317,-0.2515205,,0.05767507,0.018693268,0.027296841,-0.1767228,-0.38816142,0.9044887,-0.3382601,0.88693136,0.31453604,-0.9243101,-0.25036684,-0.28804046,,0.077464566,1.3301746,0.45620677,0.99824977,0.036690403,-0.046381548,-0.00161455,-0.76707846,-0.6415513,-0.05911706,0.6405033,-0.7656766,,-0.055119388,0.27100003,-0.08376,0.23684405,-0.4933254,0.8369796,0.57418144,0.76601744,0.28902066,-0.7837222,0.41212535,0.46468496,,0.007242352,0.4562839,-0.29817632,0.32578623,0.38524783,-0.863393,-0.8535221,0.512631,-0.09332457,0.4066489,0.76732886,0.49582565,,1.2321002482195267,0.35048850876380516,0.18938148755,1.8748377846951323,-0.7651643986864665,-0.454709181596305,-0.4057466602775497,,-1.2900670811734558,0.3330583006666804,0.20405030519000003,1.0153187063520668,0.5394409010739589,-0.7875026018317046,0.36229713868583135,,-0.032535118918739295,-0.08714647121364187,0.07824560327999999,-0.058221254136848435,,-5.2873045e-05,1.3709068e-06,-5.722046e-06,1.0,3.216043e-05,2.6900321e-05,-3.2156706e-05,0.99999994,2.503395e-06,-2.6904047e-05,-2.4735928e-06,1.0,117,0.354,0,0,0.0,False,-0.2590439475643693,0.5369240956832164
0.36897264199797064,10:21:09.119520,10:20:03.098733,0,,0.10001706,0.02457942,0.038992956,-0.3191385,0.45433372,-0.8317039,-0.059889972,0.86617243,0.49614352,0.9458138,0.20814905,-0.24921903,,0.057683006,0.018688574,0.0272941,-0.17670108,-0.38835394,0.90441024,-0.33828178,0.88685644,0.31472382,-0.92430615,-0.2503336,-0.2880816,,0.077464566,1.3301746,0.45620677,0.99824977,0.036690403,-0.046381548,-0.00161455,-0.76707846,-0.6415513,-0.05911706,0.6405033,-0.7656766,,-0.056332458,0.27204144,-0.08325443,0.23955332,-0.5033374,0.8302203,0.5707277,0.7647747,0.2989809,-0.7854197,0.40220785,0.4704729,,0.007235114,0.4562776,-0.298177,0.32576507,0.3854361,-0.86331695,-0.85353786,0.5126259,-0.09320834,0.40663275,0.7672377,0.4959799,,1.2298915466174984,0.3593310379047922,0.18965630103000003,1.8781928237908847,-0.7661208541848247,-0.4496819617831207,-0.406073348409818,,-1.2900825266392044,0.3330119642694351,0.20405160148,1.0153187063520668,0.5394409010739589,-0.7872575656112829,0.36180710648742853,,-0.032535118918739295,-0.08714647121364187,0.07824560327999999,-0.058221254136848435,,-5.2873045e-05,1.3709068e-06,-5.722046e-06,1.0,3.216043e-05,2.6900321e-05,-3.2156706e-05,0.99999994,2.503395e-06,-2.6904047e-05,-2.4735928e-06,1.0,125,0.378,0,0,0.0,False,-0.259282258438454,0.537020656084775
0.40170347795356065,10:21:09.149892,10:20:03.098733,0,,0.10044159,0.025103718,0.038982287,-0.3205978,0.4577539,-0.82926375,-0.061188668,0.8636383,0.5003845,0.9452369,0.21116355,-0.24887133,,0.057688184,0.018681332,0.027292013,-0.17669146,-0.3883289,0.9044229,-0.3383108,0.88685644,0.31469283,-0.92429745,-0.2503725,-0.2880758,,0.077464566,1.3301746,0.45620677,0.99824977,0.036690403,-0.046381548,-0.00161455,-0.76707846,-0.6415513,-0.05911706,0.6405033,-0.7656766,,-0.05677436,0.27240655,-0.08289857,0.24110521,-0.5069018,0.8275982,0.56948054,0.7644042,0.30228814,-0.78585,0.39841786,0.47297257,,0.0072305985,0.45627028,-0.29818016,0.32575545,0.3854172,-0.863329,-0.85355383,0.5125958,-0.09322815,0.40660706,0.76726735,0.49595517,,1.228841254946604,0.3625977539105892,0.18992463306000001,1.8790315835648228,-0.76625749068459,-0.447610254116051,-0.40591000434368396,,-1.2900825266392044,0.33296562787218975,0.20405030519000003,1.0153187063520668,0.5394409010739589,-0.7872575656112829,0.36180710648742853,,-0.032535118918739295,-0.08714647121364187,0.07824560327999999,-0.058221254136848435,,-5.2873045e-05,1.3709068e-06,-5.722046e-06,1.0,3.216043e-05,2.6900321e-05,-3.2156706e-05,0.99999994,2.503395e-06,-2.6904047e-05,-2.4735928e-06,1.0,137,0.415,0,0,0.0,False,-0.25910352528289105,0.5368758154824369
0.4320656410418451,10:21:09.179603,10:20:03.098733,0,,0.10092357,0.025735885,0.03888102,-0.3223317,0.46257758,-0.82590806,-0.06327453,0.8599953,0.5063638,0.9445096,0.21547592,-0.24793445,,0.0576891,0.018680215,0.027291477,-0.17668988,-0.388177,0.9044884,-0.3383156,0.8869078,0.31454283,-0.924296,-0.25042608,-0.28803396,,0.077464566,1.3301746,0.45620677,0.99824977,0.036690403,-0.046381548,-0.00161455,-0.76707846,-0.6415513,-0.05911706,0.6405033,-0.7656766,,-0.0572699,0.27279407,-0.08240214,0.24297354,-0.5119315,0.8239478,0.567551,0.763866,0.30723694,-0.78667,0.39298198,0.4761465,,0.00722982,0.456269,-0.2981805,0.32575384,0.385273,-0.86339396,-0.85355645,0.5125755,-0.093315184,0.40660277,0.7673533,0.4958257,,1.2274434402963694,0.36621971562860045,0.19032518667,1.8794509634517917,-0.7670773096831827,-0.44342956086782814,-0.4062366924759525,,-1.2900825266392044,0.3329579051393155,0.20405030519000003,1.0153187063520668,0.5394409010739589,-0.7874209230915641,0.36180710648742853,,-0.032535118918739295,-0.08714647121364187,0.07824560327999999,-0.058221254136848435,,-5.2873045e-05,1.3709068e-06,-5.722046e-06,1.0,3.216043e-05,2.6900321e-05,-3.2156706e-05,0.99999994,2.503395e-06,-2.6904047e-05,-2.4735928e-06,1.0,148,0.448,0,0,0.0,False,-0.25910352528289105,0.5374551778917902
0.4617810830241069,10:21:09.219099,10:20:03.288234,0,,0.10150544,0.026506796,0.03859313,-0.32359177,0.4679943,-0.82235616,-0.0670903,0.85558146,0.51330215,0.9438151,0.22127235,-0.24546133,,0.057691358,0.018675253,0.027290165,-0.17685568,-0.38782507,0.9046069,-0.33826113,0.8870605,0.31417063,-0.9242842,-0.25043058,-0.28806782,,0.077464566,1.3301746,0.45620677,0.99824977,0.036690403,-0.046381548,-0.00161455,-0.76707846,-0.6415513,-0.05911706,0.6405033,-0.7656766,,-0.057854343,0.27316448,-0.08166932,0.24443382,-0.5176483,0.81993437,0.5642591,0.76360667,0.3138735,-0.7885834,0.3859341,0.47873905,,0.0072279787,0.4562643,-0.29818285,0.32591373,0.38491985,-0.8634911,-0.8534875,0.51263475,-0.09361993,0.4066194,0.7674909,0.49559897,,1.2252347386943412,0.370158309394455,0.19095129474000003,1.8798703433387607,-0.7702199491777878,-0.43817155065817187,-0.4067267246743552,,-1.2900748039063301,0.3329347369406928,0.20404900890000002,1.0155283962955515,0.5394409010739589,-0.7876659593119857,0.36229713868583147,,-0.032535118918739295,-0.08714647121364187,0.07824560327999999,-0.058221254136848435,,-5.2873045e-05,1.3709068e-06,-5.722046e-06,1.0,3.216043e-05,2.6900321e-05,-3.2156706e-05,0.99999994,2.503395e-06,-2.6904047e-05,-2.4735928e-06,1.0,160,0.485,0,0,0.0,False,-0.2588652144088064,0.5378414194980259
0.5012854590313509,10:21:09.256193,10:20:03.288234,0,,0.10217573,0.027307555,0.038223907,-0.3263055,0.47409153,-0.81777865,-0.07233423,0.850072,0.52167535,0.9424926,0.22937876,-0.24309018,,0.05769117,0.018674284,0.02728939,-0.17702629,-0.38763338,0.9046558,-0.33819216,0.88716173,0.3139588,-0.9242768,-0.2503686,-0.2881455,,0.077464566,1.3301746,0.45620677,0.99824977,0.036690403,-0.046381548,-0.00161455,-0.76707846,-0.6415513,-0.05911706,0.6405033,-0.7656766,,-0.058521044,0.2734999,-0.0808509,0.24744968,-0.5241971,0.8148534,0.559587,0.7638822,0.32147524,-0.7909684,0.37643245,0.48235628,,0.0072283167,0.4562631,-0.298183,0.32607841,0.38471717,-0.8635193,-0.85341054,0.5127243,-0.09383106,0.40664887,0.76753277,0.49550998,,1.2223850502637523,0.3743131396807878,0.19164869876,1.8779831338474002,-0.7741824076709856,-0.4297129920819797,-0.4064000365420867,,-1.2900670811734558,0.3329347369406928,0.20404900890000002,1.015738086239036,0.5394409010739589,-0.7877476380521262,0.36246048275196563,,-0.032535118918739295,-0.08714647121364187,0.07824560327999999,-0.058221254136848435,,-5.2873045e-05,1.3709068e-06,-5.722046e-06,1.0,3.216043e-05,2.6900321e-05,-3.2156706e-05,0.99999994,2.503395e-06,-2.6904047e-05,-2.4735928e-06,1.0,168,0.509,0,0,0.0,False,-0.259282258438454,0.5379862601003644
0.538353577023372,10:21:09.280983,10:20:03.288234,0,,0.102816,0.027943194,0.037966564,-0.32826862,0.47981718,-0.8136431,-0.076206595,0.8451161,0.5291231,0.9415052,0.23569936,-0.24085997,,0.057691343,0.018675938,0.027290642,-0.17702183,-0.38770935,0.9046241,-0.33818373,0.8871372,0.31403714,-0.92428076,-0.25033787,-0.28815967,,0.077464566,1.3301746,0.45620677,0.99824977,0.036690403,-0.046381548,-0.00161455,-0.76707846,-0.6415513,-0.05911706,0.6405033,-0.7656766,,-0.059161037,0.27377945,-0.08022444,0.24963702,-0.53024524,0.81026006,0.55612683,0.7635034,0.32830712,-0.79271954,0.36864975,0.4854823,,0.0072278916,0.45626512,-0.29818273,0.32607427,0.38478863,-0.86348903,-0.8534078,0.512738,-0.093780674,0.4066579,0.76748776,0.4955723,,1.2197129846892707,0.3779737150631702,0.19216073331000003,1.877563753960431,-0.7774616836653562,-0.4229550253862374,-0.407706789071161,,-1.2900748039063301,0.33294245967356706,0.20404900890000002,1.015738086239036,0.5394409010739589,-0.7876659593119857,0.3626238268180999,,-0.032535118918739295,-0.08714647121364187,0.07824560327999999,-0.058221254136848435,,-5.2873045e-05,1.3709068e-06,-5.722046e-06,1.0,3.216043e-05,2.6900321e-05,-3.2156706e-05,0.99999994,2.503395e-06,-2.6904047e-05,-2.4735928e-06,1.0,176,0.533,0,0,0.0,False,-0.2586269035347226,0.5382276611042616
0.563103724969551,10:21:09.309334,10:20:03.288234,0,,0.103340864,0.028410077,0.037805513,-0.32831267,0.48560646,-0.81018335,-0.077994645,0.8408619,0.53560054,0.9413434,0.23903427,-0.23819104,,0.057691343,0.018675938,0.027290642,-0.17702183,-0.38770935,0.9046241,-0.33818373,0.8871372,0.31403714,-0.92428076,-0.25033787,-0.28815967,,0.077464566,1.3301746,0.45620677,0.99824977,0.036690403,-0.046381548,-0.00161455,-0.76707846,-0.6415513,-0.05911706,0.6405033,-0.7656766,,-0.059687834,0.27399772,-0.0797837,0.24976334,-0.53612965,0.80633944,0.5546409,0.76179975,0.3347157,-0.7937202,0.36362913,0.4876291,,0.0072278916,0.45626512,-0.29818273,0.32607427,0.38478863,-0.86348903,-0.8534078,0.512738,-0.093780674,0.4066579,0.76748776,0.4955723,,1.217596955881733,0.3807925125622621,0.19250943532,1.8800800332822456,-0.779921140661134,-0.41874417713590684,-0.40525662807914675,,-1.2900748039063301,0.33294245967356706,0.20404900890000002,1.015738086239036,0.5394409010739589,-0.7876659593119857,0.3626238268180999,,-0.032535118918739295,-0.08714647121364187,0.07824560327999999,-0.058221254136848435,,-5.2873045e-05,1.3709068e-06,-5.722046e-06,1.0,3.216043e-05,2.6900321e-05,-3.2156706e-05,0.99999994,2.503395e-06,-2.6904047e-05,-2.4735928e-06,1.0,191,0.58,0,0,0.0,False,-0.2586269035347226,0.5381311007027025
0.5914625379955396,10:21:09.348854,10:20:03.288234,0,,0.10445031,0.029304996,0.037451833,-0.32984075,0.50036854,-0.80052245,-0.07938823,0.83027256,0.5516744,0.9406925,0.24551666,-0.23413448,,0.057692252,0.018674865,0.027290165,-0.17702022,-0.3876313,0.90465784,-0.33818862,0.8871629,0.3139595,-0.92427933,-0.25036782,-0.28813824,,0.077464566,1.3301746,0.45620677,0.99824977,0.036690403,-0.046381548,-0.00161455,-0.76707846,-0.6415513,-0.05911706,0.6405033,-0.7656766,,-0.060796715,0.27437937,-0.07889964,0.25139368,-0.5509721,0.79575807,0.5532795,0.7563941,0.3489265,-0.79415554,0.35255873,0.49499428,,0.0072271125,0.45626387,-0.29818302,0.32607266,0.38471493,-0.86352247,-0.8534105,0.51272535,-0.093825854,0.40665364,0.7675332,0.49550548,,1.2130096525544438,0.3863683256974522,0.19318609870000003,1.8853222818693585,-0.7825172341566774,-0.40674410940866684,-0.40656338060822106,,-1.2900748039063301,0.3329347369406928,0.20404900890000002,1.015738086239036,0.5394409010739589,-0.7877476380521263,0.3627871708842343,,-0.032535118918739295,-0.08714647121364187,0.07824560327999999,-0.058221254136848435,,-5.2873045e-05,1.3709068e-06,-5.722046e-06,1.0,3.216043e-05,2.6900321e-05,-3.2156706e-05,0.99999994,2.503395e-06,-2.6904047e-05,-2.4735928e-06,1.0,203,0.616,0,0,0.0,False,-0.2589843698458485,0.5383725017066001
0.6310314310248941,10:21:09.383328,10:20:03.288234,0,,0.10554302,0.030066252,0.037110284,-0.32760882,0.5152389,-0.79196036,-0.08101332,0.8198127,0.56687194,0.9413338,0.2498714,-0.22683674,,0.05761058,0.01866141,0.027278155,-0.17705761,-0.38752142,0.90469754,-0.33825347,0.887187,0.31382155,-0.92424834,-0.25045273,-0.28816372,,0.07747573,1.330172,0.45619965,0.9982497,0.036683377,-0.046387427,-0.0016236961,-0.76707876,-0.6415509,-0.05911706,0.6405033,-0.7656766,,-0.06189492,0.27466866,-0.07811621,0.24917853,-0.56573904,0.7860339,0.55222976,0.7497554,0.3645671,-0.79558307,0.34322903,0.49924088,,0.0073000323,0.45625868,-0.29819733,0.32610404,0.38462615,-0.8635502,-0.85343266,0.51266736,-0.093940765,0.4065819,0.7676164,0.49543542,,1.2083837355627833,0.3911950337438425,0.19378887355000002,1.8945486393826774,-0.7877094211477642,-0.3975278259196284,-0.40656338060822106,,-1.2900670811734558,0.3329270142078186,0.20404771261000001,1.015738086239036,0.5393042645741934,-0.787799577628711,0.36311385901650284,,-0.032535118918739295,-0.08714647121364187,0.07824560327999999,-0.058221254136848435,,-4.1309744e-05,-7.1525574e-07,9.536743e-07,0.99999994,2.5149435e-05,2.1032989e-05,-2.5138259e-05,0.99999994,1.937151e-06,-2.1032989e-05,-1.9669533e-06,1.0,211,0.64,0,0,0.0,False,-0.2589843698458485,0.5377931392972464
0.6654982239706442,10:21:09.417905,10:20:03.479646,0,,0.106334865,0.0305444,0.036846966,-0.32447478,0.5270975,-0.7854198,-0.07647288,0.81300986,0.57720596,0.9427979,0.24735194,-0.22349265,,0.05762361,0.018655747,0.027277201,-0.1771531,-0.38783154,0.90454584,-0.3386104,0.88699156,0.31398895,-0.9240993,-0.2506647,-0.28845719,,0.07747573,1.330172,0.45619965,0.9982497,0.036683377,-0.046387427,-0.0016236961,-0.76707876,-0.6415509,-0.05911706,0.6405033,-0.7656766,,-0.06267927,0.27480957,-0.077577725,0.24575923,-0.5770701,0.7788405,0.55640894,0.7419108,0.37413558,-0.79373264,0.34140652,0.5034184,,0.0072875274,0.45625228,-0.29819953,0.3261905,0.38497198,-0.8633634,-0.8535724,0.5124232,-0.09400289,0.40621895,0.7676061,0.49574906,,1.2049548421666276,0.39422234503053855,0.19417257539000002,1.9073397259352334,-0.7877094211477642,-0.3957308936365359,-0.4068900687404895,,-1.2901211403035755,0.33287295507769904,0.20404641632,1.015738086239036,0.5388943550748971,-0.7874653239176217,0.36311385901650284,,-0.032535118918739295,-0.08714647121364187,0.07824560327999999,-0.058221254136848435,,-4.1309744e-05,-7.1525574e-07,9.536743e-07,0.99999994,2.5149435e-05,2.1032989e-05,-2.5138259e-05,0.99999994,1.937151e-06,-2.1032989e-05,-1.9669533e-06,1.0,223,0.677,0,0,0.0,False,-0.25922268071993226,0.5379862601003644
0.700081549002789,10:21:09.450172,10:20:03.479646,0,,0.10695804,0.030897051,0.03655705,-0.32569733,0.5305118,-0.78261,-0.07424924,0.8108355,0.58054525,0.94255406,0.24719015,-0.22469693,,0.05763589,0.018653348,0.02727732,-0.17710721,-0.38779408,0.9045709,-0.33861777,0.8869982,0.31396216,-0.92410547,-0.25069895,-0.28840786,,0.07747573,1.330172,0.45619965,0.9982497,0.036683377,-0.046387427,-0.0016236961,-0.76707876,-0.6415509,-0.05911706,0.6405033,-0.7656766,,-0.063288584,0.27485043,-0.07710464,0.24691178,-0.5803722,0.7760172,0.5580854,0.7398366,0.3757426,-0.79219645,0.34030858,0.5065716,,0.0072754743,0.45624903,-0.29820037,0.3261464,0.38493982,-0.8633944,-0.8535879,0.5123995,-0.09399142,0.4062218,0.767638,0.49569723,,1.2019506990785542,0.3964851057626863,0.19451738853000003,1.9117432147484084,-0.7870262386489371,-0.396287983155018,-0.4068900687404895,,-1.2901674767008209,0.3328266186804537,0.20404771261000001,1.015738086239036,0.5388943550748971,-0.7874653239176217,0.36311385901650284,,-0.032535118918739295,-0.08714647121364187,0.07824560327999999,-0.058221254136848435,,-4.1309744e-05,-7.1525574e-07,9.536743e-07,0.99999994,2.5149435e-05,2.1032989e-05,-2.5138259e-05,0.99999994,1.937151e-06,-2.1032989e-05,-1.9669533e-06,1.0,238,0.723,0,0,0.0,False,-0.2593418361569748,0.5387587433128354
0.7323573180474341,10:21:09.491174,10:20:03.479646,0,,0.10755324,0.031207979,0.036200926,-0.32741806,0.53297323,-0.7802159,-0.07333982,0.80890447,0.5833478,0.94202894,0.24821937,-0.22576192,,0.05764597,0.01864396,0.027275115,-0.17708078,-0.3879741,0.9044989,-0.3386539,0.8869234,0.31413442,-0.92409736,-0.25068504,-0.28844607,,0.07747573,1.330172,0.45619965,0.9982497,0.036683377,-0.046387427,-0.0016236961,-0.76707876,-0.6415509,-0.05911706,0.6405033,-0.7656766,,-0.06386282,0.2748199,-0.07660756,0.24863476,-0.58283633,0.77361655,0.5586071,0.73877466,0.37705445,-0.7912893,0.33839887,0.5092616,,0.0072662155,0.45623946,-0.29820454,0.32612047,0.3851186,-0.86332446,-0.85361165,0.51237947,-0.09388515,0.4061928,0.7675617,0.49583915,,1.1987689331343738,0.39837717531687133,0.19489590521000003,1.9142594940702229,-0.7874361481482333,-0.3958720507037883,-0.40672672467435533,,-1.2901829221665693,0.3327571140845857,0.20404641632,1.015738086239036,0.5388943550748971,-0.7872202876972001,0.363277203082637,,-0.032535118918739295,-0.08714647121364187,0.07824560327999999,-0.058221254136848435,,-4.1309744e-05,-7.1525574e-07,9.536743e-07,0.99999994,2.5149435e-05,2.1032989e-05,-2.5138259e-05,0.99999994,1.937151e-06,-2.1032989e-05,-1.9669533e-06,1.0,246,0.747,0,0,0.0,False,-0.2589843698458485,0.5386621829112763
0.7732799149816856,10:21:09.519775,10:20:03.479646,0,,0.10779499,0.031292588,0.03600909,-0.32855636,0.5330032,-0.7797167,-0.07604188,0.80793947,0.58433837,0.9414183,0.2512791,-0.22492316,,0.057653606,0.01863274,0.027272433,-0.17706636,-0.38793665,0.9045177,-0.33869725,0.8869233,0.31408796,-0.9240842,-0.2507434,-0.28843743,,0.07747573,1.330172,0.45619965,0.9982497,0.036683377,-0.046387427,-0.0016236961,-0.76707876,-0.6415509,-0.05911706,0.6405033,-0.7656766,,-0.064090446,0.27474567,-0.07639525,0.24992384,-0.58308953,0.77301013,0.5562222,0.7399335,0.37830588,-0.7925623,0.33541772,0.50925434,,0.007259522,0.45622858,-0.2982099,0.326106,0.3850903,-0.8633425,-0.8536355,0.5123343,-0.09391487,0.4061543,0.767606,0.49580202,,1.1971394364979124,0.3989332120838155,0.19507349694,1.9123722845788622,-0.7903055146433074,-0.3935322747261635,-0.40672672467435533,,-1.2901829221665693,0.3326876094887177,0.20404382374000002,1.015738086239036,0.5388943550748971,-0.7872202876972001,0.363277203082637,,-0.032535118918739295,-0.08714647121364187,0.07824560327999999,-0.058221254136848435,,-4.1309744e-05,-7.1525574e-07,9.536743e-07,0.99999994,2.5149435e-05,2.1032989e-05,-2.5138259e-05,0.99999994,1.937151e-06,-2.1032989e-05,-1.9669533e-06,1.0,254,0.772,0,0,0.0,False,-0.2593418361569748,0.5389518641159534
0.8019611269701272,10:21:09.543444,10:20:03.479646,0,,0.10789156,0.031247884,0.035880044,-0.3286683,0.53280276,-0.77980655,-0.07699129,0.8078134,0.5843884,0.94130194,0.25210816,-0.22448155,,0.057663172,0.01861836,0.027266413,-0.17705318,-0.38788876,0.9045409,-0.33875865,0.886922,0.31402534,-0.92406416,-0.250822,-0.28843313,,0.07747573,1.330172,0.45619965,0.9982497,0.036683377,-0.046387427,-0.0016236961,-0.76707876,-0.6415509,-0.05911706,0.6405033,-0.7656766,,-0.06417389,0.27462232,-0.07631911,0.25008166,-0.58295566,0.7730601,0.5554216,0.74037004,0.37862796,-0.7930738,0.33468634,0.5089391,,0.0072515397,0.4562129,-0.2982149,0.32609248,0.3850547,-0.8633635,-0.8536674,0.512273,-0.0939597,0.4060982,0.7676648,0.495757,,1.1961818176215084,0.3987169755633372,0.19513312628,1.911952904691893,-0.7919451526404928,-0.39293036854307145,-0.40721675687275805,,-1.290175199433695,0.33259493669422696,0.20404252745,1.015738086239036,0.5388943550748971,-0.7872202876972001,0.363277203082637,,-0.032535118918739295,-0.08714647121364187,0.07824560327999999,-0.058221254136848435,,-4.1309744e-05,-7.1525574e-07,9.536743e-07,0.99999994,2.5149435e-05,2.1032989e-05,-2.5138259e-05,0.99999994,1.937151e-06,-2.1032989e-05,-1.9669533e-06,1.0,262,0.796,0,0,0.0,False,-0.2585077480976805,0.5385173423089382
0.8256077719852328,10:21:09.572204,10:20:03.637132,0,,0.10782839,0.031090051,0.035739496,-0.3286463,0.5295251,-0.7820451,-0.07598168,0.81053233,0.5807444,0.9413917,0.25028044,-0.2261444,,0.057668634,0.018605977,0.0272623,-0.17705086,-0.38785544,0.9045557,-0.33880925,0.8869196,0.3139775,-0.9240461,-0.2508819,-0.28843898,,0.07747573,1.330172,0.45619965,0.9982497,0.036683377,-0.046387427,-0.0016236961,-0.76707876,-0.6415509,-0.05911706,0.6405033,-0.7656766,,-0.06409297,0.27441725,-0.07631188,0.25001335,-0.5796412,0.7755704,0.5562599,0.74161327,0.37494627,-0.7925076,0.33767712,0.5078444,,0.007247255,0.4562005,-0.29822022,0.32608953,0.3850308,-0.8633753,-0.85369134,0.5122257,-0.093999825,0.40605018,0.76770836,0.49572888,,1.1958111264435458,0.3975894565637004,0.19513831144000002,1.911952904691893,-0.7918085161407274,-0.39671732975309315,-0.4073801009388923,,-1.2901597539679466,0.33252543209835894,0.20403993487000002,1.015738086239036,0.5388943550748971,-0.7872202876972001,0.363277203082637,,-0.032535118918739295,-0.08714647121364187,0.07824560327999999,-0.058221254136848435,,-4.1309744e-05,-7.1525574e-07,9.536743e-07,0.99999994,2.5149435e-05,2.1032989e-05,-2.5138259e-05,0.99999994,1.937151e-06,-2.1032989e-05,-1.9669533e-06,1.0,285,0.866,0,0,0.0,False,-0.25826943722359585,0.5379379798995849
0.8543190249474719,10:21:09.634881,10:20:03.637132,0,,0.107227415,0.030332148,0.035406604,-0.32307974,0.5267629,-0.7862189,-0.074445575,0.81405115,0.5760022,0.943439,0.24462503,-0.2237884,,0.057681523,0.018589333,0.027260572,-0.17685178,-0.38813445,0.9044749,-0.33894217,0.88676786,0.31426263,-0.92403543,-0.2509869,-0.2883817,,0.07747573,1.330172,0.45619965,0.9982497,0.036683377,-0.046387427,-0.0016236961,-0.76707876,-0.6415509,-0.05911706,0.6405033,-0.7656766,,-0.063437186,0.27367088,-0.07655535,0.24423787,-0.57654494,0.7797075,0.5582674,0.7410444,0.37308267,-0.7928968,0.3441644,0.5028574,,0.0072354423,0.45618573,-0.29822958,0.32589656,0.38532817,-0.86331546,-0.8538053,0.51208216,-0.09374618,0.40596542,0.7676549,0.49588108,,1.1962590449502508,0.39204453436000725,0.19498664551000003,1.9146788739571918,-0.795087792135098,-0.4004959205354834,-0.4062366924759525,,-1.290175199433695,0.3324173138381198,0.20403474971000002,1.0155283962955515,0.5388943550748971,-0.7869752514767784,0.3631138590165027,,-0.032535118918739295,-0.08714647121364187,0.07824560327999999,-0.058221254136848435,,-4.1309744e-05,-7.1525574e-07,9.536743e-07,0.99999994,2.5149435e-05,2.1032989e-05,-2.5138259e-05,0.99999994,1.937151e-06,-2.1032989e-05,-1.9669533e-06,1.0,293,0.891,0,0,0.0,True,-0.2580311263495121,0.5372620570886721
0.9170663109980524,10:21:09.664253,10:20:03.637132,0,,0.1069235,0.029928848,0.03528808,-0.3211751,0.5259491,-0.78754294,-0.07341233,0.8152716,0.57440627,0.9441701,0.2423003,-0.2232339,,0.05768375,0.018584952,0.027258903,-0.17689668,-0.38823983,0.90442085,-0.3390727,0.88670003,0.31431323,-0.9239789,-0.25106356,-0.2884959,,0.07747573,1.330172,0.45619965,0.9982497,0.036683377,-0.046387427,-0.0016236961,-0.76707876,-0.6415509,-0.05911706,0.6405033,-0.7656766,,-0.06310902,0.273309,-0.076729745,0.24223964,-0.57558376,0.7810399,0.5593676,0.7406083,0.37229994,-0.79273444,0.34670258,0.50136757,,0.0072336695,0.45618114,-0.29823127,0.32593775,0.38544646,-0.86324716,-0.85385376,0.51199496,-0.093781404,0.40583044,0.7676537,0.49599338,,1.1965911224638424,0.3893338551211544,0.19485701651,1.915098253844161,-0.7959076111336906,-0.4008892367351322,-0.4064000365420868,,-1.290175199433695,0.3323941456394971,0.20403345342,1.0155283962955515,0.5387577185751317,-0.7868638335730819,0.3631138590165027,,-0.032535118918739295,-0.08714647121364187,0.07824560327999999,-0.058221254136848435,,-4.1309744e-05,-7.1525574e-07,9.536743e-07,0.99999994,2.5149435e-05,2.1032989e-05,-2.5138259e-05,0.99999994,1.937151e-06,-2.1032989e-05,-1.9669533e-06,1.0,305,0.927,0,0,0.0,True,-0.25826943722359585,0.5369723758839955
0.9463926600292325,10:21:09.695155,10:20:03.760799,0,,0.106372714,0.029178321,0.035078973,-0.31897116,0.5241428,-0.7896402,-0.07154223,0.81746805,0.5715133,0.9450603,0.23878878,-0.2232505,,0.057686947,0.018584028,0.027264565,-0.17655002,-0.38755193,0.90478355,-0.33827785,0.8871219,0.31397882,-0.92433655,-0.25063536,-0.2877217,,0.07747573,1.330172,0.45619965,0.9982497,0.036683377,-0.046387427,-0.0016236961,-0.76707876,-0.6415509,-0.05911706,0.6405033,-0.7656766,,-0.062514015,0.27264145,-0.07706253,0.23989773,-0.5735708,0.7832405,0.56119215,0.74027175,0.3702177,-0.7921568,0.35073403,0.49947292,,0.007229702,0.456184,-0.2982357,0.32561663,0.3846861,-0.86370736,-0.853578,0.51249945,-0.093536,0.40666756,0.7676984,0.49523792,,1.1971703274294092,0.3844144742802734,0.19460423996,1.9142594940702229,-0.7967274301322832,-0.4005474442735161,-0.4064000365420868,,-1.2901674767008209,0.33237097744087446,0.20403345342,1.0155283962955515,0.5397141740734898,-0.7874804014186758,0.3621337946196971,,-0.032535118918739295,-0.08714647121364187,0.07824560327999999,-0.058221254136848435,,-4.1309744e-05,-7.1525574e-07,9.536743e-07,0.99999994,2.5149435e-05,2.1032989e-05,-2.5138259e-05,0.99999994,1.937151e-06,-2.1032989e-05,-1.9669533e-06,1.0,313,0.951,0,0,0.0,True,-0.2585077480976805,0.5319512350029321
0.9773330859607086,10:21:09.720707,10:20:03.760799,0,,0.10581217,0.028467774,0.034797683,-0.31670436,0.52189505,-0.79203767,-0.070002496,0.8198835,0.56823456,0.9459376,0.2354069,-0.22312686,,0.057685852,0.018583506,0.02726385,-0.17655604,-0.3876279,0.9047499,-0.3382814,0.8870952,0.3140506,-0.9243341,-0.25061262,-0.2877494,,0.07747573,1.330172,0.45619965,0.9982497,0.036683377,-0.046387427,-0.0016236961,-0.76707876,-0.6415509,-0.05911706,0.6405033,-0.7656766,,-0.0619047,0.2719607,-0.07731458,0.23750708,-0.57113785,0.78574294,0.5627468,0.7402229,0.3679485,-0.7917742,0.35478395,0.4972142,,0.0072309063,0.45618325,-0.29823568,0.32562235,0.38475886,-0.8636728,-0.85357803,0.51250607,-0.09349935,0.40666282,0.7676576,0.49530515,,1.197672305066234,0.37941786611065015,0.19443961113000002,1.9132110443528,-0.7979571586301722,-0.4004431492817945,-0.4062366924759526,,-1.2901597539679466,0.33237097744087446,0.20403345342,1.0155283962955515,0.5397141740734898,-0.7873987226785353,0.36229713868583135,,-0.032535118918739295,-0.08714647121364187,0.07824560327999999,-0.058221254136848435,,-4.1309744e-05,-7.1525574e-07,9.536743e-07,0.99999994,2.5149435e-05,2.1032989e-05,-2.5138259e-05,0.99999994,1.937151e-06,-2.1032989e-05,-1.9669533e-06,1.0,321,0.976,0,0,0.0,True,-0.2583290149421176,0.5268818139210887
1.0028758420376107,10:21:09.751176,10:20:03.760799,0,,0.10539053,0.027954891,0.03451927,-0.31481135,0.5205166,-0.7936978,-0.06809816,0.82167435,0.56587434,0.9467082,0.23219284,-0.22322631,,0.057686746,0.018583119,0.02726379,-0.17672056,-0.38750798,0.9047691,-0.33820882,0.887172,0.31391189,-0.9243292,-0.25052628,-0.2878402,,0.07747573,1.330172,0.45619965,0.9982497,0.036683377,-0.046387427,-0.0016236961,-0.76707876,-0.6415509,-0.05911706,0.6405033,-0.7656766,,-0.061441503,0.2714237,-0.07743868,0.23548357,-0.56956065,0.7874949,0.5645492,0.7397214,0.36619177,-0.79109526,0.35834745,0.49573722,,0.00723004,0.45618284,-0.29823586,0.32578126,0.38462445,-0.86367273,-0.853501,0.5126043,-0.093663365,0.40669712,0.7676593,0.49527425,,1.1979426007168317,0.37554105420778944,0.19437998179000002,1.9132110443528,-0.7985037046292339,-0.40073258632827374,-0.4060733484098181,,-1.2901597539679466,0.33237097744087446,0.20403345342,1.015738086239036,0.5397141740734898,-0.7873987226785353,0.36229713868583135,,-0.032535118918739295,-0.08714647121364187,0.07824560327999999,-0.058221254136848435,,-4.1309744e-05,-7.1525574e-07,9.536743e-07,0.99999994,2.5149435e-05,2.1032989e-05,-2.5138259e-05,0.99999994,1.937151e-06,-2.1032989e-05,-1.9669533e-06,1.0,337,1.025,0,0,0.0,True,-0.25815028178655464,0.5294889447631794
1.0333620780147612,10:21:09.786274,10:20:03.760799,0,,0.10519853,0.027695626,0.034379438,-0.31410092,0.51985,-0.7944158,-0.06690121,0.82256496,0.56472206,0.9470294,0.23052695,-0.22358993,,0.057689473,0.018580511,0.027262717,-0.17688182,-0.3873797,0.9047925,-0.33814588,0.8872487,0.3137629,-0.9243214,-0.25045297,-0.28792912,,0.07747573,1.330172,0.45619965,0.9982497,0.036683377,-0.046387427,-0.0016236961,-0.76707876,-0.6415509,-0.05911706,0.6405033,-0.7656766,,-0.06122849,0.27115104,-0.07750125,0.23470294,-0.5687894,0.78828496,0.5656201,0.7394283,0.3651297,-0.79056203,0.36017284,0.49526474,,0.007227617,0.4561799,-0.2982367,0.32593694,0.38448372,-0.86367667,-0.8534293,0.5126925,-0.093833975,0.4067229,0.7676709,0.49523512,,1.197988937114077,0.37364898465360447,0.19434498196000002,1.9132110443528,-0.7985037046292339,-0.4008959438085549,-0.4064000365420869,,-1.2901597539679466,0.332355531975126,0.20403345342,1.0159477761825206,0.5397141740734898,-0.7873987226785353,0.36229713868583135,,-0.032535118918739295,-0.08714647121364187,0.07824560327999999,-0.058221254136848435,,-4.1309744e-05,-7.1525574e-07,9.536743e-07,0.99999994,2.5149435e-05,2.1032989e-05,-2.5138259e-05,0.99999994,1.937151e-06,-2.1032989e-05,-1.9669533e-06,1.0,345,1.05,0,0,0.0,True,-0.2596993024681016,0.5407865117455728
