Task Time,PC1 Time,PC2 Time,Gaze Calib,s_T_psm1,Tx,Ty,Tz,R00,R01,R02,R10,R11,R12,R20,R21,R22,s_T_psm3,Tx,Ty,Tz,R00,R01,R02,R10,R11,R12,R20,R21,R22,cart_T_ecm,Tx,Ty,Tz,R00,R01,R02,R10,R11,R12,R20,R21,R22,ecm_T_psm1,Tx,Ty,Tz,R00,R01,R02,R10,R11,R12,R20,R21,R22,ecm_T_psm3,Tx,Ty,Tz,R00,R01,R02,R10,R11,R12,R20,R21,R22,psm1_joints,q1,q2,q3,q4,q5,q6,jaw,psm3_joints,q1,q2,q3,q4,q5,q6,jaw,ecm_joints,q1,q2,q3,q4,ecmi_T_ecm,Tx,Ty,Tz,R00,R01,R02,R10,R11,R12,R20,R21,R22,Sample #,Task Duration (s),Collisions (binary),Collisions (increments),Cumulative Collision Time (s),Clutch Press,MTMR Angle,MTML Angle
""
lci_T_si,,,,,-0.061405014,0.027400337,0.2485284,0.99760735,0.0015516733,0.06911746,0.046116903,-0.7597547,-0.64857227,0.051505942,0.65020794,-0.7580084
rci_T_si,,,,,-0.072011076,0.03243643,0.2623404,0.9976547,-0.011777193,0.067427725,0.035187066,-0.75671625,-0.6527958,0.058711756,0.65363735,-0.7545271
ecm_T_lc,,,,,-4.4061628e-05,-0.00034663224,-0.01840835,-0.99912,0.030754527,0.028518902,-0.031987965,-0.99852574,-0.043852776,0.027128186,-0.04472645,0.9986309
ecm_T_rc,,,,,-0.0043358393,0.01870579,-0.007592615,-0.99555075,-0.052743673,-0.078081585,0.04863213,-0.9973746,0.053654674,-0.08070653,0.04961868,0.9955021
cart_T_ecmi,,,,,0.07748984,1.3318874,0.4582016,0.9984689,0.027356012,-0.04807836,-0.00985114,-0.76732504,-0.64118266,-0.05443193,0.64067453,-0.7658807
ecmac_T_ecmrep_psm1,,,,,0.0028397094,-0.24236576,-0.3123762,0.99938005,0.032352094,0.013886033,-0.031258944,0.9968569,-0.072795466,-0.016197473,0.07231628,0.9972502
ecmac_T_ecmrep_psm3,,,,,-0.018767226,-0.44603547,-0.53896165,0.9994355,-0.013331066,-0.030837692,0.013906483,0.9997318,0.01852092,0.030582517,-0.018939309,0.9993528
""
0,09:28:04.651197,09:26:58.597856,0,,0.12935215,0.0066862255,0.030155584,0.75759,0.3001715,-0.57961565,0.5436367,0.20131412,0.8148202,0.36127052,-0.93239987,-0.0106707215,,0.05933536,-0.030223444,0.010199338,0.1376077,0.29765257,0.9447047,0.4972591,-0.84563303,0.19400579,0.85661983,0.44306633,-0.26437607,,0.07745315,1.3318857,0.45819288,0.99846935,0.027392212,-0.04804811,-0.009804035,-0.7673238,-0.6411849,-0.05443193,0.64067453,-0.7658807,,-0.08602005,0.2532928,-0.08177632,-0.78033733,-0.2246111,0.58362955,0.6154733,-0.44112995,0.65314394,0.110753104,0.868881,0.48247233,,0.00664729,0.4092508,-0.31688625,-0.2561887,-0.36138183,-0.89653254,0.93448955,-0.32976252,-0.13411167,-0.24717729,-0.87215817,0.42218897,,1.0389778672337944,0.39104057908635803,0.18120578652000002,3.4567387183423843,0.04181076892822477,-1.0633276830423297,-0.40917688566636945,,-1.180991202057909,0.08416234286329871,0.19872255329000002,-2.2019540965309905,-0.6260684419252481,0.7884695874353362,0.6339383206671377,,-0.03254820888812925,-0.08751299035656068,0.07561312771999999,-0.04775451182011164,,-3.614649e-05,-5.2452087e-06,9.417534e-06,0.99999994,3.6135316e-05,3.022328e-05,-3.6127865e-05,1.0,2.592802e-06,-3.0227005e-05,-2.503395e-06,1.0,34,0.101,0,0,0.0,False,-0.2616653671792948,0.802706600974135
0.11973222997039557,09:28:04.679822,09:26:58.597856,0,,0.1294038,0.006739512,0.030568033,0.7474619,0.33122343,-0.5758398,0.52968276,0.22598743,0.8175365,0.40091968,-0.9160899,-0.006526381,,0.05935163,-0.030230954,0.010218352,0.13731334,0.29833993,0.94453067,0.4949418,-0.8466544,0.19547133,0.8580079,0.44064692,-0.26391786,,0.07745315,1.3318857,0.45819288,0.99846935,0.027392212,-0.04804811,-0.009804035,-0.7673238,-0.6411849,-0.05443193,0.64067453,-0.7658807,,-0.08610368,0.25359043,-0.08205926,-0.77344716,-0.25669903,0.5795559,0.62991804,-0.4131015,0.65768564,0.07058816,0.87375784,0.48121154,,0.0066284407,0.40925696,-0.31690323,-0.25610512,-0.3617216,-0.89641935,0.9338128,-0.33223057,-0.13272725,-0.2498076,-0.87108,0.42286623,,1.0403293454867837,0.3905772151139046,0.18089856579000002,3.4405925926940757,0.0006831824988272023,-1.0646677160697269,-0.40803347720342964,,-1.1809834793250347,0.08406967006880801,0.198721257,-2.200695956870083,-0.6286645354207916,0.7865842693386806,0.6272412139556324,,-0.03254820888812925,-0.08751299035656068,0.07561312771999999,-0.04775451182011164,,-3.614649e-05,-5.2452087e-06,9.417534e-06,0.99999994,3.6135316e-05,3.022328e-05,-3.6127865e-05,1.0,2.592802e-06,-3.0227005e-05,-2.503395e-06,1.0,45,0.135,0,0,0.0,False,-0.26178452261633733,0.7962370540696879
0.148352290969342,09:28:04.711196,09:26:58.686779,0,,0.12936893,0.006746784,0.0309657,0.7344745,0.36157432,-0.5742918,0.5212095,0.24140453,0.8185748,0.43461218,-0.9005486,-0.011150539,,0.05935052,-0.030226469,0.010232002,0.1363067,0.30051923,0.94398546,0.4936275,-0.8467658,0.19829188,0.8589251,0.4389487,-0.2637644,,0.07745315,1.3318857,0.45819288,0.99846935,0.027392212,-0.04804811,-0.009804035,-0.7673238,-0.6411849,-0.05443193,0.64067453,-0.7658807,,-0.086100176,0.25384685,-0.08236525,-0.76320416,-0.2880842,0.578383,0.64502144,-0.3927247,0.6555263,0.038298517,0.8733698,0.4855496,,0.0066276146,0.40926972,-0.31690997,-0.25524515,-0.36363703,-0.8958895,0.93359935,-0.33369178,-0.13054512,-0.25147992,-0.8697229,0.4246645,,1.0417966647328865,0.390005732881212,0.18058745619000002,3.4217204977804685,-0.03251948694417483,-1.0582578867270587,-0.40721675687275805,,-1.180960311126412,0.08405422460305956,0.19871996071000003,-2.2009056468135677,-0.6305774464175076,0.7842235404636835,0.6210341394425297,,-0.03254820888812925,-0.08751299035656068,0.07561312771999999,-0.04775451182011164,,-3.614649e-05,-5.2452087e-06,9.417534e-06,0.99999994,3.6135316e-05,3.022328e-05,-3.6127865e-05,1.0,2.592802e-06,-3.0227005e-05,-2.503395e-06,1.0,57,0.171,0,0,0.0,False,-0.26196325577190027,0.7949817688494218
0.1797242428874597,09:28:04.734949,09:26:58.686779,0,,0.12930396,0.0067246556,0.03125967,0.72426665,0.37986183,-0.57545,0.5171452,0.25275022,0.81772745,0.4560685,-0.88984394,-0.013385206,,0.05931747,-0.030246362,0.010223657,0.13595948,0.300554,0.9440245,0.49329585,-0.8468906,0.19858396,0.8591707,0.438684,-0.26340488,,0.07745315,1.3318857,0.45819288,0.99846935,0.027392212,-0.04804811,-0.009804035,-0.7673238,-0.6411849,-0.05443193,0.64067453,-0.7658807,,-0.08605869,0.2540168,-0.08261131,-0.7547419,-0.30708784,0.57970834,0.6557625,-0.378007,0.6535184,0.018446242,0.87338865,0.48667437,,0.006661418,0.40925288,-0.31692138,-0.2549379,-0.36363426,-0.89597815,0.9335642,-0.33396733,-0.13009128,-0.25192177,-0.8696183,0.42461684,,1.0435342796295868,0.38931068692253173,0.18023227273000003,3.3994933637711084,-0.06531224688788054,-1.0521823110954798,-0.4070534128066239,,-1.1809062519962925,0.08403877913731111,0.19871866442000002,-2.201115336757052,-0.6311239924165695,0.7842608183777664,0.6202174191118583,,-0.03254820888812925,-0.08751299035656068,0.07561312771999999,-0.04775451182011164,,-3.614649e-05,-5.2452087e-06,9.417534e-06,0.99999994,3.6135316e-05,3.022328e-05,-3.6127865e-05,1.0,2.592802e-06,-3.0227005e-05,-2.503395e-06,1.0,65,0.196,0,0,0.0,False,-0.26160578946077395,0.7959473728650113
0.20348798693157732,09:28:04.763310,09:26:58.686779,0,,0.12922725,0.0067299455,0.031692863,0.7064974,0.41013786,-0.57675666,0.50980633,0.2703214,0.81671524,0.49087542,-0.87104136,-0.01810965,,0.059368968,-0.030257612,0.010232866,0.13563612,0.30079263,0.943995,0.49349517,-0.84670377,0.19888502,0.85910714,0.4388811,-0.26328334,,0.07739005,1.3318882,0.45819822,0.99847,0.02744465,-0.048004292,-0.0097358,-0.7673219,-0.6411882,-0.05443193,0.64067453,-0.7658807,,-0.08596263,0.25429195,-0.08294898,-0.7398473,-0.33866158,0.5813211,0.6726221,-0.3539282,0.6498572,-0.014335727,0.87180454,0.48964408,,0.0066648675,0.40924805,-0.31692585,-0.2546458,-0.3638422,-0.8959768,0.93368226,-0.33373606,-0.12983707,-0.25177956,-0.8696201,0.42469746,,1.0448394214853307,0.3887855410870845,0.18002616262,3.3837666180097696,-0.08676417735105468,-1.0489018009995996,-0.4077067890711611,,-1.1808830837976698,0.08400788820581422,0.19871607184,-2.201534716644021,-0.6311239924165695,0.784342497117907,0.6210341394425297,,-0.03254820888812925,-0.08751299035656068,0.07561312771999999,-0.04775451182011164,,-9.9461526e-05,-5.543232e-06,6.7949295e-06,0.99999994,8.847192e-05,7.400662e-05,-8.8468194e-05,0.99999994,6.3180923e-06,-7.400662e-05,-6.2584877e-06,1.0,72,0.217,0,0,0.0,False,-0.260652545964438,0.7963336144712465
0.23183953994885087,09:28:04.785679,09:26:58.686779,0,,0.12907317,0.006787464,0.03209272,0.68948466,0.43719876,-0.57746685,0.49883667,0.2914181,0.8162337,0.5251406,-0.85084224,-0.017162532,,0.059371486,-0.030277029,0.010230899,0.13549468,0.30119607,0.9438867,0.49365097,-0.84652376,0.19926392,0.8590399,0.43895152,-0.26338524,,0.07739005,1.3318882,0.45819822,0.99847,0.02744465,-0.048004292,-0.0097358,-0.7673219,-0.6411882,-0.05443193,0.64067453,-0.7658807,,-0.085840166,0.25459418,-0.08323288,-0.72565114,-0.36710036,0.5819517,0.68632305,-0.32606807,0.6501079,-0.048899,0.87115836,0.48856112,,0.0066625723,0.40923256,-0.3169377,-0.25449556,-0.3642508,-0.89585346,0.93376136,-0.33359718,-0.12962507,-0.25163814,-0.8695023,0.4250223,,1.046916836628497,0.38788970407367446,0.17977079349000002,3.3625879337178324,-0.12242630378983464,-1.0463673186805162,-0.40721675687275816,,-1.1808521928661728,0.0839074926784493,0.19871218297,-2.2017444065875056,-0.6311239924165695,0.7840157821573448,0.6216875157070668,,-0.03254820888812925,-0.08751299035656068,0.07561312771999999,-0.04775451182011164,,-9.9461526e-05,-5.543232e-06,6.7949295e-06,0.99999994,8.847192e-05,7.400662e-05,-8.8468194e-05,0.99999994,6.3180923e-06,-7.400662e-05,-6.2584877e-06,1.0,80,0.241,0,0,0.0,False,-0.26178452261633733,0.7965267352743646
0.2542059449478984,09:28:04.813956,09:26:58.686779,0,,0.12893969,0.0068431497,0.0323534,0.67512566,0.45564994,-0.5801624,0.49368846,0.30531055,0.81428313,0.54815763,-0.8361629,-0.018826276,,0.059375912,-0.0302971,0.010229409,0.1353464,0.30136085,0.94385535,0.49380878,-0.84639233,0.19943127,0.85897267,0.4390919,-0.26337084,,0.07739005,1.3318882,0.45819822,0.99847,0.02744465,-0.048004292,-0.0097358,-0.7673219,-0.6411882,-0.05443193,0.64067453,-0.7658807,,-0.08572728,0.25480685,-0.08340868,-0.71317977,-0.38656536,0.584758,0.69738525,-0.30688658,0.6476685,-0.07091182,0.8697056,0.4884503,,0.00665832,0.40921667,-0.31695014,-0.25433853,-0.36443335,-0.8958238,0.9338424,-0.33342195,-0.12949203,-0.25149608,-0.869493,0.42512536,,1.0484150468060969,0.38729505364235917,0.17962042385000002,3.3447642885216484,-0.14510796275089774,-1.043227549813336,-0.40787013313729537,,-1.1808290246675501,0.08379937441821016,0.19870829410000002,-2.2019540965309905,-0.6311239924165695,0.7839341034172043,0.6218508597732011,,-0.03254820888812925,-0.08751299035656068,0.07561312771999999,-0.04775451182011164,,-9.9461526e-05,-5.543232e-06,6.7949295e-06,0.99999994,8.847192e-05,7.400662e-05,-8.8468194e-05,0.99999994,6.3180923e-06,-7.400662e-05,-6.2584877e-06,1.0,88,0.265,0,0,0.0,False,-0.2616653671792948,0.7976371798922921
0.2824946149485186,09:28:04.826650,09:26:58.827353,0,,0.12876925,0.0068751425,0.0325962,0.6639164,0.46850953,-0.58284956,0.48861367,0.31824702,0.81238866,0.56610185,-0.8241465,-0.017630845,,0.059381634,-0.030319005,0.010229051,0.13504122,0.3016473,0.9438076,0.49405116,-0.8461749,0.19975375,0.85888135,0.43931428,-0.2632977,,0.07739005,1.3318882,0.45819822,0.99847,0.02744465,-0.048004292,-0.0097358,-0.7673219,-0.6411882,-0.05443193,0.64067453,-0.7658807,,-0.08557629,0.25499153,-0.08358791,-0.70344865,-0.4002524,0.58733124,0.7051844,-0.2898673,0.6470641,-0.08874084,0.8693532,0.48615852,,0.0066526225,0.40920016,-0.31696454,-0.25402245,-0.36474764,-0.89578557,0.9339827,-0.33314005,-0.12920558,-0.2512946,-0.8694693,0.42529303,,1.0499673161138159,0.38665406681379855,0.17946875792000003,3.331134442195154,-0.16369052671899764,-1.0427768881359238,-0.40852350940183246,,-1.1808135792018017,0.08367581069222256,0.19870310894,-2.202373476417959,-0.6311239924165695,0.7838524246770637,0.6220142038393354,,-0.03254820888812925,-0.08751299035656068,0.07561312771999999,-0.04775451182011164,,-9.9461526e-05,-5.543232e-06,6.7949295e-06,0.99999994,8.847192e-05,7.400662e-05,-8.8468194e-05,0.99999994,6.3180923e-06,-7.400662e-05,-6.2584877e-06,1.0,96,0.29,0,0,0.0,False,-0.26255903295711036,0.7975888996915126
0.29512810497544706,09:28:04.855191,09:26:58.827353,0,,0.12858519,0.006923467,0.032837152,0.6499242,0.48748368,-0.5830592,0.48329112,0.3269869,0.8121017,0.5865389,-0.8095919,-0.023079902,,0.059390187,-0.03033629,0.01022923,0.13481379,0.30199206,0.9437298,0.49409845,-0.84605294,0.2001526,0.8588898,0.43931228,-0.26327348,,0.07739005,1.3318882,0.45819822,0.99847,0.02744465,-0.048004292,-0.0097358,-0.7673219,-0.6411882,-0.05443193,0.64067453,-0.7658807,,-0.085411474,0.25518838,-0.08375632,-0.69114095,-0.4202601,0.58796734,0.7144776,-0.27479595,0.6434353,-0.10883912,0.86479396,0.49018916,,0.006644051,0.40918705,-0.31697583,-0.25379834,-0.36508808,-0.8957104,0.9340444,-0.33308718,-0.1288952,-0.25129154,-0.8693467,0.42554545,,1.0515968127502773,0.3859049617249988,0.17933524005,3.314359246716392,-0.18459591118311003,-1.034387895325271,-0.4062366924759525,,-1.1808135792018017,0.08356769243198342,0.19870051636000002,-2.202583166361444,-0.6312606289163348,0.7835554488800571,0.6231576123022753,,-0.03254820888812925,-0.08751299035656068,0.07561312771999999,-0.04775451182011164,,-9.9461526e-05,-5.543232e-06,6.7949295e-06,0.99999994,8.847192e-05,7.400662e-05,-8.8468194e-05,0.99999994,6.3180923e-06,-7.400662e-05,-6.2584877e-06,1.0,111,0.335,0,0,0.0,False,-0.26339312101640555,0.7929057202159049
0.32372916594613343,09:28:04.902755,09:26:58.827353,0,,0.12810749,0.0069976,0.03330727,0.6197933,0.5246972,-0.5835658,0.46637568,0.35178697,0.8116277,0.6311495,-0.77520233,-0.026670963,,0.05941049,-0.030382857,0.010226965,0.13487801,0.30092245,0.94406223,0.49410117,-0.84628475,0.19916344,0.8588782,0.4395996,-0.26283133,,0.07739005,1.3318882,0.45819822,0.99847,0.02744465,-0.048004292,-0.0097358,-0.7673219,-0.6411882,-0.05443193,0.64067453,-0.7658807,,-0.084971815,0.25556204,-0.084105276,-0.66471773,-0.4599144,0.58875215,0.73062354,-0.2356161,0.64083874,-0.15601148,0.85613304,0.4926425,,0.006624082,0.40915015,-0.3170045,-0.25386024,-0.36407134,-0.8961066,0.93403214,-0.33295226,-0.12933198,-0.25127465,-0.8698246,0.42457765,,1.0553500609271504,0.38351091453398917,0.17908894495000002,3.2797604060414454,-0.235151416096323,-1.0219958662272135,-0.4083601653356981,,-1.180790411003179,0.08330511951425978,0.19869403491,-2.202373476417959,-0.6313972654161003,0.7844019754450187,0.6177672581198441,,-0.03254820888812925,-0.08751299035656068,0.07561312771999999,-0.04775451182011164,,-9.9461526e-05,-5.543232e-06,6.7949295e-06,0.99999994,8.847192e-05,7.400662e-05,-8.8468194e-05,0.99999994,6.3180923e-06,-7.400662e-05,-6.2584877e-06,1.0,119,0.36,0,0,0.0,False,-0.26255903295711036,0.7924229182081106
0.3712881029350683,09:28:04.925908,09:26:58.827353,0,,0.12791777,0.0070219487,0.033503085,0.6039431,0.5413733,-0.5849509,0.4562424,0.366953,0.81067145,0.65352523,-0.7564789,-0.025378883,,0.05940783,-0.030390635,0.01022464,0.1341364,0.30187464,0.9438639,0.49453032,-0.84578323,0.20022593,0.8587473,0.43991184,-0.2627365,,0.07739005,1.3318882,0.45819822,0.99847,0.02744465,-0.048004292,-0.0097358,-0.7673219,-0.6411882,-0.05443193,0.64067453,-0.7658807,,-0.084797956,0.25571218,-0.08425413,-0.65073955,-0.4779205,0.5900255,0.73747224,-0.21282989,0.64096653,-0.180756,0.85222965,0.49094993,,0.006627008,0.4091432,-0.31700858,-0.25310573,-0.36505622,-0.8959193,0.9343212,-0.33246872,-0.12848508,-0.25096086,-0.8695968,0.42522952,,1.0567247073787622,0.38228300000698745,0.1790046861,3.2631949005061682,-0.2604291685529295,-1.0191078406538776,-0.40721675687275827,,-1.1807749655374307,0.08325106038414022,0.19869273862000003,-2.203421926135382,-0.6313972654161003,0.7840752604844565,0.6187473225166499,,-0.03254820888812925,-0.08751299035656068,0.07561312771999999,-0.04775451182011164,,-9.9461526e-05,-5.543232e-06,6.7949295e-06,0.99999994,8.847192e-05,7.400662e-05,-8.8468194e-05,0.99999994,6.3180923e-06,-7.400662e-05,-6.2584877e-06,1.0,127,0.384,0,0,0.0,False,-0.26196325577190027,0.7886570625473128
0.39439857995603234,09:28:04.952942,09:26:58.827353,0,,0.12761378,0.0070094466,0.033781916,0.5797568,0.5672076,-0.5849422,0.4406597,0.38558212,0.81064504,0.6853472,-0.7277375,-0.026401818,,0.059409156,-0.030396655,0.010224402,0.13413739,0.30201635,0.9438184,0.4945537,-0.8457413,0.20034531,0.85873365,0.4398952,-0.2628089,,0.07739005,1.3318882,0.45819822,0.99847,0.02744465,-0.048004292,-0.0097358,-0.7673219,-0.6411882,-0.05443193,0.64067453,-0.7658807,,-0.08451696,0.25589082,-0.084497936,-0.62922776,-0.50582385,0.5900972,0.74637437,-0.18148121,0.64030457,-0.21678975,0.8433308,0.49172696,,0.006625717,0.40913856,-0.31701243,-0.2531047,-0.36519396,-0.8958635,0.9343285,-0.33246377,-0.12844497,-0.25093484,-0.8695408,0.42535925,,1.058709449727438,0.3801438030008273,0.17886598307,3.2378224173445402,-0.29882402498701827,-1.0100160270334162,-0.40787013313729537,,-1.1807672428045564,0.08322016945264332,0.19869144233000002,-2.203421926135382,-0.6313972654161003,0.7839119030041752,0.6171138818553069,,-0.03254820888812925,-0.08751299035656068,0.07561312771999999,-0.04775451182011164,,-9.9461526e-05,-5.543232e-06,6.7949295e-06,0.99999994,8.847192e-05,7.400662e-05,-8.8468194e-05,0.99999994,6.3180923e-06,-7.400662e-05,-6.2584877e-06,1.0,135,0.409,0,0,0.0,False,-0.2622611443645053,0.7819461146389681
0.4214718509465456,09:28:04.983974,09:26:58.827353,0,,0.12721053,0.0069093555,0.033996254,0.5558567,0.5859793,-0.5896199,0.43548873,0.39889908,0.8069876,0.7080767,-0.7053423,-0.033456802,,0.05940801,-0.030400142,0.010224938,0.13408417,0.3032074,0.943444,0.4944691,-0.84552526,0.20146301,0.85879076,0.43949103,-0.2632983,,0.07739005,1.3318882,0.45819822,0.99847,0.02744465,-0.048004292,-0.0097358,-0.7673219,-0.6411882,-0.05443193,0.64067453,-0.7658807,,-0.084132425,0.25596532,-0.0847532,-0.60722256,-0.5262191,0.5952934,0.7576657,-0.15792625,0.6332472,-0.23921432,0.8355554,0.49459454,,0.0066267597,0.40913656,-0.31701538,-0.2530605,-0.3663143,-0.89541847,0.9343122,-0.3327023,-0.12794454,-0.25103986,-0.86897814,0.42644575,,1.060671023877491,0.377865596802931,0.17870005795000002,3.210353034748068,-0.3234185949447975,-0.999353859484225,-0.4119537347906521,,-1.180751797338808,0.08320472398689487,0.19869014604000002,-2.203421926135382,-0.6315339019158658,0.7826347823254822,0.6094367107469959,,-0.03254820888812925,-0.08751299035656068,0.07561312771999999,-0.04775451182011164,,-9.9461526e-05,-5.543232e-06,6.7949295e-06,0.99999994,8.847192e-05,7.400662e-05,-8.8468194e-05,0.99999994,6.3180923e-06,-7.400662e-05,-6.2584877e-06,1.0,143,0.433,0,0,0.0,False,-0.26178452261633733,0.7820909552413062
0.45250548294279724,09:28:05.003488,09:26:58.827353,0,,0.12694684,0.0068543106,0.034158036,0.54098964,0.60056555,-0.5887708,0.4292606,0.4048344,0.8073687,0.7232324,-0.68951434,-0.03878811,,0.05940745,-0.030394062,0.010232449,0.13350107,0.30328885,0.9435005,0.4938342,-0.8457687,0.20199761,0.85924673,0.4389661,-0.26268548,,0.07739005,1.3318882,0.45819822,0.99847,0.02744465,-0.048004292,-0.0097358,-0.7673219,-0.6411882,-0.05443193,0.64067453,-0.7658807,,-0.08388264,0.2560357,-0.08493035,-0.5936325,-0.5419699,0.59486896,0.7629838,-0.14404237,0.6301646,-0.25584394,0.8279616,0.49902248,,0.0066262535,0.4091462,-0.31701657,-0.25255102,-0.3663211,-0.8955595,0.93422747,-0.33324692,-0.12714368,-0.25186703,-0.86876655,0.4263891,,1.0620225021304803,0.3763828320910799,0.1785898733,3.1939972191562753,-0.3415912494136011,-0.9887008940397696,-0.4049299399468784,,-1.180751797338808,0.08321244671976909,0.19869014604000002,-2.2036316160788667,-0.6324903574142238,0.7825979202499515,0.6064965175565789,,-0.03254820888812925,-0.08751299035656068,0.07561312771999999,-0.04775451182011164,,-9.9461526e-05,-5.543232e-06,6.7949295e-06,0.99999994,8.847192e-05,7.400662e-05,-8.8468194e-05,0.99999994,6.3180923e-06,-7.400662e-05,-6.2584877e-06,1.0,154,0.466,0,0,0.0,False,-0.26285692154971585,0.7832979602607932
0.4720267769880593,09:28:05.027860,09:26:58.827353,0,,0.12652905,0.0067937374,0.034471065,0.51541305,0.6172896,-0.5943928,0.42027977,0.4223851,0.8030912,0.7468024,-0.6637351,-0.041731656,,0.05940464,-0.03039056,0.010235846,0.13277549,0.30396667,0.94338477,0.4939381,-0.8454907,0.20290563,0.85929954,0.4390329,-0.26240116,,0.07739005,1.3318882,0.45819822,0.99847,0.02744465,-0.048004292,-0.0097358,-0.7673219,-0.6411882,-0.05443193,0.64067453,-0.7658807,,-0.08349115,0.25620344,-0.085238256,-0.57004535,-0.5605647,0.6006792,0.7719129,-0.11498126,0.6252438,-0.28142273,0.82008934,0.49825165,,0.0066285813,0.4091513,-0.3170168,-0.25183994,-0.3670003,-0.89548165,0.93440825,-0.33306664,-0.12628484,-0.25190848,-0.86854905,0.42680758,,1.064285262862628,0.3743363078794104,0.17838376319000002,3.165060006955411,-0.36987500486504726,-0.980257882459771,-0.41015695006317543,,-1.1807595200716823,0.08321244671976909,0.19868884975,-2.2044703758528046,-0.6327636304137547,0.7824123623566415,0.608946678548593,,-0.03254820888812925,-0.08751299035656068,0.07561312771999999,-0.04775451182011164,,-9.9461526e-05,-5.543232e-06,6.7949295e-06,0.99999994,8.847192e-05,7.400662e-05,-8.8468194e-05,0.99999994,6.3180923e-06,-7.400662e-05,-6.2584877e-06,1.0,162,0.491,0,0,0.0,False,-0.2618441003348577,0.7807873898202611
0.49634630093351007,09:28:05.055845,09:26:58.827353,0,,0.12622285,0.0067957044,0.034747362,0.494308,0.6306745,-0.5982551,0.41274744,0.43540922,0.80003643,0.76504827,-0.6423927,-0.045083106,,0.05940391,-0.030389294,0.010236084,0.13277662,0.3038165,0.94343305,0.49393293,-0.8455257,0.20277208,0.8593023,0.43906936,-0.26233107,,0.07739005,1.3318882,0.45819822,0.99847,0.02744465,-0.048004292,-0.0097358,-0.7673219,-0.6411882,-0.05443193,0.64067453,-0.7658807,,-0.083207645,0.25639182,-0.085471146,-0.5504879,-0.57550895,0.6047748,0.7784321,-0.09207278,0.62093973,-0.30167308,0.81259584,0.49867958,,0.0066292714,0.40915242,-0.31701615,-0.2518415,-0.36685702,-0.89553994,0.9344064,-0.3330521,-0.12633698,-0.25191385,-0.8686151,0.4266699,,1.0659610958963348,0.37317789794827677,0.17824117129000003,3.141994113172113,-0.39064375282939423,-0.9719803075528145,-0.4083601653356981,,-1.1807595200716823,0.08322016945264332,0.19868884975,-2.204680065796289,-0.6327636304137547,0.7825757198369228,0.6086199904163244,,-0.03254820888812925,-0.08751299035656068,0.07561312771999999,-0.04775451182011164,,-9.9461526e-05,-5.543232e-06,6.7949295e-06,0.99999994,8.847192e-05,7.400662e-05,-8.8468194e-05,0.99999994,6.3180923e-06,-7.400662e-05,-6.2584877e-06,1.0,170,0.515,0,0,0.0,False,-0.26285692154971585,0.7752834469314025
0.5243849119869992,09:28:05.086268,09:26:59.074795,0,,0.12572818,0.0067450553,0.035072505,0.47756946,0.64231837,-0.59946173,0.40664005,0.4432274,0.79886997,0.7788266,-0.6252811,-0.04952064,,0.05940436,-0.030391335,0.010235429,0.1326254,0.30424964,0.94331473,0.49402028,-0.8453712,0.20320292,0.8592754,0.4390669,-0.26242325,,0.07739005,1.3318882,0.45819822,0.99847,0.02744465,-0.048004292,-0.0097358,-0.7673219,-0.6411882,-0.05443193,0.64067453,-0.7658807,,-0.08274041,0.25657833,-0.08578722,-0.534923,-0.58841616,0.6063199,0.7830647,-0.07578789,0.61730534,-0.3172807,0.8049985,0.5013086,,0.006628898,0.4091505,-0.3170171,-0.25168762,-0.36728477,-0.89540786,0.9344651,-0.33298475,-0.12608004,-0.25184986,-0.8684602,0.42702293,,1.0687103887995588,0.3715484013118154,0.17801432054000002,3.122283258484568,-0.4078599517998397,-0.9608004075919852,-0.410156950063175,,-1.1807595200716823,0.08320472398689487,0.19868884975,-2.204680065796289,-0.6327636304137547,0.7822490048763604,0.603066292167759,,-0.03254820888812925,-0.08751299035656068,0.07561312771999999,-0.04775451182011164,,-9.9461526e-05,-5.543232e-06,6.7949295e-06,0.99999994,8.847192e-05,7.400662e-05,-8.8468194e-05,0.99999994,6.3180923e-06,-7.400662e-05,-6.2584877e-06,1.0,178,0.54,0,0,0.0,False,-0.26196325577190027,0.7713244704674871
0.5548069209326059,09:28:05.110293,09:26:59.074795,0,,0.12517495,0.006751463,0.035426617,0.4497447,0.6574696,-0.6045357,0.40212002,0.45531914,0.7943449,0.7975141,-0.6003484,-0.059604436,,0.059401453,-0.030393526,0.01023674,0.1325169,0.30548382,0.94293094,0.49383253,-0.84518844,0.20441607,0.8594001,0.4385615,-0.26285967,,0.07739005,1.3318882,0.45819822,0.99847,0.02744465,-0.048004292,-0.0097358,-0.7673219,-0.6411882,-0.05443193,0.64067453,-0.7658807,,-0.08221675,0.25683,-0.08609371,-0.5086834,-0.6054094,0.61214435,0.792505,-0.0514339,0.6076926,-0.33641782,0.7942506,0.50595355,,0.006631587,0.4091501,-0.31701982,-0.2515988,-0.3684335,-0.89496076,0.9344268,-0.3333211,-0.12547368,-0.2520806,-0.86784434,0.42813733,,1.0716295818260155,0.36992662740822824,0.17781469188000001,3.0891522474140127,-0.42808215376512493,-0.9443922365850552,-0.4099936059970408,,-1.1807363518730596,0.08319700125402064,0.19868755346000003,-2.204680065796289,-0.6330369034132856,0.7809199446210826,0.5976759379853277,,-0.03254820888812925,-0.08751299035656068,0.07561312771999999,-0.04775451182011164,,-9.9461526e-05,-5.543232e-06,6.7949295e-06,0.99999994,8.847192e-05,7.400662e-05,-8.8468194e-05,0.99999994,6.3180923e-06,-7.400662e-05,-6.2584877e-06,1.0,186,0.564,0,0,0.0,False,-0.2629164992682367,0.7682828178183816
0.578824819996953,09:28:05.136353,09:26:59.074795,0,,0.124830045,0.00670512,0.035593674,0.4422413,0.66307676,-0.6039468,0.3984427,0.45803306,0.7946377,0.80353326,-0.59205985,-0.061637044,,0.059400186,-0.030390814,0.01023978,0.1319131,0.30531418,0.94307053,0.49348912,-0.8453336,0.20464498,0.8596902,0.43839988,-0.2621798,,0.07739005,1.3318882,0.45819822,0.99847,0.02744465,-0.048004292,-0.0097358,-0.7673219,-0.6411882,-0.05443193,0.64067453,-0.7658807,,-0.08188634,0.25691408,-0.08627475,-0.5016994,-0.6116351,0.6117191,0.79375213,-0.04437913,0.6066202,-0.34388265,0.7898943,0.50775164,,0.006632417,0.40915424,-0.31702027,-0.25104395,-0.36824316,-0.8951949,0.93443865,-0.3335204,-0.12485387,-0.2525892,-0.8678486,0.4278289,,1.0734675922500811,0.3687450492784719,0.17769024804000003,3.079925889900694,-0.43669025325034766,-0.9374545873923215,-0.4095035737986381,,-1.1807286291401853,0.08318927852114642,0.19868884975,-2.2050994456832584,-0.6337200859121127,0.7813136766592835,0.596695873588522,,-0.03254820888812925,-0.08751299035656068,0.07561312771999999,-0.04775451182011164,,-9.9461526e-05,-5.543232e-06,6.7949295e-06,0.99999994,8.847192e-05,7.400662e-05,-8.8468194e-05,0.99999994,6.3180923e-06,-7.400662e-05,-6.2584877e-06,1.0,197,0.597,0,0,0.0,False,-0.2629164992682367,0.7660619285825261
0.6048574498854578,09:28:05.157288,09:26:59.074795,0,,0.12438266,0.006656572,0.035783723,0.42236763,0.6711955,-0.6091814,0.3972102,0.4670482,0.7899936,0.81475717,-0.5756409,-0.06933981,,0.059400916,-0.03039214,0.0102395415,0.1319119,0.30584934,0.9428973,0.4934942,-0.8452146,0.20512371,0.85968745,0.4382562,-0.26242882,,0.07739005,1.3318882,0.45819822,0.99847,0.02744465,-0.048004292,-0.0097358,-0.7673219,-0.6411882,-0.05443193,0.64067453,-0.7658807,,-0.0814556,0.25701544,-0.0864817,-0.48277867,-0.6209664,0.61751556,0.8007168,-0.02743933,0.59841424,-0.35465094,0.7833568,0.5104654,,0.0066317273,0.4091531,-0.31702092,-0.25104237,-0.36875188,-0.8949859,0.93444055,-0.33358568,-0.124665454,-0.25258386,-0.8676074,0.42832085,,1.0755063937288762,0.36718505723787853,0.17756061904,3.055601856456489,-0.4483043557304101,-0.9266772057358765,-0.408850197534101,,-1.1807286291401853,0.08318155578827219,0.19868884975,-2.2050994456832584,-0.6337200859121127,0.7807419254782995,0.5926122719351652,,-0.03254820888812925,-0.08751299035656068,0.07561312771999999,-0.04775451182011164,,-9.9461526e-05,-5.543232e-06,6.7949295e-06,0.99999994,8.847192e-05,7.400662e-05,-8.8468194e-05,0.99999994,6.3180923e-06,-7.400662e-05,-6.2584877e-06,1.0,205,0.622,0,0,0.0,False,-0.2618441003348577,0.763792759145892
0.6258262969786301,09:28:05.186247,09:26:59.074795,0,,0.12377359,0.0065004528,0.035945475,0.40276518,0.68267655,-0.6096989,0.39392224,0.4719862,0.7887041,0.8261992,-0.55783653,-0.07882199,,0.05939956,-0.030398443,0.010236084,0.13186778,0.3059604,0.94286746,0.49342573,-0.84522045,0.20526429,0.85973346,0.43816748,-0.26242608,,0.07739005,1.3318882,0.45819822,0.99847,0.02744465,-0.048004292,-0.0097358,-0.7673219,-0.6411882,-0.05443193,0.64067453,-0.7658807,,-0.08086212,0.25702262,-0.086744785,-0.46415788,-0.63378316,0.61877,0.80620694,-0.012953744,0.5914918,-0.3668622,0.7734023,0.51697296,,0.006633528,0.4091463,-0.31702304,-0.25100553,-0.36884916,-0.8949562,0.93442744,-0.33366174,-0.12455984,-0.25266883,-0.86753684,0.42841372,,1.078039450111622,0.3644898234647742,0.17740376795,3.0314875129557683,-0.4625145517060159,-0.9096989469021715,-0.4090135416002354,,-1.1806977382086883,0.0831506648567753,0.19869014604000002,-2.2050994456832584,-0.6338567224118782,0.7806083071615744,0.5917955516044938,,-0.03254820888812925,-0.08751299035656068,0.07561312771999999,-0.04775451182011164,,-9.9461526e-05,-5.543232e-06,6.7949295e-06,0.99999994,8.847192e-05,7.400662e-05,-8.8468194e-05,0.99999994,6.3180923e-06,-7.400662e-05,-6.2584877e-06,1.0,213,0.646,0,0,0.0,False,-0.26285692154971585,0.7596889420796376
0.6547864609165117,09:28:05.216116,09:26:59.074795,0,,0.123167895,0.006286636,0.03604549,0.3786803,0.69557166,-0.61055815,0.3895967,0.47859398,0.7868686,0.83953273,-0.5358431,-0.089758396,,0.0594009,-0.03040114,0.0102363825,0.13165332,0.30634877,0.9427713,0.4934168,-0.8451165,0.20571312,0.8597715,0.43809652,-0.26242006,,0.07739005,1.3318882,0.45819822,0.99847,0.02744465,-0.048004292,-0.0097358,-0.7673219,-0.6411882,-0.05443193,0.64067453,-0.7658807,,-0.080267474,0.25694606,-0.08699604,-0.44122383,-0.6483292,0.62047625,0.8122759,0.005392875,0.5832485,-0.38148317,0.76134104,0.5242427,,0.006632155,0.40914443,-0.31702495,-0.25079873,-0.369223,-0.89485997,0.9344679,-0.33367354,-0.12422437,-0.25272462,-0.8673732,0.42871195,,1.0800936970561656,0.36129261205484525,0.17727543524000003,3.002550300754904,-0.47945747767693053,-0.8903289725142571,-0.40917688566636956,,-1.1806977382086883,0.08312749665815262,0.19869014604000002,-2.2053091356267425,-0.6339933589116437,0.780311331364568,0.586078509289794,,-0.03254820888812925,-0.08751299035656068,0.07561312771999999,-0.04775451182011164,,-9.9461526e-05,-5.543232e-06,6.7949295e-06,0.99999994,8.847192e-05,7.400662e-05,-8.8468194e-05,0.99999994,6.3180923e-06,-7.400662e-05,-6.2584877e-06,1.0,221,0.671,0,0,0.0,False,-0.26255903295711036,0.7530262743720724
0.6846519889077172,09:28:05.236603,09:26:59.239528,0,,0.12283079,0.0061525702,0.03610216,0.3619225,0.7036186,-0.6115005,0.38677844,0.4835021,0.7852567,0.8481829,-0.52071726,-0.09715435,,0.0593997,-0.030405551,0.01023674,0.13133053,0.30650795,0.9427645,0.49321976,-0.84514624,0.20606337,0.85993385,0.43792787,-0.2621693,,0.07739005,1.3318882,0.45819822,0.99847,0.02744465,-0.048004292,-0.0097358,-0.7673219,-0.6411882,-0.05443193,0.64067453,-0.7658807,,-0.07993669,0.25689235,-0.08714614,-0.42521623,-0.65751195,0.6219881,0.81625444,0.018330289,0.5774017,-0.39104974,0.7532211,0.5289027,,0.006633274,0.4091416,-0.3170284,-0.2505032,-0.36935666,-0.89488757,0.93446964,-0.33382654,-0.123799436,-0.25301108,-0.8672575,0.42877722,,1.081066761398318,0.35941598796640867,0.17720154671000002,2.9826297561238744,-0.4902517611584003,-0.8776880573356334,-0.4093402297325037,,-1.1806745700100658,0.08309660572665573,0.19869014604000002,-2.205518825570227,-0.63440326841094,0.7802371913749544,0.5803614669750942,,-0.03254820888812925,-0.08751299035656068,0.07561312771999999,-0.04775451182011164,,-9.9461526e-05,-5.543232e-06,6.7949295e-06,0.99999994,8.847192e-05,7.400662e-05,-8.8468194e-05,0.99999994,6.3180923e-06,-7.400662e-05,-6.2584877e-06,1.0,233,0.708,0,0,0.0,False,-0.26255903295711036,0.7498880613214074
0.7051390779670328,09:28:05.276601,09:26:59.239528,0,,0.12198749,0.0057621896,0.036150694,0.32188728,0.72242844,-0.6119523,0.38166565,0.492496,0.7821629,0.8664407,-0.48532957,-0.11719808,,0.059397697,-0.030413076,0.010234058,0.13113642,0.30651698,0.94278866,0.49323326,-0.84511566,0.20615593,0.8599557,0.43798035,-0.26200986,,0.07739005,1.3318882,0.45819822,0.99847,0.02744465,-0.048004292,-0.0097358,-0.7673219,-0.6411882,-0.05443193,0.64067453,-0.7658807,,-0.07910221,0.25665683,-0.087483846,-0.386774,-0.6789941,0.6239975,0.8255109,0.046662595,0.5624538,-0.4110202,0.7326593,0.5424692,,0.0066355956,0.4091346,-0.31703198,-0.25031415,-0.36937296,-0.89493376,0.93451315,-0.3337693,-0.12362535,-0.25303754,-0.86727256,0.42873105,,1.0831596220072328,0.3544657161940308,0.1770472882,2.934401069122434,-0.5132066931189944,-0.8441043188090522,-0.4093402297325037,,-1.1806436790785688,0.0830579920622846,0.19869014604000002,-2.205728515513712,-0.6345399049107054,0.7803486092786508,0.5761145212556029,,-0.03254820888812925,-0.08751299035656068,0.07561312771999999,-0.04775451182011164,,-9.9461526e-05,-5.543232e-06,6.7949295e-06,0.99999994,8.847192e-05,7.400662e-05,-8.8468194e-05,0.99999994,6.3180923e-06,-7.400662e-05,-6.2584877e-06,1.0,244,0.74,0,0,0.0,False,-0.26255903295711036,0.7494535395143922
0.7451128469547257,09:28:05.308092,09:26:59.239528,0,,0.121411726,0.005560726,0.036227763,0.28618655,0.73407745,-0.61581445,0.37625426,0.5049757,0.776809,0.88120914,-0.4540152,-0.13168263,,0.059398025,-0.030420363,0.010230124,0.13084312,0.30691984,0.94269836,0.49342376,-0.84489775,0.20659289,0.8598911,0.4381187,-0.26199064,,0.07739005,1.3318882,0.45819822,0.99847,0.02744465,-0.048004292,-0.0097358,-0.7673219,-0.6411882,-0.05443193,0.64067453,-0.7658807,,-0.07853553,0.25657415,-0.0877076,-0.3523799,-0.69299614,0.6289553,0.8321543,0.07547454,0.54938406,-0.42819116,0.71697974,0.550084,,0.0066358116,0.40912658,-0.31703418,-0.25001383,-0.3697905,-0.8948453,0.9346335,-0.3335563,-0.12328986,-0.25288984,-0.86717653,0.42901227,,1.0844879320615994,0.3514692958388317,0.17696302935000002,2.891624320651591,-0.5315159840875633,-0.8200263008179887,-0.40803347720342953,,-1.1806050654141977,0.08298848746641659,0.19869144233000002,-2.206147895400681,-0.6345399049107054,0.7801852517983696,0.5761145212556029,,-0.03254820888812925,-0.08751299035656068,0.07561312771999999,-0.04775451182011164,,-9.9461526e-05,-5.543232e-06,6.7949295e-06,0.99999994,8.847192e-05,7.400662e-05,-8.8468194e-05,0.99999994,6.3180923e-06,-7.400662e-05,-6.2584877e-06,1.0,252,0.765,0,0,0.0,False,-0.2629164992682367,0.7430805530115041
0.7766135409474373,09:28:05.331849,09:26:59.239528,0,,0.1208314,0.005434096,0.036349773,0.24921425,0.7493514,-0.61348575,0.36580104,0.51370865,0.7760753,0.896706,-0.41782284,-0.14609009,,0.05939485,-0.030439883,0.010223329,0.13088116,0.30706072,0.9426472,0.4935077,-0.8448284,0.20667624,0.8598372,0.4381538,-0.262109,,0.07739005,1.3318882,0.45819822,0.99847,0.02744465,-0.048004292,-0.0097358,-0.7673219,-0.6411882,-0.05443193,0.64067453,-0.7658807,,-0.077967376,0.25657806,-0.0879195,-0.31680596,-0.7110183,0.62776345,0.83538854,0.104266375,0.53968,-0.449177,0.69540024,0.5609444,,0.006639838,0.40910822,-0.31704333,-0.25004345,-0.36993468,-0.8947774,0.93465286,-0.33349586,-0.123306796,-0.2527891,-0.8671383,0.42914897,,1.0859784195063247,0.34881267573009844,0.17690988146000003,2.847379742576356,-0.5535144605497992,-0.7880392750186882,-0.4077067890711612,,-1.1805587290169524,0.08292670560342279,0.19869014604000002,-2.206147895400681,-0.6345399049107054,0.7800218943180885,0.5739910483958572,,-0.03254820888812925,-0.08751299035656068,0.07561312771999999,-0.04775451182011164,,-9.9461526e-05,-5.543232e-06,6.7949295e-06,0.99999994,8.847192e-05,7.400662e-05,-8.8468194e-05,0.99999994,6.3180923e-06,-7.400662e-05,-6.2584877e-06,1.0,260,0.79,0,0,0.0,False,-0.26339312101640555,0.7325071890408026
0.8002843259600922,09:28:05.356039,09:26:59.239528,0,,0.12040649,0.0053768307,0.036434323,0.22229257,0.75857776,-0.61249137,0.35993335,0.51998436,0.77463806,0.90610904,-0.39265245,-0.15744898,,0.059396327,-0.030450493,0.010219932,0.13088997,0.3072742,0.9425764,0.4935526,-0.8447597,0.20684983,0.8598101,0.43813667,-0.2622266,,0.07739005,1.3318882,0.45819822,0.99847,0.02744465,-0.048004292,-0.0097358,-0.7673219,-0.6411882,-0.05443193,0.64067453,-0.7658807,,-0.0775508,0.25660554,-0.08804866,-0.29074392,-0.72215927,0.62765753,0.83792156,0.12450979,0.53139883,-0.4619041,0.6804288,0.5689124,,0.006638815,0.40909815,-0.31704813,-0.2500481,-0.3701432,-0.89468986,0.9346655,-0.33347896,-0.123256534,-0.25273767,-0.86705583,0.42934588,,1.0871445521703327,0.34720634729225974,0.17688395566,2.814458421449286,-0.5662216550279852,-0.7648538477728528,-0.4114637025922494,,-1.1805278380854554,0.08286492374042899,0.19869014604000002,-2.206147895400681,-0.6345399049107054,0.7796951793575262,0.5658238450891433,,-0.03254820888812925,-0.08751299035656068,0.07561312771999999,-0.04775451182011164,,-9.9461526e-05,-5.543232e-06,6.7949295e-06,0.99999994,8.847192e-05,7.400662e-05,-8.8468194e-05,0.99999994,6.3180923e-06,-7.400662e-05,-6.2584877e-06,1.0,268,0.814,0,0,0.0,False,-0.2631548101423209,0.7271963669550621
0.8245772869559005,09:28:05.386170,09:26:59.239528,0,,0.11975586,0.00535883,0.036606595,0.17816824,0.7710941,-0.61128557,0.34747738,0.53189975,0.7722318,0.9206059,-0.34999514,-0.17317018,,0.059399,-0.030471072,0.010217965,0.13035943,0.30756566,0.94255483,0.49340117,-0.8447134,0.20739943,0.85997766,0.43802133,-0.26186964,,0.07739005,1.3318882,0.45819822,0.99847,0.02744465,-0.048004292,-0.0097358,-0.7673219,-0.6411882,-0.05443193,0.64067453,-0.7658807,,-0.07691587,0.25672862,-0.08823584,-0.24797371,-0.737922,0.6276784,0.8392912,0.15995243,0.51962054,-0.4838381,0.6556572,0.57966745,,0.006636367,0.40908173,-0.31706077,-0.24954751,-0.37041506,-0.8947171,0.9347235,-0.33355337,-0.12261387,-0.2530179,-0.8669111,0.42947307,,1.0890057307930208,0.34520615947783556,0.1768658076,2.7601487260867943,-0.587536948991394,-0.7281147933828979,-0.4096669178647723,,-1.1804892244210843,0.08274908274731563,0.19868884975,-2.2065672752876497,-0.6350864509097672,0.7796507785314686,0.5542264163936095,,-0.03254820888812925,-0.08751299035656068,0.07561312771999999,-0.04775451182011164,,-9.9461526e-05,-5.543232e-06,6.7949295e-06,0.99999994,8.847192e-05,7.400662e-05,-8.8468194e-05,0.99999994,6.3180923e-06,-7.400662e-05,-6.2584877e-06,1.0,276,0.839,0,0,0.0,False,-0.26285692154971585,0.7291275749862405
0.8547033399809152,09:28:05.407482,09:26:59.401661,0,,0.11932212,0.0053516626,0.036722243,0.15350454,0.78043526,-0.6060999,0.33740252,0.5351098,0.7744785,0.9287602,-0.32338566,-0.18117914,,0.05940049,-0.030488372,0.010214388,0.13016288,0.30770448,0.9425368,0.49345315,-0.8446343,0.20759773,0.85997754,0.43807632,-0.26177785,,0.07739005,1.3318882,0.45819822,0.99847,0.02744465,-0.048004292,-0.0097358,-0.7673219,-0.6411882,-0.05443193,0.64067453,-0.7658807,,-0.07649262,0.25681493,-0.08835819,-0.22408974,-0.7493091,0.623153,0.83766747,0.17870758,0.5161171,-0.4980934,0.6376515,0.5876253,,0.0066353334,0.40906668,-0.31707013,-0.24935275,-0.37055996,-0.89471143,0.9347797,-0.33347204,-0.122406505,-0.2530023,-0.8668805,0.4295441,,1.0903803772446328,0.34390101762209163,0.17685932615000002,2.7291146144510843,-0.6017471449669998,-0.7016618006928876,-0.4093402297325036,,-1.1804506107567132,0.08265640995282493,0.19868755346000003,-2.2067769652311346,-0.6352230874095326,0.779598838954884,0.5532463519968038,,-0.03254820888812925,-0.08751299035656068,0.07561312771999999,-0.04775451182011164,,-9.9461526e-05,-5.543232e-06,6.7949295e-06,0.99999994,8.847192e-05,7.400662e-05,-8.8468194e-05,0.99999994,6.3180923e-06,-7.400662e-05,-6.2584877e-06,1.0,291,0.884,1,1,0.009,False,-0.2626781883941529,0.7287413333800048
