camera_matrix:
- - 2235.224242925979
  - 0.0
  - 552.1240426008022
- - 0.0
  - 2922.014487364141
  - 427.72746488140774
- - 0.0
  - 0.0
  - 1.0
dist_coeff:
- - -0.6958376099427969
  - 10.978315725915303
  - -0.002339682727865623
  - -0.03615396109705704
  - -69.68626579941771
mean reprojection error:
- 0.040023408276996145
