camera_matrix:
- - 1897.1557447409828
  - 0.0
  - 777.2283020418713
- - 0.0
  - 1874.145276861269
  - 412.38887332050604
- - 0.0
  - 0.0
  - 1.0
dist_coeff:
- - -0.322377744857683
  - 0.9066560558709028
  - 0.008884784075208247
  - -0.000864158062398343
  - 1.3664705574376446
mea reprojection error:
- 0.05083665528123317
