camera_matrix:
- - 1451.3364247909133
  - 0.0
  - 578.0859409594004
- - 0.0
  - 1420.2787437942116
  - 294.863520497849
- - 0.0
  - 0.0
  - 1.0
dist_coeff:
- - -0.2983407202104606
  - 0.00045256582469136754
  - 0.023366072510974254
  - -0.0021066401959002174
  - 6.522539385526574
mean reprojection error:
- 0.03254125970602383
