camera_matrix:
- - 2977.3276561523385
  - 0.0
  - 770.830682619162
- - 0.0
  - 2956.3609887312828
  - 442.2770018640051
- - 0.0
  - 0.0
  - 1.0
dist_coeff:
- - -0.6717115430819334
  - 28.98322816946667
  - 0.01612744411918325
  - 0.003595136441647849
  - -543.8474037584899
mean reprojection error:
- 0.06147723235502325
