camera_matrix:
- - 3994.621795244336
  - 0.0
  - 699.7266760098353
- - 0.0
  - 4168.2301977556
  - 501.4810012219631
- - 0.0
  - 0.0
  - 1.0
dist_coeff:
- - -0.7761893228979728
  - 14.109226234337902
  - 0.036797301361885276
  - -0.009286439398154375
  - 0.9143518681839323
mean reprojection error:
- 0.060978425901932976
