camera_matrix:
- - 4037.2310460637627
  - 0.0
  - 772.1248807872454
- - 0.0
  - 4006.5173151382696
  - 425.6908063338927
- - 0.0
  - 0.0
  - 1.0
dist_coeff:
- - -0.9650404005502343
  - 34.310158897698166
  - 0.032680095958420745
  - -0.0017452679208937933
  - 0.9216298252042352
mean reprojection error:
- 0.05970640398551477
