camera_matrix:
- - 6187.171238449346
  - 0.0
  - 868.1673205105507
- - 0.0
  - 6172.105995084215
  - 468.29026298458336
- - 0.0
  - 0.0
  - 1.0
dist_coeff:
- - -7.620908932176967
  - 364.78904865698115
  - 0.19030661688472778
  - -0.0351810124283612
  - 1.534070090019021
mean reprojection error:
- 0.7007036975713946
