Task Time,PC1 Time,PC2 Time,Gaze Calib,s_T_psm1,Tx,Ty,Tz,R00,R01,R02,R10,R11,R12,R20,R21,R22,s_T_psm3,Tx,Ty,Tz,R00,R01,R02,R10,R11,R12,R20,R21,R22,cart_T_ecm,Tx,Ty,Tz,R00,R01,R02,R10,R11,R12,R20,R21,R22,ecm_T_psm1,Tx,Ty,Tz,R00,R01,R02,R10,R11,R12,R20,R21,R22,ecm_T_psm3,Tx,Ty,Tz,R00,R01,R02,R10,R11,R12,R20,R21,R22,psm1_joints,q1,q2,q3,q4,q5,q6,jaw,psm3_joints,q1,q2,q3,q4,q5,q6,jaw,ecm_joints,q1,q2,q3,q4,ecmi_T_ecm,Tx,Ty,Tz,R00,R01,R02,R10,R11,R12,R20,R21,R22,Sample #,Task Duration (s),Collisions (binary),Collisions (increments),Cumulative Collision Time (s),Clutch Press,MTMR Angle,MTML Angle
""
lci_T_si,,,,,-0.057824805,0.033623017,0.23225968,0.99702215,-0.012819277,0.07604288,0.048720323,-0.65965104,-0.7499912,0.059776112,0.7514627,-0.6570622
rci_T_si,,,,,-0.06734889,0.03764145,0.24189119,0.9919741,-0.042941336,0.118926115,0.062775895,-0.649194,-0.758028,0.10975685,0.7594098,-0.6412879
ecm_T_lc,,,,,-4.4061628e-05,-0.00034663224,-0.01840835,-0.99912,0.030754527,0.028518902,-0.031987965,-0.99852574,-0.043852776,0.027128186,-0.04472645,0.9986309
ecm_T_rc,,,,,-0.0043358393,0.01870579,-0.007592615,-0.99555075,-0.052743673,-0.078081585,0.04863213,-0.9973746,0.053654674,-0.08070653,0.04961868,0.9955021
cart_T_ecmi,,,,,0.057426013,1.3232883,0.4341485,0.9967947,0.07827243,-0.016545301,0.041212782,-0.6796525,-0.73237556,-0.068569876,0.7293462,-0.6806998
ecmac_T_ecmrep_psm1,,,,,-0.0012004398,-0.28172868,-0.2751139,0.9977453,0.05981805,0.030433392,-0.056875188,0.9943363,-0.089780115,-0.035631496,0.08784678,0.9954965
ecmac_T_ecmrep_psm3,,,,,-0.035388503,-0.5052441,-0.50078297,0.9946279,0.028167607,0.09960877,-0.04494542,0.98434234,0.17044082,-0.09324822,-0.17400216,0.9803204
""
0,14:36:11.948321,14:34:54.815366,0,,0.12025505,0.0025806427,0.015359774,0.934887,0.16381603,-0.31488222,0.34831536,-0.2527446,0.90266085,0.068285525,-0.95356405,-0.29334736,,0.048208825,-0.04496763,0.03820741,0.1404898,0.77192307,0.6199979,-0.021868914,-0.6236365,0.7814086,0.9898406,-0.123338595,-0.07073346,,0.057415757,1.3232864,0.43414506,0.9967927,0.07830548,-0.016509688,0.041261252,-0.6796487,-0.7323764,-0.068569876,0.7293462,-0.6806998,,-0.080341905,0.27892885,-0.04872447,-0.9275276,-0.11988461,0.35400602,0.27202117,-0.8660773,0.4194217,0.25631437,0.48532233,0.83592176,,-2.9900546e-05,0.45290935,-0.33282033,-0.169447,-0.7454008,-0.6447212,0.8500658,-0.44155207,0.28708866,-0.49867406,-0.49940914,0.7084594,,1.1620627837831847,0.3221769700468981,0.20104420868000003,3.6261681926778797,0.09345936583956126,-0.6358725735714847,-0.415873992377875,,-1.138964089756379,-0.1088287516635718,0.17062546754000002,-1.8498846814204737,-1.111264652592327,-0.5315473731911811,0.8627833573212631,,0.023856469213197493,0.036593009429626115,0.08941130016,-0.1167695939710949,,-1.0065734e-05,-2.026558e-06,3.9339066e-06,1.0,3.309548e-05,3.5464764e-05,-3.311038e-05,1.0,3.3676624e-06,-3.5464764e-05,-3.33786e-06,1.0,35,0.105,0,0,0.0,False,-0.26196325577190027,1.0374449371638625
0.12374199899977611,14:36:11.971256,14:34:54.815366,0,,0.120228544,0.0024873465,0.015554249,0.934888,0.16261242,-0.31550246,0.34833705,-0.24964014,0.903516,0.06816083,-0.9545872,-0.29002956,,0.04826435,-0.044944704,0.03819722,0.14050242,0.7719764,0.6199286,-0.021902084,-0.6235631,0.78146625,0.9898381,-0.12337558,-0.07070422,,0.05740431,1.3232858,0.4341474,0.99679244,0.07830992,-0.016504902,0.041267764,-0.67964816,-0.7323765,-0.068569876,0.7293462,-0.6806998,,-0.08031763,0.27900356,-0.048926834,-0.92752385,-0.11854437,0.3544668,0.27194196,-0.8646436,0.42242044,0.25641188,0.48819944,0.83421475,,-7.470461e-05,0.452908,-0.33279508,-0.16945978,-0.7454512,-0.6446595,0.8500466,-0.44155455,0.28714177,-0.49870253,-0.49933165,0.70849395,,1.162448920426896,0.322207860978395,0.20083032083000002,3.6261681926778797,0.09345936583956126,-0.6390580444369667,-0.4157106483117407,,-1.138956367023505,-0.1088287516635718,0.17062546754000002,-1.8498846814204737,-1.111264652592327,-0.5315473731911811,0.8627833573212631,,0.023856469213197493,0.036593009429626115,0.08941130016,-0.1167695939710949,,-2.1658838e-05,-8.34465e-07,2.9802322e-06,1.0,3.7543476e-05,4.022941e-05,-3.7550926e-05,1.0,3.8444996e-06,-4.022941e-05,-3.784895e-06,1.0,43,0.129,0,0,0.0,False,-0.2611887454311268,1.0373000965615242
0.14671559099997467,14:36:12.003953,14:34:54.815366,0,,0.120190464,0.0023574978,0.015866876,0.9352533,0.15938655,-0.31606528,0.34740937,-0.24207073,0.9059296,0.067882806,-0.9570776,-0.28176984,,0.048265383,-0.044943467,0.038197875,0.14049542,0.77202815,0.6198658,-0.02191025,-0.623498,0.7815179,0.9898389,-0.12338106,-0.07068333,,0.05740431,1.3232858,0.4341474,0.99679244,0.07830992,-0.016504902,0.041267764,-0.67964816,-0.7323765,-0.068569876,0.7293462,-0.6806998,,-0.08029962,0.27913994,-0.04923845,-0.9278987,-0.114989884,0.35465664,0.27109206,-0.8611369,0.43006086,0.25595528,0.49519753,0.83022064,,-7.5798715e-05,0.4529091,-0.3327943,-0.16945252,-0.745505,-0.64459926,0.85004365,-0.4415303,0.2871877,-0.49870998,-0.49927282,0.7085302,,1.1630204026595885,0.32229281104001145,0.20050624833000003,3.627006952451818,0.0929128198404995,-0.6470252830566587,-0.4152206161133378,,-1.138964089756379,-0.10882102893069756,0.17062546754000002,-1.8498846814204737,-1.111264652592327,-0.5316290519313217,0.8626200132551287,,0.023856469213197493,0.036593009429626115,0.08941130016,-0.1167695939710949,,-2.1658838e-05,-8.34465e-07,2.9802322e-06,1.0,3.7543476e-05,4.022941e-05,-3.7550926e-05,1.0,3.8444996e-06,-4.022941e-05,-3.784895e-06,1.0,54,0.163,0,0,0.0,False,-0.2618441003348577,1.0379760193724363
0.1793941400001131,14:36:12.038410,14:34:54.900362,0,,0.12013346,0.002216667,0.016224802,0.9355474,0.1569277,-0.31642503,0.3465781,-0.23519167,0.9080576,0.06807883,-0.9591968,-0.2744207,,0.04826435,-0.044944704,0.03819722,0.14050242,0.772027,0.61986554,-0.021902084,-0.6234993,0.7815172,0.9898381,-0.12338135,-0.07069418,,0.05740431,1.3232858,0.4341474,0.99679244,0.07830992,-0.016504902,0.041267764,-0.67964816,-0.7323765,-0.068569876,0.7293462,-0.6806998,,-0.08026542,0.2793018,-0.04959037,-0.9282249,-0.11223918,0.35468414,0.27065223,-0.8578554,0.43684262,0.25523686,0.5014843,0.8266606,,-7.470461e-05,0.452908,-0.33279508,-0.16945978,-0.74550384,-0.6445986,0.8500466,-0.4415311,0.28717783,-0.49870253,-0.49927378,0.7085348,,1.163761785015514,0.3223545929030053,0.20014069455000003,3.6274263323387865,0.09195636434214143,-0.6539231593039967,-0.415873992377875,,-1.138956367023505,-0.1088287516635718,0.17062546754000002,-1.8498846814204737,-1.111264652592327,-0.5316290519313217,0.8626200132551287,,0.023856469213197493,0.036593009429626115,0.08941130016,-0.1167695939710949,,-2.1658838e-05,-8.34465e-07,2.9802322e-06,1.0,3.7543476e-05,4.022941e-05,-3.7550926e-05,1.0,3.8444996e-06,-4.022941e-05,-3.784895e-06,1.0,66,0.199,0,0,0.0,False,-0.26202283349042155,1.0374449371638625
0.21387231000016982,14:36:12.070998,14:34:54.900362,0,,0.120106116,0.0021222979,0.016513556,0.9356432,0.15601185,-0.31659475,0.3463688,-0.23348796,0.90857697,0.06782766,-0.9597623,-0.2724991,,0.048264466,-0.04494591,0.03819704,0.14050205,0.77207625,0.6198043,-0.02189508,-0.6234381,0.78156614,0.9898383,-0.12338227,-0.07068965,,0.05740431,1.3232858,0.4341474,0.99679244,0.07830992,-0.016504902,0.041267764,-0.67964816,-0.7323765,-0.068569876,0.7293462,-0.6806998,,-0.08025591,0.2794453,-0.049859326,-0.92831284,-0.11124944,0.3547659,0.27032426,-0.857066,0.43859172,0.2552647,0.5030522,0.8256988,,-7.477353e-05,0.45290723,-0.33279604,-0.16945966,-0.74555516,-0.6445393,0.85005015,-0.44150463,0.28720802,-0.4986965,-0.49922055,0.7085765,,1.1643255445153324,0.32256310669060934,0.19985680704000003,3.627636022282271,0.09195636434214143,-0.6553116978863862,-0.4160373364440092,,-1.138956367023505,-0.10883647439644602,0.17062546754000002,-1.8498846814204737,-1.111264652592327,-0.5317107306714624,0.8627833573212631,,0.023856469213197493,0.036593009429626115,0.08941130016,-0.1167695939710949,,-2.1658838e-05,-8.34465e-07,2.9802322e-06,1.0,3.7543476e-05,4.022941e-05,-3.7550926e-05,1.0,3.8444996e-06,-4.022941e-05,-3.784895e-06,1.0,81,0.245,0,0,0.0,False,-0.2622611443645053,1.0371552559591857
0.2464626649998536,14:36:12.103394,14:34:54.900362,0,,0.12007809,0.0020274967,0.016846582,0.9357093,0.15433984,-0.31721833,0.34627813,-0.2300972,0.90947604,0.06737733,-0.96085083,-0.2687486,,0.04826435,-0.044944704,0.03819722,0.14050242,0.7720776,0.6198025,-0.021902084,-0.62343544,0.7815681,0.9898381,-0.12338713,-0.070684075,,0.05740431,1.3232858,0.4341474,0.99679244,0.07830992,-0.016504902,0.041267764,-0.67964816,-0.7323765,-0.068569876,0.7293462,-0.6806998,,-0.08024807,0.27962047,-0.050159223,-0.9283574,-0.10943205,0.35521418,0.26993537,-0.8554712,0.44193202,0.255514,0.5061557,0.8237226,,-7.470461e-05,0.452908,-0.33279508,-0.16945978,-0.7455565,-0.64453775,0.8500466,-0.44150764,0.2872139,-0.49870253,-0.4992159,0.70857555,,1.16499742227539,0.3228720160055783,0.1995379197,3.627845712225756,0.0922296373416723,-0.6584749683388393,-0.41571064831174065,,-1.138956367023505,-0.1088287516635718,0.17062546754000002,-1.8498846814204737,-1.111264652592327,-0.5317107306714624,0.8627833573212631,,0.023856469213197493,0.036593009429626115,0.08941130016,-0.1167695939710949,,-2.1658838e-05,-8.34465e-07,2.9802322e-06,1.0,3.7543476e-05,4.022941e-05,-3.7550926e-05,1.0,3.8444996e-06,-4.022941e-05,-3.784895e-06,1.0,85,0.257,0,0,0.0,False,-0.26232072208302704,1.036865574754509
0.2788598719998845,14:36:12.124660,14:34:54.900362,0,,0.1200587,0.002002731,0.017057657,0.9356663,0.15311977,-0.31793562,0.34648466,-0.22779536,0.9099767,0.066911176,-0.9615942,-0.26619408,,0.04826435,-0.044944704,0.03819722,0.14050242,0.7720776,0.6198025,-0.021902084,-0.62343544,0.7815681,0.9898381,-0.12338713,-0.070684075,,0.05740431,1.3232858,0.4341474,0.99679244,0.07830992,-0.016504902,0.041267764,-0.67964816,-0.7323765,-0.068569876,0.7293462,-0.6806998,,-0.08024054,0.27975598,-0.050323904,-0.92828435,-0.10811321,0.35580856,0.26974288,-0.8543901,0.44413552,0.2559824,0.50826085,0.8222797,,-7.470461e-05,0.452908,-0.33279508,-0.16945978,-0.7455565,-0.64453775,0.8500466,-0.44150764,0.2872139,-0.49870253,-0.4992159,0.70857555,,1.1655225681108372,0.3231886480534215,0.19935773539,3.627845712225756,0.09277618334073406,-0.6605542147564363,-0.4162006805101435,,-1.138956367023505,-0.1088287516635718,0.17062546754000002,-1.8498846814204737,-1.111264652592327,-0.5317107306714624,0.8627833573212631,,0.023856469213197493,0.036593009429626115,0.08941130016,-0.1167695939710949,,-2.1658838e-05,-8.34465e-07,2.9802322e-06,1.0,3.7543476e-05,4.022941e-05,-3.7550926e-05,1.0,3.8444996e-06,-4.022941e-05,-3.784895e-06,1.0,93,0.281,0,0,0.0,False,-0.2626781883941529,1.0369138549552883
0.3001228140001331,14:36:12.142180,14:34:54.900362,0,,0.120047435,0.0020005405,0.01723075,0.9353785,0.15297928,-0.31884867,0.34714133,-0.22501883,0.9104172,0.06752801,-0.9622701,-0.26358327,,0.048264466,-0.04494591,0.03819704,0.14050205,0.7721269,0.6197412,-0.02189508,-0.6233743,0.78161705,0.9898383,-0.12338805,-0.070679545,,0.05740431,1.3232858,0.4341474,0.99679244,0.07830992,-0.016504902,0.041267764,-0.67964816,-0.7323765,-0.068569876,0.7293462,-0.6806998,,-0.080238506,0.27987954,-0.050445627,-0.9280121,-0.10786292,0.3565938,0.2706481,-0.8529529,0.44634178,0.25601396,0.510722,0.8207435,,-7.477353e-05,0.45290723,-0.33279604,-0.16945966,-0.7456078,-0.6444784,0.85005015,-0.44148117,0.28724408,-0.4986965,-0.49916267,0.70861727,,1.1660013775490392,0.3235052801012647,0.19922032865000003,3.6267972625083336,0.09277618334073406,-0.662841219480372,-0.4163640245762778,,-1.138956367023505,-0.10883647439644602,0.17062546754000002,-1.8498846814204737,-1.111264652592327,-0.5317924094116029,0.8629467013873973,,0.023856469213197493,0.036593009429626115,0.08941130016,-0.1167695939710949,,-2.1658838e-05,-8.34465e-07,2.9802322e-06,1.0,3.7543476e-05,4.022941e-05,-3.7550926e-05,1.0,3.8444996e-06,-4.022941e-05,-3.784895e-06,1.0,101,0.305,0,0,0.0,False,-0.26327396557936344,1.0373000965615242
0.31764119299987215,14:36:12.171569,14:34:55.049468,0,,0.12000604,0.0020049065,0.017475724,0.93536484,0.15142214,-0.31963134,0.34717694,-0.22052374,0.91150284,0.067535385,-0.9635562,-0.25884047,,0.04826435,-0.044944704,0.03819722,0.14050242,0.7721283,0.6197394,-0.021902084,-0.6233716,0.781619,0.9898381,-0.123392925,-0.07067403,,0.05740431,1.3232858,0.4341474,0.99679244,0.07830992,-0.016504902,0.041267764,-0.67964816,-0.7323765,-0.068569876,0.7293462,-0.6806998,,-0.08021002,0.2800601,-0.050613955,-0.9279978,-0.106120184,0.35715342,0.27067834,-0.8507384,0.45053017,0.25603378,0.5147647,0.8182078,,-7.470461e-05,0.452908,-0.33279508,-0.16945978,-0.74560916,-0.64447683,0.8500466,-0.44148418,0.28724995,-0.49870253,-0.49915802,0.7086163,,1.1667968190350844,0.3238836940121017,0.1990323666,3.626587572564848,0.09277618334073406,-0.6669251564874001,-0.41669071270854646,,-1.138956367023505,-0.1088287516635718,0.17062546754000002,-1.8498846814204737,-1.111264652592327,-0.5317924094116029,0.8629467013873973,,0.023856469213197493,0.036593009429626115,0.08941130016,-0.1167695939710949,,-2.1658838e-05,-8.34465e-07,2.9802322e-06,1.0,3.7543476e-05,4.022941e-05,-3.7550926e-05,1.0,3.8444996e-06,-4.022941e-05,-3.784895e-06,1.0,116,0.351,0,0,0.0,False,-0.2611887454311268,1.0373000965615242
0.3470227469997553,14:36:12.211704,14:34:55.049468,0,,0.11997054,0.0020296574,0.017914176,0.9361846,0.15024973,-0.31777927,0.34471983,-0.21561217,0.9136081,0.06875229,-0.9648503,-0.25364685,,0.048265383,-0.044943467,0.038197875,0.14049542,0.77202815,0.6198658,-0.02191025,-0.623498,0.7815179,0.9898389,-0.12338106,-0.07068333,,0.05740431,1.3232858,0.4341474,0.99679244,0.07830992,-0.016504902,0.041267764,-0.67964816,-0.7323765,-0.068569876,0.7293462,-0.6806998,,-0.080197096,0.28039426,-0.05090084,-0.92894626,-0.10474995,0.3550864,0.2698392,-0.848249,0.45569772,0.25346735,0.5191349,0.81624335,,-7.5798715e-05,0.4529091,-0.3327943,-0.16945252,-0.745505,-0.64459926,0.85004365,-0.4415303,0.2871877,-0.49870998,-0.49927282,0.7085302,,1.1681714654866961,0.3246482445666499,0.19870181265000003,3.627636022282271,0.09031672634495613,-0.6704737885504228,-0.4145672398488008,,-1.138964089756379,-0.10882102893069756,0.17062546754000002,-1.8498846814204737,-1.111264652592327,-0.5316290519313217,0.8629467013873975,,0.023856469213197493,0.036593009429626115,0.08941130016,-0.1167695939710949,,-2.1658838e-05,-8.34465e-07,2.9802322e-06,1.0,3.7543476e-05,4.022941e-05,-3.7550926e-05,1.0,3.8444996e-06,-4.022941e-05,-3.784895e-06,1.0,124,0.376,0,0,0.0,False,-0.2618441003348577,1.0365276133490526
0.3871675380000852,14:36:12.240100,14:34:55.049468,0,,0.11994795,0.002035886,0.018199697,0.9363605,0.14941253,-0.3176555,0.3441425,-0.21220985,0.91462183,0.06924632,-0.9657343,-0.25012416,,0.048265383,-0.044943467,0.038197875,0.14049542,0.77202815,0.6198658,-0.02191025,-0.623498,0.7815179,0.9898389,-0.12338106,-0.07068333,,0.05740431,1.3232858,0.4341474,0.99679244,0.07830992,-0.016504902,0.041267764,-0.67964816,-0.7323765,-0.068569876,0.7293462,-0.6806998,,-0.080189474,0.28060496,-0.051094774,-0.92916346,-0.10377641,0.35480374,0.2697925,-0.846515,0.45893836,0.2527197,0.5221521,0.8145489,,-7.5798715e-05,0.4529091,-0.3327943,-0.16945252,-0.745505,-0.64459926,0.85004365,-0.4415303,0.2871877,-0.49870998,-0.49927282,0.7085302,,1.169020966102861,0.32515794493634875,0.19848144335,3.627636022282271,0.08963354384612894,-0.6731021698974227,-0.4165273686424121,,-1.138964089756379,-0.10882102893069756,0.17062546754000002,-1.8498846814204737,-1.111264652592327,-0.5316290519313217,0.8629467013873975,,0.023856469213197493,0.036593009429626115,0.08941130016,-0.1167695939710949,,-2.1658838e-05,-8.34465e-07,2.9802322e-06,1.0,3.7543476e-05,4.022941e-05,-3.7550926e-05,1.0,3.8444996e-06,-4.022941e-05,-3.784895e-06,1.0,132,0.399,0,0,0.0,False,-0.26095043455704303,1.0369621351560678
0.4155597150001995,14:36:12.262248,14:34:55.049468,0,,0.11993121,0.0020370185,0.018370703,0.9367036,0.15036541,-0.31619084,0.34280795,-0.21023294,0.91557896,0.07119766,-0.9660187,-0.24847245,,0.048265383,-0.044943467,0.038197875,0.14049542,0.7719775,0.61992896,-0.02191025,-0.62356186,0.781467,0.9898389,-0.1233753,-0.0706934,,0.05740431,1.3232858,0.4341474,0.99679244,0.07830992,-0.016504902,0.041267764,-0.67964816,-0.7323765,-0.068569876,0.7293462,-0.6806998,,-0.08018178,0.28072944,-0.051212985,-0.9296449,-0.10465967,0.35327995,0.2702696,-0.8453704,0.4607637,0.25042903,0.52382743,0.8141806,,-7.5798715e-05,0.4529091,-0.3327943,-0.16945252,-0.7454523,-0.6446602,0.85004365,-0.44155374,0.28715163,-0.49870998,-0.4993307,0.7084894,,1.1695847256026792,0.3253587359910786,0.19834662919,3.6274263323387865,0.08717408685035101,-0.6741187610160879,-0.4153839601794722,,-1.138964089756379,-0.10882102893069756,0.17062546754000002,-1.8498846814204737,-1.111264652592327,-0.5315473731911811,0.8627833573212631,,0.023856469213197493,0.036593009429626115,0.08941130016,-0.1167695939710949,,-2.1658838e-05,-8.34465e-07,2.9802322e-06,1.0,3.7543476e-05,4.022941e-05,-3.7550926e-05,1.0,3.8444996e-06,-4.022941e-05,-3.784895e-06,1.0,140,0.424,0,0,0.0,False,-0.2618441003348577,1.0371069757584064
0.4377126370000042,14:36:12.286208,14:34:55.049468,0,,0.119906016,0.002024904,0.018562287,0.9367362,0.15122199,-0.3156854,0.34225476,-0.20658568,0.9166156,0.07339634,-0.96667165,-0.24527279,,0.048265383,-0.044943467,0.038197875,0.14049542,0.7719775,0.61992896,-0.02191025,-0.62356186,0.781467,0.9898389,-0.1233753,-0.0706934,,0.05740431,1.3232858,0.4341474,0.99679244,0.07830992,-0.016504902,0.041267764,-0.67964816,-0.7323765,-0.068569876,0.7293462,-0.6806998,,-0.08016708,0.28085977,-0.051355403,-0.9298085,-0.10538259,0.35263398,0.27147216,-0.8433335,0.4637796,0.24851374,0.5269565,0.81274706,,-7.5798715e-05,0.4529091,-0.3327943,-0.16945252,-0.7454523,-0.6446602,0.85004365,-0.44155374,0.28715163,-0.49870998,-0.4993307,0.7084894,,1.170194821499743,0.32554408158006,0.19818848181,3.626377882621364,0.08498790285410396,-0.676828405264676,-0.4153839601794721,,-1.138964089756379,-0.10882102893069756,0.17062546754000002,-1.8498846814204737,-1.111264652592327,-0.5315473731911811,0.8627833573212631,,0.023856469213197493,0.036593009429626115,0.08941130016,-0.1167695939710949,,-2.1658838e-05,-8.34465e-07,2.9802322e-06,1.0,3.7543476e-05,4.022941e-05,-3.7550926e-05,1.0,3.8444996e-06,-4.022941e-05,-3.784895e-06,1.0,148,0.449,0,0,0.0,False,-0.26112916771260597,1.0370586955576269
0.4616688319997593,14:36:12.308387,14:34:55.201966,0,,0.11988915,0.0020056367,0.018873766,0.93696433,0.1527359,-0.31427634,0.34104973,-0.20399714,0.91764385,0.07604568,-0.9669833,-0.24322861,,0.048264116,-0.04494232,0.038197637,0.14050314,0.7719792,0.61992496,-0.021916002,-0.62355775,0.7814702,0.98983765,-0.123385265,-0.070693135,,0.05740431,1.3232858,0.4341474,0.99679244,0.07830992,-0.016504902,0.041267764,-0.67964816,-0.7323765,-0.068569876,0.7293462,-0.6806998,,-0.08016722,0.28107145,-0.0515853,-0.9302085,-0.10680807,0.35114688,0.27254474,-0.84179616,0.46593842,0.24582809,0.5291231,0.8121559,,-7.4566735e-05,0.45290953,-0.33279318,-0.16946,-0.7454539,-0.64465636,0.8500395,-0.44156057,0.2871535,-0.49871454,-0.49932232,0.7084921,,1.1710752130474047,0.3259611091552681,0.1979305201,3.6255391228474263,0.08211853635902971,-0.6779191363729548,-0.41620068051014353,,-1.138956367023505,-0.10881330619782334,0.17062546754000002,-1.8498846814204737,-1.111264652592327,-0.5315473731911811,0.8627833573212631,,0.023856469213197493,0.036593009429626115,0.08941130016,-0.1167695939710949,,-2.1658838e-05,-8.34465e-07,2.9802322e-06,1.0,3.7543476e-05,4.022941e-05,-3.7550926e-05,1.0,3.8444996e-06,-4.022941e-05,-3.784895e-06,1.0,163,0.495,0,0,0.0,False,-0.2622015666459845,1.0371552559591857
0.4838491669997893,14:36:12.357161,14:34:55.201966,0,,0.11978756,0.0019394159,0.019390076,0.93629307,0.15330935,-0.31599307,0.3425941,-0.2004889,0.91784173,0.077360585,-0.96762604,-0.24023929,,0.048263744,-0.0449425,0.03819889,0.14050314,0.7719792,0.61992496,-0.021916002,-0.62355775,0.7814702,0.98983765,-0.123385265,-0.070693135,,0.05740431,1.3232858,0.4341474,0.99679244,0.07830992,-0.016504902,0.041267764,-0.67964816,-0.7323765,-0.068569876,0.7293462,-0.6806998,,-0.08009488,0.28140008,-0.05199526,-0.92956656,-0.1072526,0.35270786,0.27457556,-0.83984256,0.46826562,0.24599639,0.53212905,0.8101385,,-7.4226875e-05,0.4529105,-0.33279395,-0.16946,-0.7454539,-0.64465636,0.8500395,-0.44156057,0.2871535,-0.49871454,-0.49932232,0.7084921,,1.172635205087998,0.32647080952496693,0.19749107779000002,3.6230228435256118,0.08184526335949882,-0.6797382690690761,-0.41620068051014353,,-1.138956367023505,-0.10881330619782334,0.17062417125,-1.8498846814204737,-1.111264652592327,-0.5315473731911811,0.8627833573212631,,0.023856469213197493,0.036593009429626115,0.08941130016,-0.1167695939710949,,-2.1658838e-05,-8.34465e-07,2.9802322e-06,1.0,3.7543476e-05,4.022941e-05,-3.7550926e-05,1.0,3.8444996e-06,-4.022941e-05,-3.784895e-06,1.0,171,0.519,0,0,0.0,False,-0.2620824112089424,1.0370586955576269
0.5326029910002035,14:36:12.381688,14:34:55.201966,0,,0.11974393,0.0019217134,0.01958111,0.9360718,0.15381466,-0.31640288,0.3430009,-0.19902489,0.91800845,0.07823108,-0.96784806,-0.23906022,,0.048263624,-0.044941306,0.038199067,0.14050353,0.7719806,0.6199232,-0.021922976,-0.62355506,0.7814721,0.9898374,-0.12339009,-0.07068756,,0.05740431,1.3232858,0.4341474,0.99679244,0.07830992,-0.016504902,0.041267764,-0.67964816,-0.7323765,-0.068569876,0.7293462,-0.6806998,,-0.0800619,0.2815265,-0.052142363,-0.92938083,-0.10770611,0.35305905,0.27548948,-0.8389992,0.46923965,0.2456763,0.5333664,0.80942166,,-7.4157935e-05,0.4529113,-0.332793,-0.16946012,-0.7454552,-0.6446548,0.8500359,-0.44156358,0.2871594,-0.49872056,-0.49931768,0.70849115,,1.1732684691836843,0.32664070964819986,0.19733293041000002,3.621974393808189,0.08129871736043706,-0.6804360998162582,-0.4163640245762778,,-1.138956367023505,-0.10880558346494912,0.17062417125,-1.8498846814204737,-1.111264652592327,-0.5315473731911811,0.8627833573212631,,0.023856469213197493,0.036593009429626115,0.08941130016,-0.1167695939710949,,-2.1658838e-05,-8.34465e-07,2.9802322e-06,1.0,3.7543476e-05,4.022941e-05,-3.7550926e-05,1.0,3.8444996e-06,-4.022941e-05,-3.784895e-06,1.0,179,0.543,0,0,0.0,False,-0.2617249448978165,1.0370586955576269
0.5571517690000292,14:36:12.407310,14:34:55.201966,0,,0.119714,0.0018966198,0.019788072,0.93594307,0.1540111,-0.31668806,0.34314382,-0.19675839,0.91844356,0.079139456,-0.9682802,-0.23700264,,0.048263997,-0.044941112,0.038197815,0.14050353,0.7720312,0.6198601,-0.021922976,-0.6234912,0.781523,0.9898374,-0.12339586,-0.07067752,,0.05740431,1.3232858,0.4341474,0.99679244,0.07830992,-0.016504902,0.041267764,-0.67964816,-0.7323765,-0.068569876,0.7293462,-0.6806998,,-0.08004363,0.281659,-0.05230506,-0.9292965,-0.107818685,0.3532466,0.27624625,-0.83774585,0.47103074,0.24514495,0.53531027,0.80829877,,-7.4497795e-05,0.4529103,-0.33279222,-0.16946012,-0.74550784,-0.6445939,0.8500359,-0.44154012,0.28719547,-0.49872056,-0.4992598,0.7085319,,1.1738708423478739,0.32686466890155236,0.19715663497000002,3.6211356340342506,0.08061553486160986,-0.6820026575414306,-0.41603733644400914,,-1.138956367023505,-0.10880558346494912,0.17062546754000002,-1.8498846814204737,-1.111264652592327,-0.5316290519313217,0.8626200132551287,,0.023856469213197493,0.036593009429626115,0.08941130016,-0.1167695939710949,,-2.1658838e-05,-8.34465e-07,2.9802322e-06,1.0,3.7543476e-05,4.022941e-05,-3.7550926e-05,1.0,3.8444996e-06,-4.022941e-05,-3.784895e-06,1.0,187,0.567,0,0,0.0,False,-0.261427056305211,1.0373483767623035
0.5827753749999829,14:36:12.432686,14:34:55.201966,0,,0.11967973,0.0018386543,0.020117223,0.93569607,0.15513355,-0.31687012,0.34322083,-0.19231021,0.9193564,0.08168562,-0.9689945,-0.23318905,,0.048264965,-0.04494247,0.038196504,0.14053617,0.77190346,0.6200118,-0.02200982,-0.62363636,0.7814048,0.98983085,-0.12346196,-0.070654005,,0.05740431,1.3232858,0.4341474,0.99679244,0.07830992,-0.016504902,0.041267764,-0.67964816,-0.7323765,-0.068569876,0.7293462,-0.6806998,,-0.08002838,0.281857,-0.052576043,-0.9291824,-0.10878232,0.35325122,0.27814123,-0.83520395,0.4744174,0.24342857,0.53907406,0.80631363,,-7.537765e-05,0.45290843,-0.3327928,-0.16948949,-0.74537313,-0.644742,0.849987,-0.44166225,0.28715256,-0.498794,-0.49935296,0.70841455,,1.1747512338955355,0.3271735782165214,0.19686367343000002,3.6192484245428904,0.07856598736512826,-0.6851504346542776,-0.41620068051014353,,-1.138956367023505,-0.10880558346494912,0.17062676383000003,-1.8496749914769892,-1.111264652592327,-0.5316290519313217,0.8626200132551287,,0.023856469213197493,0.036593009429626115,0.08941130016,-0.1167695939710949,,-2.1658838e-05,-8.34465e-07,2.9802322e-06,1.0,3.7543476e-05,4.022941e-05,-3.7550926e-05,1.0,3.8444996e-06,-4.022941e-05,-3.784895e-06,1.0,202,0.613,0,0,0.0,False,-0.260652545964438,1.0373000965615242
0.6081138139998075,14:36:12.476408,14:34:55.201966,0,,0.119614795,0.0017543435,0.020474166,0.93526685,0.15699062,-0.31722233,0.34343013,-0.1856919,0.920638,0.08562589,-0.9699857,-0.22758684,,0.04826687,-0.044938102,0.03819388,0.14052993,0.7719072,0.62000847,-0.022031933,-0.62362975,0.78140944,0.98983127,-0.123471364,-0.07063204,,0.05740431,1.3232858,0.4341474,0.99679244,0.07830992,-0.016504902,0.041267764,-0.67964816,-0.7323765,-0.068569876,0.7293462,-0.6806998,,-0.07998469,0.28205743,-0.05288696,-0.92895675,-0.11040656,0.35334092,0.28113705,-0.831374,0.47935292,0.24083474,0.54463536,0.80334985,,-7.735347e-05,0.45290816,-0.33278775,-0.16948245,-0.7453769,-0.6447395,0.84997696,-0.44166747,0.2871742,-0.49881345,-0.4993427,0.70840806,,1.1757860801006816,0.3272971419425089,0.19653441577000003,3.616312765334107,0.07528671137075768,-0.6901542065387762,-0.41391386358426363,,-1.138964089756379,-0.10878241526632644,0.17063065270000002,-1.8496749914769892,-1.111264652592327,-0.5316290519313217,0.8626200132551287,,0.023856469213197493,0.036593009429626115,0.08941130016,-0.1167695939710949,,-2.1658838e-05,-8.34465e-07,2.9802322e-06,1.0,3.7543476e-05,4.022941e-05,-3.7550926e-05,1.0,3.8444996e-06,-4.022941e-05,-3.784895e-06,1.0,210,0.638,0,0,0.0,False,-0.26202283349042155,1.0370586955576269
0.6518713840000601,14:36:12.498786,14:34:55.201966,0,,0.119559206,0.0016486347,0.020794705,0.9346616,0.15667057,-0.31915838,0.34477517,-0.18018907,0.9212285,0.0868205,-0.9710747,-0.22243199,,0.04826712,-0.04493667,0.038192928,0.14053029,0.77190864,0.6200067,-0.022038907,-0.62362707,0.78141135,0.989831,-0.12347621,-0.07062644,,0.05740431,1.3232858,0.4341474,0.99679244,0.07830992,-0.016504902,0.041267764,-0.67964816,-0.7323765,-0.068569876,0.7293462,-0.6806998,,-0.07994897,0.28221658,-0.05318763,-0.9283797,-0.109882206,0.35501686,0.28294182,-0.82834405,0.48351842,0.24094602,0.5493378,0.8001081,,-7.762438e-05,0.45290795,-0.332786,-0.16948257,-0.7453782,-0.6447379,0.8499734,-0.44167048,0.28718007,-0.49881947,-0.49933806,0.7084071,,1.176558353388104,0.327436151134245,0.19622200988000002,3.614215865899262,0.07501343837122681,-0.6949954526200983,-0.41456723984880084,,-1.138964089756379,-0.10877469253345222,0.17063194899,-1.8496749914769892,-1.111264652592327,-0.5316290519313217,0.8626200132551287,,0.023856469213197493,0.036593009429626115,0.08941130016,-0.1167695939710949,,-2.1658838e-05,-8.34465e-07,2.9802322e-06,1.0,3.7543476e-05,4.022941e-05,-3.7550926e-05,1.0,3.8444996e-06,-4.022941e-05,-3.784895e-06,1.0,218,0.662,0,0,0.0,False,-0.26297607698675796,1.0371552559591857
0.6741627329997755,14:36:12.524493,14:34:55.201966,0,,0.119559065,0.0015906394,0.02100584,0.9351268,0.15815598,-0.31705642,0.3427942,-0.17752373,0.9224844,0.08961134,-0.9713248,-0.2202222,,0.048267677,-0.044937626,0.038188696,0.14057028,0.77178115,0.6201562,-0.0221245,-0.6237707,0.7812943,0.9898235,-0.12354739,-0.07060832,,0.05740431,1.3232858,0.4341474,0.99679244,0.07830992,-0.016504902,0.041267764,-0.67964816,-0.7323765,-0.068569876,0.7293462,-0.6806998,,-0.07996153,0.28232875,-0.053375233,-0.9290446,-0.111280434,0.3528354,0.2835747,-0.82670856,0.48594064,0.23761636,0.5515157,0.7996054,,-7.802053e-05,0.4529038,-0.3327848,-0.16951929,-0.74524367,-0.64488375,0.84992385,-0.4417964,0.28713313,-0.49889147,-0.49942747,0.7082934,,1.1770294400934318,0.32755199212735836,0.19601849235000002,3.6140061759557773,0.07146088937732537,-0.6965909178317222,-0.4170174008408149,,-1.138956367023505,-0.10877469253345222,0.17063583786000003,-1.849465301533505,-1.111264652592327,-0.5316290519313217,0.8626200132551287,,0.023856469213197493,0.036593009429626115,0.08941130016,-0.1167695939710949,,-2.1658838e-05,-8.34465e-07,2.9802322e-06,1.0,3.7543476e-05,4.022941e-05,-3.7550926e-05,1.0,3.8444996e-06,-4.022941e-05,-3.784895e-06,1.0,226,0.686,0,0,0.0,False,-0.26196325577190027,1.0374449371638625
0.6999547219998021,14:36:12.549555,14:34:55.415835,0,,0.119550146,0.0015023947,0.021324426,0.9348218,0.16298649,-0.3155056,0.34171128,-0.17104161,0.92410934,0.096652746,-0.9716892,-0.2155878,,0.048269078,-0.044936135,0.03818804,0.1405633,0.7717823,0.6201566,-0.022132695,-0.6237695,0.78129506,0.9898243,-0.12354715,-0.07059744,,0.05740431,1.3232858,0.4341474,0.99679244,0.07830992,-0.016504902,0.041267764,-0.67964816,-0.7323765,-0.068569876,0.7293462,-0.6806998,,-0.07997184,0.28249764,-0.05365936,-0.9291414,-0.115909666,0.35108578,0.2879107,-0.8225792,0.49037832,0.23195627,0.55671215,0.797664,,-7.945456e-05,0.45290393,-0.33278325,-0.16951203,-0.7452448,-0.6448844,0.8499209,-0.44179562,0.287143,-0.49889892,-0.49942654,0.7082888,,1.1778094361137283,0.32765238765472326,0.19571127162000002,3.6102317569730555,0.06503897388834966,-0.7006656527340146,-0.41571064831174065,,-1.138964089756379,-0.108766969800578,0.17063713415,-1.849465301533505,-1.111264652592327,-0.5316290519313217,0.8626200132551287,,0.023856469213197493,0.036593009429626115,0.08941130016,-0.1167695939710949,,-2.1658838e-05,-8.34465e-07,2.9802322e-06,1.0,3.7543476e-05,4.022941e-05,-3.7550926e-05,1.0,3.8444996e-06,-4.022941e-05,-3.784895e-06,1.0,234,0.711,0,0,0.0,False,-0.26285692154971585,1.036431052947494
0.7249867470000027,14:36:12.580757,14:34:55.415835,0,,0.11951998,0.0014322698,0.021672636,0.93530935,0.16455075,-0.3132405,0.33926165,-0.16563529,0.9259949,0.10048942,-0.972362,-0.21074608,,0.048270125,-0.04493104,0.03818816,0.1405574,0.77178746,0.6201514,-0.022161812,-0.6237602,0.7813016,0.9898245,-0.12356137,-0.07056987,,0.05740431,1.3232858,0.4341474,0.99679244,0.07830992,-0.016504902,0.041267764,-0.67964816,-0.7323765,-0.068569876,0.7293462,-0.6806998,,-0.07996201,0.2827009,-0.053952064,-0.9298965,-0.1172909,0.34861922,0.28897315,-0.81935275,0.49513188,0.22756767,0.561163,0.7958072,,-8.068175e-05,0.45290637,-0.33277884,-0.16950513,-0.74524987,-0.6448803,0.84990734,-0.44180384,0.28717053,-0.4989244,-0.49941164,0.70828134,,1.178759332257258,0.3278609014423273,0.19539497686,3.6096026871426026,0.06025669639655924,-0.7044438276778526,-0.4163640245762778,,-1.1389718124892534,-0.1087360788690811,0.17063843044000002,-1.849465301533505,-1.111264652592327,-0.5316290519313217,0.8626200132551287,,0.023856469213197493,0.036593009429626115,0.08941130016,-0.1167695939710949,,-2.1658838e-05,-8.34465e-07,2.9802322e-06,1.0,3.7543476e-05,4.022941e-05,-3.7550926e-05,1.0,3.8444996e-06,-4.022941e-05,-3.784895e-06,1.0,249,0.757,0,0,0.0,False,-0.26273776611267374,1.0372518163607447
0.7562015130001782,14:36:12.617198,14:34:55.415835,0,,0.119472325,0.0013753176,0.022069693,0.934817,0.16738346,-0.31320933,0.33962485,-0.16361162,0.92622143,0.10378942,-0.97222114,-0.20979461,,0.048270024,-0.044926018,0.038187742,0.14055888,0.77174234,0.6202072,-0.022189736,-0.62381333,0.7812584,0.98982364,-0.123575,-0.07055777,,0.05740431,1.3232858,0.4341474,0.99679244,0.07830992,-0.016504902,0.041267764,-0.67964816,-0.7323765,-0.068569876,0.7293462,-0.6806998,,-0.07993695,0.28294885,-0.05426996,-0.9295698,-0.12007192,0.34854382,0.29161486,-0.8179059,0.49597448,0.22552344,0.56268346,0.7953153,,-8.0745755e-05,0.45290846,-0.33277425,-0.1695056,-0.74520254,-0.6449349,0.8498931,-0.44183937,0.28715795,-0.49894845,-0.49945086,0.70823675,,1.1799022967226434,0.3282547608189128,0.19505146001,3.606876717877303,0.057797239400781304,-0.7043985951746905,-0.41701740084081484,,-1.1389718124892534,-0.1087051879375842,0.17063972673000002,-1.849465301533505,-1.111264652592327,-0.5315473731911812,0.8624566691889946,,0.023856469213197493,0.036593009429626115,0.08941130016,-0.1167695939710949,,-2.1658838e-05,-8.34465e-07,2.9802322e-06,1.0,3.7543476e-05,4.022941e-05,-3.7550926e-05,1.0,3.8444996e-06,-4.022941e-05,-3.784895e-06,1.0,257,0.781,0,0,0.0,False,-0.26255903295711036,1.0370586955576269
0.7926587030001429,14:36:12.643524,14:34:55.415835,0,,0.11940923,0.0013548732,0.022513062,0.9337973,0.1733373,-0.31301278,0.3405466,-0.16216025,0.9261383,0.109776065,-0.97142065,-0.21045429,,0.048270095,-0.04492396,0.038187027,0.1407191,0.77162737,0.62031394,-0.022248656,-0.62392557,0.78116715,0.9897996,-0.12372628,-0.07063058,,0.05740431,1.3232858,0.4341474,0.99679244,0.07830992,-0.016504902,0.041267764,-0.67964816,-0.7323765,-0.068569876,0.7293462,-0.6806998,,-0.07989796,0.2832558,-0.05459439,-0.9288436,-0.12601875,0.34838024,0.29659173,-0.8164407,0.49543715,0.22199742,0.5635103,0.7957218,,-8.086735e-05,0.4529088,-0.3327721,-0.16966285,-0.74507916,-0.6450361,0.8498367,-0.44202083,0.28704563,-0.4989911,-0.49947435,0.70819014,,1.1813850614344943,0.3287335702571147,0.19469498026,3.6018441592336745,0.053561507908052655,-0.7024965362227722,-0.41620068051014353,,-1.1389718124892534,-0.10868201973896152,0.17063972673000002,-1.8492556115900203,-1.1111280160925618,-0.531577112354737,0.8622933251228604,,0.023856469213197493,0.036593009429626115,0.08941130016,-0.1167695939710949,,-2.1658838e-05,-8.34465e-07,2.9802322e-06,1.0,3.7543476e-05,4.022941e-05,-3.7550926e-05,1.0,3.8444996e-06,-4.022941e-05,-3.784895e-06,1.0,265,0.805,0,0,0.0,False,-0.2632143878608417,1.0371069757584064
0.8189814050001587,14:36:12.669790,14:34:55.415835,0,,0.11933074,0.0013868213,0.022976622,0.9333686,0.17737947,-0.31202534,0.3398416,-0.1570982,0.92726904,0.11545983,-0.9715228,-0.2069115,,0.048272762,-0.04492365,0.03818667,0.1407044,0.771576,0.6203811,-0.0222511,-0.6239922,0.78111374,0.9898016,-0.12371026,-0.070629984,,0.05740431,1.3232858,0.4341474,0.99679244,0.07830992,-0.016504902,0.041267764,-0.67964816,-0.7323765,-0.068569876,0.7293462,-0.6806998,,-0.07984326,0.28361386,-0.05489584,-0.928735,-0.12991291,0.34723756,0.30021238,-0.8130896,0.49875626,0.21754038,0.56745744,0.79414624,,-8.353356e-05,0.45290852,-0.3327717,-0.16964811,-0.745026,-0.64510137,0.84983796,-0.44203666,0.28701755,-0.498994,-0.4995396,0.70814204,,1.1831535672626918,0.32932822068843,0.19435664857,3.5982794301944376,0.04850595741673135,-0.7043366218162657,-0.4150572720472035,,-1.1389872579550018,-0.10868201973896152,0.17064102302,-1.8492556115900203,-1.1111280160925618,-0.5314954336145964,0.8624566691889948,,0.023856469213197493,0.036593009429626115,0.08941130016,-0.1167695939710949,,-2.1658838e-05,-8.34465e-07,2.9802322e-06,1.0,3.7543476e-05,4.022941e-05,-3.7550926e-05,1.0,3.8444996e-06,-4.022941e-05,-3.784895e-06,1.0,273,0.829,0,0,0.0,False,-0.26255903295711036,1.0370104153568473
0.8452455910000936,14:36:12.699922,14:34:55.576923,0,,0.119311444,0.0014253855,0.023295164,0.9326799,0.18335097,-0.31062973,0.33907223,-0.1519086,0.9284147,0.12303838,-0.97123945,-0.2038514,,0.048273016,-0.044922233,0.038185656,0.14070475,0.7715775,0.62037927,-0.022258073,-0.6239896,0.7811157,0.98980135,-0.12371512,-0.07062444,,0.05740431,1.3232858,0.4341474,0.99679244,0.07830992,-0.016504902,0.041267764,-0.67964816,-0.7323765,-0.068569876,0.7293462,-0.6806998,,-0.079839796,0.28387073,-0.05508903,-0.92846876,-0.13574998,0.3457133,0.30516046,-0.80941004,0.5017295,0.21171404,0.5713382,0.79293746,,-8.380447e-05,0.4529083,-0.33276996,-0.16964823,-0.74502736,-0.64509976,0.8498344,-0.44203967,0.28702343,-0.499,-0.49953496,0.7081411,,1.1843505908581966,0.3297915846608835,0.19413109411,3.5936662514377784,0.04208404192775565,-0.7062060307347627,-0.41783412117148633,,-1.1389872579550018,-0.1086742970060873,0.17064231931,-1.8492556115900203,-1.1111280160925618,-0.5314954336145964,0.8624566691889948,,0.023856469213197493,0.036593009429626115,0.08941130016,-0.1167695939710949,,-2.1658838e-05,-8.34465e-07,2.9802322e-06,1.0,3.7543476e-05,4.022941e-05,-3.7550926e-05,1.0,3.8444996e-06,-4.022941e-05,-3.784895e-06,1.0,281,0.854,0,0,0.0,False,-0.2626186106756321,1.0375897777662009
0.8753774769998017,14:36:12.724164,14:34:55.576923,0,,0.11927194,0.0014980286,0.023797601,0.93244576,0.18888232,-0.30800754,0.3362372,-0.14160126,0.9310713,0.13224863,-0.9717368,-0.19554481,,0.0482729,-0.044921026,0.038185835,0.14070512,0.77162945,0.6203145,-0.022265047,-0.62392306,0.78116864,0.9898011,-0.12372573,-0.070608795,,0.05740431,1.3232858,0.4341474,0.99679244,0.07830992,-0.016504902,0.041267764,-0.67964816,-0.7323765,-0.068569876,0.7293462,-0.6806998,,-0.079824984,0.28428423,-0.05538578,-0.92879784,-0.14096938,0.34272766,0.30984682,-0.8027423,0.5095094,0.20329677,0.57942426,0.7892642,,-8.37355e-05,0.45290905,-0.332769,-0.16964835,-0.74508137,-0.64503735,0.8498308,-0.44201925,0.28706542,-0.499006,-0.49947247,0.70818096,,1.1862812740767528,0.33057158068118014,0.19378498468000002,3.589472452568088,0.03306603294323659,-0.7123294412139917,-0.41767077710535205,,-1.1389872579550018,-0.10866657427321308,0.17064231931,-1.8492556115900203,-1.1111280160925618,-0.5315771123547369,0.8626200132551289,,0.023856469213197493,0.036593009429626115,0.08941130016,-0.1167695939710949,,-2.1658838e-05,-8.34465e-07,2.9802322e-06,1.0,3.7543476e-05,4.022941e-05,-3.7550926e-05,1.0,3.8444996e-06,-4.022941e-05,-3.784895e-06,1.0,292,0.888,0,0,0.0,False,-0.26297607698675796,1.0373483767623035
0.8995990509997682,14:36:12.754308,14:34:55.576923,0,,0.11919417,0.0015798956,0.02427417,0.9318863,0.19351067,-0.30682495,0.33514118,-0.13561696,0.9323564,0.1388102,-0.9716797,-0.19123307,,0.0482752,-0.04492098,0.03818667,0.14069039,0.7715781,0.62038165,-0.02226749,-0.6239897,0.7811153,0.9898032,-0.12370972,-0.07060823,,0.05740431,1.3232858,0.4341474,0.99679244,0.07830992,-0.016504902,0.041267764,-0.67964816,-0.7323765,-0.068569876,0.7293462,-0.6806998,,-0.07977036,0.28468624,-0.055660155,-0.9286157,-0.14543243,0.34135363,0.31383264,-0.79864943,0.51348627,0.19794433,0.5839593,0.78727984,,-8.606185e-05,0.45290974,-0.3327694,-0.1696336,-0.7450282,-0.6451026,0.84983206,-0.44203508,0.2870373,-0.4990089,-0.49953774,0.70813286,,1.188258293692554,0.3313206857699799,0.19346998621000003,3.585488343641882,0.02719066345332265,-0.714562843007134,-0.41669071270854635,,-1.1390027034207502,-0.10866657427321308,0.17064231931,-1.8492556115900203,-1.1111280160925618,-0.5314954336145964,0.8624566691889948,,0.023856469213197493,0.036593009429626115,0.08941130016,-0.1167695939710949,,-2.1658838e-05,-8.34465e-07,2.9802322e-06,1.0,3.7543476e-05,4.022941e-05,-3.7550926e-05,1.0,3.8444996e-06,-4.022941e-05,-3.784895e-06,1.0,300,0.912,0,0,0.0,False,-0.26232072208302704,1.036865574754509
