Task Time,PC1 Time,PC2 Time,Gaze Calib,s_T_psm1,Tx,Ty,Tz,R00,R01,R02,R10,R11,R12,R20,R21,R22,s_T_psm3,Tx,Ty,Tz,R00,R01,R02,R10,R11,R12,R20,R21,R22,cart_T_ecm,Tx,Ty,Tz,R00,R01,R02,R10,R11,R12,R20,R21,R22,ecm_T_psm1,Tx,Ty,Tz,R00,R01,R02,R10,R11,R12,R20,R21,R22,ecm_T_psm3,Tx,Ty,Tz,R00,R01,R02,R10,R11,R12,R20,R21,R22,psm1_joints,q1,q2,q3,q4,q5,q6,jaw,psm3_joints,q1,q2,q3,q4,q5,q6,jaw,ecm_joints,q1,q2,q3,q4,ecmi_T_ecm,Tx,Ty,Tz,R00,R01,R02,R10,R11,R12,R20,R21,R22,Sample #,Task Duration (s),Collisions (binary),Collisions (increments),Cumulative Collision Time (s),Clutch Press,MTMR Angle,MTML Angle
""
lci_T_si,,,,,-0.057824805,0.033623017,0.23225968,0.99702215,-0.012819277,0.07604288,0.048720323,-0.65965104,-0.7499912,0.059776112,0.7514627,-0.6570622
rci_T_si,,,,,-0.06734889,0.03764145,0.24189119,0.9919741,-0.042941336,0.118926115,0.062775895,-0.649194,-0.758028,0.10975685,0.7594098,-0.6412879
ecm_T_lc,,,,,-4.4061628e-05,-0.00034663224,-0.01840835,-0.99912,0.030754527,0.028518902,-0.031987965,-0.99852574,-0.043852776,0.027128186,-0.04472645,0.9986309
ecm_T_rc,,,,,-0.0043358393,0.01870579,-0.007592615,-0.99555075,-0.052743673,-0.078081585,0.04863213,-0.9973746,0.053654674,-0.08070653,0.04961868,0.9955021
cart_T_ecmi,,,,,0.057426013,1.3232883,0.4341485,0.9967947,0.07827243,-0.016545301,0.041212782,-0.6796525,-0.73237556,-0.068569876,0.7293462,-0.6806998
ecmac_T_ecmrep_psm1,,,,,-0.0012004398,-0.28172868,-0.2751139,0.9977453,0.05981805,0.030433392,-0.056875188,0.9943363,-0.089780115,-0.035631496,0.08784678,0.9954965
ecmac_T_ecmrep_psm3,,,,,-0.035388503,-0.5052441,-0.50078297,0.9946279,0.028167607,0.09960877,-0.04494542,0.98434234,0.17044082,-0.09324822,-0.17400216,0.9803204
""
0,14:38:41.926922,14:37:24.763256,0,,0.118172385,0.0031631142,0.01199685,0.9139323,0.28416297,-0.28979152,0.14727265,0.43315637,0.8892055,0.3782043,-0.8553519,0.35402608,,0.042934928,-0.041843414,0.029194057,0.510471,0.6579472,0.55364686,-0.063975304,-0.6130105,0.78748035,0.8575118,-0.4374056,-0.27083164,,0.05737338,1.3232865,0.4341482,0.9967918,0.07832095,-0.016493019,0.04128394,-0.6796469,-0.73237675,-0.068569876,0.7293462,-0.6806998,,-0.07803059,0.27694687,-0.046098076,-0.9283807,-0.22685704,0.29435536,0.35682353,-0.32278654,0.8766332,-0.10385646,0.9188823,0.38061675,,0.0054412703,0.4467512,-0.32564974,-0.5335551,-0.62242514,-0.5726307,0.6978694,-0.7064914,0.11767831,-0.4778046,-0.3368336,0.8113235,,1.1720714455881796,0.29339434462466335,0.20462326537000003,3.5808751648852226,-0.3063390324741175,-1.2813507225876029,-0.41195373479065234,,-1.1016787354396231,-0.0849191706849727,0.17559414711000002,-1.6263552016659708,-0.7752754996691091,-0.6898669023416453,0.8722573131570512,,0.023856469213197493,0.03659955441432109,0.08941130016,-0.1167695939710949,,-5.2519143e-05,-3.0994415e-06,2.3841858e-06,1.0,4.8592687e-05,5.2064657e-05,-4.8596412e-05,1.0,4.917383e-06,-5.2064657e-05,-4.887581e-06,0.99999994,35,0.105,0,0,0.0,False,-0.26154621174225356,1.046038812902606
0.11801415899981293,14:38:41.948932,14:37:24.763256,0,,0.11815202,0.0031394511,0.012095183,0.9139704,0.2831385,-0.29067302,0.14671299,0.43729287,0.88727117,0.37832987,-0.853585,0.35813266,,0.04294014,-0.041842952,0.029194355,0.5104451,0.6579553,0.5536613,-0.063982636,-0.6130141,0.78747696,0.85752666,-0.43738848,-0.27081233,,0.05737338,1.3232865,0.4341482,0.9967918,0.07832095,-0.016493019,0.04128394,-0.6796469,-0.73237675,-0.068569876,0.7293462,-0.6806998,,-0.0780161,0.27700183,-0.046184175,-0.92844033,-0.2258171,0.29496646,0.35652596,-0.31862825,0.878274,-0.10434466,0.9205882,0.37633696,,0.005436037,0.44675148,-0.32564956,-0.53352946,-0.62243354,-0.5726455,0.69788,-0.7064785,0.117692985,-0.47781777,-0.33684516,0.811311,,1.1723417412387775,0.29341751282328604,0.20453382136,3.5810848548287066,-0.30688557847317927,-1.2858057753812508,-0.4119537347906521,,-1.1017096263711201,-0.0849191706849727,0.17559544340000002,-1.6263552016659708,-0.7752754996691091,-0.6898669023416453,0.8722573131570512,,0.023856469213197493,0.03659955441432109,0.08941130016,-0.1167695939710949,,-5.2519143e-05,-3.0994415e-06,2.3841858e-06,1.0,4.8592687e-05,5.2064657e-05,-4.8596412e-05,1.0,4.917383e-06,-5.2064657e-05,-4.887581e-06,0.99999994,43,0.129,0,0,0.0,False,-0.2608312791200009,1.045797411898709
0.14002347699988604,14:38:41.980802,14:37:24.844950,0,,0.11816388,0.003110662,0.012237862,0.9133515,0.28467166,-0.29112065,0.14300793,0.445154,0.8839607,0.38123208,-0.8489994,0.36587167,,0.042949613,-0.041842178,0.02919507,0.5105089,0.65794337,0.5536166,-0.063967615,-0.6129924,0.78749514,0.8574898,-0.43743676,-0.27085096,,0.05737338,1.3232865,0.4341482,0.9967918,0.07832095,-0.016493019,0.04128394,-0.6796469,-0.73237675,-0.068569876,0.7293462,-0.6806998,,-0.07803625,0.2770846,-0.04630279,-0.928075,-0.2273797,0.29491562,0.356067,-0.30990848,0.88157415,-0.10905521,0.9231767,0.36858073,,0.005426527,0.44675207,-0.3256494,-0.5335926,-0.62242097,-0.5726003,0.6978522,-0.7065098,0.11766982,-0.47778788,-0.33680263,0.81134623,,1.172673818752369,0.2934561264876571,0.20441456268000002,3.5817139246591605,-0.31166785596496965,-1.2939129235525388,-0.41113701445998085,,-1.101771408234114,-0.0849191706849727,0.17559673969000003,-1.6263552016659708,-0.7751388631693437,-0.689896641505201,0.8720939690909169,,0.023856469213197493,0.03659955441432109,0.08941130016,-0.1167695939710949,,-5.2519143e-05,-3.0994415e-06,2.3841858e-06,1.0,4.8592687e-05,5.2064657e-05,-4.8596412e-05,1.0,4.917383e-06,-5.2064657e-05,-4.887581e-06,0.99999994,54,0.162,0,0,0.0,False,-0.2622611443645053,1.046038812902606
0.17189116600002308,14:38:42.010995,14:37:24.844950,0,,0.11820109,0.0030676574,0.01245828,0.9114932,0.29236537,-0.28931424,0.13583201,0.44996664,0.8826549,0.3882395,-0.843832,0.37042886,,0.042962164,-0.041841403,0.029197752,0.51044416,0.6579634,0.5536524,-0.06398597,-0.61300147,0.78748655,0.85752696,-0.43739393,-0.27080256,,0.05737338,1.3232865,0.4341482,0.9967918,0.07832095,-0.016493019,0.04128394,-0.6796469,-0.73237675,-0.068569876,0.7293462,-0.6806998,,-0.07808619,0.2772131,-0.04648393,-0.9267824,-0.23520432,0.29283655,0.35619122,-0.30300048,0.8839222,-0.11917273,0.9235094,0.36459324,,0.0054138824,0.4467542,-0.3256502,-0.5335284,-0.622442,-0.57263726,0.6978787,-0.7064775,0.11770653,-0.4778208,-0.33683157,0.8113148,,1.1731680736563195,0.29346384922053137,0.20423826724000002,3.581923614602645,-0.32205222994714316,-1.2975336164124138,-0.41244376698905527,,-1.101848635562856,-0.0849191706849727,0.17559803598,-1.6263552016659708,-0.7751388631693437,-0.689896641505201,0.8720939690909169,,0.023856469213197493,0.03659955441432109,0.08941130016,-0.1167695939710949,,-5.2519143e-05,-3.0994415e-06,2.3841858e-06,1.0,4.8592687e-05,5.2064657e-05,-4.8596412e-05,1.0,4.917383e-06,-5.2064657e-05,-4.887581e-06,0.99999994,62,0.187,0,0,0.0,False,-0.26160578946077395,1.0455560108948116
0.20208896999974968,14:38:42.034420,14:37:24.844950,0,,0.11819841,0.003047347,0.012551069,0.9106239,0.29465616,-0.2897275,0.13502108,0.45047885,0.88251805,0.39055544,-0.8427612,0.3704319,,0.04297225,-0.041837886,0.029198766,0.51036966,0.65812075,0.55353415,-0.06386009,-0.61289597,0.78757894,0.8575807,-0.4373051,-0.27077577,,0.05737338,1.3232865,0.4341482,0.9967918,0.07832095,-0.016493019,0.04128394,-0.6796469,-0.73237675,-0.068569876,0.7293462,-0.6806998,,-0.07808897,0.27726603,-0.046562802,-0.92605877,-0.23753396,0.29324526,0.35731766,-0.3019185,0.8838378,-0.121405326,0.9232675,0.36446935,,0.0054036514,0.44675633,-0.32564777,-0.53346,-0.62260556,-0.5725232,0.6979896,-0.7063558,0.117779545,-0.47773525,-0.33678454,0.81138474,,1.1733843101767978,0.29346384922053137,0.20415919355,3.580665474941738,-0.3245116869429211,-1.2971616689486896,-0.41244376698905505,,-1.1019104174258498,-0.08491144795209848,0.17560062856000003,-1.6265648916094555,-0.7751388631693437,-0.6898966415052011,0.8717672809586484,,0.023856469213197493,0.03659955441432109,0.08941130016,-0.1167695939710949,,-5.2519143e-05,-3.0994415e-06,2.3841858e-06,1.0,4.8592687e-05,5.2064657e-05,-4.8596412e-05,1.0,4.917383e-06,-5.2064657e-05,-4.887581e-06,0.99999994,70,0.211,0,0,0.0,False,-0.2620824112089424,1.0454594504932526
0.22547739099991304,14:38:42.061773,14:37:24.844950,0,,0.11814399,0.0030471385,0.012668699,0.90963906,0.29726157,-0.29015937,0.13369551,0.45183587,0.8820259,0.39329687,-0.8411181,0.37126502,,0.04291036,-0.04187997,0.029209793,0.51033384,0.6581237,0.55356354,-0.06372312,-0.6129875,0.78751874,0.8576122,-0.43717223,-0.2708906,,0.057411417,1.3232864,0.4341453,0.9967938,0.07828713,-0.016529463,0.041234337,-0.6796508,-0.7323759,-0.068569876,0.7293462,-0.6806998,,-0.07807128,0.2773534,-0.04664688,-0.92524844,-0.24016201,0.2936623,0.35842797,-0.29983363,0.88409793,-0.124276906,0.923267,0.36350137,,0.0054318183,0.44674626,-0.3256922,-0.5334237,-0.62264544,-0.5725136,0.69810104,-0.7062637,0.11767094,-0.47761285,-0.33690387,0.81140727,,1.1736546058273956,0.2934561264876571,0.20405937922000003,3.579407335280831,-0.32765432643752623,-1.2976211705488727,-0.4126071110551892,,-1.1019721992888438,-0.08491144795209848,0.17560322114000002,-1.62677458155294,-0.7751388631693437,-0.6897332840249201,0.8714405928263796,,0.023856469213197493,0.03659955441432109,0.08941130016,-0.1167695939710949,,-1.4401972e-05,-2.2053719e-06,3.9339066e-06,1.0,1.4714897e-05,1.577288e-05,-1.4726073e-05,1.0,1.4901161e-06,-1.577288e-05,-1.5199184e-06,0.99999994,81,0.244,0,0,0.0,False,-0.26136747858668974,1.045797411898709
0.25285123000003296,14:38:42.082582,14:37:24.844950,0,,0.11813098,0.003007114,0.012804732,0.90940887,0.296791,-0.29136005,0.13262182,0.45703846,0.87950385,0.39419162,-0.8384693,0.37627393,,0.04292413,-0.04187352,0.029203415,0.5103861,0.6582093,0.5534134,-0.06372777,-0.6128252,0.7876447,0.8575808,-0.43727067,-0.27083126,,0.057411417,1.3232864,0.4341453,0.9967938,0.07828713,-0.016529463,0.041234337,-0.6796508,-0.7323759,-0.068569876,0.7293462,-0.6806998,,-0.07806656,0.2774241,-0.046770405,-0.9250947,-0.23969285,0.29452848,0.3583347,-0.29431212,0.88598907,-0.12568194,0.9251636,0.35815686,,0.0054180324,0.4467432,-0.32568368,-0.5334748,-0.62273383,-0.5723698,0.69806904,-0.7062756,0.117790006,-0.47760263,-0.33671564,0.81149143,,1.1739635151423646,0.29348701741915406,0.20393234280000003,3.579407335280831,-0.32915732793494606,-1.3030932302997382,-0.41195373479065234,,-1.102049426617586,-0.0848882797534758,0.17561359146000002,-1.62677458155294,-0.7750022266695782,-0.689926380668757,0.8712772487602453,,0.023856469213197493,0.03659955441432109,0.08941130016,-0.1167695939710949,,-1.4401972e-05,-2.2053719e-06,3.9339066e-06,1.0,1.4714897e-05,1.577288e-05,-1.4726073e-05,1.0,1.4901161e-06,-1.577288e-05,-1.5199184e-06,0.99999994,85,0.256,0,0,0.0,False,-0.2620824112089424,1.0463767743080625
0.27367640599959486,14:38:42.109673,14:37:24.979717,0,,0.11812754,0.0029482841,0.013042718,0.9082939,0.29961407,-0.29194817,0.12847984,0.46436313,0.876276,0.3981146,-0.8334255,0.38328385,,0.04294862,-0.041865442,0.029194593,0.5102537,0.65838575,0.55332565,-0.06362373,-0.61272323,0.78773236,0.85766727,-0.43714797,-0.27075535,,0.057411417,1.3232864,0.4341453,0.9967938,0.07828713,-0.016529463,0.041234337,-0.6796508,-0.7323759,-0.068569876,0.7293462,-0.6806998,,-0.07807729,0.2775551,-0.046977352,-0.92430013,-0.24258131,0.29465842,0.35831934,-0.2856585,0.8888231,-0.13144018,0.9271211,0.35095578,,0.0053935484,0.4467383,-0.32567278,-0.53334886,-0.6229173,-0.57228756,0.6982005,-0.70612675,0.11790248,-0.47755104,-0.33668834,0.8115331,,1.174527274642183,0.2935101856177767,0.20372493640000003,3.579407335280831,-0.3351693339246254,-1.3101976173377583,-0.4127704551213236,,-1.1021807130764478,-0.08487283428772736,0.17563044323000002,-1.6269842714964244,-0.7750022266695782,-0.6899263806687571,0.8716039368925143,,0.023856469213197493,0.03659955441432109,0.08941130016,-0.1167695939710949,,-1.4401972e-05,-2.2053719e-06,3.9339066e-06,1.0,1.4714897e-05,1.577288e-05,-1.4726073e-05,1.0,1.4901161e-06,-1.577288e-05,-1.5199184e-06,0.99999994,93,0.281,0,0,0.0,False,-0.2617249448978165,1.0455077306940321
0.3007616589998179,14:38:42.130983,14:37:24.979717,0,,0.11812624,0.0029062629,0.013192639,0.90748125,0.30151176,-0.29252112,0.12558624,0.46976906,0.87381065,0.40088153,-0.82970333,0.3884409,,0.042964328,-0.04186066,0.029191196,0.5102926,0.6584292,0.5532381,-0.06362671,-0.6126316,0.78780335,0.85764396,-0.43721086,-0.27072772,,0.057411417,1.3232864,0.4341453,0.9967938,0.07828713,-0.016529463,0.041234337,-0.6796508,-0.7323759,-0.068569876,0.7293462,-0.6806998,,-0.07808504,0.2776342,-0.047111243,-0.92371273,-0.24452752,0.29489166,0.35832828,-0.2792683,0.8908479,-0.13548295,0.9285556,0.34558478,,0.0053777928,0.44673696,-0.3256672,-0.5333868,-0.62296206,-0.5722034,0.69817704,-0.7061396,0.11796465,-0.47754303,-0.3365785,0.8115834,,1.174874797621523,0.29349474015202826,0.20359271482000002,3.579407335280831,-0.3394050654173541,-1.31556496625835,-0.41244376698905527,,-1.1022733858709386,-0.08485738882197891,0.17563822097,-1.6269842714964244,-0.7748655901698127,-0.6900377985724536,0.8716039368925143,,0.023856469213197493,0.03659955441432109,0.08941130016,-0.1167695939710949,,-1.4401972e-05,-2.2053719e-06,3.9339066e-06,1.0,1.4714897e-05,1.577288e-05,-1.4726073e-05,1.0,1.4901161e-06,-1.577288e-05,-1.5199184e-06,0.99999994,101,0.305,0,0,0.0,False,-0.2631548101423209,1.0462802139065033
0.32207149499981824,14:38:42.151594,14:37:24.979717,0,,0.11812469,0.002869472,0.013353616,0.9065465,0.3044461,-0.29238015,0.12230129,0.47351056,0.87225574,0.40399992,-0.82649875,0.3920252,,0.04298415,-0.04185732,0.029190958,0.5101959,0.6585056,0.5532363,-0.06365955,-0.61257625,0.7878437,0.85769904,-0.43717343,-0.2706138,,0.057411417,1.3232864,0.4341453,0.9967938,0.07828713,-0.016529463,0.041234337,-0.6796508,-0.7323759,-0.068569876,0.7293462,-0.6806998,,-0.07809298,0.2777249,-0.047249034,-0.9230325,-0.24752584,0.29451978,0.35832226,-0.27442408,0.89235455,-0.14005749,0.92920524,0.34199637,,0.0053578787,0.44673753,-0.3256645,-0.53329086,-0.6230414,-0.5722065,0.6982136,-0.70608354,0.11808388,-0.47759673,-0.3365493,0.81156385,,1.1752763797309829,0.29349474015202826,0.20345660437000002,3.579407335280831,-0.3441873429091445,-1.3189347475014852,-0.4126071110551892,,-1.1023892268640518,-0.08484966608910469,0.17564470242000002,-1.6269842714964244,-0.7748655901698127,-0.690119477312594,0.8717672809586484,,0.023856469213197493,0.03659955441432109,0.08941130016,-0.1167695939710949,,-1.4401972e-05,-2.2053719e-06,3.9339066e-06,1.0,1.4714897e-05,1.577288e-05,-1.4726073e-05,1.0,1.4901161e-06,-1.577288e-05,-1.5199184e-06,0.99999994,109,0.329,0,0,0.0,False,-0.2621419889274632,1.0474389387252105
0.34264552900003764,14:38:42.181294,14:37:25.064023,0,,0.11808553,0.0028089285,0.01353766,0.90687144,0.3039419,-0.29189673,0.120641045,0.4764274,0.8708976,0.40376988,-0.8250068,0.39539057,,0.043012455,-0.041850183,0.0291965,0.50993985,0.6579486,0.55413437,-0.06375098,-0.6135074,0.7871115,0.8578445,-0.43670613,-0.27090698,,0.057411417,1.3232864,0.4341453,0.9967938,0.07828713,-0.016529463,0.041234337,-0.6796508,-0.7323759,-0.068569876,0.7293462,-0.6806998,,-0.07806526,0.2778165,-0.047421947,-0.9233892,-0.24702324,0.2938229,0.35700062,-0.27131867,0.8938326,-0.14107779,0.93025035,0.33872017,,0.0053291856,0.44674456,-0.32566136,-0.5330362,-0.6224664,-0.5730689,0.6983081,-0.70609814,0.11743592,-0.47774282,-0.3375811,0.8110492,,1.175762911902059,0.29348701741915406,0.20328030893000001,3.580665474941738,-0.34528043490726806,-1.3222906987592231,-0.412933799187458,,-1.1025591269872848,-0.08481877515760779,0.17564988758000002,-1.6269842714964244,-0.7750022266695782,-0.6889462357870703,0.8732373775538568,,0.023856469213197493,0.03659955441432109,0.08941130016,-0.1167695939710949,,-1.4401972e-05,-2.2053719e-06,3.9339066e-06,1.0,1.4714897e-05,1.577288e-05,-1.4726073e-05,1.0,1.4901161e-06,-1.577288e-05,-1.5199184e-06,0.99999994,120,0.363,0,0,0.0,False,-0.26202283349042155,1.047728619929887
0.3723726899997928,14:38:42.212742,14:37:25.064023,0,,0.118038535,0.002747953,0.013720393,0.90713954,0.30216956,-0.29290205,0.12061283,0.48012838,0.8688666,0.4031756,-0.82351094,0.39909792,,0.043029748,-0.0418475,0.029199064,0.5097167,0.6574634,0.554915,-0.063658625,-0.61440396,0.7864194,0.8579839,-0.43617624,-0.27131876,,0.057411417,1.3232864,0.4341453,0.9967938,0.07828713,-0.016529463,0.041234337,-0.6796508,-0.7323759,-0.068569876,0.7293462,-0.6806998,,-0.07802963,0.27790704,-0.04759475,-0.9236262,-0.24523388,0.29457605,0.35654715,-0.26764286,0.8951209,-0.14067279,0.9317874,0.33463937,,0.005311739,0.44674733,-0.32566053,-0.53282076,-0.62196606,-0.573812,0.6984843,-0.70604444,0.11670848,-0.4777255,-0.33861402,0.8106287,,1.1762339986073866,0.29349474015202826,0.20310142091000002,3.5808751648852226,-0.3450071619077371,-1.3263524353532223,-0.41440389578266656,,-1.1026595225146498,-0.08481877515760779,0.17565377645000002,-1.6271939614399091,-0.7751388631693437,-0.6876913155214059,0.8729106894215881,,0.023856469213197493,0.03659955441432109,0.08941130016,-0.1167695939710949,,-1.4401972e-05,-2.2053719e-06,3.9339066e-06,1.0,1.4714897e-05,1.577288e-05,-1.4726073e-05,1.0,1.4901161e-06,-1.577288e-05,-1.5199184e-06,0.99999994,128,0.387,0,0,0.0,False,-0.2611887454311268,1.048114861536123
0.4038295779996588,14:38:42.232176,14:37:25.064023,0,,0.11804359,0.0027208328,0.013861477,0.9065447,0.3047663,-0.29205203,0.1177402,0.4818555,0.8683044,0.40535676,-0.82154286,0.4009403,,0.04303433,-0.041846935,0.029198349,0.50980645,0.657353,0.5549634,-0.063636184,-0.6145071,0.7863406,0.8579323,-0.43619728,-0.27144825,,0.057411417,1.3232864,0.4341453,0.9967938,0.07828713,-0.016529463,0.041234337,-0.6796508,-0.7323759,-0.068569876,0.7293462,-0.6806998,,-0.078042865,0.27798995,-0.04771143,-0.9232247,-0.24788381,0.29361504,0.35614374,-0.26507846,0.89604414,-0.1442838,0.9318192,0.33300924,,0.0053071673,0.44674674,-0.32565975,-0.53290963,-0.62185156,-0.5738537,0.69844604,-0.7061077,0.116555095,-0.47768244,-0.33869246,0.8106213,,1.1765737988538525,0.2935565220150221,0.20298345852000002,3.581294544772191,-0.34869634740140404,-1.3277548039210094,-0.40950357379863833,,-1.1026904134461466,-0.08481877515760779,0.17565507274000003,-1.6271939614399091,-0.7750022266695782,-0.6875576972046807,0.8730740334877226,,0.023856469213197493,0.03659955441432109,0.08941130016,-0.1167695939710949,,-1.4401972e-05,-2.2053719e-06,3.9339066e-06,1.0,1.4714897e-05,1.577288e-05,-1.4726073e-05,1.0,1.4901161e-06,-1.577288e-05,-1.5199184e-06,0.99999994,136,0.412,0,0,0.0,False,-0.26255903295711036,1.0471009773197542
0.4232546769999317,14:38:42.259469,14:37:25.149055,0,,0.118067786,0.0026700646,0.014082089,0.9048661,0.30943182,-0.2923512,0.11227891,0.48896256,0.8650485,0.41062233,-0.815578,0.40770304,,0.043035556,-0.04184689,0.029198706,0.50979996,0.657355,0.554967,-0.06363803,-0.614508,0.7863397,0.857936,-0.43619287,-0.27144337,,0.057411417,1.3232864,0.4341453,0.9967938,0.07828713,-0.016529463,0.041234337,-0.6796508,-0.7323759,-0.068569876,0.7293462,-0.6806998,,-0.078080036,0.27811348,-0.047899023,-0.9219739,-0.252666,0.2934689,0.3561947,-0.2559471,0.8986748,-0.15195204,0.9330868,0.32597485,,0.0053059314,0.44674703,-0.3256599,-0.5329032,-0.62185365,-0.57385737,0.69844866,-0.70610446,0.11655877,-0.47768572,-0.33869535,0.81061816,,1.1770526082920545,0.29359513567939316,0.20279938534000003,3.581294544772191,-0.35662126438779956,-1.3346062001495287,-0.4122804229229209,,-1.102698136179021,-0.08481877515760779,0.17565507274000003,-1.6271939614399091,-0.7750022266695782,-0.6875576972046806,0.873400721619991,,0.023856469213197493,0.03659955441432109,0.08941130016,-0.1167695939710949,,-1.4401972e-05,-2.2053719e-06,3.9339066e-06,1.0,1.4714897e-05,1.577288e-05,-1.4726073e-05,1.0,1.4901161e-06,-1.577288e-05,-1.5199184e-06,0.99999994,144,0.437,0,0,0.0,False,-0.2616653671792948,1.047294098122872
0.45056246299964187,14:38:42.285261,14:37:25.149055,0,,0.1181016,0.0026423335,0.014266476,0.90289164,0.31531534,-0.2921694,0.10616417,0.49505386,0.86235183,0.41655236,-0.8096282,0.41350478,,0.04303433,-0.041846935,0.029198349,0.50980645,0.6573983,0.55490965,-0.063636184,-0.6144429,0.7863908,0.8579323,-0.4362194,-0.2714126,,0.057411417,1.3232864,0.4341453,0.9967938,0.07828713,-0.016529463,0.041234337,-0.6796508,-0.7323759,-0.068569876,0.7293462,-0.6806998,,-0.07812429,0.27822664,-0.04804446,-0.92048025,-0.25869045,0.2929084,0.35627848,-0.24755372,0.9009899,-0.16056693,0.9337004,0.32003415,,0.0053071673,0.44674674,-0.32565975,-0.53290963,-0.6218984,-0.5738028,0.69844604,-0.7060982,0.11661277,-0.47768244,-0.33862624,0.810649,,1.1774850813330109,0.2936337493437643,0.20266068231,3.581294544772191,-0.3655026368725532,-1.3402692773514702,-0.41326048731972653,,-1.1026904134461466,-0.08481877515760779,0.17565507274000003,-1.6271939614399091,-0.7750022266695782,-0.6876393759448214,0.8735640656861257,,0.023856469213197493,0.03659955441432109,0.08941130016,-0.1167695939710949,,-1.4401972e-05,-2.2053719e-06,3.9339066e-06,1.0,1.4714897e-05,1.577288e-05,-1.4726073e-05,1.0,1.4901161e-06,-1.577288e-05,-1.5199184e-06,0.99999994,163,0.494,0,0,0.0,False,-0.2611887454311268,1.047390658524431
0.47630533999972613,14:38:42.343310,14:37:25.149055,0,,0.118038535,0.002625063,0.01448223,0.9041888,0.31099793,-0.29278472,0.10737757,0.49794933,0.86053264,0.41341582,-0.8095225,0.41684598,,0.04303433,-0.041846935,0.029198349,0.50980645,0.6573983,0.55490965,-0.063636184,-0.6144429,0.7863908,0.8579323,-0.4362194,-0.2714126,,0.057411417,1.3232864,0.4341453,0.9967938,0.07828713,-0.016529463,0.041234337,-0.6796508,-0.7323759,-0.068569876,0.7293462,-0.6806998,,-0.0780732,0.27837157,-0.048209406,-0.9215768,-0.2543086,0.29329726,0.3548303,-0.24538843,0.90215296,-0.15745352,0.93547404,0.3163807,,0.0053071673,0.44674674,-0.32565975,-0.53290963,-0.6218984,-0.5738028,0.69844604,-0.7060982,0.11661277,-0.47768244,-0.33862624,0.810649,,1.1781801272916912,0.2939117677272364,0.20247401655000002,3.582342994489614,-0.36222336087818263,-1.3438417731817305,-0.41179039072451795,,-1.1026904134461466,-0.08481877515760779,0.17565507274000003,-1.6271939614399091,-0.7750022266695782,-0.6876393759448214,0.8735640656861257,,0.023856469213197493,0.03659955441432109,0.08941130016,-0.1167695939710949,,-1.4401972e-05,-2.2053719e-06,3.9339066e-06,1.0,1.4714897e-05,1.577288e-05,-1.4726073e-05,1.0,1.4901161e-06,-1.577288e-05,-1.5199184e-06,0.99999994,171,0.518,0,0,0.0,False,-0.26190367805337944,1.0472458179220927
0.5343823089997386,14:38:42.365242,14:37:25.149055,0,,0.118028015,0.0026337802,0.014540046,0.90426683,0.31077245,-0.2927833,0.1073624,0.4981928,0.8603936,0.41324914,-0.80945927,0.41713396,,0.043033108,-0.04184701,0.02919799,0.5098129,0.6574417,0.5548524,-0.063634396,-0.61437774,0.7864418,0.85792863,-0.43624586,-0.27138186,,0.057411417,1.3232864,0.4341453,0.9967938,0.07828713,-0.016529463,0.041234337,-0.6796508,-0.7323759,-0.068569876,0.7293462,-0.6806998,,-0.07806553,0.27841952,-0.04824362,-0.92164624,-0.25408036,0.29327688,0.35469803,-0.2451698,0.9022644,-0.15734503,0.93559337,0.31608164,,0.0053084027,0.44674644,-0.3256596,-0.532916,-0.6219432,-0.57374835,0.69844335,-0.7060919,0.116666764,-0.47767916,-0.33855715,0.8106798,,1.1783886410792952,0.2940198859874755,0.20243383156000003,3.582342994489614,-0.36208672437841716,-1.3439531910854268,-0.41179039072451795,,-1.1026826907132723,-0.08481877515760779,0.17565507274000003,-1.6271939614399091,-0.7750022266695782,-0.6877210546849619,0.8734007216199914,,0.023856469213197493,0.03659955441432109,0.08941130016,-0.1167695939710949,,-1.4401972e-05,-2.2053719e-06,3.9339066e-06,1.0,1.4714897e-05,1.577288e-05,-1.4726073e-05,1.0,1.4901161e-06,-1.577288e-05,-1.5199184e-06,0.99999994,179,0.543,0,0,0.0,False,-0.26154621174225356,1.04748721892599
0.5563360490000377,14:38:42.393352,14:37:25.279058,0,,0.11801557,0.002665192,0.014601648,0.9042958,0.310835,-0.2926275,0.10710487,0.4983468,0.86033654,0.4132527,-0.80934036,0.417361,,0.04303467,-0.041849498,0.029197872,0.50982934,0.6573021,0.5550027,-0.06377673,-0.6144912,0.7863416,0.85790825,-0.43629616,-0.27136505,,0.057411417,1.3232864,0.4341453,0.9967938,0.07828713,-0.016529463,0.041234337,-0.6796508,-0.7323759,-0.068569876,0.7293462,-0.6806998,,-0.078055516,0.27848595,-0.048264205,-0.92168224,-0.25414497,0.29310784,0.35452175,-0.2449787,0.9023856,-0.15753157,0.93562585,0.31589243,,0.005306932,0.4467451,-0.32566178,-0.5329268,-0.6217983,-0.5738954,0.6983564,-0.7061845,0.11662673,-0.47779435,-0.33863,0.81058145,,1.1786821049285159,0.29418978611070845,0.20240531318000002,3.582342994489614,-0.36222336087818263,-1.3438417731817305,-0.41179039072451795,,-1.1026904134461466,-0.08482649789048201,0.17565507274000003,-1.6269842714964244,-0.7750022266695782,-0.6877210546849619,0.8734007216199914,,0.023856469213197493,0.03659955441432109,0.08941130016,-0.1167695939710949,,-1.4401972e-05,-2.2053719e-06,3.9339066e-06,1.0,1.4714897e-05,1.577288e-05,-1.4726073e-05,1.0,1.4901161e-06,-1.577288e-05,-1.5199184e-06,0.99999994,187,0.568,0,0,0.0,False,-0.2620824112089424,1.047294098122872
0.5843917089996467,14:38:42.415823,14:37:25.279058,0,,0.11801848,0.0026818067,0.014635712,0.9042808,0.31098372,-0.29251567,0.106905,0.49838692,0.86033815,0.4133371,-0.8092586,0.41743606,,0.04303467,-0.041849498,0.029197872,0.50982934,0.6573021,0.5550027,-0.06377673,-0.6144912,0.7863416,0.85790825,-0.43629616,-0.27136505,,0.057411417,1.3232864,0.4341453,0.9967938,0.07828713,-0.016529463,0.041234337,-0.6796508,-0.7323759,-0.068569876,0.7293462,-0.6806998,,-0.07805977,0.27852196,-0.048275594,-0.9216771,-0.25429666,0.29299226,0.3544446,-0.2448948,0.9024387,-0.15773486,0.9356066,0.31584802,,0.005306932,0.4467451,-0.32566178,-0.5329268,-0.6217983,-0.5738954,0.6983564,-0.7061845,0.11662673,-0.47779435,-0.33863,0.81058145,,1.1788056686545034,0.29431334983669605,0.20238716512000002,3.582342994489614,-0.36235999737794805,-1.343730355278034,-0.41179039072451795,,-1.1026904134461466,-0.08481877515760779,0.17565507274000003,-1.6269842714964244,-0.7750022266695782,-0.6877210546849619,0.8734007216199914,,0.023856469213197493,0.03659955441432109,0.08941130016,-0.1167695939710949,,-1.4401972e-05,-2.2053719e-06,3.9339066e-06,1.0,1.4714897e-05,1.577288e-05,-1.4726073e-05,1.0,1.4901161e-06,-1.577288e-05,-1.5199184e-06,0.99999994,195,0.592,0,0,0.0,False,-0.26243987752006825,1.0471975377213132
0.6069017549998534,14:38:42.444679,14:37:25.279058,0,,0.11803442,0.0026801825,0.014675811,0.9042402,0.3112383,-0.29237044,0.1067172,0.49823964,0.8604467,0.41347453,-0.8092514,0.41731384,,0.043034166,-0.04185066,0.02919656,0.50994444,0.65727335,0.554931,-0.063741714,-0.6144669,0.7863635,0.85784245,-0.4363739,-0.27144825,,0.057411417,1.3232864,0.4341453,0.9967938,0.07828713,-0.016529463,0.041234337,-0.6796508,-0.7323759,-0.068569876,0.7293462,-0.6806998,,-0.07807786,0.27854946,-0.048303552,-0.92164886,-0.2545551,0.2928567,0.3544145,-0.2449966,0.90242285,-0.15796743,0.9355097,0.31601888,,0.0053075147,0.44674343,-0.32566217,-0.533041,-0.62176806,-0.5738221,0.6983106,-0.7062396,0.11656749,-0.4777338,-0.33857077,0.8106419,,1.1788442823188745,0.29443691356268364,0.20235475787,3.582342994489614,-0.3624966338777135,-1.3434555798940564,-0.4121170788567865,,-1.1026904134461466,-0.08483422062335624,0.17565507274000003,-1.6269842714964244,-0.7748655901698127,-0.6877507938485179,0.8735640656861257,,0.023856469213197493,0.03659955441432109,0.08941130016,-0.1167695939710949,,-1.4401972e-05,-2.2053719e-06,3.9339066e-06,1.0,1.4714897e-05,1.577288e-05,-1.4726073e-05,1.0,1.4901161e-06,-1.577288e-05,-1.5199184e-06,0.99999994,210,0.637,0,0,0.0,False,-0.2626781883941529,1.0471492575205337
0.6357475569998314,14:38:42.483281,14:37:25.362586,0,,0.11804779,0.0026250184,0.014748514,0.90439504,0.31082097,-0.29233545,0.1068342,0.49834627,0.86037046,0.4131055,-0.80934614,0.4174956,,0.043032363,-0.041850243,0.029193342,0.50995743,0.657224,0.5549775,-0.06373805,-0.6145293,0.78631496,0.85783505,-0.4363603,-0.2714936,,0.057411417,1.3232864,0.4341453,0.9967938,0.07828713,-0.016529463,0.041234337,-0.6796508,-0.7323759,-0.068569876,0.7293462,-0.6806998,,-0.07809651,0.27856344,-0.048392795,-0.9217808,-0.25413066,0.2928101,0.35422623,-0.24498294,0.9025005,-0.15761955,0.93562865,0.3158403,,0.0053094,0.44674087,-0.32566023,-0.5330539,-0.621717,-0.5738655,0.6983053,-0.70625556,0.11650245,-0.4777272,-0.3386312,0.81062055,,1.1788211141202518,0.29446780449418053,0.20226142499000002,3.582552684433099,-0.36208672437841716,-1.3437081548650052,-0.41195373479065234,,-1.1026749679803982,-0.08483422062335624,0.17565766532000002,-1.6269842714964244,-0.7748655901698127,-0.6876691151083772,0.8730740334877226,,0.023856469213197493,0.03659955441432109,0.08941130016,-0.1167695939710949,,-1.4401972e-05,-2.2053719e-06,3.9339066e-06,1.0,1.4714897e-05,1.577288e-05,-1.4726073e-05,1.0,1.4901161e-06,-1.577288e-05,-1.5199184e-06,0.99999994,222,0.674,0,0,0.0,False,-0.26178452261633733,1.047390658524431
0.6743755069996951,14:38:42.515798,14:37:25.362586,0,,0.11805804,0.0025726557,0.014823586,0.9043025,0.31112605,-0.29229727,0.10655357,0.49853146,0.86029804,0.4133805,-0.8091149,0.41767162,,0.043033585,-0.041850213,0.0291937,0.50995094,0.6572714,0.5549274,-0.063739836,-0.61446595,0.7863643,0.85783875,-0.43637818,-0.27145308,,0.057411417,1.3232864,0.4341453,0.9967938,0.07828713,-0.016529463,0.041234337,-0.6796508,-0.7323759,-0.068569876,0.7293462,-0.6806998,,-0.078112125,0.27858117,-0.048481815,-0.9217105,-0.25444245,0.29276076,0.3542322,-0.24469388,0.90257657,-0.15801704,0.93561953,0.3156686,,0.0053081647,0.44674116,-0.32566038,-0.53304744,-0.621766,-0.5738184,0.69830793,-0.7062428,0.11656381,-0.47773048,-0.33856788,0.81064504,,1.1788365595860002,0.29446780449418053,0.20217068469000002,3.582552684433099,-0.3624966338777135,-1.343863973594759,-0.4122804229229209,,-1.1026826907132723,-0.08483422062335624,0.17565766532000002,-1.6269842714964244,-0.7748655901698127,-0.6877507938485179,0.8729106894215882,,0.023856469213197493,0.03659955441432109,0.08941130016,-0.1167695939710949,,-1.4401972e-05,-2.2053719e-06,3.9339066e-06,1.0,1.4714897e-05,1.577288e-05,-1.4726073e-05,1.0,1.4901161e-06,-1.577288e-05,-1.5199184e-06,0.99999994,230,0.699,0,0,0.0,False,-0.2623802998015474,1.0473423783236515
0.7068813849996332,14:38:42.547054,14:37:25.362586,0,,0.118074,0.0025122166,0.014949456,0.9037025,0.31321657,-0.2919201,0.10435228,0.50011694,0.8596473,0.41524997,-0.80732787,0.41927195,,0.043032624,-0.04185279,0.029192865,0.5099564,0.6572672,0.55492723,-0.06372732,-0.61447424,0.78635883,0.85783637,-0.43637276,-0.27146924,,0.057411417,1.3232864,0.4341453,0.9967938,0.07828713,-0.016529463,0.041234337,-0.6796508,-0.7323759,-0.068569876,0.7293462,-0.6806998,,-0.078136325,0.2786298,-0.048611414,-0.92126936,-0.25658128,0.29228216,0.35406876,-0.24234825,0.9032733,-0.16092893,0.935646,0.31411543,,0.00530924,0.44673923,-0.32566223,-0.53305334,-0.6217617,-0.5738175,0.6983117,-0.70624185,0.1165471,-0.47771847,-0.33857766,0.810648,,1.1789910142434847,0.29446008176130634,0.20204235198,3.5827623743765833,-0.3655026368725532,-1.3453333592401848,-0.411300358526115,,-1.1026749679803982,-0.08484966608910469,0.17565766532000002,-1.6269842714964244,-0.7748655901698127,-0.6877507938485179,0.8729106894215882,,0.023856469213197493,0.03659955441432109,0.08941130016,-0.1167695939710949,,-1.4401972e-05,-2.2053719e-06,3.9339066e-06,1.0,1.4714897e-05,1.577288e-05,-1.4726073e-05,1.0,1.4901161e-06,-1.577288e-05,-1.5199184e-06,0.99999994,238,0.723,0,0,0.0,False,-0.26255903295711036,1.0469561367174158
0.7381468739999946,14:38:42.579746,14:37:25.450542,0,,0.11809683,0.0024542063,0.015150011,0.90219253,0.31682727,-0.29269293,0.09972502,0.50697684,0.85617125,0.41964695,-0.8016201,0.42579514,,0.043033846,-0.041852716,0.029193282,0.5099499,0.65722394,0.55498445,-0.06372917,-0.6145394,0.7863078,0.85784006,-0.43634632,-0.2715,,0.057411417,1.3232864,0.4341453,0.9967938,0.07828713,-0.016529463,0.041234337,-0.6796508,-0.7323759,-0.068569876,0.7293462,-0.6806998,,-0.078171276,0.27873388,-0.04879046,-0.9201186,-0.26030353,0.29261562,0.35406718,-0.2335528,0.9055879,-0.16738653,0.9368539,0.3070612,,0.0053080046,0.44673955,-0.32566237,-0.5330469,-0.6217169,-0.57387197,0.6983143,-0.70624816,0.11649309,-0.47772175,-0.33864674,0.8106172,,1.1793848736200703,0.294483249959929,0.20186735283,3.5827623743765833,-0.3721978253610598,-1.3522890504604257,-0.41228042292292066,,-1.1026826907132723,-0.08484966608910469,0.17565766532000002,-1.6269842714964244,-0.7748655901698127,-0.6876691151083772,0.8730740334877226,,0.023856469213197493,0.03659955441432109,0.08941130016,-0.1167695939710949,,-1.4401972e-05,-2.2053719e-06,3.9339066e-06,1.0,1.4714897e-05,1.577288e-05,-1.4726073e-05,1.0,1.4901161e-06,-1.577288e-05,-1.5199184e-06,0.99999994,253,0.768,0,0,0.0,False,-0.26196325577190027,1.0468112961150775
0.7708366599999863,14:38:42.616618,14:37:25.450542,0,,0.11808038,0.0024203956,0.015303075,0.90224177,0.31712127,-0.29222244,0.09810727,0.5089286,0.8551997,0.41992235,-0.8002659,0.42806476,,0.043034308,-0.04185133,0.029192805,0.51005954,0.65733516,0.55475193,-0.06370664,-0.6143141,0.7864856,0.85777664,-0.43649584,-0.27146018,,0.057411417,1.3232864,0.4341453,0.9967938,0.07828713,-0.016529463,0.041234337,-0.6796508,-0.7323759,-0.068569876,0.7293462,-0.6806998,,-0.07816384,0.27882123,-0.048921462,-0.9202256,-0.26061624,0.29199997,0.353145,-0.23123056,0.90654343,-0.16874063,0.9373428,0.3048196,,0.005307512,0.4467398,-0.32566094,-0.53315526,-0.62183154,-0.57364714,0.69826484,-0.7062755,0.11662363,-0.4776732,-0.3383791,0.8107576,,1.17978645572953,0.2945682000215455,0.20173124238,3.5836011341505216,-0.3735641903587142,-1.354442021029084,-0.4122804229229209,,-1.1026904134461466,-0.08484194335623046,0.17565766532000002,-1.6269842714964244,-0.7747289536700473,-0.6879438904923547,0.872747345355454,,0.023856469213197493,0.03659955441432109,0.08941130016,-0.1167695939710949,,-1.4401972e-05,-2.2053719e-06,3.9339066e-06,1.0,1.4714897e-05,1.577288e-05,-1.4726073e-05,1.0,1.4901161e-06,-1.577288e-05,-1.5199184e-06,0.99999994,261,0.793,0,0,0.0,False,-0.26160578946077395,1.0464733347096211
0.8077104770000005,14:38:42.639948,14:37:25.450542,0,,0.11803681,0.0024049878,0.015434906,0.90237546,0.3168181,-0.2921384,0.0979999,0.5092746,0.855006,0.41966006,-0.80016595,0.42850876,,0.043034438,-0.041852567,0.029192567,0.5100591,0.6573794,0.55469996,-0.06370127,-0.6142544,0.7865327,0.8577773,-0.43651325,-0.27143013,,0.057411417,1.3232864,0.4341453,0.9967938,0.07828713,-0.016529463,0.041234337,-0.6796508,-0.7323759,-0.068569876,0.7293462,-0.6806998,,-0.07812774,0.27890652,-0.049026027,-0.9203481,-0.26030964,0.2918874,0.35287884,-0.23091294,0.906728,-0.16862947,0.9375063,0.30437806,,0.0053074323,0.446739,-0.32566193,-0.533155,-0.62187725,-0.5735978,0.698268,-0.70626396,0.1166748,-0.47766882,-0.3383192,0.8107852,,1.1802498197019833,0.29462225915166507,0.20162105773000003,3.5836011341505216,-0.3735641903587142,-1.3545236997692245,-0.41244376698905505,,-1.1026904134461466,-0.08484966608910469,0.17565766532000002,-1.6269842714964244,-0.7747289536700473,-0.6880255692324951,0.8722573131570511,,0.023856469213197493,0.03659955441432109,0.08941130016,-0.1167695939710949,,-1.4401972e-05,-2.2053719e-06,3.9339066e-06,1.0,1.4714897e-05,1.577288e-05,-1.4726073e-05,1.0,1.4901161e-06,-1.577288e-05,-1.5199184e-06,0.99999994,269,0.817,0,0,0.0,False,-0.2622015666459845,1.0458456920994883
0.831037140999797,14:38:42.667747,14:37:25.541262,0,,0.11800285,0.0024123043,0.0154953,0.90243435,0.31679535,-0.2919813,0.09785029,0.50929797,0.85500926,0.41956842,-0.8001601,0.42860937,,0.043034308,-0.04185133,0.029192805,0.51005954,0.6573805,0.5546982,-0.06370664,-0.6142498,0.7865358,0.85777664,-0.43651807,-0.2714245,,0.057411417,1.3232864,0.4341453,0.9967938,0.07828713,-0.016529463,0.041234337,-0.6796508,-0.7323759,-0.068569876,0.7293462,-0.6806998,,-0.07809684,0.27895582,-0.04906436,-0.920406,-0.26028663,0.2917253,0.352708,-0.23089215,0.9067998,-0.16867077,0.9375178,0.3043197,,0.005307512,0.4467398,-0.32566094,-0.53315526,-0.6218784,-0.57359636,0.69826484,-0.70626605,0.11668132,-0.4776732,-0.3383129,0.81078523,,1.1805587290169524,0.2946377046174135,0.20158087274000003,3.5836011341505216,-0.37370082685847966,-1.3543306031253874,-0.4122804229229209,,-1.1026904134461466,-0.08484194335623046,0.17565766532000002,-1.6269842714964244,-0.7747289536700473,-0.6880255692324951,0.8722573131570511,,0.023856469213197493,0.03659955441432109,0.08941130016,-0.1167695939710949,,-1.4401972e-05,-2.2053719e-06,3.9339066e-06,1.0,1.4714897e-05,1.577288e-05,-1.4726073e-05,1.0,1.4901161e-06,-1.577288e-05,-1.5199184e-06,0.99999994,277,0.842,0,0,0.0,False,-0.262797343831195,1.0457491316979295
0.8588386419996823,14:38:42.688708,14:37:25.541262,0,,0.11795992,0.0024294853,0.0155401975,0.90289986,0.31545097,-0.29199764,0.09814949,0.51005983,0.8545207,0.41849566,-0.80020595,0.4295716,,0.04303295,-0.041850124,0.029192626,0.51006645,0.65728897,0.5548003,-0.06371012,-0.61437285,0.78643954,0.85777223,-0.4364828,-0.27149504,,0.057411417,1.3232864,0.4341453,0.9967938,0.07828713,-0.016529463,0.041234337,-0.6796508,-0.7323759,-0.068569876,0.7293462,-0.6806998,,-0.07805589,0.27900094,-0.049085375,-0.920806,-0.25892174,0.29167768,0.35213208,-0.23037142,0.907156,-0.1676882,0.93802375,0.30330205,,0.0053088274,0.4467403,-0.32565978,-0.53316194,-0.6217837,-0.5736928,0.698259,-0.70629036,0.11656878,-0.47767428,-0.33843613,0.8107332,,1.1808753610647955,0.2946685955489104,0.20155624323000002,3.58402051403749,-0.37274437136012156,-1.3552738859315436,-0.41260711105518943,,-1.1026826907132723,-0.08483422062335624,0.17565766532000002,-1.6269842714964244,-0.7747289536700473,-0.6878622117522141,0.8719306250247828,,0.023856469213197493,0.03659955441432109,0.08941130016,-0.1167695939710949,,-1.4401972e-05,-2.2053719e-06,3.9339066e-06,1.0,1.4714897e-05,1.577288e-05,-1.4726073e-05,1.0,1.4901161e-06,-1.577288e-05,-1.5199184e-06,0.99999994,285,0.867,0,0,0.0,False,-0.26273776611267374,1.0458939723002678
0.879766699999891,14:38:42.721088,14:37:25.541262,0,,0.11791611,0.0024440587,0.015626848,0.9033643,0.314668,-0.29140535,0.097648345,0.5107085,0.8541906,0.4176097,-0.80010045,0.43062904,,0.043034043,-0.041848812,0.029193282,0.51006055,0.65724665,0.5548559,-0.063717306,-0.6144334,0.7863916,0.8577753,-0.4364612,-0.2715202,,0.057411417,1.3232864,0.4341453,0.9967938,0.07828713,-0.016529463,0.041234337,-0.6796508,-0.7323759,-0.068569876,0.7293462,-0.6806998,,-0.078016356,0.2790744,-0.049137153,-0.9212362,-0.25812837,0.29102167,0.35113692,-0.22983089,0.9076787,-0.16741188,0.93837494,0.30236694,,0.0053076716,0.44674143,-0.32565895,-0.5331558,-0.62174,-0.57374585,0.69825846,-0.70629877,0.11652129,-0.47768193,-0.3384989,0.81070244,,1.1813155568386264,0.29474582287765266,0.20149920647000003,3.5848592738114284,-0.37247109836059067,-1.3560684729199204,-0.41309714325359237,,-1.1026904134461466,-0.08482649789048201,0.17565766532000002,-1.6269842714964244,-0.7747289536700473,-0.6877805330120734,0.8717672809586484,,0.023856469213197493,0.03659955441432109,0.08941130016,-0.1167695939710949,,-1.4401972e-05,-2.2053719e-06,3.9339066e-06,1.0,1.4714897e-05,1.577288e-05,-1.4726073e-05,1.0,1.4901161e-06,-1.577288e-05,-1.5199184e-06,0.99999994,300,0.912,0,0,0.0,False,-0.26160578946077395,1.0452663296901348
