Task Time,PC1 Time,PC2 Time,Gaze Calib,s_T_psm1,Tx,Ty,Tz,R00,R01,R02,R10,R11,R12,R20,R21,R22,s_T_psm3,Tx,Ty,Tz,R00,R01,R02,R10,R11,R12,R20,R21,R22,cart_T_ecm,Tx,Ty,Tz,R00,R01,R02,R10,R11,R12,R20,R21,R22,ecm_T_psm1,Tx,Ty,Tz,R00,R01,R02,R10,R11,R12,R20,R21,R22,ecm_T_psm3,Tx,Ty,Tz,R00,R01,R02,R10,R11,R12,R20,R21,R22,psm1_joints,q1,q2,q3,q4,q5,q6,jaw,psm3_joints,q1,q2,q3,q4,q5,q6,jaw,ecm_joints,q1,q2,q3,q4,ecmi_T_ecm,Tx,Ty,Tz,R00,R01,R02,R10,R11,R12,R20,R21,R22,Sample #,Task Duration (s),Collisions (binary),Collisions (increments),Cumulative Collision Time (s),Clutch Press,MTMR Angle,MTML Angle
""
lci_T_si,,,,,-0.057824805,0.033623017,0.23225968,0.99702215,-0.012819277,0.07604288,0.048720323,-0.65965104,-0.7499912,0.059776112,0.7514627,-0.6570622
rci_T_si,,,,,-0.06734889,0.03764145,0.24189119,0.9919741,-0.042941336,0.118926115,0.062775895,-0.649194,-0.758028,0.10975685,0.7594098,-0.6412879
ecm_T_lc,,,,,-4.4061628e-05,-0.00034663224,-0.01840835,-0.99912,0.030754527,0.028518902,-0.031987965,-0.99852574,-0.043852776,0.027128186,-0.04472645,0.9986309
ecm_T_rc,,,,,-0.0043358393,0.01870579,-0.007592615,-0.99555075,-0.052743673,-0.078081585,0.04863213,-0.9973746,0.053654674,-0.08070653,0.04961868,0.9955021
cart_T_ecmi,,,,,0.057426013,1.3232883,0.4341485,0.9967947,0.07827243,-0.016545301,0.041212782,-0.6796525,-0.73237556,-0.068569876,0.7293462,-0.6806998
ecmac_T_ecmrep_psm1,,,,,-0.0012004398,-0.28172868,-0.2751139,0.9977453,0.05981805,0.030433392,-0.056875188,0.9943363,-0.089780115,-0.035631496,0.08784678,0.9954965
ecmac_T_ecmrep_psm3,,,,,-0.035388503,-0.5052441,-0.50078297,0.9946279,0.028167607,0.09960877,-0.04494542,0.98434234,0.17044082,-0.09324822,-0.17400216,0.9803204
""
0,14:39:41.107541,14:38:23.986487,0,,0.120712996,0.0031954944,0.024762765,0.64325213,0.60224086,-0.47279245,0.15395021,0.50315577,0.85037255,0.75001734,-0.61979055,0.23094082,,0.047625985,-0.047668166,0.03912151,0.3585808,0.8705433,0.33700773,-0.29795933,-0.2353968,0.9250993,0.88466954,-0.43213737,0.17497769,,0.057342026,1.3232874,0.4341481,0.99678975,0.07835401,-0.016457401,0.041332416,-0.6796431,-0.7323776,-0.068569876,0.7293462,-0.6806998,,-0.081217065,0.2861293,-0.054749493,-0.67766136,-0.5549821,0.4824624,0.63497007,-0.11066829,0.76456887,-0.37092876,0.82446796,0.42739263,,0.00068899407,0.45244163,-0.33561325,-0.37439683,-0.84824336,-0.3745801,0.61566424,-0.52946824,0.58362734,-0.6933863,-0.012107336,0.72046435,,1.1893703672264424,0.3150643330697373,0.19541960637000003,3.165689076785864,-0.5842576729970234,-1.0903386371703667,-0.4152206161133376,,-1.141813778186968,-0.09734504787959994,0.16745733478000002,-1.2816249345774129,-0.9022108079512033,-1.3963677357816253,0.8358315864091066,,0.023856469213197493,0.03659955441432109,0.08941130016,-0.1167695939710949,,-8.3729625e-05,-6.198883e-06,2.3841858e-06,1.0,8.1695616e-05,8.7533146e-05,-8.169934e-05,1.0,8.255243e-06,-8.753687e-05,-8.225441e-06,1.0,37,0.111,0,0,0.0,False,-0.2623802998015474,1.0095389811133355
0.12721893299976728,14:39:41.139896,14:38:23.986487,0,,0.12055721,0.0031491518,0.024936795,0.63598436,0.611794,-0.47035307,0.14775032,0.5016912,0.85233545,0.7574257,-0.61156684,0.22867495,,0.04762496,-0.047669403,0.039120913,0.35858697,0.87054014,0.33700922,-0.29795203,-0.23540069,0.9251006,0.8846694,-0.4321416,0.17496759,,0.057342026,1.3232874,0.4341481,0.99678975,0.07835401,-0.016457401,0.041332416,-0.6796431,-0.7323776,-0.068569876,0.7293462,-0.6806998,,-0.081071995,0.28622583,-0.054911792,-0.6709635,-0.5649923,0.48019952,0.63616574,-0.10593757,0.764245,-0.3809214,0.818267,0.430509,,0.0006900816,0.45244056,-0.33561403,-0.37440324,-0.84823996,-0.37458134,0.6156674,-0.52947366,0.5836191,-0.69338,-0.012108631,0.72047037,,1.1901426405138649,0.31423027791932107,0.19532368091000002,3.1583499287639056,-0.5958717754770858,-1.0819299389779984,-0.41571064831174054,,-1.1418060554540939,-0.09735277061247417,0.16745733478000002,-1.2816249345774129,-0.9022108079512033,-1.3963677357816253,0.8358315864091066,,0.023856469213197493,0.03659955441432109,0.08941130016,-0.1167695939710949,,-8.3729625e-05,-6.198883e-06,2.3841858e-06,1.0,8.1695616e-05,8.7533146e-05,-8.169934e-05,1.0,8.255243e-06,-8.753687e-05,-8.225441e-06,1.0,45,0.136,0,0,0.0,False,-0.2620824112089424,1.0099252227195712
0.15957578600000488,14:39:41.163866,14:38:23.986487,0,,0.12039921,0.0030843914,0.025103077,0.6261587,0.62028384,-0.47241223,0.14165914,0.5053048,0.8512343,0.7667189,-0.5999293,0.22853202,,0.04762496,-0.047669403,0.039120913,0.35858697,0.87054014,0.33700922,-0.29795203,-0.23540069,0.9251006,0.8846694,-0.4321416,0.17496759,,0.057342026,1.3232874,0.4341481,0.99678975,0.07835401,-0.016457401,0.041332416,-0.6796431,-0.7323776,-0.068569876,0.7293462,-0.6806998,,-0.080924794,0.28630406,-0.05508213,-0.6618091,-0.57398593,0.4822332,0.6388467,-0.09520796,0.76342016,-0.39227998,0.8133115,0.42969853,,0.0006900816,0.45244056,-0.33561403,-0.37440324,-0.84823996,-0.37458134,0.6156674,-0.52947366,0.5836191,-0.69338,-0.012108631,0.72047037,,1.1907450136780544,0.31324949084429454,0.19523164432,3.1476557416461954,-0.6091255159543335,-1.0772483078299877,-0.41456723984880073,,-1.1418060554540939,-0.09735277061247417,0.16745733478000002,-1.2816249345774129,-0.9022108079512033,-1.3963677357816253,0.8358315864091066,,0.023856469213197493,0.03659955441432109,0.08941130016,-0.1167695939710949,,-8.3729625e-05,-6.198883e-06,2.3841858e-06,1.0,8.1695616e-05,8.7533146e-05,-8.169934e-05,1.0,8.255243e-06,-8.753687e-05,-8.225441e-06,1.0,53,0.159,0,0,0.0,False,-0.262797343831195,1.0095872613141148
0.18348893099982888,14:39:41.184433,14:38:23.986487,0,,0.12029055,0.0030245036,0.025187999,0.6218283,0.6225366,-0.4751608,0.14024886,0.5083993,0.8496237,0.77049315,-0.59496087,0.22882694,,0.04762382,-0.04766942,0.039120495,0.3585941,0.87056494,0.33693758,-0.29795048,-0.2353238,0.9251207,0.88466704,-0.43213356,0.17499954,,0.057342026,1.3232874,0.4341481,0.99678975,0.07835401,-0.016457401,0.041332416,-0.6796431,-0.7323776,-0.068569876,0.7293462,-0.6806998,,-0.08082241,0.286326,-0.055190027,-0.6577235,-0.57641476,0.48491836,0.64067847,-0.08952595,0.7625721,-0.39614502,0.81223834,0.42817986,,0.0006912321,0.45244023,-0.33561385,-0.37441036,-0.8482677,-0.37451142,0.6156658,-0.5294307,0.5836598,-0.6933776,-0.012045571,0.7204737,,1.1910848139245203,0.3126393949472308,0.19516034837000001,3.142203803115597,-0.6139077934461239,-1.0766158308062355,-0.41620068051014325,,-1.1417983327212196,-0.09735277061247417,0.16745733478000002,-1.2816249345774129,-0.9022108079512033,-1.3964494145217659,0.8356682423429722,,0.023856469213197493,0.03659955441432109,0.08941130016,-0.1167695939710949,,-8.3729625e-05,-6.198883e-06,2.3841858e-06,1.0,8.1695616e-05,8.7533146e-05,-8.169934e-05,1.0,8.255243e-06,-8.753687e-05,-8.225441e-06,1.0,64,0.193,0,0,0.0,False,-0.2626186106756321,1.0095389811133355
0.20407582699999693,14:39:41.220854,14:38:23.986487,0,,0.12013994,0.0029222518,0.02537626,0.6147579,0.62803304,-0.47712412,0.138531,0.5095546,0.8492133,0.77645475,-0.588157,0.22625056,,0.047623932,-0.04767061,0.039120317,0.35859314,0.87056446,0.33693966,-0.2979448,-0.23532899,0.92512125,0.8846693,-0.43213153,0.17499289,,0.057342026,1.3232874,0.4341481,0.99678975,0.07835401,-0.016457401,0.041332416,-0.6796431,-0.7323776,-0.068569876,0.7293462,-0.6806998,,-0.08068475,0.286394,-0.05540217,-0.6510265,-0.5822304,0.48700342,0.6439291,-0.08392609,0.7604681,-0.40189534,0.80868053,0.42955318,,0.0006911692,0.4524395,-0.3356148,-0.37440968,-0.84826714,-0.37451333,0.61567056,-0.5294314,0.58365417,-0.69337374,-0.012051079,0.72047734,,1.1916408506914644,0.3118671216598084,0.19499701583,3.1329774456022785,-0.6208762549341614,-1.0708518389775774,-0.41571064831174076,,-1.1417983327212196,-0.0973604933453484,0.16745733478000002,-1.2816249345774129,-0.9022108079512033,-1.3964494145217659,0.8356682423429722,,0.023856469213197493,0.03659955441432109,0.08941130016,-0.1167695939710949,,-8.3729625e-05,-6.198883e-06,2.3841858e-06,1.0,8.1695616e-05,8.7533146e-05,-8.169934e-05,1.0,8.255243e-06,-8.753687e-05,-8.225441e-06,1.0,72,0.217,0,0,0.0,False,-0.2626781883941529,1.0098286623180122
0.2405253659999289,14:39:41.248318,14:38:24.129316,0,,0.12004674,0.0028917342,0.025600031,0.60389394,0.63994557,-0.47516507,0.13164848,0.5078745,0.85131204,0.78611743,-0.576657,0.2224544,,0.04762496,-0.047669403,0.039120913,0.35858697,0.8705677,0.33693817,-0.29795203,-0.23532511,0.9251199,0.8846694,-0.4321273,0.17500293,,0.057342026,1.3232874,0.4341481,0.99678975,0.07835401,-0.016457401,0.041332416,-0.6796431,-0.7323776,-0.068569876,0.7293462,-0.6806998,,-0.08060436,0.28653613,-0.0555839,-0.64087623,-0.59477484,0.48530456,0.6463494,-0.07702754,0.75914377,-0.41413778,0.80019355,0.43379745,,0.0006900816,0.45244056,-0.33561403,-0.37440324,-0.84827054,-0.37451208,0.6156674,-0.529426,0.5836624,-0.69338,-0.012049784,0.7204713,,1.1921814419926602,0.3113496985572353,0.19488294231000003,3.121234808767145,-0.6346765414104709,-1.0591085582633952,-0.4160373364440093,,-1.1418060554540939,-0.09735277061247417,0.16745733478000002,-1.2816249345774129,-0.9022108079512033,-1.3964494145217659,0.8356682423429722,,0.023856469213197493,0.03659955441432109,0.08941130016,-0.1167695939710949,,-8.3729625e-05,-6.198883e-06,2.3841858e-06,1.0,8.1695616e-05,8.7533146e-05,-8.169934e-05,1.0,8.255243e-06,-8.753687e-05,-8.225441e-06,1.0,80,0.241,0,0,0.0,False,-0.26255903295711036,1.0097803821172329
0.2679988760000924,14:39:41.271746,14:38:24.129316,0,,0.11999431,0.0028811544,0.02574864,0.5965303,0.6467734,-0.4752218,0.12784246,0.5079777,0.85183036,0.79234326,-0.5688962,0.22033888,,0.047625985,-0.047668166,0.03912151,0.3585808,0.87057084,0.33693662,-0.29795933,-0.23532127,0.9251185,0.88466954,-0.43212306,0.17501307,,0.057342026,1.3232874,0.4341481,0.99678975,0.07835401,-0.016457401,0.041332416,-0.6796431,-0.7323776,-0.068569876,0.7293462,-0.6806998,,-0.08056016,0.28663704,-0.055697087,-0.6339563,-0.6019982,0.4854869,0.6483509,-0.071491875,0.7579776,-0.4215928,0.7952905,0.4356288,,0.00068899407,0.45244163,-0.33561325,-0.37439683,-0.84827393,-0.3745108,0.61566424,-0.52942055,0.5836706,-0.6933863,-0.012048489,0.7204653,,1.1925057967733776,0.3111102938381344,0.19480905378000002,3.112847211027764,-0.6430113678961628,-1.052475423618195,-0.415383960179472,,-1.141813778186968,-0.09734504787959994,0.16745733478000002,-1.2816249345774129,-0.9022108079512033,-1.3964494145217659,0.8356682423429722,,0.023856469213197493,0.03659955441432109,0.08941130016,-0.1167695939710949,,-8.3729625e-05,-6.198883e-06,2.3841858e-06,1.0,8.1695616e-05,8.7533146e-05,-8.169934e-05,1.0,8.255243e-06,-8.753687e-05,-8.225441e-06,1.0,91,0.275,0,0,0.0,False,-0.26255903295711036,1.0091527395071
0.2914196799997626,14:39:41.301502,14:38:24.129316,0,,0.11992458,0.0029075742,0.02600354,0.5847663,0.6584248,-0.47384083,0.12023154,0.50732297,0.8533275,0.8022423,-0.5559678,0.21750191,,0.047625985,-0.047668166,0.03912151,0.3585808,0.8705433,0.33700773,-0.29795933,-0.2353968,0.9250993,0.88466954,-0.43213737,0.17497769,,0.057342026,1.3232874,0.4341481,0.99678975,0.07835401,-0.016457401,0.041332416,-0.6796431,-0.7323776,-0.068569876,0.7293462,-0.6806998,,-0.08050332,0.2868406,-0.05585794,-0.6229395,-0.6143301,0.4842983,0.65045506,-0.06284792,0.7569401,-0.43457398,0.7865422,0.4387446,,0.00068899407,0.45244163,-0.33561325,-0.37439683,-0.84824336,-0.3745801,0.61566424,-0.52946824,0.58362734,-0.6933863,-0.012107336,0.72046435,,1.1931467836019383,0.310924948249153,0.19471053574000002,3.1000561244752083,-0.6573582003715339,-1.0411032586906326,-0.415383960179472,,-1.141813778186968,-0.09734504787959994,0.16745733478000002,-1.2816249345774129,-0.9022108079512033,-1.3963677357816255,0.8355048982768383,,0.023856469213197493,0.03659955441432109,0.08941130016,-0.1167695939710949,,-8.3729625e-05,-6.198883e-06,2.3841858e-06,1.0,8.1695616e-05,8.7533146e-05,-8.169934e-05,1.0,8.255243e-06,-8.753687e-05,-8.225441e-06,1.0,99,0.299,0,0,0.0,False,-0.2626781883941529,1.0094424207117765
0.3211410439998872,14:39:41.323978,14:38:24.129316,0,,0.11986958,0.0029423237,0.026261866,0.5728444,0.66812253,-0.474828,0.11422303,0.50857437,0.853408,0.81166637,-0.5431063,0.21501884,,0.04762371,-0.047668226,0.039120674,0.35859507,0.8705103,0.33707774,-0.29795623,-0.2354697,0.92508173,0.8846648,-0.43216413,0.17493564,,0.057342026,1.3232874,0.4341481,0.99678975,0.07835401,-0.016457401,0.041332416,-0.6796431,-0.7323776,-0.068569876,0.7293462,-0.6806998,,-0.08046115,0.2870521,-0.056014318,-0.61169714,-0.62465733,0.48541716,0.653329,-0.052894276,0.75522405,-0.44608045,0.77910554,0.44046205,,0.000691295,0.45244098,-0.3356129,-0.37441105,-0.848207,-0.3746481,0.61566097,-0.5295253,0.58357906,-0.69338155,-0.012157757,0.7204681,,1.1937182658346308,0.3109095027834045,0.19460553625000002,3.0862165882052297,-0.6699287583499546,-1.0315062414716865,-0.4147305839149349,,-1.1417983327212196,-0.09734504787959994,0.16745733478000002,-1.2816249345774129,-0.9022108079512033,-1.396286057041485,0.8353415542107039,,0.023856469213197493,0.03659955441432109,0.08941130016,-0.1167695939710949,,-8.3729625e-05,-6.198883e-06,2.3841858e-06,1.0,8.1695616e-05,8.7533146e-05,-8.169934e-05,1.0,8.255243e-06,-8.753687e-05,-8.225441e-06,1.0,107,0.324,0,0,0.0,False,-0.26243987752006825,1.009345860310218
0.3436572079999678,14:39:41.352048,14:38:24.129316,0,,0.11986318,0.002952382,0.026414394,0.56734425,0.674805,-0.47197333,0.10831362,0.5070142,0.85510504,0.81632626,-0.5362601,0.21456087,,0.04762496,-0.047669403,0.039120913,0.35858697,0.8705126,0.33708036,-0.29795203,-0.23547627,0.9250815,0.8846694,-0.4321559,0.1749323,,0.057342026,1.3232874,0.4341481,0.99678975,0.07835401,-0.016457401,0.041332416,-0.6796431,-0.7323776,-0.068569876,0.7293462,-0.6806998,,-0.08046256,0.2871692,-0.056112736,-0.60661083,-0.6317316,0.48263702,0.65270823,-0.049167007,0.75601226,-0.45386705,0.7736264,0.44216165,,0.0006900816,0.45244056,-0.33561403,-0.37440324,-0.8482094,-0.37465063,0.6156674,-0.52952135,0.5835759,-0.69338,-0.012167479,0.72046936,,1.1940194524167256,0.31091722551627876,0.19454201804000001,3.0813937195050856,-0.6785368578351773,-1.0253037009402177,-0.41636402457627764,,-1.1418060554540939,-0.09735277061247417,0.16745733478000002,-1.2816249345774129,-0.9022108079512033,-1.396286057041485,0.8353415542107039,,0.023856469213197493,0.03659955441432109,0.08941130016,-0.1167695939710949,,-8.3729625e-05,-6.198883e-06,2.3841858e-06,1.0,8.1695616e-05,8.7533146e-05,-8.169934e-05,1.0,8.255243e-06,-8.753687e-05,-8.225441e-06,1.0,115,0.347,0,0,0.0,False,-0.26101001227556386,1.009056179105541
0.37166469899966614,14:39:41.375178,14:38:24.129316,0,,0.11981374,0.0029556751,0.026580304,0.56191415,0.6777302,-0.4742724,0.106304914,0.5094306,0.8539202,0.82033634,-0.53024733,0.21421006,,0.047625072,-0.04767058,0.039120734,0.358586,0.87051225,0.33708248,-0.29794636,-0.23548144,0.92508197,0.8846718,-0.43215388,0.1749256,,0.057342026,1.3232874,0.4341481,0.99678975,0.07835401,-0.016457401,0.041332416,-0.6796431,-0.7323776,-0.068569876,0.7293462,-0.6806998,,-0.08042188,0.28729215,-0.056227677,-0.60145587,-0.6349051,0.48491895,0.6543175,-0.043214206,0.7549842,-0.45838794,0.7713806,0.4414209,,0.00069001864,0.4524398,-0.33561498,-0.37440255,-0.84820884,-0.37465253,0.61567223,-0.52952206,0.5835702,-0.6933761,-0.012172988,0.720473,,1.1944519254576822,0.31091722551627876,0.19444738887000002,3.0744739513700963,-0.6834557718267331,-1.022681194989536,-0.4148939279810695,,-1.1418060554540939,-0.0973604933453484,0.16745733478000002,-1.2816249345774129,-0.9022108079512033,-1.396286057041485,0.8353415542107039,,0.023856469213197493,0.03659955441432109,0.08941130016,-0.1167695939710949,,-8.3729625e-05,-6.198883e-06,2.3841858e-06,1.0,8.1695616e-05,8.7533146e-05,-8.169934e-05,1.0,8.255243e-06,-8.753687e-05,-8.225441e-06,1.0,126,0.381,0,0,0.0,False,-0.2618441003348577,1.0095389811133355
0.39483948799988866,14:39:41.411952,14:38:24.296097,0,,0.119800895,0.0029379278,0.026770711,0.5582087,0.6828013,-0.47136545,0.10165942,0.5075492,0.8556045,0.823449,-0.5255247,0.21390513,,0.04762496,-0.047669403,0.039120913,0.35858697,0.8705126,0.33708036,-0.29795203,-0.23547627,0.9250815,0.8846694,-0.4321559,0.1749323,,0.057342026,1.3232874,0.4341481,0.99678975,0.07835401,-0.016457401,0.041332416,-0.6796431,-0.7323776,-0.068569876,0.7293462,-0.6806998,,-0.0804196,0.28741747,-0.056372676,-0.5980456,-0.6402672,0.4820782,0.6534201,-0.04120951,0.755873,-0.46409446,0.7670461,0.4430086,,0.0006900816,0.45244056,-0.33561403,-0.37440324,-0.8482094,-0.37465063,0.6156674,-0.52952135,0.5835759,-0.69338,-0.012167479,0.72046936,,1.1948612303000161,0.31097900737927253,0.19432553761000002,3.0713286022178283,-0.6897410508159434,-1.0174742926793598,-0.4150572720472039,,-1.1418060554540939,-0.09735277061247417,0.16745733478000002,-1.2816249345774129,-0.9022108079512033,-1.396286057041485,0.8353415542107039,,0.023856469213197493,0.03659955441432109,0.08941130016,-0.1167695939710949,,-8.3729625e-05,-6.198883e-06,2.3841858e-06,1.0,8.1695616e-05,8.7533146e-05,-8.169934e-05,1.0,8.255243e-06,-8.753687e-05,-8.225441e-06,1.0,134,0.406,0,0,0.0,False,-0.2631548101423209,1.009394140510997
0.4316338650000944,14:39:41.432338,14:38:24.296097,0,,0.11977443,0.0029463917,0.02687481,0.5548659,0.6839745,-0.4736061,0.101067126,0.50964445,0.8544284,0.82577795,-0.52195925,0.2136569,,0.0476261,-0.04766936,0.03912133,0.3585798,0.87051535,0.33708093,-0.29795358,-0.23547758,0.9250806,0.8846718,-0.43214968,0.17493573,,0.057342026,1.3232874,0.4341481,0.99678975,0.07835401,-0.016457401,0.041332416,-0.6796431,-0.7323776,-0.068569876,0.7293462,-0.6806998,,-0.08039846,0.28749895,-0.05643993,-0.59484756,-0.64157087,0.48429665,0.65475595,-0.03721005,0.7549239,-0.46631643,0.7661607,0.44220665,,0.0006889311,0.4524409,-0.3356142,-0.37439612,-0.84821224,-0.37465125,0.6156691,-0.52951664,0.5835784,-0.6933824,-0.012171691,0.720467,,1.1951238032177398,0.31104851197514055,0.19426590827,3.0667154234611687,-0.6920638713119559,-1.0163969757179265,-0.41603733644400953,,-1.141813778186968,-0.09735277061247417,0.16745733478000002,-1.2816249345774129,-0.9022108079512033,-1.396286057041485,0.8356682423429727,,0.023856469213197493,0.03659955441432109,0.08941130016,-0.1167695939710949,,-8.3729625e-05,-6.198883e-06,2.3841858e-06,1.0,8.1695616e-05,8.7533146e-05,-8.169934e-05,1.0,8.255243e-06,-8.753687e-05,-8.225441e-06,1.0,142,0.43,0,0,0.0,False,-0.26249945523859,1.0092010197078791
0.45202027599998473,14:39:41.454539,14:38:24.296097,0,,0.1197432,0.002951607,0.026983261,0.5515003,0.6850198,-0.47602043,0.10077134,0.5117585,0.8531989,0.8280655,-0.5185087,0.2132045,,0.047625985,-0.047668166,0.03912151,0.3585808,0.87051576,0.33707884,-0.29795933,-0.2354724,0.92508006,0.88466954,-0.43215168,0.17494243,,0.057342026,1.3232874,0.4341481,0.99678975,0.07835401,-0.016457401,0.041332416,-0.6796431,-0.7323776,-0.068569876,0.7293462,-0.6806998,,-0.08037287,0.2875814,-0.05651278,-0.5916167,-0.6427402,0.48669782,0.6562677,-0.033277974,0.7537939,-0.4682973,0.76536113,0.44149742,,0.00068899407,0.45244163,-0.33561325,-0.37439683,-0.8482128,-0.37464938,0.61566424,-0.5295159,0.58358413,-0.6933863,-0.0121661825,0.72046334,,1.195401821601212,0.3111102938381344,0.19419979748000002,3.061892554761025,-0.6941134188084375,-1.0152157796033237,-0.41522061611333805,,-1.141813778186968,-0.09734504787959994,0.16745733478000002,-1.2816249345774129,-0.9022108079512033,-1.396286057041485,0.8356682423429727,,0.023856469213197493,0.03659955441432109,0.08941130016,-0.1167695939710949,,-8.3729625e-05,-6.198883e-06,2.3841858e-06,1.0,8.1695616e-05,8.7533146e-05,-8.169934e-05,1.0,8.255243e-06,-8.753687e-05,-8.225441e-06,1.0,150,0.455,0,0,0.0,False,-0.26232072208302704,1.0091527395071
0.4742143949997626,14:39:41.478507,14:38:24.296097,0,,0.11973004,0.0029913038,0.027154505,0.5477192,0.6906139,-0.47228816,0.09522468,0.50936604,0.8552652,0.8312255,-0.5134187,0.2132259,,0.04762522,-0.047667943,0.0391199,0.35858792,0.8704855,0.33714935,-0.29795778,-0.2355466,0.92506164,0.88466716,-0.43217215,0.17490378,,0.057342026,1.3232874,0.4341481,0.99678975,0.07835401,-0.016457401,0.041332416,-0.6796431,-0.7323776,-0.068569876,0.7293462,-0.6806998,,-0.08036774,0.2877327,-0.056603167,-0.5881574,-0.64865756,0.48302615,0.6547822,-0.031372376,0.75516623,-0.47469062,0.76043355,0.4431813,,0.00068980193,0.45244035,-0.33561227,-0.37440392,-0.8481793,-0.374718,0.61566263,-0.52956825,0.58353835,-0.69338393,-0.012220817,0.7204647,,1.195926967436659,0.31129563942711574,0.19413368669000003,3.058956895552241,-0.701081880296475,-1.0094517877746656,-0.4155473042456064,,-1.1418060554540939,-0.09734504787959994,0.16745863107000003,-1.2816249345774129,-0.9022108079512033,-1.3962043783013445,0.8355048982768383,,0.023856469213197493,0.03659955441432109,0.08941130016,-0.1167695939710949,,-8.3729625e-05,-6.198883e-06,2.3841858e-06,1.0,8.1695616e-05,8.7533146e-05,-8.169934e-05,1.0,8.255243e-06,-8.753687e-05,-8.225441e-06,1.0,158,0.479,0,0,0.0,False,-0.26333354329788383,1.0087664979008641
0.49812242000007245,14:39:41.505833,14:38:24.296097,0,,0.11969195,0.0030689389,0.027315855,0.5417593,0.69437486,-0.473646,0.092173845,0.5110285,0.8546074,0.83546436,-0.5066493,0.2128512,,0.047625102,-0.04766608,0.039118826,0.35864106,0.87060946,0.3367726,-0.29770303,-0.23525947,0.9252168,0.88473135,-0.43207893,0.17480934,,0.057342026,1.3232874,0.4341481,0.99678975,0.07835401,-0.016457401,0.041332416,-0.6796431,-0.7323776,-0.068569876,0.7293462,-0.6806998,,-0.08033617,0.28790358,-0.0566607,-0.5825136,-0.6527253,0.48438382,0.65584546,-0.025412133,0.7544673,-0.48015064,0.7571684,0.4428898,,0.00068988354,0.45244032,-0.33561012,-0.37446794,-0.8483161,-0.37434426,0.61583906,-0.52935386,0.5835467,-0.6931926,-0.012016291,0.7206522,,1.1964907269364775,0.3115504896119652,0.19409479799,3.0516177475302833,-0.7068206132866234,-1.005507344480681,-0.41652736864241224,,-1.1417983327212196,-0.09735277061247417,0.16745992736,-1.282044314464382,-0.9022108079512033,-1.3962043783013445,0.8351782101445699,,0.023856469213197493,0.03659955441432109,0.08941130016,-0.1167695939710949,,-8.3729625e-05,-6.198883e-06,2.3841858e-06,1.0,8.1695616e-05,8.7533146e-05,-8.169934e-05,1.0,8.255243e-06,-8.753687e-05,-8.225441e-06,1.0,169,0.512,0,0,0.0,False,-0.26309523242380006,1.009394140510997
0.5254566759999761,14:39:41.536962,14:38:24.296097,0,,0.1197599,0.0030949712,0.027481094,0.53768384,0.6978848,-0.47313088,0.08891153,0.5110891,0.8549169,0.83844537,-0.5017417,0.21275422,,0.04765521,-0.047660217,0.039135516,0.3586564,0.87058055,0.33683082,-0.29767144,-0.23533359,0.92520803,0.8847357,-0.43209672,0.17474303,,0.057388406,1.323289,0.4341468,0.9967923,0.07831132,-0.016503403,0.041269805,-0.67964804,-0.7323765,-0.068569876,0.7293462,-0.6806998,,-0.080448724,0.2880411,-0.056748863,-0.57868415,-0.6564534,0.48393562,0.6558406,-0.021867696,0.75458264,-0.48476574,0.7540496,0.44318324,,0.0006166711,0.45245346,-0.3356146,-0.37448996,-0.84830725,-0.37434217,0.6158705,-0.5293676,0.58350104,-0.6931528,-0.012031025,0.72069025,,1.1970158727719247,0.3118439534611857,0.19404683526000002,3.0470045687736236,-0.7117395272781792,-1.0015779786877503,-0.4162006805101437,,-1.1418060554540939,-0.09735277061247417,0.16745992736,-1.282044314464382,-0.9022108079512033,-1.3961226995612037,0.8350148660784351,,0.023856469213197493,0.03659955441432109,0.08941130016,-0.1167695939710949,,-3.733486e-05,-4.6491623e-06,1.4305115e-06,0.99999994,3.8936734e-05,4.172325e-05,-3.8944185e-05,1.0,3.963709e-06,-4.172325e-05,-3.9041042e-06,1.0,177,0.537,0,0,0.0,False,-0.2623802998015474,1.0091527395071
0.5566240519997336,14:39:41.563807,14:38:24.455381,0,,0.11972529,0.003150016,0.027594611,0.53366965,0.70039886,-0.47396,0.08684483,0.5120895,0.8545306,0.84122205,-0.497198,0.2124604,,0.047652554,-0.04766053,0.039134562,0.35864818,0.87053955,0.33694565,-0.29779774,-0.23539566,0.92515165,0.8846965,-0.43214557,0.17482045,,0.057388406,1.323289,0.4341468,0.9967923,0.07831132,-0.016503403,0.041269805,-0.67964804,-0.7323765,-0.068569876,0.7293462,-0.6806998,,-0.0804187,0.28816178,-0.056789473,-0.5748791,-0.6591764,0.4847685,0.6564919,-0.017946703,0.7541196,-0.48839784,0.7517742,0.44306114,,0.0006193666,0.45245254,-0.33561432,-0.37447613,-0.8482626,-0.37445724,0.61577576,-0.5294385,0.5835367,-0.6932444,-0.012061153,0.7206016,,1.1974483458128813,0.31200613085154444,0.19401961317000002,3.041972010129995,-0.7155653492716116,-0.9987033136046722,-0.41571064831174076,,-1.1417906099883453,-0.09734504787959994,0.16745992736,-1.2818346245208974,-0.9022108079512033,-1.3962043783013445,0.8351782101445699,,0.023856469213197493,0.03659955441432109,0.08941130016,-0.1167695939710949,,-3.733486e-05,-4.6491623e-06,1.4305115e-06,0.99999994,3.8936734e-05,4.172325e-05,-3.8944185e-05,1.0,3.963709e-06,-4.172325e-05,-3.9041042e-06,1.0,189,0.574,0,0,0.0,False,-0.2626781883941529,1.0089596187039818
0.5834912949999307,14:39:41.595039,14:38:24.455381,0,,0.119687915,0.0032289773,0.02774261,0.5295443,0.70497036,-0.47180444,0.08037102,0.51199037,0.8552231,0.84446615,-0.4907979,0.21446234,,0.04765153,-0.04765734,0.039135814,0.35853308,0.8705487,0.3370444,-0.29780352,-0.23552191,0.9251176,0.88474125,-0.43205824,0.17481002,,0.057388406,1.323289,0.4341468,0.9967923,0.07831132,-0.016503403,0.041269805,-0.67964804,-0.7323765,-0.068569876,0.7293462,-0.6806998,,-0.0803871,0.28832394,-0.05683682,-0.57110584,-0.6640809,0.48252943,0.65443176,-0.013488106,0.75600076,-0.49553725,0.74753904,0.44229877,,0.0006202407,0.45245522,-0.33561212,-0.3743623,-0.84826994,-0.37455434,0.6158171,-0.5294232,0.58350694,-0.69326913,-0.0122139845,0.7205753,,1.1981047781071905,0.31215286277615467,0.19400535398000002,3.038826660977727,-0.7234902662580072,-0.9954265460557618,-0.41587399237787515,,-1.1417828872554712,-0.09732187968097727,0.16745992736,-1.2818346245208974,-0.9023474444509687,-1.396092960397648,0.8351782101445699,,0.023856469213197493,0.03659955441432109,0.08941130016,-0.1167695939710949,,-3.733486e-05,-4.6491623e-06,1.4305115e-06,0.99999994,3.8936734e-05,4.172325e-05,-3.8944185e-05,1.0,3.963709e-06,-4.172325e-05,-3.9041042e-06,1.0,193,0.586,0,0,0.0,False,-0.2620824112089424,1.0092010197078791
0.6147209709997696,14:39:41.620903,14:38:24.455381,0,,0.119620144,0.0033115447,0.027911767,0.5235671,0.7065855,-0.47604036,0.07507649,0.5183066,0.8518932,0.84867,-0.48176268,0.21832022,,0.04765028,-0.04765618,0.039135575,0.3585412,0.8705188,0.33711284,-0.29780766,-0.23559093,0.92509866,0.88473654,-0.43208078,0.17477813,,0.057388406,1.323289,0.4341468,0.9967923,0.07831132,-0.016503403,0.041269805,-0.67964804,-0.7323765,-0.068569876,0.7293462,-0.6806998,,-0.08032619,0.28850445,-0.05689784,-0.56550306,-0.66600174,0.4864648,0.6539168,-0.0026294186,0.75656193,-0.50259244,0.7459456,0.43699667,,0.00062145427,0.45245564,-0.335611,-0.3743701,-0.84823704,-0.3746211,0.6158107,-0.5294748,0.5834669,-0.6932707,-0.012263118,0.72057295,,1.1988384377302417,0.3122609810363938,0.19397942818000002,3.0323262727297067,-0.7312785467446373,-0.9973252782992624,-0.4153839601794722,,-1.1417751645225969,-0.09731415694810305,0.16745992736,-1.2818346245208974,-0.9023474444509687,-1.3960112816575072,0.8350148660784351,,0.023856469213197493,0.03659955441432109,0.08941130016,-0.1167695939710949,,-3.733486e-05,-4.6491623e-06,1.4305115e-06,0.99999994,3.8936734e-05,4.172325e-05,-3.8944185e-05,1.0,3.963709e-06,-4.172325e-05,-3.9041042e-06,1.0,205,0.622,0,0,0.0,False,-0.26136747858668974,1.0090078989047615
0.640529955999682,14:39:41.649996,14:38:24.455381,0,,0.11955573,0.0033780038,0.028043255,0.5229324,0.7085038,-0.47388184,0.07164058,0.517455,0.8527063,0.8493581,-0.47985694,0.21983626,,0.04764903,-0.047655,0.039135337,0.35854933,0.8705165,0.3371102,-0.2978118,-0.23558438,0.9250991,0.8847319,-0.43208894,0.17478147,,0.057388406,1.323289,0.4341468,0.9967923,0.07831132,-0.016503403,0.041269805,-0.67964804,-0.7323765,-0.068569876,0.7293462,-0.6806998,,-0.08026705,0.28864658,-0.056944326,-0.56499785,-0.6680402,0.48425168,0.6520471,-0.0018818253,0.75817615,-0.5055809,0.74412274,0.43665692,,0.0006226679,0.4524561,-0.33560982,-0.3743779,-0.8482347,-0.37461856,0.61580426,-0.5294787,0.5834701,-0.6932722,-0.012253397,0.7205717,,1.1996493246820354,0.3123922674952556,0.19394572464,3.0323262727297067,-0.7345578227390079,-0.9957130722323755,-0.4162006805101435,,-1.1417674417897226,-0.09730643421522882,0.16745992736,-1.2818346245208974,-0.9023474444509687,-1.3960112816575072,0.8350148660784351,,0.023856469213197493,0.03659955441432109,0.08941130016,-0.1167695939710949,,-3.733486e-05,-4.6491623e-06,1.4305115e-06,0.99999994,3.8936734e-05,4.172325e-05,-3.8944185e-05,1.0,3.963709e-06,-4.172325e-05,-3.9041042e-06,1.0,216,0.656,0,0,0.0,False,-0.26112916771260597,1.0091044593063205
0.6696591790000639,14:39:41.681166,14:38:24.455381,0,,0.11947489,0.0034761429,0.028197303,0.5192082,0.71186393,-0.47294024,0.06806731,0.5171735,0.8531697,0.85193276,-0.4751645,0.22006595,,0.047648005,-0.047656238,0.03913474,0.35855547,0.8705134,0.3371117,-0.2978045,-0.23558825,0.9251004,0.88473177,-0.43209317,0.17477137,,0.057388406,1.323289,0.4341468,0.9967923,0.07831132,-0.016503403,0.041269805,-0.67964804,-0.7323765,-0.068569876,0.7293462,-0.6806998,,-0.08019188,0.28882724,-0.05698445,-0.56151193,-0.67165005,0.483312,0.6515041,0.0012424324,0.7586441,-0.5101439,0.7408675,0.43688512,,0.00062375533,0.452455,-0.3356106,-0.37438434,-0.8482313,-0.37461984,0.6158074,-0.52948415,0.5834619,-0.69326586,-0.012254693,0.7205777,,1.2005219934968228,0.3125698903513628,0.19392628029000003,3.027922783916532,-0.7394767367305638,-0.9915386702190232,-0.4158739923778749,,-1.1417597190568485,-0.09731415694810305,0.16745992736,-1.2818346245208974,-0.9023474444509687,-1.3960112816575072,0.8350148660784351,,0.023856469213197493,0.03659955441432109,0.08941130016,-0.1167695939710949,,-3.733486e-05,-4.6491623e-06,1.4305115e-06,0.99999994,3.8936734e-05,4.172325e-05,-3.8944185e-05,1.0,3.963709e-06,-4.172325e-05,-3.9041042e-06,1.0,224,0.68,0,0,0.0,False,-0.2621419889274632,1.0088147781016437
0.70083625999996,14:39:41.706397,14:38:24.455381,0,,0.119391456,0.0035981387,0.028351143,0.51440084,0.71315485,-0.47623706,0.06711173,0.5201646,0.8514252,0.85491955,-0.46993494,0.21971199,,0.047645725,-0.047656313,0.039133966,0.3585698,0.87050796,0.3371106,-0.29780143,-0.23558557,0.9251021,0.884727,-0.43210563,0.17476466,,0.057388406,1.323289,0.4341468,0.9967923,0.07831132,-0.016503403,0.041269805,-0.67964804,-0.7323765,-0.068569876,0.7293462,-0.6806998,,-0.080113456,0.28902432,-0.05700735,-0.5568965,-0.67313516,0.48657507,0.6530917,0.0070602205,0.7572459,-0.51316416,0.73948574,0.4356872,,0.0006260564,0.45245436,-0.33561024,-0.3743986,-0.8482256,-0.37461856,0.61580414,-0.5294935,0.5834568,-0.6932611,-0.012246268,0.7205824,,1.2013792168458617,0.31290196786495444,0.19391072481000002,3.0205836358945732,-0.742346103225638,-0.989280572981539,-0.41571064831174054,,-1.1417442735910999,-0.09731415694810305,0.16745992736,-1.2818346245208974,-0.9023474444509687,-1.3960112816575072,0.8350148660784351,,0.023856469213197493,0.03659955441432109,0.08941130016,-0.1167695939710949,,-3.733486e-05,-4.6491623e-06,1.4305115e-06,0.99999994,3.8936734e-05,4.172325e-05,-3.8944185e-05,1.0,3.963709e-06,-4.172325e-05,-3.9041042e-06,1.0,232,0.705,0,0,0.0,False,-0.26243987752006825,1.0088147781016437
0.7260156799998185,14:39:41.729751,14:38:24.455381,0,,0.119367495,0.0036747754,0.028436407,0.51436275,0.71393377,-0.47510988,0.06584337,0.51950425,0.85192716,0.85504115,-0.4694825,0.22020572,,0.047645357,-0.04765658,0.039135158,0.3585698,0.87050796,0.3371106,-0.29780143,-0.23558557,0.9251021,0.884727,-0.43210563,0.17476466,,0.057388406,1.323289,0.4341468,0.9967923,0.07831132,-0.016503403,0.041269805,-0.67964804,-0.7323765,-0.068569876,0.7293462,-0.6806998,,-0.08009199,0.28913933,-0.05701228,-0.55689883,-0.6739543,0.48543718,0.65230215,0.006914224,0.7579275,-0.5141649,0.7387407,0.43577132,,0.00062639895,0.4524553,-0.33561105,-0.3743986,-0.8482256,-0.37461856,0.61580414,-0.5294935,0.5834568,-0.6932611,-0.012246268,0.7205824,,1.2019352536128058,0.31321087717992346,0.19390165078000002,3.0205836358945732,-0.7431659222242306,-0.9882036718586577,-0.41554730424560615,,-1.1417442735910999,-0.09731415694810305,0.16745863107000003,-1.2818346245208974,-0.9023474444509687,-1.3960112816575072,0.8350148660784351,,0.023856469213197493,0.03659955441432109,0.08941130016,-0.1167695939710949,,-3.733486e-05,-4.6491623e-06,1.4305115e-06,0.99999994,3.8936734e-05,4.172325e-05,-3.8944185e-05,1.0,3.963709e-06,-4.172325e-05,-3.9041042e-06,1.0,240,0.729,0,0,0.0,False,-0.2631548101423209,1.0087664979008641
0.7494330669996998,14:39:41.752655,14:38:24.455381,0,,0.11935115,0.003742218,0.02850549,0.51444876,0.71433944,-0.47440666,0.06512889,0.5190839,0.8522383,0.8550442,-0.46933055,0.22051781,,0.04764601,-0.047655568,0.039136946,0.3585636,0.87051105,0.3371091,-0.2978087,-0.23558173,0.92510074,0.8847272,-0.43210146,0.17477465,,0.057388406,1.323289,0.4341468,0.9967923,0.07831132,-0.016503403,0.041269805,-0.67964804,-0.7323765,-0.068569876,0.7293462,-0.6806998,,-0.080077514,0.2892362,-0.057012286,-0.557004,-0.67437845,0.48472703,0.651808,0.0067248736,0.7583542,-0.51467746,0.7383553,0.43581948,,0.000625654,0.45245734,-0.33561105,-0.37439215,-0.848229,-0.3746173,0.615801,-0.52948815,0.58346504,-0.6932674,-0.0122449715,0.72057647,,1.202390894852385,0.313504341029144,0.19389516933,3.0205836358945732,-0.7434391952237615,-0.9874907636104213,-0.4158739923778749,,-1.1417519963239742,-0.09730643421522882,0.16745733478000002,-1.2818346245208974,-0.9023474444509687,-1.3960112816575072,0.8350148660784351,,0.023856469213197493,0.03659955441432109,0.08941130016,-0.1167695939710949,,-3.733486e-05,-4.6491623e-06,1.4305115e-06,0.99999994,3.8936734e-05,4.172325e-05,-3.8944185e-05,1.0,3.963709e-06,-4.172325e-05,-3.9041042e-06,1.0,248,0.753,0,0,0.0,False,-0.2626781883941529,1.0089596187039818
0.7723012159999598,14:39:41.781265,14:38:24.455381,0,,0.11932433,0.003864482,0.028645977,0.50894904,0.71739346,-0.47572833,0.06247449,0.5204185,0.85162294,0.8585264,-0.46315357,0.22004762,,0.04764726,-0.04765676,0.039137185,0.35855547,0.8705134,0.3371117,-0.2978045,-0.23558825,0.9251004,0.88473177,-0.43209317,0.17477137,,0.057388406,1.323289,0.4341468,0.9967923,0.07831132,-0.016503403,0.041269805,-0.67964804,-0.7323765,-0.068569876,0.7293462,-0.6806998,,-0.08005491,0.2894227,-0.05702262,-0.5517691,-0.677718,0.48605475,0.65259063,0.012044815,0.7576149,-0.5193037,0.7352233,0.43562645,,0.00062444044,0.45245692,-0.3356122,-0.37438434,-0.8482313,-0.37461984,0.6158074,-0.52948415,0.5834619,-0.69326586,-0.012254693,0.7205777,,1.202977822550826,0.31395998226872324,0.19389646562,3.0134541778160995,-0.7480848362157865,-0.9834575186643213,-0.41636402457627764,,-1.1417597190568485,-0.09731415694810305,0.16745733478000002,-1.2818346245208974,-0.9023474444509687,-1.3960112816575072,0.8350148660784351,,0.023856469213197493,0.03659955441432109,0.08941130016,-0.1167695939710949,,-3.733486e-05,-4.6491623e-06,1.4305115e-06,0.99999994,3.8936734e-05,4.172325e-05,-3.8944185e-05,1.0,3.963709e-06,-4.172325e-05,-3.9041042e-06,1.0,259,0.787,0,0,0.0,False,-0.26255903295711036,1.0087664979008641
0.8009332379997431,14:39:41.808323,14:38:24.455381,0,,0.11934139,0.003955692,0.028738663,0.50634557,0.7204648,-0.47386116,0.0590595,0.51924837,0.85258037,0.86030567,-0.45968634,0.22036874,,0.047645096,-0.04765798,0.03913617,0.3585688,0.87050754,0.3371127,-0.2977957,-0.23559079,0.9251026,0.8847294,-0.43210363,0.17475796,,0.057388406,1.323289,0.4341468,0.9967923,0.07831132,-0.016503403,0.041269805,-0.67964804,-0.7323765,-0.068569876,0.7293462,-0.6806998,,-0.080074385,0.28955236,-0.057019886,-0.5493557,-0.6809986,0.48419952,0.6515614,0.01367574,0.7584727,-0.5231406,0.732157,0.43619955,,0.00062667846,0.45245552,-0.33561277,-0.37439787,-0.84822506,-0.37462047,0.61580896,-0.5294942,0.5834511,-0.6932572,-0.012251777,0.7205861,,1.2033330682630403,0.31438473257680555,0.19390683594000002,3.0111475884377694,-0.7520472947089842,-0.9800630419768442,-0.41636402457627764,,-1.1417442735910999,-0.09732187968097727,0.16745733478000002,-1.2818346245208974,-0.9023474444509687,-1.3960112816575072,0.8350148660784351,,0.023856469213197493,0.03659955441432109,0.08941130016,-0.1167695939710949,,-3.733486e-05,-4.6491623e-06,1.4305115e-06,0.99999994,3.8936734e-05,4.172325e-05,-3.8944185e-05,1.0,3.963709e-06,-4.172325e-05,-3.9041042e-06,1.0,267,0.811,0,0,0.0,False,-0.26202283349042155,1.0085733770977463
0.8280037559998163,14:39:41.836165,14:38:24.455381,0,,0.119344264,0.0039910823,0.028754398,0.50633615,0.7199023,-0.4747255,0.059588343,0.51998585,0.85209394,0.8602748,-0.45973414,0.22038975,,0.047646232,-0.04765798,0.03913659,0.35856166,0.87053776,0.3370421,-0.2977973,-0.23551656,0.92512107,0.88473177,-0.43208313,0.17479658,,0.057388406,1.323289,0.4341468,0.9967923,0.07831132,-0.016503403,0.041269805,-0.67964804,-0.7323765,-0.068569876,0.7293462,-0.6806998,,-0.08007714,0.28958815,-0.05700505,-0.5493305,-0.68041474,0.4850482,0.65190536,0.014162795,0.7581681,-0.5227384,0.7326904,0.43578595,,0.00062552793,0.45245585,-0.33561298,-0.37439075,-0.8482585,-0.3745518,0.6158106,-0.5294419,0.58349687,-0.6932596,-0.012197132,0.72058475,,1.203456631989028,0.31457007816578697,0.19391331739,3.010728208550801,-0.751364112210157,-0.9806201314953263,-0.41636402457627764,,-1.1417519963239742,-0.09732187968097727,0.16745733478000002,-1.2818346245208974,-0.9023474444509687,-1.396092960397648,0.8350148660784351,,0.023856469213197493,0.03659955441432109,0.08941130016,-0.1167695939710949,,-3.733486e-05,-4.6491623e-06,1.4305115e-06,0.99999994,3.8936734e-05,4.172325e-05,-3.8944185e-05,1.0,3.963709e-06,-4.172325e-05,-3.9041042e-06,1.0,275,0.836,0,0,0.0,False,-0.2620824112089424,1.0092010197078791
0.855815112000073,14:39:41.858666,14:38:24.455381,0,,0.11933459,0.0040429235,0.02879031,0.5027694,0.7213802,-0.47627026,0.05877152,0.52116907,0.85142744,0.8624202,-0.45606282,0.21963117,,0.047646344,-0.047659174,0.03913635,0.3585607,0.8705374,0.3370442,-0.29779166,-0.23552172,0.9251215,0.88473403,-0.4320811,0.17478988,,0.057388406,1.323289,0.4341468,0.9967923,0.07831132,-0.016503403,0.041269805,-0.67964804,-0.7323765,-0.068569876,0.7293462,-0.6806998,,-0.08006801,0.28965014,-0.056993015,-0.5459053,-0.6820525,0.48661256,0.6529577,0.01760132,0.7571898,-0.52500826,0.7310913,0.4357428,,0.0006254649,0.4524551,-0.33561394,-0.37439007,-0.84825796,-0.3745537,0.6158154,-0.5294426,0.58349115,-0.6932557,-0.012202641,0.7205884,,1.2035647502492672,0.3147168100903972,0.19393405803000002,3.0059053398506568,-0.7536869327061696,-0.9783993121719248,-0.4157106483117403,,-1.1417519963239742,-0.0973296024138515,0.16745733478000002,-1.2818346245208974,-0.9023474444509687,-1.396092960397648,0.834851522012301,,0.023856469213197493,0.03659955441432109,0.08941130016,-0.1167695939710949,,-3.733486e-05,-4.6491623e-06,1.4305115e-06,0.99999994,3.8936734e-05,4.172325e-05,-3.8944185e-05,1.0,3.963709e-06,-4.172325e-05,-3.9041042e-06,1.0,283,0.86,0,0,0.0,False,-0.26202283349042155,1.0088630583024232
