camera_matrix:
- - 1640.8118896484375
  - 0.0
  - 763.5873413085938
- - 0.0
  - 1634.4053955078125
  - 492.023681640625
- - 0.0
  - 0.0
  - 1.0
dist_coeff:
- - -0.4274528920650482
  - 1.0035356283187866
  - 0.0051926542073488235
  - 0.0038043742533773184
  - -0.8866874575614929
mean reprojection error:
- 0.39547168823151596
