camera_matrix:
- - 2674.81591796875
  - 0.0
  - 789.953125
- - 0.0
  - 2663.473876953125
  - 476.5303649902344
- - 0.0
  - 0.0
  - 1.0
dist_coeff:
- - -1.3763138055801392
  - 14.378412246704102
  - 0.04323531314730644
  - -0.007464665453881025
  - -57.586761474609375
mean reprojection error:
- 0.4913706786969846
