camera_matrix:
- - 1855.1272076819741
  - 0.0
  - 759.1503772289217
- - 0.0
  - 1846.0848994585608
  - 455.81582784379606
- - 0.0
  - 0.0
  - 1.0
dist_coeff:
- - -0.2768430957546963
  - 0.6349980133548816
  - 0.003930814531424674
  - 0.0007126824442478225
  - -1.9277243834471032
mea reprojection error:
- 0.0486159221488734
