Task Time,PC1 Time,PC2 Time,Gaze Calib,s_T_psm1,Tx,Ty,Tz,R00,R01,R02,R10,R11,R12,R20,R21,R22,s_T_psm3,Tx,Ty,Tz,R00,R01,R02,R10,R11,R12,R20,R21,R22,cart_T_ecm,Tx,Ty,Tz,R00,R01,R02,R10,R11,R12,R20,R21,R22,ecm_T_psm1,Tx,Ty,Tz,R00,R01,R02,R10,R11,R12,R20,R21,R22,ecm_T_psm3,Tx,Ty,Tz,R00,R01,R02,R10,R11,R12,R20,R21,R22,psm1_joints,q1,q2,q3,q4,q5,q6,jaw,psm3_joints,q1,q2,q3,q4,q5,q6,jaw,ecm_joints,q1,q2,q3,q4,ecmi_T_ecm,Tx,Ty,Tz,R00,R01,R02,R10,R11,R12,R20,R21,R22,Sample #,Task Duration (s),Collisions (binary),Collisions (increments),Cumulative Collision Time (s),Clutch Press,MTMR Angle,MTML Angle
""
lci_T_si,,,,,-0.071118124,0.013903125,0.25454396,0.9901862,-0.08084544,0.11399696,0.013384873,-0.7570853,-0.6531789,0.13911195,0.64829457,-0.7485733
rci_T_si,,,,,-0.08147662,0.01856703,0.26535848,0.98740834,-0.096447565,0.12539017,0.012030307,-0.74456626,-0.6674401,0.15773426,0.6605444,-0.73403066
ecm_T_lc,,,,,-4.4061628e-05,-0.00034663224,-0.01840835,-0.99912,0.030754527,0.028518902,-0.031987965,-0.99852574,-0.043852776,0.027128186,-0.04472645,0.9986309
ecm_T_rc,,,,,-0.0043358393,0.01870579,-0.007592615,-0.99555075,-0.052743673,-0.078081585,0.04863213,-0.9973746,0.053654674,-0.08070653,0.04961868,0.9955021
cart_T_ecmi,,,,,0.10934876,1.3586837,0.45858383,0.9961387,0.033234157,-0.08125972,-0.025833456,-0.77364326,-0.6330946,-0.0839064,0.63274926,-0.76979744
ecmac_T_ecmrep_psm1,,,,,0.011947535,-0.24624088,-0.3140189,0.99787813,0.060519684,0.024013558,-0.059408683,0.9972389,-0.04455629,-0.026643785,0.04303513,0.9987182
ecmac_T_ecmrep_psm3,,,,,-0.020729378,-0.4297972,-0.5440064,0.99962926,-0.018584386,0.019899037,0.019259674,0.999226,-0.034299888,-0.019246193,0.03467042,0.99921346
""
0,10:51:46.093285,10:51:29.917051,0,,0.12573196,-0.0010359883,0.018789858,-0.9279868,-0.24611768,-0.27976176,-0.18963186,-0.33435977,0.92317027,-0.32074958,0.9097415,0.26360965,,0.023382716,-0.015154526,0.02232048,-0.23728737,-0.67579603,0.6978498,-0.10593361,0.7320835,0.6729277,-0.96564627,0.08575149,-0.24530375,,0.10931764,1.3586849,0.4585823,0.99613976,0.033264596,-0.081234805,-0.025794264,-0.77364194,-0.63309777,-0.0839064,0.63274926,-0.76979744,,-0.08338196,0.25639433,-0.06319388,0.929967,0.119860575,0.34755558,-0.36734372,0.34108728,0.865285,-0.014833239,-0.9323588,0.36122996,,0.038404822,0.4421116,-0.31219283,0.3763335,0.6888654,-0.6195462,-0.69621336,0.6514686,0.3014558,0.61127734,0.31788844,0.7247668,,1.2684202609270046,0.1382369184486187,0.18684983318,0.6504582046889946,0.3544350803915525,1.392992253526081,-0.40983026193090666,,-0.5553880573827299,-0.2275194332075283,0.18040208672000002,1.6716482294586281,1.092545452124462,0.7719182338249803,0.853309401485475,,-0.03987859174650544,-0.09379617566374027,0.05836094732,-0.08765896690267068,,-3.0897558e-05,-2.9802322e-06,2.861023e-06,1.0,3.028661e-05,2.489984e-05,-3.028661e-05,1.0,3.2782555e-06,-2.489984e-05,-3.3080578e-06,1.0,43,0.129,0,0,0.0,False,-0.26005676877922745,1.0286096604212218
0.1310219290025998,10:51:46.153133,10:51:29.917051,0,,0.12555677,-0.001289919,0.019300506,-0.92801046,-0.24620914,-0.2796027,-0.18926746,-0.33486962,0.92306024,-0.3208963,0.9095293,0.26416302,,0.023407772,-0.01515165,0.022322387,-0.23727408,-0.67588544,0.69776785,-0.1060074,0.7320051,0.6730014,-0.9656415,0.08571719,-0.2453348,,0.10931764,1.3586849,0.4585823,0.99613976,0.033264596,-0.081234805,-0.025794264,-0.77364194,-0.63309777,-0.0839064,0.63274926,-0.76979744,,-0.08328493,0.25653523,-0.06376541,0.9300428,0.11991858,0.34733263,-0.36716542,0.34056202,0.8655675,-0.01449068,-0.93254334,0.36076722,,0.038379934,0.4421134,-0.3121887,0.37631613,0.6889551,-0.619457,-0.6962667,0.6513928,0.30149633,0.61122733,0.31784937,0.72482616,,1.269570948125264,0.137248408640718,0.18631187283000003,0.6504582046889946,0.35621135488850325,1.3932590743209792,-0.4096669178647725,,-0.5555425120402143,-0.22752715594040251,0.18040597559000002,1.6714385395151437,1.0924088156246963,0.7718662942483959,0.8536360896177433,,-0.03987859174650544,-0.09379617566374027,0.05836094732,-0.08765896690267068,,-3.0897558e-05,-2.9802322e-06,2.861023e-06,1.0,3.028661e-05,2.489984e-05,-3.028661e-05,1.0,3.2782555e-06,-2.489984e-05,-3.3080578e-06,1.0,55,0.165,0,0,0.0,False,-0.260652545964438,1.02875450102356
0.19089337800687645,10:51:46.183318,10:51:30.005338,0,,0.12545624,-0.0013857335,0.019601658,-0.92817664,-0.24572027,-0.27948123,-0.1892725,-0.33491325,0.92304325,-0.3204124,0.9096454,0.26435047,,0.023431718,-0.015151694,0.022326797,-0.23713437,-0.6758859,0.6978148,-0.105997205,0.7320156,0.6729915,-0.96567696,0.08562297,-0.24522817,,0.10931764,1.3586849,0.4585823,0.99613976,0.033264596,-0.081234805,-0.025794264,-0.77364194,-0.63309777,-0.0839064,0.63274926,-0.76979744,,-0.08322484,0.2566591,-0.06406715,0.93015945,0.11941885,0.34719235,-0.36685416,0.34061253,0.86567956,-0.014879606,-0.932589,0.36063328,,0.038355626,0.4421147,-0.3121885,0.3761841,0.6889705,-0.6195201,-0.69629127,0.6513392,0.3015556,0.6112806,0.31792602,0.72474754,,1.270358666878435,0.136939499325749,0.18601372613000003,0.6504582046889946,0.3564846278880341,1.3930362385135866,-0.4096669178647725,,-0.5556892439648246,-0.22754260140615096,0.18040856817,1.6714385395151437,1.0924088156246963,0.7718662942483959,0.8536360896177433,,-0.03987859174650544,-0.09379617566374027,0.05836094732,-0.08765896690267068,,-3.0897558e-05,-2.9802322e-06,2.861023e-06,1.0,3.028661e-05,2.489984e-05,-3.028661e-05,1.0,3.2782555e-06,-2.489984e-05,-3.3080578e-06,1.0,63,0.189,0,0,0.0,False,-0.26053339052739544,1.0289476218266778
0.22108146200480405,10:51:46.211540,10:51:30.005338,0,,0.12534067,-0.0014371872,0.019872397,-0.92841506,-0.24488144,-0.2794256,-0.18934056,-0.3352521,0.92290634,-0.31968063,0.9097468,0.264887,,0.023458287,-0.015150547,0.02232793,-0.23711357,-0.67600006,0.6977113,-0.10597384,0.7319052,0.67311525,-0.9656846,0.08566558,-0.24518311,,0.10931764,1.3586849,0.4585823,0.99613976,0.033264596,-0.081234805,-0.025794264,-0.77364194,-0.63309777,-0.0839064,0.63274926,-0.76979744,,-0.083142266,0.2567962,-0.064319484,0.93031687,0.11854335,0.3470706,-0.36642885,0.34043592,0.8659291,-0.015505161,-0.9327652,0.360151,,0.038329266,0.44211465,-0.31218475,0.37616587,0.6890714,-0.6194189,-0.69628,0.65129125,0.30168504,0.6113047,0.3178054,0.7247802,,1.2712699493575934,0.1367464310038934,0.18576224587,0.6504582046889946,0.3564846278880341,1.3930362385135866,-0.4096669178647725,,-0.5558514213551833,-0.22755032413902518,0.18041375333,1.6714385395151437,1.092272179124931,0.7720593908922327,0.8537994336838772,,-0.03987859174650544,-0.09379617566374027,0.05836094732,-0.08765896690267068,,-3.0897558e-05,-2.9802322e-06,2.861023e-06,1.0,3.028661e-05,2.489984e-05,-3.028661e-05,1.0,3.2782555e-06,-2.489984e-05,-3.3080578e-06,1.0,74,0.223,0,0,0.0,False,-0.2602950796533112,1.0290441822282368
0.24929926299955696,10:51:46.235807,10:51:30.005338,0,,0.12525249,-0.0014563799,0.020037428,-0.9285498,-0.24413906,-0.27962735,-0.18961047,-0.33566698,0.92270017,-0.31912878,0.9097934,0.26539207,,0.023481026,-0.015150681,0.022331983,-0.23698117,-0.67600036,0.69775593,-0.10596493,0.73191535,0.67310554,-0.96571803,0.08557567,-0.24508256,,0.10931764,1.3586849,0.4585823,0.99613976,0.033264596,-0.081234805,-0.025794264,-0.77364194,-0.63309777,-0.0839064,0.63274926,-0.76979744,,-0.08307311,0.25688872,-0.06446796,0.9303682,0.11776072,0.34719944,-0.36627233,0.34016454,0.866102,-0.016112136,-0.9329633,0.35961077,,0.038306203,0.4421157,-0.31218454,0.37604067,0.68908596,-0.61947876,-0.6963037,0.6512401,0.30174062,0.61135465,0.31787863,0.7247059,,1.2719341043847767,0.13663059001078,0.18561576510000002,0.65024851474551,0.3563479913882687,1.3931476564172829,-0.4096669178647725,,-0.5559904305469193,-0.22756576960477362,0.18041634591000003,1.6714385395151437,1.092272179124931,0.7720593908922327,0.8537994336838772,,-0.03987859174650544,-0.09379617566374027,0.05836094732,-0.08765896690267068,,-3.0897558e-05,-2.9802322e-06,2.861023e-06,1.0,3.028661e-05,2.489984e-05,-3.028661e-05,1.0,3.2782555e-06,-2.489984e-05,-3.3080578e-06,1.0,82,0.247,0,0,0.0,False,-0.2604738128088746,1.02875450102356
0.2735612550022779,10:51:46.264387,10:51:30.005338,0,,0.12510407,-0.0014463812,0.020256445,-0.92879695,-0.24376012,-0.27913663,-0.1891875,-0.33579624,0.9227399,-0.3186602,0.9098472,0.2657701,,0.023497127,-0.015148878,0.022335202,-0.23688656,-0.67605937,0.69773096,-0.10594857,0.73186517,0.6731628,-0.96574306,0.085539564,-0.24499667,,0.10931764,1.3586849,0.4585823,0.99613976,0.033264596,-0.081234805,-0.025794264,-0.77364194,-0.63309777,-0.0839064,0.63274926,-0.76979744,,-0.082946554,0.2570378,-0.064646445,0.93061125,0.11736691,0.346681,-0.36564943,0.34010795,0.86638737,-0.016223762,-0.9330335,0.35942343,,0.0382899,0.4421181,-0.31218338,0.37595186,0.6891473,-0.61946446,-0.6963139,0.6511825,0.30184153,0.6113977,0.31786385,0.72467613,,1.2730847915830361,0.13651474901766666,0.18544206224,0.6504582046889946,0.35689453738733046,1.392701984802497,-0.4096669178647725,,-0.5560908260742843,-0.22756576960477362,0.1804176422,1.6714385395151437,1.092272179124931,0.7721410696323733,0.8539627777500121,,-0.03987859174650544,-0.09379617566374027,0.05836094732,-0.08765896690267068,,-3.0897558e-05,-2.9802322e-06,2.861023e-06,1.0,3.028661e-05,2.489984e-05,-3.028661e-05,1.0,3.2782555e-06,-2.489984e-05,-3.3080578e-06,1.0,97,0.293,0,0,0.0,False,-0.2602950796533112,1.0286579406220009
0.30213841200747993,10:51:46.301680,10:51:30.005338,0,,0.124892324,-0.0014311373,0.020469084,-0.9292432,-0.24270636,-0.27856913,-0.18881725,-0.3361187,0.9226983,-0.31757706,0.9100098,0.26650885,,0.023502722,-0.015149862,0.022334248,-0.23685673,-0.6760588,0.6977417,-0.105950475,0.73186845,0.67315894,-0.9657502,0.0855162,-0.2449767,,0.10931764,1.3586849,0.4585823,0.99613976,0.033264596,-0.081234805,-0.025794264,-0.77364194,-0.63309777,-0.0839064,0.63274926,-0.76979744,,-0.08275614,0.25718567,-0.06482577,0.9309858,0.11627442,0.3460429,-0.36466596,0.33998707,0.8668492,-0.016857725,-0.93321437,0.35892445,,0.038284473,0.4421164,-0.31218252,0.3759234,0.68915045,-0.6194782,-0.6963219,0.6511696,0.30185097,0.6114061,0.3178834,0.7246604,,1.2745752790277616,0.1362135624355719,0.18528002599,0.6508775845759636,0.35730444688662677,1.3924494098315483,-0.40983026193090666,,-0.5561217170057812,-0.22757349233764784,0.18042023478000002,1.6714385395151437,1.092272179124931,0.7721410696323733,0.8539627777500121,,-0.03987859174650544,-0.09379617566374027,0.05836094732,-0.08765896690267068,,-3.0897558e-05,-2.9802322e-06,2.861023e-06,1.0,3.028661e-05,2.489984e-05,-3.028661e-05,1.0,3.2782555e-06,-2.489984e-05,-3.3080578e-06,1.0,105,0.316,0,0,0.0,False,-0.26059296824591627,1.0285613802204423
0.33943316200748086,10:51:46.337494,10:51:30.153597,0,,0.12477848,-0.0014188588,0.020563439,-0.92906,-0.24655338,-0.275788,-0.18556154,-0.33433667,0.9240053,-0.32002267,0.9096321,0.2648679,,0.023502737,-0.01515013,0.022331804,-0.23698945,-0.67599994,0.6977536,-0.10594651,0.7319135,0.67311054,-0.9657181,0.08559549,-0.2450757,,0.10931764,1.3586849,0.4585823,0.99613976,0.033264596,-0.081234805,-0.025794264,-0.77364194,-0.63309777,-0.0839064,0.63274926,-0.76979744,,-0.0826514,0.25725517,-0.0649046,0.9313832,0.120304905,0.343587,-0.3638119,0.3410264,0.8667998,-0.012891976,-0.9323238,0.3613946,,0.038284823,0.4421146,-0.31218085,0.37604973,0.6890824,-0.6194772,-0.69628936,0.6512516,0.301749,0.6113655,0.31786278,0.7247037,,1.2754247796439262,0.13591237585347715,0.18523206326000002,0.6523454141803553,0.3616768148791209,1.390027539275231,-0.4101569500631752,,-0.5561217170057812,-0.22757349233764784,0.18042153107000003,1.6714385395151437,1.0921355426251653,0.7720891300557887,0.8536360896177433,,-0.03987859174650544,-0.09379617566374027,0.05836094732,-0.08765896690267068,,-3.0897558e-05,-2.9802322e-06,2.861023e-06,1.0,3.028661e-05,2.489984e-05,-3.028661e-05,1.0,3.2782555e-06,-2.489984e-05,-3.3080578e-06,1.0,117,0.353,0,0,0.0,False,-0.26059296824591627,1.0286579406220009
0.3752289920084877,10:51:46.362639,10:51:30.153597,0,,0.12467256,-0.0014268756,0.020617709,-0.9292373,-0.24588406,-0.2757881,-0.18540165,-0.335344,0.9236724,-0.3196002,0.9094424,0.26602677,,0.023503162,-0.0151515305,0.022330731,-0.23698875,-0.6759988,0.697755,-0.105953306,0.73191535,0.6731075,-0.96571755,0.08558938,-0.24508011,,0.10931764,1.3586849,0.4585823,0.99613976,0.033264596,-0.081234805,-0.025794264,-0.77364194,-0.63309777,-0.0839064,0.63274926,-0.76979744,,-0.08255271,0.25728315,-0.06496545,0.9315342,0.119555786,0.3434392,-0.36341667,0.34015197,0.86730903,-0.0131297,-0.93273956,0.36031175,,0.038284495,0.4421128,-0.31218094,0.3760486,0.68908226,-0.6194781,-0.6962941,0.65124893,0.30174375,0.6113607,0.31786865,0.7247052,,1.2760117073423674,0.1356189120042566,0.18519447085000001,0.6525551041238398,0.36195008787865174,1.3910298845699467,-0.40999360599704104,,-0.5561217170057812,-0.22758121507052206,0.18042282736,1.6714385395151437,1.0921355426251653,0.7720891300557887,0.8536360896177433,,-0.03987859174650544,-0.09379617566374027,0.05836094732,-0.08765896690267068,,-3.0897558e-05,-2.9802322e-06,2.861023e-06,1.0,3.028661e-05,2.489984e-05,-3.028661e-05,1.0,3.2782555e-06,-2.489984e-05,-3.3080578e-06,1.0,125,0.378,0,0,0.0,False,-0.26095043455704303,1.0289476218266778
0.40039560200239066,10:51:46.394984,10:51:30.153597,0,,0.12461619,-0.0014406294,0.020652726,-0.92932457,-0.24545804,-0.27587363,-0.18549486,-0.33567342,0.923534,-0.31929225,0.9094359,0.26641828,,0.023506448,-0.015154108,0.0223293,-0.23697269,-0.6759397,0.6978176,-0.10596445,0.7319746,0.6730412,-0.9657202,0.085548505,-0.2450836,,0.10931764,1.3586849,0.4585823,0.99613976,0.033264596,-0.081234805,-0.025794264,-0.77364194,-0.63309777,-0.0839064,0.63274926,-0.76979744,,-0.08250177,0.25729492,-0.06500857,0.9315807,0.11910038,0.34347117,-0.36328626,0.33990553,0.86746025,-0.01343291,-0.9328876,0.35991699,,0.038281348,0.4421097,-0.31218106,0.37603265,0.689033,-0.61954254,-0.69630533,0.65126306,0.30168745,0.61135775,0.31794643,0.7246735,,1.2763051711915878,0.13543356641527524,0.18516465618000003,0.6525551041238398,0.36195008787865174,1.3913565995305088,-0.4103202941293096,,-0.5561371624715297,-0.22759666053627053,0.18042541994000003,1.6714385395151437,1.0921355426251653,0.7720074513156481,0.8537994336838777,,-0.03987859174650544,-0.09379617566374027,0.05836094732,-0.08765896690267068,,-3.0897558e-05,-2.9802322e-06,2.861023e-06,1.0,3.028661e-05,2.489984e-05,-3.028661e-05,1.0,3.2782555e-06,-2.489984e-05,-3.3080578e-06,1.0,148,0.448,0,0,0.0,False,-0.260652545964438,1.0286579406220009
0.432731673005037,10:51:46.464524,10:51:30.266063,0,,0.12463713,-0.0014472753,0.020692497,-0.9293073,-0.24549365,-0.27590013,-0.18544325,-0.33586589,0.9234744,-0.31937253,0.9093553,0.26659736,,0.023510411,-0.015154079,0.022326618,-0.23708364,-0.67610925,0.6976156,-0.10595679,0.7318009,0.67323136,-0.9656938,0.08569497,-0.24513647,,0.10931764,1.3586849,0.4585823,0.99613976,0.033264596,-0.081234805,-0.025794264,-0.77364194,-0.63309777,-0.0839064,0.63274926,-0.76979744,,-0.08252707,0.25731632,-0.06503969,0.93157685,0.1191234,0.3434737,-0.36329973,0.3397069,0.86753243,-0.013336971,-0.93295705,0.35974059,,0.038277842,0.44210774,-0.31217846,0.3761385,0.6891698,-0.61932606,-0.6962751,0.6512389,0.30180922,0.61132705,0.31769928,0.72480786,,1.2762665575272167,0.13552623920976592,0.18512317490000002,0.6525551041238398,0.36195008787865174,1.39151995701079,-0.40999360599704104,,-0.5561603306701522,-0.22759666053627053,0.18042801252000001,1.6714385395151437,1.0919989061254,0.7722822266996255,0.8541261218161464,,-0.03987859174650544,-0.09379617566374027,0.05836094732,-0.08765896690267068,,-3.0897558e-05,-2.9802322e-06,2.861023e-06,1.0,3.028661e-05,2.489984e-05,-3.028661e-05,1.0,3.2782555e-06,-2.489984e-05,-3.3080578e-06,1.0,156,0.472,0,0,0.0,False,-0.2608908568385213,1.029092462429016
0.5022445430076914,10:51:46.485552,10:51:30.266063,0,,0.12464517,-0.0014406294,0.020702913,-0.9293013,-0.24553078,-0.275887,-0.18540323,-0.33591193,0.92346567,-0.31941295,0.9093283,0.26664105,,0.023512855,-0.015152082,0.022327095,-0.23706934,-0.6762558,0.6974785,-0.10605031,0.73166895,0.67336,-0.96568704,0.08566514,-0.24517345,,0.10931764,1.3586849,0.4585823,0.99613976,0.033264596,-0.081234805,-0.025794264,-0.77364194,-0.63309777,-0.0839064,0.63274926,-0.76979744,,-0.08253534,0.25732827,-0.065042004,0.9315791,0.11915798,0.34345552,-0.36329597,0.33965388,0.8675548,-0.013279929,-0.93297195,0.35970408,,0.038275454,0.4421094,-0.31217718,0.3761189,0.68931276,-0.6191789,-0.6963421,0.6511295,0.30189082,0.6112628,0.3176135,0.7248996,,1.2762665575272167,0.13559574380563394,0.18511539716000003,0.6525551041238398,0.36195008787865174,1.39151995701079,-0.40999360599704104,,-0.5561757761359007,-0.22759666053627053,0.18042801252000001,1.671228849571659,1.0919989061254,0.7722822266996255,0.8541261218161464,,-0.03987859174650544,-0.09379617566374027,0.05836094732,-0.08765896690267068,,-3.0897558e-05,-2.9802322e-06,2.861023e-06,1.0,3.028661e-05,2.489984e-05,-3.028661e-05,1.0,3.2782555e-06,-2.489984e-05,-3.3080578e-06,1.0,164,0.496,0,0,0.0,False,-0.2604738128088746,1.0291890228305751
0.52331149901147,10:51:46.514663,10:51:30.266063,0,,0.124645755,-0.0014430434,0.020711765,-0.92961437,-0.24546006,-0.27489385,-0.18456087,-0.33555877,0.92376274,-0.3189899,0.9094777,0.26663783,,0.023517363,-0.015154496,0.022326022,-0.23704597,-0.67625386,0.69748825,-0.10606018,0.73167366,0.6733533,-0.9656917,0.08563998,-0.24516404,,0.10931764,1.3586849,0.4585823,0.99613976,0.033264596,-0.081234805,-0.025794264,-0.77364194,-0.63309777,-0.0839064,0.63274926,-0.76979744,,-0.08253705,0.25733227,-0.06505011,0.93193555,0.119110264,0.3425039,-0.3623875,0.3400194,0.86779153,-0.013095105,-0.9328449,0.36004025,,0.038271062,0.44210657,-0.31217727,0.37609613,0.6893149,-0.6191903,-0.6963541,0.65111643,0.30189136,0.6112632,0.31763554,0.72488964,,1.2762897257258394,0.13561118927138238,0.18510632313000003,0.6536035538412625,0.36195008787865174,1.39151995701079,-0.40999360599704104,,-0.5561989443345234,-0.22761210600201898,0.18043060510000003,1.671228849571659,1.0919989061254,0.7722822266996255,0.8541261218161464,,-0.03987859174650544,-0.09379617566374027,0.05836094732,-0.08765896690267068,,-3.0897558e-05,-2.9802322e-06,2.861023e-06,1.0,3.028661e-05,2.489984e-05,-3.028661e-05,1.0,3.2782555e-06,-2.489984e-05,-3.3080578e-06,1.0,176,0.533,0,0,0.0,False,-0.26041423509035333,1.0290441822282368
0.5523724259983283,10:51:46.545445,10:51:30.266063,0,,0.12462182,-0.0014379472,0.020736128,-0.9300917,-0.24519674,-0.27351072,-0.18338615,-0.3352079,0.92412394,-0.31827515,0.9096781,0.26680833,,0.023529336,-0.015154853,0.022325546,-0.23697978,-0.67625415,0.6975106,-0.10605571,0.7316788,0.67334855,-0.96570843,0.08559497,-0.24511373,,0.10931764,1.3586849,0.4585823,0.99613976,0.033264596,-0.081234805,-0.025794264,-0.77364194,-0.63309777,-0.0839064,0.63274926,-0.76979744,,-0.0825152,0.25735176,-0.065068446,0.93246084,0.11886672,0.34115607,-0.36103934,0.34041947,0.8681965,-0.012936501,-0.93273,0.3603434,,0.03825929,0.4421052,-0.31217542,0.3760335,0.68932223,-0.61922026,-0.69636595,0.65109086,0.30191916,0.6112882,0.31767216,0.7248525,,1.276482794047695,0.13561118927138238,0.18508947136,0.6550713834456541,0.36195008787865174,1.3916016357509307,-0.40983026193090644,,-0.5562684489303914,-0.2276198287348932,0.18043449397000003,1.671228849571659,1.0919989061254,0.7722822266996255,0.8541261218161464,,-0.03987859174650544,-0.09379617566374027,0.05836094732,-0.08765896690267068,,-3.0897558e-05,-2.9802322e-06,2.861023e-06,1.0,3.028661e-05,2.489984e-05,-3.028661e-05,1.0,3.2782555e-06,-2.489984e-05,-3.3080578e-06,1.0,191,0.579,0,0,0.0,False,-0.2602355019347904,1.0294304238344725
0.5831669170001987,10:51:46.593845,10:51:30.414743,0,,0.124595985,-0.0014307946,0.02078031,-0.9301447,-0.24500182,-0.27350503,-0.18336712,-0.33540848,0.924055,-0.31813103,0.90965676,0.2670531,,0.023538888,-0.015155092,0.022327274,-0.23705357,-0.6762523,0.6974873,-0.106048584,0.7316736,0.6733552,-0.9656911,0.08565369,-0.24516153,,0.10931764,1.3586849,0.4585823,0.99613976,0.033264596,-0.081234805,-0.025794264,-0.77364194,-0.63309777,-0.0839064,0.63274926,-0.76979744,,-0.08249319,0.25738576,-0.065100566,0.93250126,0.11865496,0.34111932,-0.36093122,0.34025705,0.86830515,-0.013039543,-0.93281627,0.36011642,,0.03824959,0.44210556,-0.31217545,0.37610406,0.6893112,-0.6191896,-0.6963445,0.65112525,0.3018945,0.61126924,0.31762555,0.7248889,,1.2767067533010474,0.13562663473713085,0.18505576782000002,0.6550713834456541,0.36195008787865174,1.391683314491071,-0.4096669178647723,,-0.5563302307933853,-0.22762755146776742,0.18043449397000003,1.671228849571659,1.0918622696256346,0.7723119658631813,0.8542894658822806,,-0.03987859174650544,-0.09379617566374027,0.05836094732,-0.08765896690267068,,-3.0897558e-05,-2.9802322e-06,2.861023e-06,1.0,3.028661e-05,2.489984e-05,-3.028661e-05,1.0,3.2782555e-06,-2.489984e-05,-3.3080578e-06,1.0,199,0.603,0,0,0.0,False,-0.2604738128088746,1.029478704035252
0.631602510009543,10:51:46.622196,10:51:30.414743,0,,0.12457308,-0.0014205873,0.020836905,-0.93013686,-0.24482724,-0.273688,-0.18349181,-0.33571747,0.923918,-0.31808212,0.90958977,0.2673393,,0.023545884,-0.015154719,0.022325248,-0.23701724,-0.6761961,0.69755405,-0.106042355,0.73173046,0.67329454,-0.96570075,0.085612044,-0.2451382,,0.10931764,1.3586849,0.4585823,0.99613976,0.033264596,-0.081234805,-0.025794264,-0.77364194,-0.63309777,-0.0839064,0.63274926,-0.76979744,,-0.082474984,0.25743026,-0.06513955,0.9324757,0.11845644,0.34125817,-0.36099306,0.33998257,0.8683869,-0.013155802,-0.93294156,0.35978743,,0.038243007,0.44210404,-0.3121727,0.37606993,0.6892648,-0.61926204,-0.6963484,0.6511372,0.30185965,0.61128575,0.31770185,0.72484154,,1.2769461580201484,0.1356806938672504,0.18501169396000003,0.6548616935021695,0.36195008787865174,1.3917649932312115,-0.40983026193090666,,-0.5563688444577564,-0.22762755146776742,0.18043838284000002,1.671228849571659,1.0918622696256346,0.7722302871230408,0.8544528099484148,,-0.03987859174650544,-0.09379617566374027,0.05836094732,-0.08765896690267068,,-3.0897558e-05,-2.9802322e-06,2.861023e-06,1.0,3.028661e-05,2.489984e-05,-3.028661e-05,1.0,3.2782555e-06,-2.489984e-05,-3.3080578e-06,1.0,207,0.627,0,0,0.0,False,-0.26053339052739544,1.0291407426297956
0.6599117880105041,10:51:46.643518,10:51:30.414743,0,,0.12455745,-0.0014133006,0.020885438,-0.9301773,-0.24470648,-0.27365875,-0.18345232,-0.3358483,0.92387825,-0.31798685,0.909574,0.26750636,,0.02354905,-0.015156016,0.022323579,-0.23700193,-0.6761952,0.6975602,-0.10604671,0.7317329,0.6732911,-0.96570396,0.08559731,-0.24513042,,0.10931764,1.3586849,0.4585823,0.99613976,0.033264596,-0.081234805,-0.025794264,-0.77364194,-0.63309777,-0.0839064,0.63274926,-0.76979744,,-0.08246349,0.25746736,-0.06517335,0.9325105,0.118324794,0.3412088,-0.36090133,0.3398753,0.86846703,-0.013207258,-0.93299735,0.35964087,,0.038240068,0.4421018,-0.31217188,0.37605512,0.68926626,-0.6192694,-0.6963548,0.65112936,0.30186173,0.6112876,0.31771454,0.7248344,,1.2771315036091297,0.13573475299736998,0.18497280526,0.6548616935021695,0.36195008787865174,1.3917649932312115,-0.40983026193090666,,-0.5563842899235047,-0.22763527420064164,0.18044097542,1.671228849571659,1.0918622696256346,0.7722302871230408,0.8544528099484148,,-0.03987859174650544,-0.09379617566374027,0.05836094732,-0.08765896690267068,,-3.0897558e-05,-2.9802322e-06,2.861023e-06,1.0,3.028661e-05,2.489984e-05,-3.028661e-05,1.0,3.2782555e-06,-2.489984e-05,-3.3080578e-06,1.0,215,0.652,0,0,0.0,False,-0.260652545964438,1.0293338634329134
0.6812777779996395,10:51:46.666354,10:51:30.414743,0,,0.12455219,-0.0014131814,0.020942569,-0.9301795,-0.2447828,-0.2735829,-0.18334283,-0.33588213,0.9238878,-0.31804347,0.9095409,0.2675515,,0.023552403,-0.015155703,0.02232346,-0.23711279,-0.67625076,0.6974686,-0.10603905,0.7316691,0.6733616,-0.9656776,0.08570376,-0.2451972,,0.10931764,1.3586849,0.4585823,0.99613976,0.033264596,-0.081234805,-0.025794264,-0.77364194,-0.63309777,-0.0839064,0.63274926,-0.76979744,,-0.082463846,0.25750488,-0.06521677,0.9325296,0.11840003,0.3411303,-0.3608559,0.3398269,0.8685049,-0.013094258,-0.9330054,0.35962403,,0.0382368,0.44210172,-0.31217107,0.37616095,0.68930185,-0.6191655,-0.69632465,0.6511545,0.30187714,0.6112569,0.31758577,0.72491676,,1.277270512800866,0.13579653486036378,0.18492224995,0.6548616935021695,0.36208672437841716,1.3916535753275152,-0.40983026193090666,,-0.5564074581221274,-0.22763527420064164,0.18044097542,1.671228849571659,1.0917256331258691,0.7723417050267374,0.8544528099484148,,-0.03987859174650544,-0.09379617566374027,0.05836094732,-0.08765896690267068,,-3.0897558e-05,-2.9802322e-06,2.861023e-06,1.0,3.028661e-05,2.489984e-05,-3.028661e-05,1.0,3.2782555e-06,-2.489984e-05,-3.3080578e-06,1.0,223,0.677,0,0,0.0,False,-0.2599376133421849,1.0292373030313546
0.7040831230115145,10:51:46.686613,10:51:30.414743,0,,0.124538496,-0.0014071763,0.021017462,-0.93022585,-0.2446515,-0.27354237,-0.18327932,-0.33605838,0.92383623,-0.3179441,0.9095111,0.2677705,,0.023569554,-0.015153483,0.022325844,-0.23714319,-0.676453,0.69726217,-0.10612056,0.73147845,0.67355585,-0.96566117,0.085735336,-0.24525076,,0.10931764,1.3586849,0.4585823,0.99613976,0.033264596,-0.081234805,-0.025794264,-0.77364194,-0.63309777,-0.0839064,0.63274926,-0.76979744,,-0.08245698,0.25755835,-0.065270856,0.93257254,0.11825459,0.3410634,-0.36074352,0.33967644,0.8686104,-0.0131340455,-0.93307865,0.35943252,,0.038219612,0.44210383,-0.31216887,0.37618455,0.68948764,-0.6189443,-0.69637334,0.6510446,0.30200183,0.61118686,0.31740785,0.7250537,,1.2774944720542183,0.13588920765485446,0.18485873174000003,0.6548616935021695,0.36208672437841716,1.3916535753275152,-0.40983026193090666,,-0.5565155763823666,-0.22764299693351586,0.18044227171000002,1.6710191596281745,1.0915889966261039,0.7724531229304337,0.8544528099484148,,-0.03987859174650544,-0.09379617566374027,0.05836094732,-0.08765896690267068,,-3.0897558e-05,-2.9802322e-06,2.861023e-06,1.0,3.028661e-05,2.489984e-05,-3.028661e-05,1.0,3.2782555e-06,-2.489984e-05,-3.3080578e-06,1.0,238,0.723,0,0,0.0,False,-0.2608908568385213,1.0290441822282368
0.7243460350000532,10:51:46.727810,10:51:30.414743,0,,0.12446885,-0.0013767034,0.021229014,-0.93034214,-0.24410635,-0.27363393,-0.18328032,-0.33677256,0.923576,-0.31760317,0.90939337,0.26857376,,0.023608655,-0.015155137,0.022328109,-0.236922,-0.6764528,0.6973375,-0.106110156,0.7314967,0.67353773,-0.9657166,0.08558124,-0.24508625,,0.10931764,1.3586849,0.4585823,0.99613976,0.033264596,-0.081234805,-0.025794264,-0.77364194,-0.63309777,-0.0839064,0.63274926,-0.76979744,,-0.082405515,0.25771913,-0.0654193,0.93265426,0.117651954,0.34104845,-0.36052224,0.33906844,0.86893976,-0.013406308,-0.9333759,0.3586498,,0.038180586,0.44210157,-0.31216595,0.37597513,0.6895118,-0.6190446,-0.6964161,0.6509575,0.3020909,0.611267,0.31753394,0.72493094,,1.278305359006012,0.136113166908207,0.18468891775000001,0.654652003558685,0.36208672437841716,1.3917352540676557,-0.4099936059970408,,-0.5567472583685934,-0.22767388786501278,0.18045134574000002,1.6710191596281745,1.0915889966261039,0.7724531229304337,0.8544528099484148,,-0.03987859174650544,-0.09379617566374027,0.05836094732,-0.08765896690267068,,-3.0897558e-05,-2.9802322e-06,2.861023e-06,1.0,3.028661e-05,2.489984e-05,-3.028661e-05,1.0,3.2782555e-06,-2.489984e-05,-3.3080578e-06,1.0,246,0.746,0,0,0.0,False,-0.260652545964438,1.0293338634329134
0.7655233039986342,10:51:46.766315,10:51:30.414743,0,,0.12440239,-0.001341179,0.021366537,-0.92974675,-0.2438061,-0.27591577,-0.18517661,-0.33807877,0.9227201,-0.31824604,0.9089892,0.26918036,,0.023645818,-0.0151537955,0.022330254,-0.23709996,-0.6767651,0.69697386,-0.10617763,0.73118556,0.67386484,-0.9656656,0.08577025,-0.24522144,,0.10931764,1.3586849,0.4585823,0.99613976,0.033264596,-0.081234805,-0.025794264,-0.77364194,-0.63309777,-0.0839064,0.63274926,-0.76979744,,-0.082349464,0.25783518,-0.065508634,0.9319297,0.11725783,0.34315825,-0.36236587,0.33782226,0.8686582,-0.014069514,-0.9338772,0.35731685,,0.038143635,0.44210157,-0.3121612,0.37613982,0.68977654,-0.6186495,-0.696422,0.6508669,0.30227247,0.61115897,0.3171444,0.7251925,,1.2789386231016984,0.13623673063419459,0.18458780713000003,0.6521357242368707,0.36208672437841716,1.3917352540676557,-0.4099936059970408,,-0.5569789403548201,-0.22769705606363544,0.18045653090000002,1.6708094696846902,1.0911790871268074,0.772787376641523,0.8544528099484148,,-0.03987859174650544,-0.09379617566374027,0.05836094732,-0.08765896690267068,,-3.0897558e-05,-2.9802322e-06,2.861023e-06,1.0,3.028661e-05,2.489984e-05,-3.028661e-05,1.0,3.2782555e-06,-2.489984e-05,-3.3080578e-06,1.0,254,0.771,0,0,0.0,False,-0.26106958999408425,1.0291890228305751
0.8040762879973045,10:51:46.788047,10:51:30.414743,0,,0.1243309,-0.0013028979,0.021525726,-0.9297728,-0.2433632,-0.2762188,-0.18537578,-0.33874115,0.9224371,-0.31805393,0.9088613,0.26983863,,0.023755282,-0.015111163,0.022337794,-0.23680529,-0.67845017,0.695434,-0.107426316,0.7296886,0.6752881,-0.96559966,0.0852038,-0.24567762,,0.109340556,1.3586855,0.4585866,0.9961384,0.033224575,-0.08126756,-0.02584579,-0.7736437,-0.6330936,-0.0839064,0.63274926,-0.76979744,,-0.082304575,0.2579674,-0.06560602,0.93190104,0.11674564,0.34341064,-0.36242762,0.3372365,0.86886007,-0.014374982,-0.9341531,0.3565829,,0.038021374,0.44212568,-0.31212056,0.3757718,0.69149137,-0.6169564,-0.6973513,0.6494512,0.30317378,0.61032516,0.31631118,0.72625786,,1.2796027781288817,0.13642207622317595,0.18447632619,0.6517163443499017,0.36208672437841716,1.3918169328077963,-0.410156950063175,,-0.5572260678067953,-0.22773566972800657,0.18046171606000003,1.6680835004193915,1.0911790871268074,0.7723789829408202,0.8549428421468173,,-0.03987859174650544,-0.09379617566374027,0.05836094732,-0.08765896690267068,,-8.441508e-06,5.9604645e-08,-2.6226044e-06,0.99999994,-9.536743e-06,-7.838011e-06,9.529293e-06,1.0,-1.0430813e-06,7.838011e-06,1.0430813e-06,1.0,266,0.808,0,0,0.0,False,-0.260652545964438,1.029478704035252
0.8257596050098073,10:51:46.822354,10:51:30.414743,0,,0.124285676,-0.0012638718,0.021660402,-0.9299556,-0.24300772,-0.27591652,-0.18504964,-0.3391159,0.9223649,-0.31770942,0.9088167,0.27039418,,0.023780927,-0.015110865,0.02234292,-0.2367836,-0.67775434,0.6961196,-0.10814583,0.73042864,0.6743726,-0.9655247,0.0843979,-0.24624988,,0.109340556,1.3586855,0.4585866,0.9961384,0.033224575,-0.08126756,-0.02584579,-0.7736437,-0.6330936,-0.0839064,0.63274926,-0.76979744,,-0.082268886,0.25808457,-0.06568794,0.93208236,0.116359025,0.34304968,-0.36195824,0.33692983,0.8691746,-0.014447357,-0.934312,0.35616347,,0.037995294,0.44212762,-0.3121204,0.3757047,0.69096243,-0.61758953,-0.6978458,0.6494366,0.30206522,0.60980093,0.31749493,0.7261816,,1.2801819830944485,0.1366537582094027,0.18437651186,0.6519260342933862,0.36208672437841716,1.3918169328077963,-0.410156950063175,,-0.5573805224642797,-0.22782061978962304,0.18046301235,1.6666156708149995,1.091042450627042,0.7699583599001593,0.8547794980806831,,-0.03987859174650544,-0.09379617566374027,0.05836094732,-0.08765896690267068,,-8.441508e-06,5.9604645e-08,-2.6226044e-06,0.99999994,-9.536743e-06,-7.838011e-06,9.529293e-06,1.0,-1.0430813e-06,7.838011e-06,1.0430813e-06,1.0,281,0.854,0,0,0.0,False,-0.2607121236829584,1.029092462429016
0.8600745520088822,10:51:46.860674,10:51:30.660309,0,,0.124242514,-0.0012077689,0.0218537,-0.9298735,-0.24249189,-0.2766457,-0.1855224,-0.34026802,0.92184544,-0.3176737,0.90852374,0.27141845,,0.023802146,-0.015137523,0.02233386,-0.23784646,-0.67765796,0.69585097,-0.1082384,0.73043966,0.67434573,-0.965253,0.085072845,-0.24708122,,0.109340556,1.3586855,0.4585866,0.9961384,0.033224575,-0.08126756,-0.02584579,-0.7736437,-0.6330936,-0.0839064,0.63274926,-0.76979744,,-0.08223918,0.2582531,-0.065802366,0.9319483,0.11575671,0.3436171,-0.36229023,0.3358761,0.8694441,-0.014768795,-0.93476605,0.35495672,,0.037974454,0.44210023,-0.31212813,0.37670818,0.690765,-0.617199,-0.69766915,0.6498803,0.30151844,0.6093839,0.31701624,0.72674066,,1.2808924745188772,0.13704761758598816,0.18423003109000002,0.651087274519448,0.36195008787865174,1.3920917081917739,-0.41048363819544376,,-0.5575040861902674,-0.22798279717998174,0.18047079009000003,1.6666156708149995,1.0898127221291531,0.7701443336320212,0.8547794980806835,,-0.03987859174650544,-0.09379617566374027,0.05836094732,-0.08765896690267068,,-8.441508e-06,5.9604645e-08,-2.6226044e-06,0.99999994,-9.536743e-06,-7.838011e-06,9.529293e-06,1.0,-1.0430813e-06,7.838011e-06,1.0430813e-06,1.0,289,0.877,0,0,0.0,False,-0.2602355019347904,1.0291407426297956
0.8984091489983257,10:51:46.888941,10:51:30.660309,0,,0.1242315,-0.0011540949,0.021979406,-0.92975116,-0.24352175,-0.2761517,-0.18475443,-0.34019122,0.922028,-0.31847823,0.90827703,0.27130142,,0.023817405,-0.015156895,0.022327244,-0.23790282,-0.67746896,0.6960157,-0.10832569,0.7306256,0.6741302,-0.96522933,0.084981054,-0.24720526,,0.109340556,1.3586855,0.4585866,0.9961384,0.033224575,-0.08126756,-0.02584579,-0.7736437,-0.6330936,-0.0839064,0.63274926,-0.76979744,,-0.08223494,0.2583759,-0.0658632,0.93198603,0.116808094,0.34315866,-0.36223698,0.3357568,0.8695124,-0.013651783,-0.93467814,0.35523286,,0.037959486,0.44208032,-0.31213367,0.37675604,0.6906013,-0.617353,-0.69771576,0.6499481,0.3012643,0.6093009,0.31723377,0.72671527,,1.281363561224205,0.13739514056532826,0.18414317966000002,0.651087274519448,0.36304317987677526,1.391282043702343,-0.4103202941293096,,-0.5575735907861353,-0.22809863817309511,0.18048245670000002,1.6666156708149995,1.0896760856293874,0.7699290365751555,0.8554328743452204,,-0.03987859174650544,-0.09379617566374027,0.05836094732,-0.08765896690267068,,-8.441508e-06,5.9604645e-08,-2.6226044e-06,0.99999994,-9.536743e-06,-7.838011e-06,9.529293e-06,1.0,-1.0430813e-06,7.838011e-06,1.0430813e-06,1.0,297,0.902,0,0,0.0,False,-0.26101001227556386,1.0291407426297956
0.9266440909996163,10:51:46.917593,10:51:30.660309,0,,0.12424164,-0.0011255741,0.022059977,-0.9296388,-0.24531323,-0.2749419,-0.18323272,-0.3395967,0.9225507,-0.31968325,0.90801734,0.27075285,,0.023828387,-0.015169829,0.022321582,-0.23811008,-0.6775679,0.6958485,-0.10837802,0.7305168,0.6742398,-0.9651723,0.08512847,-0.24737692,,0.109340556,1.3586855,0.4585866,0.9961384,0.033224575,-0.08126756,-0.02584579,-0.7736437,-0.6330936,-0.0839064,0.63274926,-0.76979744,,-0.08224987,0.25845045,-0.06590356,0.9321514,0.118668646,0.34206945,-0.36187807,0.3360082,0.8695647,-0.011748076,-0.93435335,0.3561541,,0.037948884,0.44206613,-0.31213635,0.37694943,0.6906713,-0.61715657,-0.69770455,0.6499689,0.30124536,0.6091941,0.3170387,0.7268899,,1.28161068867618,0.13761137708580654,0.18408614290000003,0.6517163443499017,0.364819454373726,1.3902420046549921,-0.4099936059970408,,-0.5576276499162549,-0.22817586550183735,0.18049023444,1.6666156708149995,1.0894028126298567,0.7701518723825482,0.8551061862129519,,-0.03987859174650544,-0.09379617566374027,0.05836094732,-0.08765896690267068,,-8.441508e-06,5.9604645e-08,-2.6226044e-06,0.99999994,-9.536743e-06,-7.838011e-06,9.529293e-06,1.0,-1.0430813e-06,7.838011e-06,1.0430813e-06,1.0,309,0.939,0,0,0.0,False,-0.26095043455704303,1.0298649456414877
0.9552988200011896,10:51:46.956208,10:51:30.660309,0,,0.12422631,-0.0010727644,0.022206739,-0.9288527,-0.24501762,-0.27784696,-0.18531619,-0.34210876,0.9212054,-0.32076544,0.9071538,0.2723629,,0.023841739,-0.015172064,0.022316277,-0.23804313,-0.6775669,0.69587255,-0.10838032,0.7305237,0.67423195,-0.9651886,0.085077316,-0.24733114,,0.109340556,1.3586855,0.4585866,0.9961384,0.033224575,-0.08126756,-0.02584579,-0.7736437,-0.6330936,-0.0839064,0.63274926,-0.76979744,,-0.0822435,0.25858638,-0.06598131,0.93126136,0.118197925,0.34464696,-0.36414832,0.33355072,0.86956304,-0.012176684,-0.9352931,0.35366446,,0.037936408,0.44206014,-0.31213194,0.37688574,0.6906784,-0.61718756,-0.69772124,0.6499406,0.30126783,0.6092144,0.3170813,0.7268543,,1.2820663299157593,0.13798206826376933,0.18397725454000002,0.6487806851411183,0.364819454373726,1.3913038282768198,-0.4103202941293096,,-0.557697154512123,-0.22819131096758583,0.18049930847,1.6666156708149995,1.0894028126298567,0.7701518723825482,0.8547794980806833,,-0.03987859174650544,-0.09379617566374027,0.05836094732,-0.08765896690267068,,-8.441508e-06,5.9604645e-08,-2.6226044e-06,0.99999994,-9.536743e-06,-7.838011e-06,9.529293e-06,1.0,-1.0430813e-06,7.838011e-06,1.0430813e-06,1.0,317,0.963,0,0,0.0,False,-0.2612483231496481,1.0295269842360313
0.993970987998182,10:51:46.980544,10:51:30.660309,0,,0.12421552,-0.0010535717,0.022323743,-0.92882746,-0.2450333,-0.2779175,-0.18527196,-0.34241855,0.92109925,-0.32086408,0.90703267,0.27264994,,0.02385737,-0.015171945,0.022316933,-0.2379552,-0.6775674,0.695902,-0.10837209,0.7305299,0.6742265,-0.96521115,0.085019246,-0.2472629,,0.109340556,1.3586855,0.4585866,0.9961384,0.033224575,-0.08126756,-0.02584579,-0.7736437,-0.6330936,-0.0839064,0.63274926,-0.76979744,,-0.08224225,0.25867748,-0.06605797,0.93125063,0.11819289,0.34467766,-0.36417928,0.33323732,0.8696703,-0.012070623,-0.93540543,0.35337088,,0.037920892,0.4420596,-0.31213003,0.37680274,0.69068813,-0.6172273,-0.6977355,0.64990735,0.30130652,0.6092494,0.3171283,0.7268045,,1.2823984074293509,0.1381983047842476,0.18388132908000002,0.6485709951976338,0.36495609087349146,1.3911924103731232,-0.4103202941293096,,-0.5577898273066136,-0.22819903370046005,0.18050319734,1.6666156708149995,1.0894028126298567,0.7701518723825482,0.8547794980806833,,-0.03987859174650544,-0.09379617566374027,0.05836094732,-0.08765896690267068,,-8.441508e-06,5.9604645e-08,-2.6226044e-06,0.99999994,-9.536743e-06,-7.838011e-06,9.529293e-06,1.0,-1.0430813e-06,7.838011e-06,1.0430813e-06,1.0,328,0.997,0,0,0.0,False,-0.2608312791200009,1.0293338634329134
1.0182803100033198,10:51:47.018423,10:51:30.838201,0,,0.124188825,-0.0010426939,0.022414535,-0.92888904,-0.24525435,-0.27751663,-0.1848351,-0.34234342,0.92121494,-0.320938,0.90700126,0.27266735,,0.023875907,-0.015169874,0.022320807,-0.23784614,-0.6775128,0.69599247,-0.10835326,0.73059046,0.67416394,-0.9652402,0.084934115,-0.24717897,,0.109340556,1.3586855,0.4585866,0.9961384,0.033224575,-0.08126756,-0.02584579,-0.7736437,-0.6330936,-0.0839064,0.63274926,-0.76979744,,-0.08222355,0.25874487,-0.066122636,0.93136436,0.118422605,0.34429133,-0.36389914,0.33327013,0.86977494,-0.011741004,-0.93536466,0.35348982,,0.03790209,0.44206256,-0.31212887,0.3767004,0.69065005,-0.6173324,-0.69774735,0.64989376,0.3013084,0.6092991,0.31723908,0.7267145,,1.282745930408691,0.13828325484586407,0.18380873684000001,0.6487806851411183,0.36536600037278777,1.3908581566620342,-0.4103202941293096,,-0.557905668299727,-0.22819903370046005,0.18050449363,1.6666156708149995,1.0894028126298567,0.7700701936424077,0.8549428421468175,,-0.03987859174650544,-0.09379617566374027,0.05836094732,-0.08765896690267068,,-8.441508e-06,5.9604645e-08,-2.6226044e-06,0.99999994,-9.536743e-06,-7.838011e-06,9.529293e-06,1.0,-1.0430813e-06,7.838011e-06,1.0430813e-06,1.0,341,1.037,0,0,0.0,False,-0.261427056305211,1.0297683852399286
