Task Time,PC1 Time,PC2 Time,Gaze Calib,s_T_psm1,Tx,Ty,Tz,R00,R01,R02,R10,R11,R12,R20,R21,R22,s_T_psm3,Tx,Ty,Tz,R00,R01,R02,R10,R11,R12,R20,R21,R22,cart_T_ecm,Tx,Ty,Tz,R00,R01,R02,R10,R11,R12,R20,R21,R22,ecm_T_psm1,Tx,Ty,Tz,R00,R01,R02,R10,R11,R12,R20,R21,R22,ecm_T_psm3,Tx,Ty,Tz,R00,R01,R02,R10,R11,R12,R20,R21,R22,psm1_joints,q1,q2,q3,q4,q5,q6,jaw,psm3_joints,q1,q2,q3,q4,q5,q6,jaw,ecm_joints,q1,q2,q3,q4,ecmi_T_ecm,Tx,Ty,Tz,R00,R01,R02,R10,R11,R12,R20,R21,R22,Sample #,Task Duration (s),Collisions (binary),Collisions (increments),Cumulative Collision Time (s),Clutch Press,MTMR Angle,MTML Angle
""
lci_T_si,,,,,-0.071118124,0.013903125,0.25454396,0.9901862,-0.08084544,0.11399696,0.013384873,-0.7570853,-0.6531789,0.13911195,0.64829457,-0.7485733
rci_T_si,,,,,-0.08147662,0.01856703,0.26535848,0.98740834,-0.096447565,0.12539017,0.012030307,-0.74456626,-0.6674401,0.15773426,0.6605444,-0.73403066
ecm_T_lc,,,,,-4.4061628e-05,-0.00034663224,-0.01840835,-0.99912,0.030754527,0.028518902,-0.031987965,-0.99852574,-0.043852776,0.027128186,-0.04472645,0.9986309
ecm_T_rc,,,,,-0.0043358393,0.01870579,-0.007592615,-0.99555075,-0.052743673,-0.078081585,0.04863213,-0.9973746,0.053654674,-0.08070653,0.04961868,0.9955021
cart_T_ecmi,,,,,0.10934876,1.3586837,0.45858383,0.9961387,0.033234157,-0.08125972,-0.025833456,-0.77364326,-0.6330946,-0.0839064,0.63274926,-0.76979744
ecmac_T_ecmrep_psm1,,,,,0.011947535,-0.24624088,-0.3140189,0.99787813,0.060519684,0.024013558,-0.059408683,0.9972389,-0.04455629,-0.026643785,0.04303513,0.9987182
ecmac_T_ecmrep_psm3,,,,,-0.020729378,-0.4297972,-0.5440064,0.99962926,-0.018584386,0.019899037,0.019259674,0.999226,-0.034299888,-0.019246193,0.03467042,0.99921346
""
0,10:54:48.159912,10:54:31.971966,0,,0.12005063,-0.0021394938,0.013897717,-0.9882545,-0.07876793,-0.1309529,-0.10833459,-0.24327132,0.96388936,-0.10778065,0.96675473,0.2318806,,0.07493603,-0.0064451247,-0.0065311193,-0.0683005,-0.45450437,0.8881221,-0.22495142,0.8742925,0.43012726,-0.9719732,-0.17040646,-0.1619561,,0.109300114,1.3586861,0.45859572,0.99613965,0.03326119,-0.08123759,-0.025798647,-0.77364206,-0.6330974,-0.0839064,0.63274926,-0.76979744,,-0.07737731,0.2522601,-0.06104655,0.9773131,-0.041825395,0.20762889,-0.16715558,0.44970778,0.877395,-0.13006972,-0.89219594,0.43251395,,-0.0076586935,0.42645746,-0.27757752,0.20481849,0.5162008,-0.8316166,-0.8009689,0.57673097,0.16071795,0.5625818,0.633181,0.53158593,,1.2803750514163041,0.11594911137360679,0.19136351496,0.8330981454640153,0.2195748551230628,1.384854266231196,-0.40917688566636934,,-0.7707210181147318,-0.19877542144966465,0.22549742324000002,1.313288116043576,1.0317422097288407,0.17860583732352264,0.7224708045119169,,-0.03987859174650544,-0.09379617566374027,0.05836094732,-0.08765896690267068,,-4.9509108e-05,4.172325e-06,-6.7949295e-06,0.99999994,2.689287e-05,2.2113323e-05,-2.6904047e-05,1.0,2.9206276e-06,-2.2113323e-05,-2.95043e-06,1.0,35,0.105,0,0,0.0,False,-0.260652545964438,0.8990256015291549
0.13041630999941844,10:54:48.185670,10:54:31.971966,0,,0.12003093,-0.0021260232,0.014058039,-0.98810005,-0.0788434,-0.13206853,-0.10933351,-0.24391094,0.9636149,-0.10818764,0.9665874,0.23238805,,0.07493614,-0.006446749,-0.006531,-0.06830053,-0.45421118,0.888272,-0.22495803,0.8744333,0.42983752,-0.97197163,-0.17046583,-0.16190273,,0.109300114,1.3586861,0.45859572,0.99613965,0.03326119,-0.08123759,-0.025798647,-0.77364206,-0.6330974,-0.0839064,0.63274926,-0.76979744,,-0.077372074,0.25237516,-0.061160587,0.9770956,-0.04180117,0.20865485,-0.16817395,0.44911432,0.87750435,-0.13039058,-0.89249593,0.43179777,,-0.007658901,0.4264563,-0.27757868,0.20481798,0.5159271,-0.8317866,-0.8009728,0.57677925,0.16052485,0.56257635,0.63336,0.5313783,,1.2807920789915122,0.11614217969546241,0.19122610822000002,0.831840005803108,0.21971149162282821,1.3848245270676403,-0.40901354160023495,,-0.7707210181147318,-0.19878314418253887,0.22549742324000002,1.313288116043576,1.0317422097288407,0.1782791223629605,0.7244309333055284,,-0.03987859174650544,-0.09379617566374027,0.05836094732,-0.08765896690267068,,-4.9509108e-05,4.172325e-06,-6.7949295e-06,0.99999994,2.689287e-05,2.2113323e-05,-2.6904047e-05,1.0,2.9206276e-06,-2.2113323e-05,-2.95043e-06,1.0,46,0.138,0,0,0.0,False,-0.2612483231496481,0.8999429253439648
0.15612314899044577,10:54:48.220831,10:54:31.971966,0,,0.120010614,-0.0021066666,0.014229283,-0.98774344,-0.07899761,-0.13461857,-0.111668505,-0.24493787,0.9630865,-0.10905472,0.96631515,0.23311421,,0.07493603,-0.0064451247,-0.0065311193,-0.0683005,-0.45428675,0.8882333,-0.22495142,0.8743978,0.42991298,-0.9719732,-0.17044622,-0.16191432,,0.109300114,1.3586861,0.45859572,0.99613965,0.03326119,-0.08123759,-0.025798647,-0.77364206,-0.6330974,-0.0839064,0.63274926,-0.76979744,,-0.07736666,0.25250185,-0.06127907,0.97658354,-0.041729204,0.21105264,-0.17049922,0.44815856,0.8775443,-0.13120426,-0.8929796,0.43054947,,-0.0076586935,0.42645746,-0.27757752,0.20481849,0.515997,-0.83174306,-0.8009689,0.5767703,0.16057663,0.5625818,0.6333113,0.5314307,,1.281232274765343,0.11636613894881491,0.19108092374000002,0.8291140365378092,0.21971149162282821,1.3848245270676403,-0.40901354160023495,,-0.7707210181147318,-0.19877542144966465,0.22549742324000002,1.313288116043576,1.0317422097288407,0.17836080110310093,0.7245942773716626,,-0.03987859174650544,-0.09379617566374027,0.05836094732,-0.08765896690267068,,-4.9509108e-05,4.172325e-06,-6.7949295e-06,0.99999994,2.689287e-05,2.2113323e-05,-2.6904047e-05,1.0,2.9206276e-06,-2.2113323e-05,-2.95043e-06,1.0,54,0.162,0,0,0.0,False,-0.26196325577190027,0.901343051166569
0.1913322159962263,10:54:48.241193,10:54:31.971966,0,,0.119994305,-0.0020852536,0.014392242,-0.98747015,-0.079084575,-0.13655902,-0.113439955,-0.24582037,0.9626545,-0.10970013,0.9660838,0.23376891,,0.07493603,-0.0064451247,-0.0065311193,-0.0683005,-0.45435926,0.8881963,-0.22495142,0.8743627,0.4299844,-0.9719732,-0.17043293,-0.16192824,,0.109300114,1.3586861,0.45859572,0.99613965,0.03326119,-0.08123759,-0.025798647,-0.77364206,-0.6330974,-0.0839064,0.63274926,-0.76979744,,-0.07736419,0.2526247,-0.06138944,0.97619104,-0.041712698,0.21286415,-0.17225511,0.4473397,0.87761915,-0.13183044,-0.89339083,0.42950377,,-0.0076586935,0.42645746,-0.27757752,0.20481849,0.5160649,-0.8317009,-0.8009689,0.5767572,0.16062374,0.5625818,0.6332678,0.53148246,,1.281649302340551,0.11660554366791587,0.190943517,0.8270171371029641,0.21971149162282821,1.3848245270676403,-0.4086868534679666,,-0.7707210181147318,-0.19877542144966465,0.22549742324000002,1.313288116043576,1.0317422097288407,0.17844247984324157,0.72639106209914,,-0.03987859174650544,-0.09379617566374027,0.05836094732,-0.08765896690267068,,-4.9509108e-05,4.172325e-06,-6.7949295e-06,0.99999994,2.689287e-05,2.2113323e-05,-2.6904047e-05,1.0,2.9206276e-06,-2.2113323e-05,-2.95043e-06,1.0,62,0.187,0,0,0.0,False,-0.26255903295711036,0.9015844521704661
0.2116713349969359,10:54:48.264037,10:54:31.971966,0,,0.11998243,-0.0020700246,0.014497966,-0.9874533,-0.07911323,-0.13666463,-0.113518625,-0.24597463,0.96260583,-0.109770894,0.9660422,0.23390749,,0.07493614,-0.006446749,-0.006531,-0.06830053,-0.45435625,0.8881978,-0.22495803,0.874363,0.4299804,-0.97197163,-0.17043939,-0.1619306,,0.109300114,1.3586861,0.45859572,0.99613965,0.03326119,-0.08123759,-0.025798647,-0.77364206,-0.6330974,-0.0839064,0.63274926,-0.76979744,,-0.07736117,0.2527054,-0.06146036,0.976173,-0.041696392,0.21295004,-0.17236064,0.44719565,0.87767184,-0.13182607,-0.89346373,0.4293535,,-0.007658901,0.4264563,-0.27757868,0.20481798,0.5160629,-0.83170223,-0.8009728,0.576753,0.16061907,0.56257635,0.63327324,0.5314818,,1.2819427661897718,0.11676772105827458,0.19085536928000002,0.8268074471594796,0.2198481281225937,1.384631430423803,-0.4088501975341008,,-0.7707210181147318,-0.19878314418253887,0.22549742324000002,1.313288116043576,1.0317422097288407,0.17844247984324157,0.7267177502314084,,-0.03987859174650544,-0.09379617566374027,0.05836094732,-0.08765896690267068,,-4.9509108e-05,4.172325e-06,-6.7949295e-06,0.99999994,2.689287e-05,2.2113323e-05,-2.6904047e-05,1.0,2.9206276e-06,-2.2113323e-05,-2.95043e-06,1.0,69,0.208,0,0,0.0,False,-0.2617249448978165,0.90124649076501
0.23454193699581083,10:54:48.292050,10:54:31.971966,0,,0.11998593,-0.0020451993,0.014662817,-0.9871075,-0.081775256,-0.13759224,-0.11388606,-0.24519384,0.9627616,-0.11246685,0.96601903,0.23271954,,0.07493758,-0.006446615,-0.0065302253,-0.068293266,-0.4544269,0.8881622,-0.22495681,0.8743284,0.43005133,-0.97197247,-0.1704286,-0.16193725,,0.109300114,1.3586861,0.45859572,0.99613965,0.03326119,-0.08123759,-0.025798647,-0.77364206,-0.6330974,-0.0839064,0.63274926,-0.76979744,,-0.07737813,0.25283235,-0.061567124,0.9760556,-0.03897791,0.21400037,-0.17440185,0.4477299,0.876996,-0.12999783,-0.8933189,0.43021142,,-0.00766043,0.4264568,-0.27757892,0.20481099,0.5161294,-0.8316627,-0.80097294,0.57673854,0.16067049,0.56257874,0.63323224,0.53152806,,1.2823752392307284,0.11700712577737554,0.19071925883000002,0.8251299276116034,0.22230758511837162,1.382707586897408,-0.4096669178647723,,-0.7707287408476061,-0.19878314418253887,0.22549742324000002,1.313288116043576,1.0317422097288407,0.17852415858338222,0.7268810942975428,,-0.03987859174650544,-0.09379617566374027,0.05836094732,-0.08765896690267068,,-4.9509108e-05,4.172325e-06,-6.7949295e-06,0.99999994,2.689287e-05,2.2113323e-05,-2.6904047e-05,1.0,2.9206276e-06,-2.2113323e-05,-2.95043e-06,1.0,81,0.244,0,0,0.0,False,-0.26148663402373185,0.9020189739774813
0.2625190209946595,10:54:48.325483,10:54:32.148123,0,,0.11997375,-0.0020138472,0.0148229,-0.98671955,-0.082210615,-0.14009285,-0.116072565,-0.2464723,0.9621738,-0.113629915,0.96565676,0.23365659,,0.07493758,-0.006446615,-0.0065302253,-0.068293266,-0.45449948,0.88812506,-0.22495681,0.8742933,0.4301228,-0.97197247,-0.17041543,-0.16195118,,0.109300114,1.3586861,0.45859572,0.99613965,0.03326119,-0.08123759,-0.025798647,-0.77364206,-0.6330974,-0.0839064,0.63274926,-0.76979744,,-0.07737843,0.25296086,-0.06166831,0.97555685,-0.038645156,0.21632244,-0.17680885,0.44652113,0.87713027,-0.13048938,-0.8939382,0.42877394,,-0.00766043,0.4264568,-0.27757892,0.20481099,0.5161973,-0.8316206,-0.80097294,0.5767254,0.1607176,0.56257874,0.63318884,0.5315798,,1.2827999895388107,0.11728514416084763,0.19058833354000002,0.8224039583463044,0.22258085811790249,1.382893144790718,-0.408850197534101,,-0.7707287408476061,-0.19878314418253887,0.22549742324000002,1.313288116043576,1.0317422097288407,0.17860583732352264,0.7263910620991397,,-0.03987859174650544,-0.09379617566374027,0.05836094732,-0.08765896690267068,,-4.9509108e-05,4.172325e-06,-6.7949295e-06,0.99999994,2.689287e-05,2.2113323e-05,-2.6904047e-05,1.0,2.9206276e-06,-2.2113323e-05,-2.95043e-06,1.0,89,0.268,0,0,0.0,False,-0.26148663402373185,0.9028397373907322
0.2959781399986241,10:54:48.351549,10:54:32.148123,0,,0.1199958,-0.0019618273,0.014962509,-0.9864325,-0.08630894,-0.13964784,-0.11483264,-0.2451514,0.96265996,-0.11732104,0.9656353,0.23191422,,0.07493913,-0.006448105,-0.006529331,-0.06828607,-0.45456713,0.88809097,-0.2249622,0.874259,0.43018973,-0.97197163,-0.17041105,-0.16196021,,0.109300114,1.3586861,0.45859572,0.99613965,0.03326119,-0.08123759,-0.025798647,-0.77364206,-0.6330974,-0.0839064,0.63274926,-0.76979744,,-0.077408455,0.25309205,-0.06173592,0.97576267,-0.034448892,0.21610287,-0.17829137,0.44744268,0.87636024,-0.12688328,-0.89364886,0.43045592,,-0.0076621664,0.42645615,-0.27758035,0.2048035,0.5162618,-0.83158237,-0.800977,0.57670677,0.16076435,0.5625757,0.63315326,0.5316254,,1.2832324625797673,0.11762494440731351,0.19048592663000002,0.8217748885158509,0.22654331661110025,1.3803971342447867,-0.40852350940183224,,-0.7707364635804803,-0.19879086691541312,0.22549742324000002,1.313288116043576,1.0317422097288407,0.1786875160636633,0.7275344705620798,,-0.03987859174650544,-0.09379617566374027,0.05836094732,-0.08765896690267068,,-4.9509108e-05,4.172325e-06,-6.7949295e-06,0.99999994,2.689287e-05,2.2113323e-05,-2.6904047e-05,1.0,2.9206276e-06,-2.2113323e-05,-2.95043e-06,1.0,96,0.29,0,0,0.0,False,-0.26160578946077395,0.9043364236148954
0.32202276299358346,10:54:48.376221,10:54:32.148123,0,,0.12000053,-0.0019262284,0.015061751,-0.9863022,-0.08693694,-0.14017788,-0.11488358,-0.24775764,0.9619864,-0.1183623,0.96491355,0.23437625,,0.074937806,-0.006449893,-0.006529987,-0.06829333,-0.45463854,0.88805383,-0.22496995,0.87422365,0.4302575,-0.97196937,-0.17040178,-0.1619837,,0.109300114,1.3586861,0.45859572,0.99613965,0.03326119,-0.08123759,-0.025798647,-0.77364206,-0.6330974,-0.0839064,0.63274926,-0.76979744,,-0.077419095,0.2531841,-0.06178644,0.97573,-0.03402904,0.21631676,-0.17901117,0.44499347,0.8774599,-0.12611866,-0.89488703,0.4281019,,-0.0076608453,0.42645448,-0.27758124,0.20480996,0.5163292,-0.8315389,-0.8009808,0.57669085,0.16080247,0.5625679,0.6331128,0.53168184,,1.2835182036961135,0.11788751732503715,0.19041074181,0.8211458186853974,0.22749977210945835,1.3824759648238316,-0.41113701445998063,,-0.7707287408476061,-0.19879858964828734,0.22549742324000002,1.313288116043576,1.0317422097288407,0.1787691948038037,0.7286778790250197,,-0.03987859174650544,-0.09379617566374027,0.05836094732,-0.08765896690267068,,-4.9509108e-05,4.172325e-06,-6.7949295e-06,0.99999994,2.689287e-05,2.2113323e-05,-2.6904047e-05,1.0,2.9206276e-06,-2.2113323e-05,-2.95043e-06,1.0,108,0.326,0,0,0.0,False,-0.26202283349042155,0.904529544418013
0.34663584099325817,10:54:48.403024,10:54:32.148123,0,,0.1200174,-0.001849696,0.015215486,-0.9859985,-0.089064956,-0.14097674,-0.114757545,-0.25096244,0.96117043,-0.120986454,0.9638908,0.23722768,,0.074939825,-0.006452933,-0.006528735,-0.06831724,-0.45461166,0.8880658,-0.2248744,0.8742554,0.4302428,-0.97198987,-0.17031035,-0.16195732,,0.109300114,1.3586861,0.45859572,0.99613965,0.03326119,-0.08123759,-0.025798647,-0.77364206,-0.6330974,-0.0839064,0.63274926,-0.76979744,,-0.07744282,0.253343,-0.061849464,0.9756987,-0.032157715,0.21674384,-0.18063359,0.4418729,0.87870353,-0.12403033,-0.8965011,0.42532605,,-0.0076631717,0.42645288,-0.27758384,0.20484123,0.5162903,-0.8315554,-0.80092067,0.57677287,0.16080788,0.56264216,0.6330698,0.5316544,,1.2840047358671896,0.1183817722289875,0.19030314974,0.8198876790244902,0.22995922910523628,1.384554379564324,-0.40852350940183224,,-0.7707364635804803,-0.19880631238116156,0.22549742324000002,1.3134978059870606,1.0317422097288407,0.1789325522840849,0.7290045671572882,,-0.03987859174650544,-0.09379617566374027,0.05836094732,-0.08765896690267068,,-4.9509108e-05,4.172325e-06,-6.7949295e-06,0.99999994,2.689287e-05,2.2113323e-05,-2.6904047e-05,1.0,2.9206276e-06,-2.2113323e-05,-2.95043e-06,1.0,116,0.35,0,0,0.0,False,-0.26053339052739544,0.9046743850203516
0.3735220910020871,10:54:48.431005,10:54:32.148123,0,,0.12003362,-0.0017832071,0.015324205,-0.98558533,-0.09061453,-0.14286542,-0.116030686,-0.25250262,0.9606141,-0.12311947,0.96334386,0.23834875,,0.07494004,-0.006456211,-0.0065284967,-0.06831731,-0.45489585,0.8879203,-0.22488755,0.87411535,0.43052033,-0.9719868,-0.1702703,-0.16201764,,0.109300114,1.3586861,0.45859572,0.99613965,0.03326119,-0.08123759,-0.025798647,-0.77364206,-0.6330974,-0.0839064,0.63274926,-0.76979744,,-0.07746254,0.25346473,-0.061885428,0.9753651,-0.030731523,0.21844557,-0.18298768,0.44032902,0.8789914,-0.12320066,-0.8973104,0.42385808,,-0.007663587,0.42645055,-0.27758616,0.2048402,0.51655805,-0.83138937,-0.80092853,0.57671195,0.16098696,0.5626313,0.63290685,0.5318598,,1.2843368133807813,0.11879879980419564,0.1902305575,0.8175810896461604,0.23132559410289066,1.38491041784989,-0.41113701445998085,,-0.7707364635804803,-0.19882175784691,0.22549742324000002,1.3134978059870606,1.0317422097288407,0.17925926724464702,0.7303113196863623,,-0.03987859174650544,-0.09379617566374027,0.05836094732,-0.08765896690267068,,-4.9509108e-05,4.172325e-06,-6.7949295e-06,0.99999994,2.689287e-05,2.2113323e-05,-2.6904047e-05,1.0,2.9206276e-06,-2.2113323e-05,-2.95043e-06,1.0,124,0.375,0,0,0.0,False,-0.2608908568385213,0.9040950226109978
0.4015067799919052,10:54:48.462181,10:54:32.301679,0,,0.120073766,-0.0016710907,0.015502751,-0.9854217,-0.09337883,-0.14221267,-0.11480659,-0.25189894,0.9609195,-0.12555276,0.96323794,0.23750615,,0.074938715,-0.0064580142,-0.0065291226,-0.06832457,-0.4549672,0.8878831,-0.22489518,0.87408006,0.43058813,-0.9719845,-0.17026097,-0.16204114,,0.109300114,1.3586861,0.45859572,0.99613965,0.03326119,-0.08123759,-0.025798647,-0.77364206,-0.6330974,-0.0839064,0.63274926,-0.76979744,,-0.077507995,0.25366706,-0.06194065,0.97556853,-0.02792223,0.21791369,-0.18365854,0.4406738,0.8786786,-0.120563515,-0.89723295,0.42477933,,-0.007662266,0.42644888,-0.2775871,0.20484665,0.5166254,-0.8313459,-0.80093235,0.57669604,0.16102506,0.56262356,0.6328664,0.53191626,,1.2848696819491028,0.11955562762586963,0.19011129882000002,0.817371399702676,0.23392168759843407,1.3830385139000796,-0.4093402297325035,,-0.7707287408476061,-0.19882948057978422,0.22549742324000002,1.3134978059870606,1.0317422097288407,0.17934094598478778,0.7298212874879597,,-0.03987859174650544,-0.09379617566374027,0.05836094732,-0.08765896690267068,,-4.9509108e-05,4.172325e-06,-6.7949295e-06,0.99999994,2.689287e-05,2.2113323e-05,-2.6904047e-05,1.0,2.9206276e-06,-2.2113323e-05,-2.95043e-06,1.0,132,0.4,0,0,0.0,False,-0.260652545964438,0.9058331098390586
0.4326816309912829,10:54:48.484500,10:54:32.301679,0,,0.120116696,-0.0015332848,0.015716553,-0.9849572,-0.0967952,-0.14314348,-0.11469555,-0.25337514,0.9605446,-0.12924512,0.9625132,0.23846164,,0.07494037,-0.006461203,-0.0065280795,-0.068317376,-0.45503187,0.8878506,-0.2249071,0.87404597,0.430651,-0.97198224,-0.17026305,-0.16205248,,0.109300114,1.3586861,0.45859572,0.99613965,0.03326119,-0.08123759,-0.025798647,-0.77364206,-0.6330974,-0.0839064,0.63274926,-0.76979744,,-0.07755696,0.25391197,-0.062005226,0.97548085,-0.024624346,0.2187025,-0.18599087,0.43903375,0.87900895,-0.117662795,-0.89813304,0.4236891,,-0.00766421,0.42644706,-0.27758968,0.20483863,0.5166879,-0.831309,-0.80094033,0.5766732,0.16106714,0.5626151,0.63283616,0.53196114,,1.285533836976286,0.12044374190640546,0.18997129950000002,0.8154841902113152,0.2372009635928046,1.3826514889353014,-0.40934022973250395,,-0.7707364635804803,-0.19884492604553267,0.22549742324000002,1.3134978059870606,1.0317422097288407,0.1794226247249282,0.7299846315540939,,-0.03987859174650544,-0.09379617566374027,0.05836094732,-0.08765896690267068,,-4.9509108e-05,4.172325e-06,-6.7949295e-06,0.99999994,2.689287e-05,2.2113323e-05,-2.6904047e-05,1.0,2.9206276e-06,-2.2113323e-05,-2.95043e-06,1.0,143,0.433,0,0,0.0,False,-0.26059296824591627,0.9059296702406177
0.4549913189985091,10:54:48.515270,10:54:32.301679,0,,0.120168,-0.0014026761,0.015953124,-0.9848308,-0.098546095,-0.142818,-0.11365892,-0.2555509,0.96009135,-0.13111052,0.96176004,0.24047363,,0.07494262,-0.0064674914,-0.0065265894,-0.06834132,-0.4551441,0.8877912,-0.2248247,0.87400806,0.43077105,-0.97199965,-0.17015797,-0.16205856,,0.109300114,1.3586861,0.45859572,0.99613965,0.03326119,-0.08123759,-0.025798647,-0.77364206,-0.6330974,-0.0839064,0.63274926,-0.76979744,,-0.07761719,0.2541665,-0.062090293,0.97564614,-0.023045126,0.21813661,-0.18643107,0.43687207,0.8799922,-0.115577325,-0.8992284,0.4219362,,-0.0076669515,0.42644313,-0.2775946,0.20486884,0.51678085,-0.8312438,-0.80088806,0.5767206,0.16115747,0.5626785,0.6327171,0.5320357,,1.286151655606224,0.12141680624855775,0.18980407809000002,0.8152745002678307,0.23911387458952077,1.3835420004877683,-0.4090135416002354,,-0.7707441863133545,-0.19886809424415536,0.22549742324000002,1.313707495930545,1.0317422097288407,0.17974933968549056,0.7312913840831682,,-0.03987859174650544,-0.09379617566374027,0.05836094732,-0.08765896690267068,,-4.9509108e-05,4.172325e-06,-6.7949295e-06,0.99999994,2.689287e-05,2.2113323e-05,-2.6904047e-05,1.0,2.9206276e-06,-2.2113323e-05,-2.95043e-06,1.0,151,0.458,0,0,0.0,False,-0.26106958999408425,0.9056399890359406
0.48574568099866156,10:54:48.541996,10:54:32.301679,0,,0.120197624,-0.0013110489,0.016116887,-0.9848462,-0.09869346,-0.14261006,-0.11330965,-0.25636142,0.9599165,-0.13129722,0.96152925,0.24129358,,0.07494306,-0.0064740926,-0.006526053,-0.06834143,-0.45513207,0.8877974,-0.2248508,0.87400925,0.43075484,-0.97199357,-0.17018363,-0.16206789,,0.109300114,1.3586861,0.45859572,0.99613965,0.03326119,-0.08123759,-0.025798647,-0.77364206,-0.6330974,-0.0839064,0.63274926,-0.76979744,,-0.07765294,0.25434354,-0.06214924,0.97571605,-0.022961369,0.2178325,-0.18629031,0.43610692,0.88040143,-0.11521348,-0.8996019,0.42123902,,-0.0076677823,0.42643848,-0.27759925,0.20486677,0.516773,-0.83124924,-0.80090374,0.57670397,0.16113876,0.5626569,0.63273865,0.5320329,,1.2865686831814322,0.12211957494011218,0.18968741199000003,0.8152745002678307,0.23925051108928622,1.3835939400643529,-0.40901354160023495,,-0.7707441863133545,-0.19889898517565224,0.22549742324000002,1.313707495930545,1.0317422097288407,0.17974933968549056,0.7312913840831682,,-0.03987859174650544,-0.09379617566374027,0.05836094732,-0.08765896690267068,,-4.9509108e-05,4.172325e-06,-6.7949295e-06,0.99999994,2.689287e-05,2.2113323e-05,-2.6904047e-05,1.0,2.9206276e-06,-2.2113323e-05,-2.95043e-06,1.0,159,0.481,0,0,0.0,False,-0.26101001227556386,0.9061227910437353
0.5124924599949736,10:54:48.564271,10:54:32.301679,0,,0.12027532,-0.0011768639,0.016352236,-0.9850212,-0.09930636,-0.14096624,-0.11150099,-0.25677416,0.960018,-0.13153237,0.961356,0.24185517,,0.07494515,-0.006483823,-0.0065244436,-0.068334304,-0.45518476,0.88777095,-0.22488886,0.87397647,0.43080157,-0.9719852,-0.17021137,-0.16208857,,0.109300114,1.3586861,0.45859572,0.99613965,0.03326119,-0.08123759,-0.025798647,-0.77364206,-0.6330974,-0.0839064,0.63274926,-0.76979744,,-0.0777388,0.25460038,-0.062227342,0.9761011,-0.022380961,0.21616133,-0.18508273,0.43567273,0.88087094,-0.113890335,-0.8998269,0.4211183,,-0.007670557,0.42643204,-0.2776065,0.20485668,0.51682764,-0.83121777,-0.80092746,0.5766645,0.16116212,0.56262684,0.63273,0.532075,,1.28703976988676,0.12324709393974895,0.18951630171000003,0.8165326399287379,0.239797057088348,1.3831482684495673,-0.40901354160023495,,-0.7707519090462287,-0.1989453215728976,0.22549742324000002,1.313707495930545,1.0317422097288407,0.1798310184256311,0.731128040017034,,-0.03987859174650544,-0.09379617566374027,0.05836094732,-0.08765896690267068,,-4.9509108e-05,4.172325e-06,-6.7949295e-06,0.99999994,2.689287e-05,2.2113323e-05,-2.6904047e-05,1.0,2.9206276e-06,-2.2113323e-05,-2.95043e-06,1.0,167,0.506,0,0,0.0,False,-0.2607121236829584,0.9057848296382791
0.5347580639936496,10:54:48.588607,10:54:32.301679,0,,0.12035587,-0.0010945797,0.016491473,-0.98495173,-0.10189459,-0.13959813,-0.10963925,-0.25600815,0.9604369,-0.13360158,0.9612894,0.24098402,,0.07494496,-0.00649707,-0.006523937,-0.0683728,-0.4549986,0.8878634,-0.22483486,0.87407947,0.43062076,-0.97199506,-0.17017993,-0.16206288,,0.109300114,1.3586861,0.45859572,0.99613965,0.03326119,-0.08123759,-0.025798647,-0.77364206,-0.6330974,-0.0839064,0.63274926,-0.76979744,,-0.07782352,0.25475502,-0.06226674,0.97642875,-0.019732827,0.21493608,-0.18503504,0.4361684,0.8806357,-0.11112575,-0.89964867,0.4222361,,-0.007671071,0.42642245,-0.2776156,0.20489874,0.51664406,-0.83132154,-0.8008907,0.57675064,0.16103671,0.56266385,0.6328014,0.5319509,,1.2872405609414896,0.12396530809705184,0.18941519109000002,0.8171617097591914,0.2421198775843605,1.3815808790472905,-0.40934022973250395,,-0.7707441863133545,-0.19899938070301718,0.22549742324000002,1.3139171858740295,1.0317422097288407,0.1798310184256311,0.731128040017034,,-0.03987859174650544,-0.09379617566374027,0.05836094732,-0.08765896690267068,,-4.9509108e-05,4.172325e-06,-6.7949295e-06,0.99999994,2.689287e-05,2.2113323e-05,-2.6904047e-05,1.0,2.9206276e-06,-2.2113323e-05,-2.95043e-06,1.0,175,0.531,0,0,0.0,False,-0.26160578946077395,0.9061227910437353
0.5591017699916847,10:54:48.607709,10:54:32.446873,0,,0.12043803,-0.0010204166,0.016629517,-0.984923,-0.102316156,-0.13949233,-0.10918764,-0.25776678,0.96001786,-0.13418183,0.9607745,0.24270871,,0.07494827,-0.0065033734,-0.0065218806,-0.068358414,-0.4549828,0.8878725,-0.22485867,0.87408173,0.43060374,-0.97199047,-0.17021054,-0.16205773,,0.109300114,1.3586861,0.45859572,0.99613965,0.03326119,-0.08123759,-0.025798647,-0.77364206,-0.6330974,-0.0839064,0.63274926,-0.76979744,,-0.077910565,0.25490278,-0.062310275,0.97650415,-0.019448964,0.21461922,-0.18507469,0.43449754,0.8814529,-0.110394865,-0.900463,0.42068914,,-0.007674959,0.4264188,-0.27762076,0.20488271,0.5166332,-0.83133215,-0.8009066,0.5767313,0.16102666,0.562647,0.6328279,0.53193724,,1.2873332337359804,0.12471441318585161,0.18930759902000002,0.8171617097591914,0.24239315058389135,1.382746581822287,-0.4088501975341008,,-0.770759631779103,-0.19903027163451406,0.22549742324000002,1.3139171858740295,1.0317422097288407,0.1798310184256311,0.731128040017034,,-0.03987859174650544,-0.09379617566374027,0.05836094732,-0.08765896690267068,,-4.9509108e-05,4.172325e-06,-6.7949295e-06,0.99999994,2.689287e-05,2.2113323e-05,-2.6904047e-05,1.0,2.9206276e-06,-2.2113323e-05,-2.95043e-06,1.0,186,0.564,0,0,0.0,False,-0.261427056305211,0.9062676316460738
0.5781670580036007,10:54:48.643084,10:54:32.446873,0,,0.12057828,-0.0009455383,0.0168252,-0.98488253,-0.103007674,-0.1392688,-0.10866657,-0.2587138,0.95982224,-0.13489981,0.9604461,0.2436091,,0.074947275,-0.0065101087,-0.0065220594,-0.06836575,-0.45504522,0.88784003,-0.22488594,0.8740473,0.4306594,-0.9719837,-0.1702205,-0.16208826,,0.109300114,1.3586861,0.45859572,0.99613965,0.03326119,-0.08123759,-0.025798647,-0.77364206,-0.6330974,-0.0839064,0.63274926,-0.76979744,,-0.078060664,0.25508976,-0.062388238,0.9765886,-0.018831385,0.21428965,-0.18515213,0.43355724,0.88189954,-0.10951422,-0.9009293,0.41992038,,-0.007674261,0.42641369,-0.27762517,0.20488761,0.5166947,-0.83129275,-0.8009222,0.5767029,0.16105074,0.562623,0.63280356,0.5319916,,1.2872714518729866,0.12572609119237502,0.18913908132,0.8171617097591914,0.2425297870836568,1.382961878879153,-0.4095035737986381,,-0.7707519090462287,-0.19906116256601097,0.22549742324000002,1.3139171858740295,1.0317422097288407,0.17991269716577152,0.7312913840831682,,-0.03987859174650544,-0.09379617566374027,0.05836094732,-0.08765896690267068,,-4.9509108e-05,4.172325e-06,-6.7949295e-06,0.99999994,2.689287e-05,2.2113323e-05,-2.6904047e-05,1.0,2.9206276e-06,-2.2113323e-05,-2.95043e-06,1.0,194,0.589,0,0,0.0,False,-0.26053339052739544,0.9064607524491914
0.6135617559921229,10:54:48.667771,10:54:32.446873,0,,0.12074516,-0.0008883625,0.016971305,-0.9847061,-0.105080016,-0.13896796,-0.10788499,-0.25854638,0.95995545,-0.13680181,0.96026665,0.24325559,,0.07494871,-0.00650993,-0.006521344,-0.0683585,-0.4554059,0.8876556,-0.22488478,0.87387186,0.43101588,-0.9719845,-0.17015675,-0.16215053,,0.109300114,1.3586861,0.45859572,0.99613965,0.03326119,-0.08123759,-0.025798647,-0.77364206,-0.6330974,-0.0839064,0.63274926,-0.76979744,,-0.07823412,0.25523126,-0.062436763,0.9766813,-0.016745321,0.21404034,-0.185808,0.43353498,0.8817725,-0.10755953,-0.9009811,0.42031407,,-0.0076757898,0.4264142,-0.2776254,0.20488064,0.5170327,-0.8310843,-0.80092233,0.5766357,0.16129056,0.5626254,0.6325887,0.53224456,,1.2869857107566403,0.12663737367153352,0.18900685974,0.8169520198157069,0.24375951558154577,1.3820407964860257,-0.40934022973250395,,-0.770759631779103,-0.19906116256601097,0.22549742324000002,1.3139171858740295,1.0317422097288407,0.18032109086647452,0.7317814162815712,,-0.03987859174650544,-0.09379617566374027,0.05836094732,-0.08765896690267068,,-4.9509108e-05,4.172325e-06,-6.7949295e-06,0.99999994,2.689287e-05,2.2113323e-05,-2.6904047e-05,1.0,2.9206276e-06,-2.2113323e-05,-2.95043e-06,1.0,202,0.613,0,0,0.0,False,-0.26101001227556386,0.9062676316460738
0.638267802001792,10:54:48.696687,10:54:32.446873,0,,0.12092532,-0.00086681545,0.017098606,-0.98459566,-0.10711306,-0.13819626,-0.10654977,-0.25910574,0.9599538,-0.13863102,0.9598912,0.24370146,,0.074947275,-0.0065101087,-0.0065220594,-0.06836575,-0.4553353,0.88769126,-0.22488594,0.87390655,0.43094495,-0.9719837,-0.1701675,-0.16214386,,0.109300114,1.3586861,0.45859572,0.99613965,0.03326119,-0.08123759,-0.025798647,-0.77364206,-0.6330974,-0.0839064,0.63274926,-0.76979744,,-0.07842261,0.25533372,-0.06249246,0.97688997,-0.0147549305,0.21323286,-0.18599942,0.43283638,0.8820753,-0.105309896,-0.90135175,0.4200891,,-0.007674261,0.42641369,-0.27762517,0.20488761,0.5169663,-0.8311239,-0.8009222,0.57665026,0.16123915,0.562623,0.6326297,0.5321983,,1.2865223467841869,0.12740964695895596,0.18887593445000003,0.817371399702676,0.24512588057920015,1.3822334772913107,-0.4090135416002354,,-0.7707519090462287,-0.19906116256601097,0.22549742324000002,1.3139171858740295,1.0317422097288407,0.18023941212633388,0.7319447603477055,,-0.03987859174650544,-0.09379617566374027,0.05836094732,-0.08765896690267068,,-4.9509108e-05,4.172325e-06,-6.7949295e-06,0.99999994,2.689287e-05,2.2113323e-05,-2.6904047e-05,1.0,2.9206276e-06,-2.2113323e-05,-2.95043e-06,1.0,210,0.637,0,0,0.0,False,-0.261427056305211,0.9063159118468533
0.6671900380024454,10:54:48.725297,10:54:32.446873,0,,0.12110115,-0.00084744394,0.017200619,-0.98438305,-0.1100675,-0.13738683,-0.10507752,-0.2587772,0.9602047,-0.14123991,0.9596455,0.24317014,,0.07494871,-0.00650993,-0.006521344,-0.0683585,-0.4554784,0.88761836,-0.22488478,0.87383664,0.43108726,-0.9719845,-0.17014349,-0.16216442,,0.109300114,1.3586861,0.45859572,0.99613965,0.03326119,-0.08123759,-0.025798647,-0.77364206,-0.6330974,-0.0839064,0.63274926,-0.76979744,,-0.078604564,0.2554179,-0.0625312,0.97708803,-0.011772526,0.2125098,-0.18659759,0.43287915,0.88192797,-0.10237358,-0.9013751,0.4207643,,-0.0076757898,0.4264142,-0.2776254,0.20488064,0.5171006,-0.83104205,-0.80092233,0.57662255,0.16133766,0.5626254,0.6325452,0.53229624,,1.2860512600788592,0.12809697018476193,0.18876963867000002,0.8175810896461604,0.24731206457544722,1.3814309357138543,-0.40917688566636956,,-0.770759631779103,-0.19906116256601097,0.22549742324000002,1.3139171858740295,1.0317422097288407,0.18040276960661505,0.7319447603477054,,-0.03987859174650544,-0.09379617566374027,0.05836094732,-0.08765896690267068,,-4.9509108e-05,4.172325e-06,-6.7949295e-06,0.99999994,2.689287e-05,2.2113323e-05,-2.6904047e-05,1.0,2.9206276e-06,-2.2113323e-05,-2.95043e-06,1.0,222,0.674,0,0,0.0,False,-0.2608312791200009,0.9065573128507505
0.6957851409970317,10:54:48.759546,10:54:32.576774,0,,0.12126363,-0.0008431524,0.017311037,-0.98432046,-0.110899895,-0.13716596,-0.10444897,-0.2601776,0.9598948,-0.14213976,0.95917094,0.24451473,,0.07495171,-0.006511271,-0.0065196753,-0.06834403,-0.4555441,0.88758576,-0.22488904,0.8738028,0.43115374,-0.97198457,-0.17014164,-0.16216616,,0.109300114,1.3586861,0.45859572,0.99613965,0.03326119,-0.08123759,-0.025798647,-0.77364206,-0.6330974,-0.0839064,0.63274926,-0.76979744,,-0.07877571,0.255496,-0.062587954,0.9771795,-0.011048595,0.2121276,-0.18671295,0.43149877,0.8825798,-0.101284064,-0.90204585,0.41958883,,-0.0076790545,0.42641404,-0.27762708,0.20486616,0.5171636,-0.8310064,-0.8009265,0.57660246,0.16138871,0.56262475,0.632512,0.53233635,,1.2855492824420345,0.12875340247907102,0.18864778741000002,0.817790779589645,0.24758533757497808,1.3826783172289918,-0.4090135416002352,,-0.7707750772448514,-0.1990688852988852,0.22549742324000002,1.3139171858740295,1.0317422097288407,0.1804844483467556,0.7317814162815711,,-0.03987859174650544,-0.09379617566374027,0.05836094732,-0.08765896690267068,,-4.9509108e-05,4.172325e-06,-6.7949295e-06,0.99999994,2.689287e-05,2.2113323e-05,-2.6904047e-05,1.0,2.9206276e-06,-2.2113323e-05,-2.95043e-06,1.0,233,0.708,0,0,0.0,False,-0.2611887454311268,0.9062676316460738
0.7300462370039895,10:54:48.791144,10:54:32.576774,0,,0.121422045,-0.00082169473,0.017405972,-0.9842595,-0.11153822,-0.13708541,-0.10415679,-0.26054683,0.95982635,-0.14277449,0.9589967,0.2448281,,0.07495037,-0.006513089,-0.006520331,-0.06835129,-0.45561552,0.8875485,-0.22489673,0.8737673,0.4312215,-0.97198224,-0.17013234,-0.16218965,,0.109300114,1.3586861,0.45859572,0.99613965,0.03326119,-0.08123759,-0.025798647,-0.77364206,-0.6330974,-0.0839064,0.63274926,-0.76979744,,-0.07893953,0.25557685,-0.06262256,0.9772117,-0.010438383,0.21201013,-0.18690816,0.4310964,0.8827351,-0.10061113,-0.9022455,0.41932145,,-0.0076777334,0.42641237,-0.277628,0.20487262,0.5172309,-0.8309629,-0.8009303,0.5765865,0.16142681,0.56261694,0.63247144,0.53239274,,1.2850627502709584,0.1294638939034997,0.18854667679,0.817790779589645,0.24744870107521263,1.3827897351326883,-0.4090135416002352,,-0.7707673545119772,-0.19907660803175942,0.22549742324000002,1.3139171858740295,1.0317422097288407,0.18056612708689623,0.7316180722154367,,-0.03987859174650544,-0.09379617566374027,0.05836094732,-0.08765896690267068,,-4.9509108e-05,4.172325e-06,-6.7949295e-06,0.99999994,2.689287e-05,2.2113323e-05,-2.6904047e-05,1.0,2.9206276e-06,-2.2113323e-05,-2.95043e-06,1.0,241,0.732,0,0,0.0,False,-0.2607717014014801,0.9063641920476329
0.7616363569977693,10:54:48.809265,10:54:32.576774,0,,0.12154903,-0.0007959157,0.017478034,-0.9840778,-0.1144775,-0.1359628,-0.10252551,-0.25925627,0.96035135,-0.14518784,0.95900005,0.24339145,,0.07495096,-0.006516263,-0.006519854,-0.068382405,-0.45544553,0.8876334,-0.22480243,0.87386906,0.43106452,-0.9720019,-0.17006496,-0.16214257,,0.109300114,1.3586861,0.45859572,0.99613965,0.03326119,-0.08123759,-0.025798647,-0.77364206,-0.6330974,-0.0839064,0.63274926,-0.76979744,,-0.079069555,0.25564548,-0.062641725,0.9774378,-0.007394843,0.21109413,-0.18725848,0.4320285,0.882205,-0.09772245,-0.9018296,0.42089623,,-0.0076785297,0.42641023,-0.27763033,0.2049108,0.5170577,-0.8310613,-0.80087006,0.5766962,0.16133384,0.5626888,0.63251305,0.53226733,,1.284777009154612,0.12998903973894696,0.18847797342000003,0.818210159476614,0.24977152157122512,1.38105898825013,-0.4090135416002354,,-0.7707673545119772,-0.19908433076463364,0.22549742324000002,1.3141268758175142,1.0317422097288407,0.18056612708689623,0.7316180722154367,,-0.03987859174650544,-0.09379617566374027,0.05836094732,-0.08765896690267068,,-4.9509108e-05,4.172325e-06,-6.7949295e-06,0.99999994,2.689287e-05,2.2113323e-05,-2.6904047e-05,1.0,2.9206276e-06,-2.2113323e-05,-2.95043e-06,1.0,249,0.756,0,0,0.0,False,-0.2608312791200009,0.9061227910437353
0.7797107880032854,10:54:48.838744,10:54:32.576774,0,,0.121758096,-0.0007388145,0.017604575,-0.98378575,-0.11879408,-0.13436383,-0.09967515,-0.26067233,0.96026814,-0.14909908,0.9580908,0.24460483,,0.07495284,-0.0065227,-0.0065185428,-0.06837523,-0.45543173,0.8876411,-0.22482741,0.87387085,0.43104792,-0.9719966,-0.17009309,-0.16214472,,0.109300114,1.3586861,0.45859572,0.99613965,0.03326119,-0.08123759,-0.025798647,-0.77364206,-0.6330974,-0.0839064,0.63274926,-0.76979744,,-0.079282865,0.2557747,-0.06266967,0.9778282,-0.0031817048,0.20938441,-0.18767042,0.43029937,0.8829622,-0.0929073,-0.90268064,0.42016175,,-0.0076808888,0.42640612,-0.27763525,0.20490174,0.5170484,-0.83106935,-0.8008859,0.5766783,0.16131945,0.5626696,0.63253707,0.53225917,,1.284359981579404,0.13093121314960235,0.18836389990000002,0.8190489192505521,0.25359734356465746,1.3818598664733772,-0.40852350940183224,,-0.7707750772448514,-0.19911522169613052,0.22549742324000002,1.3141268758175142,1.0317422097288407,0.18056612708689623,0.7316180722154367,,-0.03987859174650544,-0.09379617566374027,0.05836094732,-0.08765896690267068,,-4.9509108e-05,4.172325e-06,-6.7949295e-06,0.99999994,2.689287e-05,2.2113323e-05,-2.6904047e-05,1.0,2.9206276e-06,-2.2113323e-05,-2.95043e-06,1.0,257,0.78,0,0,0.0,False,-0.26053339052739544,0.9065573128507505
0.8092422310000984,10:54:48.864496,10:54:32.701672,0,,0.121889345,-0.0006764382,0.01769355,-0.9835188,-0.12027204,-0.13500166,-0.0996211,-0.2626317,0.9597396,-0.15088558,0.957371,0.24632153,,0.07495151,-0.006524503,-0.006519139,-0.06838251,-0.45535812,0.8876784,-0.22483507,0.8739059,0.43097293,-0.9719943,-0.17011029,-0.16214037,,0.109300114,1.3586861,0.45859572,0.99613965,0.03326119,-0.08123759,-0.025798647,-0.77364206,-0.6330974,-0.0839064,0.63274926,-0.76979744,,-0.079414934,0.2558821,-0.062677175,0.9777441,-0.0018532788,0.20979293,-0.18879801,0.42832682,0.88368064,-0.091497645,-0.903622,0.41844413,,-0.0076795677,0.42640445,-0.27763617,0.2049082,0.51698005,-0.8311103,-0.80088973,0.57668865,0.16126336,0.56266177,0.6325835,0.5322122,,1.284120576860303,0.13168804097127634,0.18829130766000002,0.818210159476614,0.25455379906301556,1.3831219096510163,-0.40917688566636956,,-0.7707673545119772,-0.19912294442900474,0.22549742324000002,1.3141268758175142,1.0317422097288407,0.1804844483467557,0.7314547281493026,,-0.03987859174650544,-0.09379617566374027,0.05836094732,-0.08765896690267068,,-4.9509108e-05,4.172325e-06,-6.7949295e-06,0.99999994,2.689287e-05,2.2113323e-05,-2.6904047e-05,1.0,2.9206276e-06,-2.2113323e-05,-2.95043e-06,1.0,265,0.805,0,0,0.0,False,-0.26053339052739544,0.906509032649971
0.8349985230015591,10:54:48.890678,10:54:32.701672,0,,0.12210013,-0.00055365264,0.017840669,-0.9833213,-0.12153299,-0.13531028,-0.099450245,-0.26360947,0.95948935,-0.15227866,0.956943,0.24712631,,0.07495397,-0.0065340996,-0.0065174103,-0.06840644,-0.45517415,0.8877708,-0.22476578,0.87400925,0.43079937,-0.9720087,-0.17007104,-0.16209549,,0.109300114,1.3586861,0.45859572,0.99613965,0.03326119,-0.08123759,-0.025798647,-0.77364206,-0.6330974,-0.0839064,0.63274926,-0.76979744,,-0.07962509,0.25607443,-0.062677704,0.9777025,-0.0006655935,0.20999366,-0.18958037,0.42728955,0.88401526,-0.09031649,-0.9041146,0.4176359,,-0.0076827225,0.4263982,-0.2776434,0.20493731,0.5167974,-0.83121663,-0.8008453,0.5767803,0.16115598,0.5627144,0.63264906,0.5320786,,1.2837576084152145,0.1330626874228883,0.18817723414,0.8175810896461604,0.254690435562781,1.3830921704874606,-0.40934022973250395,,-0.7707750772448514,-0.19916155809337588,0.22549742324000002,1.3143365657609987,1.0317422097288407,0.1804844483467557,0.7314547281493026,,-0.03987859174650544,-0.09379617566374027,0.05836094732,-0.08765896690267068,,-4.9509108e-05,4.172325e-06,-6.7949295e-06,0.99999994,2.689287e-05,2.2113323e-05,-2.6904047e-05,1.0,2.9206276e-06,-2.2113323e-05,-2.95043e-06,1.0,276,0.839,0,0,0.0,False,-0.2608312791200009,0.9063159118468533
0.8611768639966613,10:54:48.922028,10:54:32.701672,0,,0.122282945,-0.00037635863,0.017950848,-0.983222,-0.123695314,-0.13406673,-0.09767438,-0.26371667,0.9596423,-0.15405887,0.95663625,0.24721012,,0.074875504,-0.006546423,-0.006537318,-0.06850047,-0.4551315,0.8877854,-0.22477621,0.87403613,0.43073934,-0.9719996,-0.17004725,-0.16217467,,0.109324805,1.3586845,0.45858476,0.99613917,0.033247847,-0.081248514,-0.02581583,-0.77364266,-0.63309604,-0.0839064,0.63274926,-0.76979744,,-0.07982112,0.25628915,-0.06262627,0.97796,0.0014890694,0.20878696,-0.18942048,0.4269739,0.884202,-0.08782995,-0.9042627,0.41784546,,-0.0076257517,0.42638567,-0.27765626,0.20502378,0.5167675,-0.83121395,-0.80084306,0.5768075,0.16106984,0.5626861,0.63264877,0.5321089,,1.2833483035728805,0.1345763430662363,0.18811630851000002,0.818210159476614,0.25578352756090456,1.38228250599803,-0.40917688566636956,,-0.7707673545119772,-0.19917700355912432,0.22549742324000002,1.3143365657609987,1.0317422097288407,0.1804844483467557,0.7314547281493026,,-0.03987859174650544,-0.09379617566374027,0.05836094732,-0.08765896690267068,,-2.3949891e-05,-8.34465e-07,7.1525574e-07,0.99999994,1.3619661e-05,1.1205673e-05,-1.3623387e-05,1.0,1.4603138e-06,-1.1198223e-05,-1.4603138e-06,1.0,284,0.863,0,0,0.0,False,-0.2608312791200009,0.9063159118468533
