Task Time,PC1 Time,PC2 Time,Gaze Calib,s_T_psm1,Tx,Ty,Tz,R00,R01,R02,R10,R11,R12,R20,R21,R22,s_T_psm3,Tx,Ty,Tz,R00,R01,R02,R10,R11,R12,R20,R21,R22,cart_T_ecm,Tx,Ty,Tz,R00,R01,R02,R10,R11,R12,R20,R21,R22,ecm_T_psm1,Tx,Ty,Tz,R00,R01,R02,R10,R11,R12,R20,R21,R22,ecm_T_psm3,Tx,Ty,Tz,R00,R01,R02,R10,R11,R12,R20,R21,R22,psm1_joints,q1,q2,q3,q4,q5,q6,jaw,psm3_joints,q1,q2,q3,q4,q5,q6,jaw,ecm_joints,q1,q2,q3,q4,ecmi_T_ecm,Tx,Ty,Tz,R00,R01,R02,R10,R11,R12,R20,R21,R22,Sample #,Task Duration (s),Collisions (binary),Collisions (increments),Cumulative Collision Time (s),Clutch Press,MTMR Angle,MTML Angle
""
lci_T_si,,,,,-0.071118124,0.013903125,0.25454396,0.9901862,-0.08084544,0.11399696,0.013384873,-0.7570853,-0.6531789,0.13911195,0.64829457,-0.7485733
rci_T_si,,,,,-0.08147662,0.01856703,0.26535848,0.98740834,-0.096447565,0.12539017,0.012030307,-0.74456626,-0.6674401,0.15773426,0.6605444,-0.73403066
ecm_T_lc,,,,,-4.4061628e-05,-0.00034663224,-0.01840835,-0.99912,0.030754527,0.028518902,-0.031987965,-0.99852574,-0.043852776,0.027128186,-0.04472645,0.9986309
ecm_T_rc,,,,,-0.0043358393,0.01870579,-0.007592615,-0.99555075,-0.052743673,-0.078081585,0.04863213,-0.9973746,0.053654674,-0.08070653,0.04961868,0.9955021
cart_T_ecmi,,,,,0.10934876,1.3586837,0.45858383,0.9961387,0.033234157,-0.08125972,-0.025833456,-0.77364326,-0.6330946,-0.0839064,0.63274926,-0.76979744
ecmac_T_ecmrep_psm1,,,,,0.011947535,-0.24624088,-0.3140189,0.99787813,0.060519684,0.024013558,-0.059408683,0.9972389,-0.04455629,-0.026643785,0.04303513,0.9987182
ecmac_T_ecmrep_psm3,,,,,-0.020729378,-0.4297972,-0.5440064,0.99962926,-0.018584386,0.019899037,0.019259674,0.999226,-0.034299888,-0.019246193,0.03467042,0.99921346
""
0,10:57:39.200026,10:57:23.040517,0,,0.12709096,0.0016102493,0.0141201615,-0.9469805,-0.24256155,-0.2106935,-0.1273698,-0.3186195,0.9392863,-0.29496574,0.91632175,0.27083138,,0.08167985,-0.033638492,0.020387739,0.012291335,-0.39058456,0.92048496,-0.4310085,0.82857656,0.35734087,-0.90226406,-0.40112907,-0.15816095,,0.10935358,1.3586836,0.45858553,0.99613845,0.033226155,-0.08126626,-0.025843758,-0.7736436,-0.6330938,-0.0839064,0.63274926,-0.76979744,,-0.08402242,0.2553451,-0.05778576,0.9527387,0.117326796,0.2802202,-0.30377087,0.35732475,0.88320005,0.0034934096,-0.9265816,0.3760776,,-0.019758414,0.42314285,-0.31437162,0.10482325,0.48611522,-0.8675852,-0.91585165,0.38719213,0.10629209,0.38759238,0.78343743,0.48579615,,1.2614002967443345,0.14812973926050033,0.1919546232,0.7255272044564542,0.3466467999049224,1.401956793721275,-0.41179039072451795,,-0.8543504924097091,-0.3558403626456427,0.20870657887000002,1.1306481752685553,1.0173953772534696,0.055534795979719,0.8459589185094321,,-0.03987859174650544,-0.09379617566374027,0.05836094732,-0.08765896690267068,,4.671514e-06,1.4305115e-06,-1.66893e-06,0.99999994,-7.964671e-06,-6.534159e-06,7.95722e-06,1.0,-8.34465e-07,6.5416098e-06,8.940697e-07,1.0,33,0.098,0,0,0.0,False,-0.26095043455704303,1.0212227897019646
0.1374473160103662,10:57:39.235079,10:57:23.040517,0,,0.12712857,0.0014867932,0.014419675,-0.94724923,-0.2414775,-0.21073067,-0.1276791,-0.31876084,0.9391963,-0.29396746,0.9165588,0.2711143,,0.08168162,-0.033639714,0.02038917,0.012260564,-0.39064366,0.9204603,-0.43091413,0.82860094,0.35739827,-0.90230954,-0.40102133,-0.15817472,,0.10935358,1.3586836,0.45858553,0.99613845,0.033226155,-0.08126626,-0.025843758,-0.7736436,-0.6330938,-0.0839064,0.63274926,-0.76979744,,-0.08410177,0.25544906,-0.058084525,0.9528749,0.11621599,0.28021997,-0.3033531,0.3573898,0.8833173,0.002507833,-0.9266965,0.37580225,,-0.019760437,0.42314273,-0.31437322,0.104865044,0.48615828,-0.86755604,-0.9158083,0.38728482,0.10632792,0.38768345,0.78336495,0.4858404,,1.261415742210083,0.14819152112349412,0.19162536554,0.7257368943999387,0.3455537079067989,1.4022763857698624,-0.41097367039384647,,-0.8543582151425833,-0.3558403626456427,0.20870657887000002,1.1308578652120398,1.0173953772534696,0.05577983220014082,0.8467756388401037,,-0.03987859174650544,-0.09379617566374027,0.05836094732,-0.08765896690267068,,4.671514e-06,1.4305115e-06,-1.66893e-06,0.99999994,-7.964671e-06,-6.534159e-06,7.95722e-06,1.0,-8.34465e-07,6.5416098e-06,8.940697e-07,1.0,52,0.156,0,0,0.0,False,-0.26202283349042155,1.0220918333159945
0.17249254100897815,10:57:39.284199,10:57:23.040517,0,,0.12717365,0.0013467818,0.014769003,-0.9472468,-0.240614,-0.21172734,-0.1290774,-0.3182698,0.9391717,-0.2933643,0.9169564,0.2704222,,0.08169134,-0.03364061,0.020394057,0.01226924,-0.39022988,0.92063576,-0.43081367,0.8288046,0.35704687,-0.9023574,-0.40100318,-0.15794757,,0.10935358,1.3586836,0.45858553,0.99613845,0.033226155,-0.08126626,-0.025843758,-0.7736436,-0.6330938,-0.0839064,0.63274926,-0.76979744,,-0.08419512,0.25557333,-0.058430225,0.9526675,0.11537383,0.2812714,-0.30401215,0.35803407,0.88282967,0.001150698,-0.926553,0.37616244,,-0.01977083,0.42314467,-0.31437603,0.104868546,0.48575675,-0.8677805,-0.91576445,0.3874234,0.10620042,0.38778603,0.78354543,0.4854673,,1.2614234649429572,0.14826874845223637,0.19124295999000002,0.7246884446825161,0.34432397940890996,1.4014822146200379,-0.4111370144599811,,-0.8544122742727028,-0.3558403626456427,0.20870787516000003,1.1310675551555245,1.0173953772534696,0.055534795979719,0.8474290151046406,,-0.03987859174650544,-0.09379617566374027,0.05836094732,-0.08765896690267068,,4.671514e-06,1.4305115e-06,-1.66893e-06,0.99999994,-7.964671e-06,-6.534159e-06,7.95722e-06,1.0,-8.34465e-07,6.5416098e-06,8.940697e-07,1.0,64,0.193,0,0,0.0,False,-0.2630356547052788,1.0223815145206714
0.22156291401188355,10:57:39.316960,10:57:23.152671,0,,0.12720062,0.0012608021,0.014988378,-0.94706064,-0.2402027,-0.21302283,-0.13034655,-0.3186934,0.93885267,-0.29340392,0.9169172,0.2705123,,0.08169621,-0.03364013,0.020397156,0.012295529,-0.39021543,0.9206414,-0.43080962,0.8288075,0.35704505,-0.902359,-0.40101132,-0.15791795,,0.10935358,1.3586836,0.45858553,0.99613845,0.033226155,-0.08126626,-0.025843758,-0.7736436,-0.6330938,-0.0839064,0.63274926,-0.76979744,,-0.084252216,0.25565284,-0.058646224,0.95235455,0.11492633,0.28251144,-0.30499285,0.35769486,0.88262886,0.000384404,-0.92673963,0.37570405,,-0.019776082,0.4231467,-0.3143773,0.10484303,0.48574385,-0.8677908,-0.91576415,0.3874193,0.10621807,0.3877937,0.7835555,0.48544502,,1.2614389104087056,0.14830736211660747,0.19100444263000002,0.723430305021609,0.3437774334098481,1.4015194925341208,-0.4117903907245182,,-0.8544431652041997,-0.3558403626456427,0.20870787516000003,1.1310675551555245,1.0173953772534696,0.055534795979719,0.8482457354353121,,-0.03987859174650544,-0.09379617566374027,0.05836094732,-0.08765896690267068,,4.671514e-06,1.4305115e-06,-1.66893e-06,0.99999994,-7.964671e-06,-6.534159e-06,7.95722e-06,1.0,-8.34465e-07,6.5416098e-06,8.940697e-07,1.0,79,0.238,0,0,0.0,False,-0.26297607698675796,1.0223332343198919
0.2543656130001182,10:57:39.366616,10:57:23.152671,0,,0.12721258,0.0011000484,0.015327409,-0.9475307,-0.2359353,-0.21568483,-0.13409962,-0.31910658,0.9381836,-0.29017705,0.917881,0.2707244,,0.08169624,-0.03363864,0.020396858,0.012296606,-0.39029405,0.9206081,-0.4308036,0.82877946,0.35711735,-0.90236187,-0.40099263,-0.15794891,,0.10935358,1.3586836,0.45858553,0.99613845,0.033226155,-0.08126626,-0.025843758,-0.7736436,-0.6330938,-0.0839064,0.63274926,-0.76979744,,-0.08431396,0.25575423,-0.059002377,0.95211273,0.11056553,0.2850555,-0.30571368,0.35807928,0.88222355,-0.0045289528,-0.92712164,0.37473324,,-0.019775998,0.42314762,-0.3143761,0.104842685,0.4858173,-0.8677497,-0.91576153,0.38741553,0.10625444,0.38779995,0.7835118,0.4855105,,1.2614080194772088,0.14829191665085903,0.19061685192000002,0.7215430955302483,0.33913179241782315,1.4019588729140358,-0.41228042292292066,,-0.8544431652041997,-0.35583263991276853,0.20870787516000003,1.1310675551555245,1.0173953772534696,0.05561647471985964,0.8477557032369094,,-0.03987859174650544,-0.09379617566374027,0.05836094732,-0.08765896690267068,,4.671514e-06,1.4305115e-06,-1.66893e-06,0.99999994,-7.964671e-06,-6.534159e-06,7.95722e-06,1.0,-8.34465e-07,6.5416098e-06,8.940697e-07,1.0,91,0.275,0,0,0.0,False,-0.26178452261633733,1.022864316528466
0.30403668600774836,10:57:39.406492,10:57:23.152671,0,,0.12726699,0.0009974092,0.015550315,-0.9473424,-0.23832852,-0.21387333,-0.13221538,-0.31718978,0.93910056,-0.29165283,0.9179271,0.26897657,,0.08169503,-0.03363876,0.020396084,0.012290042,-0.39022246,0.92063856,-0.4308046,0.82880795,0.35705012,-0.90236145,-0.40100354,-0.15792355,,0.10935358,1.3586836,0.45858553,0.99613845,0.033226155,-0.08126626,-0.025843758,-0.7736436,-0.6330938,-0.0839064,0.63274926,-0.76979744,,-0.084400274,0.25582388,-0.05922794,0.9522672,0.1131299,0.283529,-0.30525783,0.3595199,0.8817954,-0.002176904,-0.92625433,0.37689283,,-0.019774685,0.4231471,-0.31437576,0.10484906,0.48574966,-0.8677868,-0.91576165,0.3874252,0.10621839,0.38779804,0.78354895,0.48545206,,1.2613771285457118,0.1482764711851106,0.19037314940000002,0.7225915452476709,0.34131797641407025,1.4000128289746123,-0.41228042292292066,,-0.8544354424713255,-0.35583263991276853,0.20870787516000003,1.1310675551555245,1.0173953772534696,0.05553479597971911,0.8479190473030436,,-0.03987859174650544,-0.09379617566374027,0.05836094732,-0.08765896690267068,,4.671514e-06,1.4305115e-06,-1.66893e-06,0.99999994,-7.964671e-06,-6.534159e-06,7.95722e-06,1.0,-8.34465e-07,6.5416098e-06,8.940697e-07,1.0,103,0.311,0,0,0.0,False,-0.26196325577190027,1.0227194759261276
0.34382415701111313,10:57:39.437577,10:57:23.152671,0,,0.1273035,0.0009150654,0.015724257,-0.9470165,-0.23994052,-0.21351402,-0.13146684,-0.3169515,0.93928605,-0.29304636,0.9175893,0.26861402,,0.08169499,-0.03364025,0.020396382,0.012288958,-0.390219,0.92064,-0.43081063,0.82880676,0.3570455,-0.90235853,-0.40100926,-0.15792535,,0.10935358,1.3586836,0.45858553,0.99613845,0.033226155,-0.08126626,-0.025843758,-0.7736436,-0.6330938,-0.0839064,0.63274926,-0.76979744,,-0.08446199,0.25587645,-0.05940625,0.9521589,0.11478321,0.2832282,-0.30560273,0.35945398,0.8817028,-0.00060281926,-0.9260765,0.37733537,,-0.019774769,0.4231462,-0.31437698,0.104849406,0.48574707,-0.8677882,-0.9157642,0.38742036,0.10621366,0.38779178,0.783553,0.4854506,,1.2613616830799634,0.14823013478786523,0.19018259477000002,0.7225915452476709,0.3429576144112555,1.3995742802718012,-0.4121170788567865,,-0.8544354424713255,-0.3558403626456427,0.20870787516000003,1.1310675551555245,1.0173953772534696,0.055534795979719,0.8482457354353121,,-0.03987859174650544,-0.09379617566374027,0.05836094732,-0.08765896690267068,,4.671514e-06,1.4305115e-06,-1.66893e-06,0.99999994,-7.964671e-06,-6.534159e-06,7.95722e-06,1.0,-8.34465e-07,6.5416098e-06,8.940697e-07,1.0,114,0.344,0,0,0.0,False,-0.26112916771260597,1.0227194759261276
0.3749730859999545,10:57:39.471419,10:57:23.152671,0,,0.1273362,0.00083847344,0.015879706,-0.94704926,-0.24014473,-0.21313855,-0.13099939,-0.31706345,0.93931353,-0.29314962,0.9174973,0.2688158,,0.08169624,-0.03363864,0.020396858,0.012296606,-0.39021888,0.92064,-0.4308036,0.82880867,0.35704967,-0.90236187,-0.40100554,-0.15791613,,0.10935358,1.3586836,0.45858553,0.99613845,0.033226155,-0.08126626,-0.025843758,-0.7736436,-0.6330938,-0.0839064,0.63274926,-0.76979744,,-0.08451754,0.25592116,-0.059567545,0.9522503,0.11498262,0.28283975,-0.30531833,0.3593061,0.88186157,-0.00022729885,-0.92610914,0.37725565,,-0.019775998,0.42314762,-0.3143761,0.104842685,0.4857464,-0.8677894,-0.91576153,0.3874242,0.1062228,0.38779995,0.78355145,0.48544648,,1.2613076239498437,0.148222412054991,0.19000759562000002,0.7230109251346399,0.3432308874107864,1.3998415169052518,-0.4121170788567865,,-0.8544431652041997,-0.35583263991276853,0.20870787516000003,1.1310675551555245,1.0173953772534696,0.055534795979719,0.8482457354353121,,-0.03987859174650544,-0.09379617566374027,0.05836094732,-0.08765896690267068,,4.671514e-06,1.4305115e-06,-1.66893e-06,0.99999994,-7.964671e-06,-6.534159e-06,7.95722e-06,1.0,-8.34465e-07,6.5416098e-06,8.940697e-07,1.0,126,0.381,0,0,0.0,False,-0.26196325577190027,1.0231539977331428
0.4088110980083002,10:57:39.513485,10:57:23.152671,0,,0.12738983,0.00076042116,0.016011432,-0.94683367,-0.24228546,-0.21166874,-0.12943311,-0.31546167,0.94006974,-0.2945386,0.91748655,0.26732993,,0.08169624,-0.03363864,0.020396858,0.012296606,-0.39021888,0.92064,-0.4308036,0.82880867,0.35704967,-0.90236187,-0.40100554,-0.15791613,,0.10935358,1.3586836,0.45858553,0.99613845,0.033226155,-0.08126626,-0.025843758,-0.7736436,-0.6330938,-0.0839064,0.63274926,-0.76979744,,-0.084591635,0.25594953,-0.059709076,0.95233613,0.11726974,0.2816091,-0.30504495,0.3604756,0.88147885,0.0018575866,-0.9253676,0.37906647,,-0.019775998,0.42314762,-0.3143761,0.104842685,0.4857464,-0.8677894,-0.91576153,0.3874242,0.1062228,0.38779995,0.78355145,0.48544648,,1.2611686147581078,0.1481837983906199,0.18985592969,0.723849684908578,0.3451437984075026,1.398281666253502,-0.4117903907245182,,-0.8544431652041997,-0.35583263991276853,0.20870787516000003,1.1310675551555245,1.0173953772534696,0.055534795979719,0.8482457354353121,,-0.03987859174650544,-0.09379617566374027,0.05836094732,-0.08765896690267068,,4.671514e-06,1.4305115e-06,-1.66893e-06,0.99999994,-7.964671e-06,-6.534159e-06,7.95722e-06,1.0,-8.34465e-07,6.5416098e-06,8.940697e-07,1.0,138,0.418,0,0,0.0,False,-0.2617249448978165,1.0231057175323635
0.45090226200409234,10:57:39.545548,10:57:23.371702,0,,0.1274411,0.0007108301,0.0161068,-0.9466151,-0.24392724,-0.21075884,-0.12812996,-0.31522715,0.94032687,-0.29580826,0.917132,0.26714432,,0.08169624,-0.03363864,0.020396858,0.012296606,-0.39021888,0.92064,-0.4308036,0.82880867,0.35704967,-0.90236187,-0.40100554,-0.15791613,,0.10935358,1.3586836,0.45858553,0.99613845,0.033226155,-0.08126626,-0.025843758,-0.7736436,-0.6330938,-0.0839064,0.63274926,-0.76979744,,-0.08465686,0.25597546,-0.059805248,0.9523799,0.11895377,0.28075352,-0.30489177,0.3603954,0.8815646,0.0036831556,-0.92518383,0.37950134,,-0.019775998,0.42314762,-0.3143761,0.104842685,0.4857464,-0.8677894,-0.91576153,0.3874242,0.1062228,0.38779995,0.78355145,0.48544648,,1.261037328299246,0.1482146893221168,0.18974833762,0.7244787547390317,0.3467834364046879,1.3980881537711127,-0.41179039072451795,,-0.8544431652041997,-0.35583263991276853,0.20870787516000003,1.1310675551555245,1.0173953772534696,0.055534795979719,0.8482457354353121,,-0.03987859174650544,-0.09379617566374027,0.05836094732,-0.08765896690267068,,4.671514e-06,1.4305115e-06,-1.66893e-06,0.99999994,-7.964671e-06,-6.534159e-06,7.95722e-06,1.0,-8.34465e-07,6.5416098e-06,8.940697e-07,1.0,146,0.442,0,0,0.0,False,-0.26160578946077395,1.0234436789378196
0.4829675729997689,10:57:39.576273,10:57:23.371702,0,,0.1274866,0.0006432533,0.01621519,-0.94662064,-0.2440474,-0.21059462,-0.12795947,-0.3151421,0.9403786,-0.29586416,0.9171294,0.26709178,,0.08169624,-0.03363864,0.020396858,0.012296606,-0.39021888,0.92064,-0.4308036,0.82880867,0.35704967,-0.90236187,-0.40100554,-0.15791613,,0.10935358,1.3586836,0.45858553,0.99613845,0.033226155,-0.08126626,-0.025843758,-0.7736436,-0.6330938,-0.0839064,0.63274926,-0.76979744,,-0.08471954,0.2559963,-0.059923705,0.9524087,0.11908184,0.28060153,-0.3047999,0.36045596,0.8815716,0.0038346695,-0.9251438,0.37959754,,-0.019775998,0.42314762,-0.3143761,0.104842685,0.4857464,-0.8677894,-0.91576153,0.3874242,0.1062228,0.38779995,0.78355145,0.48544648,,1.2608519827102647,0.148222412054991,0.18961741233,0.7246884446825161,0.3467834364046879,1.3981698325112533,-0.41162704665838357,,-0.8544431652041997,-0.35583263991276853,0.20870787516000003,1.1310675551555245,1.0173953772534696,0.05553479597971911,0.8479190473030436,,-0.03987859174650544,-0.09379617566374027,0.05836094732,-0.08765896690267068,,4.671514e-06,1.4305115e-06,-1.66893e-06,0.99999994,-7.964671e-06,-6.534159e-06,7.95722e-06,1.0,-8.34465e-07,6.5416098e-06,8.940697e-07,1.0,165,0.5,0,0,0.0,False,-0.26202283349042155,1.022767756126907
0.5136968240112765,10:57:39.627653,10:57:23.371702,0,,0.12753418,0.0005529672,0.016348168,-0.9466092,-0.24350455,-0.21127342,-0.12865043,-0.31557763,0.9401382,-0.2956011,0.9171239,0.26740167,,0.08169755,-0.033639178,0.020394653,0.012296606,-0.39044443,0.9205443,-0.4308036,0.82872117,0.35725275,-0.90236187,-0.40096682,-0.1580144,,0.10935358,1.3586836,0.45858553,0.99613845,0.033226155,-0.08126626,-0.025843758,-0.7736436,-0.6330938,-0.0839064,0.63274926,-0.76979744,,-0.08478905,0.25601614,-0.060074925,0.9522995,0.11849959,0.281218,-0.30514836,0.36013192,0.8815835,0.0031917125,-0.9253447,0.3791134,,-0.019776985,0.4231457,-0.31437463,0.104842685,0.48595905,-0.86767036,-0.91576153,0.38739815,0.10631773,0.38779995,0.7834325,0.48563847,,1.2606125779911637,0.14819152112349412,0.18945278350000003,0.7242690647955471,0.34610025390586063,1.3987269220297354,-0.4114637025922494,,-0.8544431652041997,-0.35583263991276853,0.20871046774000002,1.1310675551555245,1.0173953772534696,0.05577983220014082,0.8484090795014465,,-0.03987859174650544,-0.09379617566374027,0.05836094732,-0.08765896690267068,,4.671514e-06,1.4305115e-06,-1.66893e-06,0.99999994,-7.964671e-06,-6.534159e-06,7.95722e-06,1.0,-8.34465e-07,6.5416098e-06,8.940697e-07,1.0,177,0.537,0,0,0.0,False,-0.26249945523859,1.0227194759261276
0.5650403360050404,10:57:39.667222,10:57:23.371702,0,,0.12756486,0.00052443147,0.016444027,-0.94661516,-0.24343534,-0.21132647,-0.12865266,-0.3157962,0.94006455,-0.29558098,0.91706705,0.2676188,,0.08169564,-0.03364052,0.020395368,0.012288958,-0.39051974,0.9205125,-0.43081063,0.82869005,0.3573163,-0.90235853,-0.40095767,-0.15805633,,0.10935358,1.3586836,0.45858553,0.99613845,0.033226155,-0.08126626,-0.025843758,-0.7736436,-0.6330938,-0.0839064,0.63274926,-0.76979744,,-0.08483175,0.25605798,-0.060160767,0.9523032,0.11841381,0.2812416,-0.30513698,0.35993072,0.8816696,0.003174371,-0.925434,0.3788956,,-0.019775262,0.42314526,-0.31437626,0.104849406,0.48603055,-0.86762947,-0.9157642,0.3873856,0.10634023,0.38779178,0.78339434,0.48570657,,1.2605662415939183,0.14830736211660747,0.18935037659,0.7242690647955471,0.3459636174060952,1.3989200186735724,-0.4114637025922494,,-0.8544354424713255,-0.3558403626456427,0.20870917145,1.1310675551555245,1.0173953772534696,0.055861510940281356,0.8482457354353123,,-0.03987859174650544,-0.09379617566374027,0.05836094732,-0.08765896690267068,,4.671514e-06,1.4305115e-06,-1.66893e-06,0.99999994,-7.964671e-06,-6.534159e-06,7.95722e-06,1.0,-8.34465e-07,6.5416098e-06,8.940697e-07,1.0,189,0.574,0,0,0.0,False,-0.26190367805337944,1.0228160363276866
0.6046432340081083,10:57:39.701220,10:57:23.526586,0,,0.12760851,0.00048156083,0.016568795,-0.9465191,-0.24638268,-0.20832,-0.1255479,-0.31352288,0.94124454,-0.2972194,0.91705996,0.26582244,,0.08169679,-0.033643365,0.02039668,0.012293372,-0.39058444,0.920485,-0.43082175,0.8286593,0.3573743,-0.90235317,-0.40095833,-0.15808527,,0.10935358,1.3586836,0.45858553,0.99613845,0.033226155,-0.08126626,-0.025843758,-0.7736436,-0.6330938,-0.0839064,0.63274926,-0.76979744,,-0.08489161,0.25610816,-0.060275692,0.95269233,0.12156906,0.27856466,-0.3038684,0.36159718,0.8814258,0.0064259088,-0.92437464,0.38143188,,-0.019776741,0.42314392,-0.314379,0.104843706,0.48609304,-0.86759514,-0.9157694,0.38736615,0.10636681,0.38778117,0.7833652,0.48576203,,1.2605971325254153,0.14836142124672705,0.18922334017000003,0.7263659642303923,0.34883298390116946,1.3968252789163693,-0.41228042292292066,,-0.8544431652041997,-0.35585580811139117,0.20870917145,1.1310675551555245,1.0173953772534696,0.05594318968042189,0.848082391369178,,-0.03987859174650544,-0.09379617566374027,0.05836094732,-0.08765896690267068,,4.671514e-06,1.4305115e-06,-1.66893e-06,0.99999994,-7.964671e-06,-6.534159e-06,7.95722e-06,1.0,-8.34465e-07,6.5416098e-06,8.940697e-07,1.0,208,0.631,0,0,0.0,False,-0.26154621174225356,1.0228160363276866
0.6385895679995883,10:57:39.760574,10:57:23.526586,0,,0.12766737,0.0004287064,0.016840711,-0.9464052,-0.2463001,-0.20893422,-0.1256979,-0.31501672,0.94072556,-0.29751855,0.91657,0.26717398,,0.081695534,-0.03364499,0.020396203,0.012285724,-0.39043424,0.92054886,-0.43082884,0.8287158,0.3572348,-0.90235,-0.40098783,-0.15802895,,0.10935358,1.3586836,0.45858553,0.99613845,0.033226155,-0.08126626,-0.025843758,-0.7736436,-0.6330938,-0.0839064,0.63274926,-0.76979744,,-0.08498193,0.2562476,-0.060505055,0.95259315,0.121379085,0.27898642,-0.30417618,0.36014998,0.88191205,0.0065687257,-0.92496437,0.37999701,,-0.019775512,0.4231425,-0.3143799,0.10485043,0.48595193,-0.8676734,-0.9157721,0.38737968,0.106294386,0.387773,0.783446,0.48563814,,1.2606743598541574,0.14870894422606715,0.18894852669,0.7259465843434233,0.34883298390116946,1.397968781278337,-0.4116270466583838,,-0.8544354424713255,-0.3558635308442654,0.20870917145,1.1310675551555245,1.0173953772534696,0.05577983220014071,0.8480823913691777,,-0.03987859174650544,-0.09379617566374027,0.05836094732,-0.08765896690267068,,4.671514e-06,1.4305115e-06,-1.66893e-06,0.99999994,-7.964671e-06,-6.534159e-06,7.95722e-06,1.0,-8.34465e-07,6.5416098e-06,8.940697e-07,1.0,220,0.668,0,0,0.0,False,-0.2626781883941529,1.0221883937175535
0.69794000100228,10:57:39.795999,10:57:23.526586,0,,0.1277059,0.00043542683,0.017004237,-0.9464252,-0.24628589,-0.20885982,-0.12554114,-0.3152844,0.9406568,-0.29752073,0.9164818,0.26747403,,0.081697896,-0.033647776,0.020398408,0.012296699,-0.39049527,0.9205228,-0.43083888,0.8286857,0.35729235,-0.902345,-0.4009906,-0.15805048,,0.10935358,1.3586836,0.45858553,0.99613845,0.033226155,-0.08126626,-0.025843758,-0.7736436,-0.6330938,-0.0839064,0.63274926,-0.76979744,,-0.08503534,0.25636056,-0.06061757,0.9526296,0.12134568,0.2788763,-0.30405965,0.3598903,0.8820582,0.0066690696,-0.9250698,0.3797385,,-0.019778304,0.42314166,-0.31438297,0.10483835,0.48601118,-0.8676417,-0.91577715,0.3873592,0.10632539,0.3877643,0.78341943,0.48568803,,1.2608056463130193,0.1491028036026526,0.18879815705000003,0.7259465843434233,0.34869634740140404,1.3979168417017525,-0.4116270466583838,,-0.854450887937074,-0.35587897631001386,0.20870917145,1.1310675551555245,1.0173953772534696,0.055861510940281245,0.8479190473030433,,-0.03987859174650544,-0.09379617566374027,0.05836094732,-0.08765896690267068,,4.671514e-06,1.4305115e-06,-1.66893e-06,0.99999994,-7.964671e-06,-6.534159e-06,7.95722e-06,1.0,-8.34465e-07,6.5416098e-06,8.940697e-07,1.0,232,0.705,0,0,0.0,False,-0.26297607698675796,1.0223815145206714
0.7334181839978555,10:57:39.831509,10:57:23.683199,0,,0.1277615,0.00049073994,0.017268673,-0.9466454,-0.24532577,-0.20899187,-0.12558341,-0.31641942,0.94026995,-0.29680154,0.91634816,0.26872814,,0.08169734,-0.033648133,0.02039656,0.012290128,-0.39049894,0.9205213,-0.4308399,0.82868505,0.35729283,-0.9023446,-0.40098855,-0.15805787,,0.10935358,1.3586836,0.45858553,0.99613845,0.033226155,-0.08126626,-0.025843758,-0.7736436,-0.6330938,-0.0839064,0.63274926,-0.76979744,,-0.08511039,0.25657666,-0.060771663,0.9527729,0.12028991,0.27884415,-0.30362287,0.35896063,0.8825874,0.0060722856,-0.9255688,0.37853074,,-0.019777484,0.4231402,-0.31438193,0.10484473,0.48601443,-0.86763906,-0.9157772,0.38736022,0.10632098,0.3877624,0.7834169,0.4856936,,1.2611377238266108,0.14994458148594308,0.18857130630000002,0.7259465843434233,0.3476032554032805,1.3984814699707615,-0.4122804229229209,,-0.854450887937074,-0.3558712535771396,0.20871046774000002,1.1310675551555245,1.0173953772534696,0.05577983220014071,0.8480823913691777,,-0.03987859174650544,-0.09379617566374027,0.05836094732,-0.08765896690267068,,4.671514e-06,1.4305115e-06,-1.66893e-06,0.99999994,-7.964671e-06,-6.534159e-06,7.95722e-06,1.0,-8.34465e-07,6.5416098e-06,8.940697e-07,1.0,251,0.762,0,0,0.0,False,-0.2626781883941529,1.0229125967292456
0.7689115590037545,10:57:39.898397,10:57:23.683199,0,,0.12782645,0.0005951971,0.017711014,-0.9467088,-0.24466583,-0.20947786,-0.12572755,-0.3180599,0.9396971,-0.29653826,0.9159566,0.27034882,,0.081701025,-0.03364633,0.020398527,0.012310918,-0.3904915,0.9205242,-0.43083087,0.8286883,0.35729608,-0.9023486,-0.40098888,-0.1580339,,0.10935358,1.3586836,0.45858553,0.99613845,0.033226155,-0.08126626,-0.025843758,-0.7736436,-0.6330938,-0.0839064,0.63274926,-0.76979744,,-0.08520694,0.25694668,-0.06102572,0.9527949,0.11950357,0.2791071,-0.30355978,0.3574759,0.88321143,0.0057728654,-0.92624503,0.37687773,,-0.01978134,0.42314264,-0.31438166,0.10482525,0.48600733,-0.8676454,-0.91577435,0.38736203,0.10633895,0.38777438,0.78342044,0.48567837,,1.2618791061825365,0.15128061427318393,0.18820315994000003,0.7253175145129698,0.3467834364046879,1.3987415836922372,-0.4121170788567867,,-0.8544663334028224,-0.3558712535771396,0.20871046774000002,1.1310675551555245,1.0173953772534696,0.055861510940281356,0.8482457354353123,,-0.03987859174650544,-0.09379617566374027,0.05836094732,-0.08765896690267068,,4.671514e-06,1.4305115e-06,-1.66893e-06,0.99999994,-7.964671e-06,-6.534159e-06,7.95722e-06,1.0,-8.34465e-07,6.5416098e-06,8.940697e-07,1.0,263,0.799,0,0,0.0,False,-0.2622611443645053,1.0222366739183333
0.8358068189991172,10:57:39.929720,10:57:23.683199,0,,0.12783018,0.0006451309,0.017926648,-0.94631857,-0.24714425,-0.20832849,-0.1243462,-0.3165674,0.9403846,-0.29836062,0.9158082,0.2688421,,0.081704006,-0.03365083,0.020399898,0.01232082,-0.3905491,0.9204996,-0.430847,0.82865703,0.35734907,-0.90234077,-0.40099737,-0.15805717,,0.10935358,1.3586836,0.45858553,0.99613845,0.033226155,-0.08126626,-0.025843758,-0.7736436,-0.6330938,-0.0839064,0.63274926,-0.76979744,,-0.08522647,0.2571259,-0.06115416,0.9527309,0.12212694,0.27818844,-0.30370775,0.3584676,0.8827585,0.008087049,-0.9255193,0.37861407,,-0.01978471,0.42313993,-0.3143852,0.10481351,0.486064,-0.8676151,-0.91578203,0.38733664,0.10636522,0.38775942,0.7833978,0.48572677,,1.2624660338809774,0.15175942371138584,0.18803075337000003,0.7253175145129698,0.3492428934004658,1.3960826315045773,-0.4111370144599811,,-0.8544817788685709,-0.3558944217757623,0.20871176403000002,1.1310675551555245,1.0173953772534696,0.05594318968042189,0.848082391369178,,-0.03987859174650544,-0.09379617566374027,0.05836094732,-0.08765896690267068,,4.671514e-06,1.4305115e-06,-1.66893e-06,0.99999994,-7.964671e-06,-6.534159e-06,7.95722e-06,1.0,-8.34465e-07,6.5416098e-06,8.940697e-07,1.0,275,0.836,0,0,0.0,False,-0.261427056305211,1.0221883937175535
0.8671171300084097,10:57:39.963143,10:57:23.683199,0,,0.12778792,0.00064478815,0.018213525,-0.946394,-0.24717952,-0.20794365,-0.123434946,-0.3181584,0.93996763,-0.29849976,0.9152472,0.2705926,,0.0817039,-0.033655345,0.020400852,0.012317587,-0.39068907,0.92044026,-0.43086514,0.82859516,0.35747063,-0.9023322,-0.40098888,-0.15812805,,0.10935358,1.3586836,0.45858553,0.99613845,0.033226155,-0.08126626,-0.025843758,-0.7736436,-0.6330938,-0.0839064,0.63274926,-0.76979744,,-0.08521267,0.2573133,-0.06137504,0.95291436,0.1220504,0.2775931,-0.3031127,0.35689864,0.8835984,0.008770929,-0.92613554,0.37708884,,-0.019784959,0.42313716,-0.31438887,0.10481453,0.48619795,-0.8675399,-0.9157899,0.38730463,0.10641429,0.38774064,0.7833305,0.48585033,,1.2632074162369031,0.1520297193619837,0.18778186569000002,0.7257368943999387,0.34992607589929303,1.3973224742691874,-0.4117903907245182,,-0.8544817788685709,-0.355917589974385,0.20871176403000002,1.1310675551555245,1.0173953772534696,0.05610654716070307,0.8477557032369094,,-0.03987859174650544,-0.09379617566374027,0.05836094732,-0.08765896690267068,,4.671514e-06,1.4305115e-06,-1.66893e-06,0.99999994,-7.964671e-06,-6.534159e-06,7.95722e-06,1.0,-8.34465e-07,6.5416098e-06,8.940697e-07,1.0,287,0.873,0,0,0.0,False,-0.26136747858668974,1.0218987125128767
0.9005461810011184,10:57:40.002969,10:57:23.683199,0,,0.12776941,0.0006301403,0.01842618,-0.9458275,-0.25037962,-0.20668866,-0.12180889,-0.31645262,0.94075525,-0.30095312,0.91496867,0.26881108,,0.08170321,-0.033659935,0.020401448,0.012350563,-0.3909133,0.92034465,-0.4309828,0.82845014,0.35766503,-0.90227556,-0.4010701,-0.15824509,,0.10935358,1.3586836,0.45858553,0.99613845,0.033226155,-0.08126626,-0.025843758,-0.7736436,-0.6330938,-0.0839064,0.63274926,-0.76979744,,-0.085216664,0.25744152,-0.061546277,0.9527631,0.12542301,0.27660722,-0.30348748,0.357955,0.8830422,0.011740875,-0.9252769,0.37911063,,-0.019784583,0.42313412,-0.31439242,0.10476775,0.48642474,-0.8674184,-0.9158436,0.3871567,0.106490396,0.38762638,0.78326285,0.48605055,,1.2637480075380987,0.15211466942360016,0.18759519993,0.7257368943999387,0.35320535189366353,1.3947301233206137,-0.4116270466583838,,-0.8544817788685709,-0.3559484809058819,0.20871176403000002,1.1308578652120398,1.0173953772534696,0.0561882259008436,0.8475923591707751,,-0.03987859174650544,-0.09379617566374027,0.05836094732,-0.08765896690267068,,4.671514e-06,1.4305115e-06,-1.66893e-06,0.99999994,-7.964671e-06,-6.534159e-06,7.95722e-06,1.0,-8.34465e-07,6.5416098e-06,8.940697e-07,1.0,302,0.918,0,0,0.0,False,-0.2617249448978165,1.0220918333159945
0.9403702470008284,10:57:40.042003,10:57:23.683199,0,,0.12765639,0.0005761385,0.018775254,-0.94590384,-0.24988645,-0.2069364,-0.121851265,-0.3175119,0.9403927,-0.30069616,0.91473657,0.26988667,,0.08162169,-0.03367342,0.020406306,0.012326881,-0.39092064,0.9203418,-0.430983,0.82845116,0.35766208,-0.9022758,-0.40106067,-0.158268,,0.10936646,1.358684,0.45858857,0.9961386,0.033228986,-0.081263945,-0.025840113,-0.7736435,-0.633094,-0.0839064,0.63274926,-0.76979744,,-0.085157655,0.2576259,-0.061855085,0.9528099,0.12484804,0.27670616,-0.30334932,0.35701147,0.88347155,0.011512416,-0.9257191,0.37803662,,-0.01971852,0.42313042,-0.31441304,0.10479283,0.4864277,-0.8674137,-0.91584224,0.38716534,0.10647081,0.38762286,0.7832567,0.48606318,,1.2643967170995336,0.15217645128659396,0.18728409033,0.7255272044564542,0.353341988393429,1.395435492818323,-0.41130035852611524,,-0.8544817788685709,-0.3559562036387561,0.20871306032000003,1.1308578652120398,1.0173953772534696,0.056269904640984136,0.8474290151046409,,-0.03987859174650544,-0.09379617566374027,0.05836094732,-0.08765896690267068,,1.7229468e-05,3.4570694e-06,-5.2452087e-06,0.99999994,-5.148351e-06,-4.2170286e-06,5.1409006e-06,1.0,-5.9604645e-07,4.23193e-06,5.662441e-07,1.0,310,0.942,0,0,0.0,False,-0.26202283349042155,1.0216573115089795
0.9794240980118047,10:57:40.071621,10:57:23.683199,0,,0.1276592,0.00052140653,0.019033745,-0.9452971,-0.2524233,-0.20662966,-0.121078156,-0.316678,0.9407736,-0.30290824,0.91432905,0.26879174,,0.08162675,-0.03367421,0.020403445,0.01234002,-0.39091343,0.92034477,-0.43098098,0.8284526,0.35766113,-0.9022766,-0.40106472,-0.1582532,,0.10936646,1.358684,0.45858857,0.9961386,0.033228986,-0.081263945,-0.025840113,-0.7736435,-0.633094,-0.0839064,0.63274926,-0.76979744,,-0.085191384,0.2577543,-0.062083542,0.9525061,0.12748574,0.27654925,-0.30420864,0.35733536,0.883045,0.01375482,-0.9252345,0.37914637,,-0.01972312,0.42312762,-0.31441075,0.10478008,0.48642126,-0.8674189,-0.91584206,0.38716328,0.10647964,0.38762668,0.7832617,0.48605204,,1.2647905764761191,0.15223823314958776,0.18703520265,0.7248981346260007,0.35593808188897236,1.393726946348794,-0.41179039072451773,,-0.8544972243343193,-0.3559562036387561,0.20871824548,1.1308578652120398,1.0173953772534696,0.056269904640984136,0.8474290151046409,,-0.03987859174650544,-0.09379617566374027,0.05836094732,-0.08765896690267068,,1.7229468e-05,3.4570694e-06,-5.2452087e-06,0.99999994,-5.148351e-06,-4.2170286e-06,5.1409006e-06,1.0,-5.9604645e-07,4.23193e-06,5.662441e-07,1.0,322,0.979,0,0,0.0,False,-0.2626781883941529,1.021705591709759
1.0090392630081624,10:57:40.113084,10:57:23.683199,0,,0.12777641,0.00045125186,0.019428596,-0.9440057,-0.258393,-0.20514911,-0.11795071,-0.3163935,0.9412665,-0.30812457,0.9127586,0.26819953,,0.08164699,-0.033673882,0.020410538,0.012310032,-0.39081144,0.9203884,-0.43100825,0.8284853,0.35755256,-0.902264,-0.4010966,-0.15824433,,0.10936646,1.358684,0.45858857,0.9961386,0.033228986,-0.081263945,-0.025840113,-0.7736435,-0.633094,-0.0839064,0.63274926,-0.76979744,,-0.08535327,0.25796223,-0.06240777,0.952064,0.13357714,0.2751932,-0.30525306,0.35643044,0.8830503,0.019868102,-0.924724,0.3801194,,-0.01974416,0.42313123,-0.31441283,0.10480647,0.486327,-0.86746854,-0.9158524,0.38716045,0.10640078,0.3875951,0.7833217,0.48598066,,1.2649836447979748,0.15267842892341857,0.18665409339000003,0.7248981346260007,0.36195008787865174,1.392255065672055,-0.4127704551213236,,-0.8546130653274326,-0.3559562036387561,0.20872213435000003,1.1308578652120398,1.0172587407537041,0.05621796506439947,0.8474290151046405,,-0.03987859174650544,-0.09379617566374027,0.05836094732,-0.08765896690267068,,1.7229468e-05,3.4570694e-06,-5.2452087e-06,0.99999994,-5.148351e-06,-4.2170286e-06,5.1409006e-06,1.0,-5.9604645e-07,4.23193e-06,5.662441e-07,1.0,334,1.016,0,0,0.0,False,-0.26148663402373185,1.0222849541191128
1.0505025070015108,10:57:40.150684,10:57:23.988812,0,,0.12786822,0.00040845573,0.019734994,-0.94273514,-0.26249552,-0.20578292,-0.11718384,-0.31696957,0.94116855,-0.3122794,0.91138715,0.26805797,,0.08165924,-0.03367336,0.020415306,0.012369171,-0.3907037,0.9204334,-0.4309992,0.828521,0.35748088,-0.9022675,-0.40112787,-0.15814492,,0.10936646,1.358684,0.45858857,0.9961386,0.033228986,-0.081263945,-0.025840113,-0.7736435,-0.633094,-0.0839064,0.63274926,-0.76979744,,-0.085478514,0.25813237,-0.0626517,0.9512921,0.1377112,0.2758241,-0.3073821,0.3550347,0.8828741,0.023654513,-0.92465454,0.3800717,,-0.019756962,0.4231339,-0.31441423,0.10474905,0.4862271,-0.8675315,-0.9158517,0.3871599,0.10640887,0.38761228,0.78338397,0.48586655,,1.2651149312568366,0.15308001103287824,0.18636113185000003,0.7232206150781245,0.3659125463718495,1.391392629928935,-0.41195373479065234,,-0.8546825699233007,-0.3559562036387561,0.20872472693000002,1.1308578652120398,1.0172587407537041,0.05613628632425893,0.8472656710385064,,-0.03987859174650544,-0.09379617566374027,0.05836094732,-0.08765896690267068,,1.7229468e-05,3.4570694e-06,-5.2452087e-06,0.99999994,-5.148351e-06,-4.2170286e-06,5.1409006e-06,1.0,-5.9604645e-07,4.23193e-06,5.662441e-07,1.0,346,1.053,0,0,0.0,False,-0.2622015666459845,1.021802152111318
1.0881017400097335,10:57:40.181665,10:57:23.988812,0,,0.12793623,0.0003734827,0.020078614,-0.94119567,-0.269163,-0.20421089,-0.1137982,-0.31655174,0.94172436,-0.31812072,0.90958583,0.26730677,,0.081661135,-0.03367409,0.020413876,0.012247179,-0.39080274,0.92039293,-0.43104056,0.82848513,0.35751393,-0.90224934,-0.4011054,-0.15830529,,0.10936646,1.358684,0.45858857,0.9961386,0.033228986,-0.081263945,-0.025840113,-0.7736435,-0.633094,-0.0839064,0.63274926,-0.76979744,,-0.085583024,0.2583325,-0.062921815,0.9506924,0.14452969,0.27439964,-0.30863816,0.35406843,0.8828239,0.030438013,-0.92398417,0.38121754,,-0.019758638,0.4231323,-0.31441334,0.104864754,0.48631972,-0.86746556,-0.91586316,0.38715407,0.106331475,0.38755393,0.78332937,0.48600113,,1.2655628497635416,0.15341208854646987,0.18605002225000003,0.7230109251346399,0.372881007859887,1.389549217627024,-0.41244376698905527,,-0.8546902926561749,-0.3559562036387561,0.20872602322000003,1.1308578652120398,1.0171221042539387,0.05624770422795533,0.8472656710385064,,-0.03987859174650544,-0.09379617566374027,0.05836094732,-0.08765896690267068,,1.7229468e-05,3.4570694e-06,-5.2452087e-06,0.99999994,-5.148351e-06,-4.2170286e-06,5.1409006e-06,1.0,-5.9604645e-07,4.23193e-06,5.662441e-07,1.0,354,1.077,0,0,0.0,False,-0.2622611443645053,1.0218987125128767
1.1190886530093849,10:57:40.211521,10:57:23.988812,0,,0.12801108,0.00029359758,0.020461991,-0.94066757,-0.27142084,-0.20365459,-0.11215201,-0.31775832,0.9415155,-0.32025987,0.9084935,0.26846448,,0.08166365,-0.03367451,0.020412445,0.01225375,-0.39094946,0.92033064,-0.4310396,0.82842743,0.3576488,-0.9022498,-0.40108156,-0.1583634,,0.10936646,1.358684,0.45858857,0.9961386,0.033228986,-0.081263945,-0.025840113,-0.7736435,-0.633094,-0.0839064,0.63274926,-0.76979744,,-0.08570287,0.25852492,-0.06324977,0.9505506,0.14674489,0.2737142,-0.30879214,0.35240775,0.8834343,0.033180457,-0.92426986,0.38029507,,-0.019760936,0.42313093,-0.3144122,0.104858376,0.48645818,-0.8673887,-0.9158631,0.38713568,0.106399134,0.38755584,0.7832525,0.4861235,,1.2658022544826424,0.15379050245730688,0.18567020928000003,0.7232206150781245,0.37547710135543033,1.3902093546215712,-0.4121170788567865,,-0.8546980153890492,-0.3559562036387561,0.20872861580000002,1.1308578652120398,1.0171221042539387,0.0564110617082364,0.8472656710385063,,-0.03987859174650544,-0.09379617566374027,0.05836094732,-0.08765896690267068,,1.7229468e-05,3.4570694e-06,-5.2452087e-06,0.99999994,-5.148351e-06,-4.2170286e-06,5.1409006e-06,1.0,-5.9604645e-07,4.23193e-06,5.662441e-07,1.0,399,1.217,0,0,0.0,False,-0.26243987752006825,1.022140113516774
1.148927835005452,10:57:40.334835,10:57:23.988812,0,,0.1280426,4.0203333e-05,0.021706581,-0.9362064,-0.28832364,-0.20096508,-0.10450184,-0.31757867,0.9424559,-0.33555454,0.9033346,0.2671888,,0.08167171,-0.033674717,0.020413041,0.012286607,-0.39085624,0.92036974,-0.43103454,0.8284603,0.35757887,-0.9022517,-0.40110466,-0.15829362,,0.10936646,1.358684,0.45858857,0.9961386,0.033228986,-0.081263945,-0.025840113,-0.7736435,-0.633094,-0.0839064,0.63274926,-0.76979744,,-0.085882045,0.25915095,-0.06434073,0.9484276,0.16399641,0.2712751,-0.31299096,0.34890592,0.8833467,0.050216194,-0.92269707,0.3822414,,-0.019768981,0.4231306,-0.3144116,0.10482648,0.48637122,-0.86744136,-0.9158627,0.38713923,0.106389575,0.3875654,0.7833047,0.48603168,,1.267887392358683,0.15399129351203672,0.18449836312,0.7211237156432793,0.3943329383230611,1.3857786350903,-0.41244376698905527,,-0.8547366290534203,-0.3559562036387561,0.20873250467,1.1308578652120398,1.0171221042539387,0.056329382968095976,0.8477557032369094,,-0.03987859174650544,-0.09379617566374027,0.05836094732,-0.08765896690267068,,1.7229468e-05,3.4570694e-06,-5.2452087e-06,0.99999994,-5.148351e-06,-4.2170286e-06,5.1409006e-06,1.0,-5.9604645e-07,4.23193e-06,5.662441e-07,1.0,407,1.241,0,0,0.0,False,-0.2635718541719685,1.0223815145206714
1.2722567730088485,10:57:40.373199,10:57:23.988812,0,,0.12793419,1.3306737e-05,0.022027463,-0.9351297,-0.2920866,-0.20054342,-0.10280275,-0.31798574,0.9425055,-0.3390632,0.9019815,0.26733056,,0.08166985,-0.03367819,0.020411015,0.012271296,-0.3908565,0.9203698,-0.43104857,0.8284565,0.3575706,-0.90224516,-0.40111217,-0.158312,,0.10936646,1.358684,0.45858857,0.9961386,0.033228986,-0.081263945,-0.025840113,-0.7736435,-0.633094,-0.0839064,0.63274926,-0.76979744,,-0.085808896,0.25933963,-0.06461367,0.94788206,0.1678103,0.27084914,-0.31399557,0.3476548,0.8834834,0.054095633,-0.9224835,0.38222742,,-0.019767016,0.4231268,-0.31441268,0.10483992,0.4863725,-0.867439,-0.91586804,0.38713154,0.106371276,0.38754904,0.78330773,0.48603988,,1.2690766932213138,0.15384456158742646,0.18422614222000003,0.7202849558693412,0.39925185231461696,1.3847897039424297,-0.412933799187458,,-0.8547211835876718,-0.3559716491045046,0.20873380096000002,1.1308578652120398,1.0171221042539387,0.056329382968095976,0.8477557032369094,,-0.03987859174650544,-0.09379617566374027,0.05836094732,-0.08765896690267068,,1.7229468e-05,3.4570694e-06,-5.2452087e-06,0.99999994,-5.148351e-06,-4.2170286e-06,5.1409006e-06,1.0,-5.9604645e-07,4.23193e-06,5.662441e-07,1.0,419,1.278,0,0,0.0,False,-0.2629164992682367,1.0218987125128767
