Task Time,PC1 Time,PC2 Time,Gaze Calib,s_T_psm1,Tx,Ty,Tz,R00,R01,R02,R10,R11,R12,R20,R21,R22,s_T_psm3,Tx,Ty,Tz,R00,R01,R02,R10,R11,R12,R20,R21,R22,cart_T_ecm,Tx,Ty,Tz,R00,R01,R02,R10,R11,R12,R20,R21,R22,ecm_T_psm1,Tx,Ty,Tz,R00,R01,R02,R10,R11,R12,R20,R21,R22,ecm_T_psm3,Tx,Ty,Tz,R00,R01,R02,R10,R11,R12,R20,R21,R22,psm1_joints,q1,q2,q3,q4,q5,q6,jaw,psm3_joints,q1,q2,q3,q4,q5,q6,jaw,ecm_joints,q1,q2,q3,q4,ecmi_T_ecm,Tx,Ty,Tz,R00,R01,R02,R10,R11,R12,R20,R21,R22,Sample #,Task Duration (s),Collisions (binary),Collisions (increments),Cumulative Collision Time (s),Clutch Press,MTMR Angle,MTML Angle
""
lci_T_si,,,,,-0.07072591,0.01445765,0.25301564,0.99407005,-0.048530098,0.09731171,0.027213672,-0.755387,-0.6547136,0.10528132,0.65347934,-0.74958694
rci_T_si,,,,,-0.08048779,0.01901884,0.26158583,0.9921338,-0.068095215,0.105040655,0.018127188,-0.7521092,-0.6587891,0.12386244,0.655511,-0.74495864
ecm_T_lc,,,,,-4.4061628e-05,-0.00034663224,-0.01840835,-0.99912,0.030754527,0.028518902,-0.031987965,-0.99852574,-0.043852776,0.027128186,-0.04472645,0.9986309
ecm_T_rc,,,,,-0.0043358393,0.01870579,-0.007592615,-0.99555075,-0.052743673,-0.078081585,0.04863213,-0.9973746,0.053654674,-0.08070653,0.04961868,0.9955021
cart_T_ecmi,,,,,0.10914613,1.3569756,0.4565894,0.9959767,0.036802545,-0.08170723,-0.0234074,-0.77328336,-0.63362837,-0.08650198,0.6329916,-0.7693108
ecmac_T_ecmrep_psm1,,,,,0.011947535,-0.24624088,-0.3140189,0.99787813,0.060519684,0.024013558,-0.059408683,0.9972389,-0.04455629,-0.026643785,0.04303513,0.9987182
ecmac_T_ecmrep_psm3,,,,,-0.020729378,-0.4297972,-0.5440064,0.99962926,-0.018584386,0.019899037,0.019259674,0.999226,-0.034299888,-0.019246193,0.03467042,0.99921346
""
0,11:52:38.969245,11:52:22.847431,0,,0.09175636,0.002475381,0.012059972,-0.86684227,0.31450284,-0.3868755,0.20615254,0.93260294,0.29623097,0.45396674,0.17703009,-0.8732552,,0.073550954,0.006311238,0.018362463,-0.9035805,-0.3053382,0.30051807,-0.1808103,0.90771675,0.37862602,-0.38839427,0.28778216,-0.8754035,,0.109153785,1.356975,0.4565929,0.9959768,0.03680784,-0.081702895,-0.023400582,-0.7732831,-0.6336289,-0.08650198,0.6329916,-0.7693108,,-0.04945794,0.252327,-0.06533734,0.8398756,-0.2597107,0.4766124,0.45272315,0.8195816,-0.3511805,-0.29941744,0.5107214,0.80592364,,-0.010056653,0.45090568,-0.29187626,0.94505227,0.27739158,-0.1730032,-0.31988558,0.8938081,-0.31429324,0.06744937,0.35236478,0.933429,,1.395876244283206,0.04491541439648975,0.19870570152000003,1.3648718421407688,-0.039897857931508615,-0.08916729493008266,-0.39953958576444704,,-0.8647452908584152,-0.14578202846673607,0.19777885417000002,1.4978152663099575,-0.11067556481000676,0.3938483790965711,0.837138338938181,,-0.04023202092003429,-0.09250026869413448,0.06086840708,-0.09125690957404896,,7.3350966e-06,2.9206276e-06,-2.861023e-06,1.0000001,5.2712858e-06,4.3287873e-06,-5.2675605e-06,1.0,5.364418e-07,-4.3287873e-06,-6.2584877e-07,1.0,37,0.112,0,0,0.0,False,-0.2604738128088746,1.0107942663336016
0.13186564399802592,11:52:39.003599,11:52:22.847431,0,,0.091672555,0.0025229454,0.012206063,-0.8716654,0.28299928,-0.40013868,0.16609088,0.9387003,0.30208492,0.4611001,0.19685748,-0.8652364,,0.073551595,0.0063112825,0.01836133,-0.9035805,-0.3053382,0.30051807,-0.1808103,0.90771675,0.37862602,-0.38839427,0.28778216,-0.8754035,,0.109153785,1.356975,0.4565929,0.9959768,0.03680784,-0.081702895,-0.023400582,-0.7732831,-0.6336289,-0.08650198,0.6329916,-0.7693108,,-0.049383014,0.25245875,-0.065424815,0.84120387,-0.22955714,0.48957083,0.42721385,0.8371718,-0.34151378,-0.33145797,0.49643415,0.8023022,,-0.010057131,0.4509049,-0.2918753,0.94505227,0.27739158,-0.1730032,-0.31988558,0.8938081,-0.31429324,0.06744937,0.35236478,0.933429,,1.3957835714887152,0.0453092737730752,0.19863181299000002,1.3288051718614309,-0.059573513897732036,-0.08472149789775782,-0.4014997145580584,,-0.8647452908584152,-0.14578202846673607,0.19778015046000003,1.4978152663099575,-0.11067556481000676,0.3938483790965711,0.837138338938181,,-0.04023202092003429,-0.09250026869413448,0.06086840708,-0.09125690957404896,,7.3350966e-06,2.9206276e-06,-2.861023e-06,1.0000001,5.2712858e-06,4.3287873e-06,-5.2675605e-06,1.0,5.364418e-07,-4.3287873e-06,-6.2584877e-07,1.0,48,0.145,0,0,0.0,False,-0.2602355019347904,1.0113736287429549
0.16620813999907114,11:52:39.037181,11:52:22.847431,0,,0.0916182,0.0025767982,0.012364745,-0.8713646,0.26265192,-0.41441268,0.13927585,0.94231254,0.30438307,0.47045308,0.20751092,-0.85767895,,0.073555104,0.0063132197,0.018360198,-0.90352345,-0.3053814,0.3006459,-0.1808098,0.9077153,0.3786298,-0.38852736,0.287741,-0.875358,,0.109153785,1.356975,0.4565929,0.9959768,0.03680784,-0.081702895,-0.023400582,-0.7732831,-0.6336289,-0.08650198,0.6329916,-0.7693108,,-0.049337935,0.25260356,-0.06551441,0.8382141,-0.20993105,0.5033151,0.41315275,0.8468723,-0.33483136,-0.3559521,0.4886064,0.7965939,,-0.01006043,0.45090535,-0.29187283,0.94501376,0.27743992,-0.17313595,-0.31997705,0.8937834,-0.31427053,0.06755484,0.3523895,0.933412,,1.395675453228476,0.04581897414277401,0.19854236898000002,1.3069974177390402,-0.07801944136606649,-0.08389218168319876,-0.40345984335166973,,-0.8647530135912894,-0.14577430573386185,0.19778274304000001,1.4978152663099575,-0.11053892831024133,0.3938186399330153,0.8373016830043154,,-0.04023202092003429,-0.09250026869413448,0.06086840708,-0.09125690957404896,,7.3350966e-06,2.9206276e-06,-2.861023e-06,1.0000001,5.2712858e-06,4.3287873e-06,-5.2675605e-06,1.0,5.364418e-07,-4.3287873e-06,-6.2584877e-07,1.0,56,0.169,0,0,0.0,False,-0.2594014138754961,1.0123392327585439
0.19974381499923766,11:52:39.066691,11:52:22.948482,0,,0.09154238,0.0026428849,0.012576371,-0.8717498,0.23172678,-0.43168864,0.09633836,0.9449542,0.31269825,0.48038658,0.23100635,-0.84608793,,0.073557004,0.0063133836,0.01835984,-0.90352064,-0.30540746,0.30062786,-0.18080862,0.90768427,0.3787049,-0.38853443,0.28781143,-0.87533176,,0.109153785,1.356975,0.4565929,0.9959768,0.03680784,-0.081702895,-0.023400582,-0.7732831,-0.6336289,-0.08650198,0.6329916,-0.7693108,,-0.049274914,0.2527924,-0.065638036,0.8346966,-0.18089847,0.5201512,0.38732186,0.86426973,-0.3209666,-0.3914886,0.46937567,0.791469,,-0.010062257,0.45090505,-0.2918722,0.945012,0.27745572,-0.17312048,-0.31998104,0.8938083,-0.3141955,0.06756118,0.3523138,0.93344015,,1.3955518895024885,0.04656035649869957,0.19842699917,1.2703016776292486,-0.10288728432337665,-0.07513082557026934,-0.39970292983058137,,-0.8647607363241637,-0.14577430573386185,0.19778403933000002,1.4978152663099575,-0.11053892831024133,0.3939003186731559,0.8381184033349869,,-0.04023202092003429,-0.09250026869413448,0.06086840708,-0.09125690957404896,,7.3350966e-06,2.9206276e-06,-2.861023e-06,1.0000001,5.2712858e-06,4.3287873e-06,-5.2675605e-06,1.0,5.364418e-07,-4.3287873e-06,-6.2584877e-07,1.0,68,0.205,0,0,0.0,False,-0.26053339052739544,1.0124840733608826
0.22932280199893285,11:52:39.097416,11:52:22.948482,0,,0.09156809,0.0027177483,0.012760907,-0.8723087,0.2082496,-0.44239113,0.06465316,0.9459478,0.31780875,0.48466247,0.24862531,-0.83862257,,0.07356022,0.0063168257,0.01835841,-0.9034119,-0.3055399,0.30081975,-0.18080993,0.9076197,0.37885875,-0.38878638,0.28787416,-0.87519914,,0.109153785,1.356975,0.4565929,0.9959768,0.03680784,-0.081702895,-0.023400582,-0.7732831,-0.6336289,-0.08650198,0.6329916,-0.7693108,,-0.049310002,0.25297013,-0.0657246,0.832621,-0.15891337,0.53055525,0.3662523,0.87657136,-0.3122209,-0.41545343,0.45427877,0.7880541,,-0.010065201,0.4509065,-0.29186854,0.94493854,0.2775774,-0.17332622,-0.32015598,0.8938115,-0.3140081,0.06775944,0.35220978,0.933465,,1.3953819893792556,0.04748708444360651,0.19830125904,1.2422032252023223,-0.11873711829616776,-0.0685772904724483,-0.4003563060951184,,-0.8647607363241637,-0.14575886026811338,0.19778663191,1.4978152663099575,-0.11026565531071043,0.3940041978263253,0.8384450914672554,,-0.04023202092003429,-0.09250026869413448,0.06086840708,-0.09125690957404896,,7.3350966e-06,2.9206276e-06,-2.861023e-06,1.0000001,5.2712858e-06,4.3287873e-06,-5.2675605e-06,1.0,5.364418e-07,-4.3287873e-06,-6.2584877e-07,1.0,79,0.239,0,0,0.0,False,-0.26053339052739544,1.0132565565733538
0.2600507850002032,11:52:39.130370,11:52:22.948482,0,,0.091544256,0.0028041303,0.013027415,-0.86751294,0.18634859,-0.4611894,0.02892232,0.94450116,0.327232,0.49657318,0.27053925,-0.8247567,,0.073561646,0.0063201934,0.018357635,-0.90339196,-0.3054424,0.30097878,-0.1806064,0.9076104,0.37897807,-0.38892746,0.2880069,-0.87509286,,0.109153785,1.356975,0.4565929,0.9959768,0.03680784,-0.081702895,-0.023400582,-0.7732831,-0.6336289,-0.08650198,0.6329916,-0.7693108,,-0.049301643,0.25321037,-0.06587044,0.82431287,-0.13901868,0.5488006,0.34715837,0.88985884,-0.2960276,-0.4472017,0.4345401,0.7817836,,-0.0100664515,0.4509084,-0.29186556,0.944941,0.27746266,-0.17349637,-0.32009748,0.89388406,-0.31386125,0.06800086,0.3521161,0.9334828,,1.3952120892560227,0.04860688071036907,0.19813922279,1.2138950828319115,-0.14469805325160143,-0.057045980106714606,-0.4010096823596555,,-0.8647607363241637,-0.14574341480236494,0.19778792820000002,1.498024956253442,-0.110129018810945,0.39405613740290996,0.8390984677317925,,-0.04023202092003429,-0.09250026869413448,0.06086840708,-0.09125690957404896,,7.3350966e-06,2.9206276e-06,-2.861023e-06,1.0000001,5.2712858e-06,4.3287873e-06,-5.2675605e-06,1.0,5.364418e-07,-4.3287873e-06,-6.2584877e-07,1.0,87,0.263,0,0,0.0,False,-0.2599971910607066,1.0139807595850459
0.2929929189995164,11:52:39.150561,11:52:22.948482,0,,0.09151168,0.0028598756,0.013258323,-0.8605625,0.17204398,-0.4794092,0.0060389936,0.9446071,0.32814762,0.5093092,0.27949637,-0.8139324,,0.073562615,0.0063231885,0.01835531,-0.9033912,-0.3054734,0.3009495,-0.18060806,0.90757334,0.37906617,-0.38892835,0.28809103,-0.87506473,,0.109153785,1.356975,0.4565929,0.9959768,0.03680784,-0.081702895,-0.023400582,-0.7732831,-0.6336289,-0.08650198,0.6329916,-0.7693108,,-0.049283918,0.2534041,-0.06601059,0.81472254,-0.1255154,0.56610334,0.33829185,0.895809,-0.2882445,-0.47094136,0.42634746,0.7722966,,-0.010067046,0.45090902,-0.2918617,0.9449404,0.27748138,-0.17346981,-0.32009938,0.89391387,-0.3137744,0.06800052,0.3520257,0.9335169,,1.3950730800642865,0.04944865859365954,0.19800051976000002,1.1981683370705722,-0.1672430757128991,-0.054752737804495855,-0.4024797789548641,,-0.8647607363241637,-0.1457279693366165,0.19779052078,1.498024956253442,-0.110129018810945,0.39413781614305055,0.8392618117979267,,-0.04023202092003429,-0.09250026869413448,0.06086840708,-0.09125690957404896,,7.3350966e-06,2.9206276e-06,-2.861023e-06,1.0000001,5.2712858e-06,4.3287873e-06,-5.2675605e-06,1.0,5.364418e-07,-4.3287873e-06,-6.2584877e-07,1.0,95,0.288,0,0,0.0,False,-0.2599971910607066,1.0137393585811485
0.31319270699168555,11:52:39.175071,11:52:22.948482,0,,0.091517136,0.0029504,0.013678253,-0.8486359,0.1502847,-0.5071802,-0.030484945,0.9433052,0.33052343,0.52809846,0.29595536,-0.79594123,,0.07356306,0.006324902,0.018354118,-0.9034255,-0.30533427,0.3009877,-0.1804039,0.9075653,0.3791826,-0.3889434,0.28826383,-0.87500113,,0.109153785,1.356975,0.4565929,0.9959768,0.03680784,-0.081702895,-0.023400582,-0.7732831,-0.6336289,-0.08650198,0.6329916,-0.7693108,,-0.049316794,0.25374836,-0.066265486,0.79871184,-0.105309814,0.5924266,0.32312977,0.9056203,-0.27466166,-0.507589,0.41080618,0.7573584,,-0.010067303,0.4509095,-0.29185966,0.94497955,0.27731997,-0.17351446,-0.3199534,0.89401037,-0.31364828,0.0681428,0.35190776,0.933551,,1.3948105071465629,0.05105498703149823,0.19772440999000002,1.1725861639654602,-0.20249529265238275,-0.04846857218947373,-0.4026431230209983,,-0.8647607363241637,-0.14572024660374228,0.19779181707000001,1.4982346461969265,-0.110129018810945,0.39421949488319113,0.8394251558640611,,-0.04023202092003429,-0.09250026869413448,0.06086840708,-0.09125690957404896,,7.3350966e-06,2.9206276e-06,-2.861023e-06,1.0000001,5.2712858e-06,4.3287873e-06,-5.2675605e-06,1.0,5.364418e-07,-4.3287873e-06,-6.2584877e-07,1.0,102,0.308,0,0,0.0,False,-0.26112916771260597,1.0142704407897223
0.33770777699828614,11:52:39.199199,11:52:22.948482,0,,0.09154312,0.003031522,0.013904914,-0.843331,0.14062509,-0.518669,-0.04776925,0.9417176,0.3329955,0.5352672,0.3056018,-0.7874621,,0.07348263,0.006344989,0.018327743,-0.9034802,-0.30524334,0.30091593,-0.18033987,0.90758145,0.3791747,-0.3888462,0.2883095,-0.87502927,,0.10916533,1.3569764,0.456598,0.9959767,0.036803238,-0.081706665,-0.023406506,-0.77328336,-0.6336284,-0.08650198,0.6329916,-0.7693108,,-0.049365222,0.25395608,-0.06637364,0.79161114,-0.0965964,0.6033415,0.31481785,0.9107534,-0.2672414,-0.5236808,0.40149394,0.7513728,,-0.0099938065,0.45091084,-0.2918302,0.94502026,0.27722934,-0.1734376,-0.31984156,0.8940443,-0.31366584,0.068103515,0.3518931,0.9335594,,1.3946560524890785,0.052120724168141216,0.19755848487000002,1.1597950774129042,-0.21779858062611207,-0.04350421106840627,-0.400682994227387,,-0.8647530135912894,-0.14570480113799383,0.19779570594,1.4982346461969265,-0.110129018810945,0.3942194948831911,0.8397518439963296,,-0.04023202092003429,-0.09250026869413448,0.06086840708,-0.09125690957404896,,1.8365681e-05,5.543232e-06,-8.702278e-06,1.0000001,6.92904e-07,5.662441e-07,-6.891787e-07,1.0,2.9802322e-08,-5.662441e-07,-8.940697e-08,1.0,113,0.341,0,0,0.0,False,-0.2607121236829584,1.0139324793842663
0.3618367839953862,11:52:39.227084,11:52:23.100566,0,,0.09166065,0.0031416863,0.014266953,-0.83346456,0.13972291,-0.5346163,-0.063029855,0.93714917,0.34318894,0.5489665,0.31973258,-0.77227384,,0.073488355,0.0063455254,0.018326491,-0.9034717,-0.30527252,0.30091166,-0.18033637,0.90755,0.37925172,-0.3888674,0.28837764,-0.8749974,,0.10916533,1.3569764,0.456598,0.9959767,0.036803238,-0.081706665,-0.023406506,-0.77328336,-0.6336284,-0.08650198,0.6329916,-0.7693108,,-0.049503405,0.2542772,-0.066560194,0.7795937,-0.09717229,0.6187013,0.3123328,0.91659725,-0.24959514,-0.54284614,0.3878235,0.74492353,,-0.009999287,0.45090997,-0.29182827,0.94501483,0.2772485,-0.17343654,-0.31985354,0.8940677,-0.31358677,0.06812254,0.35181844,0.9335862,,1.3943625886398578,0.053742498071728366,0.19729144913000002,1.1520365495039768,-0.24007033008787887,-0.030978925835588367,-0.40378653148393834,,-0.8647761817899121,-0.14570480113799383,0.19779959481,1.4982346461969265,-0.110129018810945,0.3943011736233316,0.8399151880624639,,-0.04023202092003429,-0.09250026869413448,0.06086840708,-0.09125690957404896,,1.8365681e-05,5.543232e-06,-8.702278e-06,1.0000001,6.92904e-07,5.662441e-07,-6.891787e-07,1.0,2.9802322e-08,-5.662441e-07,-8.940697e-08,1.0,121,0.366,0,0,0.0,False,-0.26059296824591627,1.0144152813920608
0.3897180789936101,11:52:39.258073,11:52:23.100566,0,,0.091742694,0.0032456517,0.01467894,-0.81926113,0.13911526,-0.5562898,-0.07920569,0.9333715,0.35006285,0.567924,0.33085412,-0.7536562,,0.07349746,0.006344557,0.018325597,-0.9033886,-0.3056354,0.30079278,-0.18073967,0.90746915,0.3792529,-0.38887322,0.28824735,-0.87503767,,0.10916533,1.3569764,0.456598,0.9959767,0.036803238,-0.081706665,-0.023406506,-0.77328336,-0.6336284,-0.08650198,0.6329916,-0.7693108,,-0.049610805,0.25462645,-0.0667921,0.76277345,-0.09774049,0.6392366,0.31261936,0.92105955,-0.23220342,-0.5660793,0.37695634,0.7331153,,-0.010008206,0.45090795,-0.29182726,0.9449271,0.2776244,-0.17331325,-0.3201664,0.89395,-0.31360304,0.06786951,0.3518211,0.9336036,,1.3940459565920147,0.05541060837256086,0.1970101542,1.1459555411429256,-0.26903726803815226,-0.02132539481598314,-0.4023164348887298,,-0.8648147954542833,-0.14571252387086805,0.19780477997,1.4978152663099575,-0.110129018810945,0.3943828523634722,0.8400785321285982,,-0.04023202092003429,-0.09250026869413448,0.06086840708,-0.09125690957404896,,1.8365681e-05,5.543232e-06,-8.702278e-06,1.0000001,6.92904e-07,5.662441e-07,-6.891787e-07,1.0,2.9802322e-08,-5.662441e-07,-8.940697e-08,1.0,132,0.399,0,0,0.0,False,-0.2602355019347904,1.0142704407897223
0.4206712159939343,11:52:39.285709,11:52:23.100566,0,,0.09177864,0.003312558,0.015199363,-0.7974028,0.13219485,-0.5887898,-0.09869203,0.93400353,0.34336156,0.5953223,0.3319063,-0.73173046,,0.07350127,0.0063449293,0.018324763,-0.90338296,-0.30566302,0.30078158,-0.18073735,0.90743786,0.37932897,-0.38888738,0.2883167,-0.8750086,,0.10916533,1.3569764,0.456598,0.9959767,0.036803238,-0.081706665,-0.023406506,-0.77328336,-0.6336284,-0.08650198,0.6329916,-0.7693108,,-0.049683817,0.25501898,-0.067134425,0.73742175,-0.090900384,0.6692879,0.31596798,0.9222192,-0.22288103,-0.5969702,0.3758309,0.70878613,,-0.01001186,0.45090738,-0.29182598,0.94492346,0.2776419,-0.17330495,-0.3201744,0.8939742,-0.313526,0.067882195,0.35174587,0.933631,,1.3936212062839324,0.057117332337764476,0.19667441509000003,1.140922982499297,-0.30989158146801893,-0.024603517193725027,-0.40035630609511846,,-0.8648302409200317,-0.14571252387086805,0.19780737255000003,1.4978152663099575,-0.110129018810945,0.3944645311036128,0.8402418761947326,,-0.04023202092003429,-0.09250026869413448,0.06086840708,-0.09125690957404896,,1.8365681e-05,5.543232e-06,-8.702278e-06,1.0000001,6.92904e-07,5.662441e-07,-6.891787e-07,1.0,2.9802322e-08,-5.662441e-07,-8.940697e-08,1.0,139,0.419,0,0,0.0,False,-0.26053339052739544,1.0139807595850459
0.44834487698972225,11:52:39.310690,11:52:23.100566,0,,0.091817126,0.0033365637,0.015560448,-0.7822495,0.12757744,-0.60976213,-0.10988188,0.93520284,0.33663258,0.61319804,0.3303324,-0.7175435,,0.07350522,0.0063438118,0.018323988,-0.9033777,-0.30566287,0.30079755,-0.18073416,0.9074406,0.3793239,-0.3889011,0.28830814,-0.87500536,,0.10916533,1.3569764,0.456598,0.9959767,0.036803238,-0.081706665,-0.023406506,-0.77328336,-0.6336284,-0.08650198,0.6329916,-0.7693108,,-0.049749557,0.25527444,-0.06738512,0.72010434,-0.086096354,0.68850356,0.31930223,0.9220831,-0.21865235,-0.61603236,0.37729323,0.6914868,,-0.010015696,0.45090574,-0.29182568,0.9449202,0.27764297,-0.17332128,-0.32018143,0.8939706,-0.3135289,0.06789505,0.351754,0.933627,,1.393296851503215,0.05819079220728168,0.19643200886,1.1392454629514208,-0.33653569892227986,-0.029177580298183903,-0.403623187417804,,-0.8648456863857802,-0.14572024660374228,0.19780996513000002,1.4978152663099575,-0.110129018810945,0.3944645311036128,0.8402418761947326,,-0.04023202092003429,-0.09250026869413448,0.06086840708,-0.09125690957404896,,1.8365681e-05,5.543232e-06,-8.702278e-06,1.0000001,6.92904e-07,5.662441e-07,-6.891787e-07,1.0,2.9802322e-08,-5.662441e-07,-8.940697e-08,1.0,150,0.452,0,0,0.0,False,-0.2612483231496481,1.014029039785825
0.47330634998797905,11:52:39.347489,11:52:23.227407,0,,0.09216001,0.0033636242,0.01628451,-0.7665545,0.12450498,-0.6299944,-0.12177315,0.9350445,0.33296084,0.6305281,0.33194897,-0.70160115,,0.07350713,0.0063440055,0.01832357,-0.9033749,-0.30566442,0.30080444,-0.180733,0.9074404,0.37932485,-0.38890818,0.28830704,-0.8750025,,0.10916533,1.3569764,0.456598,0.9959767,0.036803238,-0.081706665,-0.023406506,-0.77328336,-0.6336284,-0.08650198,0.6329916,-0.7693108,,-0.050147045,0.25577116,-0.067872815,0.70224196,-0.0831842,0.70706195,0.3217498,0.9230227,-0.210965,-0.6350853,0.37564552,0.67494977,,-0.010017523,0.45090544,-0.29182503,0.94491833,0.27764463,-0.17332847,-0.32018542,0.8939699,-0.31352687,0.06790139,0.35175455,0.93362635,,1.3925554691472894,0.060492166603800586,0.19578645644,1.1371485635165755,-0.3642729083746642,-0.030818331669557386,-0.4050932840130126,,-0.8648534091186544,-0.14572024660374228,0.19781126142000002,1.4978152663099575,-0.110129018810945,0.39446453110361285,0.8405685643270011,,-0.04023202092003429,-0.09250026869413448,0.06086840708,-0.09125690957404896,,1.8365681e-05,5.543232e-06,-8.702278e-06,1.0000001,6.92904e-07,5.662441e-07,-6.891787e-07,1.0,2.9802322e-08,-5.662441e-07,-8.940697e-08,1.0,165,0.497,0,0,0.0,False,-0.26095043455704303,1.013401397175692
0.5101076439896133,11:52:39.392196,11:52:23.227407,0,,0.09265133,0.0033881813,0.01708658,-0.759507,0.13086857,-0.63719904,-0.1267831,0.93098813,0.34232593,0.63802445,0.34078494,-0.6905001,,0.073509306,0.006346166,0.018321723,-0.90338993,-0.3053723,0.30105594,-0.18032363,0.9074912,0.37939835,-0.3890633,0.28845698,-0.8748841,,0.10916533,1.3569764,0.456598,0.9959767,0.036803238,-0.081706665,-0.023406506,-0.77328336,-0.6336284,-0.08650198,0.6329916,-0.7693108,,-0.050698593,0.25631744,-0.06840449,0.69426817,-0.09051776,0.71400154,0.3229097,0.9257809,-0.1966191,-0.6432115,0.36706442,0.6719693,,-0.010019394,0.45090568,-0.291822,0.9449606,0.2773357,-0.17359257,-0.319979,0.8940835,-0.3134137,0.068285435,0.3517096,0.93361527,,1.3919685414488483,0.06297888658930087,0.19498275664000003,1.136938873573091,-0.37725337585238106,-0.02105041821980297,-0.40280646708713264,,-0.8648534091186544,-0.14571252387086805,0.197813854,1.4982346461969265,-0.10999238231117957,0.394434791940057,0.8400785321285982,,-0.04023202092003429,-0.09250026869413448,0.06086840708,-0.09125690957404896,,1.8365681e-05,5.543232e-06,-8.702278e-06,1.0000001,6.92904e-07,5.662441e-07,-6.891787e-07,1.0,2.9802322e-08,-5.662441e-07,-8.940697e-08,1.0,176,0.53,0,0,0.0,False,-0.26112916771260597,1.0133048367741333
0.554832711990457,11:52:39.417869,11:52:23.227407,0,,0.09298943,0.003403157,0.017755926,-0.7526771,0.13363037,-0.64468616,-0.12970051,0.92990327,0.3441767,0.64548814,0.34267,-0.68258494,,0.07350755,0.006350532,0.018318206,-0.9042849,-0.3015047,0.30226487,-0.175607,0.9080114,0.3803648,-0.38914168,0.29087818,-0.87404716,,0.10916533,1.3569764,0.456598,0.9959767,0.036803238,-0.081706665,-0.023406506,-0.77328336,-0.6336284,-0.08650198,0.6329916,-0.7693108,,-0.05108777,0.25676906,-0.06885961,0.6866642,-0.09349404,0.7209376,0.3256249,0.9262056,-0.19003071,-0.6499697,0.36524254,0.66643625,,-0.010017097,0.45090675,-0.29181665,0.94593054,0.27318364,-0.1748889,-0.31642213,0.8957606,-0.31223387,0.0713614,0.35069028,0.93376863,,1.3917291367297473,0.06482461974624053,0.19433720422000003,1.1386163931209674,-0.3887308418326781,-0.019695830843078577,-0.402479778954864,,-0.8648534091186544,-0.14571252387086805,0.19781774287,1.5030575148970706,-0.11026565531071043,0.3946576277474498,0.8400785321285982,,-0.04023202092003429,-0.09250026869413448,0.06086840708,-0.09125690957404896,,1.8365681e-05,5.543232e-06,-8.702278e-06,1.0000001,6.92904e-07,5.662441e-07,-6.891787e-07,1.0,2.9802322e-08,-5.662441e-07,-8.940697e-08,1.0,183,0.55,0,0,0.0,False,-0.260652545964438,1.0133048367741333
0.580501042000833,11:52:39.439782,11:52:23.227407,0,,0.09319726,0.0034166723,0.018231168,-0.7472702,0.13685584,-0.65027523,-0.13239571,0.9282828,0.34750867,0.6511979,0.3457764,-0.6755589,,0.07350795,0.0063504577,0.018315881,-0.9044749,-0.3012252,0.3019751,-0.17540032,0.90802974,0.3804164,-0.38879332,0.2911104,-0.87412494,,0.10916533,1.3569764,0.456598,0.9959767,0.036803238,-0.081706665,-0.023406506,-0.77328336,-0.6336284,-0.08650198,0.6329916,-0.7693108,,-0.051331855,0.25709188,-0.06918435,0.6806328,-0.09706871,0.7261657,0.32735303,0.92702997,-0.18290813,-0.65542275,0.36220583,0.6627428,,-0.010017184,0.45090517,-0.29181495,0.9460746,0.27287552,-0.17459047,-0.31602347,0.89590496,-0.3122235,0.071218304,0.3505614,0.93382794,,1.3916750775996278,0.06608342520473913,0.19389387304000003,1.1394551528949053,-0.3976122143174317,-0.01629256788941763,-0.40002961796284986,,-0.8648688545844029,-0.14571252387086805,0.19781903916000002,1.503267204840555,-0.11067556481000676,0.39474684523811737,0.8395884999301952,,-0.04023202092003429,-0.09250026869413448,0.06086840708,-0.09125690957404896,,1.8365681e-05,5.543232e-06,-8.702278e-06,1.0000001,6.92904e-07,5.662441e-07,-6.891787e-07,1.0,2.9802322e-08,-5.662441e-07,-8.940697e-08,1.0,194,0.583,0,0,0.0,False,-0.2608908568385213,1.0130151555694564
0.6024054039880866,11:52:39.474223,11:52:23.227407,0,,0.09366403,0.0034219027,0.01921396,-0.7429979,0.14381613,-0.6536599,-0.13215262,0.92588985,0.35392576,0.65611726,0.34934893,-0.66892856,,0.07352134,0.0063514262,0.018315941,-0.9043847,-0.3014977,0.30197307,-0.17580129,0.9080716,0.3801314,-0.3888218,0.2906976,-0.87424964,,0.10916533,1.3569764,0.456598,0.9959767,0.036803238,-0.081706665,-0.023406506,-0.77328336,-0.6336284,-0.08650198,0.6329916,-0.7693108,,-0.051875006,0.25774235,-0.06986674,0.67600524,-0.10444963,0.7294568,0.3307747,0.927583,-0.17371795,-0.6584869,0.35872006,0.66160023,,-0.010030445,0.4509049,-0.29181287,0.945983,0.27320212,-0.17457594,-0.31635004,0.8956866,-0.31251904,0.07098447,0.3508648,0.9337318,,1.3918140867913638,0.06845430419712606,0.19291906296000003,1.1432295718776269,-0.4044440393057037,-0.012028532546845605,-0.4023164348887298,,-0.8649306364473967,-0.14571252387086805,0.19782552061000003,1.502847824953586,-0.11067556481000676,0.39450180901769566,0.8390984677317925,,-0.04023202092003429,-0.09250026869413448,0.06086840708,-0.09125690957404896,,1.8365681e-05,5.543232e-06,-8.702278e-06,1.0000001,6.92904e-07,5.662441e-07,-6.891787e-07,1.0,2.9802322e-08,-5.662441e-07,-8.940697e-08,1.0,205,0.616,0,0,0.0,False,-0.2607717014014801,1.0122909525577648
0.6368430909933522,11:52:39.511631,11:52:23.390824,0,,0.09397861,0.0033923835,0.019983575,-0.73871803,0.15130621,-0.6568122,-0.13145807,0.92342013,0.36057445,0.66107064,0.35270607,-0.66225666,,0.0735272,0.0063519627,0.018314987,-0.90442735,-0.3015147,0.30182832,-0.1757969,0.9080066,0.38028842,-0.38872463,0.29088256,-0.87423134,,0.10916533,1.3569764,0.456598,0.9959767,0.036803238,-0.081706665,-0.023406506,-0.77328336,-0.6336284,-0.08650198,0.6329916,-0.7693108,,-0.05225214,0.25822634,-0.070428595,0.67139995,-0.112345345,0.7325303,0.33455902,0.92793715,-0.16432564,-0.6612808,0.35540286,0.6606031,,-0.010036101,0.45090416,-0.2918111,0.94601214,0.27319285,-0.17443262,-0.3162796,0.8957607,-0.3123779,0.07091048,0.35068277,0.9338058,,1.3920226005789678,0.07002974170346786,0.19216332589000001,1.147213680803833,-0.410729318294914,-0.00698498771695083,-0.4024797789548641,,-0.8649615273788935,-0.14571252387086805,0.19782940948000002,1.502847824953586,-0.11081220130977221,0.39469490566153265,0.8389351236656581,,-0.04023202092003429,-0.09250026869413448,0.06086840708,-0.09125690957404896,,1.8365681e-05,5.543232e-06,-8.702278e-06,1.0000001,6.92904e-07,5.662441e-07,-6.891787e-07,1.0,2.9802322e-08,-5.662441e-07,-8.940697e-08,1.0,216,0.648,0,0,0.0,False,-0.26095043455704303,1.0124357931601031
0.6742344300000696,11:52:39.533963,11:52:23.390824,0,,0.094199255,0.003332004,0.020558923,-0.73513484,0.15712894,-0.65945995,-0.13112429,0.921441,0.36572218,0.66511893,0.3553263,-0.65678,,0.073530376,0.006352216,0.018312246,-0.90442455,-0.30151623,0.30183524,-0.17579572,0.9080064,0.3802894,-0.3887317,0.29088148,-0.87422854,,0.10916533,1.3569764,0.456598,0.9959767,0.036803238,-0.081706665,-0.023406506,-0.77328336,-0.6336284,-0.08650198,0.6329916,-0.7693108,,-0.052522384,0.25855926,-0.07087522,0.6675344,-0.118488505,0.7350907,0.33747572,0.92817473,-0.15684949,-0.66370773,0.35277766,0.6595756,,-0.010038884,0.45090234,-0.2918086,0.9460103,0.27319452,-0.17443982,-0.31628358,0.89576,-0.31237587,0.07091683,0.35068324,0.93380517,,1.3921384415720812,0.07101052877849437,0.19159036571000002,1.150149340012616,-0.4159215052860007,-0.0027511073764868166,-0.4024797789548641,,-0.8649692501117677,-0.14571252387086805,0.19783329835000002,1.502847824953586,-0.11081220130977221,0.39469490566153265,0.8389351236656581,,-0.04023202092003429,-0.09250026869413448,0.06086840708,-0.09125690957404896,,1.8365681e-05,5.543232e-06,-8.702278e-06,1.0000001,6.92904e-07,5.662441e-07,-6.891787e-07,1.0,2.9802322e-08,-5.662441e-07,-8.940697e-08,1.0,227,0.681,0,0,0.0,False,-0.2611887454311268,1.0121943921562058
0.6965961659880122,11:52:39.568382,11:52:23.390824,0,,0.09462997,0.0031789541,0.021713614,-0.7278911,0.16978008,-0.66434145,-0.12908873,0.9176074,0.37594223,0.6734321,0.3594039,-0.6460016,,0.07353173,0.0063517094,0.01830706,-0.9043597,-0.30184865,0.30169737,-0.17620718,0.90795654,0.3802181,-0.38869634,0.29069242,-0.8743071,,0.10916533,1.3569764,0.456598,0.9959767,0.036803238,-0.081706665,-0.023406506,-0.77328336,-0.6336284,-0.08650198,0.6329916,-0.7693108,,-0.053055014,0.25920337,-0.07179372,0.65980756,-0.1316715,0.7398085,0.34448248,0.9279808,-0.14206855,-0.6678217,0.34858897,0.65764725,,-0.010039527,0.45089847,-0.2918049,0.9459349,0.27354872,-0.17429368,-0.31657413,0.89562446,-0.31247014,0.07062588,0.35075328,0.9338009,,1.3923624008254338,0.07277903460669177,0.19043148245000002,1.1574884880345744,-0.4258959697688779,0.005137363372930359,-0.40231643488872976,,-0.8649615273788935,-0.14571252387086805,0.19783848351000002,1.502428445066617,-0.11081220130977221,0.39469490566153265,0.8389351236656581,,-0.04023202092003429,-0.09250026869413448,0.06086840708,-0.09125690957404896,,1.8365681e-05,5.543232e-06,-8.702278e-06,1.0000001,6.92904e-07,5.662441e-07,-6.891787e-07,1.0,2.9802322e-08,-5.662441e-07,-8.940697e-08,1.0,238,0.714,0,0,0.0,False,-0.26136747858668974,1.011711590148411
0.7310156899911817,11:52:39.602192,11:52:23.390824,0,,0.09493918,0.0030294657,0.022578686,-0.72202957,0.17917691,-0.66825825,-0.12759668,0.91482955,0.3831526,0.6799945,0.361915,-0.63767153,,0.07353617,0.0063521266,0.018305093,-0.90435404,-0.301901,0.30166185,-0.17620483,0.9078941,0.38036832,-0.38871053,0.29083318,-0.874254,,0.10916533,1.3569764,0.456598,0.9959767,0.036803238,-0.081706665,-0.023406506,-0.77328336,-0.6336284,-0.08650198,0.6329916,-0.7693108,,-0.05344318,0.25965968,-0.07250608,0.65355724,-0.14141652,0.74354845,0.3499273,0.9275489,-0.13116398,-0.6711288,0.3459111,0.65569174,,-0.010043661,0.45089713,-0.2918027,0.94593126,0.27358055,-0.17426337,-0.3165821,0.8956741,-0.31231982,0.07063857,0.35060173,0.93385684,,1.3924936872842957,0.07392199907207701,0.18955648670000003,1.1631501165086566,-0.43382088675527347,0.010701135645776627,-0.40247977895486403,,-0.864976972844642,-0.14571252387086805,0.19784237238000002,1.502428445066617,-0.11081220130977221,0.39485826314181377,0.838281747401121,,-0.04023202092003429,-0.09250026869413448,0.06086840708,-0.09125690957404896,,1.8365681e-05,5.543232e-06,-8.702278e-06,1.0000001,6.92904e-07,5.662441e-07,-6.891787e-07,1.0,2.9802322e-08,-5.662441e-07,-8.940697e-08,1.0,249,0.747,0,0,0.0,False,-0.26011634649774784,1.0121943921562058
0.7648168209998403,11:52:39.631318,11:52:23.518019,0,,0.09522252,0.002866149,0.023436546,-0.7156262,0.18843487,-0.6725857,-0.12714887,0.9116904,0.39070904,0.68681324,0.36512008,-0.6284703,,0.07353746,0.006352082,0.018299907,-0.90435684,-0.3018995,0.30165496,-0.17620601,0.9078943,0.38036737,-0.38870344,0.29083425,-0.87425685,,0.10916533,1.3569764,0.456598,0.9959767,0.036803238,-0.081706665,-0.023406506,-0.77328336,-0.6336284,-0.08650198,0.6329916,-0.7693108,,-0.053806026,0.26010078,-0.07322485,0.64667225,-0.15110566,0.74765104,0.3547542,0.9273008,-0.119426444,-0.6752514,0.34246212,0.65326506,,-0.0100442255,0.45089355,-0.2917987,0.94593304,0.27357888,-0.17425619,-0.31657812,0.8956748,-0.3123218,0.07063223,0.35060126,0.9338575,,1.3926635874075286,0.07495684527722309,0.18869445385000003,1.1679729852088008,-0.4425656227402616,0.01717845156122305,-0.402479778954864,,-0.8649692501117677,-0.14571252387086805,0.19784755754000002,1.502428445066617,-0.11081220130977221,0.39485826314181377,0.838281747401121,,-0.04023202092003429,-0.09250026869413448,0.06086840708,-0.09125690957404896,,1.8365681e-05,5.543232e-06,-8.702278e-06,1.0000001,6.92904e-07,5.662441e-07,-6.891787e-07,1.0,2.9802322e-08,-5.662441e-07,-8.940697e-08,1.0,253,0.759,0,0,0.0,False,-0.26160578946077395,1.011470189144514
0.7939554139884422,11:52:39.651565,11:52:23.518019,0,,0.09540579,0.0027583092,0.024017945,-0.7115917,0.19462664,-0.6750984,-0.12659922,0.90962046,0.39568058,0.6910933,0.36703,-0.62263876,,0.07354127,0.0063524246,0.018299013,-0.9043512,-0.3019026,0.30166873,-0.17620367,0.9078939,0.3803693,-0.38871762,0.29083207,-0.87425125,,0.10916533,1.3569764,0.456598,0.9959767,0.036803238,-0.081706665,-0.023406506,-0.77328336,-0.6336284,-0.08650198,0.6329916,-0.7693108,,-0.05404304,0.26040187,-0.07371107,0.6423549,-0.15756476,0.7500357,0.35798645,0.92700344,-0.111849725,-0.6776621,0.34034982,0.6518712,,-0.01004788,0.45089298,-0.29179743,0.94592947,0.27358225,-0.17427057,-0.3165861,0.8956734,-0.3123178,0.070644915,0.35060224,0.9338562,,1.39284893299651,0.07563644577015485,0.18811241964000003,1.171328024304553,-0.4478944462311138,0.021278713584961806,-0.4029698111532669,,-0.8649846955775162,-0.14571252387086805,0.19785015012,1.502428445066617,-0.11081220130977221,0.39485826314181377,0.838281747401121,,-0.04023202092003429,-0.09250026869413448,0.06086840708,-0.09125690957404896,,1.8365681e-05,5.543232e-06,-8.702278e-06,1.0000001,6.92904e-07,5.662441e-07,-6.891787e-07,1.0,2.9802322e-08,-5.662441e-07,-8.940697e-08,1.0,260,0.78,0,0,0.0,False,-0.26148663402373185,1.0113736287429549
0.8142022999963956,11:52:39.678927,11:52:23.518019,0,,0.09568738,0.002595067,0.024944723,-0.70537055,0.20523712,-0.67847645,-0.1247547,0.90628016,0.40384692,0.6977742,0.36950475,-0.613659,,0.07354256,0.0063524097,0.018293828,-0.90435404,-0.30192566,0.3016372,-0.17620483,0.907863,0.38044244,-0.38871053,0.29090455,-0.87423027,,0.10916533,1.3569764,0.456598,0.9959767,0.036803238,-0.081706665,-0.023406506,-0.77328336,-0.6336284,-0.08650198,0.6329916,-0.7693108,,-0.05440973,0.26088834,-0.07448162,0.6357629,-0.16855389,0.7532563,0.36377516,0.92612535,-0.099796996,-0.68078864,0.3374632,0.65011185,,-0.010048445,0.45088944,-0.29179344,0.94593126,0.2735948,-0.17424104,-0.3165821,0.8956996,-0.31224665,0.07063857,0.35052547,0.93388546,,1.3932350696402211,0.07670218290679783,0.18718946116000001,1.1776187226090888,-0.4556827267177439,0.027547855355517237,-0.4031331552194012,,-0.864976972844642,-0.14571252387086805,0.19785533528000002,1.502428445066617,-0.11081220130977221,0.39493994188195436,0.8381184033349868,,-0.04023202092003429,-0.09250026869413448,0.06086840708,-0.09125690957404896,,1.8365681e-05,5.543232e-06,-8.702278e-06,1.0000001,6.92904e-07,5.662441e-07,-6.891787e-07,1.0,2.9802322e-08,-5.662441e-07,-8.940697e-08,1.0,271,0.812,0,0,0.0,False,-0.2612483231496481,1.011083947538278
0.8415610149968415,11:52:39.701575,11:52:23.518019,0,,0.0958631,0.0024876148,0.025572672,-0.70136166,0.2114754,-0.680713,-0.12423429,0.9040943,0.40887555,0.70189583,0.37133753,-0.60782456,,0.07354335,0.0063522756,0.018289953,-0.90440786,-0.3019117,0.30148947,-0.17620511,0.9078299,0.3805214,-0.38858503,0.29102245,-0.8742469,,0.10916533,1.3569764,0.456598,0.9959767,0.036803238,-0.081706665,-0.023406506,-0.77328336,-0.6336284,-0.08650198,0.6329916,-0.7693108,,-0.05464296,0.2612203,-0.0750033,0.6314817,-0.17506137,0.7553704,0.36688125,0.92569,-0.092174955,-0.6831025,0.335338,0.648783,,-0.010048704,0.45088673,-0.29179057,0.9459676,0.27356446,-0.17409125,-0.31649566,0.89575106,-0.31218678,0.07053921,0.3504177,0.93393344,,1.3935903153524354,0.07741267433122649,0.18656983454,1.1809737617048413,-0.46073827720906524,0.03158863905214426,-0.4029698111532669,,-0.864976972844642,-0.14571252387086805,0.19785922415,1.502428445066617,-0.11094883780953764,0.39505135978565076,0.8381184033349868,,-0.04023202092003429,-0.09250026869413448,0.06086840708,-0.09125690957404896,,1.8365681e-05,5.543232e-06,-8.702278e-06,1.0000001,6.92904e-07,5.662441e-07,-6.891787e-07,1.0,2.9802322e-08,-5.662441e-07,-8.940697e-08,1.0,282,0.845,0,0,0.0,False,-0.26011634649774784,1.0115667495460727
0.8641994329955196,11:52:39.735000,11:52:23.518019,0,,0.096091,0.0023620427,0.02639927,-0.6964246,0.2202411,-0.6829983,-0.12322092,0.9009074,0.41615173,0.706972,0.37397796,-0.6002759,,0.07354926,0.0063509196,0.0182828,-0.9043716,-0.30210164,0.30140835,-0.17640822,0.90777665,0.38055432,-0.38857752,0.29099137,-0.8742605,,0.10916533,1.3569764,0.456598,0.9959767,0.036803238,-0.081706665,-0.023406506,-0.77328336,-0.6336284,-0.08650198,0.6329916,-0.7693108,,-0.054945458,0.26166925,-0.07567999,0.6262362,-0.18421891,0.7575563,0.3709873,0.92503417,-0.08173239,-0.6857089,0.33222756,0.6476328,,-0.010053623,0.4508806,-0.2917855,0.94592744,0.273756,-0.17400852,-0.31664595,0.8957056,-0.3121647,0.07040345,0.35038424,0.9339562,,1.3941386293865055,0.07840118413912722,0.18575965329000002,1.1855869404615007,-0.46675028319874456,0.03738949295633298,-0.4041132196162069,,-0.8649846955775162,-0.14572024660374228,0.19786829818,1.5022187551231325,-0.11094883780953764,0.39513303852579135,0.8376283711365841,,-0.04023202092003429,-0.09250026869413448,0.06086840708,-0.09125690957404896,,1.8365681e-05,5.543232e-06,-8.702278e-06,1.0000001,6.92904e-07,5.662441e-07,-6.891787e-07,1.0,2.9802322e-08,-5.662441e-07,-8.940697e-08,1.0,293,0.878,0,0,0.0,False,-0.26190367805337944,1.0106011455304837
0.8976233279972803,11:52:39.764610,11:52:23.652733,0,,0.09634365,0.0022330433,0.02735503,-0.69114435,0.23074885,-0.6848902,-0.122715324,0.89643055,0.4258556,0.7122222,0.3783742,-0.59124655,,0.073553145,0.0063507855,0.018273145,-0.90434045,-0.30231628,0.30128655,-0.17661454,0.9076896,0.38066643,-0.38855627,0.2910402,-0.8742537,,0.10916533,1.3569764,0.456598,0.9959767,0.036803238,-0.081706665,-0.023406506,-0.77328336,-0.6336284,-0.08650198,0.6329916,-0.7693108,,-0.055283252,0.26220053,-0.076453015,0.62059873,-0.19534335,0.75940645,0.3748255,0.9245623,-0.068486586,-0.6887402,0.3271476,0.64700186,,-0.01005614,0.4508738,-0.29177794,0.94589055,0.27396062,-0.17388704,-0.3167892,0.89568913,-0.31206658,0.07025478,0.35026637,0.93401164,,1.3948954572081793,0.07960593046750625,0.18483150965000003,1.189990429274676,-0.47317219868772026,0.04581160529554673,-0.403623187417804,,-0.864976972844642,-0.14572024660374228,0.19787866850000002,1.5020090651796478,-0.11094883780953764,0.39529639600607247,0.8373016830043155,,-0.04023202092003429,-0.09250026869413448,0.06086840708,-0.09125690957404896,,1.8365681e-05,5.543232e-06,-8.702278e-06,1.0000001,6.92904e-07,5.662441e-07,-6.891787e-07,1.0,2.9802322e-08,-5.662441e-07,-8.940697e-08,1.0,301,0.902,0,0,0.0,False,-0.26136747858668974,1.01002178312113
0.9272350629908033,11:52:39.794693,11:52:23.652733,0,,0.09657717,0.0021259934,0.028285757,-0.6853552,0.24244504,-0.686665,-0.12175393,0.8915266,0.43629843,0.71795845,0.38262355,-0.5814937,,0.07356335,0.006351337,0.018263966,-0.90429795,-0.30256167,0.30116755,-0.17681617,0.9075706,0.3808564,-0.3885633,0.2911562,-0.8742119,,0.10916533,1.3569764,0.456598,0.9959767,0.036803238,-0.081706665,-0.023406506,-0.77328336,-0.6336284,-0.08650198,0.6329916,-0.7693108,,-0.055598415,0.26273188,-0.07719505,0.6144489,-0.20766814,0.761135,0.37932727,0.9236733,-0.054208122,-0.6917828,0.3220274,0.6463242,,-0.010065012,0.4508674,-0.29176968,0.9458463,0.27418613,-0.1737719,-0.3169484,0.89569527,-0.3118873,0.07013149,0.3500742,0.93409294,,1.3957063441599729,0.08082612226163371,0.18394225471000003,1.1952326778617888,-0.48000402367599226,0.054731328826130854,-0.4031331552194012,,-0.8650001410432646,-0.14572024660374228,0.19789163140000002,1.5017993752361634,-0.11094883780953764,0.3955414322264941,0.8368116508059127,,-0.04023202092003429,-0.09250026869413448,0.06086840708,-0.09125690957404896,,1.8365681e-05,5.543232e-06,-8.702278e-06,1.0000001,6.92904e-07,5.662441e-07,-6.891787e-07,1.0,2.9802322e-08,-5.662441e-07,-8.940697e-08,1.0,312,0.935,0,0,0.0,False,-0.26041423509035333,1.0101666237234685
