Task Time,PC1 Time,PC2 Time,Gaze Calib,s_T_psm1,Tx,Ty,Tz,R00,R01,R02,R10,R11,R12,R20,R21,R22,s_T_psm3,Tx,Ty,Tz,R00,R01,R02,R10,R11,R12,R20,R21,R22,cart_T_ecm,Tx,Ty,Tz,R00,R01,R02,R10,R11,R12,R20,R21,R22,ecm_T_psm1,Tx,Ty,Tz,R00,R01,R02,R10,R11,R12,R20,R21,R22,ecm_T_psm3,Tx,Ty,Tz,R00,R01,R02,R10,R11,R12,R20,R21,R22,psm1_joints,q1,q2,q3,q4,q5,q6,jaw,psm3_joints,q1,q2,q3,q4,q5,q6,jaw,ecm_joints,q1,q2,q3,q4,ecmi_T_ecm,Tx,Ty,Tz,R00,R01,R02,R10,R11,R12,R20,R21,R22,Sample #,Task Duration (s),Collisions (binary),Collisions (increments),Cumulative Collision Time (s),Clutch Press,MTMR Angle,MTML Angle
""
lci_T_si,,,,,-0.07072591,0.01445765,0.25301564,0.99407005,-0.048530098,0.09731171,0.027213672,-0.755387,-0.6547136,0.10528132,0.65347934,-0.74958694
rci_T_si,,,,,-0.08048779,0.01901884,0.26158583,0.9921338,-0.068095215,0.105040655,0.018127188,-0.7521092,-0.6587891,0.12386244,0.655511,-0.74495864
ecm_T_lc,,,,,-4.4061628e-05,-0.00034663224,-0.01840835,-0.99912,0.030754527,0.028518902,-0.031987965,-0.99852574,-0.043852776,0.027128186,-0.04472645,0.9986309
ecm_T_rc,,,,,-0.0043358393,0.01870579,-0.007592615,-0.99555075,-0.052743673,-0.078081585,0.04863213,-0.9973746,0.053654674,-0.08070653,0.04961868,0.9955021
cart_T_ecmi,,,,,0.10914613,1.3569756,0.4565894,0.9959767,0.036802545,-0.08170723,-0.0234074,-0.77328336,-0.63362837,-0.08650198,0.6329916,-0.7693108
ecmac_T_ecmrep_psm1,,,,,0.011947535,-0.24624088,-0.3140189,0.99787813,0.060519684,0.024013558,-0.059408683,0.9972389,-0.04455629,-0.026643785,0.04303513,0.9987182
ecmac_T_ecmrep_psm3,,,,,-0.020729378,-0.4297972,-0.5440064,0.99962926,-0.018584386,0.019899037,0.019259674,0.999226,-0.034299888,-0.019246193,0.03467042,0.99921346
""
0,12:07:27.200938,12:07:11.146743,0,,0.07193774,-0.029102989,0.034175888,-0.4206397,0.46388832,-0.7796602,0.16047463,0.88388115,0.43931973,0.8929223,0.059679598,-0.44623783,,0.04578246,-0.013632894,0.012009919,0.2736133,-0.031982772,0.9613081,0.12195492,0.99253416,-0.0016898662,-0.9540769,0.11769846,0.27547097,,0.109123684,1.3569776,0.4565866,0.9959775,0.036830902,-0.08168399,-0.023370873,-0.77328205,-0.63363135,-0.08650198,0.6329916,-0.7693108,,-0.033796992,0.24304758,-0.10469269,0.3574887,-0.40226302,0.8428442,0.7073541,0.70589656,0.036881033,-0.60979664,0.5830047,0.5368924,,0.018031726,0.43395638,-0.30346128,-0.13962789,0.030971648,-0.98971957,-0.55639344,0.824348,0.10429162,0.8191034,0.5652355,-0.097869545,,1.44692350858183,-0.148979239876665,0.17929894393,1.5158486014496266,-0.5733267530157882,0.08067901060448147,0.8716039368925141,,-0.6851068014710789,-0.1873534995286866,0.19972069659000002,2.9031572675432398,1.3947853896056162,1.192368744096187,0.8720939690909169,,-0.04023202092003429,-0.09250026869413448,0.06086840708,-0.09125690957404896,,-2.2161752e-05,-4.1127205e-06,2.7418137e-06,1.0000001,2.8215349e-05,2.3208559e-05,-2.8215349e-05,1.0,3.1292439e-06,-2.321601e-05,-3.1590462e-06,1.0,34,0.101,0,0,0.0,False,1.0460059766388632,1.046666455512739
0.12760365799476858,12:07:27.230573,12:07:11.146743,0,,0.07193656,-0.029102407,0.034173653,-0.4206397,0.46388832,-0.7796602,0.16047463,0.88388115,0.43931973,0.8929223,0.059679598,-0.44623783,,0.045782328,-0.013631478,0.01200974,0.27361202,-0.031828135,0.9613136,0.12196252,0.9925329,-0.0018515438,-0.9540763,0.117750645,0.27545074,,0.109123684,1.3569776,0.4565866,0.9959775,0.036830902,-0.08168399,-0.023370873,-0.77328205,-0.63363135,-0.08650198,0.6329916,-0.7693108,,-0.033795595,0.24304655,-0.104690775,0.3574887,-0.40226302,0.8428442,0.7073541,0.70589656,0.036881033,-0.60979664,0.5830047,0.5368924,,0.01803191,0.43395734,-0.3034602,-0.13962656,0.030811353,-0.98972476,-0.55638725,0.8243692,0.104156606,0.81910783,0.56521326,-0.09796079,,1.44692350858183,-0.148979239876665,0.17930153651000003,1.5158486014496266,-0.5733267530157882,0.08067901060448147,0.8716039368925141,,-0.6851068014710789,-0.18734577679581238,0.19972069659000002,2.9031572675432398,1.3947853896056162,1.192205386615906,0.8724206572231856,,-0.04023202092003429,-0.09250026869413448,0.06086840708,-0.09125690957404896,,-2.2161752e-05,-4.1127205e-06,2.7418137e-06,1.0000001,2.8215349e-05,2.3208559e-05,-2.8215349e-05,1.0,3.1292439e-06,-2.321601e-05,-3.1590462e-06,1.0,45,0.135,0,0,0.0,False,1.0457080880462577,1.0467147357135185
0.15722694499709178,12:07:27.260081,12:07:11.146743,0,,0.07193597,-0.029102124,0.034172535,-0.4206397,0.46388832,-0.7796602,0.16047463,0.88388115,0.43931973,0.8929223,0.059679598,-0.44623783,,0.045782186,-0.013630047,0.012009621,0.2736107,-0.03183052,0.9613139,0.12197,0.992532,-0.0018510967,-0.9540757,0.11775786,0.2754497,,0.109123684,1.3569776,0.4565866,0.9959775,0.036830902,-0.08168399,-0.023370873,-0.77328205,-0.63363135,-0.08650198,0.6329916,-0.7693108,,-0.033794895,0.24304603,-0.104689814,0.3574887,-0.40226302,0.8428442,0.7073541,0.70589656,0.036881033,-0.60979664,0.5830047,0.5368924,,0.018032096,0.4339583,-0.30345917,-0.13962524,0.030812735,-0.9897249,-0.5563811,0.8243734,0.104156256,0.81911224,0.56520706,-0.097959705,,1.44692350858183,-0.148979239876665,0.1793028328,1.5158486014496266,-0.5733267530157882,0.08067901060448147,0.8716039368925141,,-0.6851068014710789,-0.18733805406293816,0.19972069659000002,2.9031572675432398,1.3947853896056162,1.192205386615906,0.8724206572231856,,-0.04023202092003429,-0.09250026869413448,0.06086840708,-0.09125690957404896,,-2.2161752e-05,-4.1127205e-06,2.7418137e-06,1.0000001,2.8215349e-05,2.3208559e-05,-2.8215349e-05,1.0,3.1292439e-06,-2.321601e-05,-3.1590462e-06,1.0,57,0.171,0,0,0.0,False,1.0465421761055524,1.0471009773197542
0.18674385698977858,12:07:27.292000,12:07:11.240224,0,,0.0719338,-0.029102549,0.034172118,-0.42063197,0.46388456,-0.7796666,0.16047448,0.8838835,0.43931505,0.892926,0.05967334,-0.44623134,,0.045782186,-0.013630047,0.012009621,0.2736107,-0.031987563,0.9613087,0.12197,0.99253225,-0.0016889721,-0.9540757,0.117712885,0.27546895,,0.109123684,1.3569776,0.4565866,0.9959775,0.036830902,-0.08168399,-0.023370873,-0.77328205,-0.63363135,-0.08650198,0.6329916,-0.7693108,,-0.033792734,0.24304543,-0.10469001,0.35748067,-0.4022586,0.8428497,0.7073564,0.70589423,0.036881775,-0.6097987,0.58301055,0.5368838,,0.018032096,0.4339583,-0.30345917,-0.13962524,0.030974412,-0.98971987,-0.5563811,0.8243564,0.10429092,0.81911224,0.56522304,-0.09786738,,1.4469312313147042,-0.14898696260953925,0.17930412909000001,1.5158486014496266,-0.5733267530157882,0.08067901060448147,0.8716039368925141,,-0.6851068014710789,-0.18733805406293816,0.19972069659000002,2.9031572675432398,1.3947853896056162,1.192368744096187,0.8720939690909169,,-0.04023202092003429,-0.09250026869413448,0.06086840708,-0.09125690957404896,,-2.2161752e-05,-4.1127205e-06,2.7418137e-06,1.0000001,2.8215349e-05,2.3208559e-05,-2.8215349e-05,1.0,3.1292439e-06,-2.321601e-05,-3.1590462e-06,1.0,68,0.205,0,0,0.0,False,1.0463634429499895,1.0469561367174158
0.21861805400112644,12:07:27.327462,12:07:11.240224,0,,0.07193309,-0.029103734,0.034171417,-0.42052442,0.46397322,-0.7796719,0.16043192,0.8838347,0.43942863,0.8929843,0.05970618,-0.44611022,,0.045784786,-0.01362969,0.012010515,0.2736253,-0.031987935,0.9613045,0.12197226,0.992532,-0.0016910732,-0.9540712,0.11771509,0.2754835,,0.109123684,1.3569776,0.4565866,0.9959775,0.036830902,-0.08168399,-0.023370873,-0.77328205,-0.63363135,-0.08650198,0.6329916,-0.7693108,,-0.033792064,0.24304408,-0.104690336,0.35736597,-0.40235293,0.8428533,0.7073628,0.70587915,0.03704699,-0.6098586,0.5829637,0.53686666,,0.018029397,0.43395898,-0.30345932,-0.13964029,0.030974476,-0.9897177,-0.55637765,0.8243577,0.10429922,0.819112,0.5652212,-0.097880036,,1.44692350858183,-0.14899468534241347,0.17930542538000002,1.5158486014496266,-0.5734633895155536,0.08079042850817787,0.8716039368925141,,-0.6851222469368273,-0.18733805406293816,0.19972069659000002,2.9031572675432398,1.3947853896056162,1.192368744096187,0.8720939690909169,,-0.04023202092003429,-0.09250026869413448,0.06086840708,-0.09125690957404896,,-2.2161752e-05,-4.1127205e-06,2.7418137e-06,1.0000001,2.8215349e-05,2.3208559e-05,-2.8215349e-05,1.0,3.1292439e-06,-2.321601e-05,-3.1590462e-06,1.0,76,0.228,0,0,0.0,False,1.0463038652314682,1.0470044169181953
0.25409735400171485,12:07:27.353975,12:07:11.240224,0,,0.07193039,-0.02910395,0.034172118,-0.42040533,0.46406102,-0.7796838,0.16038159,0.88378644,0.43954426,0.89304936,0.05973974,-0.44597542,,0.04578492,-0.01363112,0.012010694,0.27362663,-0.03198553,0.9613042,0.12196466,0.99253297,-0.0016915277,-0.95407176,0.11770788,0.27548453,,0.109123684,1.3569776,0.4565866,0.9959775,0.036830902,-0.08168399,-0.023370873,-0.77328205,-0.63363135,-0.08650198,0.6329916,-0.7693108,,-0.033789456,0.24304438,-0.10469129,0.3572387,-0.40244642,0.8428626,0.7073678,0.7058649,0.037222717,-0.6099273,0.5829165,0.5368399,,0.018029211,0.43395802,-0.3034604,-0.13964161,0.030973092,-0.9897176,-0.55638385,0.82435346,0.10429957,0.8191076,0.56522745,-0.097881116,,1.4469312313147042,-0.1490024080752877,0.17930672167000003,1.5158486014496266,-0.5736000260153189,0.08090184641187421,0.8716039368925141,,-0.6851222469368273,-0.18734577679581238,0.19972069659000002,2.9031572675432398,1.3947853896056162,1.192368744096187,0.8720939690909169,,-0.04023202092003429,-0.09250026869413448,0.06086840708,-0.09125690957404896,,-2.2161752e-05,-4.1127205e-06,2.7418137e-06,1.0000001,2.8215349e-05,2.3208559e-05,-2.8215349e-05,1.0,3.1292439e-06,-2.321601e-05,-3.1590462e-06,1.0,84,0.253,0,0,0.0,False,1.0463038652314682,1.0466181753119597
0.280644154001493,12:07:27.381056,12:07:11.240224,0,,0.07193081,-0.02910415,0.0341703,-0.42041108,0.46406147,-0.7796805,0.16038546,0.8837862,0.43954325,0.8930459,0.05973935,-0.44598225,,0.045783624,-0.013631299,0.012010217,0.2736193,-0.031985343,0.9613063,0.12196353,0.99253297,-0.0016904697,-0.9540741,0.117706746,0.27547723,,0.109123684,1.3569776,0.4565866,0.9959775,0.036830902,-0.08168399,-0.023370873,-0.77328205,-0.63363135,-0.08650198,0.6329916,-0.7693108,,-0.033789728,0.24304304,-0.10469002,0.35724497,-0.40244684,0.84285975,0.7073685,0.7058645,0.037217464,-0.6099228,0.5829167,0.53684473,,0.018030562,0.43395767,-0.3034603,-0.13963409,0.030973062,-0.9897186,-0.5563856,0.8243528,0.10429542,0.8191077,0.56522834,-0.09787479,,1.44692350858183,-0.1490024080752877,0.17930801796,1.5158486014496266,-0.5736000260153189,0.08090184641187421,0.8716039368925141,,-0.6851145242039531,-0.18734577679581238,0.19972069659000002,2.9031572675432398,1.3947853896056162,1.1922870653560462,0.8719306250247825,,-0.04023202092003429,-0.09250026869413448,0.06086840708,-0.09125690957404896,,-2.2161752e-05,-4.1127205e-06,2.7418137e-06,1.0000001,2.8215349e-05,2.3208559e-05,-2.8215349e-05,1.0,3.1292439e-06,-2.321601e-05,-3.1590462e-06,1.0,95,0.287,0,0,0.0,False,1.0460059766388632,1.0465216149104006
0.30767783099145163,12:07:27.411643,12:07:11.240224,0,,0.07193081,-0.02910415,0.0341703,-0.42041108,0.46406147,-0.7796805,0.16038546,0.8837862,0.43954325,0.8930459,0.05973935,-0.44598225,,0.045786224,-0.0136309415,0.01201117,0.27363393,-0.031907193,0.9613047,0.121965766,0.9925326,-0.001773648,-0.9540696,0.11773142,0.27548218,,0.109123684,1.3569776,0.4565866,0.9959775,0.036830902,-0.08168399,-0.023370873,-0.77328205,-0.63363135,-0.08650198,0.6329916,-0.7693108,,-0.033789728,0.24304304,-0.10469002,0.35724497,-0.40244684,0.84285975,0.7073685,0.7058645,0.037217464,-0.6099228,0.5829167,0.53684473,,0.01802786,0.43395838,-0.30346048,-0.13964914,0.030892285,-0.98971903,-0.5563821,0.8243626,0.10423639,0.8191075,0.5652185,-0.09793361,,1.44692350858183,-0.1490024080752877,0.17930801796,1.5158486014496266,-0.5736000260153189,0.08090184641187421,0.8716039368925141,,-0.6851299696697016,-0.18734577679581238,0.19972069659000002,2.9031572675432398,1.3947853896056162,1.1922870653560462,0.8719306250247825,,-0.04023202092003429,-0.09250026869413448,0.06086840708,-0.09125690957404896,,-2.2161752e-05,-4.1127205e-06,2.7418137e-06,1.0000001,2.8215349e-05,2.3208559e-05,-2.8215349e-05,1.0,3.1292439e-06,-2.321601e-05,-3.1590462e-06,1.0,103,0.311,0,0,0.0,False,1.0464825983870312,1.0466181753119597
0.3383094489981886,12:07:27.432281,12:07:11.240224,0,,0.07192904,-0.029104762,0.03416808,-0.42040902,0.4640582,-0.7796836,0.16038916,0.8837884,0.43953753,0.89304626,0.059732735,-0.44598258,,0.045784786,-0.01362969,0.012010515,0.2736253,-0.031909414,0.9613071,0.12197226,0.9925319,-0.0017721355,-0.9540712,0.11773759,0.2754739,,0.109123684,1.3569776,0.4565866,0.9959775,0.036830902,-0.08168399,-0.023370873,-0.77328205,-0.63363135,-0.08650198,0.6329916,-0.7693108,,-0.033787835,0.24304111,-0.10468894,0.3572432,-0.40244287,0.8428624,0.7073715,0.70586175,0.03721295,-0.60992044,0.5829227,0.5368409,,0.018029397,0.43395898,-0.30345932,-0.13964029,0.030893637,-0.9897202,-0.55637765,0.8243662,0.10423189,0.819112,0.5652132,-0.0979262,,1.44692350858183,-0.14901013080816192,0.17931061054000003,1.5158486014496266,-0.5736000260153189,0.08090184641187421,0.8716039368925141,,-0.6851222469368273,-0.18733805406293816,0.19972069659000002,2.9031572675432398,1.3947853896056162,1.1922870653560462,0.8719306250247825,,-0.04023202092003429,-0.09250026869413448,0.06086840708,-0.09125690957404896,,-2.2161752e-05,-4.1127205e-06,2.7418137e-06,1.0000001,2.8215349e-05,2.3208559e-05,-2.8215349e-05,1.0,3.1292439e-06,-2.321601e-05,-3.1590462e-06,1.0,111,0.335,0,0,0.0,False,1.045886821201821,1.0469078565166363
0.3589190359925851,12:07:27.457158,12:07:11.386849,0,,0.07192904,-0.029104762,0.03416808,-0.42040902,0.4640582,-0.7796836,0.16038916,0.8837884,0.43953753,0.89304626,0.059732735,-0.44598258,,0.04578147,-0.013631031,0.012009382,0.27369004,-0.031519912,0.9613015,0.121999025,0.9925277,-0.0021902844,-0.9540492,0.117877215,0.27549034,,0.109123684,1.3569776,0.4565866,0.9959775,0.036830902,-0.08168399,-0.023370873,-0.77328205,-0.63363135,-0.08650198,0.6329916,-0.7693108,,-0.033787835,0.24304111,-0.10468894,0.3572432,-0.40244287,0.8428624,0.7073715,0.70586175,0.03721295,-0.60992044,0.5829227,0.5368409,,0.01803281,0.4339575,-0.30345976,-0.13970698,0.03048877,-0.9897234,-0.5563482,0.82442427,0.10392945,0.81912065,0.5651505,-0.09821546,,1.44692350858183,-0.14901013080816192,0.17931061054000003,1.5158486014496266,-0.5736000260153189,0.08090184641187421,0.8716039368925141,,-0.6851222469368273,-0.18733805406293816,0.19972069659000002,2.9035766474302087,1.3947853896056162,1.1922870653560462,0.8719306250247825,,-0.04023202092003429,-0.09250026869413448,0.06086840708,-0.09125690957404896,,-2.2161752e-05,-4.1127205e-06,2.7418137e-06,1.0000001,2.8215349e-05,2.3208559e-05,-2.8215349e-05,1.0,3.1292439e-06,-2.321601e-05,-3.1590462e-06,1.0,119,0.359,0,0,0.0,False,1.04642302066851,1.046425054508842
0.38382597400050145,12:07:27.487093,12:07:11.386849,0,,0.07192744,-0.029103994,0.034167647,-0.42040333,0.46405774,-0.77968687,0.16038528,0.8837886,0.43953857,0.89304966,0.059733093,-0.44597572,,0.045782775,-0.013630882,0.012009859,0.27369738,-0.031441577,0.96130204,0.1220001,0.9925275,-0.0022724122,-0.95404696,0.11790076,0.275488,,0.109123684,1.3569776,0.4565866,0.9959775,0.036830902,-0.08168399,-0.023370873,-0.77328205,-0.63363135,-0.08650198,0.6329916,-0.7693108,,-0.033786166,0.24304141,-0.104688294,0.35723695,-0.40244246,0.8428652,0.70737076,0.70586216,0.037218206,-0.6099249,0.5829225,0.5368361,,0.01803146,0.43395782,-0.30345985,-0.13971452,0.030407963,-0.9897248,-0.5563465,0.8244334,0.103866264,0.8191205,0.56514156,-0.09826795,,1.4469312313147042,-0.14901013080816192,0.17931190683,1.5158486014496266,-0.5736000260153189,0.08090184641187421,0.8716039368925141,,-0.6851299696697016,-0.18733805406293816,0.19972069659000002,2.9035766474302087,1.3947853896056162,1.1922053866159055,0.8720939690909171,,-0.04023202092003429,-0.09250026869413448,0.06086840708,-0.09125690957404896,,-2.2161752e-05,-4.1127205e-06,2.7418137e-06,1.0000001,2.8215349e-05,2.3208559e-05,-2.8215349e-05,1.0,3.1292439e-06,-2.321601e-05,-3.1590462e-06,1.0,127,0.384,0,0,0.0,False,1.046244287512947,1.0468112961150775
0.41375349900044966,12:07:27.511607,12:07:11.386849,0,,0.07192709,-0.029104136,0.034164757,-0.42033663,0.46421745,-0.7796278,0.16055423,0.8837124,0.4396301,0.8930507,0.059620053,-0.44598877,,0.045782417,-0.013631374,0.0120097995,0.27373704,-0.031168506,0.9612996,0.12201461,0.992525,-0.0025636032,-0.95403373,0.11799428,0.27549383,,0.109123684,1.3569776,0.4565866,0.9959775,0.036830902,-0.08168399,-0.023370873,-0.77328205,-0.63363135,-0.08650198,0.6329916,-0.7693108,,-0.03378559,0.24303938,-0.10468626,0.35718277,-0.40259755,0.84281415,0.70749885,0.7057306,0.037278682,-0.609808,0.58297473,0.5369121,,0.018031817,0.43395743,-0.30346015,-0.1397554,0.030124722,-0.9897277,-0.55633,0.8244715,0.103651844,0.8191247,0.56510115,-0.098465055,,1.44692350858183,-0.14901785354103614,0.17931449941000002,1.516058291393111,-0.5736000260153189,0.08090184641187421,0.8716039368925141,,-0.6851376924025758,-0.18733805406293816,0.19972069659000002,2.903786337373693,1.3947853896056162,1.1921237078757652,0.8722573131570512,,-0.04023202092003429,-0.09250026869413448,0.06086840708,-0.09125690957404896,,-2.2161752e-05,-4.1127205e-06,2.7418137e-06,1.0000001,2.8215349e-05,2.3208559e-05,-2.8215349e-05,1.0,3.1292439e-06,-2.321601e-05,-3.1590462e-06,1.0,142,0.43,0,0,0.0,False,1.0461251320759053,1.0465216149104006
0.43821125000249594,12:07:27.551491,12:07:11.386849,0,,0.07192451,-0.029104032,0.034163207,-0.4204013,0.46405447,-0.7796899,0.16038898,0.88379073,0.43953282,0.8930499,0.059726477,-0.44597602,,0.04578112,-0.013631552,0.012009323,0.27372974,-0.031168312,0.9613016,0.12201348,0.9925251,-0.0025625378,-0.95403594,0.117993146,0.27548656,,0.109123684,1.3569776,0.4565866,0.9959775,0.036830902,-0.08168399,-0.023370873,-0.77328205,-0.63363135,-0.08650198,0.6329916,-0.7693108,,-0.033782877,0.24303845,-0.1046853,0.3572352,-0.4024385,0.8428679,0.70737374,0.7058594,0.037213694,-0.60992247,0.58292854,0.5368322,,0.018033167,0.43395707,-0.30346006,-0.13974787,0.03012469,-0.98972875,-0.55633175,0.8244708,0.1036477,0.8191248,0.5651021,-0.09845872,,1.4469312313147042,-0.14901785354103614,0.17931709199,1.5158486014496266,-0.5736000260153189,0.08090184641187421,0.8716039368925141,,-0.6851299696697016,-0.18733805406293816,0.19972069659000002,2.903786337373693,1.3947853896056162,1.1921237078757652,0.8722573131570512,,-0.04023202092003429,-0.09250026869413448,0.06086840708,-0.09125690957404896,,-2.2161752e-05,-4.1127205e-06,2.7418137e-06,1.0000001,2.8215349e-05,2.3208559e-05,-2.8215349e-05,1.0,3.1292439e-06,-2.321601e-05,-3.1590462e-06,1.0,150,0.455,0,0,0.0,False,1.0461847097944261,1.0469078565166363
0.4781594679952832,12:07:27.578936,12:07:11.386849,0,,0.0719239,-0.029104888,0.03416024,-0.42047736,0.4638924,-0.77974534,0.16023141,0.8838687,0.43943354,0.8930423,0.059832126,-0.44597697,,0.04578112,-0.013631552,0.012009323,0.27372974,-0.031168312,0.9613016,0.12201348,0.9925251,-0.0025625378,-0.95403594,0.117993146,0.27548656,,0.109123684,1.3569776,0.4565866,0.9959775,0.036830902,-0.08168399,-0.023370873,-0.77328205,-0.63363135,-0.08650198,0.6329916,-0.7693108,,-0.033782102,0.24303585,-0.10468371,0.35730007,-0.4022803,0.8429159,0.70724994,0.70598745,0.03713818,-0.61002797,0.58288276,0.53676206,,0.018033167,0.43395707,-0.30346006,-0.13974787,0.03012469,-0.98972875,-0.55633175,0.8244708,0.1036477,0.8191248,0.5651021,-0.09845872,,1.44692350858183,-0.14901785354103614,0.17931968457000003,1.5156389115061422,-0.5736000260153189,0.08090184641187421,0.8716039368925141,,-0.6851299696697016,-0.18733805406293816,0.19972069659000002,2.903786337373693,1.3947853896056162,1.1921237078757652,0.8722573131570512,,-0.04023202092003429,-0.09250026869413448,0.06086840708,-0.09125690957404896,,-2.2161752e-05,-4.1127205e-06,2.7418137e-06,1.0000001,2.8215349e-05,2.3208559e-05,-2.8215349e-05,1.0,3.1292439e-06,-2.321601e-05,-3.1590462e-06,1.0,162,0.491,0,0,0.0,False,1.0461251320759053,1.0471492575205337
0.5055494010011898,12:07:27.614241,12:07:11.558853,0,,0.071921304,-0.029104784,0.034158677,-0.420542,0.46372938,-0.77980745,0.16006607,0.883947,0.43933624,0.8930416,0.05993852,-0.44596425,,0.04578112,-0.013631552,0.012009323,0.27372974,-0.031168312,0.9613016,0.12201348,0.9925251,-0.0025625378,-0.95403594,0.117993146,0.27548656,,0.109123684,1.3569776,0.4565866,0.9959775,0.036830902,-0.08168399,-0.023370873,-0.77328205,-0.63363135,-0.08650198,0.6329916,-0.7693108,,-0.03377939,0.2430349,-0.10468275,0.35735244,-0.40212122,0.8429696,0.70712477,0.7061162,0.037073154,-0.6101424,0.5828365,0.53668225,,0.018033167,0.43395707,-0.30346006,-0.13974787,0.03012469,-0.98972875,-0.55633175,0.8244708,0.1036477,0.8191248,0.5651021,-0.09845872,,1.4469312313147042,-0.14901785354103614,0.17932227715000001,1.5154292215626575,-0.5736000260153189,0.08090184641187421,0.8716039368925141,,-0.6851299696697016,-0.18733805406293816,0.19972069659000002,2.903786337373693,1.3947853896056162,1.1921237078757652,0.8722573131570512,,-0.04023202092003429,-0.09250026869413448,0.06086840708,-0.09125690957404896,,-2.2161752e-05,-4.1127205e-06,2.7418137e-06,1.0000001,2.8215349e-05,2.3208559e-05,-2.8215349e-05,1.0,3.1292439e-06,-2.321601e-05,-3.1590462e-06,1.0,174,0.527,0,0,0.0,False,1.0460059766388632,1.046666455512739
0.5408862909971504,12:07:27.648879,12:07:11.558853,0,,0.071920715,-0.029104494,0.034157544,-0.420542,0.46372938,-0.77980745,0.16006607,0.883947,0.43933624,0.8930416,0.05993852,-0.44596425,,0.04578112,-0.013631552,0.012009323,0.27372974,-0.031168312,0.9613016,0.12201348,0.9925251,-0.0025625378,-0.95403594,0.117993146,0.27548656,,0.109123684,1.3569776,0.4565866,0.9959775,0.036830902,-0.08168399,-0.023370873,-0.77328205,-0.63363135,-0.08650198,0.6329916,-0.7693108,,-0.033778694,0.24303438,-0.10468179,0.35735244,-0.40212122,0.8429696,0.70712477,0.7061162,0.037073154,-0.6101424,0.5828365,0.53668225,,0.018033167,0.43395707,-0.30346006,-0.13974787,0.03012469,-0.98972875,-0.55633175,0.8244708,0.1036477,0.8191248,0.5651021,-0.09845872,,1.4469312313147042,-0.14901785354103614,0.17932357344000002,1.5154292215626575,-0.5736000260153189,0.08090184641187421,0.8716039368925141,,-0.6851299696697016,-0.18733805406293816,0.19972069659000002,2.903786337373693,1.3947853896056162,1.1921237078757652,0.8722573131570512,,-0.04023202092003429,-0.09250026869413448,0.06086840708,-0.09125690957404896,,-2.2161752e-05,-4.1127205e-06,2.7418137e-06,1.0000001,2.8215349e-05,2.3208559e-05,-2.8215349e-05,1.0,3.1292439e-06,-2.321601e-05,-3.1590462e-06,1.0,189,0.574,0,0,0.0,False,1.046244287512947,1.046859576315857
0.5755491469899425,12:07:27.692118,12:07:11.558853,0,,0.07191954,-0.029105388,0.03415644,-0.42053998,0.46372607,-0.77981055,0.16006976,0.88394916,0.43933052,0.8930419,0.059931844,-0.44596452,,0.04578407,-0.013630673,0.012010336,0.27370468,-0.03136325,0.9613025,0.1220012,0.9925271,-0.0023545325,-0.95404476,0.11792439,0.27548566,,0.109123684,1.3569776,0.4565866,0.9959775,0.036830902,-0.08168399,-0.023370873,-0.77328205,-0.63363135,-0.08650198,0.6329916,-0.7693108,,-0.033777498,0.24303298,-0.10468167,0.35735068,-0.40211725,0.8429723,0.70712775,0.70611346,0.037068646,-0.61014,0.5828426,0.5366784,,0.01803011,0.43395817,-0.30345994,-0.13972205,0.030327154,-0.98972625,-0.55634475,0.8244425,0.103803076,0.8191204,0.5651326,-0.09832044,,1.4469312313147042,-0.14902557627391036,0.17932486973000003,1.5154292215626575,-0.5736000260153189,0.08090184641187421,0.8716039368925141,,-0.6851376924025758,-0.18733805406293816,0.19972069659000002,2.9035766474302087,1.3947853896056162,1.1921237078757652,0.8722573131570512,,-0.04023202092003429,-0.09250026869413448,0.06086840708,-0.09125690957404896,,-2.2161752e-05,-4.1127205e-06,2.7418137e-06,1.0000001,2.8215349e-05,2.3208559e-05,-2.8215349e-05,1.0,3.1292439e-06,-2.321601e-05,-3.1590462e-06,1.0,197,0.597,0,0,0.0,False,1.0460059766388632,1.046859576315857
0.6187574899959145,12:07:27.720595,12:07:11.558853,0,,0.07191837,-0.029106297,0.03415534,-0.42053795,0.46372277,-0.7798136,0.16007349,0.88395137,0.43932483,0.89304215,0.05992523,-0.44596484,,0.045785815,-0.013630539,0.012009561,0.27371198,-0.031363428,0.9613004,0.1220023,0.99252695,-0.0023555756,-0.95404255,0.117925435,0.2754929,,0.109123684,1.3569776,0.4565866,0.9959775,0.036830902,-0.08168399,-0.023370873,-0.77328205,-0.63363135,-0.08650198,0.6329916,-0.7693108,,-0.033776306,0.24303156,-0.10468156,0.3573489,-0.4021133,0.8429749,0.70713073,0.7061108,0.037064135,-0.6101376,0.5828486,0.53667456,,0.018028492,0.43395764,-0.3034591,-0.13972957,0.030327188,-0.9897252,-0.5563431,0.8244431,0.103807226,0.8191203,0.56513166,-0.098326765,,1.4469312313147042,-0.14903329900678458,0.17932616602,1.5154292215626575,-0.5736000260153189,0.08090184641187421,0.8716039368925141,,-0.68514541513545,-0.18733805406293816,0.19972199288000003,2.9035766474302087,1.3947853896056162,1.1921237078757652,0.8722573131570512,,-0.04023202092003429,-0.09250026869413448,0.06086840708,-0.09125690957404896,,-2.2161752e-05,-4.1127205e-06,2.7418137e-06,1.0000001,2.8215349e-05,2.3208559e-05,-2.8215349e-05,1.0,3.1292439e-06,-2.321601e-05,-3.1590462e-06,1.0,205,0.622,0,0,0.0,False,1.0455293548906948,1.0466181753119597
0.6472630919888616,12:07:27.753911,12:07:11.687534,0,,0.07191936,-0.02910678,0.034154654,-0.42054367,0.46372324,-0.7798102,0.16007733,0.8839512,0.43932378,0.89303875,0.05992484,-0.44597167,,0.045784503,-0.013630748,0.012009144,0.27370468,-0.03136325,0.9613025,0.1220012,0.9925271,-0.0023545325,-0.95404476,0.11792439,0.27548566,,0.109123684,1.3569776,0.4565866,0.9959775,0.036830902,-0.08168399,-0.023370873,-0.77328205,-0.63363135,-0.08650198,0.6329916,-0.7693108,,-0.033777274,0.24303074,-0.104681246,0.35735515,-0.40211374,0.84297204,0.7071314,0.70611036,0.03705888,-0.6101332,0.58284885,0.5366794,,0.018029843,0.4339573,-0.30345902,-0.13972205,0.030327154,-0.98972625,-0.55634475,0.8244425,0.103803076,0.8191204,0.5651326,-0.09832044,,1.44692350858183,-0.14903329900678458,0.17932616602,1.5154292215626575,-0.5736000260153189,0.08090184641187421,0.8716039368925141,,-0.6851376924025758,-0.18733805406293816,0.19972199288000003,2.9035766474302087,1.3947853896056162,1.1921237078757652,0.8722573131570512,,-0.04023202092003429,-0.09250026869413448,0.06086840708,-0.09125690957404896,,-2.2161752e-05,-4.1127205e-06,2.7418137e-06,1.0000001,2.8215349e-05,2.3208559e-05,-2.8215349e-05,1.0,3.1292439e-06,-2.321601e-05,-3.1590462e-06,1.0,217,0.658,0,0,0.0,False,1.0464825983870312,1.0471975377213132
0.680578808998689,12:07:27.784953,12:07:11.687534,0,,0.07191759,-0.029108867,0.03415355,-0.42053965,0.4637167,-0.77981627,0.16008466,0.8839555,0.4393124,0.89303935,0.05991158,-0.4459723,,0.045785815,-0.013630539,0.012009561,0.27371198,-0.031363428,0.9613004,0.1220023,0.99252695,-0.0023555756,-0.95404255,0.117925435,0.2754929,,0.109123684,1.3569776,0.4565866,0.9959775,0.036830902,-0.08168399,-0.023370873,-0.77328205,-0.63363135,-0.08650198,0.6329916,-0.7693108,,-0.033775583,0.24302845,-0.104681976,0.35735163,-0.4021058,0.8429773,0.70713735,0.7061049,0.037049856,-0.61012834,0.5828609,0.53667176,,0.018028492,0.43395764,-0.3034591,-0.13972957,0.030327188,-0.9897252,-0.5563431,0.8244431,0.103807226,0.8191203,0.56513166,-0.098326765,,1.44692350858183,-0.14904874447253302,0.17932746231000002,1.5154292215626575,-0.5736000260153189,0.08090184641187421,0.8716039368925141,,-0.68514541513545,-0.18733805406293816,0.19972199288000003,2.9035766474302087,1.3947853896056162,1.1921237078757652,0.8722573131570512,,-0.04023202092003429,-0.09250026869413448,0.06086840708,-0.09125690957404896,,-2.2161752e-05,-4.1127205e-06,2.7418137e-06,1.0000001,2.8215349e-05,2.3208559e-05,-2.8215349e-05,1.0,3.1292439e-06,-2.321601e-05,-3.1590462e-06,1.0,236,0.717,0,0,0.0,False,1.0461847097944261,1.0469078565166363
0.7116219299932709,12:07:27.839679,12:07:11.687534,0,,0.071916595,-0.029106908,0.034153104,-0.42053592,0.4637195,-0.7798166,0.16007715,0.8839536,0.43931913,0.89304245,0.059918642,-0.44596517,,0.045784503,-0.013630748,0.012009144,0.27370468,-0.03136325,0.9613025,0.1220012,0.9925271,-0.0023545325,-0.95404476,0.11792439,0.27548566,,0.109123684,1.3569776,0.4565866,0.9959775,0.036830902,-0.08168399,-0.023370873,-0.77328205,-0.63363135,-0.08650198,0.6329916,-0.7693108,,-0.033774413,0.24302964,-0.10468048,0.35734713,-0.40210932,0.8429775,0.7071337,0.70610803,0.037059624,-0.6101352,0.5828546,0.53667074,,0.018029843,0.4339573,-0.30345902,-0.13972205,0.030327154,-0.98972625,-0.55634475,0.8244425,0.103803076,0.8191204,0.5651326,-0.09832044,,1.4469312313147042,-0.1490410217396588,0.17932875860000003,1.5154292215626575,-0.5736000260153189,0.08090184641187421,0.8716039368925141,,-0.6851376924025758,-0.18733805406293816,0.19972199288000003,2.9035766474302087,1.3947853896056162,1.1921237078757652,0.8722573131570512,,-0.04023202092003429,-0.09250026869413448,0.06086840708,-0.09125690957404896,,-2.2161752e-05,-4.1127205e-06,2.7418137e-06,1.0000001,2.8215349e-05,2.3208559e-05,-2.8215349e-05,1.0,3.1292439e-06,-2.321601e-05,-3.1590462e-06,1.0,244,0.74,0,0,0.0,False,1.0463038652314682,1.0471492575205337
0.7662928490026388,12:07:27.862020,12:07:11.687534,0,,0.07191759,-0.029107407,0.034152403,-0.42054167,0.46371996,-0.77981323,0.16008109,0.88395333,0.43931812,0.89303905,0.059918195,-0.445972,,0.045784503,-0.013630748,0.012009144,0.27370468,-0.03136325,0.9613025,0.1220012,0.9925271,-0.0023545325,-0.95404476,0.11792439,0.27548566,,0.109123684,1.3569776,0.4565866,0.9959775,0.036830902,-0.08168399,-0.023370873,-0.77328205,-0.63363135,-0.08650198,0.6329916,-0.7693108,,-0.03377538,0.2430288,-0.10468017,0.3573534,-0.40210977,0.84297466,0.70713437,0.7061076,0.037054367,-0.6101307,0.58285487,0.5366756,,0.018029843,0.4339573,-0.30345902,-0.13972205,0.030327154,-0.98972625,-0.55634475,0.8244425,0.103803076,0.8191204,0.5651326,-0.09832044,,1.44692350858183,-0.1490410217396588,0.17932875860000003,1.5154292215626575,-0.5736000260153189,0.08090184641187421,0.8716039368925141,,-0.6851376924025758,-0.18733805406293816,0.19972199288000003,2.9035766474302087,1.3947853896056162,1.1921237078757652,0.8722573131570512,,-0.04023202092003429,-0.09250026869413448,0.06086840708,-0.09125690957404896,,-2.2161752e-05,-4.1127205e-06,2.7418137e-06,1.0000001,2.8215349e-05,2.3208559e-05,-2.8215349e-05,1.0,3.1292439e-06,-2.321601e-05,-3.1590462e-06,1.0,256,0.777,0,0,0.0,False,1.0461251320759053,1.0469561367174158
0.7886734130006516,12:07:27.907415,12:07:11.840686,0,,0.07191601,-0.029106632,0.034151986,-0.42053592,0.4637195,-0.7798166,0.16007715,0.8839536,0.43931913,0.89304245,0.059918642,-0.44596517,,0.045784503,-0.013630748,0.012009144,0.27370468,-0.03136325,0.9613025,0.1220012,0.9925271,-0.0023545325,-0.95404476,0.11792439,0.27548566,,0.109123684,1.3569776,0.4565866,0.9959775,0.036830902,-0.08168399,-0.023370873,-0.77328205,-0.63363135,-0.08650198,0.6329916,-0.7693108,,-0.033773713,0.24302912,-0.10467952,0.35734713,-0.40210932,0.8429775,0.7071337,0.70610803,0.037059624,-0.6101352,0.5828546,0.53667074,,0.018029843,0.4339573,-0.30345902,-0.13972205,0.030327154,-0.98972625,-0.55634475,0.8244425,0.103803076,0.8191204,0.5651326,-0.09832044,,1.44692350858183,-0.1490410217396588,0.17933005489,1.5154292215626575,-0.5736000260153189,0.08090184641187421,0.8716039368925141,,-0.6851376924025758,-0.18733805406293816,0.19972199288000003,2.9035766474302087,1.3947853896056162,1.1921237078757652,0.8722573131570512,,-0.04023202092003429,-0.09250026869413448,0.06086840708,-0.09125690957404896,,-2.2161752e-05,-4.1127205e-06,2.7418137e-06,1.0000001,2.8215349e-05,2.3208559e-05,-2.8215349e-05,1.0,3.1292439e-06,-2.321601e-05,-3.1590462e-06,1.0,268,0.814,0,0,0.0,False,1.0455293548906948,1.0470526971189749
0.8340572949964553,12:07:27.933113,12:07:11.840686,0,,0.07192104,-0.029115714,0.034157246,-0.42051217,0.46383017,-0.77976334,0.16007525,0.8838919,0.43944377,0.8930539,0.05997047,-0.4459352,,0.045845866,-0.013601586,0.012015313,0.27366507,-0.031426594,0.9613116,0.122020215,0.9925249,-0.002289541,-0.95405364,0.11792576,0.2754541,,0.10907054,1.3569821,0.4565804,0.99597853,0.036863744,-0.08165708,-0.023328574,-0.77328044,-0.6336348,-0.08650198,0.6329916,-0.7693108,,-0.03373243,0.24303445,-0.10469505,0.3573158,-0.4022668,0.84291565,0.7071538,0.70608056,0.037198894,-0.61013025,0.5827793,0.53675824,,0.018015143,0.4339896,-0.30344155,-0.13968518,0.030347561,-0.98973083,-0.55634093,0.82444566,0.10379843,0.8191293,0.5651269,-0.098279245,,1.44692350858183,-0.1490410217396588,0.17933005489,1.5154292215626575,-0.5736000260153189,0.08106520389215537,0.8716039368925141,,-0.68514541513545,-0.18733033133006394,0.19972199288000003,2.9035766474302087,1.3947853896056162,1.1921237078757652,0.8722573131570512,,-0.04023202092003429,-0.09250026869413448,0.06086840708,-0.09125690957404896,,-7.465854e-05,-1.3530254e-05,8.940697e-06,1.0,6.0886145e-05,5.0097704e-05,-6.088242e-05,0.9999999,6.824732e-06,-5.0097704e-05,-6.8843365e-06,1.0,279,0.848,0,0,0.0,False,1.0463038652314682,1.046763015914298
0.8597634589968948,12:07:27.964885,12:07:11.840686,0,,0.071922444,-0.029117867,0.034155875,-0.42052162,0.4638278,-0.77975976,0.16008669,0.88389367,0.43943602,0.89304745,0.059963048,-0.44594914,,0.045844704,-0.013603181,0.012015015,0.27365908,-0.031424016,0.96131337,0.12201148,0.9925259,-0.0022889376,-0.9540565,0.11791742,0.27544782,,0.10907054,1.3569821,0.4565804,0.99597853,0.036863744,-0.08165708,-0.023328574,-0.77328044,-0.6336348,-0.08650198,0.6329916,-0.7693108,,-0.03373387,0.24303192,-0.104695275,0.35732654,-0.4022637,0.8429126,0.70715815,0.706077,0.037183877,-0.6101189,0.5827857,0.5367641,,0.018016307,0.4339883,-0.30344254,-0.13967898,0.030346148,-0.9897317,-0.55634886,0.8244408,0.103794634,0.819125,0.56513405,-0.09827401,,1.4469080631160816,-0.14904874447253302,0.17933005489,1.5154292215626575,-0.5736000260153189,0.0810652038921554,0.8712772487602455,,-0.6851376924025758,-0.18733805406293816,0.19972199288000003,2.9035766474302087,1.3947853896056162,1.1921237078757652,0.8722573131570512,,-0.04023202092003429,-0.09250026869413448,0.06086840708,-0.09125690957404896,,-7.465854e-05,-1.3530254e-05,8.940697e-06,1.0,6.0886145e-05,5.0097704e-05,-6.088242e-05,0.9999999,6.824732e-06,-5.0097704e-05,-6.8843365e-06,1.0,287,0.871,0,0,0.0,False,1.0461847097944261,1.0473423783236515
0.8915265349933179,12:07:27.994645,12:07:11.840686,0,,0.07192303,-0.02911669,0.03415586,-0.42052364,0.4638311,-0.7797567,0.160083,0.88389146,0.43944177,0.8930471,0.059969664,-0.4459489,,0.045846507,-0.013603881,0.01201579,0.273628,-0.031694897,0.9613133,0.1219905,0.99252915,-0.001999244,-0.9540681,0.11781797,0.27545023,,0.10907054,1.3569821,0.4565804,0.99597853,0.036863744,-0.08165708,-0.023328574,-0.77328044,-0.6336348,-0.08650198,0.6329916,-0.7693108,,-0.033734366,0.24303281,-0.10469443,0.35732833,-0.40226766,0.84291,0.70715517,0.7060797,0.03718839,-0.6101213,0.5827797,0.53676796,,0.018014414,0.43398812,-0.30344337,-0.13964696,0.03062804,-0.98972756,-0.5563698,0.8243991,0.10401355,0.81911623,0.56517965,-0.09808431,,1.4469080631160816,-0.1490410217396588,0.17933005489,1.5154292215626575,-0.5736000260153189,0.0810652038921554,0.8712772487602455,,-0.6851376924025758,-0.18734577679581238,0.19972199288000003,2.9033669574867242,1.3947853896056162,1.1922053866159055,0.8720939690909171,,-0.04023202092003429,-0.09250026869413448,0.06086840708,-0.09125690957404896,,-7.465854e-05,-1.3530254e-05,8.940697e-06,1.0,6.0886145e-05,5.0097704e-05,-6.088242e-05,0.9999999,6.824732e-06,-5.0097704e-05,-6.8843365e-06,1.0,295,0.896,0,0,0.0,False,1.0455293548906948,1.046859576315857
0.921267004989204,12:07:28.025060,12:07:11.840686,0,,0.07192361,-0.02911549,0.03415586,-0.42052564,0.46383438,-0.7797536,0.16007939,0.88388926,0.43944746,0.89304686,0.05997634,-0.44594857,,0.045835607,-0.013608053,0.012010723,0.27376252,-0.03098216,0.96129817,0.1221959,0.9925019,-0.0028115883,-0.9540032,0.118236154,0.2754957,,0.10907054,1.3569821,0.4565804,0.99597853,0.036863744,-0.08165708,-0.023328574,-0.77328044,-0.6336348,-0.08650198,0.6329916,-0.7693108,,-0.03373486,0.2430337,-0.10469359,0.35733008,-0.40227163,0.8429073,0.70715225,0.70608246,0.0371929,-0.6101237,0.5827736,0.5367718,,0.018025832,0.43398255,-0.30344358,-0.13978587,0.029864792,-0.98973125,-0.55618364,0.8245974,0.103435196,0.81921893,0.56493115,-0.09865676,,1.4469080631160816,-0.14903329900678458,0.17933005489,1.5154292215626575,-0.5736000260153189,0.0810652038921554,0.8712772487602455,,-0.6851299696697016,-0.18734577679581238,0.19972199288000003,2.904625097147631,1.3946487531058507,1.1926435194801646,0.8727473453554542,,-0.04023202092003429,-0.09250026869413448,0.06086840708,-0.09125690957404896,,-7.465854e-05,-1.3530254e-05,8.940697e-06,1.0,6.0886145e-05,5.0097704e-05,-6.088242e-05,0.9999999,6.824732e-06,-5.0097704e-05,-6.8843365e-06,1.0,307,0.933,0,0,0.0,False,1.0460059766388632,1.0470526971189749
0.9516578999900958,12:07:28.063276,12:07:11.996622,0,,0.07192461,-0.029115997,0.03415516,-0.4205314,0.46383482,-0.7797502,0.16008326,0.88388914,0.43944645,0.8930434,0.059975922,-0.4459554,,0.045821294,-0.013615906,0.011996895,0.27381474,-0.031652197,0.9612616,0.123093665,0.9923921,-0.002385877,-0.9538728,0.11897829,0.2756278,,0.10907054,1.3569821,0.4565804,0.99597853,0.036863744,-0.08165708,-0.023328574,-0.77328044,-0.6336348,-0.08650198,0.6329916,-0.7693108,,-0.03373583,0.24303287,-0.10469328,0.35733634,-0.40227205,0.84290445,0.7071529,0.70608205,0.037187643,-0.6101192,0.58277386,0.5367766,,0.018041773,0.43396866,-0.3034401,-0.13984156,0.030426094,-0.98970634,-0.5554286,0.8250548,0.103844136,0.8197215,0.56423295,-0.09847742,,1.4469003403832073,-0.14903329900678458,0.17933005489,1.5154292215626575,-0.5736000260153189,0.0810652038921554,0.8712772487602455,,-0.6851376924025758,-0.1873534995286866,0.19972328917,2.906931686525961,1.393828934107258,1.1953539954058572,0.872257313157051,,-0.04023202092003429,-0.09250026869413448,0.06086840708,-0.09125690957404896,,-7.465854e-05,-1.3530254e-05,8.940697e-06,1.0,6.0886145e-05,5.0097704e-05,-6.088242e-05,0.9999999,6.824732e-06,-5.0097704e-05,-6.8843365e-06,1.0,315,0.958,0,0,0.0,False,1.0460059766388632,1.0474389387252105
0.9899463929905323,12:07:28.082727,12:07:11.996622,0,,0.07192461,-0.029115997,0.03415516,-0.4205314,0.46383482,-0.7797502,0.16008326,0.88388914,0.43944645,0.8930434,0.059975922,-0.4459554,,0.045823574,-0.013615355,0.012000233,0.2738939,-0.031955846,0.9612289,0.1228289,0.99242574,-0.002006039,-0.95388424,0.118615925,0.27574447,,0.10907054,1.3569821,0.4565804,0.99597853,0.036863744,-0.08165708,-0.023328574,-0.77328044,-0.6336348,-0.08650198,0.6329916,-0.7693108,,-0.03373583,0.24303287,-0.10469328,0.35733634,-0.40227205,0.84290445,0.7071529,0.70608205,0.037187643,-0.6101192,0.58277386,0.5367766,,0.018039063,0.43397114,-0.303442,-0.13992245,0.030776616,-0.98968405,-0.55564094,0.82486594,0.10420824,0.8195638,0.5644901,-0.09831652,,1.4469003403832073,-0.14903329900678458,0.17933005489,1.5154292215626575,-0.5736000260153189,0.0810652038921554,0.8712772487602455,,-0.68514541513545,-0.1873534995286866,0.19972328917,2.9067219965824767,1.394102207106789,1.195539553299167,0.872747345355454,,-0.04023202092003429,-0.09250026869413448,0.06086840708,-0.09125690957404896,,-7.465854e-05,-1.3530254e-05,8.940697e-06,1.0,6.0886145e-05,5.0097704e-05,-6.088242e-05,0.9999999,6.824732e-06,-5.0097704e-05,-6.8843365e-06,1.0,326,0.991,0,0,0.0,False,1.0457080880462577,1.0470526971189749
