Task Time,PC1 Time,PC2 Time,Gaze Calib,s_T_psm1,Tx,Ty,Tz,R00,R01,R02,R10,R11,R12,R20,R21,R22,s_T_psm3,Tx,Ty,Tz,R00,R01,R02,R10,R11,R12,R20,R21,R22,cart_T_ecm,Tx,Ty,Tz,R00,R01,R02,R10,R11,R12,R20,R21,R22,ecm_T_psm1,Tx,Ty,Tz,R00,R01,R02,R10,R11,R12,R20,R21,R22,ecm_T_psm3,Tx,Ty,Tz,R00,R01,R02,R10,R11,R12,R20,R21,R22,psm1_joints,q1,q2,q3,q4,q5,q6,jaw,psm3_joints,q1,q2,q3,q4,q5,q6,jaw,ecm_joints,q1,q2,q3,q4,ecmi_T_ecm,Tx,Ty,Tz,R00,R01,R02,R10,R11,R12,R20,R21,R22,Sample #,Task Duration (s),Collisions (binary),Collisions (increments),Cumulative Collision Time (s),Clutch Press,MTMR Angle,MTML Angle
""
lci_T_si,,,,,-0.071118124,0.013903125,0.25454396,0.9901862,-0.08084544,0.11399696,0.013384873,-0.7570853,-0.6531789,0.13911195,0.64829457,-0.7485733
rci_T_si,,,,,-0.08147662,0.01856703,0.26535848,0.98740834,-0.096447565,0.12539017,0.012030307,-0.74456626,-0.6674401,0.15773426,0.6605444,-0.73403066
ecm_T_lc,,,,,-4.4061628e-05,-0.00034663224,-0.01840835,-0.99912,0.030754527,0.028518902,-0.031987965,-0.99852574,-0.043852776,0.027128186,-0.04472645,0.9986309
ecm_T_rc,,,,,-0.0043358393,0.01870579,-0.007592615,-0.99555075,-0.052743673,-0.078081585,0.04863213,-0.9973746,0.053654674,-0.08070653,0.04961868,0.9955021
cart_T_ecmi,,,,,0.10934876,1.3586837,0.45858383,0.9961387,0.033234157,-0.08125972,-0.025833456,-0.77364326,-0.6330946,-0.0839064,0.63274926,-0.76979744
ecmac_T_ecmrep_psm1,,,,,0.011947535,-0.24624088,-0.3140189,0.99787813,0.060519684,0.024013558,-0.059408683,0.9972389,-0.04455629,-0.026643785,0.04303513,0.9987182
ecmac_T_ecmrep_psm3,,,,,-0.020729378,-0.4297972,-0.5440064,0.99962926,-0.018584386,0.019899037,0.019259674,0.999226,-0.034299888,-0.019246193,0.03467042,0.99921346
""
0,10:49:31.077502,10:49:14.823730,0,,0.123220444,-0.0018945783,0.013931572,-0.98953503,-0.08106971,-0.119365744,-0.097753525,-0.23184001,0.9678297,-0.10613543,0.96936977,0.2214889,,0.023702718,-0.011970162,0.01716125,0.07104179,-0.7083175,0.70230985,-0.33560485,0.6460668,0.6855414,-0.9393201,-0.28440076,-0.1918172,,0.109326355,1.3586867,0.45858103,0.9961388,0.033236478,-0.08125782,-0.025830468,-0.77364314,-0.63309485,-0.0839064,0.63274926,-0.76979744,,-0.08051466,0.252525,-0.060470372,0.9795184,-0.03861543,0.1976172,-0.15813684,0.4600122,0.87371707,-0.124645285,-0.8870725,0.44448388,,0.03902287,0.44111505,-0.30623764,0.057015855,0.7732988,-0.63147295,-0.8720018,0.34657717,0.3456835,0.48617074,0.5309361,0.6940784,,1.2658949272771332,0.12710846037686122,0.19090462830000002,0.8456795420730867,0.20427156714933348,1.376423313969211,-0.3993762416983129,,-0.5635046496335397,-0.24654824700961747,0.18677724094,0.7704008523621425,1.2953140177763756,-0.06841904378211539,0.8735640656861253,,-0.03987859174650544,-0.09379617566374027,0.05836094732,-0.08765896690267068,,-2.2154301e-05,-4.7683716e-06,2.026558e-06,0.99999994,2.3022294e-06,1.899898e-06,-2.3134053e-06,1.0,2.3841858e-07,-1.899898e-06,-2.3841858e-07,1.0,36,0.109,0,1,0.029,False,-0.2589843698458485,1.047390658524431
0.12689225700160023,10:49:31.109943,10:49:14.823730,0,,0.12332733,-0.0017432868,0.013974443,-0.9895701,-0.08145353,-0.1188122,-0.096954085,-0.23340797,0.96753323,-0.10654072,0.96896124,0.22307628,,0.02378714,-0.012078345,0.01718843,0.06692964,-0.7052976,0.7057447,-0.33438206,0.6505706,0.6818698,-0.94005793,-0.28162575,-0.19229656,,0.109326355,1.3586867,0.45858103,0.9961388,0.033236478,-0.08125782,-0.025830468,-0.77364314,-0.63309485,-0.0839064,0.63274926,-0.76979744,,-0.08060883,0.25266886,-0.06038921,0.9796762,-0.038359456,0.19688341,-0.15780023,0.4585555,0.8745433,-0.12382897,-0.88783747,0.44318277,,0.03893025,0.44104588,-0.3063164,0.06124586,0.77010906,-0.63496536,-0.8712972,0.35159114,0.34238115,0.48691902,0.5322741,0.69252735,,1.2658794818113848,0.1281433065820073,0.19090981346000002,0.8460989219600556,0.20427156714933348,1.3773217801107571,-0.3992128976321787,,-0.5634119768390491,-0.2466872562013535,0.18677075949000002,0.7852888383495437,1.2938110162789558,-0.058780536606976574,0.873237377553857,,-0.03987859174650544,-0.09379617566374027,0.05836094732,-0.08765896690267068,,-2.2154301e-05,-4.7683716e-06,2.026558e-06,0.99999994,2.3022294e-06,1.899898e-06,-2.3134053e-06,1.0,2.3841858e-07,-1.899898e-06,-2.3841858e-07,1.0,48,0.147,0,1,0.029,False,-0.2599376133421849,1.04748721892599
0.15936425699328538,10:49:31.142067,10:49:14.954374,0,,0.12351893,-0.0014982373,0.014046103,-0.9893533,-0.08372386,-0.119039394,-0.09648414,-0.23502052,0.9671898,-0.108953565,0.9683778,0.22444022,,0.02377367,-0.012096718,0.017224252,0.06808292,-0.7099937,0.700909,-0.33190605,0.64640427,0.6870223,-0.9408523,-0.27941048,-0.19164222,,0.109326355,1.3586867,0.45858103,0.9961388,0.033236478,-0.08125782,-0.025830468,-0.77364314,-0.63309485,-0.0839064,0.63274926,-0.76979744,,-0.080779865,0.2529036,-0.060256775,0.9797463,-0.036223944,0.19693924,-0.15902582,0.4569223,0.8751759,-0.121688254,-0.88876873,0.44190738,,0.03893721,0.4410563,-0.30635694,0.060346164,0.77420926,-0.6300463,-0.87002563,0.3502046,0.34700453,0.48929924,0.527216,0.6947154,,1.2658099772155167,0.12982686234858823,0.19091629491,0.8452601621861177,0.20550129564722242,1.3773808425993168,-0.40068299422738707,,-0.563234353982942,-0.2467413153314731,0.18675909288,0.788224497558327,1.2966803827740299,-0.049440252744501256,0.8729106894215881,,-0.03987859174650544,-0.09379617566374027,0.05836094732,-0.08765896690267068,,-2.2154301e-05,-4.7683716e-06,2.026558e-06,0.99999994,2.3022294e-06,1.899898e-06,-2.3134053e-06,1.0,2.3841858e-07,-1.899898e-06,-2.3841858e-07,1.0,56,0.171,0,1,0.029,False,-0.25975888018662197,1.047680339729108
0.19147121399873868,10:49:31.167841,10:49:14.954374,0,,0.12363298,-0.0013648123,0.014087051,-0.9890756,-0.08684145,-0.11911335,-0.09583008,-0.23519531,0.9672123,-0.11200902,0.96806073,0.22430387,,0.023758546,-0.012096256,0.017228782,0.06832071,-0.7097496,0.70113325,-0.33148387,0.6466998,0.68694806,-0.9409839,-0.27934718,-0.19108766,,0.109326355,1.3586867,0.45858103,0.9961388,0.033236478,-0.08125782,-0.025830468,-0.77364314,-0.63309485,-0.0839064,0.63274926,-0.76979744,,-0.08088281,0.25303283,-0.060184732,0.9798381,-0.03312568,0.19702809,-0.16053332,0.4565359,0.8751023,-0.11893875,-0.8890881,0.44201347,,0.03895147,0.44106063,-0.3063622,0.06015155,0.7739726,-0.63035566,-0.869809,0.35045287,0.34729686,0.4897082,0.5273985,0.6942886,,1.2657945317497683,0.13071497662912404,0.19092018378000003,0.8444214024121796,0.20796075264300035,1.3764371439546088,-0.3992128976321787,,-0.5631416811884512,-0.24673359259859887,0.18675520401,0.7884341875018116,1.2972269287730915,-0.049640888138865025,0.8730740334877226,,-0.03987859174650544,-0.09379617566374027,0.05836094732,-0.08765896690267068,,-2.2154301e-05,-4.7683716e-06,2.026558e-06,0.99999994,2.3022294e-06,1.899898e-06,-2.3134053e-06,1.0,2.3841858e-07,-1.899898e-06,-2.3841858e-07,1.0,64,0.196,0,1,0.029,False,-0.2598184579051428,1.04748721892599
0.2172612400026992,10:49:31.198238,10:49:14.954374,0,,0.12378886,-0.0011618882,0.014148876,-0.98900414,-0.08763578,-0.11912544,-0.09536054,-0.2377787,0.9666269,-0.11303659,0.9673579,0.22680709,,0.023747638,-0.012095407,0.017229497,0.06835581,-0.7093501,0.7015339,-0.33138677,0.6471096,0.68660897,-0.94101554,-0.27941284,-0.1908356,,0.109326355,1.3586867,0.45858103,0.9961388,0.033236478,-0.08125782,-0.025830468,-0.77364314,-0.63309485,-0.0839064,0.63274926,-0.76979744,,-0.08102192,0.2532288,-0.060077336,0.97991663,-0.03254076,0.19673455,-0.16085234,0.45411384,0.87630314,-0.11785545,-0.8903492,0.43975943,,0.038962163,0.44106242,-0.3063638,0.060126346,0.7736078,-0.63080573,-0.8697588,0.3506929,0.3471803,0.48980048,0.5277741,0.693938,,1.2657250271539002,0.13213595947798137,0.19092277636000002,0.844211712468695,0.2080973891427658,1.3779593008537234,-0.4005196501612527,,-0.5630798993254574,-0.24672586986572465,0.18675261143000002,0.7884341875018116,1.297363565272857,-0.05024237848340518,0.872747345355454,,-0.03987859174650544,-0.09379617566374027,0.05836094732,-0.08765896690267068,,-2.2154301e-05,-4.7683716e-06,2.026558e-06,0.99999994,2.3022294e-06,1.899898e-06,-2.3134053e-06,1.0,2.3841858e-07,-1.899898e-06,-2.3841858e-07,1.0,72,0.22,0,1,0.029,False,-0.2599971910607066,1.0481631417369022
0.24767143199278507,10:49:31.217716,10:49:14.954374,0,,0.12389764,-0.0010281652,0.014187828,-0.9890045,-0.08816355,-0.11873201,-0.094769776,-0.23850527,0.966506,-0.11352882,0.9671309,0.22752756,,0.023743644,-0.012096152,0.017228544,0.06824414,-0.7092063,0.70169014,-0.33148795,0.6472527,0.6864252,-0.940988,-0.2794464,-0.19092217,,0.109326355,1.3586867,0.45858103,0.9961388,0.033236478,-0.08125782,-0.025830468,-0.77364314,-0.63309485,-0.0839064,0.63274926,-0.76979744,,-0.08111941,0.25335687,-0.06000435,0.9800268,-0.03207217,0.19626218,-0.16072968,0.4534089,0.87669057,-0.11710439,-0.8907254,0.43919793,,0.038966227,0.4410615,-0.30636412,0.060227573,0.77347773,-0.6309555,-0.8698098,0.3507695,0.3469751,0.48969743,0.5279138,0.69390446,,1.265647799825158,0.1330935783543852,0.19092536894,0.8444214024121796,0.2080973891427658,1.3780409795938642,-0.40068299422738707,,-0.5630567311268347,-0.24672586986572465,0.18675131514,0.7884341875018116,1.2972269287730915,-0.0504576755402707,0.8730740334877225,,-0.03987859174650544,-0.09379617566374027,0.05836094732,-0.08765896690267068,,-2.2154301e-05,-4.7683716e-06,2.026558e-06,0.99999994,2.3022294e-06,1.899898e-06,-2.3134053e-06,1.0,2.3841858e-07,-1.899898e-06,-2.3841858e-07,1.0,80,0.245,0,1,0.029,False,-0.2603546573718325,1.0476320595283284
0.2671496379916789,10:49:31.247584,10:49:15.066729,0,,0.12407224,-0.0008472502,0.014235273,-0.9890008,-0.08915974,-0.1180166,-0.09375413,-0.23924479,0.9664223,-0.114400804,0.96685696,0.22825408,,0.023742944,-0.012104496,0.0172292,0.06814814,-0.7092781,0.7016269,-0.33162993,0.6471683,0.6864363,-0.9409449,-0.2794599,-0.19111463,,0.109326355,1.3586867,0.45858103,0.9961388,0.033236478,-0.08125782,-0.025830468,-0.77364314,-0.63309485,-0.0839064,0.63274926,-0.76979744,,-0.08127795,0.2535271,-0.059897795,0.98021436,-0.031136703,0.19547446,-0.16053562,0.45265642,0.87711483,-0.115793236,-0.89114124,0.4387018,,0.03896642,0.4410557,-0.3063702,0.060309023,0.77354664,-0.63086325,-0.8698824,0.35070163,0.34686166,0.48955843,0.52785796,0.69404507,,1.2654161178389312,0.13446050207312293,0.1909305541,0.8448407822991487,0.20823402564253127,1.3779295616901677,-0.40068299422738707,,-0.5630490083939605,-0.24677220626296997,0.18675001885,0.7884341875018116,1.2970902922733263,-0.05034625763657452,0.873400721619991,,-0.03987859174650544,-0.09379617566374027,0.05836094732,-0.08765896690267068,,-2.2154301e-05,-4.7683716e-06,2.026558e-06,0.99999994,2.3022294e-06,1.899898e-06,-2.3134053e-06,1.0,2.3841858e-07,-1.899898e-06,-2.3841858e-07,1.0,88,0.27,0,1,0.029,False,-0.2607717014014801,1.04748721892599
0.2970129460009048,10:49:31.274266,10:49:15.066729,0,,0.124233946,-0.00069124997,0.014270261,-0.9886172,-0.0900567,-0.12052369,-0.09581068,-0.24080163,0.9658337,-0.116002105,0.9663873,0.22943217,,0.023743205,-0.012107164,0.017229497,0.06814875,-0.70933247,0.70157176,-0.33164415,0.64711046,0.68648386,-0.9409398,-0.27945527,-0.19114634,,0.109326355,1.3586867,0.45858103,0.9961388,0.033236478,-0.08125782,-0.025830468,-0.77364314,-0.63309485,-0.0839064,0.63274926,-0.76979744,,-0.081425115,0.25367016,-0.059799876,0.97977614,-0.03036574,0.1977793,-0.1631322,0.45116028,0.87740654,-0.11587327,-0.89192617,0.43708247,,0.03896599,0.44105387,-0.30637214,0.060306977,0.77359694,-0.63080174,-0.86988986,0.35066468,0.3468803,0.4895454,0.5278087,0.6940917,,1.2651149312568366,0.13565752566862774,0.19093833184000003,0.8421148130338498,0.20782411614323493,1.3781821366611164,-0.4005196501612527,,-0.5630490083939605,-0.24678765172871844,0.18675001885,0.7884341875018116,1.2970902922733263,-0.05026457889643399,0.8732373775538567,,-0.03987859174650544,-0.09379617566374027,0.05836094732,-0.08765896690267068,,-2.2154301e-05,-4.7683716e-06,2.026558e-06,0.99999994,2.3022294e-06,1.899898e-06,-2.3134053e-06,1.0,2.3841858e-07,-1.899898e-06,-2.3841858e-07,1.0,100,0.306,0,1,0.029,False,-0.2607717014014801,1.0476320595283284
0.3236810969974613,10:49:31.301582,10:49:15.066729,0,,0.12432186,-0.0006137639,0.014277965,-0.98863244,-0.090220615,-0.12027568,-0.09546837,-0.24131736,0.9657389,-0.11615417,0.9662433,0.22996092,,0.023744531,-0.0121108,0.017231584,0.068156585,-0.70932573,0.7015779,-0.33166456,0.64710885,0.6864755,-0.9409321,-0.27947646,-0.19115356,,0.109326355,1.3586867,0.45858103,0.9961388,0.033236478,-0.08125782,-0.025830468,-0.77364314,-0.63309485,-0.0839064,0.63274926,-0.76979744,,-0.081504785,0.25373498,-0.05974292,0.9798418,-0.030243324,0.1974723,-0.16297399,0.4506743,0.87768567,-0.11553983,-0.89217603,0.43666065,,0.038964186,0.44105238,-0.30637586,0.06029709,0.77359337,-0.6308071,-0.86990064,0.35064915,0.3468689,0.48952743,0.52782434,0.6940925,,1.264921862934981,0.1362753442985657,0.19094999845000002,0.8423245029773343,0.20755084314370403,1.378404972468509,-0.4005196501612527,,-0.5630567311268347,-0.2468108199273411,0.18674872256000002,0.7884341875018116,1.2970902922733263,-0.05026457889643399,0.8732373775538567,,-0.03987859174650544,-0.09379617566374027,0.05836094732,-0.08765896690267068,,-2.2154301e-05,-4.7683716e-06,2.026558e-06,0.99999994,2.3022294e-06,1.899898e-06,-2.3134053e-06,1.0,2.3841858e-07,-1.899898e-06,-2.3841858e-07,1.0,108,0.331,0,1,0.029,False,-0.2599971910607066,1.0478734605322257
0.3510168969951337,10:49:31.332071,10:49:15.066729,0,,0.12447615,-0.0005110949,0.01428467,-0.98861176,-0.090885185,-0.119944505,-0.094926275,-0.24184766,0.9656596,-0.116772465,0.96604836,0.23046598,,0.02374202,-0.0121111125,0.017230928,0.06814272,-0.70933086,0.7015741,-0.33166656,0.64710724,0.68647605,-0.9409324,-0.2794671,-0.1911658,,0.109326355,1.3586867,0.45858103,0.9961388,0.033236478,-0.08125782,-0.025830468,-0.77364314,-0.63309485,-0.0839064,0.63274926,-0.76979744,,-0.081647426,0.25381914,-0.059659474,0.9799384,-0.029621948,0.19708696,-0.16297045,0.45013642,0.8779623,-0.114722975,-0.89246833,0.43627846,,0.038966756,0.44105187,-0.30637592,0.060310725,0.77359694,-0.6308014,-0.8699015,0.35065436,0.34686154,0.4895243,0.5278156,0.69410133,,1.2644971126268985,0.13719434951059842,0.19096425764000002,0.8425341929208188,0.20741420664393861,1.3785163903722055,-0.4005196501612527,,-0.5630412856610864,-0.2468108199273411,0.18674872256000002,0.7884341875018116,1.2970902922733263,-0.05026457889643399,0.8732373775538567,,-0.03987859174650544,-0.09379617566374027,0.05836094732,-0.08765896690267068,,-2.2154301e-05,-4.7683716e-06,2.026558e-06,0.99999994,2.3022294e-06,1.899898e-06,-2.3134053e-06,1.0,2.3841858e-07,-1.899898e-06,-2.3841858e-07,1.0,120,0.368,0,1,0.029,False,-0.2604738128088746,1.0476320595283284
0.3815039110049838,10:49:31.361959,10:49:15.066729,0,,0.12461808,-0.00041384995,0.014298737,-0.98859435,-0.09109262,-0.11993057,-0.094761245,-0.24269849,0.9654623,-0.11705348,0.9658154,0.23129827,,0.023736268,-0.012117192,0.017229795,0.06810926,-0.709338,0.7015701,-0.33170024,0.6471,0.6864667,-0.9409229,-0.2794658,-0.19121417,,0.109326355,1.3586867,0.45858103,0.9961388,0.033236478,-0.08125782,-0.025830468,-0.77364314,-0.63309485,-0.0839064,0.63274926,-0.76979744,,-0.081779115,0.25390384,-0.05958679,0.97996587,-0.029482784,0.1969713,-0.1630301,0.44933856,0.87835985,-0.1144033,-0.8928749,0.43552986,,0.03897232,0.44104692,-0.3063799,0.060340717,0.77360344,-0.63079053,-0.86991847,0.35065022,0.3468231,0.4894904,0.5278088,0.6941304,,1.2641109759831872,0.13807474105826,0.19097073909,0.8425341929208188,0.20686766064487683,1.3789620619869913,-0.4005196501612527,,-0.5630026719967152,-0.246841710858838,0.18674872256000002,0.7884341875018116,1.2970902922733263,-0.05026457889643399,0.8732373775538567,,-0.03987859174650544,-0.09379617566374027,0.05836094732,-0.08765896690267068,,-2.2154301e-05,-4.7683716e-06,2.026558e-06,0.99999994,2.3022294e-06,1.899898e-06,-2.3134053e-06,1.0,2.3841858e-07,-1.899898e-06,-2.3841858e-07,1.0,128,0.392,0,1,0.029,False,-0.26053339052739544,1.0475837793275489
0.4113860659999773,10:49:31.392679,10:49:15.066729,0,,0.12474342,-0.00032190979,0.014309764,-0.9885767,-0.09173634,-0.119584695,-0.094224736,-0.24309397,0.9654154,-0.117634,0.9656551,0.23167315,,0.02373305,-0.012122989,0.017229378,0.068139054,-0.7094739,0.7014299,-0.3317726,0.6469369,0.6865854,-0.94089526,-0.27949858,-0.19130245,,0.109326355,1.3586867,0.45858103,0.9961388,0.033236478,-0.08125782,-0.025830468,-0.77364314,-0.63309485,-0.0839064,0.63274926,-0.76979744,,-0.081894636,0.2539823,-0.059517637,0.9800611,-0.028871335,0.19658747,-0.16300604,0.44892538,0.87857556,-0.113618754,-0.8931027,0.4352681,,0.038975287,0.44104248,-0.3063839,0.060303643,0.7737348,-0.630633,-0.86995685,0.35051465,0.3468639,0.48942676,0.5277063,0.6942532,,1.2638020666682184,0.13886245981143092,0.19098110941000002,0.8427438828643034,0.20686766064487683,1.3789620619869913,-0.4005196501612527,,-0.5629872265309668,-0.24688032452320913,0.18674872256000002,0.788224497558327,1.2970902922733263,-0.050264578896433876,0.8729106894215883,,-0.03987859174650544,-0.09379617566374027,0.05836094732,-0.08765896690267068,,-2.2154301e-05,-4.7683716e-06,2.026558e-06,0.99999994,2.3022294e-06,1.899898e-06,-2.3134053e-06,1.0,2.3841858e-07,-1.899898e-06,-2.3841858e-07,1.0,153,0.469,0,1,0.029,False,-0.2604738128088746,1.047728619929887
0.44209882299765013,10:49:31.463437,10:49:15.066729,0,,0.124996826,-0.00010499358,0.014334992,-0.9886142,-0.09230962,-0.11883112,-0.09318514,-0.24447837,0.96516675,-0.1181458,0.96525085,0.23309284,,0.023742333,-0.012166023,0.017235935,0.06802857,-0.70930195,0.7016144,-0.33188158,0.64710474,0.6863744,-0.9408648,-0.27954605,-0.19138274,,0.109326355,1.3586867,0.45858103,0.9961388,0.033236478,-0.08125782,-0.025830468,-0.77364314,-0.63309485,-0.0839064,0.63274926,-0.76979744,,-0.08212525,0.25416628,-0.059359927,0.9802568,-0.0284091,0.19567706,-0.16255817,0.4476072,0.8793308,-0.112567455,-0.8937789,0.43415186,,0.038963076,0.44101375,-0.3064156,0.060402885,0.7735803,-0.63081294,-0.8700119,0.350599,0.34664044,0.4893166,0.5278767,0.6942013,,1.2632383071684,0.14061552017387988,0.19101092408,0.8433729526947569,0.20618447814604965,1.3795191515054732,-0.4005196501612527,,-0.562994949263841,-0.24711200650943585,0.18674872256000002,0.7888535673887807,1.2970902922733263,-0.049856185195731206,0.8730740334877225,,-0.03987859174650544,-0.09379617566374027,0.05836094732,-0.08765896690267068,,-2.2154301e-05,-4.7683716e-06,2.026558e-06,0.99999994,2.3022294e-06,1.899898e-06,-2.3134053e-06,1.0,2.3841858e-07,-1.899898e-06,-2.3841858e-07,1.0,161,0.494,0,1,0.029,False,-0.26041423509035333,1.0476320595283284
0.5128297500050394,10:49:31.494335,10:49:15.066729,0,,0.12510595,-2.5853515e-05,0.014335707,-0.98858136,-0.09276684,-0.11874898,-0.09294126,-0.24493334,0.96507484,-0.11861253,0.9650917,0.23351458,,0.023741327,-0.012184709,0.017238677,0.06801893,-0.70922995,0.70168805,-0.3319835,0.6471478,0.68628466,-0.9408295,-0.27962932,-0.19143447,,0.109326355,1.3586867,0.45858103,0.9961388,0.033236478,-0.08125782,-0.025830468,-0.77364314,-0.63309485,-0.0839064,0.63274926,-0.76979744,,-0.08222504,0.2542281,-0.059293665,0.98029524,-0.027988562,0.195545,-0.16267996,0.44715267,0.8795395,-0.11205552,-0.89401966,0.43378848,,0.03896275,0.44100153,-0.30643004,0.060402192,0.773524,-0.6308821,-0.87006503,0.35057226,0.3465342,0.48922226,0.52797705,0.6941915,,1.2629448433191794,0.1412873979339374,0.19102777585000003,0.8433729526947569,0.2060478416462842,1.3796305694091697,-0.4005196501612527,,-0.5629795037980926,-0.247220124769675,0.18674742627000002,0.7888535673887807,1.2970902922733263,-0.04993786393587174,0.8729106894215883,,-0.03987859174650544,-0.09379617566374027,0.05836094732,-0.08765896690267068,,-2.2154301e-05,-4.7683716e-06,2.026558e-06,0.99999994,2.3022294e-06,1.899898e-06,-2.3134053e-06,1.0,2.3841858e-07,-1.899898e-06,-2.3841858e-07,1.0,173,0.532,0,1,0.029,False,-0.26041423509035333,1.0471975377213132
0.5437295299925609,10:49:31.524799,10:49:15.066729,0,,0.12514707,1.0877848e-06,0.014336139,-0.9885652,-0.09299122,-0.11870776,-0.09283295,-0.24505568,0.9650543,-0.1188316,0.965039,0.23362073,,0.023742765,-0.012199283,0.017240405,0.06802223,-0.7092144,0.7017035,-0.33206198,0.64713866,0.6862553,-0.9408016,-0.27968973,-0.19148347,,0.109326355,1.3586867,0.45858103,0.9961388,0.033236478,-0.08125782,-0.025830468,-0.77364314,-0.63309485,-0.0839064,0.63274926,-0.76979744,,-0.08226297,0.2542493,-0.059270673,0.980312,-0.02777412,0.19549169,-0.16274177,0.4470225,0.8795942,-0.11181913,-0.8940914,0.4337015,,0.03896037,0.44099158,-0.30644068,0.060390938,0.7735174,-0.63089126,-0.8701061,0.35052487,0.34647897,0.48915058,0.5280181,0.69421077,,1.2627826659288206,0.14160402998178062,0.19103555359000002,0.8433729526947569,0.2060478416462842,1.3796305694091697,-0.4005196501612527,,-0.5629795037980926,-0.24730507483129147,0.18674742627000002,0.7888535673887807,1.2970902922733263,-0.04993786393587174,0.872747345355454,,-0.03987859174650544,-0.09379617566374027,0.05836094732,-0.08765896690267068,,-2.2154301e-05,-4.7683716e-06,2.026558e-06,0.99999994,2.3022294e-06,1.899898e-06,-2.3134053e-06,1.0,2.3841858e-07,-1.899898e-06,-2.3841858e-07,1.0,181,0.556,0,1,0.029,False,-0.2607121236829584,1.0479700209337843
0.5742151879967423,10:49:31.554152,10:49:15.066729,0,,0.1251856,1.5631318e-05,0.014334083,-0.98852974,-0.09309649,-0.11892064,-0.092991345,-0.24525476,0.9649884,-0.119002886,0.9649783,0.23378435,,0.02374205,-0.012204751,0.017240644,0.0680165,-0.7092686,0.7016493,-0.33209154,0.6470785,0.6862977,-0.9407916,-0.27969146,-0.19153023,,0.109326355,1.3586867,0.45858103,0.9961388,0.033236478,-0.08125782,-0.025830468,-0.77364314,-0.63309485,-0.0839064,0.63274926,-0.76979744,,-0.0822994,0.2542595,-0.059254233,0.98027706,-0.027684812,0.19567953,-0.16297314,0.44683087,0.87964875,-0.11178856,-0.89419,0.43350616,,0.038960792,0.44098768,-0.30644456,0.060393665,0.77356833,-0.63082856,-0.8701215,0.35048196,0.34648386,0.48912296,0.52797204,0.6942653,,1.2626822704014558,0.14170442550914553,0.19103555359000002,0.8431632627512725,0.20591120514651876,1.3797419873128662,-0.4005196501612527,,-0.5629717810652183,-0.24733596576278838,0.18674742627000002,0.7888535673887807,1.2970902922733263,-0.049856185195731095,0.872747345355454,,-0.03987859174650544,-0.09379617566374027,0.05836094732,-0.08765896690267068,,-2.2154301e-05,-4.7683716e-06,2.026558e-06,0.99999994,2.3022294e-06,1.899898e-06,-2.3134053e-06,1.0,2.3841858e-07,-1.899898e-06,-2.3841858e-07,1.0,193,0.593,0,1,0.029,False,-0.2608312791200009,1.047294098122872
0.6035856259986758,10:49:31.594533,10:49:15.394775,0,,0.12519783,1.5005469e-05,0.014333308,-0.98856026,-0.092989676,-0.11874978,-0.09284398,-0.24530211,0.9649906,-0.11886372,0.96497655,0.23386228,,0.023744926,-0.012208357,0.017241836,0.0679819,-0.709412,0.7015077,-0.33207014,0.6469548,0.6864247,-0.9408016,-0.27961427,-0.19159341,,0.109326355,1.3586867,0.45858103,0.9961388,0.033236478,-0.08125782,-0.025830468,-0.77364314,-0.63309485,-0.0839064,0.63274926,-0.76979744,,-0.08231148,0.2542587,-0.059252314,0.9803091,-0.027795294,0.19550304,-0.1627711,0.4467956,0.87970406,-0.111801535,-0.8942042,0.43347356,,0.038957596,0.44098553,-0.3064474,0.06043037,0.77369213,-0.63067317,-0.8701097,0.3504484,0.3465474,0.4891394,0.5278128,0.69437474,,1.262620488538462,0.14174303917351666,0.1910342573,0.8433729526947569,0.2057745686467533,1.3798534052165627,-0.4005196501612527,,-0.5629795037980926,-0.24735141122853682,0.18674742627000002,0.789063257332265,1.2970902922733263,-0.049447791495028204,0.8732373775538568,,-0.03987859174650544,-0.09379617566374027,0.05836094732,-0.08765896690267068,,-2.2154301e-05,-4.7683716e-06,2.026558e-06,0.99999994,2.3022294e-06,1.899898e-06,-2.3134053e-06,1.0,2.3841858e-07,-1.899898e-06,-2.3841858e-07,1.0,222,0.682,0,1,0.029,False,-0.26041423509035333,1.047294098122872
0.6439674790017307,10:49:31.671744,10:49:15.394775,0,,0.12520254,3.412366e-05,0.014370978,-0.98837036,-0.09321575,-0.120145455,-0.09408562,-0.24584615,0.9647319,-0.11946551,0.9648162,0.23421672,,0.023743615,-0.01221101,0.017243028,0.067975566,-0.7095835,0.7013347,-0.33208543,0.64678407,0.68657815,-0.9407967,-0.27957368,-0.19167688,,0.109326355,1.3586867,0.45858103,0.9961388,0.033236478,-0.08125782,-0.025830468,-0.77364314,-0.63309485,-0.0839064,0.63274926,-0.76979744,,-0.08231783,0.2542979,-0.05926744,0.98005015,-0.027612733,0.19682275,-0.16409989,0.44627658,0.8797207,-0.112128876,-0.89446896,0.4328422,,0.038958583,0.44098443,-0.3064502,0.060435142,0.7738473,-0.6304824,-0.87011755,0.3503575,0.34661955,0.4891248,0.52764577,0.69451195,,1.2627054386000784,0.1418820483652527,0.19100703521,0.8419051230903654,0.2057745686467533,1.3799350839567033,-0.4005196501612527,,-0.5629717810652183,-0.24736685669428526,0.18674612998,0.789063257332265,1.2970902922733263,-0.04920275527460649,0.8730740334877226,,-0.03987859174650544,-0.09379617566374027,0.05836094732,-0.08765896690267068,,-2.2154301e-05,-4.7683716e-06,2.026558e-06,0.99999994,2.3022294e-06,1.899898e-06,-2.3134053e-06,1.0,2.3841858e-07,-1.899898e-06,-2.3841858e-07,1.0,230,0.707,0,1,0.029,False,-0.2599971910607066,1.0480183011345638
0.7211711029958678,10:49:31.706846,10:49:15.394775,0,,0.12521245,5.5000186e-05,0.014443859,-0.9878277,-0.09361998,-0.1242248,-0.09781955,-0.24706274,0.96404946,-0.120945595,0.96446633,0.2348974,,0.023745,-0.012212202,0.017243505,0.06798279,-0.7096369,0.70128006,-0.33209148,0.646728,0.686628,-0.940794,-0.2795682,-0.1916981,,0.109326355,1.3586867,0.45858103,0.9961388,0.033236478,-0.08125782,-0.025830468,-0.77364314,-0.63309485,-0.0839064,0.63274926,-0.76979744,,-0.08233256,0.25436163,-0.05930702,0.97926754,-0.027305573,0.20072244,-0.16788003,0.44512317,0.87959176,-0.11336397,-0.89505297,0.43131062,,0.038957078,0.44098377,-0.30645114,0.0604273,0.7738964,-0.63042283,-0.8701208,0.35032225,0.34664682,0.48911986,0.5275971,0.6945524,,1.2628135568603176,0.14208283941998254,0.19094481329000002,0.8377113242206747,0.20550129564722242,1.3800762410239555,-0.4005196501612527,,-0.5629795037980926,-0.24737457942715949,0.18674612998,0.789063257332265,1.2970902922733263,-0.04912107653446596,0.8729106894215883,,-0.03987859174650544,-0.09379617566374027,0.05836094732,-0.08765896690267068,,-2.2154301e-05,-4.7683716e-06,2.026558e-06,0.99999994,2.3022294e-06,1.899898e-06,-2.3134053e-06,1.0,2.3841858e-07,-1.899898e-06,-2.3841858e-07,1.0,238,0.732,0,1,0.029,False,-0.259580147031059,1.047294098122872
0.756220230992767,10:49:31.733713,10:49:15.551227,0,,0.12522471,6.365776e-05,0.014493912,-0.9878467,-0.09337014,-0.124262005,-0.09787386,-0.24739325,0.96395916,-0.12074658,0.9644058,0.235248,,0.023743741,-0.012212366,0.017243207,0.06797588,-0.7095822,0.70133615,-0.3320925,0.64678323,0.6865755,-0.9407942,-0.27957916,-0.19168141,,0.109326355,1.3586867,0.45858103,0.9961388,0.033236478,-0.08125782,-0.025830468,-0.77364314,-0.63309485,-0.0839064,0.63274926,-0.76979744,,-0.08234869,0.2544012,-0.059337135,0.9792612,-0.027581468,0.2007156,-0.16779067,0.4448378,0.8797532,-0.11355077,-0.89518636,0.4309845,,0.038958363,0.4409835,-0.30645117,0.060434118,0.7738467,-0.6304832,-0.87012124,0.35035318,0.34661454,0.4891183,0.52764946,0.69451374,,1.2628521705246887,0.14223729407746702,0.19090333201,0.8377113242206747,0.20522802264769155,1.3802990768313483,-0.4005196501612527,,-0.5629717810652183,-0.24737457942715949,0.18674612998,0.789063257332265,1.2970902922733263,-0.04920275527460649,0.8730740334877226,,-0.03987859174650544,-0.09379617566374027,0.05836094732,-0.08765896690267068,,-2.2154301e-05,-4.7683716e-06,2.026558e-06,0.99999994,2.3022294e-06,1.899898e-06,-2.3134053e-06,1.0,2.3841858e-07,-1.899898e-06,-2.3841858e-07,1.0,246,0.757,0,1,0.029,False,-0.26053339052739544,1.0476320595283284
0.783139115999802,10:49:31.761253,10:49:15.551227,0,,0.12524529,8.404255e-05,0.014604807,-0.9876479,-0.09325857,-0.12591475,-0.09940428,-0.24826077,0.9635794,-0.121121734,0.9641936,0.23592389,,0.023743741,-0.012212366,0.017243207,0.06797588,-0.7095822,0.70133615,-0.3320925,0.64678323,0.6865755,-0.9407942,-0.27957916,-0.19168141,,0.109326355,1.3586867,0.45858103,0.9961388,0.033236478,-0.08125782,-0.025830468,-0.77364314,-0.63309485,-0.0839064,0.63274926,-0.76979744,,-0.08237775,0.25448966,-0.059403963,0.97894126,-0.027761796,0.20224571,-0.16918848,0.44404572,0.8798856,-0.114233546,-0.8955739,0.42999768,,0.038958363,0.4409835,-0.30645117,0.060434118,0.7738467,-0.6304832,-0.87012124,0.35035318,0.34661454,0.4891183,0.52764946,0.69451374,,1.2629834569835505,0.142546203392436,0.19080740655000003,0.8360338046727986,0.20481811314839524,1.380551651802297,-0.4003563060951185,,-0.5629717810652183,-0.24737457942715949,0.18674612998,0.789063257332265,1.2970902922733263,-0.04920275527460649,0.8730740334877226,,-0.03987859174650544,-0.09379617566374027,0.05836094732,-0.08765896690267068,,-2.2154301e-05,-4.7683716e-06,2.026558e-06,0.99999994,2.3022294e-06,1.899898e-06,-2.3134053e-06,1.0,2.3841858e-07,-1.899898e-06,-2.3841858e-07,1.0,254,0.782,0,1,0.029,False,-0.2608312791200009,1.0481631417369022
0.8106836740043946,10:49:31.780278,10:49:15.551227,0,,0.12526107,9.5680356e-05,0.014715925,-0.9875477,-0.093255505,-0.12670065,-0.10010322,-0.2488054,0.96336657,-0.121363044,0.9640535,0.2363719,,0.023743883,-0.012213647,0.017243326,0.06797618,-0.7095235,0.70139545,-0.3320997,0.64683855,0.6865199,-0.9407916,-0.2796003,-0.19166297,,0.109326355,1.3586867,0.45858103,0.9961388,0.033236478,-0.08125782,-0.025830468,-0.77364314,-0.63309485,-0.0839064,0.63274926,-0.76979744,,-0.08240299,0.2545716,-0.05947732,0.9787926,-0.027808048,0.20295757,-0.16987264,0.443543,0.8800073,-0.11449169,-0.8958216,0.42941275,,0.038958147,0.4409826,-0.30645213,0.060433093,0.7737946,-0.6305472,-0.870125,0.3503772,0.3465809,0.48911178,0.52770996,0.6944724,,1.2631301889081608,0.1428010535772854,0.19070888851,0.8351950448988605,0.20468147664862982,1.3806630697059934,-0.4003563060951185,,-0.5629717810652183,-0.2473823021600337,0.18674612998,0.789063257332265,1.2970902922733263,-0.049284434014747136,0.8729106894215882,,-0.03987859174650544,-0.09379617566374027,0.05836094732,-0.08765896690267068,,-2.2154301e-05,-4.7683716e-06,2.026558e-06,0.99999994,2.3022294e-06,1.899898e-06,-2.3134053e-06,1.0,2.3841858e-07,-1.899898e-06,-2.3841858e-07,1.0,262,0.806,0,1,0.029,False,-0.25975888018662197,1.0478734605322257
0.8296830110048177,10:49:31.811777,10:49:15.551227,0,,0.12530424,0.00016798079,0.014861703,-0.9870443,-0.095408,-0.129,-0.1018178,-0.24891734,0.96315795,-0.1240033,0.963814,0.23597813,,0.023766607,-0.0122398585,0.01724732,0.06679159,-0.70796424,0.70308274,-0.3318469,0.64877933,0.6848087,-0.9409657,-0.27905533,-0.1916028,,0.109326355,1.3586867,0.45858103,0.9961388,0.033236478,-0.08125782,-0.025830468,-0.77364314,-0.63309485,-0.0839064,0.63274926,-0.76979744,,-0.08245241,0.25472245,-0.059533417,0.978373,-0.02566598,0.20524995,-0.17289126,0.44326928,0.87955725,-0.11355569,-0.896021,0.42924526,,0.03893386,0.440964,-0.30646896,0.06164104,0.77226466,-0.6323035,-0.86997175,0.3520954,0.34522167,0.48923364,0.5288063,0.69355196,,1.2634313754902555,0.1434034267414749,0.19059870386000002,0.8320496957465926,0.20632111464581507,1.3792443761214956,-0.4001929620289839,,-0.5629486128665956,-0.24739774762578218,0.18674612998,0.793047366258471,1.2965437462742644,-0.04777693877813394,0.8737274097522597,,-0.03987859174650544,-0.09379617566374027,0.05836094732,-0.08765896690267068,,-2.2154301e-05,-4.7683716e-06,2.026558e-06,0.99999994,2.3022294e-06,1.899898e-06,-2.3134053e-06,1.0,2.3841858e-07,-1.899898e-06,-2.3841858e-07,1.0,291,0.895,0,1,0.029,False,-0.26005676877922745,1.0482114219376817
0.8611964430019725,10:49:31.894614,10:49:15.715249,0,,0.1253275,0.0003285259,0.015481338,-0.9857768,-0.10193702,-0.13361514,-0.10438145,-0.25173506,0.9621507,-0.1317144,0.9624127,0.23751417,,0.023821011,-0.012318715,0.017287493,0.06470589,-0.71106905,0.70013845,-0.3278507,0.6475147,0.6879233,-0.94251096,-0.27405363,-0.19122657,,0.109326355,1.3586867,0.45858103,0.9961388,0.033236478,-0.08125782,-0.025830468,-0.77364314,-0.63309485,-0.0839064,0.63274926,-0.76979744,,-0.082519144,0.2552505,-0.059889685,0.97760355,-0.019361584,0.20956251,-0.17986664,0.44012675,0.8797366,-0.10926716,-0.8977269,0.42678696,,0.03887029,0.44092733,-0.30654243,0.064125516,0.77450746,-0.6293061,-0.8678366,0.35461536,0.3480052,0.49269423,0.5238188,0.6948858,,1.2650145357294715,0.1447857959259611,0.19011259511000003,0.8257589974420569,0.21233312063549445,1.3781808891454597,-0.3993762416983129,,-0.5626705944831235,-0.24735913396141104,0.18674612998,0.8087741120198105,1.2984566572709806,-0.028753746914462197,0.8734007216199913,,-0.03987859174650544,-0.09379617566374027,0.05836094732,-0.08765896690267068,,-2.2154301e-05,-4.7683716e-06,2.026558e-06,0.99999994,2.3022294e-06,1.899898e-06,-2.3134053e-06,1.0,2.3841858e-07,-1.899898e-06,-2.3841858e-07,1.0,299,0.92,0,1,0.029,False,-0.26011634649774784,1.0477769001306665
0.9440471109992359,10:49:31.917730,10:49:15.715249,0,,0.12529427,0.00040231645,0.015622735,-0.98516005,-0.104850285,-0.1358903,-0.105860665,-0.2520257,0.961913,-0.13510469,0.9620236,0.23718601,,0.02380824,-0.012317628,0.017283618,0.06468429,-0.71088785,0.7003244,-0.32788816,0.64768803,0.68774235,-0.94249946,-0.27411428,-0.19119656,,0.109326355,1.3586867,0.45858103,0.9961388,0.033236478,-0.08125782,-0.025830468,-0.77364314,-0.63309485,-0.0839064,0.63274926,-0.76979744,,-0.082492344,0.25539848,-0.059952375,0.9771696,-0.016470615,0.2118215,-0.1831982,0.43960872,0.87930804,-0.10760132,-0.8980384,0.42655486,,0.03888353,0.4409265,-0.30654076,0.06414331,0.77434605,-0.62950283,-0.86785585,0.35469458,0.34787643,0.492658,0.5240038,0.694772,,1.2656864134895291,0.1450947052409301,0.1900231511,0.822613648289789,0.21506585063080325,1.3768509972130776,-0.40051965016125246,,-0.5626010898872555,-0.24735141122853682,0.18674612998,0.808564422076326,1.2984566572709806,-0.029243819355305845,0.873400721619991,,-0.03987859174650544,-0.09379617566374027,0.05836094732,-0.08765896690267068,,-2.2154301e-05,-4.7683716e-06,2.026558e-06,0.99999994,2.3022294e-06,1.899898e-06,-2.3134053e-06,1.0,2.3841858e-07,-1.899898e-06,-2.3841858e-07,1.0,307,0.945,0,1,0.029,False,-0.25963972474957986,1.0478734605322257
0.9671401810046518,10:49:31.945323,10:49:15.715249,0,,0.12526433,0.00042657554,0.015718803,-0.9849884,-0.10729402,-0.1352253,-0.10467078,-0.25169092,0.9621308,-0.13726586,0.9618417,0.23668203,,0.023769028,-0.012331173,0.017295927,0.06465216,-0.71061623,0.70060307,-0.32788393,0.6479651,0.6874833,-0.9425031,-0.2741638,-0.19110739,,0.10927044,1.3586898,0.45859575,0.9961404,0.033284273,-0.081218705,-0.025768925,-0.7736411,-0.63309985,-0.0839064,0.63274926,-0.76979744,,-0.08242235,0.2554707,-0.060006004,0.97734785,-0.013985067,0.21117677,-0.18366916,0.43970954,0.87915933,-0.10515154,-0.8980311,0.42718056,,0.038967755,0.44092515,-0.30655193,0.06419778,0.77406126,-0.62984747,-0.86785245,0.35488746,0.34768802,0.4926568,0.5242939,0.694554,,1.2661343319962342,0.14517193256967234,0.18996741063000003,0.822613648289789,0.21779858062611207,1.3759294989813982,-0.40051965016125246,,-0.5625161398256391,-0.2473436884956626,0.18674483369000003,0.808564422076326,1.2984566572709806,-0.029652213056008514,0.873890753818394,,-0.03987859174650544,-0.09379617566374027,0.05836094732,-0.08765896690267068,,-7.916987e-05,2.9802322e-07,-6.67572e-06,1.0,4.9859285e-05,4.0993094e-05,-4.987046e-05,1.0,5.4240227e-06,-4.0993094e-05,-5.4240227e-06,1.0,315,0.97,0,1,0.029,False,-0.2602355019347904,1.048114861536123
0.9947518129920354,10:49:31.964831,10:49:15.715249,0,,0.12522537,0.00045654178,0.015799806,-0.9845495,-0.10759862,-0.13814756,-0.10703979,-0.2545558,0.96111584,-0.138581,0.9610535,0.23910537,,0.023777157,-0.012336671,0.017295033,0.064222515,-0.71029305,0.7009702,-0.32802963,0.64836216,0.68703926,-0.9424819,-0.27406242,-0.19135776,,0.10927044,1.3586898,0.45859575,0.9961404,0.033284273,-0.081218705,-0.025768925,-0.7736411,-0.63309985,-0.0839064,0.63274926,-0.76979744,,-0.08238856,0.25554588,-0.060052738,0.97679454,-0.013905737,0.21372648,-0.1863129,0.4370264,0.87994057,-0.10564034,-0.89934117,0.4242942,,0.038959604,0.4409199,-0.30655372,0.06461176,0.77374566,-0.6301928,-0.8679205,0.35523212,0.34716585,0.4924828,0.5245263,0.6945019,,1.2665281913728197,0.14526460536416302,0.18991167016000002,0.8196779890810056,0.21820849012540838,1.3778822499942445,-0.3998662738967156,,-0.5625315852913875,-0.2473436884956626,0.18674483369000003,0.8094031818502639,1.2980467477716844,-0.02931795934491921,0.873890753818394,,-0.03987859174650544,-0.09379617566374027,0.05836094732,-0.08765896690267068,,-7.916987e-05,2.9802322e-07,-6.67572e-06,1.0,4.9859285e-05,4.0993094e-05,-4.987046e-05,1.0,5.4240227e-06,-4.0993094e-05,-5.4240227e-06,1.0,323,0.995,0,1,0.029,False,-0.2598184579051428,1.0482597021384612
1.0142671130015515,10:49:31.995692,10:49:15.715249,0,,0.12517533,0.00046244264,0.015945747,-0.9844177,-0.10757335,-0.13910377,-0.10783489,-0.25555593,0.96076155,-0.13890113,0.9607909,0.23997357,,0.023784772,-0.012337074,0.017297298,0.06421599,-0.7101425,0.70112336,-0.327989,0.6485234,0.68690646,-0.9424964,-0.2740712,-0.19127342,,0.10927044,1.3586898,0.45859575,0.9961404,0.033284273,-0.081218705,-0.025768925,-0.7736411,-0.63309985,-0.0839064,0.63274926,-0.76979744,,-0.08235268,0.25564536,-0.060165223,0.97661227,-0.014009531,0.21455115,-0.18712085,0.43609992,0.88022876,-0.10589733,-0.8997892,0.42327908,,0.03895172,0.4409206,-0.30655453,0.06462235,0.773606,-0.63036317,-0.86789906,0.35533813,0.34711105,0.49251926,0.52466047,0.6943747,,1.2670378917425185,0.14533410996003104,0.18978852261,0.8186295393635831,0.21848176312493928,1.3783128441079762,-0.40019296202898436,,-0.5625701989557587,-0.2473436884956626,0.18674483369000003,0.8096128717937485,1.2980467477716844,-0.02931795934491921,0.873890753818394,,-0.03987859174650544,-0.09379617566374027,0.05836094732,-0.08765896690267068,,-7.916987e-05,2.9802322e-07,-6.67572e-06,1.0,4.9859285e-05,4.0993094e-05,-4.987046e-05,1.0,5.4240227e-06,-4.0993094e-05,-5.4240227e-06,1.0,336,1.034,0,1,0.029,False,-0.26059296824591627,1.0480665813353434
1.0451208930026041,10:49:32.027688,10:49:15.715249,0,,0.12514615,0.00046643615,0.016051084,-0.9834264,-0.11132143,-0.14310881,-0.11090512,-0.25507087,0.9605409,-0.14343168,0.9604927,0.23849723,,0.023789167,-0.012336984,0.017295808,0.06423683,-0.7101349,0.7011291,-0.32798597,0.6485257,0.6869057,-0.94249606,-0.27408522,-0.1912551,,0.10927044,1.3586898,0.45859575,0.9961404,0.033284273,-0.081218705,-0.025768925,-0.7736411,-0.63309985,-0.0839064,0.63274926,-0.76979744,,-0.08233366,0.25571707,-0.060245596,0.97575295,-0.010220187,0.21863614,-0.19239543,0.43621454,0.87903404,-0.104356155,-0.8997846,0.4236713,,0.038947605,0.44091946,-0.30655274,0.06460187,0.77360076,-0.6303717,-0.86789787,0.35533026,0.34712207,0.49252406,0.5246735,0.6943614,,1.2674471965848524,0.14527232809703725,0.18970426376000002,0.8135969807199546,0.22162440261954441,1.3760769472835206,-0.40084633829352123,,-0.5625933671543814,-0.2473436884956626,0.18674742627000002,0.8096128717937485,1.2980467477716844,-0.02931795934491921,0.873890753818394,,-0.03987859174650544,-0.09379617566374027,0.05836094732,-0.08765896690267068,,-7.916987e-05,2.9802322e-07,-6.67572e-06,1.0,4.9859285e-05,4.0993094e-05,-4.987046e-05,1.0,5.4240227e-06,-4.0993094e-05,-5.4240227e-06,1.0,353,1.088,0,1,0.029,False,-0.259580147031059,1.0479700209337843
