Task Time,PC1 Time,PC2 Time,Gaze Calib,s_T_psm1,Tx,Ty,Tz,R00,R01,R02,R10,R11,R12,R20,R21,R22,s_T_psm3,Tx,Ty,Tz,R00,R01,R02,R10,R11,R12,R20,R21,R22,cart_T_ecm,Tx,Ty,Tz,R00,R01,R02,R10,R11,R12,R20,R21,R22,ecm_T_psm1,Tx,Ty,Tz,R00,R01,R02,R10,R11,R12,R20,R21,R22,ecm_T_psm3,Tx,Ty,Tz,R00,R01,R02,R10,R11,R12,R20,R21,R22,psm1_joints,q1,q2,q3,q4,q5,q6,jaw,psm3_joints,q1,q2,q3,q4,q5,q6,jaw,ecm_joints,q1,q2,q3,q4,ecmi_T_ecm,Tx,Ty,Tz,R00,R01,R02,R10,R11,R12,R20,R21,R22,Sample #,Task Duration (s),Collisions (binary),Collisions (increments),Cumulative Collision Time (s),Clutch Press,MTMR Angle,MTML Angle
""
lci_T_si,,,,,-0.064848,0.0060158353,0.24753708,0.99741,0.018062852,0.06962021,0.059872065,-0.74489254,-0.6644926,0.03985694,0.6669399,-0.7440447
rci_T_si,,,,,-0.07478864,0.010140588,0.2572284,0.9943315,0.005651281,0.106174365,0.075483374,-0.74079365,-0.6674781,0.07488119,0.6717089,-0.737021
ecm_T_lc,,,,,-4.4061628e-05,-0.00034663224,-0.01840835,-0.99912,0.030754527,0.028518902,-0.031987965,-0.99852574,-0.043852776,0.027128186,-0.04472645,0.9986309
ecm_T_rc,,,,,-0.0043358393,0.01870579,-0.007592615,-0.99555075,-0.052743673,-0.078081585,0.04863213,-0.9973746,0.053654674,-0.08070653,0.04961868,0.9955021
cart_T_ecmi,,,,,0.10781996,1.3465626,0.44453546,0.9966516,-0.008020006,-0.08137113,-0.05822047,-0.76835763,-0.6373672,-0.05741044,0.6399705,-0.7662518
ecmac_T_ecmrep_psm1,,,,,0.011947535,-0.24624088,-0.3140189,0.99787813,0.060519684,0.024013558,-0.059408683,0.9972389,-0.04455629,-0.026643785,0.04303513,0.9987182
ecmac_T_ecmrep_psm3,,,,,-0.020729378,-0.4297972,-0.5440064,0.99962926,-0.018584386,0.019899037,0.019259674,0.999226,-0.034299888,-0.019246193,0.03467042,0.99921346
""
0,15:55:21.579932,15:55:05.752778,0,,0.111496516,0.005513683,0.024540737,0.97491825,0.06994094,-0.2112878,0.21914211,-0.13585502,0.9661884,0.038871594,-0.98825675,-0.14777473,,0.06377313,-0.009146333,0.010238886,-0.37749088,0.476973,0.7937236,0.89001596,-0.049782574,0.453203,0.25567907,0.8775069,-0.4057214,,0.10787553,1.346559,0.4445378,0.9966492,-0.008051255,-0.08139706,-0.058261003,-0.7683573,-0.6373639,-0.05741044,0.6399705,-0.7662518,,-0.07574561,0.2679964,-0.08310642,-0.9744235,-0.018262899,0.22397612,0.1586338,-0.76185197,0.6280262,0.15916707,0.64749366,0.7452636,,-0.005141891,0.44112426,-0.30677313,0.302147,-0.5663039,-0.7668162,0.8676192,0.4966061,-0.024883976,0.39489752,-0.6577859,0.64138424,,1.2720962817751356,0.1875774587820391,0.18007282906000002,4.0071748199892605,-0.12584221628397066,-0.9499780348870215,-0.4193042177666948,,-0.9106028786655603,-0.21637552967002233,0.21083379076000003,-3.156882099159514,-0.41974732727943304,0.5550489182215712,0.8773209792072139,,-0.0396756972209611,-0.08834420341282298,0.07698115776,-0.046119083333121515,,5.5462122e-05,3.7550926e-06,-4.053116e-06,0.99999994,-3.116578e-05,-2.6028603e-05,3.116578e-05,0.99999994,-2.3245811e-06,2.603978e-05,2.3245811e-06,1.0,36,0.109,1,1,0.084,False,-0.26196325577190027,1.051494475590685
0.12855782799306326,15:55:21.616898,15:55:05.752778,0,,0.11152287,0.0054694265,0.024500296,0.9732925,0.07596062,-0.21663669,0.22531633,-0.13530797,0.9648441,0.043977477,-0.9878874,-0.14880955,,0.063774675,-0.009147555,0.01023978,-0.3774888,0.47690025,0.79376817,0.89001894,-0.04981816,0.45319334,0.25567192,0.87754446,-0.40564466,,0.10787553,1.346559,0.4445378,0.9966492,-0.008051255,-0.08139706,-0.058261003,-0.7683573,-0.6373639,-0.05741044,0.6399705,-0.7662518,,-0.07577003,0.26793566,-0.08310471,-0.97303736,-0.02429068,0.22936502,0.16668673,-0.7613868,0.6265027,0.15941732,0.64784265,0.7449067,,-0.005143458,0.44112378,-0.3067746,0.30214557,-0.56623393,-0.7668684,0.8676164,0.49661303,-0.0248448,0.39490482,-0.6578409,0.64132327,,1.2718182633916635,0.18726854946707014,0.18008708825000003,3.999206602136849,-0.12748185428115594,-0.9485593413025237,-0.4194675618328292,,-0.9106106013984346,-0.21638325240289655,0.21083379076000003,-3.156882099159514,-0.41974732727943304,0.5551305969617117,0.8771576351410796,,-0.0396756972209611,-0.08834420341282298,0.07698115776,-0.046119083333121515,,5.5462122e-05,3.7550926e-06,-4.053116e-06,0.99999994,-3.116578e-05,-2.6028603e-05,3.116578e-05,0.99999994,-2.3245811e-06,2.603978e-05,2.3245811e-06,1.0,44,0.133,1,1,0.108,False,-0.2612483231496481,1.0516393161930233
0.16550641600042582,15:55:21.648902,15:55:05.870745,0,,0.1115632,0.005471289,0.024474546,0.972047,0.08094821,-0.2203904,0.22975586,-0.13468993,0.9638831,0.04834023,-0.98757565,-0.14952335,,0.0637785,-0.009146735,0.010242224,-0.3774925,0.47688064,0.7937783,0.8900181,-0.049824685,0.4531941,0.2556692,0.87755466,-0.40562418,,0.10787553,1.346559,0.4445378,0.9966492,-0.008051255,-0.08139706,-0.058261003,-0.7683573,-0.6373639,-0.05741044,0.6399705,-0.7662518,,-0.07580892,0.26791865,-0.08308259,-0.9720007,-0.029284403,0.23314606,0.17294021,-0.76087487,0.62542874,0.15907967,0.64823747,0.74463534,,-0.0051475614,0.44112563,-0.30677566,0.3021496,-0.5662153,-0.76688063,0.8676144,0.4966172,-0.024831649,0.39490616,-0.6578538,0.6413092,,1.2716020268711852,0.1872531040013217,0.18010523631000003,3.9931255937757975,-0.12912149227834124,-0.9473856839384478,-0.4191408737005605,,-0.9106337695970573,-0.21638325240289655,0.21083379076000003,-3.156882099159514,-0.41974732727943304,0.5551305969617117,0.8771576351410796,,-0.0396756972209611,-0.08834420341282298,0.07698115776,-0.046119083333121515,,5.5462122e-05,3.7550926e-06,-4.053116e-06,0.99999994,-3.116578e-05,-2.6028603e-05,3.116578e-05,0.99999994,-2.3245811e-06,2.603978e-05,2.3245811e-06,1.0,57,0.174,1,1,0.149,False,-0.2616653671792948,1.051494475590685
0.1974989799928153,15:55:21.673641,15:55:05.870745,0,,0.11158722,0.0055013895,0.024466112,0.970459,0.08698224,-0.22504073,0.23522733,-0.1337378,0.96269524,0.053640917,-0.98719203,-0.15024775,,0.063774675,-0.009147555,0.01023978,-0.3774888,0.47690025,0.79376817,0.89001894,-0.04981816,0.45319334,0.25567192,0.87754446,-0.40564466,,0.10787553,1.346559,0.4445378,0.9966492,-0.008051255,-0.08139706,-0.058261003,-0.7683573,-0.6373639,-0.05741044,0.6399705,-0.7662518,,-0.0758323,0.26793468,-0.083055206,-0.9706662,-0.035325106,0.2378218,0.18059817,-0.7600989,0.6242067,0.15871792,0.64884657,0.74418193,,-0.005143458,0.44112378,-0.3067746,0.30214557,-0.56623393,-0.7668684,0.8676164,0.49661303,-0.0248448,0.39490482,-0.6578409,0.64132327,,1.2715711359396882,0.18733805406293816,0.18012338437000003,3.9855767558103543,-0.1311710397748228,-0.9458777728632828,-0.418814185568292,,-0.9106106013984346,-0.21638325240289655,0.21083379076000003,-3.156882099159514,-0.41974732727943304,0.5551305969617117,0.8771576351410796,,-0.0396756972209611,-0.08834420341282298,0.07698115776,-0.046119083333121515,,5.5462122e-05,3.7550926e-06,-4.053116e-06,0.99999994,-3.116578e-05,-2.6028603e-05,3.116578e-05,0.99999994,-2.3245811e-06,2.603978e-05,2.3245811e-06,1.0,65,0.199,1,1,0.174,False,-0.261427056305211,1.0513496349883464
0.2222533040039707,15:55:21.701497,15:55:05.870745,0,,0.111598805,0.005518645,0.024469942,0.9695749,0.093410216,-0.22627163,0.23749334,-0.13487658,0.96197975,0.05933997,-0.9864495,-0.15295741,,0.06377341,-0.009147853,0.0102389455,-0.37748754,0.47690672,0.7937649,0.8900192,-0.049815953,0.45319307,0.2556729,0.87754107,-0.40565148,,0.10787553,1.346559,0.4445378,0.9966492,-0.008051255,-0.08139706,-0.058261003,-0.7683573,-0.6373639,-0.05741044,0.6399705,-0.7662518,,-0.07584398,0.26794973,-0.08304604,-0.970073,-0.041789375,0.23919053,0.18611124,-0.760654,0.6219069,0.15595213,0.64781106,0.74566734,,-0.00514209,0.44112316,-0.30677423,0.30214423,-0.56624013,-0.76686436,0.8676171,0.49661165,-0.024849184,0.39490438,-0.6578366,0.641328,,1.2716946996656757,0.1872917176656928,0.18012986582,3.9807538871102106,-0.13527013476778604,-0.94253523575239,-0.4184874974360233,,-0.9106028786655603,-0.21638325240289655,0.21083379076000003,-3.156882099159514,-0.41974732727943304,0.5551305969617117,0.8771576351410796,,-0.0396756972209611,-0.08834420341282298,0.07698115776,-0.046119083333121515,,5.5462122e-05,3.7550926e-06,-4.053116e-06,0.99999994,-3.116578e-05,-2.6028603e-05,3.116578e-05,0.99999994,-2.3245811e-06,2.603978e-05,2.3245811e-06,1.0,86,0.264,1,1,0.239,False,-0.2613079008681689,1.0514461953899055
0.2501002719945973,15:55:21.761119,15:55:05.870745,0,,0.11156858,0.005586013,0.02448909,0.9664314,0.1111907,-0.23161785,0.24570361,-0.1364711,0.9596902,0.07509946,-0.98438406,-0.15921,,0.0637742,-0.009152487,0.010239303,-0.37747762,0.47690246,0.7937722,0.8900288,-0.049805045,0.4531755,0.25565425,0.877544,-0.4056568,,0.10787553,1.346559,0.4445378,0.9966492,-0.008051255,-0.08139706,-0.058261003,-0.7683573,-0.6373639,-0.05741044,0.6399705,-0.7662518,,-0.07581445,0.26801363,-0.08301664,-0.9677241,-0.059662517,0.24484786,0.20282683,-0.7610228,0.61620253,0.14957061,0.6459757,0.74856126,,-0.0051426864,0.44111988,-0.30677757,0.3021359,-0.56623673,-0.76687014,0.8676106,0.49662212,-0.024866492,0.394925,-0.6578316,0.64132035,,1.2723665774257333,0.18711409480958566,0.18015968049000003,3.96544652123584,-0.1459277817494904,-0.9341713542246314,-0.4184874974360233,,-0.9106028786655603,-0.2164064206015192,0.21083379076000003,-3.156882099159514,-0.41974732727943304,0.5551305969617117,0.8771576351410796,,-0.0396756972209611,-0.08834420341282298,0.07698115776,-0.046119083333121515,,5.5462122e-05,3.7550926e-06,-4.053116e-06,0.99999994,-3.116578e-05,-2.6028603e-05,3.116578e-05,0.99999994,-2.3245811e-06,2.603978e-05,2.3245811e-06,1.0,94,0.289,1,1,0.264,False,-0.26160578946077395,1.0516393161930233
0.30971418200351764,15:55:21.790643,15:55:05.870745,0,,0.111619875,0.0056497306,0.024523541,0.9642311,0.1290746,-0.23151222,0.24828777,-0.13404298,0.9593673,0.09279734,-0.98253334,-0.16129613,,0.063774675,-0.009147555,0.01023978,-0.3774888,0.47690025,0.79376817,0.89001894,-0.04981816,0.45319334,0.25567192,0.87754446,-0.40564466,,0.10787553,1.346559,0.4445378,0.9966492,-0.008051255,-0.08139706,-0.058261003,-0.7683573,-0.6373639,-0.05741044,0.6399705,-0.7662518,,-0.07586716,0.26808244,-0.08299758,-0.9664498,-0.07760607,0.24485108,0.21661258,-0.75854087,0.6145687,0.1380353,0.6469876,0.7499022,,-0.005143458,0.44112378,-0.3067746,0.30214557,-0.56623393,-0.7668684,0.8676164,0.49661303,-0.0248448,0.39490482,-0.6578409,0.64132327,,1.2728144959324383,0.18702914474796917,0.18016616194,3.9543329542311603,-0.16068452372415798,-0.930142737159193,-0.42012093809736606,,-0.9106106013984346,-0.21638325240289655,0.21083379076000003,-3.156882099159514,-0.41974732727943304,0.5551305969617117,0.8771576351410796,,-0.0396756972209611,-0.08834420341282298,0.07698115776,-0.046119083333121515,,5.5462122e-05,3.7550926e-06,-4.053116e-06,0.99999994,-3.116578e-05,-2.6028603e-05,3.116578e-05,0.99999994,-2.3245811e-06,2.603978e-05,2.3245811e-06,1.0,111,0.342,1,1,0.317,False,-0.26273776611267374,1.0515427557914643
0.3392517860047519,15:55:21.845101,15:55:06.085771,0,,0.111722246,0.0057843626,0.024620458,0.9569298,0.17424223,-0.2322171,0.25537235,-0.1247226,0.9587643,0.1380945,-0.97677207,-0.1638475,,0.0637742,-0.009152487,0.010239303,-0.37747762,0.47690246,0.7937722,0.8900288,-0.049805045,0.4531755,0.25565425,0.877544,-0.4056568,,0.10787553,1.346559,0.4445378,0.9966492,-0.008051255,-0.08139706,-0.058261003,-0.7683573,-0.6373639,-0.05741044,0.6399705,-0.7662518,,-0.07597379,0.26824412,-0.08297547,-0.9615184,-0.12296483,0.24568677,0.25229964,-0.7491729,0.6124417,0.108753085,0.65086067,0.7513675,,-0.0051426864,0.44111988,-0.30677757,0.3021359,-0.56623673,-0.76687014,0.8676106,0.49662212,-0.024866492,0.394925,-0.6578316,0.64132035,,1.2739883513293204,0.1865657807755157,0.18017653226000002,3.924766672199843,-0.1982595611596541,-0.9219644671813316,-0.41897752963442614,,-0.9106028786655603,-0.2164064206015192,0.21083379076000003,-3.156882099159514,-0.41974732727943304,0.5551305969617117,0.8771576351410796,,-0.0396756972209611,-0.08834420341282298,0.07698115776,-0.046119083333121515,,5.5462122e-05,3.7550926e-06,-4.053116e-06,0.99999994,-3.116578e-05,-2.6028603e-05,3.116578e-05,0.99999994,-2.3245811e-06,2.603978e-05,2.3245811e-06,1.0,132,0.408,1,1,0.383,False,-0.2616653671792948,1.0515427557914643
0.3936968140042154,15:55:21.910825,15:55:06.085771,0,,0.11150136,0.0058707,0.024717942,0.95198166,0.19065398,-0.23954475,0.2664184,-0.13039955,0.9549958,0.15083721,-0.97295773,-0.17493185,,0.06377354,-0.009149179,0.0102421045,-0.37748548,0.47689876,0.79377073,0.89002216,-0.049814522,0.45318747,0.25566572,0.8775455,-0.40564644,,0.10787553,1.346559,0.4445378,0.9966492,-0.008051255,-0.08139706,-0.058261003,-0.7683573,-0.6373639,-0.05741044,0.6399705,-0.7662518,,-0.07575791,0.2683803,-0.0829999,-0.95719266,-0.13958558,0.25357056,0.26917458,-0.7513753,0.6024784,0.10642936,0.64494264,0.75678384,,-0.005142501,0.44112426,-0.3067774,0.3021428,-0.5662328,-0.7668704,0.86761427,0.4966165,-0.02485057,0.3949117,-0.65783924,0.64132077,,1.2756255706986561,0.18617192139893027,0.18017912484,3.9073624068906265,-0.20550129564722242,-0.907728086791084,-0.41963090589896335,,-0.9106106013984346,-0.21639097513577077,0.21083119818,-3.156882099159514,-0.41974732727943304,0.5551305969617117,0.8771576351410796,,-0.0396756972209611,-0.08834420341282298,0.07698115776,-0.046119083333121515,,5.5462122e-05,3.7550926e-06,-4.053116e-06,0.99999994,-3.116578e-05,-2.6028603e-05,3.116578e-05,0.99999994,-2.3245811e-06,2.603978e-05,2.3245811e-06,1.0,140,0.432,1,1,0.407,False,-0.2621419889274632,1.0519772775984795
0.4594500069943024,15:55:21.934620,15:55:06.085771,0,,0.111568406,0.005942151,0.024764434,0.9488855,0.20648003,-0.23870948,0.26877773,-0.13216004,0.95409226,0.16545314,-0.9694841,-0.18090212,,0.0638148,-0.009113774,0.010237336,-0.37750196,0.47691503,0.79375315,0.89001805,-0.049787253,0.45319867,0.2556559,0.8775382,-0.40566838,,0.10792179,1.3465582,0.44453314,0.9966452,-0.008104554,-0.08144127,-0.058330137,-0.76835674,-0.63735825,-0.05741044,0.6399705,-0.7662518,,-0.07586277,0.26846886,-0.08298201,-0.9548425,-0.1555939,0.25311315,0.28081864,-0.75085753,0.59779084,0.0970393,0.641875,0.7606444,,-0.005221299,0.44114435,-0.30675,0.30222407,-0.5662523,-0.76682395,0.867592,0.4966574,-0.024811728,0.39489847,-0.65779155,0.64137775,,1.2763978439860786,0.18616419866605602,0.18019079145000003,3.8972972896033697,-0.21766194412634665,-0.8990370744642109,-0.4197942499650976,,-0.9106106013984346,-0.2164064206015192,0.21082990189000003,-3.156882099159514,-0.41974732727943304,0.5551305969617117,0.8771576351410796,,-0.0396756972209611,-0.08834420341282298,0.07698115776,-0.046119083333121515,,0.000101869926,1.013279e-06,-3.695488e-06,1.0,-8.4314495e-05,-7.041916e-05,8.4314495e-05,0.99999994,-6.3180923e-06,7.042289e-05,6.3180923e-06,1.0,153,0.473,1,1,0.448,False,-0.2621419889274632,1.0520738380000385
0.48324539499299135,15:55:21.979263,15:55:06.085771,0,,0.11153287,0.006052822,0.02480638,0.9446832,0.22630385,-0.23740312,0.27145684,-0.13323644,0.95318365,0.18407837,-0.9649012,-0.18729797,,0.06380574,-0.009120986,0.010245144,-0.37748507,0.47692886,0.79375285,0.8900316,-0.049766093,0.45317447,0.25563386,0.8775318,-0.40569597,,0.10792179,1.3465582,0.44453314,0.9966452,-0.008104554,-0.08144127,-0.058330137,-0.76835674,-0.63735825,-0.05741044,0.6399705,-0.7662518,,-0.0758289,0.26858038,-0.08294092,-0.95161736,-0.17563803,0.25214222,0.2953555,-0.749226,0.59281164,0.084791236,0.6386014,0.76485205,,-0.0052127917,0.44114527,-0.30676103,0.302209,-0.5662664,-0.7668195,0.8675853,0.4966672,-0.024847955,0.39492464,-0.657772,0.64138174,,1.277340017396734,0.18598657580994887,0.18023745789,3.8845062030508135,-0.23337514159937228,-0.8890827714440421,-0.4206109702957689,,-0.910587433199812,-0.2164373115330161,0.21081823528000002,-3.156882099159514,-0.41974732727943304,0.5551305969617117,0.8771576351410796,,-0.0396756972209611,-0.08834420341282298,0.07698115776,-0.046119083333121515,,0.000101869926,1.013279e-06,-3.695488e-06,1.0,-8.4314495e-05,-7.041916e-05,8.4314495e-05,0.99999994,-6.3180923e-06,7.042289e-05,6.3180923e-06,1.0,161,0.498,1,1,0.473,False,-0.260652545964438,1.0522186786023768
0.5278841310064308,15:55:22.008840,15:55:06.235165,0,,0.11142531,0.0060711056,0.024796262,0.94288397,0.23017678,-0.24080774,0.27522653,-0.13102677,0.9524086,0.18767002,-0.96428746,-0.18689394,,0.0637811,-0.009124026,0.010255456,-0.37747267,0.477059,0.79368055,0.89003414,-0.049707174,0.45317584,0.25564304,0.8774645,-0.40583587,,0.10792179,1.3465582,0.44453314,0.9966452,-0.008104554,-0.08144127,-0.058330137,-0.76835674,-0.63735825,-0.05741044,0.6399705,-0.7662518,,-0.075720854,0.26859063,-0.08292582,-0.9499904,-0.17952599,0.25551644,0.3006134,-0.74729186,0.5926099,0.08455648,0.63978535,0.763888,,-0.005189293,0.44115263,-0.30677184,0.30219558,-0.5663912,-0.7667326,0.867592,0.49665126,-0.024932362,0.39492017,-0.6576766,0.64148235,,1.2779192223623008,0.18565449829635722,0.18027764288,3.8788445745767315,-0.23528805259608845,-0.88866642315426,-0.4191408737005605,,-0.9105102058710697,-0.2164373115330161,0.21079619835000002,-3.156882099159514,-0.41974732727943304,0.5550489182215712,0.8769942910749453,,-0.0396756972209611,-0.08834420341282298,0.07698115776,-0.046119083333121515,,0.000101869926,1.013279e-06,-3.695488e-06,1.0,-8.4314495e-05,-7.041916e-05,8.4314495e-05,0.99999994,-6.3180923e-06,7.042289e-05,6.3180923e-06,1.0,178,0.551,1,1,0.526,False,-0.261427056305211,1.0520738380000385
0.5574436349997995,15:55:22.054844,15:55:06.235165,0,,0.11131796,0.0061033666,0.024792805,0.93859804,0.24624147,-0.24165818,0.28008652,-0.13483816,0.9504578,0.20145732,-0.959783,-0.19552791,,0.06375905,-0.009133503,0.010261059,-0.37744588,0.47699538,0.7937315,0.8900497,-0.04974249,0.45314133,0.25562838,0.8774971,-0.40577465,,0.10792179,1.3465582,0.44453314,0.9966452,-0.008104554,-0.08144127,-0.058330137,-0.76835674,-0.63735825,-0.05741044,0.6399705,-0.7662518,,-0.07561331,0.26861572,-0.08290636,-0.94641393,-0.19582695,0.25681207,0.3135544,-0.74763274,0.5854305,0.07735805,0.6345841,0.7689725,,-0.005167536,0.44115183,-0.30678338,0.30216977,-0.56632984,-0.76678807,0.8675907,0.49665403,-0.024922527,0.39494276,-0.65772736,0.6414163,,1.2787764457113397,0.18501351146779657,0.18033597593000003,3.866472867911144,-0.2459456995777928,-0.8771987495011602,-0.4186508415021576,,-0.9104252558094532,-0.216468202464513,0.21077934658000003,-3.156882099159514,-0.41974732727943304,0.5552122757018523,0.8769942910749453,,-0.0396756972209611,-0.08834420341282298,0.07698115776,-0.046119083333121515,,0.000101869926,1.013279e-06,-3.695488e-06,1.0,-8.4314495e-05,-7.041916e-05,8.4314495e-05,0.99999994,-6.3180923e-06,7.042289e-05,6.3180923e-06,1.0,199,0.617,1,1,0.592,False,-0.2616653671792948,1.0516393161930233
0.603442363004433,15:55:22.117952,15:55:06.235165,0,,0.11114916,0.006114885,0.02477111,0.93460155,0.25988156,-0.24286103,0.2843086,-0.13549855,0.9491093,0.21374866,-0.9560865,-0.2005238,,0.06375055,-0.009139389,0.010264635,-0.37743104,0.47701713,0.7937255,0.8900603,-0.04972282,0.4531227,0.25561342,0.87748635,-0.4058073,,0.10792179,1.3465582,0.44453314,0.9966452,-0.008104554,-0.08144127,-0.058330137,-0.76835674,-0.63735825,-0.05741044,0.6399705,-0.7662518,,-0.075443536,0.26861513,-0.08288981,-0.9430507,-0.20964696,0.25827032,0.32501438,-0.74608845,0.5811348,0.07085937,0.63198113,0.7717375,,-0.005159197,0.44115084,-0.30679038,0.30215612,-0.5663513,-0.76677763,0.8675869,0.49665895,-0.02495737,0.3949616,-0.6577052,0.6414275,,1.2798421828479827,0.18410995172151232,0.18041245704000003,3.8553593009064646,-0.2559201640606699,-0.8696369937123054,-0.41946756183282896,,-0.9103943648779563,-0.21649137066313567,0.21077156884000003,-3.156882099159514,-0.41974732727943304,0.5552122757018523,0.8769942910749453,,-0.0396756972209611,-0.08834420341282298,0.07698115776,-0.046119083333121515,,0.000101869926,1.013279e-06,-3.695488e-06,1.0,-8.4314495e-05,-7.041916e-05,8.4314495e-05,0.99999994,-6.3180923e-06,7.042289e-05,6.3180923e-06,1.0,220,0.682,1,1,0.657,False,-0.26202283349042155,1.0525566400078332
0.6665729509986704,15:55:22.183968,15:55:06.399948,0,,0.110985234,0.0061599314,0.024756223,0.9290886,0.27514145,-0.24716675,0.2918445,-0.13485602,0.946911,0.22720252,-0.95189846,-0.2055918,,0.063748986,-0.009142518,0.010268152,-0.37742442,0.4770143,0.7937303,0.89006674,-0.04971555,0.453111,0.25560105,0.87748826,-0.40581086,,0.10792179,1.3465582,0.44453314,0.9966452,-0.008104554,-0.08144127,-0.058330137,-0.76835674,-0.63735825,-0.05741044,0.6399705,-0.7662518,,-0.075278796,0.2686439,-0.082855746,-0.9382168,-0.2251034,0.26282626,0.33976528,-0.74329656,0.57625496,0.06564091,0.6299513,0.7738557,,-0.0051578623,0.44115105,-0.30679515,0.30215058,-0.566349,-0.76678145,0.86758256,0.49666592,-0.024968907,0.39497533,-0.65770185,0.64142245,,1.280884751786003,0.1833840148313352,0.1804954196,3.840261624975579,-0.2650748095449545,-0.8615185642435205,-0.4191408737005604,,-0.9103943648779563,-0.21650681612888412,0.21076767997,-3.156882099159514,-0.41974732727943304,0.5552122757018523,0.8769942910749453,,-0.0396756972209611,-0.08834420341282298,0.07698115776,-0.046119083333121515,,0.000101869926,1.013279e-06,-3.695488e-06,1.0,-8.4314495e-05,-7.041916e-05,8.4314495e-05,0.99999994,-6.3180923e-06,7.042289e-05,6.3180923e-06,1.0,241,0.748,1,1,0.723,False,-0.26101001227556386,1.0518807171969207
0.7325730779994046,15:55:22.247404,15:55:06.399948,0,,0.11078264,0.006242901,0.02478616,0.9217361,0.29328486,-0.25374454,0.30199254,-0.13229752,0.9440856,0.24331626,-0.9468268,-0.21051338,,0.06374518,-0.009144396,0.010271788,-0.37741986,0.47695452,0.79376847,0.8900701,-0.04974675,0.4531008,0.25559577,0.877519,-0.40574777,,0.10792179,1.3465582,0.44453314,0.9966452,-0.008104554,-0.08144127,-0.058330137,-0.76835674,-0.63735825,-0.05741044,0.6399705,-0.7662518,,-0.07507764,0.26873198,-0.08283139,-0.93167263,-0.24347569,0.26963988,0.3582921,-0.7385787,0.57107645,0.060107015,0.62866616,0.77534896,,-0.0051543834,0.4411525,-0.3067993,0.30214646,-0.56629145,-0.7668256,0.86758107,0.49667007,-0.024938492,0.39498177,-0.6577483,0.6413709,,1.2822671209704892,0.18272758253702612,0.18056541926000003,3.820760460231518,-0.27532254702736253,-0.852590470285305,-0.42093765842803765,,-0.9103866421450821,-0.21651453886175837,0.21076249481000003,-3.156882099159514,-0.41974732727943304,0.5552939544419928,0.8774843232733481,,-0.0396756972209611,-0.08834420341282298,0.07698115776,-0.046119083333121515,,0.000101869926,1.013279e-06,-3.695488e-06,1.0,-8.4314495e-05,-7.041916e-05,8.4314495e-05,0.99999994,-6.3180923e-06,7.042289e-05,6.3180923e-06,1.0,249,0.772,1,1,0.747,False,-0.26059296824591627,1.0523635192047154
0.7960295579978265,15:55:22.276741,15:55:06.399948,0,,0.11070077,0.0062924325,0.02480933,0.91830915,0.30372736,-0.25388557,0.3046547,-0.13271654,0.943171,0.25277197,-0.94347,-0.21440691,,0.06373825,-0.0091471225,0.010271907,-0.3774116,0.47697926,0.7937575,0.8900744,-0.049734294,0.45309386,0.25559327,0.87750626,-0.40577683,,0.10792179,1.3465582,0.44453314,0.9966452,-0.008104554,-0.08144127,-0.058330137,-0.76835674,-0.63735825,-0.05741044,0.6399705,-0.7662518,,-0.07499684,0.26878688,-0.082819134,-0.9287365,-0.2540833,0.26998186,0.36668277,-0.73698086,0.56780535,0.0547016,0.62633926,0.777629,,-0.00514738,0.44115135,-0.30680153,0.30213833,-0.56631523,-0.76681125,0.8675816,0.496668,-0.024961798,0.39498687,-0.6577294,0.6413871,,1.2829776123949177,0.18241867322205715,0.1805991228,3.812372862492137,-0.2828375545144617,-0.8462174493615803,-0.4201209380973663,,-0.9103557512135853,-0.2165222615946326,0.21075860594,-3.156882099159514,-0.41974732727943304,0.5552939544419928,0.8778110114056167,,-0.0396756972209611,-0.08834420341282298,0.07698115776,-0.046119083333121515,,0.000101869926,1.013279e-06,-3.695488e-06,1.0,-8.4314495e-05,-7.041916e-05,8.4314495e-05,0.99999994,-6.3180923e-06,7.042289e-05,6.3180923e-06,1.0,262,0.813,1,1,0.788,False,-0.261427056305211,1.052122118200818
0.825358875998063,15:55:22.317034,15:55:06.399948,0,,0.11059885,0.0063529015,0.024856478,0.9133976,0.31768292,-0.2545236,0.30859372,-0.13262379,0.94190264,0.2654705,-0.93887603,-0.2191734,,0.06372993,-0.009149879,0.010274172,-0.37740338,0.4770039,0.79374665,0.89007854,-0.049721926,0.4530869,0.25559068,0.8774936,-0.4058059,,0.10792179,1.3465582,0.44453314,0.9966452,-0.008104554,-0.08144127,-0.058330137,-0.76835674,-0.63735825,-0.05741044,0.6399705,-0.7662518,,-0.07489722,0.26886654,-0.08281825,-0.92448264,-0.26826176,0.27086434,0.37823173,-0.7342873,0.56370455,0.047671877,0.62358457,0.78030103,,-0.0051392214,0.44115177,-0.30680543,0.30213022,-0.56633896,-0.76679695,0.8675821,0.49666592,-0.024985101,0.39499193,-0.65771055,0.6414033,,1.2838888948740763,0.1820248138454717,0.18062634489,3.8006302256570037,-0.29267538249757347,-0.8380320028151567,-0.4194675618328291,,-0.9103248602820883,-0.2165299843275068,0.21075212449000003,-3.156882099159514,-0.41974732727943304,0.5552939544419928,0.8778110114056167,,-0.0396756972209611,-0.08834420341282298,0.07698115776,-0.046119083333121515,,0.000101869926,1.013279e-06,-3.695488e-06,1.0,-8.4314495e-05,-7.041916e-05,8.4314495e-05,0.99999994,-6.3180923e-06,7.042289e-05,6.3180923e-06,1.0,283,0.879,1,1,0.854,False,-0.26112916771260597,1.0522186786023768
0.8655876050033839,15:55:22.376119,15:55:06.574931,0,,0.11049844,0.0064427853,0.024942636,0.90548,0.33834487,-0.25618076,0.31496742,-0.1311948,0.9399911,0.28443155,-0.9318317,-0.22536206,,0.06371779,-0.009154528,0.010280132,-0.37739056,0.47696882,0.7937738,0.89008623,-0.049740672,0.4530698,0.25558296,0.8775116,-0.40577185,,0.10792179,1.3465582,0.44453314,0.9966452,-0.008104554,-0.08144127,-0.058330137,-0.76835674,-0.63735825,-0.05741044,0.6399705,-0.7662518,,-0.07480104,0.26899403,-0.08282671,-0.91754526,-0.28925952,0.27283633,0.39586124,-0.7291754,0.5582088,0.037478305,0.6201872,0.7835581,,-0.005127585,0.44115365,-0.3068135,0.30211797,-0.56630516,-0.76682675,0.8675811,0.496668,-0.02497799,0.39500347,-0.6577381,0.641368,,1.2849700774764676,0.18160778627026358,0.18064319666,3.7823872005738504,-0.3067489419734138,-0.8266376374745659,-0.42012093809736617,,-0.9102862466177172,-0.21654542979325525,0.21074045788,-3.156882099159514,-0.41974732727943304,0.5553756331821333,0.8776476673394824,,-0.0396756972209611,-0.08834420341282298,0.07698115776,-0.046119083333121515,,0.000101869926,1.013279e-06,-3.695488e-06,1.0,-8.4314495e-05,-7.041916e-05,8.4314495e-05,0.99999994,-6.3180923e-06,7.042289e-05,6.3180923e-06,1.0,291,0.903,1,1,0.878,False,-0.26148663402373185,1.0521703984015973
0.9247076080064289,15:55:22.408887,15:55:06.574931,0,,0.110450864,0.0065454394,0.025039196,0.89632505,0.36048368,-0.2581723,0.32198662,-0.1288729,0.9379319,0.30483767,-0.9238198,-0.23158303,,0.06370534,-0.009159893,0.010278106,-0.37737408,0.47714776,0.793674,0.89009464,-0.049641818,0.45306408,0.25557786,0.8774198,-0.40597335,,0.10792179,1.3465582,0.44453314,0.9966452,-0.008104554,-0.08144127,-0.058330137,-0.76835674,-0.63735825,-0.05741044,0.6399705,-0.7662518,,-0.074758075,0.26913637,-0.0828321,-0.9094451,-0.31177843,0.27514318,0.4149731,-0.72279966,0.55259204,0.026587114,0.61672914,0.7867263,,-0.0051147337,0.44114974,-0.30681625,0.30210173,-0.56647784,-0.7667055,0.86758214,0.4966598,-0.025105732,0.39501363,-0.6575955,0.64150786,,1.2857964098940098,0.1813606588182884,0.18064967811000002,3.7622569659993363,-0.32136904744831596,-0.8146342430389082,-0.41979424996509773,,-0.9102244647547234,-0.2165608752590037,0.21073527272000003,-3.156882099159514,-0.41974732727943304,0.5552122757018523,0.8773209792072139,,-0.0396756972209611,-0.08834420341282298,0.07698115776,-0.046119083333121515,,0.000101869926,1.013279e-06,-3.695488e-06,1.0,-8.4314495e-05,-7.041916e-05,8.4314495e-05,0.99999994,-6.3180923e-06,7.042289e-05,6.3180923e-06,1.0,304,0.944,1,1,0.919,False,-0.26148663402373185,1.0516393161930233
0.9575111339945579,15:55:22.446160,15:55:06.574931,0,,0.110460445,0.0066366494,0.025122225,0.889469,0.37800175,-0.25682583,0.32399634,-0.12526897,0.9377281,0.32229048,-0.9172907,-0.23389411,,0.06369388,-0.009163469,0.010276914,-0.37736213,0.47719207,0.7936531,0.89009964,-0.049622864,0.45305634,0.25557807,0.8773969,-0.40602288,,0.10792179,1.3465582,0.44453314,0.9966452,-0.008104554,-0.08144127,-0.058330137,-0.76835674,-0.63735825,-0.05741044,0.6399705,-0.7662518,,-0.074771546,0.26925933,-0.08283261,-0.90351164,-0.3295977,0.27391982,0.42831308,-0.71631217,0.55085826,0.014650492,0.6150303,0.7883674,,-0.0051030517,0.44114754,-0.30681828,0.3020896,-0.5665203,-0.766679,0.86758465,0.49665353,-0.025142187,0.3950174,-0.65756375,0.64153814,,1.2863370011952056,0.18125254055804924,0.18065356698,3.748627119672842,-0.3357158799236872,-0.8072643363782338,-0.43596531251239123,,-0.9101704056246038,-0.21656859799187791,0.21073008756000003,-3.156882099159514,-0.41974732727943304,0.5552122757018523,0.8773209792072139,,-0.0396756972209611,-0.08834420341282298,0.07698115776,-0.046119083333121515,,0.000101869926,1.013279e-06,-3.695488e-06,1.0,-8.4314495e-05,-7.041916e-05,8.4314495e-05,0.99999994,-6.3180923e-06,7.042289e-05,6.3180923e-06,1.0,312,0.969,0,1,0.938,False,-0.2613079008681689,1.0523152390039359
0.994783518006443,15:55:22.473756,15:55:06.574931,0,,0.11052936,0.006746426,0.025235087,0.8814837,0.39811295,-0.253954,0.3218674,-0.11303529,0.94001293,0.34552547,-0.91034544,-0.22777846,,0.06368074,-0.009168908,0.01027602,-0.37734562,0.47724134,0.7936313,0.8901081,-0.04959801,0.45304248,0.255573,0.87737143,-0.406081,,0.10792179,1.3465582,0.44453314,0.9966452,-0.008104554,-0.08144127,-0.058330137,-0.76835674,-0.63735825,-0.05741044,0.6399705,-0.7662518,,-0.07484575,0.26941416,-0.082840376,-0.8967788,-0.34998173,0.27074075,0.44245726,-0.7031989,0.5565455,-0.0043961406,0.6188894,0.78546584,,-0.005089624,0.4411444,-0.30682188,0.30207333,-0.5665677,-0.7666503,0.86758566,0.49664938,-0.025188792,0.39502758,-0.65752596,0.64157057,,1.2868544242977784,0.1811444222978101,0.18065097440000003,3.734787583402863,-0.3571678103868613,-0.8070059396675543,-0.4227344431555148,,-0.9101086237616101,-0.21658404345762639,0.21072360611000002,-3.156882099159514,-0.41974732727943304,0.5552122757018523,0.8773209792072139,,-0.0396756972209611,-0.08834420341282298,0.07698115776,-0.046119083333121515,,0.000101869926,1.013279e-06,-3.695488e-06,1.0,-8.4314495e-05,-7.041916e-05,8.4314495e-05,0.99999994,-6.3180923e-06,7.042289e-05,6.3180923e-06,1.0,325,1.01,0,1,0.938,False,-0.26053339052739544,1.0525083598070537
1.022377340006642,15:55:22.515211,15:55:06.717844,0,,0.11049302,0.0068544447,0.025364563,0.8685858,0.42149058,-0.26058468,0.3331697,-0.107453376,0.93672377,0.36681953,-0.90044385,-0.2337605,,0.063665435,-0.009177685,0.010276675,-0.37732133,0.47722957,0.79365003,0.89012325,-0.04960072,0.4530126,0.2555565,0.87737775,-0.4060778,,0.10792179,1.3465582,0.44453314,0.9966452,-0.008104554,-0.08144127,-0.058330137,-0.76835674,-0.63735825,-0.05741044,0.6399705,-0.7662518,,-0.07481573,0.26958203,-0.0828662,-0.884965,-0.37382007,0.2776608,0.46546894,-0.693174,0.55031663,-0.013252172,0.61625344,0.78743637,,-0.0050740726,0.4411401,-0.30682907,0.30205023,-0.5665565,-0.7666677,0.86758304,0.4966529,-0.025210755,0.39505106,-0.657533,0.64154893,,1.2874645201948423,0.18099769037319982,0.18062893747000003,3.708366650523813,-0.36987500486504726,-0.7941937124195703,-0.4286148295363488,,-0.910039119165742,-0.21661493438912327,0.21071453208000002,-3.156882099159514,-0.41974732727943304,0.5552939544419928,0.8774843232733481,,-0.0396756972209611,-0.08834420341282298,0.07698115776,-0.046119083333121515,,0.000101869926,1.013279e-06,-3.695488e-06,1.0,-8.4314495e-05,-7.041916e-05,8.4314495e-05,0.99999994,-6.3180923e-06,7.042289e-05,6.3180923e-06,1.0,334,1.039,0,1,0.938,False,-0.261427056305211,1.0523635192047154
1.063835826003924,15:55:22.546579,15:55:06.717844,0,,0.11052212,0.0069241673,0.025516212,0.86088574,0.4404382,-0.2547346,0.33282518,-0.10879317,0.93669164,0.38484138,-0.8911667,-0.24024758,,0.063650265,-0.0091867745,0.01027441,-0.37729576,0.4772242,0.79366535,0.8901385,-0.049601227,0.45298237,0.25554082,0.8773806,-0.40608147,,0.10792179,1.3465582,0.44453314,0.9966452,-0.008104554,-0.08144127,-0.058330137,-0.76835674,-0.63735825,-0.05741044,0.6399705,-0.7662518,,-0.07485244,0.2697341,-0.08293125,-0.8782316,-0.39323914,0.27216217,0.47746038,-0.6885837,0.54578763,-0.027218625,0.6092746,0.79249203,,-0.005058309,0.44113356,-0.3068342,0.30202577,-0.5665515,-0.766681,0.86758107,0.49665502,-0.025237098,0.3950741,-0.6575357,0.64153194,,1.2879896660302894,0.18087412664721225,0.18057060442000003,3.6953658740277726,-0.3858614753376038,-0.7807494239863861,-0.42877817360248305,,-0.9099618918369997,-0.21664582532062018,0.21070805063000003,-3.156882099159514,-0.41974732727943304,0.5553756331821333,0.8776476673394824,,-0.0396756972209611,-0.08834420341282298,0.07698115776,-0.046119083333121515,,0.000101869926,1.013279e-06,-3.695488e-06,1.0,-8.4314495e-05,-7.041916e-05,8.4314495e-05,0.99999994,-6.3180923e-06,7.042289e-05,6.3180923e-06,1.0,347,1.08,0,1,0.938,False,-0.26095043455704303,1.0520738380000385
1.0951910169969779,15:55:22.582985,15:55:06.717844,0,,0.110534325,0.006989643,0.025807738,0.84811306,0.46494624,-0.25402606,0.33693948,-0.10331264,0.93584085,0.40887153,-0.87929016,-0.24427971,,0.06362754,-0.009198695,0.010271788,-0.37741977,0.4773147,0.79355186,0.8901204,-0.04936883,0.45304346,0.25542098,0.8773444,-0.40623504,,0.10792179,1.3465582,0.44453314,0.9966452,-0.008104554,-0.08144127,-0.058330137,-0.76835674,-0.63735825,-0.05741044,0.6399705,-0.7662518,,-0.07487968,0.26997676,-0.0831039,-0.8667264,-0.41831133,0.2716634,0.49693567,-0.67735386,0.5424451,-0.04289869,0.6051507,0.7949543,,-0.0050348556,0.44112554,-0.30684137,0.3021628,-0.5666492,-0.76655483,0.8675013,0.496792,-0.025282167,0.3951444,-0.657348,0.641681,,1.2887696620505862,0.18069650379110508,0.18040208672000002,3.6727193601314436,-0.4047173123052346,-0.7675790792600751,-0.42861482953634855,,-0.9098537735767606,-0.2166844389849913,0.21069768031000002,-3.1570917891029984,-0.41974732727943304,0.5553756331821333,0.8776476673394824,,-0.0396756972209611,-0.08834420341282298,0.07698115776,-0.046119083333121515,,0.000101869926,1.013279e-06,-3.695488e-06,1.0,-8.4314495e-05,-7.041916e-05,8.4314495e-05,0.99999994,-6.3180923e-06,7.042289e-05,6.3180923e-06,1.0,360,1.121,0,1,0.938,False,-0.26053339052739544,1.0521703984015973
1.131606484996155,15:55:22.625894,15:55:06.717844,0,,0.11058456,0.0070726424,0.026244879,0.8335687,0.49340692,-0.24842069,0.33696765,-0.097807854,0.9364221,0.4377396,-0.8642818,-0.24779183,,0.06361613,-0.009206772,0.010273457,-0.3772401,0.47728345,0.7936562,0.8901726,-0.049559474,0.45292,0.25550425,0.87735075,-0.40616906,,0.10792179,1.3465582,0.44453314,0.9966452,-0.008104554,-0.08144127,-0.058330137,-0.76835674,-0.63735825,-0.05741044,0.6399705,-0.7662518,,-0.074952535,0.27032828,-0.083371565,-0.8537303,-0.4474962,0.266255,0.51664525,-0.66414285,0.54036283,-0.06497896,0.5988835,0.79819566,,-0.005023307,0.44112197,-0.3068486,0.30197278,-0.5666092,-0.76665926,0.8675756,0.49665928,-0.0253405,0.3951266,-0.65748274,0.64155394,,1.289796785522858,0.18067333559248241,0.18013116211000002,3.6492340864611776,-0.42985842826207565,-0.7516521944278051,-0.42926820580088576,,-0.909799714446641,-0.2167153299164882,0.21068990257000003,-3.156882099159514,-0.41974732727943304,0.555457311922274,0.8774843232733481,,-0.0396756972209611,-0.08834420341282298,0.07698115776,-0.046119083333121515,,0.000101869926,1.013279e-06,-3.695488e-06,1.0,-8.4314495e-05,-7.041916e-05,8.4314495e-05,0.99999994,-6.3180923e-06,7.042289e-05,6.3180923e-06,1.0,369,1.149,0,1,0.938,False,-0.2616653671792948,1.0521703984015973
1.1745141400024295,15:55:22.660886,15:55:06.892602,0,,0.110599905,0.0071855634,0.026651576,0.81791824,0.5198308,-0.24654755,0.33678168,-0.08515519,0.9377241,0.46646303,-0.8500142,-0.24471956,,0.063602984,-0.009212196,0.010272622,-0.37690678,0.4773264,0.79378873,0.8902565,-0.04989949,0.45271757,0.2557036,0.87730813,-0.40613562,,0.10792179,1.3465582,0.44453314,0.9966452,-0.008104554,-0.08144127,-0.058330137,-0.76835674,-0.63735825,-0.05741044,0.6399705,-0.7662518,,-0.07498878,0.2706829,-0.083598085,-0.83962315,-0.47456926,0.26422897,0.5361335,-0.6460362,0.5433213,-0.0871421,0.59784716,0.7968595,,-0.0050098924,0.44111887,-0.3068522,0.30161598,-0.56663007,-0.7667843,0.8677337,0.49637577,-0.025481852,0.39505193,-0.65767884,0.64139885,,1.2909165817896207,0.18063472192811128,0.1799120891,3.624700363073488,-0.4549995442189167,-0.7421779300666393,-0.42943154986702003,,-0.909730209850773,-0.21673077538223665,0.21068342112000002,-3.1564627192725454,-0.41974732727943304,0.555457311922274,0.8774843232733481,,-0.0396756972209611,-0.08834420341282298,0.07698115776,-0.046119083333121515,,0.000101869926,1.013279e-06,-3.695488e-06,1.0,-8.4314495e-05,-7.041916e-05,8.4314495e-05,0.99999994,-6.3180923e-06,7.042289e-05,6.3180923e-06,1.0,382,1.19,0,1,0.938,False,-0.26106958999408425,1.052122118200818
1.2094921719981357,15:55:22.695966,15:55:06.892602,0,,0.11055127,0.0072630644,0.026932657,0.8070832,0.53618467,-0.24722993,0.33919397,-0.07831612,0.93745077,0.48328456,-0.84045964,-0.2450783,,0.06358879,-0.009216696,0.010270119,-0.37694678,0.47732097,0.79377294,0.8902091,-0.049987078,0.45280123,0.25580975,0.8773061,-0.40607318,,0.10792179,1.3465582,0.44453314,0.9966452,-0.008104554,-0.08144127,-0.058330137,-0.76835674,-0.63735825,-0.05741044,0.6399705,-0.7662518,,-0.074954666,0.27092943,-0.083757564,-0.82968074,-0.49136856,0.2649279,0.5494772,-0.6350862,0.54289997,-0.09851193,0.5960055,0.7969146,,-0.004995302,0.44111544,-0.3068541,0.30164656,-0.56662005,-0.76677966,0.86777407,0.49631053,-0.0253768,0.39493984,-0.6577367,0.64140856,,1.2918510324674017,0.1806038309966144,0.17975912688,3.606876717877303,-0.46838992119592987,-0.7336276589684665,-0.42926820580088587,,-0.9096607052549049,-0.2167462208479851,0.21067823596000002,-3.1564627192725454,-0.4198839637791985,0.5555687298259704,0.8774843232733481,,-0.0396756972209611,-0.08834420341282298,0.07698115776,-0.046119083333121515,,0.000101869926,1.013279e-06,-3.695488e-06,1.0,-8.4314495e-05,-7.041916e-05,8.4314495e-05,0.99999994,-6.3180923e-06,7.042289e-05,6.3180923e-06,1.0,395,1.231,0,1,0.938,False,-0.26196325577190027,1.0516875963938028
1.2445826850016601,15:55:22.730310,15:55:06.892602,0,,0.11047232,0.0073489845,0.027261466,0.79651755,0.5528078,-0.24487394,0.34047616,-0.07542163,0.9372232,0.4996355,-0.82988846,-0.24829262,,0.06356925,-0.0092279315,0.010269582,-0.37691543,0.47739205,0.7937451,0.89022815,-0.049942583,0.4527687,0.2557898,0.8772699,-0.40616387,,0.10792179,1.3465582,0.44453314,0.9966452,-0.008104554,-0.08144127,-0.058330137,-0.76835674,-0.63735825,-0.05741044,0.6399705,-0.7662518,,-0.074892774,0.271215,-0.08394824,-0.8199885,-0.50851196,0.26274413,0.561657,-0.6264062,0.5405152,-0.11027388,0.5907883,0.7992552,,-0.004975275,0.44110897,-0.30686218,0.30161667,-0.56668895,-0.7667405,0.86777127,0.4963113,-0.02545824,0.3949689,-0.65767676,0.64145213,,1.293063501528655,0.18061155372948862,0.17957634999000002,3.5898918324550566,-0.48205357117247394,-0.7210156512762942,-0.42926820580088576,,-0.9095680324604143,-0.21678483451235622,0.21066786564,-3.1564627192725454,-0.4198839637791985,0.5555687298259704,0.8774843232733481,,-0.0396756972209611,-0.08834420341282298,0.07698115776,-0.046119083333121515,,0.000101869926,1.013279e-06,-3.695488e-06,1.0,-8.4314495e-05,-7.041916e-05,8.4314495e-05,0.99999994,-6.3180923e-06,7.042289e-05,6.3180923e-06,1.0,408,1.272,0,1,0.938,False,-0.26249945523859,1.0525083598070537
