Task Time,PC1 Time,PC2 Time,Gaze Calib,s_T_psm1,Tx,Ty,Tz,R00,R01,R02,R10,R11,R12,R20,R21,R22,s_T_psm3,Tx,Ty,Tz,R00,R01,R02,R10,R11,R12,R20,R21,R22,cart_T_ecm,Tx,Ty,Tz,R00,R01,R02,R10,R11,R12,R20,R21,R22,ecm_T_psm1,Tx,Ty,Tz,R00,R01,R02,R10,R11,R12,R20,R21,R22,ecm_T_psm3,Tx,Ty,Tz,R00,R01,R02,R10,R11,R12,R20,R21,R22,psm1_joints,q1,q2,q3,q4,q5,q6,jaw,psm3_joints,q1,q2,q3,q4,q5,q6,jaw,ecm_joints,q1,q2,q3,q4,ecmi_T_ecm,Tx,Ty,Tz,R00,R01,R02,R10,R11,R12,R20,R21,R22,Sample #,Task Duration (s),Collisions (binary),Collisions (increments),Cumulative Collision Time (s),Clutch Press,MTMR Angle,MTML Angle
""
lci_T_si,,,,,-0.060357757,0.022834528,0.23020615,0.9952371,-0.021149157,0.09516208,0.048441693,-0.7398343,-0.6710429,0.084596165,0.6724566,-0.73528606
rci_T_si,,,,,-0.0698917,0.026742559,0.23927253,0.9902512,-0.040660527,0.13322671,0.061729427,-0.729299,-0.68140477,0.124868385,0.68298584,-0.71967924
ecm_T_lc,,,,,-4.4061628e-05,-0.00034663224,-0.01840835,-0.99912,0.030754527,0.028518902,-0.031987965,-0.99852574,-0.043852776,0.027128186,-0.04472645,0.9986309
ecm_T_rc,,,,,-0.0043358393,0.01870579,-0.007592615,-0.99555075,-0.052743673,-0.078081585,0.04863213,-0.9973746,0.053654674,-0.08070653,0.04961868,0.9955021
cart_T_ecmi,,,,,0.106666066,1.342168,0.4415365,0.99560696,0.021075713,-0.09122836,-0.043530237,-0.7584478,-0.65027845,-0.08289703,0.65139294,-0.7541985
ecmac_T_ecmrep_psm1,,,,,0.01038242,-0.2501324,-0.30762842,0.998145,0.0496832,0.035188068,-0.04731537,0.99675006,-0.06519635,-0.03831287,0.06341047,0.99725187
ecmac_T_ecmrep_psm3,,,,,-0.018947443,-0.4527795,-0.5580277,0.99342906,-0.031421527,0.110051684,0.0051236153,0.97282016,0.23150527,-0.11433475,-0.2294202,0.9665888
""
0,16:56:35.952720,16:56:22.287027,0,,0.1276983,0.003847897,0.013097674,-0.97626525,0.1453642,-0.1605472,-0.18824631,-0.20297697,0.9609182,0.10709575,0.9683335,0.22552362,,0.050082058,-0.019901454,0.03922993,0.90278924,0.08229336,0.42213646,-0.42871177,0.25050774,0.86801606,-0.034316495,-0.9646106,0.2614358,,0.106723845,1.3421655,0.44153035,0.995604,0.021023529,-0.09127311,-0.04359874,-0.75844926,-0.65027213,-0.08289703,0.65139294,-0.7541985,,-0.09715594,0.25109237,-0.08050168,0.95941603,-0.22532777,0.16955322,-0.04225964,0.47958857,0.8764753,-0.27881002,-0.84806967,0.45060268,,-0.018393446,0.41067028,-0.3749946,-0.86531883,-0.025947876,-0.50054973,-0.34576237,-0.6920894,0.63360924,-0.36286598,0.72134525,0.58990616,,1.081275275185922,0.36601892457387064,0.21271600384000003,0.9404593965280917,-0.24444269808037297,1.3527937979779179,-0.4018264026903271,,-0.9162868100609897,-0.275323149698978,0.17808172762000002,-0.886988460939538,0.4059470408031236,-1.395868327094578,0.5179640337117996,,-0.048596511360217115,-0.07013605599139214,0.08219610256,-0.07424845330935166,,5.814433e-05,-8.940697e-07,9.536743e-07,1.0,-5.189702e-05,-4.4822693e-05,5.1893294e-05,1.0,-5.751848e-06,4.4822693e-05,5.6922436e-06,1.0,34,0.102,0,0,0.0,False,-0.2561842170753601,0.691565578779822
0.13319219902041368,16:56:35.980868,16:56:22.287027,0,,0.12769239,0.0038709491,0.013157085,-0.97608185,0.14506862,-0.16192324,-0.18977733,-0.20520377,0.9601437,0.10605947,0.96790826,0.22782642,,0.0500803,-0.019910678,0.0392282,0.9030908,0.082275674,0.42149463,-0.42810345,0.25012738,0.8684259,-0.033977017,-0.9647107,0.26111028,,0.106723845,1.3421655,0.44153035,0.995604,0.021023529,-0.09127311,-0.04359874,-0.75844926,-0.65027213,-0.08289703,0.65139294,-0.7541985,,-0.097153984,0.25114897,-0.0805315,0.95927036,-0.22506285,0.17072509,-0.044099096,0.4776414,0.8774474,-0.27902618,-0.8492381,0.44826218,,-0.018390924,0.41066414,-0.3750015,-0.86568713,-0.02589603,-0.49991524,-0.34518686,-0.6923719,0.6336144,-0.36253536,0.72107595,0.5904384,,1.0814297298434066,0.36621971562860045,0.21267192998,0.938572187036731,-0.24416942508084208,1.355184681855023,-0.401826402690327,,-0.9162790873281154,-0.2753617633633491,0.17808043133,-0.8878272207134762,0.4059470408031236,-1.395868327094578,0.5179640337117996,,-0.048596511360217115,-0.07013605599139214,0.08219610256,-0.07424845330935166,,5.814433e-05,-8.940697e-07,9.536743e-07,1.0,-5.189702e-05,-4.4822693e-05,5.1893294e-05,1.0,-5.751848e-06,4.4822693e-05,5.6922436e-06,1.0,42,0.127,0,0,0.0,False,-0.2570778828531757,0.6918552599844983
0.16133620199980214,16:56:36.010062,16:56:22.287027,0,,0.12769856,0.0039097816,0.01336132,-0.9760624,0.14395973,-0.16302648,-0.19058472,-0.20500845,0.96002555,0.10478325,0.9681153,0.22753754,,0.05008117,-0.019923106,0.039227664,0.9032499,0.082213916,0.4211654,-0.42777345,0.25005126,0.8686104,-0.033901066,-0.96473575,0.26102772,,0.106723845,1.3421655,0.44153035,0.995604,0.021023529,-0.09127311,-0.04359874,-0.75844926,-0.65027213,-0.08289703,0.65139294,-0.7541985,,-0.0971748,0.25131232,-0.08065855,0.95932686,-0.22396822,0.1718436,-0.045546662,0.47795755,0.87720126,-0.27859917,-0.8493497,0.44831648,,-0.018390883,0.41065714,-0.37501177,-0.86587435,-0.02582737,-0.49959442,-0.34496567,-0.6924267,0.633675,-0.36229864,0.7210258,0.5906449,,1.0817000254940043,0.36678347512841886,0.21250470857000003,0.9373140473758238,-0.24348624258201487,1.3544642348562597,-0.4018264026903269,,-0.9162868100609897,-0.27543126795921713,0.17807913504000003,-0.8882466006004451,0.406083677302889,-1.3959797449982743,0.5179640337117996,,-0.048596511360217115,-0.07013605599139214,0.08219610256,-0.07424845330935166,,5.814433e-05,-8.940697e-07,9.536743e-07,1.0,-5.189702e-05,-4.4822693e-05,5.1893294e-05,1.0,-5.751848e-06,4.4822693e-05,5.6922436e-06,1.0,57,0.172,0,0,0.0,False,-0.2566012611050077,0.6919518203860573
0.19045985900447704,16:56:36.052679,16:56:22.287027,0,,0.12780815,0.0040025264,0.013477385,-0.977778,0.13113356,-0.16356649,-0.1879168,-0.20234862,0.9611152,0.09293701,0.9704943,0.22249421,,0.050080623,-0.019929916,0.039227247,0.9032424,0.08221485,0.42118144,-0.42779037,0.25001597,0.8686122,-0.03388928,-0.9647449,0.26099578,,0.106723845,1.3421655,0.44153035,0.995604,0.021023529,-0.09127311,-0.04359874,-0.75844926,-0.65027213,-0.08289703,0.65139294,-0.7541985,,-0.0972904,0.2514552,-0.08067615,0.9620261,-0.21129441,0.17280172,-0.05127655,0.48190573,0.8747214,-0.26809788,-0.8503655,0.45277143,,-0.01838983,0.41065326,-0.37501732,-0.86586654,-0.025825134,-0.49960807,-0.34496382,-0.69245297,0.63364726,-0.3623191,0.7210007,0.5906631,,1.0819780438774764,0.367339511895363,0.21242304230000003,0.9347977680540096,-0.23159886710242156,1.349263207942402,-0.4016630586241926,,-0.9162790873281154,-0.27546988162358826,0.17807783875000002,-0.8882466006004451,0.406083677302889,-1.3959797449982743,0.5176373455795309,,-0.048596511360217115,-0.07013605599139214,0.08219610256,-0.07424845330935166,,5.814433e-05,-8.940697e-07,9.536743e-07,1.0,-5.189702e-05,-4.4822693e-05,5.1893294e-05,1.0,-5.751848e-06,4.4822693e-05,5.6922436e-06,1.0,65,0.197,0,0,0.0,False,-0.2566608388235285,0.6904551341618941
0.23315058500156738,16:56:36.073125,16:56:22.287027,0,,0.12786122,0.0040284544,0.013581425,-0.9782978,0.1260966,-0.16441697,-0.18809591,-0.20762783,0.95995355,0.08690937,0.9700465,0.22684011,,0.05007115,-0.019931287,0.039229155,0.90317076,0.082072556,0.42136282,-0.42793262,0.24987718,0.86858207,-0.034002215,-0.9647929,0.26080334,,0.106723845,1.3421655,0.44153035,0.995604,0.021023529,-0.09127311,-0.04359874,-0.75844926,-0.65027213,-0.08289703,0.65139294,-0.7541985,,-0.09735058,0.25154153,-0.08073301,0.96300447,-0.20638806,0.17328122,-0.05535935,0.47778684,0.8767298,-0.26373804,-0.8538874,0.44868535,,-0.018380454,0.4106551,-0.37501928,-0.8657767,-0.025670223,-0.49977168,-0.34512663,-0.692552,0.6334504,-0.36237866,0.7209111,0.59073585,,1.082101607603464,0.3676561439432062,0.21233359829,0.9320717987887107,-0.22627004361156938,1.3539025711137034,-0.40133637049192405,,-0.9162327509308701,-0.27546988162358826,0.1780713573,-0.8880369106569606,0.406083677302889,-1.3957347087778524,0.5164939371165909,,-0.048596511360217115,-0.07013605599139214,0.08219610256,-0.07424845330935166,,5.814433e-05,-8.940697e-07,9.536743e-07,1.0,-5.189702e-05,-4.4822693e-05,5.1893294e-05,1.0,-5.751848e-06,4.4822693e-05,5.6922436e-06,1.0,77,0.232,0,0,0.0,False,-0.2566608388235285,0.6905999747642326
0.25352691402076744,16:56:36.112663,16:56:22.460323,0,,0.12786365,0.003985986,0.013689995,-0.97825766,0.12561941,-0.16502017,-0.1886527,-0.20846456,0.9596628,0.08615144,0.9699291,0.2276305,,0.05006234,-0.019938037,0.039224625,0.9035007,0.08190648,0.42068723,-0.42725015,0.24958313,0.8690026,-0.03381948,-0.9648832,0.26049304,,0.106723845,1.3421655,0.44153035,0.995604,0.021023529,-0.09127311,-0.04359874,-0.75844926,-0.65027213,-0.08289703,0.65139294,-0.7541985,,-0.09736258,0.2515809,-0.080842115,0.96300733,-0.20592688,0.17381321,-0.056278072,0.47709382,0.8770486,-0.2635331,-0.8543861,0.44785565,,-0.018370872,0.4106486,-0.37502244,-0.86616653,-0.025477575,-0.49910557,-0.34464753,-0.6927657,0.6334775,-0.3619027,0.72071254,0.5912697,,1.082101607603464,0.36771792580620005,0.21221693219,0.9312330390147727,-0.22586013411227307,1.3547934985047225,-0.4024797789548641,,-0.9161864145336247,-0.27549304982221096,0.17807006101000003,-0.8888756704308987,0.40622031380265444,-1.3957644479414084,0.5163305930504567,,-0.048596511360217115,-0.07013605599139214,0.08219610256,-0.07424845330935166,,5.814433e-05,-8.940697e-07,9.536743e-07,1.0,-5.189702e-05,-4.4822693e-05,5.1893294e-05,1.0,-5.751848e-06,4.4822693e-05,5.6922436e-06,1.0,88,0.266,0,0,0.0,False,-0.25642252794944387,0.6899240519533199
0.2931317049951758,16:56:36.142235,16:56:22.460323,0,,0.12790415,0.003906563,0.013857707,-0.9781565,0.12525451,-0.16589433,-0.18940167,-0.20818672,0.95957565,0.0856542,0.9700359,0.22736266,,0.050058115,-0.019939229,0.039223492,0.9035805,0.08194877,0.4205076,-0.4270866,0.24963266,0.8690687,-0.03375326,-0.96486676,0.26056236,,0.106723845,1.3421655,0.44153035,0.995604,0.021023529,-0.09127311,-0.04359874,-0.75844926,-0.65027213,-0.08289703,0.65139294,-0.7541985,,-0.09741811,0.25163016,-0.08101695,0.96292394,-0.20556366,0.17470263,-0.057171885,0.4773841,0.87683284,-0.26364523,-0.8543114,0.4479321,,-0.018366499,0.41064742,-0.37502277,-0.86626244,-0.025524376,-0.4989368,-0.34451386,-0.6927301,0.6335891,-0.36180052,0.7207451,0.59129256,,1.0818699256172373,0.3678646577308103,0.21203415530000003,0.9303942792408346,-0.22599677061203852,1.3546598801879972,-0.40198974675646115,,-0.916163246335002,-0.27549304982221096,0.17806876472000002,-0.8890853603743832,0.40622031380265444,-1.3959278054216895,0.5163305930504566,,-0.048596511360217115,-0.07013605599139214,0.08219610256,-0.07424845330935166,,5.814433e-05,-8.940697e-07,9.536743e-07,1.0,-5.189702e-05,-4.4822693e-05,5.1893294e-05,1.0,-5.751848e-06,4.4822693e-05,5.6922436e-06,1.0,96,0.291,0,0,0.0,False,-0.2559459062012759,0.6898757717525408
0.3226892740058247,16:56:36.162327,16:56:22.460323,0,,0.12793532,0.0038714856,0.013963059,-0.9781376,0.12533432,-0.16594566,-0.18948448,-0.20834613,0.9595247,0.085687265,0.9699914,0.22754014,,0.050057262,-0.019940645,0.039222658,0.90357965,0.08194314,0.42051035,-0.42708808,0.24962395,0.8690705,-0.033755094,-0.9648695,0.26055202,,0.106723845,1.3421655,0.44153035,0.995604,0.021023529,-0.09127311,-0.04359874,-0.75844926,-0.65027213,-0.08289703,0.65139294,-0.7541985,,-0.097458296,0.2516721,-0.08111659,0.9629002,-0.20564425,0.17473866,-0.057213046,0.47723243,0.8769127,-0.26372302,-0.8543768,0.44776165,,-0.01836549,0.41064608,-0.3750235,-0.8662614,-0.02551795,-0.4989389,-0.3445161,-0.69273645,0.633581,-0.36180085,0.72073925,0.5912995,,1.081723193692627,0.368026835121169,0.21192656323000003,0.9303942792408346,-0.22627004361156938,1.3548010372552497,-0.401826402690327,,-0.916163246335002,-0.27550077255508515,0.17806876472000002,-0.8890853603743832,0.40622031380265444,-1.3959278054216895,0.5160039049181881,,-0.048596511360217115,-0.07013605599139214,0.08219610256,-0.07424845330935166,,5.814433e-05,-8.940697e-07,9.536743e-07,1.0,-5.189702e-05,-4.4822693e-05,5.1893294e-05,1.0,-5.751848e-06,4.4822693e-05,5.6922436e-06,1.0,107,0.324,0,0,0.0,False,-0.25582675076423333,0.6890550083392899
0.3428012270014733,16:56:36.201739,16:56:22.460323,0,,0.1279814,0.0037359148,0.014217705,-0.9785945,0.122310854,-0.16550776,-0.18821192,-0.20661193,0.9601499,0.08324091,0.97074795,0.22520962,,0.05005679,-0.019937292,0.039227784,0.90358293,0.081884086,0.42051488,-0.42708123,0.24950603,0.86910766,-0.0337549,-0.964905,0.26042056,,0.106723845,1.3421655,0.44153035,0.995604,0.021023529,-0.09127311,-0.04359874,-0.75844926,-0.65027213,-0.08289703,0.65139294,-0.7541985,,-0.097527675,0.2517361,-0.081393056,0.9635801,-0.20264074,0.1744997,-0.057850022,0.47912547,0.875838,-0.26108772,-0.85403484,0.449953,,-0.018365642,0.4106522,-0.37502337,-0.8662651,-0.025448252,-0.49893597,-0.34451267,-0.69282234,0.63348895,-0.3617952,0.72065914,0.59140056,,1.0814992344392746,0.36807317151841434,0.21163619427000002,0.9306039691843192,-0.223673950116026,1.3525207396047363,-0.40149971455805844,,-0.9161709690678762,-0.27547760435646246,0.17806487585000003,-0.8890853603743832,0.40622031380265444,-1.3957644479414086,0.5153505286536512,,-0.048596511360217115,-0.07013605599139214,0.08219610256,-0.07424845330935166,,5.814433e-05,-8.940697e-07,9.536743e-07,1.0,-5.189702e-05,-4.4822693e-05,5.1893294e-05,1.0,-5.751848e-06,4.4822693e-05,5.6922436e-06,1.0,118,0.356,0,0,0.0,False,-0.25600548391979716,0.689296409343187
0.38215443000080995,16:56:36.235329,16:56:22.460323,0,,0.12798536,0.003606692,0.014529884,-0.9786223,0.119317695,-0.16751549,-0.18944459,-0.20592636,0.96005476,0.08005571,0.9712661,0.22412822,,0.05005648,-0.019939393,0.03922701,0.90350336,0.08185027,0.4206923,-0.42724308,0.249506,0.8690282,-0.033835053,-0.96490777,0.2603995,,0.106723845,1.3421655,0.44153035,0.995604,0.021023529,-0.09127311,-0.04359874,-0.75844926,-0.65027213,-0.08289703,0.65139294,-0.7541985,,-0.09755936,0.251844,-0.08171171,0.9638192,-0.19967847,0.17658147,-0.060871594,0.48007122,0.87511504,-0.25951332,-0.8542015,0.4505471,,-0.018365134,0.41065055,-0.37502477,-0.8661686,-0.025414396,-0.49910524,-0.34465727,-0.6928213,0.6334114,-0.36188853,0.7206613,0.59134084,,1.0815378481036457,0.36818901251152775,0.21129527,0.9280876898625048,-0.22135112962001352,1.3516884588637246,-0.4028064670871325,,-0.916163246335002,-0.27549304982221096,0.17806487585000003,-0.8888756704308987,0.40622031380265444,-1.3956827692012679,0.5151871845875166,,-0.048596511360217115,-0.07013605599139214,0.08219610256,-0.07424845330935166,,5.814433e-05,-8.940697e-07,9.536743e-07,1.0,-5.189702e-05,-4.4822693e-05,5.1893294e-05,1.0,-5.751848e-06,4.4822693e-05,5.6922436e-06,1.0,129,0.389,0,0,0.0,False,-0.25672041654204936,0.6894895301463047
0.415796273999149,16:56:36.273413,16:56:22.590166,0,,0.12806918,0.0034041107,0.0149519,-0.9797079,0.10871228,-0.16838616,-0.18849199,-0.21412209,0.958448,0.06813991,0.97073853,0.23026851,,0.050056968,-0.019940495,0.03922707,0.90365654,0.0818485,0.4203636,-0.42693245,0.24933538,0.8692298,-0.033666372,-0.9649521,0.26025733,,0.106723845,1.3421655,0.44153035,0.995604,0.021023529,-0.09127311,-0.04359874,-0.75844926,-0.65027213,-0.08289703,0.65139294,-0.7541985,,-0.097681165,0.25196648,-0.08215478,0.9658478,-0.18929812,0.17693006,-0.06795728,0.47386986,0.8779688,-0.25003967,-0.8600079,0.44482198,,-0.018365543,0.41064993,-0.37502572,-0.8663555,-0.025397327,-0.49878162,-0.34436724,-0.6929481,0.6334304,-0.36171722,0.72054,0.5915934,,1.0814683435077777,0.36821990344302463,0.21081175383000003,0.9238938909928144,-0.2101469366392474,1.35880626004859,-0.401826402690327,,-0.9161709690678762,-0.27549304982221096,0.17806487585000003,-0.8892950503178678,0.40622031380265444,-1.3956827692012679,0.5151871845875166,,-0.048596511360217115,-0.07013605599139214,0.08219610256,-0.07424845330935166,,5.814433e-05,-8.940697e-07,9.536743e-07,1.0,-5.189702e-05,-4.4822693e-05,5.1893294e-05,1.0,-5.751848e-06,4.4822693e-05,5.6922436e-06,1.0,144,0.434,0,0,0.0,False,-0.2566012611050077,0.6900688925556584
0.4538551020086743,16:56:36.307731,16:56:22.590166,0,,0.12813534,0.0031971484,0.015253946,-0.98033136,0.10021455,-0.1700217,-0.18843193,-0.21911854,0.95732987,0.058683485,0.970538,0.23369235,,0.05005486,-0.019937381,0.03922659,0.9037395,0.08196909,0.4201617,-0.42676204,0.24955097,0.8692516,-0.033599958,-0.9648861,0.26051039,,0.106723845,1.3421655,0.44153035,0.995604,0.021023529,-0.09127311,-0.04359874,-0.75844926,-0.65027213,-0.08289703,0.65139294,-0.7541985,,-0.09777623,0.2520073,-0.08251218,0.9672009,-0.1809538,0.17826436,-0.07411152,0.47022927,0.879427,-0.24296078,-0.863794,0.4413954,,-0.018363632,0.41065142,-0.3750228,-0.866455,-0.02553738,-0.4986016,-0.34423012,-0.69279146,0.6336763,-0.36160937,0.72068566,0.5914819,,1.0812675524530477,0.3680113896554206,0.21043842231,0.9199097820666083,-0.20153883715402465,1.3633036344755345,-0.40264312302099836,,-0.916163246335002,-0.27546988162358826,0.17806487585000003,-0.8895047402613524,0.40622031380265444,-1.39600948416183,0.5158405608520539,,-0.048596511360217115,-0.07013605599139214,0.08219610256,-0.07424845330935166,,5.814433e-05,-8.940697e-07,9.536743e-07,1.0,-5.189702e-05,-4.4822693e-05,5.1893294e-05,1.0,-5.751848e-06,4.4822693e-05,5.6922436e-06,1.0,155,0.467,0,0,0.0,False,-0.25695872741613357,0.6890067281385104
0.4881622980174143,16:56:36.336926,16:56:22.590166,0,,0.12819101,0.0030766577,0.015436843,-0.9802376,0.09520184,-0.17340909,-0.1905039,-0.2180394,0.9571662,0.053314,0.97128546,0.2318666,,0.050057516,-0.019939706,0.039227545,0.9037342,0.08195261,0.42017612,-0.42677444,0.24947074,0.86926854,-0.033582777,-0.96490836,0.2604305,,0.106723845,1.3421655,0.44153035,0.995604,0.021023529,-0.09127311,-0.04359874,-0.75844926,-0.65027213,-0.08289703,0.65139294,-0.7541985,,-0.0978492,0.2520352,-0.08272424,0.96746385,-0.17598546,0.18177667,-0.079204805,0.4716823,0.87820405,-0.24029198,-0.86402833,0.4423967,,-0.018366186,0.41065073,-0.37502533,-0.86645025,-0.025513686,-0.49861106,-0.3442216,-0.69285065,0.6336162,-0.3616289,0.72062963,0.59153825,,1.0810435931996953,0.3679882214567979,0.21021805301000002,0.9157159831969178,-0.19771301516059234,1.362225901675549,-0.4018264026903269,,-0.9161786918007505,-0.2754853270893367,0.17806487585000003,-0.8895047402613524,0.40622031380265444,-1.3959278054216897,0.5156772167859197,,-0.048596511360217115,-0.07013605599139214,0.08219610256,-0.07424845330935166,,5.814433e-05,-8.940697e-07,9.536743e-07,1.0,-5.189702e-05,-4.4822693e-05,5.1893294e-05,1.0,-5.751848e-06,4.4822693e-05,5.6922436e-06,1.0,166,0.5,0,0,0.0,False,-0.25642252794944387,0.6887170469338337
0.5173898890207056,16:56:36.375853,16:56:22.590166,0,,0.12821944,0.0029666275,0.015566513,-0.9795823,0.09029143,-0.17962736,-0.19538902,-0.21715397,0.9563824,0.04734637,0.97195244,0.23036212,,0.050056063,-0.019942343,0.039226115,0.90388733,0.081937954,0.4198496,-0.42646283,0.2492894,0.86947346,-0.033421144,-0.9649564,0.26027298,,0.106723845,1.3421655,0.44153035,0.995604,0.021023529,-0.09127311,-0.04359874,-0.75844926,-0.65027213,-0.08289703,0.65139294,-0.7541985,,-0.09789064,0.25203678,-0.08289158,0.9671344,-0.17111829,0.18806809,-0.08682594,0.47293347,0.87680966,-0.23898187,-0.86432195,0.44253272,,-0.018364443,0.41064826,-0.37502676,-0.86663663,-0.02548274,-0.49828863,-0.34393698,-0.692985,0.63362384,-0.36145303,0.72050154,0.5918017,,1.0809200294737078,0.3678646577308103,0.21004953531,0.9085865251184441,-0.19443373916622175,1.361920555450911,-0.4010096823596556,,-0.9161709690678762,-0.27549304982221096,0.17806487585000003,-0.8899241201483213,0.40622031380265444,-1.3959278054216895,0.5146971523891137,,-0.048596511360217115,-0.07013605599139214,0.08219610256,-0.07424845330935166,,5.814433e-05,-8.940697e-07,9.536743e-07,1.0,-5.189702e-05,-4.4822693e-05,5.1893294e-05,1.0,-5.751848e-06,4.4822693e-05,5.6922436e-06,1.0,181,0.544,0,0,0.0,False,-0.25725661600873906,0.688330805327598
0.5563265570090152,16:56:36.417712,16:56:22.735295,0,,0.12834626,0.0027611107,0.015762866,-0.98061347,0.07242762,-0.18207523,-0.19372106,-0.21851662,0.95641136,0.029484168,0.97314173,0.22831109,,0.05004812,-0.019936994,0.039225936,0.9039004,0.08189335,0.41983017,-0.42643175,0.24931246,0.8694821,-0.033464074,-0.96495414,0.2602756,,0.106723845,1.3421655,0.44153035,0.995604,0.021023529,-0.09127311,-0.04359874,-0.75844926,-0.65027213,-0.08289703,0.65139294,-0.7541985,,-0.098037966,0.2520074,-0.08316419,0.969588,-0.1534449,0.19066685,-0.09728472,0.47322094,0.87555563,-0.2245771,-0.8674772,0.44390148,,-0.018356904,0.4106517,-0.375022,-0.86664855,-0.025440164,-0.49827012,-0.3439583,-0.69296646,0.6336325,-0.3614042,0.7205208,0.591808,,1.0806729020217325,0.3673626800939857,0.20976305522000002,0.9025055167573928,-0.1773541766955417,1.3613886308719105,-0.4042765636823411,,-0.9161323554035051,-0.2754544361578398,0.17806228327,-0.8899241201483213,0.40622031380265444,-1.3959278054216895,0.5146971523891137,,-0.048596511360217115,-0.07013605599139214,0.08219610256,-0.07424845330935166,,5.814433e-05,-8.940697e-07,9.536743e-07,1.0,-5.189702e-05,-4.4822693e-05,5.1893294e-05,1.0,-5.751848e-06,4.4822693e-05,5.6922436e-06,1.0,192,0.576,0,0,0.0,False,-0.25719703829021734,0.6882825251268185
0.5981612479954492,16:56:36.456017,16:56:22.735295,0,,0.12840793,0.0025722831,0.01602523,-0.9812064,0.06015932,-0.18334317,-0.19224983,-0.22329324,0.95560455,0.01654926,0.9728932,0.23066229,,0.05004985,-0.019938722,0.039228022,0.90412813,0.081901774,0.41933778,-0.425969,0.24905959,0.8697814,-0.033203438,-0.9650188,0.26006943,,0.106723845,1.3421655,0.44153035,0.995604,0.021023529,-0.09127311,-0.04359874,-0.75844926,-0.65027213,-0.08289703,0.65139294,-0.7541985,,-0.098124966,0.25203592,-0.08348026,0.9712188,-0.1413329,0.19172636,-0.10466475,0.46982643,0.876532,-0.21396092,-0.87137145,0.4415117,,-0.018358657,0.4106524,-0.37502462,-0.8669273,-0.025425926,-0.4977856,-0.3435183,-0.69315463,0.6336654,-0.36115393,0.7203403,0.59218043,,1.0806420110902357,0.36700743438177136,0.20942990869000003,0.8983117178877025,-0.16478361871712116,1.364778533335314,-0.402479778954864,,-0.9161555236021278,-0.2754544361578398,0.17806098698000003,-0.890553189978775,0.40622031380265444,-1.3959278054216897,0.5143704642568453,,-0.048596511360217115,-0.07013605599139214,0.08219610256,-0.07424845330935166,,5.814433e-05,-8.940697e-07,9.536743e-07,1.0,-5.189702e-05,-4.4822693e-05,5.1893294e-05,1.0,-5.751848e-06,4.4822693e-05,5.6922436e-06,1.0,203,0.61,0,0,0.0,False,-0.25677999426057063,0.6884756459299362
0.6364567720156629,16:56:36.488786,16:56:22.735295,0,,0.12901486,0.0022731572,0.016144007,-0.98198265,0.027264483,-0.18699373,-0.18808064,-0.23695335,0.95314157,-0.018321872,0.9711384,0.23781198,,0.050047804,-0.019933715,0.03922808,0.9041358,0.08185369,0.41933057,-0.4259512,0.24901313,0.8698033,-0.0332222,-0.96503484,0.2600074,,0.106723845,1.3421655,0.44153035,0.995604,0.021023529,-0.09127311,-0.04359874,-0.75844926,-0.65027213,-0.08289703,0.65139294,-0.7541985,,-0.09874742,0.25187078,-0.08371952,0.9748016,-0.108797,0.19474348,-0.124432184,0.45936725,0.8794876,-0.18514438,-0.88155824,0.43425408,,-0.018356979,0.4106553,-0.37502035,-0.8669348,-0.025373623,-0.4977753,-0.3435256,-0.6931877,0.63362527,-0.36112908,0.72031033,0.59223205,,1.0784487549539559,0.3667216932654251,0.20918750246,0.8878272207134762,-0.1328106777720081,1.3752988194533229,-0.40329649928553546,,-0.9161478008692536,-0.27542354522634294,0.17806098698000003,-0.890553189978775,0.40622031380265444,-1.395846126681549,0.5138804320584424,,-0.048596511360217115,-0.07013605599139214,0.08219610256,-0.07424845330935166,,5.814433e-05,-8.940697e-07,9.536743e-07,1.0,-5.189702e-05,-4.4822693e-05,5.1893294e-05,1.0,-5.751848e-06,4.4822693e-05,5.6922436e-06,1.0,214,0.643,0,0,0.0,False,-0.2570183051346544,0.6888618875361718
0.6692411670228466,16:56:36.518843,16:56:22.735295,0,,0.12939698,0.002036199,0.01623018,-0.98153067,0.010306165,-0.19102675,-0.18805665,-0.23520094,0.95358026,-0.03510189,0.9718921,0.23279506,,0.05004388,-0.019921854,0.039230824,0.90417206,0.08186674,0.41925,-0.4258623,0.2494404,0.86972445,-0.033376366,-0.9649234,0.26040095,,0.106723845,1.3421655,0.44153035,0.995604,0.021023529,-0.09127311,-0.04359874,-0.75844926,-0.65027213,-0.08289703,0.65139294,-0.7541985,,-0.099141546,0.25173768,-0.083910674,0.97564733,-0.09190502,0.1991625,-0.13546112,0.46168655,0.87663895,-0.17251816,-0.8822692,0.4379937,,-0.01835412,0.41066423,-0.37501168,-0.8669653,-0.025424996,-0.49771956,-0.3436129,-0.6928706,0.63392466,-0.36097276,0.72061354,0.5919584,,1.0767265855230037,0.36653634767644366,0.20901509589000003,0.8811171425219714,-0.11873711829616776,1.37231736434721,-0.40247977895486375,,-0.9161478008692536,-0.2753540406304749,0.17805969069000002,-0.890553189978775,0.40635695030241986,-1.396202580805667,0.5140437761245766,,-0.048596511360217115,-0.07013605599139214,0.08219610256,-0.07424845330935166,,5.814433e-05,-8.940697e-07,9.536743e-07,1.0,-5.189702e-05,-4.4822693e-05,5.1893294e-05,1.0,-5.751848e-06,4.4822693e-05,5.6922436e-06,1.0,229,0.687,1,1,0.014,False,-0.25785239319394915,0.6886687667330542
0.6992753630038351,16:56:36.558717,16:56:22.878299,0,,0.12972684,0.0018844306,0.016347274,-0.98059076,0.005807765,-0.19597983,-0.19189245,-0.23356706,0.9532176,-0.040238336,0.9723234,0.23014817,,0.050041884,-0.019924507,0.039233625,0.90424716,0.081898116,0.4190819,-0.42570955,0.24941847,0.8698056,-0.03329131,-0.96492636,0.2604007,,0.106723845,1.3421655,0.44153035,0.995604,0.021023529,-0.09127311,-0.04359874,-0.75844926,-0.65027213,-0.08289703,0.65139294,-0.7541985,,-0.0994836,0.25169063,-0.08407299,0.9749995,-0.08740928,0.20429303,-0.14175421,0.46333396,0.8747728,-0.17111915,-0.8818624,0.43935972,,-0.018352157,0.4106654,-0.37501538,-0.86705714,-0.025454443,-0.497558,-0.34346846,-0.69288784,0.6339841,-0.3608896,0.7205959,0.5920306,,1.0750044160920518,0.36696109798452603,0.20886342996,0.8758748939348582,-0.1172341167987479,1.37117344614669,-0.4023164348887296,,-0.9161478008692536,-0.2753617633633491,0.17805580182000003,-0.8907628799222593,0.40635695030241986,-1.3962842595458076,0.5142071201907108,,-0.048596511360217115,-0.07013605599139214,0.08219610256,-0.07424845330935166,,5.814433e-05,-8.940697e-07,9.536743e-07,1.0,-5.189702e-05,-4.4822693e-05,5.1893294e-05,1.0,-5.751848e-06,4.4822693e-05,5.6922436e-06,1.0,237,0.712,1,1,0.039,False,-0.257435349164302,0.6887653271346132
0.7391932739992626,16:56:36.589397,16:56:22.878299,0,,0.12980245,0.0013796091,0.016524136,-0.97842294,-0.005293723,-0.20654425,-0.19997367,-0.2271044,0.9531182,-0.051952645,0.97385603,0.22114554,,0.050046936,-0.01991798,0.039238095,0.90432686,0.08192912,0.41890386,-0.42554778,0.24937761,0.8698964,-0.03319539,-0.96493435,0.26038364,,0.106723845,1.3421655,0.44153035,0.995604,0.021023529,-0.09127311,-0.04359874,-0.75844926,-0.65027213,-0.08289703,0.65139294,-0.7541985,,-0.09958676,0.2514246,-0.08453171,0.9735167,-0.076282315,0.21551397,-0.15560514,0.46953723,0.8690925,-0.16748822,-0.87961113,0.44523242,,-0.01835798,0.41067207,-0.37501228,-0.867155,-0.02548181,-0.497386,-0.3433106,-0.69291914,0.6340354,-0.36080465,0.7205649,0.5921201,,1.0738846198252892,0.3654088286768069,0.20848232070000003,0.8635031872692712,-0.10985574581141411,1.3657286305280671,-0.40149971455805855,,-0.9161941372664989,-0.275323149698978,0.17805580182000003,-0.8909725698657439,0.40635695030241986,-1.3962842595458076,0.5142071201907108,,-0.048596511360217115,-0.07013605599139214,0.08219610256,-0.07424845330935166,,5.814433e-05,-8.940697e-07,9.536743e-07,1.0,-5.189702e-05,-4.4822693e-05,5.1893294e-05,1.0,-5.751848e-06,4.4822693e-05,5.6922436e-06,1.0,249,0.75,1,1,0.077,False,-0.25773323775690704,0.6886687667330542
0.7698310539999511,16:56:36.621967,16:56:22.878299,0,,0.12962803,0.0011700541,0.016673744,-0.9768311,-0.012640085,-0.213638,-0.20509452,-0.22986254,0.95136714,-0.06113275,0.9731411,0.22194445,,0.05004183,-0.019917175,0.039234817,0.9043905,0.08192581,0.41876692,-0.4254257,0.24906921,0.87004447,-0.033022806,-0.96501434,0.26010916,,0.106723845,1.3421655,0.44153035,0.995604,0.021023529,-0.09127311,-0.04359874,-0.75844926,-0.65027213,-0.08289703,0.65139294,-0.7541985,,-0.09943036,0.25137043,-0.084795,0.9724953,-0.06898296,0.22247297,-0.16554391,0.4672092,0.86851066,-0.16385384,-0.8814516,0.44293904,,-0.018352708,0.41067028,-0.37500978,-0.8672401,-0.025450835,-0.49723926,-0.3431072,-0.69314826,0.6338951,-0.36079368,0.7203456,0.5923936,,1.0746028339825922,0.36431220060866704,0.20823861818000003,0.8544865196994368,-0.10247737482408034,1.3682883314432193,-0.40394987555007256,,-0.9161555236021278,-0.27530770423322953,0.17805580182000003,-0.8911822598092285,0.40622031380265444,-1.3960911629019708,0.5140437761245766,,-0.048596511360217115,-0.07013605599139214,0.08219610256,-0.07424845330935166,,5.814433e-05,-8.940697e-07,9.536743e-07,1.0,-5.189702e-05,-4.4822693e-05,5.1893294e-05,1.0,-5.751848e-06,4.4822693e-05,5.6922436e-06,1.0,266,0.802,1,1,0.129,False,-0.25677999426057063,0.6910827767720273
0.8024308450112585,16:56:36.676557,16:56:23.026534,0,,0.12959404,0.0007030368,0.016813293,-0.9754356,-0.028174587,-0.21847531,-0.20594983,-0.23528704,0.9498551,-0.07816617,0.97151756,0.22370479,,0.050033495,-0.019923627,0.03923714,0.9045242,0.0820615,0.41845173,-0.42516235,0.24893206,0.87021244,-0.03275509,-0.9650381,0.26005456,,0.106723845,1.3421655,0.44153035,0.995604,0.021023529,-0.09127311,-0.04359874,-0.75844926,-0.65027213,-0.08289703,0.65139294,-0.7541985,,-0.09942037,0.2511116,-0.08520932,0.97239566,-0.05352781,0.22711562,-0.17742951,0.46251997,0.86867374,-0.1515437,-0.8849916,0.440255,,-0.018344145,0.41066968,-0.3750163,-0.8674118,-0.025574394,-0.49693334,-0.34275627,-0.6932541,0.6339691,-0.36071447,0.7202393,0.592571,,1.0743479837977428,0.3622656763969975,0.20789510133000003,0.8463086119035402,-0.08621763135199292,1.3729172449941285,-0.4021530908225954,,-0.9161169099377567,-0.275323149698978,0.17804802408,-0.8916016396961977,0.406083677302889,-1.3962247812186959,0.5171473133811281,,-0.048596511360217115,-0.07013605599139214,0.08219610256,-0.07424845330935166,,5.814433e-05,-8.940697e-07,9.536743e-07,1.0,-5.189702e-05,-4.4822693e-05,5.1893294e-05,1.0,-5.751848e-06,4.4822693e-05,5.6922436e-06,1.0,274,0.827,1,1,0.154,False,-0.25815028178655464,0.6919035401852778
0.8570171900209971,16:56:36.703728,16:56:23.026534,0,,0.12936214,0.00046537817,0.016833946,-0.97452366,-0.029526532,-0.22233239,-0.20954275,-0.23359627,0.94948655,-0.07997104,0.9718853,0.22145796,,0.050051153,-0.019916654,0.039251864,0.9046683,0.082182854,0.41811618,-0.4248744,0.24883148,0.8703818,-0.032509997,-0.9650537,0.26002735,,0.106723845,1.3421655,0.44153035,0.995604,0.021023529,-0.09127311,-0.04359874,-0.75844926,-0.65027213,-0.08289703,0.65139294,-0.7541985,,-0.09919751,0.25095317,-0.08539883,0.9715253,-0.052161388,0.23112279,-0.18134828,0.4640749,0.8670336,-0.15248397,-0.8842588,0.44140115,,-0.018363312,0.410684,-0.37501854,-0.86759394,-0.025686868,-0.4966094,-0.34241265,-0.69333243,0.63406914,-0.36060265,0.7201599,0.5927355,,1.0749271887633094,0.3608060798837691,0.20775769459,0.8419051230903654,-0.08471462985457308,1.3720183630140301,-0.4031331552194013,,-0.916263641862367,-0.2752845360346069,0.17804543150000002,-0.8920210195831666,0.406083677302889,-1.3962247812186959,0.5168206252488596,,-0.048596511360217115,-0.07013605599139214,0.08219610256,-0.07424845330935166,,5.814433e-05,-8.940697e-07,9.536743e-07,1.0,-5.189702e-05,-4.4822693e-05,5.1893294e-05,1.0,-5.751848e-06,4.4822693e-05,5.6922436e-06,1.0,287,0.867,1,1,0.194,False,-0.25737577144578117,0.6920001005868368
0.8842005210171919,16:56:36.737755,16:56:23.026534,0,,0.12927948,0.00039212406,0.016850576,-0.9734522,-0.030113671,-0.22690055,-0.21389432,-0.23322892,0.94860613,-0.08148577,0.97195554,0.22059608,,0.050039224,-0.019913837,0.039250374,0.904759,0.08211372,0.41793346,-0.42468327,0.24875551,0.8704968,-0.032483533,-0.9650792,0.2599361,,0.106723845,1.3421655,0.44153035,0.995604,0.021023529,-0.09127311,-0.04359874,-0.75844926,-0.65027213,-0.08289703,0.65139294,-0.7541985,,-0.09911847,0.2509114,-0.08546579,0.9704523,-0.05157135,0.23571734,-0.18565214,0.46441504,0.8659399,-0.15412837,-0.88411486,0.44111833,,-0.018351534,0.41068542,-0.3750151,-0.86769956,-0.02561084,-0.4964288,-0.3422992,-0.69338685,0.63407093,-0.3604563,0.72011024,0.5928849,,1.0751588707495363,0.3603736068428125,0.20770584299000003,0.8370822543902212,-0.08471462985457308,1.3721000417541704,-0.40329649928553546,,-0.9162018599993732,-0.27525364510310996,0.17804154263000002,-0.8922307095266512,0.406083677302889,-1.3962247812186959,0.5168206252488596,,-0.048596511360217115,-0.07013605599139214,0.08219610256,-0.07424845330935166,,5.814433e-05,-8.940697e-07,9.536743e-07,1.0,-5.189702e-05,-4.4822693e-05,5.1893294e-05,1.0,-5.751848e-06,4.4822693e-05,5.6922436e-06,1.0,291,0.88,1,1,0.207,False,-0.25791197091247,0.691372457976704
0.9182263950060587,16:56:36.765638,16:56:23.026534,0,,0.12923034,0.00031846762,0.016955003,-0.9727405,-0.03755094,-0.22883555,-0.21439725,-0.23042503,0.9491776,-0.08837195,0.97236526,0.21609291,,0.05002194,-0.019918934,0.039239347,0.9048469,0.081962064,0.41777295,-0.42449635,0.24855211,0.870646,-0.032478422,-0.9651445,0.2596942,,0.106723845,1.3421655,0.44153035,0.995604,0.021023529,-0.09127311,-0.04359874,-0.75844926,-0.65027213,-0.08289703,0.65139294,-0.7541985,,-0.09907962,0.2509261,-0.085596256,0.97026056,-0.044112183,0.23800948,-0.19057988,0.46701658,0.86346674,-0.14924377,-0.88314754,0.4447209,,-0.018333146,0.41067517,-0.37501326,-0.8678005,-0.025440792,-0.49626115,-0.3422057,-0.69353336,0.6339612,-0.36030212,0.7199752,0.59314257,,1.0755372846603732,0.3599951929319755,0.20757232512,0.8335175253509843,-0.07815607786583194,1.3679771634788507,-0.4028064670871325,,-0.9160782962733856,-0.2752690905688584,0.17804154263000002,-0.8924403994701358,0.406083677302889,-1.3961431024785553,0.5169839693149939,,-0.048596511360217115,-0.07013605599139214,0.08219610256,-0.07424845330935166,,5.814433e-05,-8.940697e-07,9.536743e-07,1.0,-5.189702e-05,-4.4822693e-05,5.1893294e-05,1.0,-5.751848e-06,4.4822693e-05,5.6922436e-06,1.0,308,0.933,1,1,0.26,False,-0.25767366003838577,0.6901654529572174
0.9461002809985075,16:56:36.808574,16:56:23.026534,0,,0.12921298,0.00022898614,0.017259583,-0.969791,-0.05344227,-0.23801088,-0.21959418,-0.23361844,0.94720685,-0.106224604,0.9708586,0.21482545,,0.04995152,-0.01994513,0.03925073,0.90484965,0.08203392,0.4177528,-0.42450583,0.24824512,0.870729,-0.032275736,-0.9652174,0.25944838,,0.106723845,1.3421655,0.44153035,0.995604,0.021023529,-0.09127311,-0.04359874,-0.75844926,-0.65027213,-0.08289703,0.65139294,-0.7541985,,-0.09908833,0.25105953,-0.085884705,0.96855354,-0.028247835,0.24719639,-0.20631889,0.46409443,0.8614226,-0.13905579,-0.8853352,0.44367224,,-0.018262139,0.4106782,-0.37504017,-0.867818,-0.025485214,-0.4962282,-0.3420397,-0.6937634,0.633799,-0.36041746,0.71975195,0.59334344,,1.0762014396875565,0.35980984734299415,0.20724954891000003,0.8207264387984283,-0.06353597239092981,1.3682255800642775,-0.4032964992855357,,-0.9162173054651216,-0.2752845360346069,0.17803895005,-0.8926500894136201,0.406083677302889,-1.3958980662581335,0.5158405608520539,,-0.048596511360217115,-0.07013605599139214,0.08219610256,-0.07424845330935166,,5.814433e-05,-8.940697e-07,9.536743e-07,1.0,-5.189702e-05,-4.4822693e-05,5.1893294e-05,1.0,-5.751848e-06,4.4822693e-05,5.6922436e-06,1.0,316,0.958,1,1,0.285,False,-0.2580907040680329,0.6890067281385104
0.9890209090081044,16:56:36.843032,16:56:23.165023,0,,0.12926403,0.00015619397,0.01757425,-0.96676725,-0.062313534,-0.24794753,-0.22730565,-0.23440185,0.94519204,-0.11701761,0.9701407,0.21244773,,0.050021123,-0.01993902,0.039246023,0.9051269,0.0819581,0.41716665,-0.42392474,0.24817038,0.87103343,-0.032140195,-0.9652431,0.2593698,,0.10665478,1.3421707,0.44153392,0.9956064,0.021066925,-0.0912359,-0.043541778,-0.75844806,-0.6502774,-0.08289703,0.65139294,-0.7541985,,-0.099103905,0.25120938,-0.08616724,0.96617144,-0.019360064,0.2571729,-0.21926874,0.46329987,0.85864687,-0.13577163,-0.8859901,0.44338205,,-0.01826589,0.4106745,-0.3750328,-0.8681166,-0.025399495,-0.49571002,-0.34168404,-0.69382113,0.63392764,-0.3600355,0.7196993,0.593639,,1.0762941124820473,0.36011103392508886,0.2069267727,0.8087741120198105,-0.057114056901954105,1.367399590558136,-0.40362318741780423,,-0.9162327509308701,-0.2752613678359842,0.17804802408,-0.8932791592440738,0.40622031380265444,-1.3960094841618302,0.5148604964552483,,-0.048596511360217115,-0.07013605599139214,0.08219610256,-0.07424845330935166,,-1.1142343e-05,-4.053116e-06,1.1920929e-06,1.0,-8.743256e-06,-7.547438e-06,8.739531e-06,1.0,-9.834766e-07,7.5548887e-06,9.536743e-07,1.0,329,0.998,1,1,0.325,False,-0.25826943722359585,0.6883790855283776
1.0235054040094838,16:56:36.874547,16:56:23.165023,0,,0.12913266,0.00012084842,0.017869338,-0.96553767,-0.062894,-0.25254935,-0.23162487,-0.2348609,0.94402885,-0.11868769,0.96999216,0.21219915,,0.05002645,-0.019936219,0.03924817,0.90520203,0.08198698,0.41699794,-0.42377192,0.2481075,0.87112564,-0.03203936,-0.9652568,0.25933126,,0.10665478,1.3421707,0.44153392,0.9956064,0.021066925,-0.0912359,-0.043541778,-0.75844806,-0.6502774,-0.08289703,0.65139294,-0.7541985,,-0.09899675,0.2513807,-0.08642168,0.9649541,-0.018782953,0.2617458,-0.22365516,0.46287394,0.85774475,-0.1372663,-0.8862251,0.44245118,,-0.01827155,0.41067728,-0.37503168,-0.8682097,-0.025422778,-0.49554574,-0.3415263,-0.69386864,0.63396066,-0.35996068,0.7196527,0.59374094,,1.0770818312352182,0.3602654885825734,0.20663770003,0.8037415533761818,-0.056977420402188665,1.3673698513945802,-0.4037865314839384,,-0.9162713645952412,-0.27524592237023576,0.17804932037,-0.8934888491875583,0.40622031380265444,-1.3960094841618302,0.5148604964552483,,-0.048596511360217115,-0.07013605599139214,0.08219610256,-0.07424845330935166,,-1.1142343e-05,-4.053116e-06,1.1920929e-06,1.0,-8.743256e-06,-7.547438e-06,8.739531e-06,1.0,-9.834766e-07,7.5548887e-06,9.536743e-07,1.0,338,1.027,1,1,0.354,False,-0.2589247921273281,0.688041124122921
1.0550079189997632,16:56:36.904252,16:56:23.165023,0,,0.1289261,0.0001552701,0.018130794,-0.9637729,-0.06379417,-0.25898242,-0.23765391,-0.2354165,0.94239044,-0.12108774,0.9697987,0.21172708,,0.050034538,-0.019935519,0.039254427,0.90519464,0.08204521,0.4170025,-0.42379084,0.2481238,0.8711118,-0.03199771,-0.96524763,0.2593704,,0.10665478,1.3421707,0.44153392,0.9956064,0.021066925,-0.0912359,-0.043541778,-0.75844806,-0.6502774,-0.08289703,0.65139294,-0.7541985,,-0.09881011,0.2515847,-0.08661081,0.9632117,-0.017886437,0.26814774,-0.2298247,0.46235523,0.85639256,-0.13929732,-0.88651437,0.44123524,,-0.018280119,0.4106821,-0.37503457,-0.86820424,-0.025482535,-0.4955523,-0.34150025,-0.69385827,0.63398606,-0.3599986,0.7196606,0.5937084,,1.0783792503580878,0.3604353887058063,0.20640436783000002,0.7966120952977082,-0.056567510902892346,1.3671172764236315,-0.4039498755500728,,-0.9163331464582349,-0.27524592237023576,0.17804802408,-0.8934888491875583,0.40622031380265444,-1.3960094841618302,0.5145338083229795,,-0.048596511360217115,-0.07013605599139214,0.08219610256,-0.07424845330935166,,-1.1142343e-05,-4.053116e-06,1.1920929e-06,1.0,-8.743256e-06,-7.547438e-06,8.739531e-06,1.0,-9.834766e-07,7.5548887e-06,9.536743e-07,1.0,351,1.068,1,1,0.395,False,-0.25820985950507547,0.6852891526784921
