Task Time,PC1 Time,PC2 Time,Gaze Calib,s_T_psm1,Tx,Ty,Tz,R00,R01,R02,R10,R11,R12,R20,R21,R22,s_T_psm3,Tx,Ty,Tz,R00,R01,R02,R10,R11,R12,R20,R21,R22,cart_T_ecm,Tx,Ty,Tz,R00,R01,R02,R10,R11,R12,R20,R21,R22,ecm_T_psm1,Tx,Ty,Tz,R00,R01,R02,R10,R11,R12,R20,R21,R22,ecm_T_psm3,Tx,Ty,Tz,R00,R01,R02,R10,R11,R12,R20,R21,R22,psm1_joints,q1,q2,q3,q4,q5,q6,jaw,psm3_joints,q1,q2,q3,q4,q5,q6,jaw,ecm_joints,q1,q2,q3,q4,ecmi_T_ecm,Tx,Ty,Tz,R00,R01,R02,R10,R11,R12,R20,R21,R22,Sample #,Task Duration (s),Collisions (binary),Collisions (increments),Cumulative Collision Time (s),Clutch Press,MTMR Angle,MTML Angle
""
lci_T_si,,,,,-0.060357757,0.022834528,0.23020615,0.9952371,-0.021149157,0.09516208,0.048441693,-0.7398343,-0.6710429,0.084596165,0.6724566,-0.73528606
rci_T_si,,,,,-0.0698917,0.026742559,0.23927253,0.9902512,-0.040660527,0.13322671,0.061729427,-0.729299,-0.68140477,0.124868385,0.68298584,-0.71967924
ecm_T_lc,,,,,-4.4061628e-05,-0.00034663224,-0.01840835,-0.99912,0.030754527,0.028518902,-0.031987965,-0.99852574,-0.043852776,0.027128186,-0.04472645,0.9986309
ecm_T_rc,,,,,-0.0043358393,0.01870579,-0.007592615,-0.99555075,-0.052743673,-0.078081585,0.04863213,-0.9973746,0.053654674,-0.08070653,0.04961868,0.9955021
cart_T_ecmi,,,,,0.106666066,1.342168,0.4415365,0.99560696,0.021075713,-0.09122836,-0.043530237,-0.7584478,-0.65027845,-0.08289703,0.65139294,-0.7541985
ecmac_T_ecmrep_psm1,,,,,0.01038242,-0.2501324,-0.30762842,0.998145,0.0496832,0.035188068,-0.04731537,0.99675006,-0.06519635,-0.03831287,0.06341047,0.99725187
ecmac_T_ecmrep_psm3,,,,,-0.018947443,-0.4527795,-0.5580277,0.99342906,-0.031421527,0.110051684,0.0051236153,0.97282016,0.23150527,-0.11433475,-0.2294202,0.9665888
""
0,16:57:44.713080,16:57:31.060769,0,,0.13399698,0.017828241,0.027465388,-0.44181925,-0.40687397,-0.7995306,-0.8571955,-0.071397066,0.51001805,-0.26459718,0.91068983,-0.317226,,0.06224132,-0.020664021,0.037768483,0.598328,0.07618462,0.797621,-0.7687404,0.3352685,0.5446404,-0.22592399,-0.9390372,0.25916672,,0.10664895,1.3421704,0.44153842,0.995607,0.021076847,-0.09122739,-0.04352875,-0.75844777,-0.65027857,-0.08289703,0.65139294,-0.7541985,,-0.10408551,0.27087218,-0.081594385,0.4367653,0.33319142,0.8355953,-0.8061398,0.5571909,0.19919054,-0.39921755,-0.76060617,0.5119605,,-0.03025183,0.40779978,-0.3750984,-0.52403605,-0.027755909,-0.8512437,-0.6552336,-0.6253762,0.42376107,-0.54410946,0.77982956,0.3095331,,1.1111159150119256,0.470190868314285,0.20736880759,-0.058084114345213246,-0.2746393645285353,1.0672012996409717,-0.4024797789548641,,-0.9627544937651985,-0.297132147335788,0.18527484083,-0.3524887949974854,0.3809425613460479,-1.2258433987806228,0.6532129204709828,,-0.048596511360217115,-0.07013605599139214,0.08219610256,-0.07424845330935166,,-1.7303973e-05,-8.940697e-07,-1.4305115e-06,1.0,1.1250377e-06,9.760261e-07,-1.128763e-06,1.0,8.940697e-08,-9.685755e-07,-1.4901161e-07,1.0,34,0.102,0,0,0.0,False,-0.2561246393568388,0.8274743439739973
0.12470478599425405,16:57:44.735239,16:57:31.060769,0,,0.13386677,0.017671302,0.027888581,-0.4417675,-0.40544313,-0.8002857,-0.85715413,-0.07256514,0.50992274,-0.2648175,0.9112356,-0.3154704,,0.062244795,-0.020663917,0.037769735,0.5983699,0.07622047,0.79758614,-0.7686794,0.33542764,0.5446285,-0.22602057,-0.9389775,0.25929895,,0.10664895,1.3421704,0.44153842,0.995607,0.021076847,-0.09122739,-0.04352875,-0.75844777,-0.65027857,-0.08289703,0.65139294,-0.7541985,,-0.103992805,0.27103618,-0.08202471,0.4367319,0.3316906,0.83620965,-0.8062551,0.5566277,0.20029564,-0.39902127,-0.7616738,0.51052433,,-0.030255388,0.40780053,-0.37509903,-0.5240746,-0.027807256,-0.8512183,-0.65528756,-0.62524587,0.4238701,-0.54400736,0.7799323,0.30945376,,1.1118032382377316,0.47037621390326645,0.20691640238000003,-0.058293804288697765,-0.2746393645285353,1.0685081594832204,-0.4034598433516696,,-0.9627776619638212,-0.2971398700686622,0.18527613712000002,-0.3524887949974854,0.3810791978458134,-1.225954816684319,0.6532129204709828,,-0.048596511360217115,-0.07013605599139214,0.08219610256,-0.07424845330935166,,-1.7303973e-05,-8.940697e-07,-1.4305115e-06,1.0,1.1250377e-06,9.760261e-07,-1.128763e-06,1.0,8.940697e-08,-9.685755e-07,-1.4901161e-07,1.0,42,0.126,0,0,0.0,False,-0.2556480176086704,0.8266535805607464
0.146859572007088,16:57:44.765232,16:57:31.060769,0,,0.13373895,0.017525941,0.028302401,-0.44045523,-0.40323898,-0.80212057,-0.8576832,-0.075015485,0.50867695,-0.26528978,0.91201484,-0.31281045,,0.06224475,-0.020661369,0.03777188,0.5983758,0.07596339,0.79760635,-0.76867247,0.33526438,0.5447389,-0.22602877,-0.9390566,0.25900507,,0.10664895,1.3421704,0.44153842,0.995607,0.021076847,-0.09122739,-0.04352875,-0.75844777,-0.65027857,-0.08289703,0.65139294,-0.7541985,,-0.103901446,0.27120265,-0.08244024,0.43544573,0.3293652,0.83779806,-0.8070031,0.5552297,0.20116147,-0.3989148,-0.76370054,0.50757116,,-0.030255686,0.40780368,-0.37509802,-0.52408034,-0.0275341,-0.85122365,-0.6552914,-0.6253723,0.4236776,-0.5439973,0.7798406,0.30970246,,1.1125214523950344,0.4705847276908705,0.20647825636000003,-0.05997132383657396,-0.2746393645285353,1.0715302728684213,-0.40198974675646115,,-0.9627853846966954,-0.2971244246029138,0.18527484083,-0.3524887949974854,0.3810791978458134,-1.225628101723757,0.6525595442064457,,-0.048596511360217115,-0.07013605599139214,0.08219610256,-0.07424845330935166,,-1.7303973e-05,-8.940697e-07,-1.4305115e-06,1.0,1.1250377e-06,9.760261e-07,-1.128763e-06,1.0,8.940697e-08,-9.685755e-07,-1.4901161e-07,1.0,57,0.172,0,0,0.0,False,-0.25636295023092304,0.8267018607615264
0.17685629401239567,16:57:44.803569,16:57:31.060769,0,,0.13362026,0.017413229,0.02867955,-0.43838447,-0.40647605,-0.80162096,-0.8569795,-0.07981834,0.5091319,-0.27093393,0.9101683,-0.31335062,,0.062247653,-0.020660982,0.037772298,0.5983747,0.075978056,0.7976057,-0.7686746,0.33526832,0.54473335,-0.22602415,-0.939054,0.25901854,,0.10664895,1.3421704,0.44153842,0.995607,0.021076847,-0.09122739,-0.04352875,-0.75844777,-0.65027857,-0.08289703,0.65139294,-0.7541985,,-0.10381543,0.27136934,-0.08280607,0.4338374,0.33259943,0.8373546,-0.8102462,0.5504963,0.2011339,-0.3940636,-0.7657228,0.50831336,,-0.03025863,0.40780392,-0.37509793,-0.5240795,-0.027549166,-0.85122365,-0.6552885,-0.6253695,0.42368615,-0.5440015,0.7798423,0.30969068,,1.1132396665523372,0.47060017315661895,0.20607640646000003,-0.06269729310187278,-0.2691739045379177,1.0708307787670304,-0.4029698111532669,,-0.9628008301624439,-0.2971244246029138,0.18527613712000002,-0.3524887949974854,0.3810791978458134,-1.225628101723757,0.6525595442064457,,-0.048596511360217115,-0.07013605599139214,0.08219610256,-0.07424845330935166,,-1.7303973e-05,-8.940697e-07,-1.4305115e-06,1.0,1.1250377e-06,9.760261e-07,-1.128763e-06,1.0,8.940697e-08,-9.685755e-07,-1.4901161e-07,1.0,65,0.196,0,0,0.0,False,-0.2559459062012759,0.8269915419662026
0.2152208720217459,16:57:44.826853,16:57:31.184398,0,,0.13348617,0.017331779,0.029071808,-0.43586478,-0.4107811,-0.8008,-0.85539174,-0.08760995,0.51051897,-0.27986953,0.90751505,-0.31319273,,0.06225257,-0.020661607,0.03777218,0.5983699,0.07593682,0.79761326,-0.7686819,0.3352235,0.5447507,-0.22601208,-0.9390734,0.258959,,0.10664895,1.3421704,0.44153842,0.995607,0.021076847,-0.09122739,-0.04352875,-0.75844777,-0.65027857,-0.08289703,0.65139294,-0.7541985,,-0.10371435,0.27156994,-0.08316389,0.43206054,0.33687672,0.83656305,-0.81500155,0.54301417,0.2022575,-0.38612977,-0.7691877,0.50917006,,-0.030263469,0.407803,-0.3750985,-0.52407515,-0.027503533,-0.8512278,-0.6552816,-0.6254052,0.42364416,-0.544014,0.7798153,0.30973676,,1.1141277808328731,0.47057700495799626,0.20566937140000002,-0.06605233219762517,-0.26029253205316405,1.0705313079387107,-0.4024797789548642,,-0.9628239983610665,-0.297132147335788,0.1852787297,-0.3524887949974854,0.3810791978458134,-1.2255464229836162,0.6523962001403113,,-0.048596511360217115,-0.07013605599139214,0.08219610256,-0.07424845330935166,,-1.7303973e-05,-8.940697e-07,-1.4305115e-06,1.0,1.1250377e-06,9.760261e-07,-1.128763e-06,1.0,8.940697e-08,-9.685755e-07,-1.4901161e-07,1.0,76,0.229,0,0,0.0,False,-0.25624379479388093,0.8292607114028376
0.23850655800197273,16:57:44.865874,16:57:31.184398,0,,0.1333067,0.017280504,0.029560298,-0.43005398,-0.41868386,-0.7998483,-0.85246,-0.1033977,0.5124656,-0.29726356,0.90222657,-0.31244472,,0.062261842,-0.020659298,0.037777066,0.59836894,0.07573299,0.79763335,-0.76868653,0.3350678,0.54484,-0.22599891,-0.9391453,0.25870913,,0.10664895,1.3421704,0.44153842,0.995607,0.021076847,-0.09122739,-0.04352875,-0.75844777,-0.65027857,-0.08289703,0.65139294,-0.7541985,,-0.10357464,0.2718579,-0.08357745,0.42769432,0.34471926,0.8356113,-0.8244049,0.5278868,0.20418648,-0.37072116,-0.7762114,0.50996244,,-0.03027323,0.40780744,-0.37509933,-0.52407485,-0.027284404,-0.85123503,-0.65527284,-0.625527,0.4234778,-0.5440249,0.77972525,0.30994427,,1.1154406454214914,0.4704148275676376,0.20517548491,-0.07339148021958353,-0.2429396965829531,1.071165086134707,-0.40198974675646126,,-0.9628857802240604,-0.2971244246029138,0.18528002599,-0.3524887949974854,0.3810791978458134,-1.225219708023054,0.6550097051984597,,-0.048596511360217115,-0.07013605599139214,0.08219610256,-0.07424845330935166,,-1.7303973e-05,-8.940697e-07,-1.4305115e-06,1.0,1.1250377e-06,9.760261e-07,-1.128763e-06,1.0,8.940697e-08,-9.685755e-07,-1.4901161e-07,1.0,88,0.266,0,0,0.0,False,-0.2570778828531757,0.8296952332098528
0.2774506999994628,16:57:44.895715,16:57:31.184398,0,,0.13321064,0.017298594,0.029797673,-0.426336,-0.4252689,-0.79836327,-0.84945655,-0.115127355,0.51494604,-0.310904,0.897715,-0.31216457,,0.062268574,-0.020656392,0.03778267,0.5984152,0.075664066,0.7976052,-0.7686218,0.3351586,0.5448754,-0.22609675,-0.9391185,0.25872105,,0.10664895,1.3421704,0.44153842,0.995607,0.021076847,-0.09122739,-0.04352875,-0.75844777,-0.65027857,-0.08289703,0.65139294,-0.7541985,,-0.10349672,0.27203044,-0.0837508,0.42512608,0.3513021,0.83417904,-0.8312237,0.516286,0.20619377,-0.35823867,-0.78104776,0.5114973,,-0.030280553,0.40781298,-0.37509993,-0.5241179,-0.027224263,-0.8512105,-0.65532625,-0.62544966,0.42350936,-0.5439191,0.7797894,0.3099686,,1.116220641441788,0.47022175924578197,0.20494733787000002,-0.07800465897624305,-0.22900277360687818,1.0708270898766479,-0.4042765636823412,,-0.9629398393541799,-0.2971167018700396,0.18528002599,-0.3524887949974854,0.3812158343455788,-1.2251677684464695,0.6546830170661914,,-0.048596511360217115,-0.07013605599139214,0.08219610256,-0.07424845330935166,,-1.7303973e-05,-8.940697e-07,-1.4305115e-06,1.0,1.1250377e-06,9.760261e-07,-1.128763e-06,1.0,8.940697e-08,-9.685755e-07,-1.4901161e-07,1.0,96,0.289,0,0,0.0,False,-0.25642252794944387,0.8308539580285594
0.3073109000106342,16:57:44.924529,16:57:31.184398,0,,0.13300544,0.017298758,0.030173928,-0.4228596,-0.4298507,-0.7977581,-0.84455717,-0.13218889,0.5188924,-0.3285011,0.89317113,-0.30713618,,0.06227099,-0.020657554,0.03778398,0.5984109,0.07568064,0.7976069,-0.7686279,0.33515623,0.5448681,-0.22608691,-0.939118,0.25873142,,0.10664895,1.3421704,0.44153842,0.995607,0.021076847,-0.09122739,-0.04352875,-0.75844777,-0.65027857,-0.08289703,0.65139294,-0.7541985,,-0.103321254,0.2722841,-0.084048375,0.42315716,0.35574174,0.83329815,-0.8392098,0.5005903,0.21245307,-0.34156257,-0.789213,0.5103703,,-0.030282976,0.40781322,-0.37510166,-0.52411395,-0.027240623,-0.8512124,-0.65532076,-0.62545216,0.42351416,-0.5439294,0.7797868,0.30995688,,1.1176184560920226,0.46984334533494493,0.20457659893000002,-0.08240814778941807,-0.21055684613854375,1.0741633894092577,-0.4010096823596554,,-0.9629552848199283,-0.2971244246029138,0.18528002599,-0.3524887949974854,0.3812158343455788,-1.2251677684464695,0.655663081462997,,-0.048596511360217115,-0.07013605599139214,0.08219610256,-0.07424845330935166,,-1.7303973e-05,-8.940697e-07,-1.4305115e-06,1.0,1.1250377e-06,9.760261e-07,-1.128763e-06,1.0,8.940697e-08,-9.685755e-07,-1.4901161e-07,1.0,104,0.314,0,0,0.0,False,-0.25672041654204936,0.8316264412410312
0.33617686401703395,16:57:44.946578,16:57:31.184398,0,,0.13273203,0.017230317,0.030476272,-0.4187486,-0.43436593,-0.7974809,-0.8434272,-0.13945079,0.5188296,-0.33657116,0.88987637,-0.3079613,,0.062274992,-0.020657048,0.037785053,0.59840935,0.07557236,0.79761827,-0.7686312,0.33507326,0.5449146,-0.22608009,-0.9391564,0.25859827,,0.10664895,1.3421704,0.44153842,0.995607,0.021076847,-0.09122739,-0.04352875,-0.75844777,-0.65027857,-0.08289703,0.65139294,-0.7541985,,-0.10307403,0.2724395,-0.08434091,0.4197147,0.36029285,0.8330838,-0.843788,0.49309146,0.21185493,-0.3344567,-0.7918648,0.51096857,,-0.030287074,0.40781403,-0.3751019,-0.5241127,-0.027124172,-0.85121685,-0.65531653,-0.62551713,0.4234248,-0.5439358,0.7797388,0.31006658,,1.1191398344682448,0.46931047676662346,0.20424734127000002,-0.08744070643304665,-0.20222201965285186,1.0728393728731933,-0.4018264026903269,,-0.962978453018551,-0.2971244246029138,0.18528132228000002,-0.3524887949974854,0.3812158343455788,-1.2250044109661884,0.6559897695952656,,-0.048596511360217115,-0.07013605599139214,0.08219610256,-0.07424845330935166,,-1.7303973e-05,-8.940697e-07,-1.4305115e-06,1.0,1.1250377e-06,9.760261e-07,-1.128763e-06,1.0,8.940697e-08,-9.685755e-07,-1.4901161e-07,1.0,115,0.348,0,0,0.0,False,-0.2566012611050077,0.8313367600363541
0.3582240020041354,16:57:44.975793,16:57:31.184398,0,,0.13252851,0.017191961,0.030665249,-0.41601464,-0.43949482,-0.79610044,-0.8423791,-0.143511,0.51942486,-0.3425337,0.8867068,-0.31051868,,0.062278464,-0.020655558,0.037789226,0.5984105,0.07559979,0.7976148,-0.76863146,0.33508757,0.5449053,-0.2260761,-0.939149,0.25862828,,0.10664895,1.3421704,0.44153842,0.995607,0.021076847,-0.09122739,-0.04352875,-0.75844777,-0.65027857,-0.08289703,0.65139294,-0.7541985,,-0.10288686,0.27254096,-0.08452331,0.41747963,0.36553553,0.8319222,-0.8470011,0.4881036,0.21058036,-0.3290896,-0.792552,0.5133823,,-0.030290952,0.40781796,-0.3751029,-0.5241141,-0.027153017,-0.85121506,-0.65531343,-0.6255062,0.4234457,-0.54393816,0.77974653,0.3100429,,1.1202596307350075,0.4688625582599184,0.20403993487000002,-0.09079574552879904,-0.1959367406636416,1.06942940284611,-0.40198974675646115,,-0.9630093439500479,-0.2971167018700396,0.18528002599,-0.3524887949974854,0.3812158343455788,-1.2250044109661882,0.6563164577275339,,-0.048596511360217115,-0.07013605599139214,0.08219610256,-0.07424845330935166,,-1.7303973e-05,-8.940697e-07,-1.4305115e-06,1.0,1.1250377e-06,9.760261e-07,-1.128763e-06,1.0,8.940697e-08,-9.685755e-07,-1.4901161e-07,1.0,123,0.372,0,0,0.0,False,-0.2566608388235285,0.8308539580285594
0.3874528529995587,16:57:45.007525,16:57:31.331313,0,,0.13205044,0.017048433,0.031090945,-0.41264305,-0.44396287,-0.7953757,-0.84038323,-0.15130067,0.5204462,-0.3513997,0.88317895,-0.31066585,,0.06228389,-0.020656854,0.037795544,0.5984041,0.07558055,0.7976214,-0.76864207,0.3350487,0.54491436,-0.22605702,-0.9391645,0.25858894,,0.10664895,1.3421704,0.44153842,0.995607,0.021076847,-0.09122739,-0.04352875,-0.75844777,-0.65027857,-0.08289703,0.65139294,-0.7541985,,-0.10244729,0.27272707,-0.084973335,0.4148598,0.37004283,0.8312398,-0.85142875,0.4800527,0.21123086,-0.32087445,-0.79537266,0.5142197,,-0.030296735,0.40782207,-0.37510747,-0.5241085,-0.027129985,-0.8512193,-0.6553022,-0.6255377,0.42341653,-0.54395705,0.7797221,0.3100713,,1.122723182521885,0.4677890983904012,0.20354993725,-0.09519923434197405,-0.1860989126805299,1.0672065043299475,-0.40411321961620694,,-0.9630556803472933,-0.2971244246029138,0.18527743341000003,-0.3524887949974854,0.3812158343455788,-1.2249227322260476,0.6564798017936683,,-0.048596511360217115,-0.07013605599139214,0.08219610256,-0.07424845330935166,,-1.7303973e-05,-8.940697e-07,-1.4305115e-06,1.0,1.1250377e-06,9.760261e-07,-1.128763e-06,1.0,8.940697e-08,-9.685755e-07,-1.4901161e-07,1.0,131,0.397,0,0,0.0,False,-0.25624379479388093,0.8354888573033876
0.4191695199988317,16:57:45.027176,16:57:31.331313,0,,0.13181272,0.017014846,0.031292588,-0.41104382,-0.44938836,-0.7931538,-0.83819234,-0.1557872,0.5226511,-0.35843647,0.879648,-0.31263855,,0.062289387,-0.020656392,0.03779924,0.59840155,0.07542177,0.7976384,-0.76864743,0.33492514,0.5449828,-0.22604558,-0.93922126,0.25839245,,0.10664895,1.3421704,0.44153842,0.995607,0.021076847,-0.09122739,-0.04352875,-0.75844777,-0.65027857,-0.08289703,0.65139294,-0.7541985,,-0.10222688,0.27284145,-0.08516475,0.41387054,0.37559703,0.8292394,-0.854454,0.47451502,0.21152745,-0.3140375,-0.7960919,0.5173182,,-0.030302512,0.40782484,-0.3751091,-0.5241064,-0.026959075,-0.851226,-0.6552951,-0.62563443,0.42328462,-0.54396766,0.7796504,0.31023288,,1.1240206016447547,0.46723306162345707,0.20333086424000002,-0.09729613377681931,-0.17831063219389978,1.0632243672833277,-0.40133637049192417,,-0.9630942940116644,-0.2971244246029138,0.18527743341000003,-0.3524887949974854,0.3812158343455788,-1.2246776960056258,0.659256650917951,,-0.048596511360217115,-0.07013605599139214,0.08219610256,-0.07424845330935166,,-1.7303973e-05,-8.940697e-07,-1.4305115e-06,1.0,1.1250377e-06,9.760261e-07,-1.128763e-06,1.0,8.940697e-08,-9.685755e-07,-1.4901161e-07,1.0,139,0.42,0,0,0.0,False,-0.25719703829021734,0.8396409545704211
0.4388189410092309,16:57:45.055534,16:57:31.331313,0,,0.13155614,0.01697576,0.03149247,-0.40926066,-0.4525743,-0.79226387,-0.8358886,-0.1621266,0.5244094,-0.36578125,0.8768646,-0.3119498,,0.062294003,-0.02065739,0.03780198,0.59839624,0.07525756,0.7976579,-0.7686558,0.33479318,0.54505193,-0.22603118,-0.93928146,0.25818622,,0.10664895,1.3421704,0.44153842,0.995607,0.021076847,-0.09122739,-0.04352875,-0.75844777,-0.65027857,-0.08289703,0.65139294,-0.7541985,,-0.10198769,0.2729511,-0.08535987,0.41272494,0.37880972,0.8283486,-0.85760236,0.4680073,0.21327756,-0.30688155,-0.79841864,0.5180264,,-0.030307246,0.4078262,-0.3751115,-0.5241017,-0.026781918,-0.8512345,-0.6552868,-0.62573785,0.42314467,-0.54398227,0.7795735,0.3104004,,1.1253952480963667,0.4665843520620222,0.20310919865000002,-0.09960272315514906,-0.17011244220797336,1.0621751261312413,-0.4041132196162067,,-0.9631251849431612,-0.297132147335788,0.18527743341000003,-0.3524887949974854,0.3812158343455788,-1.2244326597852044,0.6613801237776967,,-0.048596511360217115,-0.07013605599139214,0.08219610256,-0.07424845330935166,,-1.7303973e-05,-8.940697e-07,-1.4305115e-06,1.0,1.1250377e-06,9.760261e-07,-1.128763e-06,1.0,8.940697e-08,-9.685755e-07,-1.4901161e-07,1.0,147,0.445,0,0,0.0,False,-0.25719703829021734,0.8431654092273213
0.46719395101536065,16:57:45.078727,16:57:31.331313,0,,0.13119797,0.01697135,0.0317778,-0.40557218,-0.4599957,-0.78988296,-0.8292147,-0.17843756,0.52968216,-0.38459635,0.86980695,-0.30906588,,0.06229779,-0.020653695,0.037806332,0.5984902,0.07538138,0.7975757,-0.7685205,0.33517307,0.54500926,-0.22624236,-0.93913615,0.25853,,0.10664895,1.3421704,0.44153842,0.995607,0.021076847,-0.09122739,-0.04352875,-0.75844777,-0.65027857,-0.08289703,0.65139294,-0.7541985,,-0.10165288,0.27314606,-0.08560402,0.41068834,0.38629442,0.82590055,-0.8650596,0.45130834,0.21907237,-0.28810936,-0.80442363,0.51951474,,-0.030311605,0.40783143,-0.37511075,-0.52418846,-0.026942767,-0.85117596,-0.6554038,-0.6254282,0.4234211,-0.54375756,0.77981645,0.31018382,,1.1274108813765393,0.465441387596637,0.20280975566,-0.10400621196832407,-0.14920705774386098,1.0613822561536606,-0.4026431230209985,,-0.9631637986075324,-0.2971244246029138,0.18527743341000003,-0.3524887949974854,0.38148910734510977,-1.2247371743327378,0.668077230489202,,-0.048596511360217115,-0.07013605599139214,0.08219610256,-0.07424845330935166,,-1.7303973e-05,-8.940697e-07,-1.4305115e-06,1.0,1.1250377e-06,9.760261e-07,-1.128763e-06,1.0,8.940697e-08,-9.685755e-07,-1.4901161e-07,1.0,158,0.479,0,0,0.0,False,-0.25761408231986493,0.843551650833557
0.4903295200201683,16:57:45.115977,16:57:31.331313,0,,0.1308715,0.016921371,0.031983763,-0.40042403,-0.4635955,-0.79040474,-0.8245753,-0.19392508,0.5314778,-0.39967,0.8645649,-0.3046172,,0.06230329,-0.020653248,0.037809968,0.59848756,0.07528777,0.79758656,-0.76852596,0.335094,0.54505026,-0.22623092,-0.9391718,0.25841022,,0.10664895,1.3421704,0.44153842,0.995607,0.021076847,-0.09122739,-0.04352875,-0.75844777,-0.65027857,-0.08289703,0.65139294,-0.7541985,,-0.10134483,0.27325362,-0.08581624,0.40685117,0.38985333,0.8261274,-0.871632,0.43630928,0.2233649,-0.2733675,-0.81095535,0.5173216,,-0.030317383,0.4078342,-0.3751124,-0.5241864,-0.02684139,-0.8511805,-0.6553967,-0.62549037,0.42334032,-0.5437682,0.7797701,0.31028175,,1.1290867144102459,0.4641903048710126,0.20256475685000003,-0.10987753038589076,-0.1324007682727118,1.064258638247535,-0.4037865314839384,,-0.9632024122719035,-0.2971244246029138,0.18527743341000003,-0.3524887949974854,0.38148910734510977,-1.2245738168524565,0.6693839830182763,,-0.048596511360217115,-0.07013605599139214,0.08219610256,-0.07424845330935166,,-1.7303973e-05,-8.940697e-07,-1.4305115e-06,1.0,1.1250377e-06,9.760261e-07,-1.128763e-06,1.0,8.940697e-08,-9.685755e-07,-1.4901161e-07,1.0,166,0.503,0,0,0.0,False,-0.25779281547542787,0.8431654092273213
0.5275825400021859,16:57:45.133908,16:57:31.495476,0,,0.13052031,0.016769126,0.032179475,-0.39315405,-0.47187656,-0.78915286,-0.8223584,-0.20345142,0.5313513,-0.4112866,0.8578695,-0.30806398,,0.06230599,-0.02065511,0.037814975,0.59852576,0.07474654,0.79760873,-0.7684699,0.33484808,0.5452802,-0.22632003,-0.9393028,0.2578557,,0.10664895,1.3421704,0.44153842,0.995607,0.021076847,-0.09122739,-0.04352875,-0.75844777,-0.65027857,-0.08289703,0.65139294,-0.7541985,,-0.10101419,0.27327815,-0.086089894,0.40056464,0.39835677,0.8251423,-0.877818,0.4249819,0.22096603,-0.26264724,-0.81283593,0.5199174,,-0.030320317,0.40783715,-0.37511668,-0.5242215,-0.02627587,-0.8511765,-0.65544647,-0.625675,0.42299014,-0.5436743,0.77964115,0.31076986,,1.1306389837179651,0.4626457582961677,0.20227957305000002,-0.11805543818178721,-0.11942030079499495,1.0601265578674792,-0.40394987555007245,,-0.9632333032034004,-0.2971398700686622,0.18527484083,-0.3524887949974854,0.3816257438448752,-1.223950126094888,0.6679138864230679,,-0.048596511360217115,-0.07013605599139214,0.08219610256,-0.07424845330935166,,-1.7303973e-05,-8.940697e-07,-1.4305115e-06,1.0,1.1250377e-06,9.760261e-07,-1.128763e-06,1.0,8.940697e-08,-9.685755e-07,-1.4901161e-07,1.0,178,0.54,0,0,0.0,False,-0.25767366003838577,0.8464484628803248
0.5455627820047084,16:57:45.173296,16:57:31.495476,0,,0.13018048,0.016536146,0.03233409,-0.38795343,-0.4785047,-0.78773427,-0.82105285,-0.20889845,0.53125674,-0.4187653,0.8528744,-0.3118348,,0.062308185,-0.020654932,0.037816405,0.5985247,0.07541266,0.79754686,-0.7684722,0.33529735,0.54500103,-0.22631538,-0.9390892,0.2586363,,0.10664895,1.3421704,0.44153842,0.995607,0.021076847,-0.09122739,-0.04352875,-0.75844777,-0.65027857,-0.08289703,0.65139294,-0.7541985,,-0.100693956,0.27321455,-0.086385004,0.39599553,0.40519568,0.824017,-0.8819077,0.41779417,0.21837306,-0.25578567,-0.8131817,0.52278984,,-0.030322626,0.40783826,-0.37511733,-0.52422065,-0.02698616,-0.8511548,-0.6554436,-0.6253265,0.4235096,-0.5436786,0.77989644,0.31012115,,1.1318823437107153,0.4609081433994672,0.20199309296,-0.1239267565993539,-0.11040229181047588,1.0555500533882947,-0.4055833162114153,,-0.9632487486691489,-0.2971398700686622,0.18527484083,-0.3524887949974854,0.3816257438448752,-1.2247669134962935,0.6711807677457536,,-0.048596511360217115,-0.07013605599139214,0.08219610256,-0.07424845330935166,,-1.7303973e-05,-8.940697e-07,-1.4305115e-06,1.0,1.1250377e-06,9.760261e-07,-1.128763e-06,1.0,8.940697e-08,-9.685755e-07,-1.4901161e-07,1.0,186,0.564,0,0,0.0,False,-0.2580311263495121,0.8472209460927962
0.5849558119953144,16:57:45.196168,16:57:31.495476,0,,0.12998462,0.01635331,0.03242907,-0.3861086,-0.47901583,-0.7883297,-0.82019687,-0.21280938,0.53102666,-0.42213416,0.8516197,-0.3107198,,0.062311884,-0.020654798,0.03782046,0.5985226,0.07524657,0.79756415,-0.7684765,0.3351718,0.5450722,-0.22630623,-0.93914735,0.25843316,,0.10664895,1.3421704,0.44153842,0.995607,0.021076847,-0.09122739,-0.04352875,-0.75844777,-0.65027857,-0.08289703,0.65139294,-0.7541985,,-0.1005112,0.2731452,-0.08659141,0.394441,0.4056925,0.82451797,-0.8835334,0.41404018,0.21895075,-0.2525569,-0.81485236,0.5217573,,-0.030326616,0.40784132,-0.37511942,-0.524219,-0.026807731,-0.8511615,-0.65543795,-0.6254247,0.4233735,-0.54368705,0.7798239,0.31028867,,1.1324769941420305,0.45977290166695617,0.20179864946,-0.12602365603419913,-0.10589328731821636,1.0563655932740437,-0.4024797789548642,,-0.9632796396006458,-0.2971398700686622,0.18527354454000003,-0.3524887949974854,0.3816257438448752,-1.2245218772758717,0.6723241762086933,,-0.048596511360217115,-0.07013605599139214,0.08219610256,-0.07424845330935166,,-1.7303973e-05,-8.940697e-07,-1.4305115e-06,1.0,1.1250377e-06,9.760261e-07,-1.128763e-06,1.0,8.940697e-08,-9.685755e-07,-1.4901161e-07,1.0,194,0.588,0,0,0.0,False,-0.2570778828531757,0.8469795450888986
0.607757791003678,16:57:45.223517,16:57:31.495476,0,,0.1296516,0.01598607,0.032734513,-0.38085747,-0.48531717,-0.78702897,-0.81690043,-0.22213128,0.5322889,-0.4331527,0.8456506,-0.3118555,,0.062332664,-0.020660385,0.037834108,0.59863776,0.075047016,0.7974965,-0.7684395,0.3348621,0.5453146,-0.22612709,-0.93927383,0.2581302,,0.10664895,1.3421704,0.44153842,0.995607,0.021076847,-0.09122739,-0.04352875,-0.75844777,-0.65027857,-0.08289703,0.65139294,-0.7541985,,-0.100213185,0.27307948,-0.0870873,0.39015055,0.41217253,0.8233446,-0.8884534,0.4032852,0.21911544,-0.24172933,-0.8169913,0.52353805,,-0.030347934,0.40784782,-0.37513176,-0.5243497,-0.026577918,-0.8510881,-0.65527886,-0.6256738,0.42325157,-0.5437527,0.7796319,0.31065592,,1.133488672148554,0.4577263774552867,0.20131254071000002,-0.1316852845082813,-0.09250291034120318,1.0538595489462723,-0.40133637049192405,,-0.963426371525256,-0.29717848373303335,0.18527224825000002,-0.35269848494096995,0.3816257438448752,-1.2241134835751692,0.6718341440102905,,-0.048596511360217115,-0.07013605599139214,0.08219610256,-0.07424845330935166,,-1.7303973e-05,-8.940697e-07,-1.4305115e-06,1.0,1.1250377e-06,9.760261e-07,-1.128763e-06,1.0,8.940697e-08,-9.685755e-07,-1.4901161e-07,1.0,205,0.622,0,0,0.0,False,-0.25683957197909146,0.8441310132429103
0.6351702340180054,16:57:45.256985,16:57:31.495476,0,,0.12950733,0.015815213,0.032919973,-0.37732792,-0.48982096,-0.78593826,-0.8154516,-0.22650966,0.5326651,-0.43893313,0.84188414,-0.31395695,,0.062345996,-0.020663708,0.037842393,0.5986653,0.07450319,0.7975268,-0.76840025,0.3345747,0.5455463,-0.22618738,-0.9394195,0.2575466,,0.10664895,1.3421704,0.44153842,0.995607,0.021076847,-0.09122739,-0.04352875,-0.75844777,-0.65027857,-0.08289703,0.65139294,-0.7541985,,-0.1000885,0.2730771,-0.087349705,0.38711974,0.41682935,0.8224303,-0.89126873,0.39764664,0.21798435,-0.23617436,-0.81739247,0.52544385,,-0.030361595,0.40785176,-0.37513927,-0.5243753,-0.026005777,-0.85109,-0.655312,-0.6258924,0.42287686,-0.543688,0.7794757,0.31116065,,1.1339597588538817,0.45688459957199623,0.20105069013000001,-0.13545970349100273,-0.0858077218526966,1.0512588275700672,-0.40541997214528114,,-0.9635190443197468,-0.29720937466453023,0.18527224825000002,-0.35269848494096995,0.3817623803446406,-1.22340811407746,0.669710671150545,,-0.048596511360217115,-0.07013605599139214,0.08219610256,-0.07424845330935166,,-1.7303973e-05,-8.940697e-07,-1.4305115e-06,1.0,1.1250377e-06,9.760261e-07,-1.128763e-06,1.0,8.940697e-08,-9.685755e-07,-1.4901161e-07,1.0,217,0.659,0,0,0.0,False,-0.25767366003838577,0.842586046817968
0.6686390050163027,16:57:45.296985,16:57:31.632241,0,,0.12922393,0.015564024,0.033336222,-0.36891374,-0.4997931,-0.7836513,-0.8101989,-0.24026835,0.5346485,-0.4555002,0.83215266,-0.3162936,,0.06238421,-0.020673454,0.03786695,0.5990768,0.07466205,0.7972029,-0.76805866,0.3349326,0.5458076,-0.22625819,-0.9392793,0.25799522,,0.10664895,1.3421704,0.44153842,0.995607,0.021076847,-0.09122739,-0.04352875,-0.75844777,-0.65027857,-0.08289703,0.65139294,-0.7541985,,-0.099845216,0.27317014,-0.08784852,0.38016006,0.4271341,0.820387,-0.8984586,0.381187,0.21787293,-0.2196599,-0.81991035,0.52867436,,-0.030400792,0.4078635,-0.37516123,-0.5248031,-0.026199542,-0.85082036,-0.6552344,-0.6256023,0.4234261,-0.54336876,0.77970207,0.3111512,,1.1351258915178895,0.4554095575930193,0.20053476671,-0.14426668111735275,-0.06708852138483126,1.047102883422774,-0.40607334840981824,,-0.9637970627032189,-0.29730204745902095,0.18527224825000002,-0.353117864827939,0.3823089263437024,-1.2236904282119645,0.6692206389521419,,-0.048596511360217115,-0.07013605599139214,0.08219610256,-0.07424845330935166,,-1.7303973e-05,-8.940697e-07,-1.4305115e-06,1.0,1.1250377e-06,9.760261e-07,-1.128763e-06,1.0,8.940697e-08,-9.685755e-07,-1.4901161e-07,1.0,225,0.684,0,0,0.0,False,-0.25767366003838577,0.8358750989096233
0.7086402510176413,16:57:45.317982,16:57:31.632241,0,,0.12907507,0.015526906,0.03358093,-0.3613108,-0.5100345,-0.780589,-0.80501986,-0.25181308,0.537153,-0.47052908,0.82246894,-0.31960517,,0.06240774,-0.020681113,0.0378803,0.5990441,0.074431375,0.7972491,-0.7681086,0.33466077,0.54590416,-0.22617564,-0.9393945,0.25764793,,0.10664895,1.3421704,0.44153842,0.995607,0.021076847,-0.09122739,-0.04352875,-0.75844777,-0.65027857,-0.08289703,0.65139294,-0.7541985,,-0.09971678,0.27330756,-0.08806775,0.37388808,0.43776542,0.81766075,-0.90466833,0.36643347,0.21748967,-0.20440881,-0.8210286,0.5330376,,-0.030424677,0.4078684,-0.37517527,-0.5247733,-0.025942279,-0.85084665,-0.6551875,-0.62581885,0.42317858,-0.5434541,0.77953684,0.31141597,,1.13596766940118,0.4547376798329618,0.20028976790000003,-0.15202520902628017,-0.050555504913212965,1.0417891910895634,-0.40476659588074404,,-0.9639515173607033,-0.2973561065891405,0.18527224825000002,-0.353117864827939,0.3823089263437024,-1.223200355771121,0.6639936288358451,,-0.048596511360217115,-0.07013605599139214,0.08219610256,-0.07424845330935166,,-1.7303973e-05,-8.940697e-07,-1.4305115e-06,1.0,1.1250377e-06,9.760261e-07,-1.128763e-06,1.0,8.940697e-08,-9.685755e-07,-1.4901161e-07,1.0,233,0.707,0,0,0.0,False,-0.2586269035347226,0.8353922969018286
0.7295987020188477,16:57:45.339531,16:57:31.632241,0,,0.12878811,0.015463397,0.033977985,-0.34945214,-0.52304596,-0.77737117,-0.79596865,-0.27196756,0.5408027,-0.4942844,0.80774796,-0.32128865,,0.062444113,-0.0206967,0.037902296,0.59958434,0.07449508,0.79683685,-0.76770306,0.33485082,0.54635775,-0.22612056,-0.93932176,0.25796145,,0.10664895,1.3421704,0.44153842,0.995607,0.021076847,-0.09122739,-0.04352875,-0.75844777,-0.65027857,-0.08289703,0.65139294,-0.7541985,,-0.09946323,0.27352938,-0.08842904,0.36415678,0.45130545,0.81468594,-0.91382784,0.34196866,0.21903446,-0.17974563,-0.82424563,0.5369457,,-0.030461434,0.40787506,-0.3752008,-0.52534336,-0.0260245,-0.8504923,-0.6549831,-0.62566406,0.42372352,-0.54314965,0.7796584,0.31164286,,1.1375276614417733,0.45352521077170854,0.19989310316000003,-0.16397753580489804,-0.023911387458952077,1.0366434841172953,-0.4044399077484754,,-0.964214090278427,-0.2974796703151281,0.18527224825000002,-0.3537469346583926,0.3828554723427641,-1.223400991165485,0.6615434678438309,,-0.048596511360217115,-0.07013605599139214,0.08219610256,-0.07424845330935166,,-1.7303973e-05,-8.940697e-07,-1.4305115e-06,1.0,1.1250377e-06,9.760261e-07,-1.128763e-06,1.0,8.940697e-08,-9.685755e-07,-1.4901161e-07,1.0,241,0.732,0,0,0.0,False,-0.25779281547542787,0.8339921710792244
0.7511882460094057,16:57:45.369636,16:57:31.632241,0,,0.12853627,0.015400022,0.034217477,-0.3422345,-0.5318159,-0.77462715,-0.7904909,-0.28269872,0.54332834,-0.5079367,0.79828155,-0.3236464,,0.062482595,-0.02072087,0.03792137,0.59950423,0.07489068,0.79686004,-0.76781726,0.33487555,0.54618216,-0.22594503,-0.93928146,0.25826168,,0.10664895,1.3421704,0.44153842,0.995607,0.021076847,-0.09122739,-0.04352875,-0.75844777,-0.65027857,-0.08289703,0.65139294,-0.7541985,,-0.0992325,0.27364665,-0.08866947,0.35817087,0.46047625,0.81220394,-0.9188961,0.3279267,0.21930371,-0.16535921,-0.8248792,0.5405836,,-0.030499471,0.4078746,-0.3752322,-0.52526903,-0.026422778,-0.85052586,-0.65488654,-0.6256573,0.42388272,-0.5433379,0.7796504,0.31133452,,1.138786466900272,0.45251353276518513,0.19963903032000002,-0.1713166838268564,-0.008198189985926425,1.031426548025279,-0.406073348409818,,-0.9644534949975279,-0.2976341249726126,0.18527224825000002,-0.3537469346583926,0.3828554723427641,-1.2235643486457661,0.6608900915792939,,-0.048596511360217115,-0.07013605599139214,0.08219610256,-0.07424845330935166,,-1.7303973e-05,-8.940697e-07,-1.4305115e-06,1.0,1.1250377e-06,9.760261e-07,-1.128763e-06,1.0,8.940697e-08,-9.685755e-07,-1.4901161e-07,1.0,256,0.778,0,0,0.0,False,-0.25815028178655464,0.8327851660597378
0.7812753049947787,16:57:45.409047,16:57:31.632241,0,,0.1277022,0.015176818,0.03458023,-0.3219378,-0.55609274,-0.7662355,-0.78000224,-0.30292618,0.5475695,-0.5366122,0.7739488,-0.33623025,,0.062521145,-0.020767748,0.037938476,0.600069,0.07514173,0.7964113,-0.7674887,0.3348032,0.546688,-0.22556198,-0.9392873,0.25857547,,0.10664895,1.3421704,0.44153842,0.995607,0.021076847,-0.09122739,-0.04352875,-0.75844777,-0.65027857,-0.08289703,0.65139294,-0.7541985,,-0.09843552,0.273742,-0.08915196,0.34045014,0.48598358,0.80493087,-0.93046,0.29742253,0.21397212,-0.13541761,-0.8218028,0.5534458,,-0.030535825,0.40786052,-0.37528172,-0.5258829,-0.026666973,-0.85013884,-0.6544478,-0.6257257,0.42445904,-0.54327273,0.77958727,0.3116063,,1.1424933786798996,0.448860680115677,0.19916718076,-0.19249536811879336,0.025824298455668245,1.0116063277985046,-0.40721675687275816,,-0.964700622449503,-0.2979275888218331,0.18527095196,-0.3545856944323307,0.38326538184206044,-1.2238986023568554,0.6582765865211454,,-0.048596511360217115,-0.07013605599139214,0.08219610256,-0.07424845330935166,,-1.7303973e-05,-8.940697e-07,-1.4305115e-06,1.0,1.1250377e-06,9.760261e-07,-1.128763e-06,1.0,8.940697e-08,-9.685755e-07,-1.4901161e-07,1.0,264,0.802,0,0,0.0,False,-0.2585077480976805,0.830902238229339
0.8206931549939327,16:57:45.437968,16:57:31.632241,0,,0.12724237,0.015074983,0.03468828,-0.3131313,-0.56309086,-0.76477283,-0.7738583,-0.31552663,0.5491688,-0.55053806,0.76378775,-0.33695126,,0.06252577,-0.020798072,0.037956417,0.6000109,0.0753098,0.7964391,-0.7675507,0.33482656,0.54658675,-0.22550565,-0.93926543,0.2587037,,0.1067082,1.3421664,0.44153598,0.99560493,0.021040048,-0.091258936,-0.043577053,-0.7584488,-0.65027416,-0.08289703,0.65139294,-0.7541985,,-0.09804057,0.27375063,-0.08933215,0.33288246,0.4933742,0.8035989,-0.9352666,0.28144234,0.21463127,-0.12027321,-0.8230262,0.5551236,,-0.030595973,0.40785623,-0.3753167,-0.5258662,-0.026835695,-0.85014385,-0.6544097,-0.625708,0.42454377,-0.5433347,0.7795956,0.31147715,,1.1440533707204932,0.4468913832327497,0.19901032967,-0.2015120356886279,0.043040497426113745,1.0076958357101853,-0.4023164348887297,,-0.9647855725111195,-0.2981052116779403,0.18527095196,-0.3545856944323307,0.38340201834182586,-1.2240100202605517,0.6576232102566081,,-0.048596511360217115,-0.07013605599139214,0.08219610256,-0.07424845330935166,,4.2058527e-05,1.7881393e-06,-2.3841858e-06,1.0,-3.546849e-05,-3.0629337e-05,3.546104e-05,1.0,-3.9041042e-06,3.0629337e-05,3.874302e-06,1.0,272,0.827,0,0,0.0,False,-0.25773323775690704,0.8307573976270008
0.8496115320012905,16:57:45.460873,16:57:31.632241,0,,0.12668152,0.014909878,0.034808412,-0.29607248,-0.5747246,-0.7629107,-0.7625125,-0.33881775,0.55116,-0.57525283,0.74491227,-0.33792007,,0.06253289,-0.020852983,0.037959576,0.60034895,0.07556077,0.7961605,-0.76741517,0.33459625,0.546918,-0.22506675,-0.93932736,0.25886098,,0.1067082,1.3421664,0.44153598,0.99560493,0.021040048,-0.091258936,-0.043577053,-0.7584488,-0.65027416,-0.08289703,0.65139294,-0.7541985,,-0.097495526,0.273722,-0.08957368,0.31810746,0.50577295,0.8018737,-0.9434838,0.2518429,0.21543784,-0.09298356,-0.8250872,0.5573017,,-0.030599443,0.40782937,-0.37536514,-0.52624536,-0.027064467,-0.849902,-0.6540021,-0.6259067,0.42487887,-0.54345846,0.7794282,0.3116803,,1.1461925677266533,0.4437096172885692,0.19880681214,-0.21849692111087438,0.0736470733735724,1.001769371734938,-0.4044399077484754,,-0.9648241861754907,-0.29841412099290926,0.18526187793,-0.35521476426278425,0.38353865484159133,-1.22436647438467,0.6561531136613997,,-0.048596511360217115,-0.07013605599139214,0.08219610256,-0.07424845330935166,,4.2058527e-05,1.7881393e-06,-2.3841858e-06,1.0,-3.546849e-05,-3.0629337e-05,3.546104e-05,1.0,-3.9041042e-06,3.0629337e-05,3.874302e-06,1.0,280,0.851,0,0,0.0,False,-0.25785239319394915,0.8307573976270008
0.8725328739965335,16:57:45.487285,16:57:31.632241,0,,0.12631775,0.014747888,0.034847274,-0.28575173,-0.58088505,-0.76218015,-0.75595737,-0.3521695,0.5518198,-0.5889604,0.73385924,-0.33849126,,0.062535696,-0.020892084,0.037954867,0.60048735,0.07541559,0.7960698,-0.7673201,0.3344959,0.5471126,-0.22502127,-0.9393748,0.2587285,,0.1067082,1.3421664,0.44153598,0.99560493,0.021040048,-0.091258936,-0.043577053,-0.7584488,-0.65027416,-0.08289703,0.65139294,-0.7541985,,-0.09714053,0.27363643,-0.0897372,0.30906364,0.51239157,0.8012082,-0.9478694,0.23470677,0.21553725,-0.07760952,-0.82605547,0.5582196,,-0.030599136,0.40780455,-0.37539583,-0.5263932,-0.026909443,-0.8498153,-0.65392786,-0.62598467,0.4248783,-0.5434046,0.77937096,0.31191722,,1.1473895913221581,0.4414468565564214,0.19868236830000002,-0.22877172834161608,0.09127318184331422,0.9983414133369349,-0.4064000365420868,,-0.9648164634426164,-0.298645802979136,0.18526058164,-0.3554244542062688,0.3838119278411222,-1.224344273971641,0.656969833992071,,-0.048596511360217115,-0.07013605599139214,0.08219610256,-0.07424845330935166,,4.2058527e-05,1.7881393e-06,-2.3841858e-06,1.0,-3.546849e-05,-3.0629337e-05,3.546104e-05,1.0,-3.9041042e-06,3.0629337e-05,3.874302e-06,1.0,288,0.875,1,1,0.018,False,-0.25767366003838577,0.830998798630898
0.8989419550052844,16:57:45.514815,16:57:31.845553,0,,0.12567599,0.0144370645,0.034849748,-0.2606261,-0.6017977,-0.7549262,-0.7436338,-0.37354454,0.5545027,-0.615697,0.70590657,-0.35016167,,0.06254098,-0.020984381,0.03794557,0.6006355,0.07549809,0.79595023,-0.76718295,0.3347003,0.54718006,-0.22509378,-0.9392953,0.25895375,,0.1067082,1.3421664,0.44153598,0.99560493,0.021040048,-0.091258936,-0.043577053,-0.7584488,-0.65027416,-0.08289703,0.65139294,-0.7541985,,-0.096509844,0.27342317,-0.08999256,0.28643262,0.5347924,0.79495496,-0.95692,0.20085736,0.20966735,-0.047544032,-0.8207639,0.5692857,,-0.030597221,0.40774775,-0.37546933,-0.52654463,-0.027011862,-0.8497183,-0.65393215,-0.6258186,0.4251162,-0.5432527,0.7795007,0.31185752,,1.1492198790133492,0.4370603442838619,0.19851773947,-0.25372483161627446,0.1257055797842052,0.9794121205011797,-0.4044399077484754,,-0.9647932952439938,-0.299194117013206,0.18525539648000003,-0.3556341441497533,0.38449511033994943,-1.2248196847499826,0.6574598661904739,,-0.048596511360217115,-0.07013605599139214,0.08219610256,-0.07424845330935166,,4.2058527e-05,1.7881393e-06,-2.3841858e-06,1.0,-3.546849e-05,-3.0629337e-05,3.546104e-05,1.0,-3.9041042e-06,3.0629337e-05,3.874302e-06,1.0,300,0.913,1,1,0.056,False,-0.2589843698458485,0.8312884798355746
