Task Time,PC1 Time,PC2 Time,Gaze Calib,s_T_psm1,Tx,Ty,Tz,R00,R01,R02,R10,R11,R12,R20,R21,R22,s_T_psm3,Tx,Ty,Tz,R00,R01,R02,R10,R11,R12,R20,R21,R22,cart_T_ecm,Tx,Ty,Tz,R00,R01,R02,R10,R11,R12,R20,R21,R22,ecm_T_psm1,Tx,Ty,Tz,R00,R01,R02,R10,R11,R12,R20,R21,R22,ecm_T_psm3,Tx,Ty,Tz,R00,R01,R02,R10,R11,R12,R20,R21,R22,psm1_joints,q1,q2,q3,q4,q5,q6,jaw,psm3_joints,q1,q2,q3,q4,q5,q6,jaw,ecm_joints,q1,q2,q3,q4,ecmi_T_ecm,Tx,Ty,Tz,R00,R01,R02,R10,R11,R12,R20,R21,R22,Sample #,Task Duration (s),Collisions (binary),Collisions (increments),Cumulative Collision Time (s),Clutch Press,MTMR Angle,MTML Angle
""
lci_T_si,,,,,-0.060357757,0.022834528,0.23020615,0.9952371,-0.021149157,0.09516208,0.048441693,-0.7398343,-0.6710429,0.084596165,0.6724566,-0.73528606
rci_T_si,,,,,-0.0698917,0.026742559,0.23927253,0.9902512,-0.040660527,0.13322671,0.061729427,-0.729299,-0.68140477,0.124868385,0.68298584,-0.71967924
ecm_T_lc,,,,,-4.4061628e-05,-0.00034663224,-0.01840835,-0.99912,0.030754527,0.028518902,-0.031987965,-0.99852574,-0.043852776,0.027128186,-0.04472645,0.9986309
ecm_T_rc,,,,,-0.0043358393,0.01870579,-0.007592615,-0.99555075,-0.052743673,-0.078081585,0.04863213,-0.9973746,0.053654674,-0.08070653,0.04961868,0.9955021
cart_T_ecmi,,,,,0.106666066,1.342168,0.4415365,0.99560696,0.021075713,-0.09122836,-0.043530237,-0.7584478,-0.65027845,-0.08289703,0.65139294,-0.7541985
ecmac_T_ecmrep_psm1,,,,,0.01038242,-0.2501324,-0.30762842,0.998145,0.0496832,0.035188068,-0.04731537,0.99675006,-0.06519635,-0.03831287,0.06341047,0.99725187
ecmac_T_ecmrep_psm3,,,,,-0.018947443,-0.4527795,-0.5580277,0.99342906,-0.031421527,0.110051684,0.0051236153,0.97282016,0.23150527,-0.11433475,-0.2294202,0.9665888
""
0,16:58:50.554017,16:58:36.898356,0,,0.11786411,0.0027319938,0.017930001,-0.9696194,-0.08828088,-0.22813304,-0.23669545,0.103159994,0.96609175,-0.0617532,0.99073946,-0.1209217,,0.05688596,-0.020209007,0.025942862,0.23604202,-0.3768571,0.89569116,-0.9308132,0.17700854,0.31977308,-0.2790537,-0.909201,-0.3090021,,0.10668746,1.3421677,0.44153714,0.99560595,0.021058045,-0.09124351,-0.04355343,-0.7584483,-0.6502763,-0.08289703,0.65139294,-0.7541985,,-0.08772864,0.25371766,-0.085608535,0.96448123,0.014382092,0.26375955,-0.18992275,0.7317434,0.6545845,-0.18359002,-0.68142843,0.7084843,,-0.024093566,0.39858702,-0.3683515,-0.14831567,0.43166998,-0.8897547,-0.74835366,-0.63715935,-0.18437663,-0.6465054,0.6385053,0.41754252,,1.1358827193395635,0.34278122135532907,0.20735973356,0.805419072924058,-0.05861705839937395,1.0040112915113268,-0.3997029298305813,,-0.8945164260885508,-0.28883020949599664,0.19215295557,0.027050002709503643,0.18568900318123358,-0.6944171955778944,0.07775177547991696,,-0.048596511360217115,-0.07013605599139214,0.08219610256,-0.07424845330935166,,2.1260232e-05,1.013279e-06,-2.2649765e-06,1.0,-1.7572194e-05,-1.5184283e-05,1.7572194e-05,1.0,-1.937151e-06,1.5176833e-05,1.937151e-06,1.0,35,0.104,0,0,0.0,False,-0.25672041654204936,0.25347103690701545
0.13431155198486522,16:58:50.580191,16:58:36.898356,0,,0.1179707,0.0026842207,0.018161625,-0.9687911,-0.092794776,-0.22985396,-0.23878998,0.100583255,0.965848,-0.06650615,0.9905918,-0.1196028,,0.05688802,-0.02021008,0.025942326,0.236038,-0.37684906,0.8956956,-0.93081594,0.17700714,0.31976584,-0.27904797,-0.9092046,-0.30899668,,0.10668746,1.3421677,0.44153714,0.99560595,0.021058045,-0.09124351,-0.04355343,-0.7584483,-0.6502763,-0.08289703,0.65139294,-0.7541985,,-0.08785409,0.25383082,-0.08580538,0.96396405,0.018819952,0.26536602,-0.19464949,0.729841,0.6553195,-0.18134193,-0.68335783,0.7072038,,-0.0240955,0.39858577,-0.36835212,-0.14831191,0.43166232,-0.88975906,-0.74834985,-0.63716394,-0.1843763,-0.6465107,0.6385059,0.41753343,,1.1356510373533368,0.3432291398620341,0.20713029023,0.801434963997852,-0.0557476919042997,1.0055104163203086,-0.40084633829352123,,-0.894524148821425,-0.2888379322288709,0.19215425186,0.027050002709503643,0.18568900318123358,-0.6944171955778944,0.07775177547991696,,-0.048596511360217115,-0.07013605599139214,0.08219610256,-0.07424845330935166,,2.1260232e-05,1.013279e-06,-2.2649765e-06,1.0,-1.7572194e-05,-1.5184283e-05,1.7572194e-05,1.0,-1.937151e-06,1.5176833e-05,1.937151e-06,1.0,47,0.141,0,0,0.0,False,-0.25600548391979716,0.2553056845366344
0.16046684997854754,16:58:50.618880,16:58:36.898356,0,,0.1182022,0.0026775599,0.018403456,-0.9674957,-0.09892923,-0.23273373,-0.24230151,0.099157184,0.9651207,-0.07240139,0.99014187,-0.119904906,,0.056887463,-0.02020993,0.025940478,0.2360386,-0.3769289,0.89566195,-0.9308159,0.17697781,0.319782,-0.2790474,-0.9091773,-0.30907783,,0.10668746,1.3421677,0.44153714,0.99560595,0.021058045,-0.09124351,-0.04355343,-0.7584483,-0.6502763,-0.08289703,0.65139294,-0.7541985,,-0.08810367,0.25397792,-0.08597329,0.9630298,0.02492847,0.26823902,-0.20120803,0.72865415,0.65465903,-0.17913383,-0.684428,0.7067315,,-0.024094816,0.39858437,-0.36835104,-0.14831255,0.4317417,-0.88972044,-0.7483494,-0.637148,-0.18443297,-0.646511,0.638468,0.4175907,,1.1349482686617824,0.3441790360055637,0.20691121722000003,0.7957733355237698,-0.05315159840875633,1.005517123393731,-0.40084633829352134,,-0.8945164260885508,-0.2888379322288709,0.19215554815000002,0.027050002709503643,0.18568900318123358,-0.6943355168377539,0.07922187207512543,,-0.048596511360217115,-0.07013605599139214,0.08219610256,-0.07424845330935166,,2.1260232e-05,1.013279e-06,-2.2649765e-06,1.0,-1.7572194e-05,-1.5184283e-05,1.7572194e-05,1.0,-1.937151e-06,1.5176833e-05,1.937151e-06,1.0,59,0.177,0,0,0.0,False,-0.25558843989015,0.2702725467782665
0.1991446949832607,16:58:50.647787,16:58:36.898356,0,,0.11834457,0.0026696473,0.018506542,-0.96753126,-0.09929369,-0.23243044,-0.24196166,0.09805241,0.9653188,-0.07305965,0.9902154,-0.11889416,,0.05688983,-0.020209663,0.025941908,0.2360374,-0.37698868,0.89563704,-0.93081594,0.17695796,0.31979308,-0.2790485,-0.9091563,-0.30913833,,0.10668746,1.3421677,0.44153714,0.99560595,0.021058045,-0.09124351,-0.04355343,-0.7584483,-0.6502763,-0.08289703,0.65139294,-0.7541985,,-0.08825373,0.2540355,-0.08604485,0.9631256,0.025255078,0.2678643,-0.20138395,0.72788167,0.65546376,-0.17841972,-0.6852375,0.70612746,,-0.024097292,0.39858544,-0.3683516,-0.14831129,0.43180096,-0.8896919,-0.7483502,-0.63713473,-0.18447575,-0.6465104,0.6384413,0.4176326,,1.1343922318948383,0.344704181841011,0.20681658805000003,0.7959830254672544,-0.05315159840875633,1.0064972682754179,-0.40019296202898424,,-0.8945318715542991,-0.2888379322288709,0.19215554815000002,0.027050002709503643,0.18568900318123358,-0.6942538380976133,0.08689904318343655,,-0.048596511360217115,-0.07013605599139214,0.08219610256,-0.07424845330935166,,2.1260232e-05,1.013279e-06,-2.2649765e-06,1.0,-1.7572194e-05,-1.5184283e-05,1.7572194e-05,1.0,-1.937151e-06,1.5176833e-05,1.937151e-06,1.0,70,0.211,0,0,0.0,False,-0.2559459062012759,0.2714795517977535
0.22808500099927187,16:58:50.687861,16:58:37.023775,0,,0.118665606,0.002631858,0.018621534,-0.9668935,-0.10130597,-0.23420957,-0.24373884,0.09489459,0.9651873,-0.07555398,0.99031925,-0.11644521,,0.056892198,-0.020209424,0.02594328,0.2360362,-0.3770484,0.8956123,-0.9308158,0.17693818,0.31980413,-0.27904966,-0.90913546,-0.3091988,,0.10668746,1.3421677,0.44153714,0.99560595,0.021058045,-0.09124351,-0.04355343,-0.7584483,-0.6502763,-0.08289703,0.65139294,-0.7541985,,-0.088583626,0.2540731,-0.086131305,0.9626327,0.02716409,0.26944464,-0.20438099,0.72563255,0.657028,-0.17767023,-0.687546,0.70406944,,-0.024099767,0.39858648,-0.36835217,-0.14831,0.43186018,-0.8896634,-0.74835104,-0.6371214,-0.18451855,-0.64650977,0.63841456,0.41767448,,1.1329558035802325,0.3455922961215468,0.20669992195000003,0.7936764360889248,-0.053288234908521775,1.0095491208241745,-0.3998662738967157,,-0.8945473170200476,-0.2888379322288709,0.19215554815000002,0.027050002709503643,0.18568900318123358,-0.6941721593574728,0.09555627868855338,,-0.048596511360217115,-0.07013605599139214,0.08219610256,-0.07424845330935166,,2.1260232e-05,1.013279e-06,-2.2649765e-06,1.0,-1.7572194e-05,-1.5184283e-05,1.7572194e-05,1.0,-1.937151e-06,1.5176833e-05,1.937151e-06,1.0,78,0.235,0,0,0.0,False,-0.25672041654204936,0.27254171621490153
0.2681205209810287,16:58:50.715378,16:58:37.023775,0,,0.118891776,0.0025438517,0.018639892,-0.96646434,-0.10323164,-0.23513818,-0.24490578,0.09506491,0.9648751,-0.077252224,0.990104,-0.11715895,,0.05689282,-0.020209186,0.025942147,0.2360362,-0.37697524,0.895643,-0.9308158,0.17696437,0.3197897,-0.27904966,-0.9091607,-0.30912453,,0.10668746,1.3421677,0.44153714,0.99560595,0.021058045,-0.09124351,-0.04355343,-0.7584483,-0.6502763,-0.08289703,0.65139294,-0.7541985,,-0.08881291,0.2540122,-0.086185634,0.9623034,0.029104648,0.27041647,-0.20638894,0.7256766,0.6563513,-0.17713203,-0.68742007,0.70432794,,-0.024100322,0.39858562,-0.3683514,-0.14831,0.4317875,-0.8896986,-0.74835104,-0.6371364,-0.1844665,-0.64650977,0.6384487,0.41762233,,1.1317278890532307,0.34585486903927043,0.20664677406,0.792208606484533,-0.053288234908521775,1.009630799564315,-0.40002961796284986,,-0.8945473170200476,-0.2888379322288709,0.19215684444000003,0.027050002709503643,0.18568900318123358,-0.6942538380976133,0.0960463108869562,,-0.048596511360217115,-0.07013605599139214,0.08219610256,-0.07424845330935166,,2.1260232e-05,1.013279e-06,-2.2649765e-06,1.0,-1.7572194e-05,-1.5184283e-05,1.7572194e-05,1.0,-1.937151e-06,1.5176833e-05,1.937151e-06,1.0,89,0.268,0,0,0.0,False,-0.25725661600873906,0.27268655681723963
0.29555459797848016,16:58:50.748162,16:58:37.023775,0,,0.11910958,0.002409771,0.018628836,-0.96587723,-0.10727385,-0.23574045,-0.24605742,0.09592596,0.96449673,-0.08085163,0.98959124,-0.11904824,,0.05689282,-0.020209186,0.025942147,0.2360362,-0.3770484,0.8956123,-0.9308158,0.17693818,0.31980413,-0.27904966,-0.90913546,-0.3091988,,0.10668746,1.3421677,0.44153714,0.99560595,0.021058045,-0.09124351,-0.04355343,-0.7584483,-0.6502763,-0.08289703,0.65139294,-0.7541985,,-0.08903288,0.2538975,-0.086248845,0.9619639,0.033196907,0.27115196,-0.20964016,0.72610795,0.6548422,-0.17514685,-0.6867789,0.70544904,,-0.024100322,0.39858562,-0.3683514,-0.14831,0.43186018,-0.8896634,-0.74835104,-0.6371214,-0.18451855,-0.64650977,0.63841456,0.41767448,,1.130461360861858,0.34580080990915085,0.20659881133000002,0.7899020171062033,-0.051375323911805604,1.0088060575738302,-0.4011730264257899,,-0.8945473170200476,-0.2888379322288709,0.19215684444000003,0.027050002709503643,0.18568900318123358,-0.6941721593574727,0.09653634308535902,,-0.048596511360217115,-0.07013605599139214,0.08219610256,-0.07424845330935166,,2.1260232e-05,1.013279e-06,-2.2649765e-06,1.0,-1.7572194e-05,-1.5184283e-05,1.7572194e-05,1.0,-1.937151e-06,1.5176833e-05,1.937151e-06,1.0,101,0.305,0,0,0.0,False,-0.2566608388235285,0.27316935882503435
0.3284537759900559,16:58:50.777727,16:58:37.023775,0,,0.11930786,0.0022489429,0.01862146,-0.9648204,-0.112809196,-0.2374779,-0.24842308,0.095474124,0.963935,-0.08606771,0.98901916,-0.1201399,,0.056895435,-0.020210333,0.025943398,0.23603159,-0.37696052,0.89565045,-0.93081856,0.17696607,0.31978077,-0.27904442,-0.9091665,-0.30911225,,0.10668746,1.3421677,0.44153714,0.99560595,0.021058045,-0.09124351,-0.04355343,-0.7584483,-0.6502763,-0.08289703,0.65139294,-0.7541985,,-0.089234434,0.25376567,-0.0863339,0.9612471,0.03874507,0.27295208,-0.21488236,0.72555655,0.6537532,-0.17271248,-0.68707097,0.7057648,,-0.024102937,0.3985858,-0.36835307,-0.14830562,0.43177313,-0.8897064,-0.7483476,-0.6371419,-0.18446153,-0.6465147,0.63845295,0.4176081,,1.1292643372663531,0.34556912792292416,0.20653529312000002,0.7857082182365127,-0.04836932091696592,1.0090502621171473,-0.40068299422738685,,-0.894562762485796,-0.28884565496174514,0.19215684444000003,0.027050002709503643,0.18568900318123358,-0.6942538380976133,0.0970263752837619,,-0.048596511360217115,-0.07013605599139214,0.08219610256,-0.07424845330935166,,2.1260232e-05,1.013279e-06,-2.2649765e-06,1.0,-1.7572194e-05,-1.5184283e-05,1.7572194e-05,1.0,-1.937151e-06,1.5176833e-05,1.937151e-06,1.0,109,0.33,0,0,0.0,False,-0.2571374605716965,0.2730727984234753
0.35802434498327784,16:58:50.809839,16:58:37.153885,0,,0.11948332,0.0021043867,0.018641979,-0.9647228,-0.11403337,-0.23728952,-0.2482554,0.09402421,0.96412075,-0.08763096,0.98901767,-0.11901668,,0.056895692,-0.020211734,0.02594322,0.23602818,-0.3770323,0.8956211,-0.9308213,0.17693537,0.31978974,-0.2790381,-0.9091427,-0.30918798,,0.10668746,1.3421677,0.44153714,0.99560595,0.021058045,-0.09124351,-0.04355343,-0.7584483,-0.6502763,-0.08289703,0.65139294,-0.7541985,,-0.08941493,0.25366512,-0.086430915,0.9612752,0.039924603,0.27268285,-0.21578695,0.7245004,0.65462595,-0.17142315,-0.6881171,0.7050595,,-0.024103079,0.39858487,-0.36835417,-0.14830251,0.4318449,-0.88967204,-0.74834335,-0.6371306,-0.18451786,-0.6465204,0.6384157,0.41765633,,1.128159986465339,0.345461009662685,0.20645492314000002,0.7854985282930282,-0.047549501918373274,1.010995474379467,-0.4003563060951184,,-0.894562762485796,-0.28885337769461933,0.19215684444000003,0.027050002709503643,0.18568900318123358,-0.6941721593574728,0.09751640748216472,,-0.048596511360217115,-0.07013605599139214,0.08219610256,-0.07424845330935166,,2.1260232e-05,1.013279e-06,-2.2649765e-06,1.0,-1.7572194e-05,-1.5184283e-05,1.7572194e-05,1.0,-1.937151e-06,1.5176833e-05,1.937151e-06,1.0,121,0.366,0,0,0.0,False,-0.25683957197909146,0.27316935882503435
0.3901321419980377,16:58:50.838015,16:58:37.153885,0,,0.11961856,0.0020161867,0.018645853,-0.9643723,-0.114465825,-0.23850296,-0.2494902,0.093687475,0.9638347,-0.08798137,0.9889997,-0.11890775,,0.056895945,-0.02021315,0.02594304,0.23602477,-0.3769578,0.8956534,-0.93082416,0.17695695,0.31976968,-0.27903175,-0.9091693,-0.30911517,,0.10668746,1.3421677,0.44153714,0.99560595,0.021058045,-0.09124351,-0.04355343,-0.7584483,-0.6502763,-0.08289703,0.65139294,-0.7541985,,-0.089552484,0.25359723,-0.08648146,0.96091837,0.040347558,0.27387574,-0.21695739,0.724248,0.6545184,-0.17194574,-0.6883581,0.7046969,,-0.02410322,0.39858398,-0.36835527,-0.14829941,0.4317713,-0.8897083,-0.7483391,-0.6371494,-0.18447012,-0.64652604,0.6384467,0.4176002,,1.1273027631163002,0.3454919005941819,0.20641473815000003,0.7844500785756056,-0.04836932091696592,1.0118273392819268,-0.4003563060951185,,-0.894562762485796,-0.2888611004274936,0.19215684444000003,0.027050002709503643,0.18568900318123358,-0.6942538380976133,0.097679751548299,,-0.048596511360217115,-0.07013605599139214,0.08219610256,-0.07424845330935166,,2.1260232e-05,1.013279e-06,-2.2649765e-06,1.0,-1.7572194e-05,-1.5184283e-05,1.7572194e-05,1.0,-1.937151e-06,1.5176833e-05,1.937151e-06,1.0,140,0.424,0,0,0.0,False,-0.25636295023092304,0.27273483701801915
0.4183141789981164,16:58:50.891808,16:58:37.153885,0,,0.119934805,0.0019053817,0.018628687,-0.963093,-0.11744639,-0.24219482,-0.2532887,0.09094465,0.9631064,-0.09108703,0.9889062,-0.117336035,,0.056898095,-0.0202213,0.025940955,0.23600426,-0.37687647,0.895693,-0.93084073,0.1769557,0.31972203,-0.27899373,-0.90920323,-0.3090497,,0.10668746,1.3421677,0.44153714,0.99560595,0.021058045,-0.09124351,-0.04355343,-0.7584483,-0.6502763,-0.08289703,0.65139294,-0.7541985,,-0.08986943,0.2534931,-0.08651727,0.95977676,0.04324844,0.2774134,-0.22189718,0.7222104,0.6551135,-0.17201822,-0.69031996,0.7027575,,-0.024104625,0.3985777,-0.36836112,-0.14828074,0.4316931,-0.88974935,-0.74831355,-0.637187,-0.18444382,-0.64655983,0.638462,0.41752437,,1.1255574254867253,0.3458317008406478,0.20638621977000002,0.7800465897624306,-0.0486425939164968,1.0149089309942392,-0.4005196501612527,,-0.894562762485796,-0.2889074368247389,0.19215814073,0.027050002709503643,0.18568900318123358,-0.6943355168377539,0.09686303121762757,,-0.048596511360217115,-0.07013605599139214,0.08219610256,-0.07424845330935166,,2.1260232e-05,1.013279e-06,-2.2649765e-06,1.0,-1.7572194e-05,-1.5184283e-05,1.7572194e-05,1.0,-1.937151e-06,1.5176833e-05,1.937151e-06,1.0,148,0.448,0,0,0.0,False,-0.2570778828531757,0.27085190918762025
0.4720784239761997,16:58:50.926074,16:58:37.153885,0,,0.120123126,0.0018605888,0.01861316,-0.96274734,-0.11825161,-0.24317516,-0.25415993,0.08874354,0.9630822,-0.09230578,0.9890102,-0.11549249,,0.056899033,-0.020230941,0.025939047,0.23574542,-0.37681058,0.8957889,-0.9309205,0.17702019,0.319454,-0.2789464,-0.909218,-0.309049,,0.10668746,1.3421677,0.44153714,0.99560595,0.021058045,-0.09124351,-0.04355343,-0.7584483,-0.6502763,-0.08289703,0.65139294,-0.7541985,,-0.09005717,0.25344357,-0.08652067,0.959502,0.04398125,0.27824745,-0.22336474,0.7206457,0.6563367,-0.17165132,-0.69190705,0.7012849,,-0.024104737,0.39857092,-0.36836833,-0.14802133,0.43162417,-0.889826,-0.7482891,-0.63717234,-0.18459368,-0.6466476,0.6385233,0.41729477,,1.1245611929459505,0.3461019964912456,0.20638362719000003,0.778998140045008,-0.04877923041626224,1.0173890323620118,-0.40002961796284997,,-0.8945550397529218,-0.28895377322198423,0.19215814073,0.027259692652988166,0.18555236668146813,-0.6943874564143385,0.09522959055628483,,-0.048596511360217115,-0.07013605599139214,0.08219610256,-0.07424845330935166,,2.1260232e-05,1.013279e-06,-2.2649765e-06,1.0,-1.7572194e-05,-1.5184283e-05,1.7572194e-05,1.0,-1.937151e-06,1.5176833e-05,1.937151e-06,1.0,156,0.473,0,0,0.0,False,-0.25719703829021734,0.27041738738060506
0.5063663049950264,16:58:50.952340,16:58:37.307836,0,,0.12034276,0.0018176883,0.018599302,-0.96273756,-0.11946367,-0.24262083,-0.2538018,0.0893223,0.96312314,-0.09338674,0.98881245,-0.11631408,,0.056900706,-0.020243578,0.0259372,0.23607026,-0.37664664,0.8957723,-0.93091714,0.17671174,0.3196345,-0.27868283,-0.909346,-0.3089104,,0.10668746,1.3421677,0.44153714,0.99560595,0.021058045,-0.09124351,-0.04355343,-0.7584483,-0.6502763,-0.08289703,0.65139294,-0.7541985,,-0.090276204,0.25339562,-0.086521685,0.9595857,0.045220688,0.27775952,-0.22380622,0.7209875,0.6558108,-0.17060494,-0.691471,0.70197,,-0.024105374,0.39856255,-0.3683781,-0.14836472,0.43149245,-0.8898327,-0.7480976,-0.637459,-0.18438011,-0.64679044,0.63832617,0.41737488,,1.1234336739463135,0.3464495194705857,0.20638103461,0.7792078299884925,-0.0486425939164968,1.0170325782378937,-0.40019296202898413,,-0.8945550397529218,-0.28902327781785225,0.19215814073,0.026840312766019118,0.18555236668146813,-0.6945508138946197,0.09457621429174773,,-0.048596511360217115,-0.07013605599139214,0.08219610256,-0.07424845330935166,,2.1260232e-05,1.013279e-06,-2.2649765e-06,1.0,-1.7572194e-05,-1.5184283e-05,1.7572194e-05,1.0,-1.937151e-06,1.5176833e-05,1.937151e-06,1.0,168,0.509,0,0,0.0,False,-0.2568991496976123,0.2692103823611185
0.5326198929979,16:58:50.983868,16:58:37.307836,0,,0.12055095,0.001792118,0.018611789,-0.9623134,-0.12039556,-0.24383962,-0.25509322,0.08892572,0.9628186,-0.09423545,0.9887352,-0.116286576,,0.056902986,-0.020256214,0.02593571,0.23603947,-0.37663445,0.8957855,-0.93094206,0.17667067,0.31958467,-0.27862567,-0.90935904,-0.30892357,,0.10668746,1.3421677,0.44153714,0.99560595,0.021058045,-0.09124351,-0.04355343,-0.7584483,-0.6502763,-0.08289703,0.65139294,-0.7541985,,-0.09048537,0.2533784,-0.08653193,0.9591924,0.046144303,0.27896357,-0.22534913,0.7206659,0.65563595,-0.17078567,-0.6917452,0.7016558,,-0.024106646,0.39855444,-0.36838806,-0.14833672,0.4314842,-0.8898413,-0.7480593,-0.6374928,-0.18441872,-0.6468412,0.638298,0.41733932,,1.1223988277411676,0.3469206061759134,0.20636288655,0.7779496903275853,-0.049462412915089446,1.0176194069199316,-0.4003563060951184,,-0.8945550397529218,-0.2890927824137203,0.19215814073,0.026840312766019118,0.18555236668146813,-0.6945508138946197,0.09490290242401628,,-0.048596511360217115,-0.07013605599139214,0.08219610256,-0.07424845330935166,,2.1260232e-05,1.013279e-06,-2.2649765e-06,1.0,-1.7572194e-05,-1.5184283e-05,1.7572194e-05,1.0,-1.937151e-06,1.5176833e-05,1.937151e-06,1.0,183,0.555,0,0,0.0,False,-0.2570778828531757,0.26892070115644184
0.5641644379938953,16:58:51.027539,16:58:37.307836,0,,0.12081063,0.0017699897,0.018705294,-0.9621752,-0.12143807,-0.24386796,-0.25522044,0.08867732,0.9628078,-0.09529595,0.98862994,-0.116316676,,0.056902856,-0.020270504,0.02593249,0.23618427,-0.37641203,0.8958408,-0.9309555,0.1765373,0.31961912,-0.2784578,-0.909477,-0.30872753,,0.10668746,1.3421677,0.44153714,0.99560595,0.021058045,-0.09124351,-0.04355343,-0.7584483,-0.6502763,-0.08289703,0.65139294,-0.7541985,,-0.090752006,0.25341547,-0.086596675,0.95913297,0.04718445,0.27899382,-0.22614634,0.72044075,0.65560883,-0.17006397,-0.6919095,0.7016691,,-0.024105268,0.39854422,-0.36839846,-0.14849257,0.43128133,-0.8899137,-0.7479392,-0.6376851,-0.18424061,-0.6469442,0.638243,0.41726375,,1.1212326950771596,0.34767743399758744,0.20627473883000003,0.7777400003841008,-0.049872322414385765,1.0178719818908804,-0.4005196501612527,,-0.8945395942871734,-0.28917000974246254,0.19215814073,0.026630622822534592,0.18555236668146813,-0.6947958501150413,0.09310611769653926,,-0.048596511360217115,-0.07013605599139214,0.08219610256,-0.07424845330935166,,2.1260232e-05,1.013279e-06,-2.2649765e-06,1.0,-1.7572194e-05,-1.5184283e-05,1.7572194e-05,1.0,-1.937151e-06,1.5176833e-05,1.937151e-06,1.0,191,0.579,0,0,0.0,False,-0.2566608388235285,0.26708605352682246
0.6078360819956288,16:58:51.052381,16:58:37.307836,0,,0.120986685,0.0017227978,0.018787965,-0.9616452,-0.12195633,-0.24569319,-0.25702736,0.08784419,0.9624034,-0.095788464,0.98864055,-0.11582112,,0.056936644,-0.020297743,0.025930285,0.23616703,-0.37655127,0.8957869,-0.9309758,0.17644125,0.31961283,-0.2784044,-0.90943813,-0.30889052,,0.10669394,1.3421673,0.44153374,0.99560577,0.021055544,-0.09124565,-0.043556716,-0.75844836,-0.650276,-0.08289703,0.65139294,-0.7541985,,-0.09094148,0.253431,-0.08667835,0.9585912,0.047677122,0.28076643,-0.22784871,0.71983564,0.6556841,-0.17084454,-0.6925053,0.70089126,,-0.024143353,0.39852634,-0.36842337,-0.1484813,0.43142334,-0.88984674,-0.7479028,-0.63768935,-0.18437386,-0.6469889,0.6381428,0.41734764,,1.1205608173171022,0.34810218430566975,0.20618140595,0.7760624808362246,-0.05096541441250929,1.0187633251204518,-0.4005196501612527,,-0.8945473170200476,-0.2892086234068337,0.19215684444000003,0.026630622822534592,0.18555236668146813,-0.6947141713749008,0.09294277363040498,,-0.048596511360217115,-0.07013605599139214,0.08219610256,-0.07424845330935166,,2.8010458e-05,-7.1525574e-07,0.0,1.0,-2.0056963e-05,-1.731515e-05,2.0060688e-05,1.0,-2.2053719e-06,1.733005e-05,2.2053719e-06,1.0,203,0.616,0,0,0.0,False,-0.2570778828531757,0.2680516575424119
0.6326015459781047,16:58:51.089566,16:58:37.307836,0,,0.1210728,0.0016301274,0.018920973,-0.9616027,-0.12202139,-0.2458269,-0.25715855,0.08773807,0.962378,-0.09586233,0.9886419,-0.11574808,,0.056934796,-0.020298325,0.025930882,0.2362253,-0.3765506,0.89577174,-0.9309296,0.17652452,0.31970146,-0.27850947,-0.90942216,-0.3088426,,0.10669394,1.3421673,0.44153374,0.99560577,0.021055544,-0.09124565,-0.043556716,-0.75844836,-0.650276,-0.08289703,0.65139294,-0.7541985,,-0.09104017,0.25344613,-0.086832374,0.95855093,0.047738884,0.28089336,-0.2279973,0.71975857,0.655717,-0.1708722,-0.6925811,0.7008096,,-0.024141518,0.3985267,-0.36842415,-0.14853449,0.43141565,-0.88984156,-0.74797326,-0.6376323,-0.1842853,-0.6468953,0.638205,0.41739777,,1.1200665624131518,0.3482334707645316,0.20602325857000003,0.7760624808362246,-0.051375323911805604,1.0190975788315408,-0.40068299422738685,,-0.8945395942871734,-0.28921634613970787,0.19215554815000002,0.026630622822534592,0.18568900318123358,-0.6947439105384567,0.09277942956427071,,-0.048596511360217115,-0.07013605599139214,0.08219610256,-0.07424845330935166,,2.8010458e-05,-7.1525574e-07,0.0,1.0,-2.0056963e-05,-1.731515e-05,2.0060688e-05,1.0,-2.2053719e-06,1.733005e-05,2.2053719e-06,1.0,211,0.641,0,0,0.0,False,-0.2571374605716965,0.26785853673929383
0.6698217939992901,16:58:51.122464,16:58:37.307836,0,,0.12109361,0.0014451891,0.01911509,-0.9615815,-0.12234415,-0.2457496,-0.2571727,0.08829039,0.9623238,-0.09603731,0.9885529,-0.116362125,,0.056930475,-0.020294689,0.025930762,0.23588176,-0.3765802,0.89584994,-0.9309498,0.17684826,0.3194638,-0.27873325,-0.90934694,-0.30886197,,0.10669394,1.3421673,0.44153374,0.99560577,0.021055544,-0.09124565,-0.043556716,-0.75844836,-0.650276,-0.08289703,0.65139294,-0.7541985,,-0.09108108,0.2534339,-0.087097876,0.9585429,0.048082896,0.28086215,-0.22812364,0.7201255,0.6552701,-0.17074873,-0.6921758,0.70124,,-0.024137463,0.39852896,-0.36842093,-0.14817433,0.43141666,-0.88990116,-0.748138,-0.63739586,-0.18443434,-0.64678735,0.63844043,0.41720492,,1.11973448489956,0.34794772964818527,0.20576788944000002,0.7760624808362246,-0.05123868741204017,1.018904482187704,-0.4010096823596556,,-0.8945164260885508,-0.28919317794108523,0.19215425186,0.027050002709503643,0.18568900318123358,-0.6947439105384567,0.09277942956427071,,-0.048596511360217115,-0.07013605599139214,0.08219610256,-0.07424845330935166,,2.8010458e-05,-7.1525574e-07,0.0,1.0,-2.0056963e-05,-1.731515e-05,2.0060688e-05,1.0,-2.2053719e-06,1.733005e-05,2.2053719e-06,1.0,230,0.698,0,0,0.0,False,-0.256541683386486,0.2682447783455295
0.7027312979917042,16:58:51.164388,16:58:37.493024,0,,0.12104515,0.0011398196,0.0193706,-0.9616486,-0.12333948,-0.24498862,-0.25669202,0.08995941,0.96229756,-0.09665021,0.9882786,-0.118169725,,0.05693023,-0.020290859,0.025933266,0.23594908,-0.37620434,0.89599013,-0.9308952,0.177082,0.31949335,-0.27885845,-0.9094571,-0.30842447,,0.10669394,1.3421673,0.44153374,0.99560577,0.021055544,-0.09124565,-0.043556716,-0.75844836,-0.650276,-0.08289703,0.65139294,-0.7541985,,-0.091061056,0.25337347,-0.0874939,0.9586705,0.04914279,0.2802426,-0.2281628,0.7212313,0.6540391,-0.16997842,-0.6909489,0.7026357,,-0.02413768,0.3985331,-0.368419,-0.14823559,0.4310348,-0.890076,-0.74822205,-0.63740444,-0.18406335,-0.64667606,0.63868976,0.41699576,,1.1195336938448304,0.34710595176489484,0.20540233566000002,0.7762721707797092,-0.050008958914151205,1.0177383635741553,-0.40068299422738685,,-0.894524148821425,-0.2891777324753368,0.19215295557,0.027050002709503643,0.185825639680999,-0.6951820434027154,0.0931061176965392,,-0.048596511360217115,-0.07013605599139214,0.08219610256,-0.07424845330935166,,2.8010458e-05,-7.1525574e-07,0.0,1.0,-2.0056963e-05,-1.731515e-05,2.0060688e-05,1.0,-2.2053719e-06,1.733005e-05,2.2053719e-06,1.0,238,0.723,0,0,0.0,False,-0.25731619372725945,0.26457548308629075
0.7446717259881552,16:58:51.201806,16:58:37.493024,0,,0.1209542,0.0008829534,0.01955299,-0.9616916,-0.12257749,-0.2452019,-0.25686347,0.09046653,0.96220434,-0.095762,0.98832715,-0.11848673,,0.056931414,-0.02029074,0.025933981,0.23594849,-0.37641713,0.89590085,-0.9308952,0.17700684,0.31953502,-0.27885905,-0.9093837,-0.30864042,,0.10669394,1.3421673,0.44153374,0.99560577,0.021055544,-0.09124565,-0.043556716,-0.75844836,-0.650276,-0.08289703,0.65139294,-0.7541985,,-0.090991706,0.25330275,-0.08780647,0.95864004,0.048393834,0.280477,-0.22770654,0.7216223,0.6537668,-0.17076015,-0.6905934,0.7027956,,-0.024138916,0.39853364,-0.36841926,-0.14823495,0.43124616,-0.8899737,-0.7482225,-0.6373602,-0.1842149,-0.64667577,0.63859123,0.41714713,,1.1195182483790818,0.3462487284158559,0.20512363331000003,0.7764818607231937,-0.05028223191368208,1.0180428781216886,-0.40002961796284986,,-0.8945318715542991,-0.2891777324753368,0.19215295557,0.027050002709503643,0.185825639680999,-0.6949370071822937,0.09000258043998788,,-0.048596511360217115,-0.07013605599139214,0.08219610256,-0.07424845330935166,,2.8010458e-05,-7.1525574e-07,0.0,1.0,-2.0056963e-05,-1.731515e-05,2.0060688e-05,1.0,-2.2053719e-06,1.733005e-05,2.2053719e-06,1.0,250,0.76,0,0,0.0,False,-0.25683957197909146,0.2633201978660247
0.782039369980339,16:58:51.236040,16:58:37.493024,0,,0.12077285,0.00052563846,0.01973115,-0.961211,-0.12369491,-0.24652141,-0.25833908,0.090681165,0.96178895,-0.09661351,0.98816836,-0.11911908,,0.056932848,-0.020291992,0.025934458,0.23594446,-0.37611637,0.89602816,-0.93089795,0.17710984,0.31946996,-0.27885324,-0.9094881,-0.30833787,,0.10669394,1.3421673,0.44153374,0.99560577,0.021055544,-0.09124565,-0.043556716,-0.75844836,-0.650276,-0.08289703,0.65139294,-0.7541985,,-0.09083473,0.2531563,-0.08818886,0.9581855,0.049525756,0.28182927,-0.22939163,0.72171265,0.6530776,-0.17105557,-0.6904188,0.7028954,,-0.024140295,0.39853325,-0.36842063,-0.14823121,0.43094772,-0.89011884,-0.7482186,-0.63742495,-0.18400632,-0.6466811,0.638728,0.4169294,,1.1197499303653085,0.3446810136423883,0.20479696823000001,0.7745946512318329,-0.04877923041626224,1.0185325347239798,-0.3998662738967156,,-0.8945395942871734,-0.289185455208211,0.19215295557,0.027050002709503643,0.185825639680999,-0.6952637221428559,0.08869582791091357,,-0.048596511360217115,-0.07013605599139214,0.08219610256,-0.07424845330935166,,2.8010458e-05,-7.1525574e-07,0.0,1.0,-2.0056963e-05,-1.731515e-05,2.0060688e-05,1.0,-2.2053719e-06,1.733005e-05,2.2053719e-06,1.0,262,0.795,0,0,0.0,False,-0.2575545046013441,0.2642375216808346
0.8163164290017448,16:58:51.269092,16:58:37.493024,0,,0.12054624,0.00026343763,0.019850045,-0.9612047,-0.13065355,-0.24293013,-0.2547731,0.08298305,0.96343374,-0.10571696,0.98794913,-0.11305079,,0.05693314,-0.020293154,0.0259341,0.23588338,-0.3764151,0.8959189,-0.93094695,0.17691448,0.31943536,-0.27874127,-0.9094025,-0.3086913,,0.10669394,1.3421673,0.44153374,0.99560577,0.021055544,-0.09124565,-0.043556716,-0.75844836,-0.650276,-0.08289703,0.65139294,-0.7541985,,-0.090625405,0.25304383,-0.088467725,0.95898193,0.056262143,0.27782768,-0.23269315,0.71598035,0.6581991,-0.16188747,-0.69584966,0.69970405,,-0.024140479,0.39853233,-0.36842144,-0.14817554,0.43125203,-0.88998073,-0.7481435,-0.63742477,-0.18431205,-0.6467807,0.6385228,0.41708916,,1.1206766583102155,0.3429742896771847,0.20457141377000002,0.7735462015144103,-0.037301764435965244,1.0248557489204682,-0.4023164348887298,,-0.8945395942871734,-0.289185455208211,0.19215295557,0.027050002709503643,0.18568900318123358,-0.6949072680187378,0.09016592450612215,,-0.048596511360217115,-0.07013605599139214,0.08219610256,-0.07424845330935166,,2.8010458e-05,-7.1525574e-07,0.0,1.0,-2.0056963e-05,-1.731515e-05,2.0060688e-05,1.0,-2.2053719e-06,1.733005e-05,2.2053719e-06,1.0,273,0.829,0,0,0.0,False,-0.25779281547542787,0.2658307683065564
0.8492596949799918,16:58:51.302754,16:58:37.636294,0,,0.12033827,0.00020614266,0.019844636,-0.9594229,-0.14011253,-0.24469627,-0.25662804,0.07432315,0.9636484,-0.116832614,0.9873421,-0.10726422,,0.056932505,-0.020295836,0.025932908,0.23581944,-0.3765728,0.8958694,-0.9309987,0.17676365,0.31936795,-0.27862248,-0.9093665,-0.3089045,,0.10669394,1.3421673,0.44153374,0.99560577,0.021055544,-0.09124565,-0.043556716,-0.75844836,-0.650276,-0.08289703,0.65139294,-0.7541985,,-0.09041932,0.25300333,-0.08851727,0.9580123,0.06549344,0.27914712,-0.24145165,0.7093435,0.66221815,-0.15464024,-0.70181364,0.6953733,,-0.024139566,0.39852998,-0.36842307,-0.14811738,0.43141672,-0.8899106,-0.74806374,-0.6374575,-0.18452257,-0.6468863,0.63837886,0.41714573,,1.1218736819057202,0.3418699388761706,0.20454419168000001,0.7664167434359366,-0.026507480954495448,1.0310009439741739,-0.39823283323537273,,-0.8945318715542991,-0.28919317794108523,0.19215295557,0.027050002709503643,0.18555236668146813,-0.6947141713749008,0.09098264483679347,,-0.048596511360217115,-0.07013605599139214,0.08219610256,-0.07424845330935166,,2.8010458e-05,-7.1525574e-07,0.0,1.0,-2.0056963e-05,-1.731515e-05,2.0060688e-05,1.0,-2.2053719e-06,1.733005e-05,2.2053719e-06,1.0,285,0.866,0,0,0.0,False,-0.25677999426057063,0.2666032515190282
0.8830227619910147,16:58:51.336444,16:58:37.636294,0,,0.1200664,0.00024306774,0.019844726,-0.9571158,-0.14634588,-0.25002438,-0.2626035,0.07379079,0.9620782,-0.12234667,0.9864775,-0.10905728,,0.056932203,-0.020297147,0.025930941,0.23581663,-0.37628543,0.89599085,-0.9310015,0.17686024,0.31930634,-0.2786155,-0.9094666,-0.3086157,,0.10669394,1.3421673,0.44153374,0.99560577,0.021055544,-0.09124565,-0.043556716,-0.75844836,-0.650276,-0.08289703,0.65139294,-0.7541985,,-0.090147346,0.25303927,-0.08851387,0.95597136,0.07175756,0.28455165,-0.24964458,0.70855975,0.6600157,-0.15426072,-0.70199287,0.6952767,,-0.024139026,0.39852765,-0.36842313,-0.1481149,0.43113175,-0.8900491,-0.74805903,-0.6375207,-0.1843232,-0.64689225,0.63850826,0.41693833,,1.1233641693504457,0.3412135065818615,0.20455456200000002,0.7578194557530711,-0.022681658961063115,1.0295148174734854,-0.401826402690327,,-0.894524148821425,-0.2892009006739594,0.19215425186,0.027050002709503643,0.18555236668146813,-0.695040886335463,0.09163602110133057,,-0.048596511360217115,-0.07013605599139214,0.08219610256,-0.07424845330935166,,2.8010458e-05,-7.1525574e-07,0.0,1.0,-2.0056963e-05,-1.731515e-05,2.0060688e-05,1.0,-2.2053719e-06,1.733005e-05,2.2053719e-06,1.0,293,0.891,0,0,0.0,False,-0.257435349164302,0.26641013071591013
0.916739685984794,16:58:51.364390,16:58:37.636294,0,,0.11978457,0.0003797859,0.019881621,-0.95443666,-0.15002967,-0.25795698,-0.2708271,0.07249099,0.95989466,-0.12531312,0.9860203,-0.10982019,,0.056932155,-0.020298578,0.025930583,0.23599105,-0.37613505,0.8960081,-0.9309901,0.17674813,0.31940168,-0.27850595,-0.90955067,-0.30846703,,0.10669394,1.3421673,0.44153374,0.99560577,0.021055544,-0.09124565,-0.043556716,-0.75844836,-0.650276,-0.08289703,0.65139294,-0.7541985,,-0.08986549,0.25317487,-0.088473186,0.9532999,0.07542779,0.29245517,-0.2578659,0.7073903,0.65810645,-0.15724045,-0.702787,0.69380534,,-0.02413885,0.3985266,-0.36842415,-0.14829752,0.43099642,-0.8900842,-0.7479782,-0.6376658,-0.18414927,-0.6469439,0.63845474,0.41694018,,1.125063170582775,0.3411131110544966,0.20457659893000002,0.7481737183527829,-0.022408385961532235,1.0288835879653897,-0.4016630586241927,,-0.894524148821425,-0.2892086234068337,0.19215425186,0.026840312766019118,0.18555236668146813,-0.6952042438157442,0.09196270923359923,,-0.048596511360217115,-0.07013605599139214,0.08219610256,-0.07424845330935166,,2.8010458e-05,-7.1525574e-07,0.0,1.0,-2.0056963e-05,-1.731515e-05,2.0060688e-05,1.0,-2.2053719e-06,1.733005e-05,2.2053719e-06,1.0,305,0.927,0,0,0.0,False,-0.2570778828531757,0.26747229513305815
0.9446744729939383,16:58:51.404724,16:58:37.636294,0,,0.11949563,0.0006058663,0.019975692,-0.9529215,-0.15167427,-0.26255563,-0.27547142,0.071196586,0.9586692,-0.12671238,0.9858631,-0.10962674,,0.056932617,-0.020300351,0.025932252,0.2362225,-0.3762633,0.8958933,-0.9309324,0.1766212,0.31963992,-0.27850255,-0.9095223,-0.3085538,,0.10669394,1.3421673,0.44153374,0.99560577,0.021055544,-0.09124565,-0.043556716,-0.75844836,-0.650276,-0.08289703,0.65139294,-0.7541985,,-0.08957845,0.25341552,-0.08841714,0.9517678,0.07704272,0.29698902,-0.26232746,0.7063614,0.657448,-0.15912999,-0.70364624,0.69250244,,-0.024139313,0.39852703,-0.36842653,-0.14853203,0.4311307,-0.8899801,-0.7479686,-0.6376954,-0.18408588,-0.64690125,0.6383345,0.41719043,,1.1270710811300735,0.34145291130096245,0.20458696925000003,0.7425120898787008,-0.022135112962001352,1.0281706797171535,-0.4013363704919243,,-0.8945318715542991,-0.2892240688725821,0.19215295557,0.026630622822534592,0.18568900318123358,-0.6950706254990189,0.09212605329973356,,-0.048596511360217115,-0.07013605599139214,0.08219610256,-0.07424845330935166,,2.8010458e-05,-7.1525574e-07,0.0,1.0,-2.0056963e-05,-1.731515e-05,2.0060688e-05,1.0,-2.2053719e-06,1.733005e-05,2.2053719e-06,1.0,320,0.973,0,0,0.0,False,-0.2580311263495121,0.2682447783455295
0.9849404539854731,16:58:51.444383,16:58:37.771419,0,,0.119323514,0.00075253844,0.02005972,-0.95090514,-0.15358147,-0.26868588,-0.28194118,0.07186952,0.95673615,-0.1276266,0.98551893,-0.11164212,,0.056933004,-0.020306177,0.02593267,0.23620881,-0.37633103,0.89586836,-0.9309435,0.17657685,0.31963223,-0.27847716,-0.90950286,-0.30863392,,0.10669394,1.3421673,0.44153374,0.99560577,0.021055544,-0.09124565,-0.043556716,-0.75844836,-0.650276,-0.08289703,0.65139294,-0.7541985,,-0.0894093,0.25358632,-0.08839681,0.94964755,0.078988895,0.3032,-0.26785925,0.70669854,0.65485007,-0.16254511,-0.70309174,0.6922724,,-0.024139324,0.3985243,-0.36843172,-0.14851958,0.43119973,-0.8899487,-0.74795157,-0.6376954,-0.1841551,-0.6469238,0.6382879,0.41722676,,1.1282758274584523,0.34181587974605104,0.20457400635000003,0.7355923217437115,-0.023638114459421197,1.026047448312051,-0.40149971455805855,,-0.8945318715542991,-0.289254959804079,0.19215165928000003,0.026630622822534592,0.18568900318123358,-0.6949889467588783,0.09294277363040493,,-0.048596511360217115,-0.07013605599139214,0.08219610256,-0.07424845330935166,,2.8010458e-05,-7.1525574e-07,0.0,1.0,-2.0056963e-05,-1.731515e-05,2.0060688e-05,1.0,-2.2053719e-06,1.733005e-05,2.2053719e-06,1.0,328,0.997,0,0,0.0,False,-0.2570183051346544,0.2680999377431914
1.0246766499767546,16:58:51.469360,16:58:37.771419,0,,0.11931246,0.00077418983,0.020090178,-0.9506035,-0.15500423,-0.26893586,-0.28239614,0.072182,0.9565784,-0.12886137,0.98527336,-0.11238918,,0.056932077,-0.020307712,0.025931835,0.236206,-0.3763364,0.89586693,-0.9309463,0.17656916,0.3196284,-0.27847025,-0.9095022,-0.3086423,,0.10669394,1.3421673,0.44153374,0.99560577,0.021055544,-0.09124565,-0.043556716,-0.75844836,-0.650276,-0.08289703,0.65139294,-0.7541985,,-0.08940002,0.25362298,-0.08840625,0.9494296,0.08043457,0.30350244,-0.26902264,0.70681465,0.6542476,-0.16189583,-0.70281106,0.69270945,,-0.024138227,0.39852285,-0.36843255,-0.14851712,0.43120554,-0.88994634,-0.7479469,-0.63769823,-0.18416403,-0.64692974,0.6382811,0.41722795,,1.1284457275816853,0.3419008298076675,0.20455585829000003,0.7345438720262888,-0.022681658961063115,1.0251858442460355,-0.4016630586241928,,-0.894524148821425,-0.28926268253695325,0.19215165928000003,0.026630622822534592,0.18568900318123358,-0.6949889467588783,0.09326946176267353,,-0.048596511360217115,-0.07013605599139214,0.08219610256,-0.07424845330935166,,2.8010458e-05,-7.1525574e-07,0.0,1.0,-2.0056963e-05,-1.731515e-05,2.0060688e-05,1.0,-2.2053719e-06,1.733005e-05,2.2053719e-06,1.0,353,1.074,0,0,0.0,False,-0.25683957197909146,0.2667963723221458
1.0496092299872544,16:58:51.547155,16:58:37.771419,0,,0.11940585,0.0006830543,0.020214155,-0.94651765,-0.16277444,-0.27858362,-0.29280573,0.07065043,0.9535583,-0.13553284,0.9841306,-0.114533275,,0.056934442,-0.020307444,0.025933206,0.2362048,-0.37624982,0.8959036,-0.9309462,0.17660159,0.3196106,-0.27847138,-0.9095317,-0.30855423,,0.10669394,1.3421673,0.44153374,0.99560577,0.021055544,-0.09124565,-0.043556716,-0.75844836,-0.650276,-0.08289703,0.65139294,-0.7541985,,-0.089505225,0.2536331,-0.08855195,0.9455809,0.08822384,0.3131985,-0.28136775,0.7051416,0.65085137,-0.16342868,-0.7035566,0.6915918,,-0.024140703,0.39852393,-0.36843312,-0.14851584,0.43111938,-0.88998824,-0.7479477,-0.637715,-0.18410268,-0.6469291,0.63832253,0.41716555,,1.1279746408763576,0.34199350260215816,0.20440548865000002,0.7217527854737329,-0.02158856696293959,1.0249479309375886,-0.40133637049192417,,-0.8945395942871734,-0.28926268253695325,0.19215165928000003,0.026630622822534592,0.18568900318123358,-0.6950706254990189,0.0917993651674649,,-0.048596511360217115,-0.07013605599139214,0.08219610256,-0.07424845330935166,,2.8010458e-05,-7.1525574e-07,0.0,1.0,-2.0056963e-05,-1.731515e-05,2.0060688e-05,1.0,-2.2053719e-06,1.733005e-05,2.2053719e-06,1.0,365,1.111,0,0,0.0,False,-0.25737577144578117,0.2683413387470881
