camera_matrix:
- - 3005.4868608088805
  - 0.0
  - 606.5844174777936
- - 0.0
  - 2986.593479299695
  - 456.11675247036897
- - 0.0
  - 0.0
  - 1.0
dist_coeff:
- - -0.6317381960364798
  - 9.236035147694386
  - 0.01397980028330442
  - -0.009129933839069277
  - 0.3941926937794608
mean reprojection error:
- 0.03782749644008836
