Task Time,PC1 Time,PC2 Time,Gaze Calib,s_T_psm1,Tx,Ty,Tz,R00,R01,R02,R10,R11,R12,R20,R21,R22,s_T_psm3,Tx,Ty,Tz,R00,R01,R02,R10,R11,R12,R20,R21,R22,cart_T_ecm,Tx,Ty,Tz,R00,R01,R02,R10,R11,R12,R20,R21,R22,ecm_T_psm1,Tx,Ty,Tz,R00,R01,R02,R10,R11,R12,R20,R21,R22,ecm_T_psm3,Tx,Ty,Tz,R00,R01,R02,R10,R11,R12,R20,R21,R22,psm1_joints,q1,q2,q3,q4,q5,q6,jaw,psm3_joints,q1,q2,q3,q4,q5,q6,jaw,ecm_joints,q1,q2,q3,q4,ecmi_T_ecm,Tx,Ty,Tz,R00,R01,R02,R10,R11,R12,R20,R21,R22,Sample #,Task Duration (s),Collisions (binary),Collisions (increments),Cumulative Collision Time (s),Clutch Press,MTMR Angle,MTML Angle
""
lci_T_si,,,,,-0.06109692,0.03167272,0.2299341,0.9947057,-0.03862675,0.09522884,0.030706912,-0.772613,-0.63413423,0.098069586,0.63370115,-0.7673364
rci_T_si,,,,,-0.07092086,0.035947774,0.24085279,0.99028605,-0.05390731,0.12817007,0.04142117,-0.7655644,-0.64202446,0.13273226,0.64109683,-0.75589484
ecm_T_lc,,,,,-4.4061628e-05,-0.00034663224,-0.01840835,-0.99912,0.030754527,0.028518902,-0.031987965,-0.99852574,-0.043852776,0.027128186,-0.04472645,0.9986309
ecm_T_rc,,,,,-0.0043358393,0.01870579,-0.007592615,-0.99555075,-0.052743673,-0.078081585,0.04863213,-0.9973746,0.053654674,-0.08070653,0.04961868,0.9955021
cart_T_ecmi,,,,,0.09583431,1.3379636,0.44839177,0.99480253,-0.009780299,-0.10135232,-0.07187082,-0.7725409,-0.63088435,-0.07212858,0.6348896,-0.7692286
ecmac_T_ecmrep_psm1,,,,,0.006309411,-0.25313872,-0.31568977,0.99868697,0.047558498,0.019040095,-0.047043137,0.9985371,-0.026657216,-0.020280018,0.025726508,0.99946326
ecmac_T_ecmrep_psm3,,,,,-0.020520164,-0.44355312,-0.56256753,0.99888426,-0.027940953,0.03807337,0.020709034,0.9837047,0.17859514,-0.04244307,-0.17760742,0.9831857
""
0,12:11:50.968207,12:10:50.632840,0,,0.13341144,0.0057486743,0.018855557,-0.9702469,-0.21295208,0.11520509,0.09497397,0.10294002,0.99014294,-0.22271225,0.97162455,-0.07965234,,0.029239558,-0.060897727,0.060682714,-0.23833956,-0.4217911,0.8748064,-0.8096889,0.5836976,0.060833514,-0.5362815,-0.69382215,-0.48063782,,0.0958225,1.337965,0.44839248,0.9948022,-0.0097837215,-0.10135511,-0.07187523,-0.7725409,-0.6308839,-0.07212858,0.6348896,-0.7692286,,-0.09459374,0.2437235,-0.08971362,0.990388,0.12846829,-0.051259518,-0.056230593,0.71254504,0.6993695,0.12637152,-0.6897648,0.7129199,,0.016151385,0.3961634,-0.425736,0.30795765,0.5023033,-0.8079935,-0.8921397,-0.14258352,-0.42866856,-0.33052817,0.85285485,0.404215,,0.9294386241457939,0.337274912816007,0.17297953018,1.0383846001353645,0.14852387524503374,0.9441428675952026,-0.40705341280662366,,-1.267470364783475,-0.33766104945971825,0.14813613233,0.663458981185035,0.44106262124284173,-0.49989938995339367,0.8766676029426768,,-0.03805254101660637,-0.09251335866352443,0.09127582152,-0.07163176773016745,,-1.1906028e-05,-5.364418e-07,-3.5762787e-07,1.0,-3.4086406e-06,-2.8163195e-06,3.4049153e-06,0.99999994,-3.2782555e-07,2.8088689e-06,3.874302e-07,0.9999999,37,0.112,1,1,0.088,False,-0.25624379479388093,1.05105995378367
0.13818921498022974,12:11:51.005861,12:10:50.632840,0,,0.1332243,0.0058446378,0.01949741,-0.9615892,-0.2476711,0.118343666,0.09623061,0.099603385,0.99036294,-0.2570717,0.9637104,-0.07194391,,0.029242396,-0.060901497,0.060685575,-0.23833898,-0.42190546,0.8747514,-0.8096967,0.58367956,0.06090337,-0.53627014,-0.6937678,-0.48072904,,0.0958225,1.337965,0.44839248,0.9948022,-0.0097837215,-0.10135511,-0.07187523,-0.7725409,-0.6308839,-0.07212858,0.6348896,-0.7692286,,-0.0944611,0.24421623,-0.09015616,0.9850012,0.1635222,-0.05507401,-0.07772296,0.7054468,0.70448846,0.15405129,-0.6896415,0.7075753,,0.016148234,0.39616302,-0.4257405,0.30795568,0.50241005,-0.80792785,-0.89213556,-0.14254028,-0.42869157,-0.33054122,0.8527992,0.40432176,,0.933052863130931,0.3379545133089388,0.17250768062000002,1.0199318851087265,0.182409727186863,0.9457522164488112,-0.4080334772034294,,-1.2674935329820975,-0.33769194039121514,0.14813483604000002,0.663458981185035,0.44106262124284173,-0.4997360324731125,0.8763409148104081,,-0.03805254101660637,-0.09251335866352443,0.09127582152,-0.07163176773016745,,-1.1906028e-05,-5.364418e-07,-3.5762787e-07,1.0,-3.4086406e-06,-2.8163195e-06,3.4049153e-06,0.99999994,-3.2782555e-07,2.8088689e-06,3.874302e-07,0.9999999,49,0.15,1,1,0.126,False,-0.25600548391979716,1.0511565141852286
0.1758361660176888,12:11:51.034159,12:10:50.632840,0,,0.13316289,0.0059123933,0.019971356,-0.9530416,-0.27782485,0.12051947,0.0981534,0.09310603,0.99080634,-0.2864917,0.9561089,-0.06146437,,0.029253416,-0.060901973,0.06068927,-0.23831357,-0.42176294,0.8748271,-0.80968696,0.58369976,0.060838968,-0.536296,-0.6938375,-0.48059955,,0.0958225,1.337965,0.44839248,0.9948022,-0.0097837215,-0.10135511,-0.07187523,-0.7725409,-0.6308839,-0.07212858,0.6348896,-0.7692286,,-0.09443967,0.24457644,-0.09047674,0.97930884,0.19383007,-0.0581727,-0.09550046,0.696072,0.7115922,0.17842035,-0.691313,0.70018035,,0.016136833,0.39616454,-0.42574236,0.30793366,0.50227726,-0.8080188,-0.8921525,-0.14259706,-0.42863736,-0.33051592,0.8528679,0.4041975,,0.9354546330548149,0.3385028273430087,0.17217971925000003,1.0048342091778406,0.2115133016369018,0.9508527982310919,-0.4108103263277122,,-1.2675784830437142,-0.3377073858569636,0.14813613233,0.663458981185035,0.44106262124284173,-0.499817711213253,0.8761775707442738,,-0.03805254101660637,-0.09251335866352443,0.09127582152,-0.07163176773016745,,-1.1906028e-05,-5.364418e-07,-3.5762787e-07,1.0,-3.4086406e-06,-2.8163195e-06,3.4049153e-06,0.99999994,-3.2782555e-07,2.8088689e-06,3.874302e-07,0.9999999,66,0.202,1,1,0.178,False,-0.25719703829021734,1.0514461953899055
0.20407700794748962,12:11:51.084680,12:10:50.632840,0,,0.13305666,0.0059738457,0.020732954,-0.9387236,-0.32205498,0.12279439,0.10043713,0.085208654,0.99128795,-0.32971233,0.94287837,-0.04764113,,0.02925048,-0.060898665,0.06068784,-0.23816359,-0.42197224,0.874767,-0.8097724,0.58356106,0.06103143,-0.5362336,-0.6938268,-0.48068452,,0.0958225,1.337965,0.44839248,0.9948022,-0.0097837215,-0.10135511,-0.07187523,-0.7725409,-0.6308839,-0.07212858,0.6348896,-0.7692286,,-0.0944004,0.24511933,-0.09102341,0.9691651,0.23856929,-0.061674282,-0.12205794,0.68221235,0.720894,0.21405813,-0.6911375,0.6902957,,0.01613991,0.39616573,-0.42573908,0.30777752,0.5024843,-0.80794954,-0.8921713,-0.1426523,-0.42857978,-0.33061048,0.85273665,0.40439695,,0.9389916447112097,0.3392133187674374,0.17163527745,0.9815586254510585,0.2544171625632501,0.9558901591392912,-0.4101569500631752,,-1.2675630375779656,-0.3376842176583409,0.14813613233,0.6632492912415505,0.44106262124284173,-0.4997360324731125,0.8763409148104081,,-0.03805254101660637,-0.09251335866352443,0.09127582152,-0.07163176773016745,,-1.1906028e-05,-5.364418e-07,-3.5762787e-07,1.0,-3.4086406e-06,-2.8163195e-06,3.4049153e-06,0.99999994,-3.2782555e-07,2.8088689e-06,3.874302e-07,0.9999999,74,0.226,1,1,0.202,False,-0.2580907040680329,1.0515427557914643
0.2546404550084844,12:11:51.119671,12:10:50.778337,0,,0.13285358,0.006053053,0.021116033,-0.9320889,-0.34074074,0.1229064,0.10039778,0.08299437,0.99147975,-0.34803808,0.9364866,-0.043148458,,0.029251553,-0.060899604,0.060688317,-0.23816279,-0.422035,0.8747369,-0.809774,0.58355457,0.061072648,-0.53623164,-0.6937941,-0.48073405,,0.0958225,1.337965,0.44839248,0.9948022,-0.0097837215,-0.10135511,-0.07187523,-0.7725409,-0.6308839,-0.07212858,0.6348896,-0.7692286,,-0.09422913,0.24543162,-0.09128304,0.9642466,0.2576071,-0.062186625,-0.1340941,0.67668957,0.7239544,0.22857685,-0.68973166,0.6870392,,0.016138785,0.39616546,-0.42574003,0.30777648,0.50254256,-0.8079137,-0.8921708,-0.14262421,-0.42859024,-0.3306129,0.852707,0.40445745,,0.9416019284226975,0.3394141098221672,0.17137083429000002,0.9700256785594097,0.2731363630311155,0.9558181519990261,-0.41375051951812947,,-1.26757076031084,-0.33769194039121514,0.14813613233,0.6632492912415505,0.44106262124284173,-0.49965435373297196,0.8765042588765424,,-0.03805254101660637,-0.09251335866352443,0.09127582152,-0.07163176773016745,,-1.1906028e-05,-5.364418e-07,-3.5762787e-07,1.0,-3.4086406e-06,-2.8163195e-06,3.4049153e-06,0.99999994,-3.2782555e-07,2.8088689e-06,3.874302e-07,0.9999999,95,0.292,1,1,0.268,False,-0.2580907040680329,1.0511565141852286
0.28965022205375135,12:11:51.172119,12:10:50.778337,0,,0.13227148,0.006299019,0.021432832,-0.930867,-0.34701598,0.11430818,0.09458572,0.07331073,0.9928137,-0.3529022,0.9349893,-0.035419732,,0.029253028,-0.060900304,0.060690463,-0.23815934,-0.42202047,0.8747449,-0.8097741,0.5835551,0.061065733,-0.5362329,-0.6938025,-0.4807204,,0.0958225,1.337965,0.44839248,0.9948022,-0.0097837215,-0.10135511,-0.07187523,-0.7725409,-0.6308839,-0.07212858,0.6348896,-0.7692286,,-0.09366555,0.24583398,-0.09142508,0.96314913,0.26343566,-0.054271463,-0.1416919,0.66845757,0.73012865,0.22862011,-0.695533,0.68115103,,0.016137062,0.39616653,-0.4257418,0.30777323,0.50252914,-0.8079233,-0.8921723,-0.14263201,-0.42858458,-0.33061197,0.85271364,0.40444425,,0.946119727154119,0.3394836144180352,0.17118157595000003,0.9599605612721526,0.2779186405229059,0.9613932592259566,-0.4108103263277124,,-1.2675862057765883,-0.33769966312408933,0.14813483604000002,0.6632492912415505,0.44106262124284173,-0.49965435373297196,0.8765042588765424,,-0.03805254101660637,-0.09251335866352443,0.09127582152,-0.07163176773016745,,-1.1906028e-05,-5.364418e-07,-3.5762787e-07,1.0,-3.4086406e-06,-2.8163195e-06,3.4049153e-06,0.99999994,-3.2782555e-07,2.8088689e-06,3.874302e-07,0.9999999,103,0.318,1,1,0.294,False,-0.2588652144088064,1.0513496349883464
0.3420672779902816,12:11:51.201210,12:10:50.778337,0,,0.13211434,0.006397292,0.021454528,-0.9307624,-0.34974506,0.10658121,0.08705465,0.07113281,0.9936607,-0.35510927,0.9341403,-0.03576073,,0.02925419,-0.06089804,0.06068951,-0.23815301,-0.42201978,0.8747469,-0.80976665,0.5835642,0.061077386,-0.53624696,-0.69379526,-0.48071516,,0.0958225,1.337965,0.44839248,0.9948022,-0.0097837215,-0.10135511,-0.07187523,-0.7725409,-0.6308839,-0.07212858,0.6348896,-0.7692286,,-0.09350576,0.24592541,-0.09139461,0.9628217,0.26610357,-0.04651029,-0.1488536,0.6662955,0.73067975,0.22542608,-0.69659114,0.6811343,,0.016136013,0.39616707,-0.42573935,0.30776867,0.50252753,-0.80792606,-0.89217937,-0.14262083,-0.42857355,-0.33059707,0.8527165,0.40445045,,0.9471854642907619,0.33946044621941257,0.17119583514000003,0.9515729635327714,0.2766889120250169,0.9610891605169753,-0.4114637025922492,,-1.2675939285094626,-0.3376842176583409,0.14813613233,0.6632492912415505,0.44106262124284173,-0.49965435373297196,0.8765042588765424,,-0.03805254101660637,-0.09251335866352443,0.09127582152,-0.07163176773016745,,-1.1906028e-05,-5.364418e-07,-3.5762787e-07,1.0,-3.4086406e-06,-2.8163195e-06,3.4049153e-06,0.99999994,-3.2782555e-07,2.8088689e-06,3.874302e-07,0.9999999,116,0.357,1,1,0.333,False,-0.2583885926606384,1.0512047943860081
0.3711879289476201,12:11:51.241786,12:10:50.892345,0,,0.1321148,0.0064186454,0.021435916,-0.92903847,-0.3564064,0.0993073,0.07813157,0.07336575,0.9942398,-0.36163914,0.9314459,-0.040312976,,0.029251024,-0.060899545,0.06068951,-0.23816279,-0.422035,0.8747369,-0.809774,0.58355457,0.061072648,-0.53623164,-0.6937941,-0.48073405,,0.0958225,1.337965,0.44839248,0.9948022,-0.0097837215,-0.10135511,-0.07187523,-0.7725409,-0.6308839,-0.07212858,0.6348896,-0.7692286,,-0.093503304,0.24592957,-0.091366686,0.9612019,0.2730994,-0.038828664,-0.15990692,0.66635525,0.72828597,0.22476813,-0.6938209,0.6841724,,0.016139163,0.39616647,-0.42574075,0.30777648,0.50254256,-0.8079137,-0.8921708,-0.14262421,-0.42859024,-0.3306129,0.852707,0.40445745,,0.9471700188250134,0.33932143702767653,0.17122564981000002,0.9400400166411228,0.2779186405229059,0.9564108560773823,-0.41064698226157814,,-1.26757076031084,-0.33769194039121514,0.14813483604000002,0.6632492912415505,0.44106262124284173,-0.49965435373297196,0.8765042588765424,,-0.03805254101660637,-0.09251335866352443,0.09127582152,-0.07163176773016745,,-1.1906028e-05,-5.364418e-07,-3.5762787e-07,1.0,-3.4086406e-06,-2.8163195e-06,3.4049153e-06,0.99999994,-3.2782555e-07,2.8088689e-06,3.874302e-07,0.9999999,133,0.411,1,1,0.387,False,-0.2589843698458485,1.0505288715750958
0.41175243095494807,12:11:51.291691,12:10:50.892345,0,,0.13215928,0.0063528046,0.02135843,-0.9278771,-0.3622833,0.08828753,0.06669298,0.07171252,0.9951931,-0.36687315,0.92930496,-0.042378604,,0.029252633,-0.0609005,0.060688853,-0.23816201,-0.42188352,0.8748102,-0.8097756,0.583563,0.060970873,-0.53622955,-0.6938791,-0.48061353,,0.0958225,1.337965,0.44839248,0.9948022,-0.0097837215,-0.10135511,-0.07187523,-0.7725409,-0.6308839,-0.07212858,0.6348896,-0.7692286,,-0.093544155,0.24582845,-0.09134604,0.9598805,0.2790449,-0.027629746,-0.1720227,0.6638058,0.72785306,0.22144447,-0.693899,0.6851763,,0.016137658,0.3961652,-0.425741,0.30777544,0.50240284,-0.80800104,-0.89217025,-0.14270113,-0.42856574,-0.33061534,0.85277647,0.404309,,0.9464363592019621,0.33882718212372614,0.17125805706000002,0.9274586200320513,0.2762790025257206,0.9557875811583659,-0.41130035852611524,,-1.2675784830437142,-0.33769966312408933,0.14813613233,0.6632492912415505,0.44106262124284173,-0.49981771121325314,0.8763409148104082,,-0.03805254101660637,-0.09251335866352443,0.09127582152,-0.07163176773016745,,-1.1906028e-05,-5.364418e-07,-3.5762787e-07,1.0,-3.4086406e-06,-2.8163195e-06,3.4049153e-06,0.99999994,-3.2782555e-07,2.8088689e-06,3.874302e-07,0.9999999,141,0.435,1,1,0.411,False,-0.25952056931253775,1.0508668329805522
0.46167228394187987,12:11:51.314096,12:10:50.892345,0,,0.13217893,0.006330125,0.021327153,-0.92767924,-0.3635882,0.084939145,0.06294918,0.07193181,0.9954211,-0.36803317,0.92877823,-0.043841988,,0.02925063,-0.060899768,0.06068796,-0.23816547,-0.4218267,0.8748367,-0.8097754,0.5835675,0.060930043,-0.5362283,-0.6939099,-0.48057055,,0.0958225,1.337965,0.44839248,0.9948022,-0.0097837215,-0.10135511,-0.07187523,-0.7725409,-0.6308839,-0.07212858,0.6348896,-0.7692286,,-0.093562104,0.24579059,-0.091335006,0.95957845,0.2804029,-0.024153799,-0.17562611,0.6636523,0.7271321,0.21991968,-0.69349825,0.6860725,,0.016139759,0.3961651,-0.42573997,0.30777872,0.50235033,-0.80803245,-0.8921688,-0.14272834,-0.42855975,-0.33061627,0.85280293,0.40425253,,0.9461351726198673,0.33868045019911586,0.17127231625000003,0.9236842010493298,0.27518591052759706,0.9548819921048448,-0.4113003585261149,,-1.2675630375779656,-0.33769194039121514,0.14813613233,0.6632492912415505,0.44106262124284173,-0.49989938995339367,0.8763409148104082,,-0.03805254101660637,-0.09251335866352443,0.09127582152,-0.07163176773016745,,-1.1906028e-05,-5.364418e-07,-3.5762787e-07,1.0,-3.4086406e-06,-2.8163195e-06,3.4049153e-06,0.99999994,-3.2782555e-07,2.8088689e-06,3.874302e-07,0.9999999,154,0.476,1,1,0.452,False,-0.2583290149421176,1.051397915189126
0.4840606820071116,12:11:51.352398,12:10:50.892345,0,,0.1321457,0.0063405633,0.021306723,-0.9275064,-0.36613417,0.07534966,0.05319436,0.07024333,0.9961105,-0.37000287,0.9279069,-0.04567477,,0.029252484,-0.06089941,0.060688794,-0.23816016,-0.42195764,0.874775,-0.8097725,0.5835616,0.061024517,-0.536235,-0.69383526,-0.48067087,,0.0958225,1.337965,0.44839248,0.9948022,-0.0097837215,-0.10135511,-0.07187523,-0.7725409,-0.6308839,-0.07212858,0.6348896,-0.7692286,,-0.09352661,0.2457858,-0.09131636,0.95903563,0.28291848,-0.014413109,-0.18432601,0.6618449,0.7266259,0.21511516,-0.6942035,0.6868821,,0.01613781,0.3961658,-0.4257401,0.30777428,0.5024709,-0.80795914,-0.8921728,-0.1426601,-0.42857412,-0.33060956,0.85274327,0.40438375,,0.9460811134897478,0.3385646092060025,0.17128398286000002,0.9140384636490416,0.271769998033461,0.9542369326113518,-0.4116270466583839,,-1.2675784830437142,-0.33769194039121514,0.14813613233,0.6632492912415505,0.44106262124284173,-0.4997360324731125,0.8763409148104081,,-0.03805254101660637,-0.09251335866352443,0.09127582152,-0.07163176773016745,,-1.1906028e-05,-5.364418e-07,-3.5762787e-07,1.0,-3.4086406e-06,-2.8163195e-06,3.4049153e-06,0.99999994,-3.2782555e-07,2.8088689e-06,3.874302e-07,0.9999999,162,0.501,1,1,0.477,False,-0.2589843698458485,1.05105995378367
0.5222957270452753,12:11:51.378350,12:10:50.892345,0,,0.13209514,0.00637725,0.021305129,-0.92744404,-0.36733598,0.070083804,0.04838734,0.067956686,0.99651414,-0.37081814,0.9276022,-0.045251578,,0.029253416,-0.060899306,0.06068921,-0.2381575,-0.42202306,0.8747441,-0.80977106,0.5835587,0.061071813,-0.5362383,-0.69379795,-0.480721,,0.0958225,1.337965,0.44839248,0.9948022,-0.0097837215,-0.10135511,-0.07187523,-0.7725409,-0.6308839,-0.07212858,0.6348896,-0.7692286,,-0.09347411,0.2458135,-0.09129681,0.95877665,0.28401196,-0.009193865,-0.18851191,0.6599281,0.7272951,0.2126278,-0.6955804,0.68626326,,0.016136834,0.39616612,-0.42574018,0.30777207,0.5025312,-0.8079225,-0.89217484,-0.14262597,-0.4285813,-0.3306062,0.85271347,0.40444937,,0.9463514091403457,0.3385723319388767,0.17129564947,0.9092155949488976,0.2701303600362758,0.955165553755006,-0.41179039072451795,,-1.2675862057765883,-0.33769194039121514,0.14813613233,0.6632492912415505,0.44106262124284173,-0.49965435373297196,0.8765042588765424,,-0.03805254101660637,-0.09251335866352443,0.09127582152,-0.07163176773016745,,-1.1906028e-05,-5.364418e-07,-3.5762787e-07,1.0,-3.4086406e-06,-2.8163195e-06,3.4049153e-06,0.99999994,-3.2782555e-07,2.8088689e-06,3.874302e-07,0.9999999,175,0.542,1,1,0.518,False,-0.2586269035347226,1.0509151131813312
0.5482579639647156,12:11:51.423752,12:10:51.055546,0,,0.13183525,0.006538093,0.021307632,-0.9274942,-0.36941954,0.05730284,0.03602293,0.064252436,0.9972833,-0.37209776,0.9270385,-0.046286106,,0.029251702,-0.060900647,0.060688436,-0.23816463,-0.42203242,0.8747377,-0.809777,0.58355105,0.061066568,-0.53622633,-0.69379866,-0.4807334,,0.0958225,1.337965,0.44839248,0.9948022,-0.0097837215,-0.10135511,-0.07187523,-0.7725409,-0.6308839,-0.07212858,0.6348896,-0.7692286,,-0.09320686,0.24594177,-0.0912223,0.95824486,0.2859257,0.003651079,-0.19874468,0.65677977,0.72742075,0.20559031,-0.6977728,0.686182,,0.016138634,0.39616486,-0.42574093,0.30777764,0.5025405,-0.80791456,-0.8921683,-0.14263025,-0.42859352,-0.33061868,0.8527072,0.40445232,,0.947980905776807,0.3385337182745056,0.17134231591000001,0.8968438882833106,0.2658946285435471,0.9549439654632699,-0.412280422922921,,-1.26757076031084,-0.33769966312408933,0.14813613233,0.6632492912415505,0.44106262124284173,-0.49965435373297196,0.8765042588765424,,-0.03805254101660637,-0.09251335866352443,0.09127582152,-0.07163176773016745,,-1.1906028e-05,-5.364418e-07,-3.5762787e-07,1.0,-3.4086406e-06,-2.8163195e-06,3.4049153e-06,0.99999994,-3.2782555e-07,2.8088689e-06,3.874302e-07,0.9999999,183,0.567,1,1,0.543,False,-0.2586269035347226,1.0510116735828905
0.5937279510544613,12:11:51.452638,12:10:51.055546,0,,0.13168572,0.0066188276,0.021300986,-0.92789084,-0.36909348,0.052806873,0.031587176,0.06330395,0.9974943,-0.37151146,0.9272336,-0.047080547,,0.029249847,-0.06090099,0.0606876,-0.23816994,-0.42190146,0.87479943,-0.8097798,0.58355695,0.060972095,-0.53621954,-0.69387335,-0.48063308,,0.0958225,1.337965,0.44839248,0.9948022,-0.0097837215,-0.10135511,-0.07187523,-0.7725409,-0.6308839,-0.07212858,0.6348896,-0.7692286,,-0.093053035,0.24600133,-0.091180965,0.9583346,0.28552997,0.008205645,-0.20173083,0.6561797,0.7271401,0.20223594,-0.69849896,0.68644,,0.016140582,0.39616418,-0.4257408,0.30778208,0.50241995,-0.80798787,-0.89216423,-0.1426985,-0.42857915,-0.33062539,0.8527669,0.4043211,,0.9489153564545881,0.3384642136786376,0.17137083429000002,0.8928597793571047,0.2637084445473001,0.9544396471984767,-0.41162704665838346,,-1.2675553148450915,-0.33769966312408933,0.14813613233,0.6632492912415505,0.44106262124284173,-0.49981771121325314,0.8765042588765425,,-0.03805254101660637,-0.09251335866352443,0.09127582152,-0.07163176773016745,,-1.1906028e-05,-5.364418e-07,-3.5762787e-07,1.0,-3.4086406e-06,-2.8163195e-06,3.4049153e-06,0.99999994,-3.2782555e-07,2.8088689e-06,3.874302e-07,0.9999999,196,0.607,1,1,0.583,False,-0.2589247921273281,1.0507702725789931
0.6225633879657835,12:11:51.485580,12:10:51.055546,0,,0.13143706,0.0067657605,0.021291912,-0.9280366,-0.36983532,0.044383485,0.02351939,0.06073618,0.9978767,-0.3717457,0.9271097,-0.047667086,,0.029251553,-0.060899604,0.060688317,-0.23816279,-0.42189214,0.87480587,-0.809774,0.5835646,0.06097731,-0.53623164,-0.6938726,-0.48062074,,0.0958225,1.337965,0.44839248,0.9948022,-0.0097837215,-0.10135511,-0.07187523,-0.7725409,-0.6308839,-0.07212858,0.6348896,-0.7692286,,-0.09279668,0.24611132,-0.09110553,0.95804495,0.2861337,0.016655428,-0.2080159,0.6541589,0.72719014,0.19717832,-0.7001454,0.686234,,0.016138785,0.39616546,-0.42574003,0.30777648,0.5024106,-0.8079958,-0.8921708,-0.14269422,-0.42856693,-0.3306129,0.8527731,0.40431815,,0.9505294076253011,0.3383715408841469,0.17142527847000003,0.8848915615046928,0.2608390780522258,0.9542473822317442,-0.41179039072451806,,-1.26757076031084,-0.33769194039121514,0.14813613233,0.6632492912415505,0.44106262124284173,-0.49981771121325314,0.8765042588765425,,-0.03805254101660637,-0.09251335866352443,0.09127582152,-0.07163176773016745,,-1.1906028e-05,-5.364418e-07,-3.5762787e-07,1.0,-3.4086406e-06,-2.8163195e-06,3.4049153e-06,0.99999994,-3.2782555e-07,2.8088689e-06,3.874302e-07,0.9999999,213,0.661,1,1,0.637,False,-0.259580147031059,1.0510116735828905
0.6555634289979935,12:11:51.544731,12:10:51.189993,0,,0.13125202,0.006866038,0.021313727,-0.928418,-0.3696525,0.0373744,0.016581953,0.059267998,0.99810433,-0.3711669,0.9272776,-0.048895866,,0.029253416,-0.060899306,0.06068921,-0.2381575,-0.42195165,0.87477857,-0.80977106,0.5835636,0.0610241,-0.5362383,-0.6938372,-0.48066434,,0.0958225,1.337965,0.44839248,0.9948022,-0.0097837215,-0.10135511,-0.07187523,-0.7725409,-0.6308839,-0.07212858,0.6348896,-0.7692286,,-0.09260906,0.24620481,-0.09107682,0.95797896,0.28585362,0.023749255,-0.21290965,0.6531483,0.726682,0.19221291,-0.7012025,0.6865633,,0.016136834,0.39616612,-0.42574018,0.30777207,0.5024652,-0.80796355,-0.89217484,-0.14266099,-0.42856964,-0.3306062,0.8527465,0.40437973,,0.9516800948235605,0.33838698634989534,0.17143435250000003,0.878600863200157,0.2574231655580898,0.9535206439981105,-0.4119537347906522,,-1.2675862057765883,-0.33769194039121514,0.14813613233,0.6632492912415505,0.44106262124284173,-0.4997360324731125,0.8763409148104081,,-0.03805254101660637,-0.09251335866352443,0.09127582152,-0.07163176773016745,,-1.1906028e-05,-5.364418e-07,-3.5762787e-07,1.0,-3.4086406e-06,-2.8163195e-06,3.4049153e-06,0.99999994,-3.2782555e-07,2.8088689e-06,3.874302e-07,0.9999999,221,0.685,1,1,0.661,False,-0.2588652144088064,1.0506254319766548
0.7147156109567732,12:11:51.564718,12:10:51.189993,0,,0.1311817,0.0068824217,0.021312073,-0.92851216,-0.36976692,0.03372486,0.013081014,0.05819592,0.9982194,-0.3710712,0.9273,-0.049198627,,0.029251412,-0.060898516,0.060688257,-0.23816097,-0.42196622,0.87477064,-0.809771,0.58356315,0.061031014,-0.536237,-0.6938287,-0.48067802,,0.0958225,1.337965,0.44839248,0.9948022,-0.0097837215,-0.10135511,-0.07187523,-0.7725409,-0.6308839,-0.07212858,0.6348896,-0.7692286,,-0.092538066,0.24621737,-0.091072455,0.9578659,0.2859047,0.02741183,-0.21550837,0.65234935,0.7266336,0.18986589,-0.70192504,0.6864781,,0.016138935,0.39616606,-0.42573914,0.30777532,0.5024786,-0.80795395,-0.89217335,-0.14265318,-0.4285753,-0.33060715,0.8527399,0.4043929,,0.9520198950700264,0.338271145356782,0.17143435250000003,0.8754555140478892,0.25578352756090456,0.9537141564804998,-0.41130035852611524,,-1.26757076031084,-0.3376842176583409,0.14813613233,0.6632492912415505,0.44106262124284173,-0.4997360324731125,0.8763409148104081,,-0.03805254101660637,-0.09251335866352443,0.09127582152,-0.07163176773016745,,-1.1906028e-05,-5.364418e-07,-3.5762787e-07,1.0,-3.4086406e-06,-2.8163195e-06,3.4049153e-06,0.99999994,-3.2782555e-07,2.8088689e-06,3.874302e-07,0.9999999,234,0.726,0,1,0.687,False,-0.2596993024681016,1.0503840309727575
0.7346667980309576,12:11:51.610788,12:10:51.189993,0,,0.13112175,0.0068725944,0.021295264,-0.92810035,-0.37126747,0.028109662,0.007189624,0.05761224,0.99831307,-0.37226063,0.9267367,-0.05080065,,0.02925206,-0.0609016,0.060688674,-0.23846668,-0.42173097,0.8748008,-0.8095952,0.5838344,0.06076771,-0.5363666,-0.6937435,-0.48065647,,0.0958225,1.337965,0.44839248,0.9948022,-0.0097837215,-0.10135511,-0.07187523,-0.7725409,-0.6308839,-0.07212858,0.6348896,-0.7692286,,-0.092477486,0.24619998,-0.09107251,0.9572324,0.28741512,0.033146515,-0.22076763,0.6515648,0.7257582,0.18699679,-0.702037,0.6871509,,0.016138257,0.3961644,-0.42574176,0.30809394,0.5022331,-0.8079852,-0.8921358,-0.14244415,-0.42872295,-0.3304116,0.85291946,0.40417397,,0.9521743497275109,0.3380008497061841,0.17143435250000003,0.8695841956303225,0.2540072530639538,0.952957263244758,-0.41179039072451795,,-1.2675630375779656,-0.33769966312408933,0.14813613233,0.6636686711285196,0.44106262124284173,-0.4997360324731125,0.8760142266781397,,-0.03805254101660637,-0.09251335866352443,0.09127582152,-0.07163176773016745,,-1.1906028e-05,-5.364418e-07,-3.5762787e-07,1.0,-3.4086406e-06,-2.8163195e-06,3.4049153e-06,0.99999994,-3.2782555e-07,2.8088689e-06,3.874302e-07,0.9999999,242,0.751,0,1,0.687,False,-0.2586269035347226,1.0512530745867876
0.7807507310062647,12:11:51.629647,12:10:51.189993,0,,0.13111131,0.006875232,0.021299064,-0.92668295,-0.37511018,0.023472998,0.002175957,0.057098478,0.9983661,-0.3758375,0.9252198,-0.05209592,,0.029253133,-0.060902525,0.06068915,-0.23846585,-0.42172238,0.87480515,-0.8095968,0.5838329,0.060761213,-0.5363645,-0.69375,-0.48064935,,0.0958225,1.337965,0.44839248,0.9948022,-0.0097837215,-0.10135511,-0.07187523,-0.7725409,-0.6308839,-0.07212858,0.6348896,-0.7692286,,-0.09246729,0.24620461,-0.091074765,0.9558677,0.29134548,0.037877936,-0.22692591,0.65025324,0.7250347,0.18660533,-0.7016328,0.6876699,,0.016137132,0.39616412,-0.42574272,0.30809286,0.5022254,-0.8079904,-0.89213526,-0.14245106,-0.42872176,-0.33041403,0.85292286,0.40416482,,0.952212963391882,0.3379004541788192,0.17143305621000002,0.8630838073823023,0.254690435562781,0.9519101012854326,-0.41244376698905516,,-1.26757076031084,-0.3377073858569636,0.14813613233,0.6636686711285196,0.44106262124284173,-0.4997360324731125,0.8760142266781397,,-0.03805254101660637,-0.09251335866352443,0.09127582152,-0.07163176773016745,,-1.1906028e-05,-5.364418e-07,-3.5762787e-07,1.0,-3.4086406e-06,-2.8163195e-06,3.4049153e-06,0.99999994,-3.2782555e-07,2.8088689e-06,3.874302e-07,0.9999999,255,0.792,0,1,0.687,False,-0.25963972474957986,1.0508185527797727
0.7995434800395742,12:11:51.675381,12:10:51.307751,0,,0.13113242,0.0068680122,0.021322593,-0.92227167,-0.38608283,0.018837452,-0.0044681653,0.059378117,0.99822545,-0.38651624,0.9205508,-0.05648777,,0.029253267,-0.060898203,0.06068915,-0.23815566,-0.42195427,0.8747778,-0.8097681,0.58356714,0.06103015,-0.5362436,-0.69383264,-0.480665,,0.0958225,1.337965,0.44839248,0.9948022,-0.0097837215,-0.10135511,-0.07187523,-0.7725409,-0.6308839,-0.07212858,0.6348896,-0.7692286,,-0.092490844,0.24621405,-0.091094956,0.9520854,0.30281118,0.042881165,-0.23898394,0.6491383,0.72215384,0.19084045,-0.69780004,0.6904021,,0.016136987,0.39616674,-0.4257393,0.30777088,0.5024672,-0.8079627,-0.89217734,-0.14265496,-0.42856637,-0.33060044,0.8527463,0.40438482,,0.9522592997891274,0.3376456039939698,0.17142527847000003,0.8509217906601998,0.2611123510517567,0.9466734598117008,-0.41244376698905516,,-1.2675862057765883,-0.3376842176583409,0.14813613233,0.6632492912415505,0.44106262124284173,-0.4997360324731126,0.8766676029426768,,-0.03805254101660637,-0.09251335866352443,0.09127582152,-0.07163176773016745,,-1.1906028e-05,-5.364418e-07,-3.5762787e-07,1.0,-3.4086406e-06,-2.8163195e-06,3.4049153e-06,0.99999994,-3.2782555e-07,2.8088689e-06,3.874302e-07,0.9999999,263,0.816,0,1,0.687,False,-0.2586269035347226,1.0510116735828905
0.8453631190350279,12:11:51.697573,12:10:51.307751,0,,0.13125566,0.0068326965,0.02136369,-0.9166128,-0.39956024,0.013128489,-0.012440428,0.061331958,0.99803996,-0.39958227,0.91465276,-0.06118828,,0.029265128,-0.060905017,0.06069863,-0.23815133,-0.4219528,0.8747796,-0.8097757,0.5835572,0.061026126,-0.5362343,-0.69384193,-0.48066217,,0.095805995,1.3379645,0.44838881,0.9948015,-0.009790742,-0.10136084,-0.07188427,-0.7725408,-0.630883,-0.07212858,0.6348896,-0.7692286,,-0.092601836,0.24621412,-0.09114024,0.94720584,0.31686187,0.048986327,-0.25362894,0.6470166,0.71905625,0.19614655,-0.69351864,0.69322324,,0.016140504,0.39617008,-0.42575476,0.30775732,0.5024709,-0.8079656,-0.8921774,-0.14267151,-0.42856082,-0.33061302,0.85274136,0.40438497,,0.9526531591657128,0.33739075380912037,0.1714084267,0.8360338046727986,0.26972045053697946,0.9403892405400911,-0.41179039072451795,,-1.2675784830437142,-0.3376842176583409,0.14813613233,0.6632492912415505,0.44106262124284173,-0.4997360324731126,0.8766676029426768,,-0.03805254101660637,-0.09251335866352443,0.09127582152,-0.07163176773016745,,-2.8017908e-05,-2.2649765e-06,4.529953e-06,0.99999994,-1.0397285e-05,-8.579344e-06,1.0397285e-05,1.0,-9.536743e-07,8.579344e-06,1.013279e-06,0.99999994,276,0.857,0,1,0.687,False,-0.2589843698458485,1.0505771517758753
0.8675118739483878,12:11:51.735198,12:10:51.307751,0,,0.13112631,0.006899193,0.021510825,-0.9069657,-0.4211624,0.0059392974,-0.023446232,0.06455991,0.99763834,-0.42055118,0.9046844,-0.06842822,,0.029263817,-0.060906164,0.060699403,-0.23815583,-0.42202762,0.8747423,-0.8097801,0.58354664,0.061068177,-0.5362256,-0.69380534,-0.4807247,,0.095805995,1.3379645,0.44838881,0.9948015,-0.009790742,-0.10136084,-0.07188427,-0.7725408,-0.630883,-0.07212858,0.6348896,-0.7692286,,-0.09248298,0.24636234,-0.09122208,0.93891466,0.33943462,0.05677465,-0.2757707,0.6433592,0.7141705,0.20588769,-0.68620193,0.6976655,,0.016141705,0.39617014,-0.42575628,0.30776072,0.5025406,-0.807921,-0.8921728,-0.14264165,-0.42858022,-0.33062214,0.8527053,0.40445355,,0.9540973102131928,0.3369582807681638,0.17134231591000001,0.8127582209460165,0.2840672830123507,0.9301605779744972,-0.41195373479065245,,-1.26757076031084,-0.33769194039121514,0.14813483604000002,0.6632492912415505,0.44106262124284173,-0.49965435373297196,0.8761775707442739,,-0.03805254101660637,-0.09251335866352443,0.09127582152,-0.07163176773016745,,-2.8017908e-05,-2.2649765e-06,4.529953e-06,0.99999994,-1.0397285e-05,-8.579344e-06,1.0397285e-05,1.0,-9.536743e-07,8.579344e-06,1.013279e-06,0.99999994,284,0.882,0,1,0.687,False,-0.26005676877922745,1.0508668329805522
0.9051798259606585,12:11:51.768837,12:10:51.307751,0,,0.13091388,0.0069587305,0.021702304,-0.9004494,-0.43493512,0.004697211,-0.027175978,0.067034215,0.9973805,-0.4341107,0.897963,-0.0721806,,0.029263817,-0.060906164,0.060699403,-0.23815583,-0.42195618,0.8747768,-0.8097801,0.58355165,0.061020553,-0.5362256,-0.69384456,-0.480668,,0.095805995,1.3379645,0.44838881,0.9948015,-0.009790742,-0.10136084,-0.07188427,-0.7725408,-0.630883,-0.07212858,0.6348896,-0.7692286,,-0.09228596,0.24653545,-0.09135078,0.93346834,0.3538833,0.05833889,-0.28751737,0.6411063,0.7115592,0.21440747,-0.6809914,0.7002,,0.016141705,0.39617014,-0.42575628,0.30776072,0.5024746,-0.807962,-0.8921728,-0.14267665,-0.42856857,-0.33062214,0.8527383,0.4043839,,0.9561206662262397,0.3365644213915784,0.17121787207000003,0.7993380645630069,0.29663784099077123,0.9226872079992054,-0.41195373479065245,,-1.26757076031084,-0.33769194039121514,0.14813483604000002,0.6632492912415505,0.44106262124284173,-0.4997360324731125,0.8760142266781397,,-0.03805254101660637,-0.09251335866352443,0.09127582152,-0.07163176773016745,,-2.8017908e-05,-2.2649765e-06,4.529953e-06,0.99999994,-1.0397285e-05,-8.579344e-06,1.0397285e-05,1.0,-9.536743e-07,8.579344e-06,1.013279e-06,0.99999994,297,0.923,0,1,0.687,False,-0.2589247921273281,1.0512530745867876
0.938793753972277,12:11:51.807311,12:10:51.463135,0,,0.13061452,0.0070527494,0.021932468,-0.8934135,-0.4492339,0.0010456517,-0.03241405,0.06678456,0.9972408,-0.44806415,0.8909143,-0.07422772,,0.029264592,-0.060904957,0.0606997,-0.23815133,-0.42202428,0.8747452,-0.8097757,0.5835522,0.06107384,-0.5362343,-0.6938027,-0.4807188,,0.095805995,1.3379645,0.44838881,0.9948015,-0.009790742,-0.10136084,-0.07188427,-0.7725408,-0.630883,-0.07212858,0.6348896,-0.7692286,,-0.09200412,0.24676134,-0.09149561,0.92745626,0.36873084,0.06214896,-0.30067545,0.6365783,0.7101847,0.22230433,-0.6773519,0.7012669,,0.016140884,0.3961711,-0.42575547,0.30775732,0.5025369,-0.80792457,-0.8921774,-0.1426365,-0.42857248,-0.33061302,0.85270834,0.40445462,,0.9586228316774884,0.3361628392821187,0.17108046533000001,0.7850791484060592,0.3083885799705991,0.9171075265482009,-0.41195373479065234,,-1.2675784830437142,-0.3376842176583409,0.14813483604000002,0.6632492912415505,0.44106262124284173,-0.49965435373297196,0.8761775707442739,,-0.03805254101660637,-0.09251335866352443,0.09127582152,-0.07163176773016745,,-2.8017908e-05,-2.2649765e-06,4.529953e-06,0.99999994,-1.0397285e-05,-8.579344e-06,1.0397285e-05,1.0,-9.536743e-07,8.579344e-06,1.013279e-06,0.99999994,305,0.947,0,1,0.687,False,-0.25963972474957986,1.0505771517758753
0.9772914920467883,12:11:51.828460,12:10:51.463135,0,,0.13030685,0.0071808547,0.0221854,-0.8844744,-0.46658617,-0.0014793724,-0.037017137,0.06700951,0.9970654,-0.4651178,0.88193357,-0.076539725,,0.029265903,-0.060903795,0.060698867,-0.23814681,-0.42194945,0.8747825,-0.8097713,0.58356273,0.06103179,-0.53624296,-0.6938393,-0.4806563,,0.095805995,1.3379645,0.44838881,0.9948015,-0.009790742,-0.10136084,-0.07188427,-0.7725408,-0.630883,-0.07212858,0.6348896,-0.7692286,,-0.09171419,0.24702805,-0.091636464,0.9198721,0.38681817,0.06486131,-0.3153947,0.6312076,0.7085924,0.23315546,-0.6722713,0.70263064,,0.01613968,0.396171,-0.42575392,0.30775392,0.5024672,-0.80796915,-0.89218193,-0.14266635,-0.42855307,-0.3306039,0.8527444,0.40438604,,0.9614570746423288,0.33578442537128167,0.17094824375,0.7683039529272973,0.32396514094385925,0.9097150036359452,-0.4119537347906522,,-1.2675862057765883,-0.3376764949254667,0.14813613233,0.6632492912415505,0.44106262124284173,-0.4997360324731126,0.8766676029426768,,-0.03805254101660637,-0.09251335866352443,0.09127582152,-0.07163176773016745,,-2.8017908e-05,-2.2649765e-06,4.529953e-06,0.99999994,-1.0397285e-05,-8.579344e-06,1.0397285e-05,1.0,-9.536743e-07,8.579344e-06,1.013279e-06,0.99999994,318,0.988,0,1,0.687,False,-0.26053339052739544,1.05105995378367
0.9984442370478064,12:11:51.867701,12:10:51.463135,0,,0.12998429,0.007322699,0.022470862,-0.8735798,-0.48664713,-0.005721353,-0.0420952,0.06384286,0.99707174,-0.48485678,0.8712625,-0.07625729,,0.029266581,-0.060904883,0.060697794,-0.23814866,-0.42194682,0.8747832,-0.8097743,0.5835593,0.06102574,-0.5362376,-0.69384384,-0.48065564,,0.095805995,1.3379645,0.44838881,0.9948015,-0.009790742,-0.10136084,-0.07188427,-0.7725408,-0.630883,-0.07212858,0.6348896,-0.7692286,,-0.09141163,0.24732658,-0.09179459,0.9105632,0.40756154,0.06905309,-0.33225083,0.62220544,0.708851,0.24593522,-0.66839653,0.70197004,,0.016139152,0.3961694,-0.4257541,0.3077551,0.5024652,-0.80797,-0.89217937,-0.14267239,-0.42855635,-0.33060965,0.8527446,0.40438095,,0.964492108661899,0.3353751205289478,0.17080435556,0.7488027881832365,0.34200115891289745,0.9042375379839012,-0.4134238313858609,,-1.2675862057765883,-0.3376842176583409,0.14813742862,0.6632492912415505,0.44106262124284173,-0.4997360324731126,0.8766676029426768,,-0.03805254101660637,-0.09251335866352443,0.09127582152,-0.07163176773016745,,-2.8017908e-05,-2.2649765e-06,4.529953e-06,0.99999994,-1.0397285e-05,-8.579344e-06,1.0397285e-05,1.0,-9.536743e-07,8.579344e-06,1.013279e-06,0.99999994,331,1.029,0,1,0.687,False,-0.2586269035347226,1.0507702725789931
1.0376780499937013,12:11:51.912015,12:10:51.463135,0,,0.12949082,0.0075372458,0.022944197,-0.8531123,-0.52160984,-0.011056744,-0.04704462,0.055802464,0.99733293,-0.5196017,0.8513571,-0.07214457,,0.029263802,-0.060905375,0.060696483,-0.23815663,-0.42196476,0.87477237,-0.8097786,0.58355314,0.06102699,-0.5362276,-0.693838,-0.4806752,,0.095805995,1.3379645,0.44838881,0.9948015,-0.009790742,-0.10136084,-0.07188427,-0.7725408,-0.630883,-0.07212858,0.6348896,-0.7692286,,-0.09095231,0.2478052,-0.09206574,0.8931198,0.44369096,0.073995225,-0.35890898,0.6037499,0.7118079,0.27114812,-0.6622873,0.69846565,,0.016142074,0.39616838,-0.4257539,0.30776176,0.5024823,-0.8079568,-0.89217335,-0.14266974,-0.42856976,-0.33061972,0.8527349,0.40439305,,0.9693188167082893,0.3345410653785315,0.1705788011,0.7171396067170732,0.3758870108547267,0.8972706191227509,-0.41260711105518943,,-1.2675630375779656,-0.3376842176583409,0.14813742862,0.6632492912415505,0.44106262124284173,-0.4997360324731125,0.8763409148104081,,-0.03805254101660637,-0.09251335866352443,0.09127582152,-0.07163176773016745,,-2.8017908e-05,-2.2649765e-06,4.529953e-06,0.99999994,-1.0397285e-05,-8.579344e-06,1.0397285e-05,1.0,-9.536743e-07,8.579344e-06,1.013279e-06,0.99999994,340,1.058,0,1,0.687,False,-0.2593418361569748,1.0512047943860081
1.0819834159919992,12:11:51.939353,12:10:51.603349,0,,0.12920724,0.0076101124,0.023191705,-0.84409034,-0.53609514,-0.010639273,-0.047331125,0.05472976,0.9973788,-0.5341076,0.84238136,-0.071570724,,0.029264726,-0.060905226,0.06069696,-0.23815395,-0.42203027,0.87474155,-0.80977714,0.5835502,0.061074257,-0.536231,-0.69380075,-0.48072535,,0.095805995,1.3379645,0.44838881,0.9948015,-0.009790742,-0.10136084,-0.07188427,-0.7725408,-0.630883,-0.07212858,0.6348896,-0.7692286,,-0.09068893,0.24802598,-0.092235684,0.88546383,0.4588541,0.073530175,-0.36869308,0.59734803,0.7122084,0.28287664,-0.6577448,0.6981064,,0.0161411,0.3961687,-0.42575398,0.30775952,0.5025426,-0.80792016,-0.8921754,-0.14263561,-0.42857695,-0.33061635,0.8527051,0.40445867,,0.9718364276252865,0.3339695831458389,0.17043620920000002,0.7047679000514864,0.39160020832775233,0.8918903255504536,-0.41113701445998085,,-1.26757076031084,-0.3376842176583409,0.14813742862,0.6632492912415505,0.44106262124284173,-0.49965435373297196,0.8761775707442739,,-0.03805254101660637,-0.09251335866352443,0.09127582152,-0.07163176773016745,,-2.8017908e-05,-2.2649765e-06,4.529953e-06,0.99999994,-1.0397285e-05,-8.579344e-06,1.0397285e-05,1.0,-9.536743e-07,8.579344e-06,1.013279e-06,0.99999994,353,1.099,0,1,0.687,False,-0.26017592421626956,1.0507702725789931
1.10931533400435,12:11:51.979906,12:10:51.603349,0,,0.12888661,0.0076552033,0.023353174,-0.838917,-0.54415643,-0.0105761215,-0.047513455,0.053865075,0.9974172,-0.54218125,0.83725274,-0.071043044,,0.029267512,-0.06090478,0.06069821,-0.238146,-0.42208377,0.8747179,-0.80977285,0.5835512,0.06112066,-0.53624094,-0.6937673,-0.48076248,,0.095805995,1.3379645,0.44838881,0.9948015,-0.009790742,-0.10136084,-0.07188427,-0.7725408,-0.630883,-0.07212858,0.6348896,-0.7692286,,-0.09038241,0.24817042,-0.09236256,0.8810503,0.46728972,0.07342119,-0.3741586,0.5934951,0.71257913,0.28940576,-0.65528923,0.6977395,,0.016138176,0.39616972,-0.4257542,0.30775288,0.5025915,-0.80789226,-0.8921814,-0.14260326,-0.4285752,-0.3306063,0.8526817,0.40451622,,0.9742227520834219,0.3332050325912907,0.17033120971000001,0.6972190620860435,0.40130139981109864,0.8885536638358791,-0.4127704551213236,,-1.2675939285094626,-0.3376842176583409,0.14813742862,0.6632492912415505,0.44106262124284173,-0.4995726749928314,0.8763409148104082,,-0.03805254101660637,-0.09251335866352443,0.09127582152,-0.07163176773016745,,-2.8017908e-05,-2.2649765e-06,4.529953e-06,0.99999994,-1.0397285e-05,-8.579344e-06,1.0397285e-05,1.0,-9.536743e-07,8.579344e-06,1.013279e-06,0.99999994,362,1.128,0,1,0.687,False,-0.2596993024681016,1.0512047943860081
