Task Time,PC1 Time,PC2 Time,Gaze Calib,s_T_psm1,Tx,Ty,Tz,R00,R01,R02,R10,R11,R12,R20,R21,R22,s_T_psm3,Tx,Ty,Tz,R00,R01,R02,R10,R11,R12,R20,R21,R22,cart_T_ecm,Tx,Ty,Tz,R00,R01,R02,R10,R11,R12,R20,R21,R22,ecm_T_psm1,Tx,Ty,Tz,R00,R01,R02,R10,R11,R12,R20,R21,R22,ecm_T_psm3,Tx,Ty,Tz,R00,R01,R02,R10,R11,R12,R20,R21,R22,psm1_joints,q1,q2,q3,q4,q5,q6,jaw,psm3_joints,q1,q2,q3,q4,q5,q6,jaw,ecm_joints,q1,q2,q3,q4,ecmi_T_ecm,Tx,Ty,Tz,R00,R01,R02,R10,R11,R12,R20,R21,R22,Sample #,Task Duration (s),Collisions (binary),Collisions (increments),Cumulative Collision Time (s),Clutch Press,MTMR Angle,MTML Angle
""
lci_T_si,,,,,-0.06109692,0.03167272,0.2299341,0.9947057,-0.03862675,0.09522884,0.030706912,-0.772613,-0.63413423,0.098069586,0.63370115,-0.7673364
rci_T_si,,,,,-0.07092086,0.035947774,0.24085279,0.99028605,-0.05390731,0.12817007,0.04142117,-0.7655644,-0.64202446,0.13273226,0.64109683,-0.75589484
ecm_T_lc,,,,,-4.4061628e-05,-0.00034663224,-0.01840835,-0.99912,0.030754527,0.028518902,-0.031987965,-0.99852574,-0.043852776,0.027128186,-0.04472645,0.9986309
ecm_T_rc,,,,,-0.0043358393,0.01870579,-0.007592615,-0.99555075,-0.052743673,-0.078081585,0.04863213,-0.9973746,0.053654674,-0.08070653,0.04961868,0.9955021
cart_T_ecmi,,,,,0.09583431,1.3379636,0.44839177,0.99480253,-0.009780299,-0.10135232,-0.07187082,-0.7725409,-0.63088435,-0.07212858,0.6348896,-0.7692286
ecmac_T_ecmrep_psm1,,,,,0.006309411,-0.25313872,-0.31568977,0.99868697,0.047558498,0.019040095,-0.047043137,0.9985371,-0.026657216,-0.020280018,0.025726508,0.99946326
ecmac_T_ecmrep_psm3,,,,,-0.020520164,-0.44355312,-0.56256753,0.99888426,-0.027940953,0.03807337,0.020709034,0.9837047,0.17859514,-0.04244307,-0.17760742,0.9831857
""
0,12:07:48.905170,12:06:48.528503,0,,0.1348605,0.007942729,0.026591688,-0.5734626,-0.70885426,-0.41068998,-0.63082075,0.062230825,0.77342904,-0.5226908,0.70260435,-0.48284698,,-0.030697472,-0.059932273,0.059915483,0.7455895,0.25452077,-0.6158857,0.3347174,-0.9421854,0.01584056,-0.5762469,-0.21795812,-0.7876761,,0.09582997,1.3379637,0.44838947,0.99480164,-0.0097900145,-0.101360254,-0.07188333,-0.7725408,-0.6308831,-0.07212858,0.6348896,-0.7692286,,-0.09662615,0.25039122,-0.09398398,0.5823735,0.6438451,0.49629086,-0.80950963,0.5151859,0.28156286,-0.07439918,-0.565727,0.8212294,,0.0756987,0.40228167,-0.42886436,-0.669269,-0.22020406,0.70964015,-0.32244912,-0.77437615,-0.544397,0.6694069,-0.5931709,0.44726136,,0.9312766345698594,0.3765836231458098,0.16782159227000001,0.1239267565993539,0.03634530893760716,0.6866853886494827,-0.41064698226157814,,-0.8885081399124041,-0.2088072514532823,0.1365771144,4.537690377005107,0.6528491958792744,-0.2833162651729272,0.8753608504136025,,-0.03807872095538629,-0.09291914771461311,0.09128653716,-0.07097759633537142,,-4.157424e-06,-1.3709068e-06,2.1457672e-06,1.0,-9.674579e-06,-7.990748e-06,9.670854e-06,0.99999994,-8.6426735e-07,7.979572e-06,9.23872e-07,1.0,36,0.107,0,0,0.0,False,-0.25779281547542787,1.0496598279610654
0.12543972698040307,12:07:48.933324,12:06:48.528503,0,,0.13482288,0.008083314,0.026418924,-0.5717975,-0.70848644,-0.4136358,-0.63306975,0.060367435,0.77173734,-0.5217952,0.70313764,-0.48303926,,-0.030699424,-0.059926357,0.059915423,0.74572325,0.25412488,-0.6158872,0.33443266,-0.9422815,0.01613453,-0.5762391,-0.21800464,-0.78766894,,0.09582997,1.3379637,0.44838947,0.99480164,-0.0097900145,-0.101360254,-0.07188333,-0.7725408,-0.6308831,-0.07212858,0.6348896,-0.7692286,,-0.09656495,0.2503866,-0.09376659,0.58050877,0.6433252,0.4991415,-0.81066626,0.5141089,0.28020042,-0.076353125,-0.56729597,0.81996673,,0.075700626,0.40228546,-0.42885977,-0.6694012,-0.21980491,0.7096392,-0.32263124,-0.77443105,-0.54421103,0.6691869,-0.5932473,0.44748914,,0.9317013848779417,0.37663768227592936,0.16803677641,0.1214104772775396,0.03456903444065643,0.6880521426573956,-0.4108103263277123,,-0.8885081399124041,-0.2087763605217854,0.1365771144,4.538109756892076,0.6528491958792744,-0.2833162651729272,0.8753608504136025,,-0.03807872095538629,-0.09291914771461311,0.09128653716,-0.07097759633537142,,-4.157424e-06,-1.3709068e-06,2.1457672e-06,1.0,-9.674579e-06,-7.990748e-06,9.670854e-06,0.99999994,-8.6426735e-07,7.979572e-06,9.23872e-07,1.0,48,0.144,0,0,0.0,False,-0.2584481703791588,1.049514987358727
0.15359127195551991,12:07:48.973553,12:06:48.605272,0,,0.1347267,0.008281462,0.02616319,-0.57000554,-0.7066688,-0.41918126,-0.6366956,0.05742511,0.76897395,-0.51933825,0.7052102,-0.48266554,,-0.030705221,-0.059931006,0.059915423,0.7456938,0.25412446,-0.61592305,0.3344193,-0.9422868,0.01609981,-0.57628495,-0.217982,-0.7876417,,0.09582997,1.3379637,0.44838947,0.99480164,-0.0097900145,-0.101360254,-0.07188333,-0.7725408,-0.6308831,-0.07212858,0.6348896,-0.7692286,,-0.09643468,0.2503729,-0.09345553,0.578297,0.64116174,0.50446427,-0.81185853,0.5131865,0.2784336,-0.08036331,-0.57057095,0.8173069,,0.07570639,0.40228322,-0.42886388,-0.6693662,-0.21980734,0.7096715,-0.32267234,-0.77441657,-0.5442073,0.6692021,-0.5932653,0.4474425,,0.9325277172954838,0.3766145140773067,0.16834529343000001,0.11826512812527173,0.03087984894698954,0.6912237835374802,-0.4114637025922495,,-0.8884540807822845,-0.20879952872040808,0.1365771144,4.538109756892076,0.6528491958792744,-0.2833162651729272,0.8753608504136025,,-0.03807872095538629,-0.09291914771461311,0.09128653716,-0.07097759633537142,,-4.157424e-06,-1.3709068e-06,2.1457672e-06,1.0,-9.674579e-06,-7.990748e-06,9.670854e-06,0.99999994,-8.6426735e-07,7.979572e-06,9.23872e-07,1.0,59,0.177,0,0,0.0,False,-0.2586269035347226,1.0496115477602863
0.19379747798666358,12:07:49.005763,12:06:48.605272,0,,0.13467887,0.008479483,0.025964394,-0.5665863,-0.7075319,-0.42234877,-0.6395802,0.054446906,0.76679385,-0.5195354,0.70458066,-0.48337227,,-0.030717365,-0.05993427,0.059915423,0.74563235,0.254123,-0.61599815,0.33441973,-0.9422872,0.016067058,-0.5763643,-0.21798193,-0.7875836,,0.09582997,1.3379637,0.44838947,0.99480164,-0.0097900145,-0.101360254,-0.07188333,-0.7725408,-0.6308831,-0.07212858,0.6348896,-0.7692286,,-0.096357726,0.2503952,-0.093182415,0.5747527,0.6419092,0.5075548,-0.81423694,0.5105273,0.27636948,-0.0817165,-0.572114,0.81609315,,0.075718455,0.40228248,-0.42886737,-0.66929525,-0.21980588,0.70973885,-0.32272792,-0.7744166,-0.5441742,0.66924626,-0.5932658,0.44737586,,0.9331532586582959,0.37676896873479115,0.16861232917000002,0.1136519493686122,0.029786756948866018,0.6921151267670514,-0.4114637025922495,,-0.8883536852549195,-0.20879952872040808,0.1365771144,4.538109756892076,0.6528491958792744,-0.2833162651729272,0.8753608504136025,,-0.03807872095538629,-0.09291914771461311,0.09128653716,-0.07097759633537142,,-4.157424e-06,-1.3709068e-06,2.1457672e-06,1.0,-9.674579e-06,-7.990748e-06,9.670854e-06,0.99999994,-8.6426735e-07,7.979572e-06,9.23872e-07,1.0,67,0.201,0,0,0.0,False,-0.25826943722359585,1.0496115477602863
0.22601953602861613,12:07:49.027953,12:06:48.605272,0,,0.1346189,0.008631147,0.025842786,-0.56488764,-0.7073581,-0.4249076,-0.6414048,0.052440017,0.76540834,-0.51913553,0.7049073,-0.48332554,,-0.030726857,-0.059935834,0.05991286,0.7455838,0.25407138,-0.61607826,0.33442464,-0.94228446,0.016124576,-0.57642424,-0.21805379,-0.7875198,,0.09582997,1.3379637,0.44838947,0.99480164,-0.0097900145,-0.101360254,-0.07188333,-0.7725408,-0.6308831,-0.07212858,0.6348896,-0.7692286,,-0.09627837,0.2504326,-0.09299884,0.5729241,0.641593,0.51001614,-0.81539315,0.5092103,0.27538863,-0.08301805,-0.5736404,0.8148894,,0.07572821,0.40228048,-0.42886773,-0.6692396,-0.21974571,0.70981,-0.32276696,-0.774466,-0.5440808,0.66928315,-0.59322363,0.4473766,,0.9338019682197308,0.3769388688580241,0.16878862461000002,0.1111356700467979,0.028557028450977053,0.6931995666404598,-0.4116270466583838,,-0.8882764579261774,-0.20879180598753386,0.13657970698000002,4.538109756892076,0.6528491958792744,-0.2833979439130677,0.8751975063474682,,-0.03807872095538629,-0.09291914771461311,0.09128653716,-0.07097759633537142,,-4.157424e-06,-1.3709068e-06,2.1457672e-06,1.0,-9.674579e-06,-7.990748e-06,9.670854e-06,0.99999994,-8.6426735e-07,7.979572e-06,9.23872e-07,1.0,75,0.226,0,0,0.0,False,-0.2580907040680329,1.049370146756389
0.24821054900530726,12:07:49.048374,12:06:48.605272,0,,0.13456678,0.008754037,0.025710106,-0.5610307,-0.7087626,-0.42766815,-0.6443625,0.049592167,0.7631104,-0.5196551,0.7037016,-0.4845227,,-0.030725978,-0.059935596,0.05991423,0.7455884,0.25407153,-0.6160724,0.33442461,-0.94228446,0.01612711,-0.57641816,-0.21805382,-0.78752434,,0.09582997,1.3379637,0.44838947,0.99480164,-0.0097900145,-0.101360254,-0.07188333,-0.7725408,-0.6308831,-0.07212858,0.6348896,-0.7692286,,-0.09620746,0.2504408,-0.09282471,0.56896996,0.64293885,0.5127405,-0.81804377,0.50628513,0.27290982,-0.08412858,-0.57472163,0.8140131,,0.075727165,0.40228155,-0.42886826,-0.669245,-0.21974583,0.70980483,-0.32276267,-0.774466,-0.54408336,0.66927975,-0.5932236,0.44738176,,0.9343039458565554,0.3769388688580241,0.16895973489000002,0.10610311140316933,0.02787384595214985,0.6935932986786608,-0.4109736703938466,,-0.8882841806590516,-0.20879180598753386,0.13657841069,4.538109756892076,0.6528491958792744,-0.2833979439130677,0.8751975063474682,,-0.03807872095538629,-0.09291914771461311,0.09128653716,-0.07097759633537142,,-4.157424e-06,-1.3709068e-06,2.1457672e-06,1.0,-9.674579e-06,-7.990748e-06,9.670854e-06,0.99999994,-8.6426735e-07,7.979572e-06,9.23872e-07,1.0,82,0.247,0,0,0.0,False,-0.25773323775690704,1.0494667071579475
0.26864183600991964,12:07:49.077689,12:06:48.605272,0,,0.13450602,0.0089364275,0.025481462,-0.5593646,-0.7097071,-0.4282839,-0.6455377,0.04884842,0.7621646,-0.51999253,0.7028012,-0.48546678,,-0.030726276,-0.059934627,0.059915483,0.7455873,0.25407138,-0.6160739,0.3344291,-0.9422828,0.016132742,-0.5764171,-0.2180613,-0.78752303,,0.09582997,1.3379637,0.44838947,0.99480164,-0.0097900145,-0.101360254,-0.07188333,-0.7725408,-0.6308831,-0.07212858,0.6348896,-0.7692286,,-0.09611576,0.2504321,-0.09254055,0.567278,0.6439183,0.5133857,-0.8191842,0.50515074,0.27158794,-0.08445672,-0.57462335,0.8140486,,0.0757273,0.4022832,-0.4288683,-0.669244,-0.21974476,0.70980614,-0.32275894,-0.7744708,-0.5440787,0.66928256,-0.5932177,0.44738534,,0.9349294872193676,0.3768307505977849,0.16924232611,0.10379652202483955,0.02787384595214985,0.6926948325371146,-0.4114637025922494,,-0.8882841806590516,-0.2087840832546596,0.1365771144,4.538109756892076,0.6528491958792744,-0.2833979439130677,0.8751975063474682,,-0.03807872095538629,-0.09291914771461311,0.09128653716,-0.07097759633537142,,-4.157424e-06,-1.3709068e-06,2.1457672e-06,1.0,-9.674579e-06,-7.990748e-06,9.670854e-06,0.99999994,-8.6426735e-07,7.979572e-06,9.23872e-07,1.0,98,0.296,0,0,0.0,False,-0.2580311263495121,1.0493218665556094
0.29796024202369153,12:07:49.115351,12:06:48.747037,0,,0.13443765,0.009137474,0.025243804,-0.5564994,-0.71117485,-0.42957962,-0.6473731,0.04706803,0.76071846,-0.5207843,0.7014376,-0.48658884,,-0.0307279,-0.059936073,0.059915543,0.745579,0.2540713,-0.6160839,0.33442467,-0.94228446,0.016122013,-0.5764304,-0.21805385,-0.7875154,,0.09582997,1.3379637,0.44838947,0.99480164,-0.0097900145,-0.101360254,-0.07188333,-0.7725408,-0.6308831,-0.07212858,0.6348896,-0.7692286,,-0.096014656,0.25043187,-0.09223831,0.5643983,0.6454019,0.514695,-0.82114154,0.50293595,0.2697813,-0.084741235,-0.5749015,0.81382257,,0.07572891,0.40228248,-0.4288696,-0.6692341,-0.2197456,0.70981514,-0.32277122,-0.774466,-0.5440783,0.66928655,-0.59322363,0.44737148,,0.9356399786437962,0.37674580053616846,0.16954176910000002,0.10002210304211812,0.02801048245191529,0.6920116634524343,-0.4109736703938467,,-0.8882687351933031,-0.20879180598753386,0.1365771144,4.538109756892076,0.6528491958792744,-0.2833979439130677,0.8751975063474682,,-0.03807872095538629,-0.09291914771461311,0.09128653716,-0.07097759633537142,,-4.157424e-06,-1.3709068e-06,2.1457672e-06,1.0,-9.674579e-06,-7.990748e-06,9.670854e-06,0.99999994,-8.6426735e-07,7.979572e-06,9.23872e-07,1.0,102,0.308,0,0,0.0,False,-0.25773323775690704,1.0494667071579475
0.33560375100933015,12:07:49.136608,12:06:48.747037,0,,0.1344111,0.009221964,0.025099069,-0.55465275,-0.71128255,-0.4317841,-0.6493156,0.045484632,0.7591577,-0.52033603,0.7014329,-0.48707503,,-0.03073164,-0.059937116,0.059915543,0.74556005,0.25407085,-0.61610705,0.3344248,-0.9422847,0.01611194,-0.57645476,-0.21805382,-0.7874975,,0.09582997,1.3379637,0.44838947,0.99480164,-0.0097900145,-0.101360254,-0.07188333,-0.7725408,-0.6308831,-0.07212858,0.6348896,-0.7692286,,-0.09597021,0.2504026,-0.09207717,0.5624114,0.64541984,0.51684296,-0.82235837,0.50173056,0.26831535,-0.086139865,-0.57593375,0.8129454,,0.075732626,0.40228224,-0.42887068,-0.6692123,-0.21974516,0.7098359,-0.32278833,-0.77446604,-0.5440681,0.66930014,-0.5932238,0.44735098,,0.9358639378971487,0.37663768227592936,0.16970510164000002,0.09750582372030382,0.02691739045379177,0.6929030066820057,-0.4109736703938467,,-0.8882378442618062,-0.20879180598753386,0.1365771144,4.538109756892076,0.6528491958792744,-0.2833979439130677,0.8751975063474682,,-0.03807872095538629,-0.09291914771461311,0.09128653716,-0.07097759633537142,,-4.157424e-06,-1.3709068e-06,2.1457672e-06,1.0,-9.674579e-06,-7.990748e-06,9.670854e-06,0.99999994,-8.6426735e-07,7.979572e-06,9.23872e-07,1.0,121,0.365,0,0,0.0,False,-0.25767366003838577,1.0492253061540504
0.356821101042442,12:07:49.185652,12:06:48.747037,0,,0.13432491,0.009422533,0.024745062,-0.5520873,-0.7106961,-0.43601686,-0.652664,0.042931437,0.75643015,-0.51887304,0.70218784,-0.48754767,,-0.030745916,-0.059939947,0.059915543,0.74548787,0.254069,-0.6161952,0.33442986,-0.9422834,0.016079843,-0.57654524,-0.21806127,-0.7874292,,0.09582997,1.3379637,0.44838947,0.99480164,-0.0097900145,-0.101360254,-0.07188333,-0.7725408,-0.6308831,-0.07212858,0.6348896,-0.7692286,,-0.095840745,0.25032675,-0.09168929,0.55953753,0.6446232,0.5209402,-0.82399774,0.50026923,0.26600456,-0.08913765,-0.57809305,0.8110875,,0.07574679,0.40228197,-0.42887396,-0.6691293,-0.2197424,0.709915,-0.32284874,-0.7744709,-0.54402524,0.6693539,-0.5932184,0.44727764,,0.9365203701914578,0.3762669910979666,0.1700991738,0.09373140473758239,0.024594569957779283,0.6947971110448448,-0.4109736703938467,,-0.8881220032686928,-0.2087840832546596,0.1365771144,4.538109756892076,0.6528491958792744,-0.2833979439130677,0.8751975063474682,,-0.03807872095538629,-0.09291914771461311,0.09128653716,-0.07097759633537142,,-4.157424e-06,-1.3709068e-06,2.1457672e-06,1.0,-9.674579e-06,-7.990748e-06,9.670854e-06,0.99999994,-8.6426735e-07,7.979572e-06,9.23872e-07,1.0,125,0.378,0,0,0.0,False,-0.2580311263495121,1.049804668563404
0.40590744698420167,12:07:49.208932,12:06:48.747037,0,,0.13430047,0.009534679,0.024635613,-0.5521117,-0.7100344,-0.4370627,-0.65311,0.042446643,0.7560724,-0.51828545,0.7028864,-0.4871658,,-0.030749641,-0.05994093,0.059915543,0.74546885,0.25406855,-0.6162183,0.33442998,-0.9422835,0.0160698,-0.5765697,-0.21806127,-0.7874114,,0.09582997,1.3379637,0.44838947,0.99480164,-0.0097900145,-0.101360254,-0.07188333,-0.7725408,-0.6308831,-0.07212858,0.6348896,-0.7692286,,-0.09580007,0.2503414,-0.09153669,0.5594827,0.64387393,0.5219248,-0.8239551,0.500343,0.26599774,-0.08987243,-0.57886374,0.81045645,,0.0757505,0.40228176,-0.42887503,-0.66910744,-0.21974196,0.7099357,-0.32286584,-0.774471,-0.54401505,0.6693675,-0.5932185,0.44725713,,0.9368601704379237,0.3763828320910799,0.17024824715,0.09352171479409786,0.023774750959186637,0.6954656184670234,-0.4109736703938467,,-0.888091112337196,-0.2087840832546596,0.1365771144,4.538109756892076,0.6528491958792744,-0.2833979439130677,0.8751975063474682,,-0.03807872095538629,-0.09291914771461311,0.09128653716,-0.07097759633537142,,-4.157424e-06,-1.3709068e-06,2.1457672e-06,1.0,-9.674579e-06,-7.990748e-06,9.670854e-06,0.99999994,-8.6426735e-07,7.979572e-06,9.23872e-07,1.0,137,0.414,0,0,0.0,False,-0.25737577144578117,1.049370146756389
0.4291501010302454,12:07:49.238422,12:06:48.883096,0,,0.13425061,0.009672515,0.024556354,-0.5493643,-0.7100714,-0.44045132,-0.655782,0.03972122,0.7539047,-0.5178308,0.7030083,-0.4874735,,-0.030750565,-0.05994117,0.059915543,0.74546427,0.25406843,-0.61622405,0.33443,-0.9422835,0.016067296,-0.57657576,-0.21806133,-0.7874069,,0.09582997,1.3379637,0.44838947,0.99480164,-0.0097900145,-0.101360254,-0.07188333,-0.7725408,-0.6308831,-0.07212858,0.6348896,-0.7692286,,-0.095735446,0.2503956,-0.09139299,0.55655855,0.6437455,0.5251993,-0.82573754,0.49835008,0.26420578,-0.09165183,-0.58072275,0.80892587,,0.075751424,0.4022817,-0.4288753,-0.669102,-0.21974184,0.70994085,-0.3228701,-0.774471,-0.5440125,0.6693709,-0.5932185,0.447252,,0.9374470981363647,0.3766840186731747,0.17038306131000003,0.08974729581137643,0.021998476462235912,0.6969140512150769,-0.4109736703938467,,-0.8880833896043218,-0.2087840832546596,0.1365771144,4.538109756892076,0.6528491958792744,-0.2833979439130677,0.8751975063474682,,-0.03807872095538629,-0.09291914771461311,0.09128653716,-0.07097759633537142,,-4.157424e-06,-1.3709068e-06,2.1457672e-06,1.0,-9.674579e-06,-7.990748e-06,9.670854e-06,0.99999994,-8.6426735e-07,7.979572e-06,9.23872e-07,1.0,145,0.439,0,0,0.0,False,-0.25815028178655464,1.0499012289649627
0.4586650519631803,12:07:49.261465,12:06:48.883096,0,,0.13420811,0.009750567,0.024523288,-0.5493724,-0.7086707,-0.44269174,-0.65694064,0.03892669,0.7529367,-0.5163516,0.7044647,-0.4869398,,-0.030750819,-0.059940215,0.059915543,0.74546295,0.25406832,-0.6162256,0.33443454,-0.94228184,0.016072959,-0.5765747,-0.21806884,-0.78740555,,0.09582997,1.3379637,0.44838947,0.99480164,-0.0097900145,-0.101360254,-0.07188333,-0.7725408,-0.6308831,-0.07212858,0.6348896,-0.7692286,,-0.095685735,0.2504342,-0.09132204,0.55636543,0.6421744,0.527323,-0.8256583,0.49866802,0.26385325,-0.09351929,-0.5821874,0.8076583,,0.07575167,0.4022823,-0.42887455,-0.66910094,-0.21974076,0.7099422,-0.32286638,-0.7744758,-0.54400784,0.66937375,-0.5932126,0.44725558,,0.9378718484444472,0.3769079779265272,0.17044787581,0.08932791592440738,0.019948928965754308,0.6984219622902421,-0.4109736703938466,,-0.8880833896043218,-0.2087763605217854,0.1365771144,4.538109756892076,0.6528491958792744,-0.2833979439130677,0.8751975063474682,,-0.03807872095538629,-0.09291914771461311,0.09128653716,-0.07097759633537142,,-4.157424e-06,-1.3709068e-06,2.1457672e-06,1.0,-9.674579e-06,-7.990748e-06,9.670854e-06,0.99999994,-8.6426735e-07,7.979572e-06,9.23872e-07,1.0,153,0.464,0,0,0.0,False,-0.25785239319394915,1.0495632675595068
0.4816387790488079,12:07:49.289974,12:06:48.883096,0,,0.13416293,0.009831034,0.024518162,-0.54800755,-0.70930856,-0.44336113,-0.65800864,0.03830555,0.75203544,-0.51644194,0.7038564,-0.48772287,,-0.030757375,-0.059942003,0.059915543,0.74542975,0.2540675,-0.61626595,0.33443478,-0.9422821,0.016055346,-0.5766174,-0.2180689,-0.7873744,,0.09582997,1.3379637,0.44838947,0.99480164,-0.0097900145,-0.101360254,-0.07188333,-0.7725408,-0.6308831,-0.07212858,0.6348896,-0.7692286,,-0.0956358,0.2504928,-0.091270946,0.55495644,0.6428293,0.52800936,-0.82655185,0.49781138,0.26267067,-0.093996674,-0.58219784,0.8075954,,0.07575817,0.4022819,-0.42887646,-0.6690627,-0.21973997,0.70997846,-0.3228963,-0.7744759,-0.54399,0.66939753,-0.59321284,0.4472197,,0.9383583806155232,0.37713965991275394,0.17049065338000002,0.08744070643304665,0.019402382966692545,0.6978058102832003,-0.4108103263277123,,-0.8880293304742022,-0.2087763605217854,0.1365771144,4.538109756892076,0.6528491958792744,-0.2833979439130677,0.8751975063474682,,-0.03807872095538629,-0.09291914771461311,0.09128653716,-0.07097759633537142,,-4.157424e-06,-1.3709068e-06,2.1457672e-06,1.0,-9.674579e-06,-7.990748e-06,9.670854e-06,0.99999994,-8.6426735e-07,7.979572e-06,9.23872e-07,1.0,164,0.496,0,0,0.0,False,-0.25767366003838577,1.0495632675595068
0.5102224720176309,12:07:49.320459,12:06:48.883096,0,,0.13408723,0.009854518,0.024515346,-0.546131,-0.7081459,-0.44751567,-0.6613548,0.036597908,0.74917984,-0.51415044,0.7051168,-0.48832297,,-0.030763648,-0.059944745,0.059915543,0.7453979,0.25406685,-0.6163049,0.33443046,-0.942284,0.01603204,-0.5766611,-0.21806127,-0.78734434,,0.09582997,1.3379637,0.44838947,0.99480164,-0.0097900145,-0.101360254,-0.07188333,-0.7725408,-0.6308831,-0.07212858,0.6348896,-0.7692286,,-0.095558956,0.2505101,-0.09126168,0.5526916,0.6414613,0.53203326,-0.8276402,0.49731165,0.26017845,-0.09769191,-0.5841305,0.80575913,,0.07576442,0.4022809,-0.42887908,-0.66902554,-0.21974026,0.7100134,-0.32292995,-0.77447104,-0.54397684,0.66941845,-0.593219,0.4471802,,0.9388371900537252,0.37720916450862196,0.17049713483,0.08450504722426332,0.01584983397279109,0.6997225308976206,-0.4108103263277124,,-0.8879752713440826,-0.2087840832546596,0.1365771144,4.538109756892076,0.6528491958792744,-0.2833979439130677,0.8751975063474682,,-0.03807872095538629,-0.09291914771461311,0.09128653716,-0.07097759633537142,,-4.157424e-06,-1.3709068e-06,2.1457672e-06,1.0,-9.674579e-06,-7.990748e-06,9.670854e-06,0.99999994,-8.6426735e-07,7.979572e-06,9.23872e-07,1.0,172,0.521,0,0,0.0,False,-0.257435349164302,1.0499977893665218
0.5407087609637529,12:07:49.346712,12:06:48.883096,0,,0.13401863,0.009863578,0.02451539,-0.5454421,-0.7079446,-0.44867298,-0.66301394,0.036959857,0.74769413,-0.51274294,0.7053002,-0.4895365,,-0.030765079,-0.05994309,0.059915543,0.7453908,0.25406647,-0.6163138,0.33443958,-0.94228065,0.016040891,-0.57666516,-0.21807638,-0.7873372,,0.09582997,1.3379637,0.44838947,0.99480164,-0.0097900145,-0.101360254,-0.07188333,-0.7725408,-0.6308831,-0.07212858,0.6348896,-0.7692286,,-0.09549024,0.25051814,-0.09126313,0.55178386,0.64126474,0.5332111,-0.8279997,0.4977026,0.25828,-0.09975471,-0.5840134,0.8055913,,0.07576583,0.40228203,-0.42887786,-0.669018,-0.219738,0.71002126,-0.3229268,-0.77448076,-0.5439649,0.6694276,-0.5932072,0.44718224,,0.939246494896059,0.3771551053785024,0.17049454225000002,0.08324690756335616,0.013936922976074925,0.6992404130458565,-0.40999360599704093,,-0.8879675486112083,-0.20876863778891117,0.1365771144,4.538109756892076,0.6528491958792744,-0.2833979439130677,0.8751975063474682,,-0.03807872095538629,-0.09291914771461311,0.09128653716,-0.07097759633537142,,-4.157424e-06,-1.3709068e-06,2.1457672e-06,1.0,-9.674579e-06,-7.990748e-06,9.670854e-06,0.99999994,-8.6426735e-07,7.979572e-06,9.23872e-07,1.0,180,0.546,0,0,0.0,False,-0.25725661600873906,1.0497563883626244
0.5669846850214526,12:07:49.372617,12:06:48.883096,0,,0.13395241,0.009874813,0.024517283,-0.5455316,-0.70708674,-0.44991514,-0.66370016,0.0366835,0.7470987,-0.51175904,0.7061745,-0.4893055,,-0.030767463,-0.05994166,0.059915543,0.74537885,0.2540156,-0.61634916,0.3344487,-0.942276,0.016124249,-0.5766753,-0.21815571,-0.7873078,,0.09582997,1.3379637,0.44838947,0.99480164,-0.0097900145,-0.101360254,-0.07188333,-0.7725408,-0.6308831,-0.07212858,0.6348896,-0.7692286,,-0.09542394,0.25052902,-0.091264345,0.55174387,0.6403162,0.53439116,-0.8278814,0.49804574,0.25799778,-0.100951076,-0.58476114,0.8048995,,0.07576818,0.40228313,-0.4288769,-0.6690049,-0.21967764,0.71005225,-0.3229279,-0.7745349,-0.5438872,0.6694401,-0.5931589,0.4472276,,0.939655799738393,0.3770778780497601,0.17049194967,0.08303721761987165,0.012843830977951401,0.6998867200550061,-0.41048363819544376,,-0.8879521031454599,-0.20875319232316272,0.1365771144,4.538109756892076,0.6528491958792744,-0.28347962265320825,0.875034162281334,,-0.03807872095538629,-0.09291914771461311,0.09128653716,-0.07097759633537142,,-4.157424e-06,-1.3709068e-06,2.1457672e-06,1.0,-9.674579e-06,-7.990748e-06,9.670854e-06,0.99999994,-8.6426735e-07,7.979572e-06,9.23872e-07,1.0,188,0.57,0,0,0.0,False,-0.25737577144578117,1.0497563883626244
0.5928342490224168,12:07:49.398752,12:06:49.053019,0,,0.1339106,0.009911038,0.024534315,-0.54326427,-0.70994097,-0.4481604,-0.6634557,0.035915285,0.7473531,-0.51448065,0.7033447,-0.4905259,,-0.030769326,-0.059942167,0.059915543,0.74536926,0.2540154,-0.6163607,0.33444875,-0.942276,0.016119182,-0.5766875,-0.21815568,-0.7872989,,0.09582997,1.3379637,0.44838947,0.99480164,-0.0097900145,-0.101360254,-0.07188333,-0.7725408,-0.6308831,-0.07212858,0.6348896,-0.7692286,,-0.09538191,0.25056833,-0.09125821,0.549753,0.6433698,0.5327729,-0.8294999,0.49567193,0.25736988,-0.09849657,-0.5834249,0.8061723,,0.075770035,0.402283,-0.42887744,-0.66899395,-0.21967742,0.7100626,-0.32293645,-0.7745349,-0.54388213,0.6694469,-0.59315896,0.44721735,,0.94003421364923,0.37701609618676635,0.17049324596,0.08052093829805736,0.015576560973260212,0.6974133257606561,-0.41032029412930937,,-0.8879366576797114,-0.20875319232316272,0.1365771144,4.538109756892076,0.6528491958792744,-0.28347962265320825,0.875034162281334,,-0.03807872095538629,-0.09291914771461311,0.09128653716,-0.07097759633537142,,-4.157424e-06,-1.3709068e-06,2.1457672e-06,1.0,-9.674579e-06,-7.990748e-06,9.670854e-06,0.99999994,-8.6426735e-07,7.979572e-06,9.23872e-07,1.0,196,0.595,0,0,0.0,False,-0.25737577144578117,1.050046069567301
0.6190212309593335,12:07:49.421918,12:06:49.053019,0,,0.13386574,0.009948887,0.024547309,-0.54246837,-0.71153474,-0.44659415,-0.6627135,0.035753876,0.74801904,-0.516274,0.70174056,-0.49093902,,-0.030770235,-0.05994476,0.05991566,0.74522114,0.25441054,-0.6163769,0.33475167,-0.9421731,0.015842915,-0.5767033,-0.21813956,-0.78729177,,0.09582997,1.3379637,0.44838947,0.99480164,-0.0097900145,-0.101360254,-0.07188333,-0.7725408,-0.6308831,-0.07212858,0.6348896,-0.7692286,,-0.09533635,0.2506063,-0.09124833,0.5491681,0.6450922,0.5312913,-0.83011276,0.49453437,0.2575822,-0.09657756,-0.58248764,0.80708176,,0.07577094,0.40228155,-0.4288796,-0.66884655,-0.22007203,0.71007925,-0.32274795,-0.7744996,-0.54404426,0.669685,-0.59305876,0.4469936,,0.9404280730258154,0.3769774825223952,0.17049843112000002,0.07968217852411925,0.017626108469741816,0.6956603784650692,-0.4101569500631752,,-0.887921212213963,-0.20875319232316272,0.1365771144,4.537690377005107,0.6528491958792744,-0.28347962265320825,0.875034162281334,,-0.03807872095538629,-0.09291914771461311,0.09128653716,-0.07097759633537142,,-4.157424e-06,-1.3709068e-06,2.1457672e-06,1.0,-9.674579e-06,-7.990748e-06,9.670854e-06,0.99999994,-8.6426735e-07,7.979572e-06,9.23872e-07,1.0,207,0.627,0,0,0.0,False,-0.25719703829021734,1.0497563883626244
0.6421587660443038,12:07:49.451190,12:06:49.053019,0,,0.1337727,0.010006659,0.024538964,-0.543574,-0.71067667,-0.44661623,-0.66210043,0.036002338,0.7485498,-0.5158975,0.7025969,-0.49010924,,-0.030773975,-0.059945773,0.059915602,0.7452021,0.2544101,-0.6164,0.33475178,-0.94217324,0.015832871,-0.5767277,-0.21813953,-0.78727394,,0.09582997,1.3379637,0.44838947,0.99480164,-0.0097900145,-0.101360254,-0.07188333,-0.7725408,-0.6308831,-0.07212858,0.6348896,-0.7692286,,-0.09523982,0.25064635,-0.09121456,0.5502674,0.64417464,0.5312672,-0.8293838,0.49526498,0.25852484,-0.09658292,-0.5828822,0.8067962,,0.075774655,0.4022813,-0.42888066,-0.66882473,-0.22007157,0.7101,-0.32276505,-0.7744996,-0.54403406,0.6696986,-0.5930589,0.4469731,,0.9411231189844956,0.3769311461251499,0.17052694950000002,0.08073062824154187,0.017626108469741816,0.6956603784650692,-0.4101569500631752,,-0.8878903212824661,-0.20875319232316272,0.1365771144,4.537690377005107,0.6528491958792744,-0.28347962265320825,0.875034162281334,,-0.03807872095538629,-0.09291914771461311,0.09128653716,-0.07097759633537142,,-4.157424e-06,-1.3709068e-06,2.1457672e-06,1.0,-9.674579e-06,-7.990748e-06,9.670854e-06,0.99999994,-8.6426735e-07,7.979572e-06,9.23872e-07,1.0,215,0.652,0,0,0.0,False,-0.2566012611050077,1.0494667071579475
0.6714587479364127,12:07:49.479321,12:06:49.053019,0,,0.13370039,0.010102652,0.024497733,-0.5446814,-0.710742,-0.44516048,-0.66060656,0.036611527,0.74983907,-0.5166441,0.7024992,-0.48946244,,-0.030784942,-0.05994978,0.05991566,0.7451466,0.2544089,-0.61646765,0.3347477,-0.9421753,0.01579693,-0.57680196,-0.21813211,-0.78722167,,0.09582997,1.3379637,0.44838947,0.99480164,-0.0097900145,-0.101360254,-0.07188333,-0.7725408,-0.6308831,-0.07212858,0.6348896,-0.7692286,,-0.09515871,0.2506938,-0.09112901,0.55152136,0.64428306,0.5298335,-0.82871395,0.4956659,0.25990102,-0.09517056,-0.58242136,0.8072967,,0.07578555,0.40228003,-0.42888466,-0.66876024,-0.22007129,0.7101608,-0.32282007,-0.7744949,-0.5440082,0.6697365,-0.5930652,0.44690794,,0.9417795512788047,0.3769311461251499,0.17060602319,0.08198876790244902,0.01899247346739622,0.694546199428105,-0.4101569500631752,,-0.8877976484879754,-0.20876091505603694,0.1365771144,4.537690377005107,0.6528491958792744,-0.28347962265320825,0.875034162281334,,-0.03807872095538629,-0.09291914771461311,0.09128653716,-0.07097759633537142,,-4.157424e-06,-1.3709068e-06,2.1457672e-06,1.0,-9.674579e-06,-7.990748e-06,9.670854e-06,0.99999994,-8.6426735e-07,7.979572e-06,9.23872e-07,1.0,223,0.677,0,0,0.0,False,-0.2570183051346544,1.049418426957168
0.6995797950075939,12:07:49.503152,12:06:49.053019,0,,0.13364226,0.010190763,0.024473608,-0.54199034,-0.71333855,-0.4442911,-0.66082203,0.03513798,0.7497196,-0.51919234,0.699938,-0.49043426,,-0.030793838,-0.059950154,0.05991566,0.74510145,0.25440755,-0.6165228,0.33475703,-0.94217217,0.015785664,-0.5768547,-0.21814716,-0.78717875,,0.09582997,1.3379637,0.44838947,0.99480164,-0.0097900145,-0.101360254,-0.07188333,-0.7725408,-0.6308831,-0.07212858,0.6348896,-0.7692286,,-0.09509373,0.2507461,-0.09105998,0.54906726,0.6470159,0.52905154,-0.8305767,0.49292585,0.25916487,-0.09309938,-0.58171684,0.8080458,,0.075794384,0.40228072,-0.42888558,-0.6687089,-0.22006811,0.7102101,-0.3228511,-0.7745046,-0.5439759,0.66977274,-0.59305364,0.44686893,,0.9423510335114973,0.3769388688580241,0.17066824511,0.07884341875018115,0.02131529396340871,0.6926520950652658,-0.4101569500631752,,-0.8877281438921074,-0.2087454695902885,0.1365771144,4.537690377005107,0.6528491958792744,-0.28347962265320825,0.875034162281334,,-0.03807872095538629,-0.09291914771461311,0.09128653716,-0.07097759633537142,,-4.157424e-06,-1.3709068e-06,2.1457672e-06,1.0,-9.674579e-06,-7.990748e-06,9.670854e-06,0.99999994,-8.6426735e-07,7.979572e-06,9.23872e-07,1.0,231,0.701,0,0,0.0,False,-0.25695872741613357,1.049418426957168
0.7234168639406562,12:07:49.529905,12:06:49.053019,0,,0.13352694,0.010274909,0.024434105,-0.5419508,-0.7134828,-0.44410753,-0.6605766,0.034961164,0.7499442,-0.5195457,0.69979984,-0.49025723,,-0.030765623,-0.0599425,0.059934914,0.74509776,0.25442728,-0.61651903,0.33474866,-0.9421759,0.015741944,-0.57686436,-0.21810827,-0.7871825,,0.095789075,1.3379649,0.44838825,0.99480355,-0.009769354,-0.10134338,-0.07185672,-0.7725411,-0.6308858,-0.07212858,0.6348896,-0.7692286,,-0.09493364,0.25078595,-0.09099342,0.549093,0.6471617,0.52884644,-0.8306086,0.4927185,0.2594568,-0.092661895,-0.5817303,0.8080864,,0.07580363,0.40230134,-0.4288915,-0.66870874,-0.22006653,0.71021074,-0.3228784,-0.7744818,-0.5439922,0.66975975,-0.59308404,0.446848,,0.9427448928880828,0.37694659159089833,0.17072009671000002,0.07863372880669664,0.021725203462705032,0.6923178413541766,-0.4101569500631752,,-0.8876972529606105,-0.2087454695902885,0.1365771144,4.537690377005107,0.6528491958792744,-0.28347962265320825,0.875034162281334,,-0.03807872095538629,-0.09291914771461311,0.09128653716,-0.07097759633537142,,-4.4845045e-05,-2.7418137e-06,6.4373016e-06,1.0,1.0896474e-05,8.9891255e-06,-1.0900199e-05,1.0,1.0430813e-06,-9.000301e-06,-9.834766e-07,1.0,239,0.726,1,1,0.006,False,-0.2566608388235285,1.049418426957168
0.7501762959873304,12:07:49.560547,12:06:49.212726,0,,0.13348947,0.0103437975,0.024398282,-0.5421544,-0.7137619,-0.44341004,-0.6599393,0.035038233,0.7505016,-0.52014303,0.6995113,-0.49003565,,-0.030767635,-0.059942037,0.05993229,0.745087,0.2544269,-0.61653215,0.33475327,-0.94217426,0.0157426,-0.57687545,-0.21811575,-0.7871722,,0.095789075,1.3379649,0.44838825,0.99480355,-0.009769354,-0.10134338,-0.07185672,-0.7725411,-0.6308858,-0.07212858,0.6348896,-0.7692286,,-0.094889216,0.25081572,-0.09092578,0.5493861,0.64747006,0.5281642,-0.8305083,0.49259442,0.26001292,-0.09182016,-0.58149225,0.8083538,,0.075805955,0.4022998,-0.4288897,-0.66869676,-0.22006522,0.7102225,-0.32288322,-0.7744866,-0.54398245,0.6697694,-0.5930782,0.44684133,,0.9431233067989198,0.3769774825223952,0.17078361492000002,0.07884341875018115,0.022545022461297675,0.691649333931998,-0.4101569500631752,,-0.887681807494862,-0.20873774685741428,0.13657970698000002,4.537690377005107,0.6528491958792744,-0.28347962265320825,0.875034162281334,,-0.03807872095538629,-0.09291914771461311,0.09128653716,-0.07097759633537142,,-4.4845045e-05,-2.7418137e-06,6.4373016e-06,1.0,1.0896474e-05,8.9891255e-06,-1.0900199e-05,1.0,1.0430813e-06,-9.000301e-06,-9.834766e-07,1.0,251,0.763,1,1,0.043,False,-0.25683957197909146,1.0499012289649627
0.7808176659746096,12:07:49.581070,12:06:49.212726,0,,0.13349141,0.010384016,0.024401858,-0.538265,-0.71708,-0.44279438,-0.6608853,0.033111513,0.74975616,-0.5229735,0.6962037,-0.49173042,,-0.030767381,-0.05994299,0.05993229,0.74508834,0.25442702,-0.6165306,0.33474874,-0.942176,0.015736938,-0.5768765,-0.21810818,-0.7871735,,0.095789075,1.3379649,0.44838825,0.99480355,-0.009769354,-0.10134338,-0.07185672,-0.7725411,-0.6308858,-0.07212858,0.6348896,-0.7692286,,-0.0948892,0.2508486,-0.09090226,0.54572535,0.6509632,0.5276654,-0.83312976,0.48903728,0.25833565,-0.089881025,-0.58059406,0.80921686,,0.07580571,0.4022992,-0.42889044,-0.66869783,-0.2200663,0.7102211,-0.32288694,-0.7744818,-0.5439871,0.66976655,-0.59308416,0.44683775,,0.9432391477920332,0.37704698711826323,0.17080305927000003,0.07443992993700614,0.024731206457544723,0.6897849687327147,-0.4103202941293095,,-0.887681807494862,-0.2087454695902885,0.13657970698000002,4.537690377005107,0.6528491958792744,-0.28347962265320825,0.875034162281334,,-0.03807872095538629,-0.09291914771461311,0.09128653716,-0.07097759633537142,,-4.4845045e-05,-2.7418137e-06,6.4373016e-06,1.0,1.0896474e-05,8.9891255e-06,-1.0900199e-05,1.0,1.0430813e-06,-9.000301e-06,-9.834766e-07,1.0,255,0.775,1,1,0.055,False,-0.25642252794944387,1.0494667071579475
0.8013414869783446,12:07:49.603805,12:06:49.212726,0,,0.13349949,0.010412835,0.024418473,-0.5392979,-0.71669006,-0.4421685,-0.66005915,0.03368193,0.7504582,-0.52295274,0.6965778,-0.49122244,,-0.03076832,-0.059943244,0.05993229,0.7450836,0.2544269,-0.6165364,0.33474874,-0.942176,0.015734404,-0.5768826,-0.21810818,-0.7871691,,0.095789075,1.3379649,0.44838825,0.99480355,-0.009769354,-0.10134338,-0.07185672,-0.7725411,-0.6308858,-0.07212858,0.6348896,-0.7692286,,-0.09489712,0.25088117,-0.09089532,0.54679704,0.65057343,0.52703625,-0.8324709,0.4897074,0.25918892,-0.08947213,-0.58046603,0.809354,,0.07580663,0.40229914,-0.4288907,-0.66869235,-0.22006619,0.7102263,-0.3228912,-0.7744818,-0.5439846,0.66976994,-0.59308416,0.44683263,,0.943300929655027,0.3772477781729931,0.17080435556,0.0756980695979133,0.024867842957310163,0.6896735508290183,-0.4103202941293095,,-0.8876740847619878,-0.2087454695902885,0.13657970698000002,4.537690377005107,0.6528491958792744,-0.28347962265320825,0.875034162281334,,-0.03807872095538629,-0.09291914771461311,0.09128653716,-0.07097759633537142,,-4.4845045e-05,-2.7418137e-06,6.4373016e-06,1.0,1.0896474e-05,8.9891255e-06,-1.0900199e-05,1.0,1.0430813e-06,-9.000301e-06,-9.834766e-07,1.0,267,0.812,1,1,0.092,False,-0.25731619372725945,1.049418426957168
0.8240523389540613,12:07:49.634134,12:06:49.212726,0,,0.13351147,0.010431491,0.024438292,-0.5375305,-0.7175878,-0.44286415,-0.661013,0.032486856,0.749671,-0.52356744,0.69570976,-0.4917975,,-0.0307692,-0.059943527,0.05993104,0.74507886,0.2544268,-0.61654216,0.3347488,-0.9421761,0.0157319,-0.5768888,-0.21810827,-0.7871647,,0.095789075,1.3379649,0.44838825,0.99480355,-0.009769354,-0.10134338,-0.07185672,-0.7725411,-0.6308858,-0.07212858,0.6348896,-0.7692286,,-0.09490979,0.25090802,-0.09089693,0.5450423,0.651478,0.52773607,-0.8336246,0.48825005,0.25822848,-0.089436956,-0.5806792,0.809205,,0.075807676,0.40229806,-0.4288902,-0.66868687,-0.22006607,0.7102315,-0.3228955,-0.77448183,-0.543982,0.66977334,-0.5930842,0.4468275,,0.9433086523879012,0.377417678296226,0.17080046669,0.07360117016306805,0.024867842957310163,0.6896735508290183,-0.4103202941293095,,-0.8876663620291136,-0.2087454695902885,0.13658100327,4.537690377005107,0.6528491958792744,-0.28347962265320825,0.875034162281334,,-0.03807872095538629,-0.09291914771461311,0.09128653716,-0.07097759633537142,,-4.4845045e-05,-2.7418137e-06,6.4373016e-06,1.0,1.0896474e-05,8.9891255e-06,-1.0900199e-05,1.0,1.0430813e-06,-9.000301e-06,-9.834766e-07,1.0,280,0.853,1,1,0.133,False,-0.25815028178655464,1.0496115477602863
0.8543829789850861,12:07:49.674706,12:06:49.212726,0,,0.13356209,0.010498725,0.024562553,-0.52800035,-0.7251169,-0.44206458,-0.66348493,0.02729541,0.7476915,-0.5300973,0.6880845,-0.49551612,,-0.030770093,-0.059943736,0.05992973,0.7450741,0.2544267,-0.61654794,0.3347488,-0.9421761,0.015729368,-0.5768948,-0.21810827,-0.78716016,,0.095789075,1.3379649,0.44838825,0.99480355,-0.009769354,-0.10134338,-0.07185672,-0.7725411,-0.6308858,-0.07212858,0.6348896,-0.7692286,,-0.094967715,0.25103894,-0.09094188,0.5360265,0.6593689,0.5271701,-0.8399018,0.4794773,0.25429597,-0.08509124,-0.5790805,0.81081766,,0.07580872,0.402297,-0.42888966,-0.66868144,-0.22006597,0.71023667,-0.32289976,-0.77448183,-0.54397947,0.66977674,-0.5930842,0.44682238,,0.943370434250895,0.37799688326179287,0.17073954106000003,0.06290698304535731,0.0293768474495697,0.686078438747177,-0.4101569500631752,,-0.8876586392962393,-0.2087454695902885,0.13658229956,4.537690377005107,0.6528491958792744,-0.28347962265320825,0.875034162281334,,-0.03807872095538629,-0.09291914771461311,0.09128653716,-0.07097759633537142,,-4.4845045e-05,-2.7418137e-06,6.4373016e-06,1.0,1.0896474e-05,8.9891255e-06,-1.0900199e-05,1.0,1.0430813e-06,-9.000301e-06,-9.834766e-07,1.0,288,0.877,1,1,0.157,False,-0.25731619372725945,1.0491287457524916
0.89491936203558,12:07:49.704224,12:06:49.348431,0,,0.13356163,0.010508813,0.024622187,-0.5277431,-0.72576225,-0.44131207,-0.66300654,0.027203172,0.7481192,-0.5309515,0.6874074,-0.49554142,,-0.03077127,-0.05994305,0.05992973,0.7450681,0.25442645,-0.6165552,0.3347534,-0.94217443,0.015732557,-0.5768999,-0.2181158,-0.78715444,,0.095789075,1.3379649,0.44838825,0.99480355,-0.009769354,-0.10134338,-0.07185672,-0.7725411,-0.6308858,-0.07212858,0.6348896,-0.7692286,,-0.09497215,0.25108534,-0.09098043,0.53587604,0.6600673,0.5264485,-0.8400967,0.47897834,0.25459227,-0.08410939,-0.57869756,0.8111934,,0.07580989,0.40229756,-0.4288892,-0.6686749,-0.22006477,0.71024317,-0.32290033,-0.77448666,-0.54397225,0.669783,-0.5930783,0.44682083,,0.9434785525111341,0.37818222885077424,0.1706954672,0.06269729310187278,0.030196666448162338,0.6854099313249984,-0.4101569500631752,,-0.8876509165633651,-0.20873774685741428,0.13658229956,4.537690377005107,0.6528491958792744,-0.28347962265320825,0.875034162281334,,-0.03807872095538629,-0.09291914771461311,0.09128653716,-0.07097759633537142,,-4.4845045e-05,-2.7418137e-06,6.4373016e-06,1.0,1.0896474e-05,8.9891255e-06,-1.0900199e-05,1.0,1.0430813e-06,-9.000301e-06,-9.834766e-07,1.0,301,0.918,1,1,0.198,False,-0.25719703829021734,1.0498529487641832
