Task Time,PC1 Time,PC2 Time,Gaze Calib,s_T_psm1,Tx,Ty,Tz,R00,R01,R02,R10,R11,R12,R20,R21,R22,s_T_psm3,Tx,Ty,Tz,R00,R01,R02,R10,R11,R12,R20,R21,R22,cart_T_ecm,Tx,Ty,Tz,R00,R01,R02,R10,R11,R12,R20,R21,R22,ecm_T_psm1,Tx,Ty,Tz,R00,R01,R02,R10,R11,R12,R20,R21,R22,ecm_T_psm3,Tx,Ty,Tz,R00,R01,R02,R10,R11,R12,R20,R21,R22,psm1_joints,q1,q2,q3,q4,q5,q6,jaw,psm3_joints,q1,q2,q3,q4,q5,q6,jaw,ecm_joints,q1,q2,q3,q4,ecmi_T_ecm,Tx,Ty,Tz,R00,R01,R02,R10,R11,R12,R20,R21,R22,Sample #,Task Duration (s),Collisions (binary),Collisions (increments),Cumulative Collision Time (s),Clutch Press,MTMR Angle,MTML Angle
""
lci_T_si,,,,,-0.06109692,0.03167272,0.2299341,0.9947057,-0.03862675,0.09522884,0.030706912,-0.772613,-0.63413423,0.098069586,0.63370115,-0.7673364
rci_T_si,,,,,-0.07092086,0.035947774,0.24085279,0.99028605,-0.05390731,0.12817007,0.04142117,-0.7655644,-0.64202446,0.13273226,0.64109683,-0.75589484
ecm_T_lc,,,,,-4.4061628e-05,-0.00034663224,-0.01840835,-0.99912,0.030754527,0.028518902,-0.031987965,-0.99852574,-0.043852776,0.027128186,-0.04472645,0.9986309
ecm_T_rc,,,,,-0.0043358393,0.01870579,-0.007592615,-0.99555075,-0.052743673,-0.078081585,0.04863213,-0.9973746,0.053654674,-0.08070653,0.04961868,0.9955021
cart_T_ecmi,,,,,0.09583431,1.3379636,0.44839177,0.99480253,-0.009780299,-0.10135232,-0.07187082,-0.7725409,-0.63088435,-0.07212858,0.6348896,-0.7692286
ecmac_T_ecmrep_psm1,,,,,0.006309411,-0.25313872,-0.31568977,0.99868697,0.047558498,0.019040095,-0.047043137,0.9985371,-0.026657216,-0.020280018,0.025726508,0.99946326
ecmac_T_ecmrep_psm3,,,,,-0.020520164,-0.44355312,-0.56256753,0.99888426,-0.027940953,0.03807337,0.020709034,0.9837047,0.17859514,-0.04244307,-0.17760742,0.9831857
""
0,12:06:59.051419,12:05:58.707672,0,,0.12832789,0.005729839,0.013950825,-0.99457645,0.07240028,-0.07467072,-0.08507385,-0.15328935,0.98451245,0.059832707,0.98552525,0.15861744,,-0.030183211,-0.059568208,0.060139,0.74604374,0.26297835,-0.61176854,0.33464444,-0.94233966,0.0030150115,-0.57570094,-0.20697439,-0.79103094,,0.09578337,1.3379649,0.44838786,0.9948043,-0.0097611025,-0.10133664,-0.0718461,-0.7725412,-0.63088685,-0.07212858,0.6348896,-0.7692286,,-0.08905645,0.24061023,-0.08657183,0.97850204,-0.1709799,0.115323834,-0.009315465,0.52196836,0.852914,-0.20602654,-0.83565235,0.5091544,,0.07520349,0.4026322,-0.4286778,-0.6697944,-0.22993407,0.70604944,-0.32213363,-0.76673555,-0.5552896,0.66903317,-0.59937215,0.43948567,,0.9348368144248769,0.3180839216235591,0.17690340001000002,1.0228675443175097,-0.1746214467002329,1.214588902749187,-0.4068900687404897,,-0.8923000017536483,-0.20713141841957558,0.13639693009,4.538109756892076,0.656128471873645,-0.26802097203071773,0.8750341622813339,,-0.03807872095538629,-0.09291914771461311,0.09128653716,-0.07097759633537142,,-5.049631e-05,-2.861023e-06,7.2717667e-06,1.0,1.9114465e-05,1.577288e-05,-1.9121915e-05,1.0,1.8179417e-06,-1.5784055e-05,-1.7285347e-06,0.99999994,35,0.105,0,0,0.0,False,-0.25540970673458663,1.0498529487641832
0.1277512809028849,12:06:59.077063,12:05:58.707672,0,,0.12836051,0.0057338774,0.014050245,-0.99473244,0.07085421,-0.07407425,-0.08441658,-0.15632081,0.98409224,0.058147684,0.9851615,0.16147882,,-0.030179307,-0.05956718,0.060135126,0.74606264,0.26297846,-0.6117455,0.33464432,-0.9423396,0.003025055,-0.5756765,-0.20697418,-0.79104877,,0.09578337,1.3379649,0.44838786,0.9948043,-0.0097611025,-0.10133664,-0.0718461,-0.7725412,-0.63088685,-0.07212858,0.6348896,-0.7692286,,-0.08909777,0.24067728,-0.08664083,0.9788487,-0.16958074,0.11444481,-0.0099068545,0.51945245,0.85444194,-0.20434554,-0.83750314,0.50678533,,0.0752001,0.4026294,-0.4286743,-0.6698162,-0.22993422,0.7060287,-0.32211652,-0.7667354,-0.55529976,0.6690196,-0.59937227,0.43950617,,0.9348599826234996,0.318423721870025,0.17681914116000003,1.0226578543740255,-0.1729818087030476,1.2172541461717175,-0.4057466602775497,,-0.8923308926851452,-0.20713141841957558,0.13640081896,4.538109756892076,0.656128471873645,-0.26802097203071773,0.8750341622813339,,-0.03807872095538629,-0.09291914771461311,0.09128653716,-0.07097759633537142,,-5.049631e-05,-2.861023e-06,7.2717667e-06,1.0,1.9114465e-05,1.577288e-05,-1.9121915e-05,1.0,1.8179417e-06,-1.5784055e-05,-1.7285347e-06,0.99999994,47,0.142,0,0,0.0,False,-0.25642252794944387,1.0496115477602863
0.15339025296270847,12:06:59.116868,12:05:58.707672,0,,0.12838617,0.0057111233,0.01423645,-0.99477625,0.07050772,-0.07381523,-0.08422586,-0.15839663,0.9837766,0.057671726,0.9848547,0.16350791,,-0.030174255,-0.05956584,0.060126066,0.7460863,0.26292866,-0.611738,0.3346441,-0.9423393,0.0031146407,-0.575646,-0.20703846,-0.7910542,,0.09578337,1.3379649,0.44838786,0.9948043,-0.0097611025,-0.10133664,-0.0718461,-0.7725412,-0.63088685,-0.07212858,0.6348896,-0.7692286,,-0.089141645,0.24078043,-0.08679343,0.9789467,-0.16932544,0.113983445,-0.010070058,0.51768047,0.85551476,-0.20386742,-0.8386512,0.50507647,,0.075196214,0.4026226,-0.42866737,-0.6698435,-0.22987676,0.7060215,-0.32209513,-0.7667805,-0.55524987,0.6690026,-0.59933656,0.43958074,,0.9348754280892481,0.3189025313082269,0.17664803088000003,1.0226578543740255,-0.1727085357035167,1.2189099213875576,-0.40721675687275805,,-0.8923695063495163,-0.20713141841957558,0.13640989299,4.538109756892076,0.656128471873645,-0.26810265077085826,0.8751975063474682,,-0.03807872095538629,-0.09291914771461311,0.09128653716,-0.07097759633537142,,-5.049631e-05,-2.861023e-06,7.2717667e-06,1.0,1.9114465e-05,1.577288e-05,-1.9121915e-05,1.0,1.8179417e-06,-1.5784055e-05,-1.7285347e-06,0.99999994,59,0.177,0,0,0.0,False,-0.2551713958605024,1.049804668563404
0.19320606999099255,12:06:59.153726,12:05:58.798714,0,,0.12845941,0.0056890845,0.0143350065,-0.995294,0.06306309,-0.07357206,-0.08277227,-0.15851766,0.9838806,0.050384037,0.98534,0.16299161,,-0.030176997,-0.059566583,0.060124815,0.7460721,0.2630285,-0.6117124,0.3346442,-0.94233984,0.002953142,-0.5756643,-0.20690942,-0.79107463,,0.09578337,1.3379649,0.44838786,0.9948043,-0.0097611025,-0.10133664,-0.0718461,-0.7725412,-0.63088685,-0.07212858,0.6348896,-0.7692286,,-0.089224726,0.24082641,-0.08687431,0.98021156,-0.16197541,0.1137949,-0.013686765,0.5180273,0.8552546,-0.19747907,-0.8398879,0.50555944,,0.075199105,0.40262142,-0.42866737,-0.6698271,-0.22999197,0.7059995,-0.32210794,-0.7666899,-0.55536747,0.6690128,-0.59940827,0.43946746,,0.9348677053563738,0.319111045095831,0.17654692026000002,1.0203512649956954,-0.16574007421547926,1.2186184051483173,-0.4068900687404897,,-0.8923463381508936,-0.20713141841957558,0.13641118928,4.538109756892076,0.656128471873645,-0.2679392932905771,0.8748708182151996,,-0.03807872095538629,-0.09291914771461311,0.09128653716,-0.07097759633537142,,-5.049631e-05,-2.861023e-06,7.2717667e-06,1.0,1.9114465e-05,1.577288e-05,-1.9121915e-05,1.0,1.8179417e-06,-1.5784055e-05,-1.7285347e-06,0.99999994,70,0.211,0,0,0.0,False,-0.254694774112334,1.0496598279610654
0.23005048593040556,12:06:59.184382,12:05:58.798714,0,,0.12847175,0.0056690723,0.014435247,-0.9954655,0.061590604,-0.072489694,-0.08165087,-0.16232401,0.9833535,0.048798464,0.9848133,0.16661698,,-0.030177802,-0.059566792,0.060122192,0.74606735,0.26292852,-0.61176115,0.33464423,-0.94233936,0.0031045675,-0.5756704,-0.20703867,-0.79103637,,0.09578337,1.3379649,0.44838786,0.9948043,-0.0097611025,-0.10133664,-0.0718461,-0.7725412,-0.63088685,-0.07212858,0.6348896,-0.7692286,,-0.089247316,0.24087608,-0.08696164,0.9805909,-0.16067827,0.112356715,-0.013860357,0.5148152,0.8571891,-0.1955746,-0.84210914,0.502596,,0.075200245,0.40261933,-0.42866603,-0.6698217,-0.2298766,0.7060423,-0.32211223,-0.7667807,-0.5552397,0.6690162,-0.59933645,0.43956026,,0.934944932685116,0.3192809452190639,0.17644840222000002,1.02056095493918,-0.16382716321876312,1.2221226363852822,-0.405256628079147,,-0.8923386154180194,-0.20713141841957558,0.13641378186000003,4.538109756892076,0.656128471873645,-0.26810265077085826,0.8751975063474682,,-0.03807872095538629,-0.09291914771461311,0.09128653716,-0.07097759633537142,,-5.049631e-05,-2.861023e-06,7.2717667e-06,1.0,1.9114465e-05,1.577288e-05,-1.9121915e-05,1.0,1.8179417e-06,-1.5784055e-05,-1.7285347e-06,0.99999994,78,0.236,0,0,0.0,False,-0.2555288621716292,1.0494667071579475
0.26070997794158757,12:06:59.206786,12:05:58.798714,0,,0.128474,0.0056478977,0.014521927,-0.9954013,0.060943007,-0.07390556,-0.08300753,-0.16368753,0.9830138,0.047810353,0.98462784,0.16799363,,-0.030176565,-0.059567522,0.06012088,0.7460733,0.26292866,-0.6117538,0.33463973,-0.94234097,0.0031013787,-0.57566535,-0.20703107,-0.79104203,,0.09578337,1.3379649,0.44838786,0.9948043,-0.0097611025,-0.10133664,-0.0718461,-0.7725412,-0.63088685,-0.07212858,0.6348896,-0.7692286,,-0.089258686,0.2409162,-0.08704054,0.98054093,-0.16009448,0.11361897,-0.015534569,0.51366866,0.857848,-0.19569924,-0.84292006,0.50118613,,0.07519918,0.40261775,-0.4286657,-0.6698282,-0.22987765,0.70603573,-0.3221117,-0.7667757,-0.55524683,0.6690099,-0.59934235,0.43956172,,0.9349835463494872,0.3194431226094226,0.17636284708000002,1.0188834353913039,-0.16369052671899764,1.2235631145442565,-0.4070534128066241,,-0.8923463381508936,-0.2071391411524498,0.13641507815,4.538109756892076,0.656128471873645,-0.26810265077085826,0.8751975063474682,,-0.03807872095538629,-0.09291914771461311,0.09128653716,-0.07097759633537142,,-5.049631e-05,-2.861023e-06,7.2717667e-06,1.0,1.9114465e-05,1.577288e-05,-1.9121915e-05,1.0,1.8179417e-06,-1.5784055e-05,-1.7285347e-06,0.99999994,86,0.259,0,0,0.0,False,-0.25558843989015,1.049804668563404
0.2831237609498203,12:06:59.235705,12:05:58.798714,0,,0.12850285,0.005641073,0.014639914,-0.9955566,0.058745436,-0.07359348,-0.082331814,-0.1637409,0.9830617,0.04570009,0.98475254,0.16785005,,-0.030175582,-0.059567254,0.06011957,0.74607813,0.2629287,-0.6117481,0.33463964,-0.94234097,0.0031039417,-0.5756593,-0.20703098,-0.79104644,,0.09578337,1.3379649,0.44838786,0.9948043,-0.0097611025,-0.10133664,-0.0718461,-0.7725412,-0.63088685,-0.07212858,0.6348896,-0.7692286,,-0.08929857,0.24098712,-0.08713099,0.9809269,-0.15792415,0.11332456,-0.016387977,0.51374555,0.85778606,-0.19368513,-0.8432826,0.50135875,,0.07519836,0.4026168,-0.42866465,-0.66983366,-0.2298777,0.70603055,-0.3221074,-0.76677567,-0.55524933,0.6690065,-0.5993424,0.43956685,,0.9350376054796067,0.31976747739014005,0.1762565513,1.0184640555043347,-0.16164097922251605,1.223198705831059,-0.4067267246743552,,-0.8923540608837679,-0.2071391411524498,0.13641637444000002,4.538109756892076,0.656128471873645,-0.26810265077085826,0.8751975063474682,,-0.03807872095538629,-0.09291914771461311,0.09128653716,-0.07097759633537142,,-5.049631e-05,-2.861023e-06,7.2717667e-06,1.0,1.9114465e-05,1.577288e-05,-1.9121915e-05,1.0,1.8179417e-06,-1.5784055e-05,-1.7285347e-06,0.99999994,97,0.293,0,0,0.0,False,-0.2551713958605024,1.049370146756389
0.31202877790201455,12:06:59.258180,12:05:58.798714,0,,0.12855633,0.005642578,0.014704704,-0.995819,0.0528621,-0.07449931,-0.08217461,-0.16218421,0.9833329,0.039898388,0.9853434,0.16585016,,-0.030180246,-0.05956852,0.06011957,0.7460544,0.26292852,-0.6117769,0.33463985,-0.94234097,0.0030913055,-0.57568973,-0.20703131,-0.7910241,,0.09578337,1.3379649,0.44838786,0.9948043,-0.0097611025,-0.10133664,-0.0718461,-0.7725412,-0.63088685,-0.07212858,0.6348896,-0.7692286,,-0.08935759,0.24102943,-0.08717324,0.98172843,-0.15204121,0.11442378,-0.020030193,0.5154108,0.8567091,-0.18923035,-0.8433476,0.502948,,0.075203,0.4026165,-0.42866597,-0.66980636,-0.22987749,0.7060565,-0.3221288,-0.7667759,-0.55523664,0.6690235,-0.59934217,0.43954122,,0.9350762191439779,0.31998371391061836,0.17619821825,1.015738086239036,-0.15658542873119474,1.2213632481182273,-0.4060733484098181,,-0.8923154472193967,-0.2071391411524498,0.13641637444000002,4.538109756892076,0.656128471873645,-0.26810265077085826,0.8751975063474682,,-0.03807872095538629,-0.09291914771461311,0.09128653716,-0.07097759633537142,,-5.049631e-05,-2.861023e-06,7.2717667e-06,1.0,1.9114465e-05,1.577288e-05,-1.9121915e-05,1.0,1.8179417e-06,-1.5784055e-05,-1.7285347e-06,0.99999994,105,0.318,0,0,0.0,False,-0.25582675076423333,1.0496115477602863
0.3345168939558789,12:06:59.288919,12:05:58.941159,0,,0.12866363,0.0056536347,0.014854729,-0.9965649,0.040715754,-0.07211436,-0.07781355,-0.16235065,0.9836602,0.028342597,0.98589253,0.16496131,,-0.030180827,-0.059569683,0.060117006,0.7460509,0.26297855,-0.61175966,0.33463532,-0.9423429,0.0030061007,-0.57569695,-0.20695925,-0.79103786,,0.09578337,1.3379649,0.44838786,0.9948043,-0.0097611025,-0.10133664,-0.0718461,-0.7725412,-0.63088685,-0.07212858,0.6348896,-0.7692286,,-0.0894774,0.24113345,-0.08726798,0.98377573,-0.14002523,0.112152666,-0.024202636,0.51584274,0.85634136,-0.17776252,-0.8451622,0.5040846,,0.075203896,0.40261382,-0.42866537,-0.66980195,-0.22993614,0.7060416,-0.32213682,-0.7667257,-0.55530137,0.66902405,-0.59938395,0.4394835,,0.9352770101987077,0.3204239096844491,0.17606599667000003,1.0138508767476753,-0.14442478025207056,1.220350037364567,-0.4062366924759523,,-0.8923077244865225,-0.20714686388532402,0.13641896702,4.538109756892076,0.656128471873645,-0.2680209720307177,0.8753608504136025,,-0.03807872095538629,-0.09291914771461311,0.09128653716,-0.07097759633537142,,-5.049631e-05,-2.861023e-06,7.2717667e-06,1.0,1.9114465e-05,1.577288e-05,-1.9121915e-05,1.0,1.8179417e-06,-1.5784055e-05,-1.7285347e-06,0.99999994,116,0.35,0,0,0.0,False,-0.25535012901606535,1.049418426957168
0.36522209795657545,12:06:59.318586,12:05:58.941159,0,,0.12871157,0.0056466535,0.0150927305,-0.9968071,0.032559626,-0.072906494,-0.07739577,-0.16950679,0.9824853,0.019631155,0.98499084,0.17148566,,-0.030178905,-0.05956919,0.060115695,0.74606043,0.26292866,-0.6117696,0.33463526,-0.94234264,0.0030881464,-0.57568467,-0.20702368,-0.7910298,,0.09578337,1.3379649,0.44838786,0.9948043,-0.0097611025,-0.10133664,-0.0718461,-0.7725412,-0.63088685,-0.07212858,0.6348896,-0.7692286,,-0.08954728,0.24128184,-0.08744711,0.98483866,-0.13223821,0.11227574,-0.029535847,0.5099509,0.85969627,-0.17093982,-0.8499783,0.4983136,,0.07520215,0.40261292,-0.42866406,-0.6698129,-0.22987856,0.70605,-0.32212827,-0.76677096,-0.5552438,0.66901726,-0.5993481,0.43954268,,0.9356477013766705,0.32099539191714177,0.17585081253,1.0098667678214692,-0.13663649976544046,1.2268227790559392,-0.4096669178647723,,-0.892323169952271,-0.20714686388532402,0.13642026331,4.538109756892076,0.656128471873645,-0.26810265077085826,0.8751975063474682,,-0.03807872095538629,-0.09291914771461311,0.09128653716,-0.07097759633537142,,-5.049631e-05,-2.861023e-06,7.2717667e-06,1.0,1.9114465e-05,1.577288e-05,-1.9121915e-05,1.0,1.8179417e-06,-1.5784055e-05,-1.7285347e-06,0.99999994,127,0.383,0,0,0.0,False,-0.25677999426057063,1.0492253061540504
0.3949157149763778,12:06:59.350402,12:05:58.941159,0,,0.12877302,0.005637899,0.015329212,-0.99721843,0.024650395,-0.07033964,-0.07355732,-0.17321253,0.98213375,0.012026235,0.98457575,0.1745441,,-0.030183718,-0.059572693,0.060114443,0.7459642,0.2631763,-0.61178046,0.33478197,-0.94229126,0.0028550923,-0.5757241,-0.20694304,-0.7910223,,0.09578337,1.3379649,0.44838786,0.9948043,-0.0097611025,-0.10133664,-0.0718461,-0.7725412,-0.63088685,-0.07212858,0.6348896,-0.7692286,,-0.08963054,0.24142766,-0.087624796,0.9861616,-0.124546304,0.10942361,-0.03154661,0.50699484,0.86137164,-0.16275786,-0.85290354,0.49604982,,0.07520711,0.40261027,-0.42866638,-0.6697133,-0.23013464,0.706061,-0.32205927,-0.7667015,-0.5553797,0.6691502,-0.59933865,0.43935323,,0.9359566106916395,0.3215514286840859,0.17563692468000003,1.0094473879345003,-0.12816503677998314,1.2293896028830664,-0.4064000365420867,,-0.8922768335550256,-0.20715458661819824,0.13642155960000002,4.537900066948591,0.656128471873645,-0.26802097203071773,0.8750341622813339,,-0.03807872095538629,-0.09291914771461311,0.09128653716,-0.07097759633537142,,-5.049631e-05,-2.861023e-06,7.2717667e-06,1.0,1.9114465e-05,1.577288e-05,-1.9121915e-05,1.0,1.8179417e-06,-1.5784055e-05,-1.7285347e-06,0.99999994,134,0.404,0,0,0.0,False,-0.25636295023092304,1.0490321853509326
0.4267360999947414,12:06:59.373019,12:05:58.941159,0,,0.1288391,0.005644582,0.015469074,-0.99749094,0.017406926,-0.068620056,-0.07060706,-0.17432609,0.9821533,0.005133964,0.9845339,0.17511779,,-0.030186906,-0.059574734,0.060113132,0.7458762,0.2633739,-0.61180276,0.33493322,-0.94223785,0.0027097166,-0.5757501,-0.20693433,-0.7910056,,0.09578337,1.3379649,0.44838786,0.9948043,-0.0097611025,-0.10133664,-0.0718461,-0.7725412,-0.63088685,-0.07212858,0.6348896,-0.7692286,,-0.08970868,0.24152245,-0.08771908,0.987231,-0.11740403,0.10766252,-0.03377252,0.5062413,0.8617303,-0.15567383,-0.8543629,0.49581212,,0.075210445,0.40260834,-0.42866746,-0.6696235,-0.23033208,0.70608175,-0.32197797,-0.76668227,-0.5554534,0.6692791,-0.59928745,0.4392266,,0.9361265108148724,0.3219530107935456,0.17551636971,1.0086086281605622,-0.12078666579264935,1.229662299074283,-0.40656338060822117,,-0.8922459426235287,-0.20715458661819824,0.13642285589,4.537690377005107,0.656128471873645,-0.26802097203071773,0.8750341622813339,,-0.03807872095538629,-0.09291914771461311,0.09128653716,-0.07097759633537142,,-5.049631e-05,-2.861023e-06,7.2717667e-06,1.0,1.9114465e-05,1.577288e-05,-1.9121915e-05,1.0,1.8179417e-06,-1.5784055e-05,-1.7285347e-06,0.99999994,145,0.437,0,0,0.0,False,-0.25600548391979716,1.049418426957168
0.44934647192712873,12:06:59.407240,12:05:59.062341,0,,0.1288538,0.005665824,0.015631616,-0.9974971,0.013817854,-0.06934353,-0.0706975,-0.17894843,0.98131514,0.0011507198,0.9837613,0.17947754,,-0.030187547,-0.059575778,0.060111105,0.745939,0.2634691,-0.6116851,0.3349625,-0.9422277,0.0026381314,-0.57565165,-0.20685959,-0.79109687,,0.09578337,1.3379649,0.44838786,0.9948043,-0.0097611025,-0.10133664,-0.0718461,-0.7725412,-0.63088685,-0.07212858,0.6348896,-0.7692286,,-0.089737,0.24164386,-0.08782648,0.98759717,-0.11402618,0.1079348,-0.036426894,0.5022842,0.863935,-0.15272516,-0.85715145,0.49190086,,0.07521133,0.4026062,-0.4286671,-0.66969836,-0.23043592,0.7059769,-0.32188934,-0.7666272,-0.5555808,0.66924685,-0.59931797,0.4392341,,0.9364585883284641,0.3224549884303702,0.17538414813000003,1.006511728725717,-0.11737075329851333,1.2337378656536795,-0.40656338060822095,,-0.8922304971577802,-0.20716230935107247,0.13642415218,4.537690377005107,0.6559918353738795,-0.2679095541270212,0.8750341622813339,,-0.03807872095538629,-0.09291914771461311,0.09128653716,-0.07097759633537142,,-5.049631e-05,-2.861023e-06,7.2717667e-06,1.0,1.9114465e-05,1.577288e-05,-1.9121915e-05,1.0,1.8179417e-06,-1.5784055e-05,-1.7285347e-06,0.99999994,156,0.469,0,0,0.0,False,-0.25624379479388093,1.0496598279610654
0.4835752599174157,12:06:59.438365,12:05:59.062341,0,,0.1288761,0.005703777,0.015813857,-0.9976805,0.00836312,-0.067554,-0.06795431,-0.18013602,0.9812916,-0.003962286,0.983606,0.18028662,,-0.03018725,-0.05957673,0.060109913,0.7459402,0.26331925,-0.61174804,0.33495796,-0.9422287,0.0028633475,-0.5756527,-0.20704588,-0.79104733,,0.09578337,1.3379649,0.44838786,0.9948043,-0.0097611025,-0.10133664,-0.0718461,-0.7725412,-0.63088685,-0.07212858,0.6348896,-0.7692286,,-0.08977373,0.24179065,-0.08793719,0.9884032,-0.10865603,0.10608018,-0.03765676,0.50137097,0.86441255,-0.14710917,-0.85838276,0.49146506,,0.0752112,0.40260458,-0.42866707,-0.66969943,-0.23026393,0.706032,-0.32189307,-0.7667584,-0.5553975,0.669244,-0.5992162,0.4393773,,0.9369296750337918,0.3230264706630628,0.17524155623,1.0063020387822323,-0.1114953838085994,1.2338476202031674,-0.40656338060822095,,-0.8922304971577802,-0.2071700320839467,0.13642544847000002,4.537690377005107,0.6559918353738795,-0.2681545903474429,0.8751975063474682,,-0.03807872095538629,-0.09291914771461311,0.09128653716,-0.07097759633537142,,-5.049631e-05,-2.861023e-06,7.2717667e-06,1.0,1.9114465e-05,1.577288e-05,-1.9121915e-05,1.0,1.8179417e-06,-1.5784055e-05,-1.7285347e-06,0.99999994,167,0.502,0,0,0.0,False,-0.2559459062012759,1.0490321853509326
0.5147029788931832,12:06:59.470528,12:05:59.062341,0,,0.12892404,0.00575047,0.015934587,-0.99777883,0.0011232123,-0.06660301,-0.065655544,-0.18545425,0.98045707,-0.011250578,0.98265207,0.18511617,,-0.030193716,-0.059578475,0.060108542,0.7459072,0.2630692,-0.611896,0.33495817,-0.94222736,0.0032304823,-0.57569546,-0.20736942,-0.79093146,,0.09578337,1.3379649,0.44838786,0.9948043,-0.0097611025,-0.10133664,-0.0718461,-0.7725412,-0.63088685,-0.07212858,0.6348896,-0.7692286,,-0.08982982,0.24190374,-0.08799303,0.98929894,-0.10167127,0.104644865,-0.040638093,0.49682778,0.86689717,-0.14012901,-0.86187303,0.4873795,,0.0752178,0.40260315,-0.4286681,-0.6696612,-0.22997528,0.7061623,-0.32192302,-0.7669855,-0.5550665,0.6692678,-0.59903646,0.4395861,,0.9373003662117545,0.3234975573683905,0.17515729738000002,1.0046245192343564,-0.10398037632150017,1.238337871718137,-0.4068900687404896,,-0.8921764380276607,-0.2071700320839467,0.13642674476000002,4.537690377005107,0.6559918353738795,-0.2685629840481457,0.8748708182151996,,-0.03807872095538629,-0.09291914771461311,0.09128653716,-0.07097759633537142,,-5.049631e-05,-2.861023e-06,7.2717667e-06,1.0,1.9114465e-05,1.577288e-05,-1.9121915e-05,1.0,1.8179417e-06,-1.5784055e-05,-1.7285347e-06,0.99999994,178,0.535,0,0,0.0,False,-0.2566012611050077,1.0497563883626244
0.5468390019377694,12:06:59.502147,12:05:59.062341,0,,0.12895282,0.005789891,0.016046926,-0.9975375,-0.012385629,-0.069032714,-0.06552467,-0.18639448,0.98028755,-0.025008842,0.9823967,0.18512404,,-0.030204266,-0.059583377,0.06010467,0.7458529,0.26301897,-0.61198384,0.33494955,-0.94223034,0.003265798,-0.5757708,-0.20741966,-0.79086345,,0.09578337,1.3379649,0.44838786,0.9948043,-0.0097611025,-0.10133664,-0.0718461,-0.7725412,-0.63088685,-0.07212858,0.6348896,-0.7692286,,-0.0898665,0.24200618,-0.088049315,0.9903275,-0.088270694,0.107050136,-0.04947365,0.49617165,0.8668137,-0.1296295,-0.86372566,0.48700535,,0.075228766,0.40259817,-0.4286704,-0.6695979,-0.22991912,0.70624065,-0.32198182,-0.76702154,-0.5549826,0.6693029,-0.59901184,0.43956622,,0.9379954121704347,0.3237369620874914,0.17507174224000002,0.9977047510993668,-0.0915464548428451,1.2384903637394735,-0.4068900687404896,,-0.89208376523317,-0.20718547754969516,0.13643063363000002,4.537690377005107,0.6559918353738795,-0.2686446627882863,0.8748708182151996,,-0.03807872095538629,-0.09291914771461311,0.09128653716,-0.07097759633537142,,-5.049631e-05,-2.861023e-06,7.2717667e-06,1.0,1.9114465e-05,1.577288e-05,-1.9121915e-05,1.0,1.8179417e-06,-1.5784055e-05,-1.7285347e-06,0.99999994,189,0.568,0,0,0.0,False,-0.2568991496976123,1.0488873447485942
0.5784851859789342,12:06:59.540397,12:05:59.062341,0,,0.12889287,0.0058024377,0.016080633,-0.99736345,-0.012707256,-0.07144679,-0.06782818,-0.18674836,0.98006344,-0.025796525,0.98232543,0.18539417,,-0.030206278,-0.059587013,0.060103476,0.74584246,0.26286912,-0.61206096,0.33493596,-0.94223446,0.0034720302,-0.5757923,-0.207591,-0.79080284,,0.09578337,1.3379649,0.44838786,0.9948043,-0.0097611025,-0.10133664,-0.0718461,-0.7725412,-0.63088685,-0.07212858,0.6348896,-0.7692286,,-0.089809276,0.2420386,-0.08807303,0.9900965,-0.08796439,0.10941275,-0.05173965,0.49586162,0.86685884,-0.13050629,-0.86393493,0.4863996,,0.075230934,0.40259516,-0.42867264,-0.66958475,-0.229749,0.7063085,-0.32200587,-0.76714295,-0.5548008,0.6693045,-0.59892166,0.43968666,,0.9383969942798944,0.3237292393546172,0.17504452015000002,0.9951884717775527,-0.09168309134261053,1.2388468178635919,-0.40672672467435533,,-0.8920605970345473,-0.20720864574831782,0.13643192992,4.537690377005107,0.6559918353738795,-0.2688896990087079,0.8750341622813338,,-0.03807872095538629,-0.09291914771461311,0.09128653716,-0.07097759633537142,,-5.049631e-05,-2.861023e-06,7.2717667e-06,1.0,1.9114465e-05,1.577288e-05,-1.9121915e-05,1.0,1.8179417e-06,-1.5784055e-05,-1.7285347e-06,0.99999994,200,0.6,0,0,0.0,False,-0.2555288621716292,1.049370146756389
0.6167179449694231,12:06:59.570077,12:05:59.208511,0,,0.12883332,0.0058298633,0.016119972,-0.99701595,-0.017182633,-0.07525903,-0.070822805,-0.18427917,0.980319,-0.030713163,0.9827236,0.1825124,,-0.030209646,-0.059588935,0.060100853,0.7458247,0.26281905,-0.61210406,0.33493155,-0.9422357,0.0035332143,-0.57581776,-0.20764825,-0.79076934,,0.09578337,1.3379649,0.44838786,0.9948043,-0.0097611025,-0.10133664,-0.0718461,-0.7725412,-0.63088685,-0.07212858,0.6348896,-0.7692286,,-0.08975213,0.24208596,-0.08809133,0.99003255,-0.08341202,0.11348142,-0.057214405,0.49807227,0.86524594,-0.12869386,-0.8631144,0.48833537,,0.075234614,0.4025923,-0.42867285,-0.66956395,-0.22969215,0.7063467,-0.32202673,-0.7671835,-0.5547326,0.6693152,-0.59889144,0.43971142,,0.9390148129098324,0.3237137938888688,0.17501729806000002,0.9899462231904395,-0.08840381534823998,1.2361727881748776,-0.40672672467435533,,-0.8920297061030504,-0.20721636848119204,0.13643452250000002,4.537690377005107,0.6559918353738795,-0.2689713777488485,0.8745441300829311,,-0.03807872095538629,-0.09291914771461311,0.09128653716,-0.07097759633537142,,-5.049631e-05,-2.861023e-06,7.2717667e-06,1.0,1.9114465e-05,1.577288e-05,-1.9121915e-05,1.0,1.8179417e-06,-1.5784055e-05,-1.7285347e-06,0.99999994,211,0.633,0,0,0.0,False,-0.2555288621716292,1.049514987358727
0.646410136949271,12:06:59.602118,12:05:59.208511,0,,0.12878546,0.005848132,0.016181499,-0.99677414,-0.021761663,-0.07725012,-0.07195291,-0.18406945,0.9802761,-0.035551853,0.9826721,0.18191004,,-0.030214876,-0.059591364,0.06009823,0.7457976,0.26271892,-0.61218005,0.3349272,-0.9422368,0.0036663413,-0.5758554,-0.20777029,-0.79070973,,0.09578337,1.3379649,0.44838786,0.9948043,-0.0097611025,-0.10133664,-0.0718461,-0.7725412,-0.63088685,-0.07212858,0.6348896,-0.7692286,,-0.08970916,0.24214059,-0.08813106,0.99017185,-0.07884305,0.11551374,-0.061218858,0.4982745,0.86485535,-0.12574539,-0.86342704,0.48855072,,0.07524015,0.40258932,-0.42867357,-0.6695323,-0.22957751,0.706414,-0.3220561,-0.7672695,-0.5545966,0.66933274,-0.5988253,0.43977484,,0.9396017406082734,0.323721516621743,0.17496674275000001,0.9863814941512026,-0.08430472035527677,1.2356073282287643,-0.40607334840981824,,-0.891983369705805,-0.20722409121406626,0.13643711508,4.537690377005107,0.6559918353738795,-0.26913473522912956,0.8748708182151996,,-0.03807872095538629,-0.09291914771461311,0.09128653716,-0.07097759633537142,,-5.049631e-05,-2.861023e-06,7.2717667e-06,1.0,1.9114465e-05,1.577288e-05,-1.9121915e-05,1.0,1.8179417e-06,-1.5784055e-05,-1.7285347e-06,0.99999994,219,0.657,0,0,0.0,False,-0.25636295023092304,1.0492253061540504
0.6784575768979266,12:06:59.630962,12:05:59.208511,0,,0.1287832,0.0058110505,0.01635328,-0.9964275,-0.03217698,-0.07808229,-0.07087998,-0.18404308,0.98035926,-0.045915537,0.9823912,0.18110493,,-0.030221537,-0.05959643,0.060097694,0.7456971,0.2626236,-0.61234343,0.33488005,-0.9422535,0.003692478,-0.576013,-0.2078152,-0.79058313,,0.09578337,1.3379649,0.44838786,0.9948043,-0.0097611025,-0.10133664,-0.0718461,-0.7725412,-0.63088685,-0.07212858,0.6348896,-0.7692286,,-0.08972474,0.24222395,-0.088285014,0.9908378,-0.068461046,0.11641957,-0.06713618,0.49828547,0.8644098,-0.11718858,-0.8643059,0.48912388,,0.075246856,0.40258646,-0.4286777,-0.66941255,-0.22947721,0.70655996,-0.3221982,-0.76730514,-0.5544647,0.6693841,-0.598818,0.43970656,,0.9402041137724629,0.3237601302861141,0.17478655844000002,0.9817683153945431,-0.07405698287286873,1.2348471082846046,-0.40705341280662366,,-0.8919293105756855,-0.20724725941268896,0.13643841137,4.537690377005107,0.656128471873645,-0.26924615313282607,0.8748708182151996,,-0.03807872095538629,-0.09291914771461311,0.09128653716,-0.07097759633537142,,-5.049631e-05,-2.861023e-06,7.2717667e-06,1.0,1.9114465e-05,1.577288e-05,-1.9121915e-05,1.0,1.8179417e-06,-1.5784055e-05,-1.7285347e-06,0.99999994,226,0.678,0,0,0.0,False,-0.2561246393568388,1.0493218665556094
0.70730129792355,12:06:59.654332,12:05:59.208511,0,,0.12888443,0.005798124,0.016741693,-0.9957581,-0.049905337,-0.07729935,-0.0666751,-0.18755847,0.97998786,-0.063404806,0.9809847,0.18343556,,-0.030227229,-0.05960105,0.06009513,0.7456676,0.2626236,-0.61237925,0.33486664,-0.94225836,0.0036577582,-0.5760589,-0.20779297,-0.7905556,,0.09578337,1.3379649,0.44838786,0.9948043,-0.0097611025,-0.10133664,-0.0718461,-0.7725412,-0.63088685,-0.07212858,0.6348896,-0.7692286,,-0.089861736,0.24246456,-0.08857589,0.9920131,-0.050905466,0.11540655,-0.0753026,0.49499387,0.8656273,-0.10119069,-0.867404,0.48720708,,0.07525284,0.4025822,-0.4286802,-0.66937757,-0.22947997,0.70659226,-0.32223937,-0.7672908,-0.5544607,0.6693993,-0.5988354,0.43965974,,0.9408759915325204,0.3245710172379077,0.17444952304000003,0.9767357567509145,-0.056977420402188665,1.2364388309492589,-0.40656338060822095,,-0.8918752514455659,-0.20727042761131162,0.13644100395,4.537690377005107,0.656128471873645,-0.26924615313282607,0.8748708182151996,,-0.03807872095538629,-0.09291914771461311,0.09128653716,-0.07097759633537142,,-5.049631e-05,-2.861023e-06,7.2717667e-06,1.0,1.9114465e-05,1.577288e-05,-1.9121915e-05,1.0,1.8179417e-06,-1.5784055e-05,-1.7285347e-06,0.99999994,237,0.711,0,0,0.0,False,-0.2551713958605024,1.0496598279610654
0.7306291679851711,12:06:59.685168,12:05:59.208511,0,,0.12911251,0.0058654994,0.016935661,-0.99474293,-0.06780732,-0.07673592,-0.0621056,-0.19632629,0.9785698,-0.081419505,0.978191,0.1910832,,-0.030229658,-0.059606966,0.060094595,0.7455885,0.26242852,-0.61255926,0.33481023,-0.94227767,0.0038365424,-0.57619417,-0.2079517,-0.7904153,,0.09578337,1.3379649,0.44838786,0.9948043,-0.0097611025,-0.10133664,-0.0718461,-0.7725412,-0.63088685,-0.07212858,0.6348896,-0.7692286,,-0.09010246,0.24263792,-0.08865452,0.9929134,-0.033346903,0.11406525,-0.08353856,0.48681036,0.86950386,-0.08452341,-0.8728709,0.4805748,,0.07525535,0.4025784,-0.42868474,-0.6692818,-0.22926643,0.7067523,-0.3223718,-0.767407,-0.5542228,0.6694313,-0.59876823,0.43970248,,0.9408682687996462,0.3255518043129342,0.17432637549000002,0.9717031981072858,-0.03962458493197773,1.2436069083565,-0.4049299399468784,,-0.8918520832469433,-0.20730904127568273,0.13644230024,4.537690377005107,0.6562651083734105,-0.26952092851680354,0.8748708182151996,,-0.03807872095538629,-0.09291914771461311,0.09128653716,-0.07097759633537142,,-5.049631e-05,-2.861023e-06,7.2717667e-06,1.0,1.9114465e-05,1.577288e-05,-1.9121915e-05,1.0,1.8179417e-06,-1.5784055e-05,-1.7285347e-06,0.99999994,252,0.755,0,0,0.0,False,-0.25624379479388093,1.04927358635483
0.7614862319314852,12:06:59.723011,12:05:59.357549,0,,0.12918301,0.005915515,0.017187715,-0.99408644,-0.07406151,-0.07941624,-0.06347029,-0.19712824,0.97832096,-0.08811115,0.977576,0.19126195,,-0.03023322,-0.059608143,0.060091436,0.7455032,0.26233304,-0.6127039,0.33477658,-0.9422895,0.0038898885,-0.5763241,-0.20801899,-0.7903028,,0.09578337,1.3379649,0.44838786,0.9948043,-0.0097611025,-0.10133664,-0.0718461,-0.7725412,-0.63088685,-0.07212858,0.6348896,-0.7692286,,-0.09019282,0.2428384,-0.088805,0.99279696,-0.027118009,0.116699524,-0.08893114,0.4859053,0.8694753,-0.08028336,-0.87359065,0.47999367,,0.07525928,0.40257558,-0.428684,-0.6691807,-0.2291632,0.7068815,-0.32248554,-0.7674571,-0.5540872,0.66947764,-0.5987435,0.43966565,,0.9411849008474894,0.3266020959838287,0.17413322828000002,0.9668803294071417,-0.03470567094042187,1.243108049649473,-0.4062366924759524,,-0.8918289150483206,-0.20730904127568273,0.13644618911,4.537690377005107,0.6564017448731759,-0.26963234642050005,0.8748708182151996,,-0.03807872095538629,-0.09291914771461311,0.09128653716,-0.07097759633537142,,-5.049631e-05,-2.861023e-06,7.2717667e-06,1.0,1.9114465e-05,1.577288e-05,-1.9121915e-05,1.0,1.8179417e-06,-1.5784055e-05,-1.7285347e-06,0.99999994,259,0.776,0,0,0.0,False,-0.2568991496976123,1.0492253061540504
0.7993402238935232,12:06:59.748958,12:05:59.357549,0,,0.12926167,0.006048888,0.017372519,-0.9932085,-0.08436295,-0.08012284,-0.06215133,-0.1974577,0.9783392,-0.098356485,0.97667444,0.19087356,,-0.030237705,-0.05961361,0.06008953,0.7454133,0.2621877,-0.6128755,0.3347247,-0.9423074,0.0039923787,-0.57647043,-0.20812061,-0.79016924,,0.09578337,1.3379649,0.44838786,0.9948043,-0.0097611025,-0.10133664,-0.0718461,-0.7725412,-0.63088685,-0.07212858,0.6348896,-0.7692286,,-0.09028042,0.24305849,-0.088849895,0.9929378,-0.016812438,0.11743867,-0.094593376,0.48524082,0.8692488,-0.07160023,-0.8742189,0.4802236,,0.075264,0.40257123,-0.4286875,-0.66907287,-0.22900619,0.7070344,-0.32262278,-0.76753294,-0.5539022,0.66951925,-0.59870636,0.43965286,,0.9417563830801821,0.3275983285246037,0.17405026572,0.9628962204809359,-0.025414388956371922,1.2418208951889398,-0.40738010093889265,,-0.8917903013839494,-0.20733993220717964,0.13644878169000002,4.537690377005107,0.6565383813729414,-0.26982544306433714,0.8747074741490652,,-0.03807872095538629,-0.09291914771461311,0.09128653716,-0.07097759633537142,,-5.049631e-05,-2.861023e-06,7.2717667e-06,1.0,1.9114465e-05,1.577288e-05,-1.9121915e-05,1.0,1.8179417e-06,-1.5784055e-05,-1.7285347e-06,0.99999994,270,0.809,0,0,0.0,False,-0.2550522404234603,1.0491287457524916
0.8252905479166657,12:06:59.784268,12:05:59.357549,0,,0.12933908,0.006065786,0.017585754,-0.99128497,-0.100837536,-0.08476919,-0.062525675,-0.20623797,0.97650206,-0.11595073,0.973292,0.1981358,,-0.030245662,-0.05962139,0.06008917,0.74517274,0.26190147,-0.6132903,0.33460078,-0.94235086,0.0041290224,-0.5768533,-0.20828435,-0.7898467,,0.09578337,1.3379649,0.44838786,0.9948043,-0.0097611025,-0.10133664,-0.0718461,-0.7725412,-0.63088685,-0.07212858,0.6348896,-0.7692286,,-0.09037598,0.24320848,-0.08899175,0.99261713,-0.000619691,0.121288486,-0.10633124,0.47664186,0.87264323,-0.058351938,-0.87909734,0.47305697,,0.07527199,0.40256697,-0.428694,-0.6687856,-0.22870146,0.70740473,-0.3229741,-0.76765853,-0.55352336,0.6696369,-0.59866184,0.43953434,,0.9423510335114973,0.32803080156556025,0.17387915544000002,0.9534601730241322,-0.010111100982642594,1.2491900238290974,-0.4055833162114155,,-0.8917362422538299,-0.20737854587155075,0.13645137427,4.537690377005107,0.6569482908722377,-0.27015969677542623,0.8747074741490652,,-0.03807872095538629,-0.09291914771461311,0.09128653716,-0.07097759633537142,,-5.049631e-05,-2.861023e-06,7.2717667e-06,1.0,1.9114465e-05,1.577288e-05,-1.9121915e-05,1.0,1.8179417e-06,-1.5784055e-05,-1.7285347e-06,0.99999994,281,0.842,0,0,0.0,False,-0.2566608388235285,1.0493218665556094
0.8606040299637243,12:06:59.819144,12:05:59.357549,0,,0.12937915,0.006080024,0.017825663,-0.98862314,-0.12262078,-0.08711079,-0.059764516,-0.21123129,0.9756073,-0.13803026,0.969714,0.20149994,,-0.030250847,-0.05962382,0.060085297,0.7451455,0.2618512,-0.61334467,0.33459637,-0.9423522,0.00418517,-0.5768909,-0.20834166,-0.78980416,,0.09578337,1.3379649,0.44838786,0.9948043,-0.0097611025,-0.10133664,-0.0718461,-0.7725412,-0.63088685,-0.07212858,0.6348896,-0.7692286,,-0.090436995,0.24337436,-0.08915944,0.9921507,0.021082744,0.12325753,-0.11860846,0.47088414,0.87418544,-0.03960979,-0.8819431,0.46968862,,0.075277634,0.40256298,-0.42869395,-0.66875386,-0.2286444,0.70745313,-0.32300347,-0.7676991,-0.55345,0.66965437,-0.5986316,0.43954882,,0.9434476615796372,0.32821614715454167,0.17368341565,0.9442338155108131,0.011204192980766118,1.2521468371474556,-0.40607334840981846,,-0.8916899058565846,-0.207386268604425,0.13645526314,4.537690377005107,0.6569482908722377,-0.2702413755155669,0.8748708182151996,,-0.03807872095538629,-0.09291914771461311,0.09128653716,-0.07097759633537142,,-5.049631e-05,-2.861023e-06,7.2717667e-06,1.0,1.9114465e-05,1.577288e-05,-1.9121915e-05,1.0,1.8179417e-06,-1.5784055e-05,-1.7285347e-06,0.99999994,296,0.887,0,0,0.0,False,-0.2559459062012759,1.0497563883626244
0.8954778999323025,12:06:59.854771,12:05:59.357549,0,,0.12930302,0.0060623884,0.017965853,-0.9874091,-0.12835275,-0.09245959,-0.063702345,-0.21236864,0.9751111,-0.14479372,0.9687233,0.20151839,,-0.030258939,-0.059631135,0.060085356,0.7451043,0.26180112,-0.61341614,0.33457392,-0.94236004,0.0042084754,-0.57695717,-0.20836893,-0.78974855,,0.09578337,1.3379649,0.44838786,0.9948043,-0.0097611025,-0.10133664,-0.0718461,-0.7725412,-0.63088685,-0.07212858,0.6348896,-0.7692286,,-0.09037517,0.24345322,-0.08928481,0.99134123,0.026807938,0.1285455,-0.12601376,0.4694715,0.87390906,-0.03692074,-0.8825406,0.46878463,,0.075285695,0.40255937,-0.42870033,-0.66870457,-0.22859126,0.7075169,-0.32306492,-0.7677202,-0.55338484,0.669674,-0.5986249,0.4395282,,0.9441890439355628,0.3281698107572963,0.17354860149,0.9371043574323394,0.01571319747302565,1.2524723045923611,-0.4062366924759526,,-0.8916126785278423,-0.2074248822687961,0.13645526314,4.537690377005107,0.6569482908722377,-0.2703230542557074,0.8750341622813339,,-0.03807872095538629,-0.09291914771461311,0.09128653716,-0.07097759633537142,,-5.049631e-05,-2.861023e-06,7.2717667e-06,1.0,1.9114465e-05,1.577288e-05,-1.9121915e-05,1.0,1.8179417e-06,-1.5784055e-05,-1.7285347e-06,0.99999994,303,0.908,0,0,0.0,False,-0.25600548391979716,1.049418426957168
0.9311109689297155,12:06:59.875032,12:05:59.357549,0,,0.12920818,0.006086096,0.018044472,-0.9863099,-0.1339232,-0.09621488,-0.06651211,-0.21081516,0.9752605,-0.1508936,0.96830845,0.19902164,,-0.030260518,-0.05963255,0.060084045,0.74509615,0.26175103,-0.61344755,0.33456945,-0.94236135,0.004274726,-0.5769704,-0.208426,-0.7897238,,0.09578337,1.3379649,0.44838786,0.9948043,-0.0097611025,-0.10133664,-0.0718461,-0.7725412,-0.63088685,-0.07212858,0.6348896,-0.7692286,,-0.09028673,0.24352387,-0.08933894,0.9906488,0.032471817,0.13251628,-0.13212852,0.4704762,0.8724644,-0.034015253,-0.881815,0.47036713,,0.07528742,0.40255764,-0.4287008,-0.66869473,-0.22853442,0.7075446,-0.3230772,-0.7677606,-0.5533216,0.6696779,-0.5985948,0.43956318,,0.9450848809489728,0.3280694152299314,0.17348637957000002,0.9312330390147727,0.020358838465050627,1.249990955708932,-0.40721675687275805,,-0.8915972330620938,-0.20743260500167032,0.13645655943,4.537690377005107,0.6569482908722377,-0.27040473299584794,0.8748708182151997,,-0.03807872095538629,-0.09291914771461311,0.09128653716,-0.07097759633537142,,-5.049631e-05,-2.861023e-06,7.2717667e-06,1.0,1.9114465e-05,1.577288e-05,-1.9121915e-05,1.0,1.8179417e-06,-1.5784055e-05,-1.7285347e-06,0.99999994,314,0.94,0,0,0.0,False,-0.25624379479388093,1.0496115477602863
0.9513718669768423,12:06:59.913004,12:05:59.357549,0,,0.12901673,0.0062085614,0.018169224,-0.983416,-0.14806964,-0.104729354,-0.07217636,-0.21023816,0.9749823,-0.16638339,0.966372,0.19606456,,-0.030258343,-0.059633043,0.060082793,0.74510676,0.2617512,-0.6134345,0.3345648,-0.942363,0.0042741,-0.57695925,-0.2084184,-0.789734,,0.09578337,1.3379649,0.44838786,0.9948043,-0.0097611025,-0.10133664,-0.0718461,-0.7725412,-0.63088685,-0.07212858,0.6348896,-0.7692286,,-0.090100914,0.24370117,-0.08937428,0.9888716,0.046746086,0.14123659,-0.14653932,0.46989334,0.8704749,-0.02567484,-0.88148457,0.4715143,,0.07528543,0.40255612,-0.42870024,-0.6687067,-0.22853553,0.70753294,-0.3230724,-0.7677556,-0.5533313,0.66966826,-0.59860075,0.43956983,,0.9471931870236361,0.32799218790118917,0.17342934281000003,0.9176031926882785,0.03265612344394027,1.2469060372882015,-0.4070534128066239,,-0.8916126785278423,-0.20744032773454454,0.13645785572000002,4.537690377005107,0.6569482908722377,-0.27040473299584794,0.8748708182151997,,-0.03807872095538629,-0.09291914771461311,0.09128653716,-0.07097759633537142,,-5.049631e-05,-2.861023e-06,7.2717667e-06,1.0,1.9114465e-05,1.577288e-05,-1.9121915e-05,1.0,1.8179417e-06,-1.5784055e-05,-1.7285347e-06,0.99999994,325,0.973,0,0,0.0,False,-0.2559459062012759,1.0490321853509326
