Task Time,PC1 Time,PC2 Time,Gaze Calib,s_T_psm1,Tx,Ty,Tz,R00,R01,R02,R10,R11,R12,R20,R21,R22,s_T_psm3,Tx,Ty,Tz,R00,R01,R02,R10,R11,R12,R20,R21,R22,cart_T_ecm,Tx,Ty,Tz,R00,R01,R02,R10,R11,R12,R20,R21,R22,ecm_T_psm1,Tx,Ty,Tz,R00,R01,R02,R10,R11,R12,R20,R21,R22,ecm_T_psm3,Tx,Ty,Tz,R00,R01,R02,R10,R11,R12,R20,R21,R22,psm1_joints,q1,q2,q3,q4,q5,q6,jaw,psm3_joints,q1,q2,q3,q4,q5,q6,jaw,ecm_joints,q1,q2,q3,q4,ecmi_T_ecm,Tx,Ty,Tz,R00,R01,R02,R10,R11,R12,R20,R21,R22,Sample #,Task Duration (s),Collisions (binary),Collisions (increments),Cumulative Collision Time (s),Clutch Press,MTMR Angle,MTML Angle
""
lci_T_si,,,,,-0.06109692,0.03167272,0.2299341,0.9947057,-0.03862675,0.09522884,0.030706912,-0.772613,-0.63413423,0.098069586,0.63370115,-0.7673364
rci_T_si,,,,,-0.07092086,0.035947774,0.24085279,0.99028605,-0.05390731,0.12817007,0.04142117,-0.7655644,-0.64202446,0.13273226,0.64109683,-0.75589484
ecm_T_lc,,,,,-4.4061628e-05,-0.00034663224,-0.01840835,-0.99912,0.030754527,0.028518902,-0.031987965,-0.99852574,-0.043852776,0.027128186,-0.04472645,0.9986309
ecm_T_rc,,,,,-0.0043358393,0.01870579,-0.007592615,-0.99555075,-0.052743673,-0.078081585,0.04863213,-0.9973746,0.053654674,-0.08070653,0.04961868,0.9955021
cart_T_ecmi,,,,,0.09583431,1.3379636,0.44839177,0.99480253,-0.009780299,-0.10135232,-0.07187082,-0.7725409,-0.63088435,-0.07212858,0.6348896,-0.7692286
ecmac_T_ecmrep_psm1,,,,,0.006309411,-0.25313872,-0.31568977,0.99868697,0.047558498,0.019040095,-0.047043137,0.9985371,-0.026657216,-0.020280018,0.025726508,0.99946326
ecmac_T_ecmrep_psm3,,,,,-0.020520164,-0.44355312,-0.56256753,0.99888426,-0.027940953,0.03807337,0.020709034,0.9837047,0.17859514,-0.04244307,-0.17760742,0.9831857
""
0,12:08:44.126497,12:07:43.744390,0,,0.13312781,0.010302611,0.023735031,-0.60207355,-0.37093556,-0.70704603,-0.7346146,-0.08957949,0.67254496,-0.31280774,0.92432797,-0.21856117,,-0.030660167,-0.060279965,0.059891045,0.7469444,0.25150755,-0.61548173,0.33352202,-0.9425384,0.019605607,-0.57518417,-0.21992105,-0.7879071,,0.09568539,1.3379704,0.44839272,0.99481153,-0.0096834665,-0.10127324,-0.071746126,-0.7725422,-0.63089705,-0.07212858,0.6348896,-0.7692286,,-0.09438236,0.25035286,-0.0904983,0.58581686,0.27899683,0.76090693,-0.75165886,0.5380938,0.38139746,-0.3030306,-0.79537153,0.5249348,,0.07580607,0.40205958,-0.42911875,-0.6707644,-0.21683258,0.70926636,-0.3225657,-0.7758394,-0.5422403,0.66785216,-0.5925005,0.45046267,,0.9434167706481403,0.3860130799852379,0.17144861169000003,0.1386050526432706,-0.20727757014417317,1.0642199518480333,-0.40443990774847527,,-0.8869481478718108,-0.21147931702776399,0.13664841035000003,4.537900066948591,0.6491600103856076,-0.2881491408266178,0.8750341622813339,,-0.037993636154351564,-0.09291914771461311,0.09128296528,-0.07163176773016745,,-0.00014869496,-3.0994415e-06,1.001358e-05,1.0,9.641424e-05,7.95722e-05,-9.642169e-05,1.0,9.059906e-06,-7.95871e-05,-9.000301e-06,0.99999994,34,0.102,0,0,0.0,False,-0.25386068605304013,1.049514987358727
0.13651958294212818,12:08:44.152313,12:07:43.744390,0,,0.13313307,0.010226734,0.023977056,-0.6023463,-0.37514925,-0.7045863,-0.7321042,-0.09214339,0.6749319,-0.31812322,0.9223733,-0.21914609,,-0.030659243,-0.060279727,0.059891045,0.74694914,0.25150767,-0.6154759,0.33352196,-0.94253826,0.01960811,-0.5751781,-0.21992111,-0.78791165,,0.09568539,1.3379704,0.44839272,0.99481153,-0.0096834665,-0.10127324,-0.071746126,-0.7725422,-0.63089705,-0.07212858,0.6348896,-0.7692286,,-0.09441405,0.25045216,-0.09072958,0.58671683,0.28322062,0.75864977,-0.75319564,0.53494555,0.38279185,-0.29742175,-0.7960021,0.5271821,,0.07580514,0.4020596,-0.42911848,-0.6707698,-0.2168327,0.7092612,-0.32256144,-0.7758394,-0.5422429,0.66784877,-0.59250045,0.4504678,,0.9435017207097568,0.3861675346427224,0.17119583514000003,0.1388147425867551,-0.20153883715402465,1.0623991557977033,-0.4062366924759524,,-0.886955870604685,-0.21147931702776399,0.13664841035000003,4.537900066948591,0.6491600103856076,-0.2881491408266178,0.8750341622813339,,-0.037993636154351564,-0.09291914771461311,0.09128296528,-0.07163176773016745,,-0.00014869496,-3.0994415e-06,1.001358e-05,1.0,9.641424e-05,7.95722e-05,-9.642169e-05,1.0,9.059906e-06,-7.95871e-05,-9.000301e-06,0.99999994,46,0.138,0,0,0.0,False,-0.252847864838182,1.049418426957168
0.16231461300048977,12:08:44.181089,12:07:43.821106,0,,0.13316879,0.010188691,0.02421607,-0.60248286,-0.38244796,-0.7005339,-0.7276477,-0.09743589,0.6789956,-0.32793766,0.91882503,-0.21958393,,-0.030659735,-0.06027779,0.059891045,0.74694675,0.25150737,-0.61547905,0.33353102,-0.94253486,0.019619524,-0.575176,-0.21993619,-0.7879089,,0.09568539,1.3379704,0.44839272,0.99481153,-0.0096834665,-0.10127324,-0.071746126,-0.7725422,-0.63089705,-0.07212858,0.6348896,-0.7692286,,-0.094473615,0.2505778,-0.090930894,0.58800364,0.29050368,0.75489026,-0.7561753,0.5287394,0.3855303,-0.28714228,-0.79752254,0.5305724,,0.07580563,0.40206084,-0.429117,-0.6707677,-0.21683052,0.70926386,-0.32255402,-0.77584904,-0.54223347,0.6678545,-0.5924886,0.45047495,,0.9435635025727506,0.3862988211015842,0.17096120665000003,0.1388147425867551,-0.1908811901723203,1.0599978223002058,-0.40738010093889265,,-0.886955870604685,-0.21146387156201552,0.13664841035000003,4.537900066948591,0.6491600103856076,-0.2881491408266178,0.8750341622813339,,-0.037993636154351564,-0.09291914771461311,0.09128296528,-0.07163176773016745,,-0.00014869496,-3.0994415e-06,1.001358e-05,1.0,9.641424e-05,7.95722e-05,-9.642169e-05,1.0,9.059906e-06,-7.95871e-05,-9.000301e-06,0.99999994,54,0.163,0,0,0.0,False,-0.2538011083345184,1.0493218665556094
0.1910711609525606,12:08:44.202291,12:07:43.821106,0,,0.13317043,0.010135658,0.0243897,-0.6025382,-0.38415986,-0.69954896,-0.72522855,-0.10234398,0.6808592,-0.3331535,0.91757655,-0.21693748,,-0.030659497,-0.060278744,0.059891045,0.74694794,0.25150752,-0.61547744,0.3335265,-0.9425366,0.019613832,-0.5751771,-0.21992856,-0.7879103,,0.09568539,1.3379704,0.44839272,0.99481153,-0.0096834665,-0.10127324,-0.071746126,-0.7725422,-0.63089705,-0.07212858,0.6348896,-0.7692286,,-0.09449415,0.25065017,-0.09109614,0.58867323,0.29204327,0.7537735,-0.75772035,0.52422494,0.388649,-0.28164455,-0.79993683,0.52988434,,0.07580539,0.40206024,-0.42911774,-0.67076874,-0.21683161,0.7092625,-0.32255772,-0.7758442,-0.5422382,0.6678516,-0.59249455,0.45047137,,0.9436561753672413,0.3863219893002069,0.17077842976000002,0.1388147425867551,-0.18514245718217182,1.0617708908160604,-0.405419972145281,,-0.886955870604685,-0.21147159429488974,0.13664841035000003,4.537900066948591,0.6491600103856076,-0.2881491408266178,0.8750341622813339,,-0.037993636154351564,-0.09291914771461311,0.09128296528,-0.07163176773016745,,-0.00014869496,-3.0994415e-06,1.001358e-05,1.0,9.641424e-05,7.95722e-05,-9.642169e-05,1.0,9.059906e-06,-7.95871e-05,-9.000301e-06,0.99999994,61,0.184,0,0,0.0,False,-0.25302659799374494,1.0495632675595068
0.2123039539437741,12:08:44.228465,12:07:43.821106,0,,0.1331637,0.010068826,0.024561957,-0.60240334,-0.3862763,-0.6984989,-0.7237037,-0.10481575,0.6821045,-0.3366946,0.9164082,-0.21640816,,-0.030658558,-0.060278505,0.059891045,0.74695265,0.25145736,-0.61549217,0.3335265,-0.942535,0.019693315,-0.575171,-0.21999297,-0.78789675,,0.09568539,1.3379704,0.44839272,0.99481153,-0.0096834665,-0.10127324,-0.071746126,-0.7725422,-0.63089705,-0.07212858,0.6348896,-0.7692286,,-0.09450702,0.25071126,-0.09127015,0.58894974,0.2941151,0.7527513,-0.75886166,0.5216222,0.38992214,-0.27796978,-0.80087864,0.5304019,,0.07580446,0.4020603,-0.42911747,-0.6707742,-0.21677381,0.709275,-0.32255346,-0.7758885,-0.5421773,0.6678482,-0.5924577,0.45052487,,0.9437411254288578,0.38636060296457797,0.170591764,0.1386050526432706,-0.1813166351887395,1.0616733028977614,-0.4068900687404897,,-0.8869635933375591,-0.21147159429488974,0.13664841035000003,4.537900066948591,0.6491600103856076,-0.28823081956675833,0.8751975063474682,,-0.037993636154351564,-0.09291914771461311,0.09128296528,-0.07163176773016745,,-0.00014869496,-3.0994415e-06,1.001358e-05,1.0,9.641424e-05,7.95722e-05,-9.642169e-05,1.0,9.059906e-06,-7.95871e-05,-9.000301e-06,0.99999994,69,0.208,0,0,0.0,False,-0.25350321974191337,1.0498529487641832
0.23849075695034117,12:08:44.253406,12:07:43.821106,0,,0.13313547,0.009954177,0.024793252,-0.6016003,-0.38676375,-0.69892114,-0.72385955,-0.106045574,0.68174887,-0.33779335,0.9160611,-0.21616551,,-0.030659497,-0.060278744,0.059891045,0.74694794,0.2514572,-0.61549807,0.3335265,-0.942535,0.019690812,-0.5751771,-0.21999297,-0.78789234,,0.09568539,1.3379704,0.44839272,0.99481153,-0.0096834665,-0.10127324,-0.071746126,-0.7725422,-0.63089705,-0.07212858,0.6348896,-0.7692286,,-0.09450663,0.25077468,-0.09152196,0.5882433,0.29456216,0.75312877,-0.7597069,0.5204697,0.38981622,-0.27715558,-0.8014639,0.5299437,,0.07580539,0.40206024,-0.42911774,-0.67076874,-0.21677367,0.70928025,-0.32255772,-0.7758885,-0.5421748,0.6678516,-0.5924577,0.45051977,,0.9438646891548453,0.38648416669056557,0.17033250600000002,0.13755660292584798,-0.18049681619014685,1.062148297837551,-0.40607334840981835,,-0.886955870604685,-0.21147159429488974,0.13664841035000003,4.537900066948591,0.6491600103856076,-0.28823081956675833,0.8751975063474682,,-0.037993636154351564,-0.09291914771461311,0.09128296528,-0.07163176773016745,,-0.00014869496,-3.0994415e-06,1.001358e-05,1.0,9.641424e-05,7.95722e-05,-9.642169e-05,1.0,9.059906e-06,-7.95871e-05,-9.000301e-06,0.99999994,77,0.232,0,0,0.0,False,-0.2519541990603664,1.0496598279610654
0.26341721194330603,12:08:44.274093,12:07:43.938800,0,,0.13311344,0.009883486,0.024945408,-0.601622,-0.38753432,-0.69847554,-0.72319794,-0.1070264,0.6822976,-0.33916909,0.9156212,-0.21587457,,-0.030659243,-0.060279727,0.059891045,0.74694914,0.2514574,-0.6154965,0.33352196,-0.9425367,0.01968512,-0.5751781,-0.21998546,-0.7878937,,0.09568539,1.3379704,0.44839272,0.99481153,-0.0096834665,-0.10127324,-0.071746126,-0.7725422,-0.63089705,-0.07212858,0.6348896,-0.7692286,,-0.094502665,0.25082007,-0.09168493,0.58842826,0.29531327,0.75269,-0.76009643,0.5194512,0.39041492,-0.27569103,-0.8018482,0.53012633,,0.07580514,0.4020596,-0.42911848,-0.6707698,-0.21677476,0.7092789,-0.32256144,-0.7758837,-0.5421795,0.66784877,-0.5924637,0.4505162,,0.9439805301479587,0.3865227803549367,0.17016269201,0.13755660292584798,-0.178993814692727,1.0620662032588581,-0.4064000365420869,,-0.886955870604685,-0.21147931702776399,0.13664841035000003,4.537900066948591,0.6491600103856076,-0.28823081956675833,0.8751975063474682,,-0.037993636154351564,-0.09291914771461311,0.09128296528,-0.07163176773016745,,-0.00014869496,-3.0994415e-06,1.001358e-05,1.0,9.641424e-05,7.95722e-05,-9.642169e-05,1.0,9.059906e-06,-7.95871e-05,-9.000301e-06,0.99999994,88,0.266,0,0,0.0,False,-0.25278828711966117,1.049804668563404
0.28410969697870314,12:08:44.302810,12:07:43.938800,0,,0.13309574,0.009832941,0.025089577,-0.60165006,-0.3879526,-0.69821906,-0.72183746,-0.11020014,0.6832324,-0.34200567,0.91506743,-0.21373674,,-0.030658305,-0.06027946,0.059891045,0.7469539,0.2514575,-0.6154907,0.33352196,-0.94253665,0.019687623,-0.575172,-0.21998549,-0.7878981,,0.09568539,1.3379704,0.44839272,0.99481153,-0.0096834665,-0.10127324,-0.071746126,-0.7725422,-0.63089705,-0.07212858,0.6348896,-0.7692286,,-0.09450112,0.2508755,-0.09182838,0.588793,0.29560086,0.7522918,-0.7609027,0.5166851,0.39250934,-0.2726719,-0.8035276,0.52914405,,0.07580421,0.40205967,-0.42911822,-0.6707753,-0.21677488,0.7092737,-0.32255715,-0.7758837,-0.542182,0.66784537,-0.5924636,0.4505213,,0.9441349848054432,0.3865459485535594,0.17000843350000003,0.13755660292584798,-0.17585117519812185,1.063669207221009,-0.4055833162114154,,-0.8869635933375591,-0.21147931702776399,0.13664841035000003,4.537900066948591,0.6491600103856076,-0.28823081956675833,0.8751975063474682,,-0.037993636154351564,-0.09291914771461311,0.09128296528,-0.07163176773016745,,-0.00014869496,-3.0994415e-06,1.001358e-05,1.0,9.641424e-05,7.95722e-05,-9.642169e-05,1.0,9.059906e-06,-7.95871e-05,-9.000301e-06,0.99999994,92,0.278,0,0,0.0,False,-0.25451604095677105,1.0494667071579475
0.312836596975103,12:08:44.323539,12:07:43.938800,0,,0.13308601,0.009793408,0.025233194,-0.6021633,-0.38703477,-0.69828594,-0.7198818,-0.11496809,0.68450904,-0.34520945,0.9148695,-0.20938969,,-0.030658558,-0.060278505,0.059891045,0.74695265,0.25145736,-0.61549217,0.3335265,-0.942535,0.019693315,-0.575171,-0.21999297,-0.78789675,,0.09568539,1.3379704,0.44839272,0.99481153,-0.0096834665,-0.10127324,-0.071746126,-0.7725422,-0.63089705,-0.07212858,0.6348896,-0.7692286,,-0.09450685,0.25093883,-0.09196346,0.58970726,0.29443762,0.7520318,-0.76148653,0.5129153,0.39630312,-0.2690421,-0.8063649,0.5266802,,0.07580446,0.4020603,-0.42911747,-0.6707742,-0.21677381,0.709275,-0.32255346,-0.7758885,-0.5421773,0.6678482,-0.5924577,0.45052487,,0.9442739939971793,0.38660773041655316,0.16986065644,0.13818567275630153,-0.17216198970445498,1.0672769017725912,-0.4057466602775497,,-0.8869635933375591,-0.21147159429488974,0.13664841035000003,4.537900066948591,0.6491600103856076,-0.28823081956675833,0.8751975063474682,,-0.037993636154351564,-0.09291914771461311,0.09128296528,-0.07163176773016745,,-0.00014869496,-3.0994415e-06,1.001358e-05,1.0,9.641424e-05,7.95722e-05,-9.642169e-05,1.0,9.059906e-06,-7.95871e-05,-9.000301e-06,0.99999994,104,0.314,0,0,0.0,False,-0.25344364202339253,1.049514987358727
0.333567225956358,12:08:44.353232,12:07:43.938800,0,,0.13309458,0.009762354,0.025430307,-0.6031438,-0.39012182,-0.6957172,-0.71571887,-0.12031022,0.6879476,-0.3520853,0.9128692,-0.20665315,,-0.030660927,-0.06027709,0.059890985,0.74694085,0.2514568,-0.6155069,0.3335356,-0.9425316,0.019699723,-0.57518107,-0.22000802,-0.7878852,,0.09568539,1.3379704,0.44839272,0.99481153,-0.0096834665,-0.10127324,-0.071746126,-0.7725422,-0.63089705,-0.07212858,0.6348896,-0.7692286,,-0.09453518,0.25104302,-0.092131466,0.5915471,0.29738876,0.7494211,-0.76276773,0.50760585,0.40065157,-0.26126125,-0.8086385,0.5271113,,0.075806804,0.40206137,-0.42911652,-0.6707612,-0.21677138,0.70928806,-0.3225546,-0.77589816,-0.54216284,0.66786075,-0.5924459,0.4505218,,0.9444284486546637,0.3867004032110439,0.16966880552000002,0.1394438124172087,-0.16423707271805943,1.0680023924905682,-0.4064000365420868,,-0.8869481478718108,-0.2114561488291413,0.13664841035000003,4.537900066948591,0.6491600103856076,-0.28823081956675833,0.8751975063474682,,-0.037993636154351564,-0.09291914771461311,0.09128296528,-0.07163176773016745,,-0.00014869496,-3.0994415e-06,1.001358e-05,1.0,9.641424e-05,7.95722e-05,-9.642169e-05,1.0,9.059906e-06,-7.95871e-05,-9.000301e-06,0.99999994,112,0.339,0,0,0.0,False,-0.25266913168261906,1.049708108161845
0.36325660697184503,12:08:44.374757,12:07:43.938800,0,,0.1330947,0.009719066,0.025609553,-0.6054145,-0.39357185,-0.6917906,-0.71100575,-0.12318471,0.69231236,-0.35769275,0.911003,-0.20525399,,-0.030660674,-0.060278043,0.059891045,0.7469419,0.25145695,-0.61550534,0.33353105,-0.9425334,0.019694,-0.57518214,-0.2200005,-0.7878865,,0.09568539,1.3379704,0.44839272,0.99481153,-0.0096834665,-0.10127324,-0.071746126,-0.7725422,-0.63089705,-0.07212858,0.6348896,-0.7692286,,-0.094554186,0.25112647,-0.09229481,0.59458447,0.3008277,0.7456353,-0.76278555,0.504266,0.40481353,-0.2542194,-0.80945563,0.5292958,,0.07580656,0.40206078,-0.42911726,-0.67076224,-0.21677247,0.70928675,-0.3225583,-0.77589333,-0.54216754,0.6678579,-0.5924519,0.45051822,,0.9445520123806513,0.3867004032110439,0.16948602863,0.14237947162599204,-0.15713197473025653,1.0666193134659447,-0.4057466602775497,,-0.8869481478718108,-0.21146387156201552,0.13664841035000003,4.537900066948591,0.6491600103856076,-0.28823081956675833,0.8751975063474682,,-0.037993636154351564,-0.09291914771461311,0.09128296528,-0.07163176773016745,,-0.00014869496,-3.0994415e-06,1.001358e-05,1.0,9.641424e-05,7.95722e-05,-9.642169e-05,1.0,9.059906e-06,-7.95871e-05,-9.000301e-06,0.99999994,127,0.385,0,0,0.0,False,-0.2540989969271239,1.04927358635483
0.38478416693396866,12:08:44.423329,12:07:44.056776,0,,0.13314486,0.009688251,0.025841579,-0.6052176,-0.4035515,-0.6861908,-0.7048292,-0.12903512,0.69754255,-0.37003714,0.90581226,-0.20634052,,-0.03066042,-0.06027901,0.059891045,0.74694324,0.25155768,-0.61546266,0.33352655,-0.94253826,0.01953435,-0.57518315,-0.21986425,-0.7879238,,0.09568539,1.3379704,0.44839272,0.99481153,-0.0096834665,-0.10127324,-0.071746126,-0.7725422,-0.63089705,-0.07212858,0.6348896,-0.7692286,,-0.09462705,0.2512528,-0.09248463,0.59586865,0.31089523,0.7404625,-0.76610494,0.49661416,0.40799218,-0.24088134,-0.8103817,0.53409517,,0.07580631,0.40206018,-0.429118,-0.6707633,-0.21688943,0.70925,-0.322562,-0.77579993,-0.542299,0.667855,-0.5925314,0.45041785,,0.944575180579274,0.3867081259439181,0.16926306675000002,0.14237947162599204,-0.14333168825394704,1.0627171918052567,-0.4064000365420869,,-0.8869481478718108,-0.21147159429488974,0.13664841035000003,4.537900066948591,0.6491600103856076,-0.28806746208647727,0.8751975063474682,,-0.037993636154351564,-0.09291914771461311,0.09128296528,-0.07163176773016745,,-0.00014869496,-3.0994415e-06,1.001358e-05,1.0,9.641424e-05,7.95722e-05,-9.642169e-05,1.0,9.059906e-06,-7.95871e-05,-9.000301e-06,0.99999994,135,0.409,0,0,0.0,False,-0.2537415306159976,1.0495632675595068
0.4333542790263891,12:08:44.443161,12:07:44.056776,0,,0.13315353,0.009644754,0.02597569,-0.60529596,-0.40646195,-0.6844015,-0.7026581,-0.13115609,0.6993352,-0.37401658,0.90420496,-0.20621552,,-0.03066136,-0.06027925,0.059891045,0.74693847,0.25155756,-0.6154685,0.33352655,-0.9425383,0.019531786,-0.57518923,-0.21986422,-0.78791934,,0.09568539,1.3379704,0.44839272,0.99481153,-0.0096834665,-0.10127324,-0.071746126,-0.7725422,-0.63089705,-0.07212858,0.6348896,-0.7692286,,-0.09465042,0.25130665,-0.0926131,0.5964338,0.3138165,0.7387733,-0.7670358,0.49400643,0.40940666,-0.23648018,-0.8108495,0.5353506,,0.07580724,0.40206012,-0.42911828,-0.67075783,-0.21688929,0.7092552,-0.32256627,-0.77579993,-0.54229647,0.6678584,-0.59253144,0.45041272,,0.9445983487778967,0.38673129414254076,0.16912306743000002,0.14258916156947654,-0.1388226837616875,1.0618174781480538,-0.4070534128066239,,-0.8869404251389365,-0.21147159429488974,0.13664841035000003,4.537900066948591,0.6491600103856076,-0.28806746208647727,0.8751975063474682,,-0.037993636154351564,-0.09291914771461311,0.09128296528,-0.07163176773016745,,-0.00014869496,-3.0994415e-06,1.001358e-05,1.0,9.641424e-05,7.95722e-05,-9.642169e-05,1.0,9.059906e-06,-7.95871e-05,-9.000301e-06,0.99999994,139,0.421,0,0,0.0,False,-0.25344364202339253,1.049370146756389
0.45319011295214295,12:08:44.469707,12:07:44.056776,0,,0.13312922,0.009559445,0.026186809,-0.6047684,-0.40921232,-0.68322784,-0.7016383,-0.1320953,0.7001817,-0.3767743,0.90282655,-0.20723188,,-0.030662298,-0.060279503,0.059891045,0.74693376,0.25155744,-0.6154743,0.3335266,-0.9425383,0.019529313,-0.5751954,-0.21986422,-0.7879149,,0.09568539,1.3379704,0.44839272,0.99481153,-0.0096834665,-0.10127324,-0.071746126,-0.7725422,-0.63089705,-0.07212858,0.6348896,-0.7692286,,-0.094650425,0.25137922,-0.0928303,0.59621966,0.31662422,0.7377474,-0.76805913,0.49244338,0.4093711,-0.23368199,-0.8107087,0.53679055,,0.07580817,0.40206006,-0.42911854,-0.6707524,-0.21688917,0.7092604,-0.32257056,-0.77579993,-0.5422939,0.6678618,-0.59253144,0.45040762,,0.9448377534969976,0.38685485786852836,0.16881584670000002,0.14070195207811584,-0.1351334982680206,1.0595443034095156,-0.40656338060822106,,-0.8869327024060623,-0.21147159429488974,0.13664841035000003,4.537900066948591,0.6491600103856076,-0.28806746208647727,0.8751975063474682,,-0.037993636154351564,-0.09291914771461311,0.09128296528,-0.07163176773016745,,-0.00014869496,-3.0994415e-06,1.001358e-05,1.0,9.641424e-05,7.95722e-05,-9.642169e-05,1.0,9.059906e-06,-7.95871e-05,-9.000301e-06,0.99999994,151,0.458,0,0,0.0,False,-0.252847864838182,1.0493218665556094
0.47964666597545147,12:08:44.503569,12:07:44.056776,0,,0.13311121,0.009495027,0.026391894,-0.6033808,-0.41403678,-0.6815461,-0.70054036,-0.13314503,0.7010817,-0.38101822,0.9004697,-0.20971228,,-0.030661613,-0.060278296,0.059891045,0.7469373,0.25155738,-0.61547005,0.33353108,-0.9425366,0.019537508,-0.5751882,-0.21987176,-0.787918,,0.09568539,1.3379704,0.44839272,0.99481153,-0.0096834665,-0.10127324,-0.071746126,-0.7725422,-0.63089705,-0.07212858,0.6348896,-0.7692286,,-0.09465495,0.25146365,-0.09302876,0.595291,0.32157755,0.7363535,-0.7700023,0.49019572,0.40841725,-0.22961952,-0.810121,0.53942454,,0.07580748,0.40206072,-0.42911753,-0.6707568,-0.21688822,0.70925653,-0.32256258,-0.77580476,-0.54229176,0.6678613,-0.5925255,0.4504163,,0.9449999308873563,0.3869243624643964,0.16867714367000003,0.1402825721911468,-0.13158094927411915,1.0570558316141114,-0.4064000365420868,,-0.8869404251389365,-0.21146387156201552,0.13664841035000003,4.537900066948591,0.6491600103856076,-0.28806746208647727,0.8751975063474682,,-0.037993636154351564,-0.09291914771461311,0.09128296528,-0.07163176773016745,,-0.00014869496,-3.0994415e-06,1.001358e-05,1.0,9.641424e-05,7.95722e-05,-9.642169e-05,1.0,9.059906e-06,-7.95871e-05,-9.000301e-06,0.99999994,159,0.482,0,0,0.0,False,-0.2536819528974772,1.0499495091657423
0.5135755919618532,12:08:44.525103,12:07:44.056776,0,,0.13307074,0.009405382,0.026588231,-0.6023993,-0.41234538,-0.68343705,-0.7006072,-0.1371009,0.70025206,-0.38244563,0.9006522,-0.20630261,,-0.030666292,-0.060279563,0.059891045,0.7469136,0.25155675,-0.6154989,0.3335313,-0.9425367,0.019524932,-0.5752188,-0.21987173,-0.7878958,,0.09568539,1.3379704,0.44839272,0.99481153,-0.0096834665,-0.10127324,-0.071746126,-0.7725422,-0.63089705,-0.07212858,0.6348896,-0.7692286,,-0.09463776,0.2515236,-0.09323931,0.5944423,0.3196561,0.73787415,-0.7709961,0.48727754,0.41003126,-0.2284805,-0.81263804,0.536112,,0.07581212,0.40206045,-0.42911887,-0.6707295,-0.2168876,0.70928246,-0.32258397,-0.77580476,-0.54227906,0.6678783,-0.5925257,0.45039073,,0.9452238901407088,0.38697842159451595,0.16846455211000003,0.13902443253023963,-0.13048785727599563,1.0610652127929738,-0.407053412806624,,-0.8869018114745654,-0.21146387156201552,0.13664841035000003,4.537900066948591,0.6491600103856076,-0.28806746208647727,0.8751975063474682,,-0.037993636154351564,-0.09291914771461311,0.09128296528,-0.07163176773016745,,-0.00014869496,-3.0994415e-06,1.001358e-05,1.0,9.641424e-05,7.95722e-05,-9.642169e-05,1.0,9.059906e-06,-7.95871e-05,-9.000301e-06,0.99999994,170,0.516,0,0,0.0,False,-0.2532649088678296,1.0496598279610654
0.535117081948556,12:08:44.557045,12:07:44.202238,0,,0.13300405,0.009362824,0.026794016,-0.6021595,-0.41536346,-0.68181884,-0.69791937,-0.14085576,0.70218813,-0.38770133,0.8986838,-0.20507264,,-0.030609623,-0.0602694,0.05989057,0.7468986,0.25160736,-0.6154967,0.33357328,-0.9425226,0.019496053,-0.57521415,-0.2198748,-0.7878983,,0.09567519,1.3379706,0.44839105,0.9948141,-0.009655941,-0.10125076,-0.07171068,-0.77254254,-0.6309007,-0.07212858,0.6348896,-0.7692286,,-0.094587475,0.25162467,-0.09343297,0.59486353,0.3226305,0.73623836,-0.77235097,0.48320574,0.41229382,-0.22273603,-0.81389296,0.53662544,,0.07576466,0.40206477,-0.4291058,-0.67072165,-0.21690284,0.7092853,-0.32257316,-0.7758081,-0.54228073,0.6678915,-0.5925158,0.45038423,,0.9454632948598098,0.3870402034575098,0.16825196055000002,0.1388147425867551,-0.1246124877860817,1.0610116098621805,-0.4070534128066239,,-0.8868940887416912,-0.21147159429488974,0.13664841035000003,4.537900066948591,0.6491600103856076,-0.28806746208647727,0.8751975063474682,,-0.037993636154351564,-0.09291914771461311,0.09128296528,-0.07163176773016745,,-0.00015874207,-4.172325e-06,1.21593475e-05,1.0,0.00012382492,0.000102199614,-0.00012382865,0.99999994,1.1652708e-05,-0.000102207065,-1.1563301e-05,1.0,178,0.54,0,0,0.0,False,-0.25302659799374494,1.0494667071579475
0.5670404509874061,12:08:44.576961,12:07:44.202238,0,,0.13298562,0.009308286,0.02692303,-0.60129005,-0.41445333,-0.6831387,-0.6974513,-0.1449408,0.7018218,-0.38988698,0.8984544,-0.2019096,,-0.030610815,-0.0602687,0.05989051,0.74689263,0.25160712,-0.61550397,0.33357787,-0.94252086,0.019499213,-0.57521915,-0.21988225,-0.7878925,,0.09567519,1.3379706,0.44839105,0.9948141,-0.009655941,-0.10125076,-0.07171068,-0.77254254,-0.6309007,-0.07212858,0.6348896,-0.7692286,,-0.094584055,0.25166726,-0.093567625,0.5942259,0.3215164,0.73724,-0.7734283,0.47993496,0.4140906,-0.22069034,-0.81626564,0.53385967,,0.07576583,0.4020653,-0.4291053,-0.67071515,-0.21690163,0.7092918,-0.32257372,-0.7758129,-0.5422735,0.66789776,-0.5925099,0.45038268,,0.9455945813186717,0.387047926190384,0.16811066494000002,0.1377662928693325,-0.12242630378983464,1.0644563627720336,-0.405419972145281,,-0.8868863660088169,-0.21146387156201552,0.13664841035000003,4.537900066948591,0.6491600103856076,-0.28806746208647727,0.8751975063474682,,-0.037993636154351564,-0.09291914771461311,0.09128296528,-0.07163176773016745,,-0.00015874207,-4.172325e-06,1.21593475e-05,1.0,0.00012382492,0.000102199614,-0.00012382865,0.99999994,1.1652708e-05,-0.000102207065,-1.1563301e-05,1.0,186,0.564,0,0,0.0,False,-0.254218152364166,1.049514987358727
0.58691644994542,12:08:44.610347,12:07:44.202238,0,,0.13297693,0.00926315,0.027116805,-0.600756,-0.41698644,-0.68206626,-0.69413173,-0.1511628,0.7037976,-0.396577,0.8962543,-0.19863158,,-0.030610815,-0.0602687,0.05989051,0.74689263,0.25160712,-0.61550397,0.33357787,-0.94252086,0.019499213,-0.57521915,-0.21988225,-0.7878925,,0.09567519,1.3379706,0.44839105,0.9948141,-0.009655941,-0.10125076,-0.07171068,-0.77254254,-0.6309007,-0.07212858,0.6348896,-0.7692286,,-0.09459572,0.25175887,-0.09374406,0.5944953,0.32388577,0.7359846,-0.7752555,0.4738175,0.41770306,-0.21343431,-0.8188986,0.53277653,,0.07576583,0.4020653,-0.4291053,-0.67071515,-0.21690163,0.7092918,-0.32257372,-0.7758129,-0.5422735,0.66789776,-0.5925099,0.45038268,,0.9458185405720242,0.3870402034575098,0.16791622144,0.13734691298236346,-0.11491129630273542,1.0664962520827865,-0.40607334840981824,,-0.8868863660088169,-0.21146387156201552,0.13664841035000003,4.537900066948591,0.6491600103856076,-0.28806746208647727,0.8751975063474682,,-0.037993636154351564,-0.09291914771461311,0.09128296528,-0.07163176773016745,,-0.00015874207,-4.172325e-06,1.21593475e-05,1.0,0.00012382492,0.000102199614,-0.00012382865,0.99999994,1.1652708e-05,-0.000102207065,-1.1563301e-05,1.0,194,0.589,0,0,0.0,False,-0.25302659799374494,1.0495632675595068
0.6202967460267246,12:08:44.628555,12:07:44.202238,0,,0.13296968,0.00923986,0.027237937,-0.5994383,-0.41897875,-0.6820046,-0.69245255,-0.15592626,0.7044122,-0.40147603,0.8945074,-0.19665486,,-0.03061013,-0.060267493,0.05989051,0.74689615,0.2516071,-0.6154997,0.33358228,-0.9425191,0.019507498,-0.57521206,-0.21988982,-0.7878956,,0.09567519,1.3379706,0.44839105,0.9948141,-0.009655941,-0.10125076,-0.07171068,-0.77254254,-0.6309007,-0.07212858,0.6348896,-0.7692286,,-0.09460093,0.2518199,-0.09385137,0.5937291,0.3257582,0.7357767,-0.7771808,0.46909434,0.41945264,-0.20850857,-0.8208728,0.531688,,0.07576515,0.40206596,-0.4291043,-0.67071956,-0.21690068,0.70928794,-0.32256573,-0.77581775,-0.5422713,0.66789716,-0.59250396,0.45039138,,0.9459961634281313,0.3870247579917613,0.16779696276000003,0.13587908337797178,-0.10971910931164867,1.068143241032443,-0.40738010093889243,,-0.8868940887416912,-0.2114561488291413,0.13664841035000003,4.537900066948591,0.6491600103856076,-0.28806746208647727,0.8751975063474682,,-0.037993636154351564,-0.09291914771461311,0.09128296528,-0.07163176773016745,,-0.00015874207,-4.172325e-06,1.21593475e-05,1.0,0.00012382492,0.000102199614,-0.00012382865,0.99999994,1.1652708e-05,-0.000102207065,-1.1563301e-05,1.0,202,0.613,0,0,0.0,False,-0.25278828711966117,1.0496598279610654
0.6385339879198,12:08:44.655021,12:07:44.202238,0,,0.13296124,0.009225868,0.027336463,-0.59913105,-0.42155936,-0.6806831,-0.69040406,-0.15849742,0.7058476,-0.40544313,0.89284146,-0.19608557,,-0.030611053,-0.060267746,0.05989051,0.74689144,0.25160694,-0.61550546,0.3335824,-0.9425192,0.019504935,-0.5752182,-0.21988979,-0.78789115,,0.09567519,1.3379706,0.44839105,0.9948141,-0.009655941,-0.10125076,-0.07171068,-0.77254254,-0.6309007,-0.07212858,0.6348896,-0.7692286,,-0.094602354,0.25187337,-0.09393571,0.5939027,0.32833156,0.73449165,-0.77820325,0.46610075,0.42089167,-0.20415509,-0.82155246,0.5323272,,0.07576608,0.4020659,-0.42910457,-0.6707141,-0.21690054,0.7092931,-0.32257,-0.77581775,-0.5422688,0.6679006,-0.592504,0.45038626,,0.9461660635513642,0.38700931252601284,0.16770233359000003,0.13566939343448728,-0.10521010481938914,1.0677335998160837,-0.4060733484098181,,-0.8868863660088169,-0.2114561488291413,0.13664841035000003,4.537900066948591,0.6491600103856076,-0.28806746208647727,0.8751975063474682,,-0.037993636154351564,-0.09291914771461311,0.09128296528,-0.07163176773016745,,-0.00015874207,-4.172325e-06,1.21593475e-05,1.0,0.00012382492,0.000102199614,-0.00012382865,0.99999994,1.1652708e-05,-0.000102207065,-1.1563301e-05,1.0,213,0.647,0,0,0.0,False,-0.25302659799374494,1.049804668563404
0.6650414579780772,12:08:44.688349,12:07:44.325557,0,,0.13290174,0.009219833,0.027554333,-0.5967274,-0.42720473,-0.67927337,-0.68745303,-0.16448101,0.7073574,-0.4139139,0.889068,-0.19553292,,-0.030614555,-0.0602697,0.05989057,0.74687374,0.25165686,-0.61550653,0.33357805,-0.94252264,0.01941225,-0.57524365,-0.21981776,-0.7878926,,0.09567519,1.3379706,0.44839105,0.9948141,-0.009655941,-0.10125076,-0.07171068,-0.77254254,-0.6309007,-0.07212858,0.6348896,-0.7692286,,-0.094563514,0.2520112,-0.09411047,0.5924558,0.3339528,0.73312455,-0.781498,0.45919526,0.42237496,-0.19559403,-0.8231739,0.53303635,,0.07576954,0.4020651,-0.42910638,-0.67069334,-0.21695907,0.70929486,-0.32259083,-0.7757686,-0.5423267,0.6679114,-0.59254694,0.4503138,,0.9468611095100444,0.3870170352588871,0.16750400122,0.13294342416918845,-0.09619209583487008,1.0669959961235054,-0.4068900687404895,,-0.88685547507732,-0.21146387156201552,0.13664841035000003,4.537900066948591,0.6491600103856076,-0.28798578334633673,0.8750341622813339,,-0.037993636154351564,-0.09291914771461311,0.09128296528,-0.07163176773016745,,-0.00015874207,-4.172325e-06,1.21593475e-05,1.0,0.00012382492,0.000102199614,-0.00012382865,0.99999994,1.1652708e-05,-0.000102207065,-1.1563301e-05,1.0,221,0.671,0,0,0.0,False,-0.25397984149008224,1.0499012289649627
0.6983165310230106,12:08:44.713809,12:07:44.325557,0,,0.13286091,0.009229116,0.02764672,-0.59647214,-0.42843968,-0.6787196,-0.6855958,-0.16773227,0.7083956,-0.4173478,0.8878654,-0.19368888,,-0.030615479,-0.06026995,0.05989051,0.746869,0.25160646,-0.6155329,0.3335781,-0.94252104,0.019486636,-0.5752498,-0.2198821,-0.7878703,,0.09567519,1.3379706,0.44839105,0.9948141,-0.009655941,-0.10125076,-0.07171068,-0.77254254,-0.6309007,-0.07212858,0.6348896,-0.7692286,,-0.09453088,0.25207892,-0.09417857,0.5926215,0.33510754,0.7324634,-0.782319,0.4559628,0.42435226,-0.19177245,-0.8245004,0.5323744,,0.075770475,0.40206504,-0.42910665,-0.67068785,-0.21690102,0.7093178,-0.3225951,-0.77581286,-0.5422608,0.6679148,-0.59251016,0.45035708,,0.9472781370852525,0.3870170352588871,0.16742492753000002,0.13273373422570392,-0.0922296373416723,1.0678488139233373,-0.4055833162114154,,-0.8868477523444458,-0.21146387156201552,0.13664841035000003,4.537900066948591,0.6491600103856076,-0.28806746208647727,0.8748708182151996,,-0.037993636154351564,-0.09291914771461311,0.09128296528,-0.07163176773016745,,-0.00015874207,-4.172325e-06,1.21593475e-05,1.0,0.00012382492,0.000102199614,-0.00012382865,0.99999994,1.1652708e-05,-0.000102207065,-1.1563301e-05,1.0,229,0.695,0,0,0.0,False,-0.2532649088678296,1.049514987358727
0.7238253540126607,12:08:44.743885,12:07:44.325557,0,,0.1328016,0.0092608705,0.027807146,-0.5933725,-0.43548167,-0.6769524,-0.683265,-0.1720795,0.7096039,-0.42550898,0.88359725,-0.19544213,,-0.030621156,-0.06026739,0.05989051,0.74684054,0.25160524,-0.6155679,0.33359635,-0.9425144,0.019496918,-0.57527614,-0.21991217,-0.7878425,,0.09567519,1.3379706,0.44839105,0.9948141,-0.009655941,-0.10125076,-0.07171068,-0.77254254,-0.6309007,-0.07212858,0.6348896,-0.7692286,,-0.09448483,0.2522082,-0.09428546,0.5904194,0.34225485,0.7309354,-0.78589606,0.45000398,0.42410347,-0.18377239,-0.82483816,0.5346678,,0.07577609,0.40206715,-0.429105,-0.6706564,-0.21689607,0.70934904,-0.32260165,-0.7758322,-0.54222924,0.66794324,-0.59248674,0.45034578,,0.9480117967083039,0.38703248072463553,0.16729659482,0.12916900518646698,-0.08375817435621499,1.0649431621610468,-0.40672672467435533,,-0.8868091386800747,-0.21143298063051863,0.13664841035000003,4.537900066948591,0.6491600103856076,-0.28806746208647727,0.8748708182151996,,-0.037993636154351564,-0.09291914771461311,0.09128296528,-0.07163176773016745,,-0.00015874207,-4.172325e-06,1.21593475e-05,1.0,0.00012382492,0.000102199614,-0.00012382865,0.99999994,1.1652708e-05,-0.000102207065,-1.1563301e-05,1.0,237,0.72,0,0,0.0,False,-0.2533840643048717,1.0496598279610654
0.7538571410113946,12:08:44.765954,12:07:44.325557,0,,0.1327546,0.009300016,0.027900338,-0.59235287,-0.43792912,-0.67626625,-0.68084717,-0.17670053,0.7107912,-0.43077272,0.881473,-0.1934938,,-0.030625388,-0.060266495,0.05989051,0.7468192,0.2516044,-0.61559415,0.33360553,-0.9425111,0.019498229,-0.57529855,-0.21992716,-0.787822,,0.09567519,1.3379706,0.44839105,0.9948141,-0.009655941,-0.10125076,-0.07171068,-0.77254254,-0.6309007,-0.07212858,0.6348896,-0.7692286,,-0.09444442,0.25229925,-0.09433552,0.5900245,0.34462237,0.73014146,-0.7874913,0.4451518,0.42625967,-0.17812517,-0.82648367,0.5340376,,0.075780295,0.40206814,-0.4291046,-0.6706325,-0.2168934,0.70937246,-0.32261136,-0.77584183,-0.5422097,0.66796255,-0.59247506,0.45033246,,0.9485755562081223,0.3870402034575098,0.16723178032000002,0.12812055546904438,-0.07788280486630106,1.065706346631659,-0.40607334840981824,,-0.8867782477485777,-0.2114175351647702,0.13664841035000003,4.537900066948591,0.6491600103856076,-0.28806746208647727,0.8748708182151996,,-0.037993636154351564,-0.09291914771461311,0.09128296528,-0.07163176773016745,,-0.00015874207,-4.172325e-06,1.21593475e-05,1.0,0.00012382492,0.000102199614,-0.00012382865,0.99999994,1.1652708e-05,-0.000102207065,-1.1563301e-05,1.0,245,0.744,0,0,0.0,False,-0.2531457534307875,1.0496598279610654
0.7759280919563025,12:08:44.787505,12:07:44.325557,0,,0.1327014,0.009334452,0.02801022,-0.59114444,-0.4397558,-0.6761382,-0.67837214,-0.1823869,0.7117207,-0.43630195,0.879403,-0.19050111,,-0.03063567,-0.060269266,0.05989057,0.7467672,0.25160307,-0.61565775,0.333606,-0.94251156,0.019470602,-0.57536566,-0.21992701,-0.787773,,0.09567519,1.3379706,0.44839105,0.9948141,-0.009655941,-0.10125076,-0.07171068,-0.77254254,-0.6309007,-0.07212858,0.6348896,-0.7692286,,-0.09439966,0.25239766,-0.09440186,0.58946943,0.34630767,0.7297923,-0.7892186,0.43951425,0.42890707,-0.1722203,-0.8287932,0.5323926,,0.0757905,0.40206754,-0.42910758,-0.6705725,-0.21689205,0.7094296,-0.3226584,-0.77584183,-0.54218173,0.66800004,-0.5924756,0.45027617,,0.949185652105186,0.387047926190384,0.16715011405000002,0.12686241580813723,-0.07173416237685623,1.0676352338772677,-0.4055833162114154,,-0.8866932976869613,-0.2114175351647702,0.13664841035000003,4.537900066948591,0.6491600103856076,-0.28806746208647727,0.8748708182151996,,-0.037993636154351564,-0.09291914771461311,0.09128296528,-0.07163176773016745,,-0.00015874207,-4.172325e-06,1.21593475e-05,1.0,0.00012382492,0.000102199614,-0.00012382865,0.99999994,1.1652708e-05,-0.000102207065,-1.1563301e-05,1.0,256,0.778,0,0,0.0,False,-0.2529074425567037,1.0499977893665218
0.797502022003755,12:08:44.825246,12:07:44.464296,0,,0.13260294,0.009403102,0.02822557,-0.58795255,-0.4487772,-0.6729863,-0.67351675,-0.18916222,0.7145578,-0.4479807,0.87339365,-0.19104064,,-0.030645013,-0.060271785,0.059890628,0.74671996,0.2516018,-0.6157156,0.33360636,-0.9425119,0.01944545,-0.57542676,-0.21992683,-0.7877285,,0.09567519,1.3379706,0.44839105,0.9948141,-0.009655941,-0.10125076,-0.07171068,-0.77254254,-0.6309007,-0.07212858,0.6348896,-0.7692286,,-0.09431766,0.2525913,-0.09453054,0.5876404,0.35544568,0.72686803,-0.79316074,0.43061182,0.43066168,-0.15992112,-0.8295974,0.53497046,,0.07579978,0.40206698,-0.42911026,-0.670518,-0.21689083,0.70948154,-0.32270116,-0.7758418,-0.54215634,0.66803414,-0.59247607,0.45022497,,0.9503595075020682,0.3870402034575098,0.16699196667000002,0.12350737671238485,-0.05889033139890483,1.0643496800621735,-0.4049299399468783,,-0.8866160703582191,-0.2114175351647702,0.13664841035000003,4.537900066948591,0.6491600103856076,-0.28806746208647727,0.8748708182151996,,-0.037993636154351564,-0.09291914771461311,0.09128296528,-0.07163176773016745,,-0.00015874207,-4.172325e-06,1.21593475e-05,1.0,0.00012382492,0.000102199614,-0.00012382865,0.99999994,1.1652708e-05,-0.000102207065,-1.1563301e-05,1.0,264,0.802,0,0,0.0,False,-0.2538011083345184,1.049804668563404
0.8352722199633718,12:08:44.845671,12:07:44.464296,0,,0.1325324,0.009411998,0.028322488,-0.58754164,-0.45082462,-0.671976,-0.67187554,-0.19101983,0.7156079,-0.4509743,0.8719337,-0.19066596,,-0.030645013,-0.060271785,0.059890628,0.74671996,0.2516018,-0.6157156,0.33360636,-0.9425119,0.01944545,-0.57542676,-0.21992683,-0.7877285,,0.09567519,1.3379706,0.44839105,0.9948141,-0.009655941,-0.10125076,-0.07171068,-0.77254254,-0.6309007,-0.07212858,0.6348896,-0.7692286,,-0.0942559,0.25266215,-0.09460547,0.5875988,0.3575103,0.7258885,-0.79386276,0.42828566,0.43168655,-0.15655524,-0.82991433,0.53547424,,0.07579978,0.40206698,-0.42911026,-0.670518,-0.21689083,0.70948154,-0.32270116,-0.7758418,-0.54215634,0.66803414,-0.59247607,0.45022497,,0.9509541579333834,0.3869861443273902,0.16690770782000003,0.12308799682541581,-0.05533778240500338,1.0634947830695807,-0.4070534128066241,,-0.8866160703582191,-0.2114175351647702,0.13664841035000003,4.537900066948591,0.6491600103856076,-0.28806746208647727,0.8748708182151996,,-0.037993636154351564,-0.09291914771461311,0.09128296528,-0.07163176773016745,,-0.00015874207,-4.172325e-06,1.21593475e-05,1.0,0.00012382492,0.000102199614,-0.00012382865,0.99999994,1.1652708e-05,-0.000102207065,-1.1563301e-05,1.0,272,0.826,0,0,0.0,False,-0.25344364202339253,1.0499495091657423
0.8556920819683,12:08:44.876250,12:07:44.464296,0,,0.13240159,0.009434648,0.028437108,-0.58621585,-0.45374405,-0.67116845,-0.67074096,-0.19281009,0.716192,-0.45437586,0.8700232,-0.19131646,,-0.030645952,-0.060272023,0.05989057,0.7467152,0.25160167,-0.6157214,0.33360648,-0.9425119,0.019442946,-0.57543284,-0.21992683,-0.787724,,0.09567519,1.3379706,0.44839105,0.9948141,-0.009655941,-0.10125076,-0.07171068,-0.77254254,-0.6309007,-0.07212858,0.6348896,-0.7692286,,-0.094135076,0.25275597,-0.09469127,0.58665645,0.360487,0.7251781,-0.79523015,0.42573288,0.43169495,-0.15311173,-0.82994014,0.5364291,,0.07580071,0.40206692,-0.42911053,-0.6705125,-0.2168907,0.7094867,-0.32270542,-0.7758418,-0.5421538,0.66803753,-0.59247607,0.45021984,,0.9519735586727811,0.38685485786852836,0.16681048607,0.1214104772775396,-0.05151196041157105,1.0616002628681893,-0.4062366924759525,,-0.8866083476253448,-0.2114175351647702,0.13664841035000003,4.537900066948591,0.6491600103856076,-0.28806746208647727,0.8748708182151996,,-0.037993636154351564,-0.09291914771461311,0.09128296528,-0.07163176773016745,,-0.00015874207,-4.172325e-06,1.21593475e-05,1.0,0.00012382492,0.000102199614,-0.00012382865,0.99999994,1.1652708e-05,-0.000102207065,-1.1563301e-05,1.0,280,0.851,0,0,0.0,False,-0.2537415306159976,1.0496598279610654
