Task Time,PC1 Time,PC2 Time,Gaze Calib,s_T_psm1,Tx,Ty,Tz,R00,R01,R02,R10,R11,R12,R20,R21,R22,s_T_psm3,Tx,Ty,Tz,R00,R01,R02,R10,R11,R12,R20,R21,R22,cart_T_ecm,Tx,Ty,Tz,R00,R01,R02,R10,R11,R12,R20,R21,R22,ecm_T_psm1,Tx,Ty,Tz,R00,R01,R02,R10,R11,R12,R20,R21,R22,ecm_T_psm3,Tx,Ty,Tz,R00,R01,R02,R10,R11,R12,R20,R21,R22,psm1_joints,q1,q2,q3,q4,q5,q6,jaw,psm3_joints,q1,q2,q3,q4,q5,q6,jaw,ecm_joints,q1,q2,q3,q4,ecmi_T_ecm,Tx,Ty,Tz,R00,R01,R02,R10,R11,R12,R20,R21,R22,Sample #,Task Duration (s),Collisions (binary),Collisions (increments),Cumulative Collision Time (s),Clutch Press,MTMR Angle,MTML Angle
""
lci_T_si,,,,,-0.06109692,0.03167272,0.2299341,0.9947057,-0.03862675,0.09522884,0.030706912,-0.772613,-0.63413423,0.098069586,0.63370115,-0.7673364
rci_T_si,,,,,-0.07092086,0.035947774,0.24085279,0.99028605,-0.05390731,0.12817007,0.04142117,-0.7655644,-0.64202446,0.13273226,0.64109683,-0.75589484
ecm_T_lc,,,,,-4.4061628e-05,-0.00034663224,-0.01840835,-0.99912,0.030754527,0.028518902,-0.031987965,-0.99852574,-0.043852776,0.027128186,-0.04472645,0.9986309
ecm_T_rc,,,,,-0.0043358393,0.01870579,-0.007592615,-0.99555075,-0.052743673,-0.078081585,0.04863213,-0.9973746,0.053654674,-0.08070653,0.04961868,0.9955021
cart_T_ecmi,,,,,0.09583431,1.3379636,0.44839177,0.99480253,-0.009780299,-0.10135232,-0.07187082,-0.7725409,-0.63088435,-0.07212858,0.6348896,-0.7692286
ecmac_T_ecmrep_psm1,,,,,0.006309411,-0.25313872,-0.31568977,0.99868697,0.047558498,0.019040095,-0.047043137,0.9985371,-0.026657216,-0.020280018,0.025726508,0.99946326
ecmac_T_ecmrep_psm3,,,,,-0.020520164,-0.44355312,-0.56256753,0.99888426,-0.027940953,0.03807337,0.020709034,0.9837047,0.17859514,-0.04244307,-0.17760742,0.9831857
""
0,12:12:40.128656,12:11:39.789671,0,,0.13672946,0.01325278,0.018594652,-0.42587996,-0.14937398,-0.892364,-0.8536104,0.39331248,0.3415476,0.29995954,0.90718937,-0.29501104,,0.024045408,-0.06221215,0.062359333,-0.10869281,-0.6681227,0.7360691,-0.8230674,0.47571015,0.3102579,-0.55744594,-0.5721117,-0.6016164,,0.09589062,1.3379587,0.44838807,0.99479616,-0.009848638,-0.101408124,-0.07195882,-0.7725401,-0.6308754,-0.07212858,0.6348896,-0.7692286,,-0.09750126,0.24921004,-0.08430609,0.34757835,0.08761535,0.9335485,-0.44739473,0.89047676,0.08300081,-0.8240311,-0.44651398,0.34870908,,0.021035707,0.39719656,-0.42817652,0.18198062,0.73204213,-0.6565039,-0.93018883,-0.08829844,-0.35630333,-0.31879732,0.6755129,0.66486883,,0.9266661630439473,0.42298952498702486,0.18078967743000002,0.055777524966883485,-0.9023474444509687,1.0440594013016489,-0.4109736703938466,,-1.2346487500680208,-0.3509750409348813,0.14497448102000002,0.5462423027771859,0.5509183670542559,-0.28718636726509555,0.8667036149084857,,-0.03805254101660637,-0.09251335866352443,0.09127582152,-0.07163176773016745,,5.6628138e-05,9.536743e-07,2.3841858e-07,1.0,-6.804615e-05,-5.6166202e-05,6.804243e-05,1.0,-6.3478947e-06,5.6155026e-05,6.4074993e-06,1.0,35,0.106,0,0,0.0,False,-0.25767366003838577,1.0407279908168656
0.12788217701017857,12:12:40.162520,12:11:39.789671,0,,0.13671643,0.013301507,0.018981382,-0.42885077,-0.14050995,-0.8923811,-0.85558593,0.38020995,0.35130215,0.28993067,0.9141648,-0.28327164,,0.02404569,-0.06221291,0.062360168,-0.10876064,-0.66820395,0.7359852,-0.8231252,0.47564584,0.31020308,-0.55734736,-0.5720701,-0.60174716,,0.09589062,1.3379587,0.44838807,0.99479616,-0.009848638,-0.101408124,-0.07195882,-0.7725401,-0.6308754,-0.07212858,0.6348896,-0.7692286,,-0.097521,0.24949837,-0.084567994,0.35133934,0.077421725,0.9330416,-0.45535815,0.88489383,0.09803982,-0.81805235,-0.45931333,0.34615263,,0.021035321,0.39719677,-0.42817765,0.18203586,0.7321179,-0.6564041,-0.93014014,-0.08829699,-0.35643086,-0.31890792,0.67543095,0.66489905,,0.9273225953382565,0.424093875788039,0.18042541994000003,0.05556783502339895,-0.8927828894673879,1.0580683716604293,-0.40917688566636956,,-1.234656472800895,-0.3509750409348813,0.14497318473,0.5462423027771859,0.5507817305544904,-0.28707494936139916,0.8667036149084857,,-0.03805254101660637,-0.09251335866352443,0.09127582152,-0.07163176773016745,,5.6628138e-05,9.536743e-07,2.3841858e-07,1.0,-6.804615e-05,-5.6166202e-05,6.804243e-05,1.0,-6.3478947e-06,5.6155026e-05,6.4074993e-06,1.0,46,0.139,0,0,0.0,False,-0.25624379479388093,1.0412107928246603
0.1616888849530369,12:12:40.199659,12:11:39.789671,0,,0.13669114,0.013324201,0.019214883,-0.43049085,-0.13730992,-0.8920894,-0.85637003,0.37437648,0.35563004,0.28514576,0.91705406,-0.27875373,,0.024044774,-0.06221309,0.06235981,-0.1087634,-0.66820896,0.73598033,-0.82312644,0.4756437,0.31020305,-0.557345,-0.5720662,-0.6017532,,0.09589062,1.3379587,0.44838807,0.99479616,-0.009848638,-0.101408124,-0.07195882,-0.7725401,-0.6308754,-0.07212858,0.6348896,-0.7692286,,-0.09751598,0.24966763,-0.08473232,0.35336408,0.07364521,0.93258256,-0.45903346,0.8822802,0.1042591,-0.81512094,-0.464928,0.34557173,,0.021036277,0.39719644,-0.42817762,0.18203832,0.7321223,-0.6563985,-0.93013877,-0.08829472,-0.35643506,-0.3189106,0.6754265,0.6649023,,0.9277705138449615,0.42472713988372535,0.18020893951000003,0.055987214910368004,-0.8882738849751284,1.0630495272933471,-0.41048363819544376,,-1.2346487500680208,-0.3509750409348813,0.14497318473,0.5462423027771859,0.5507817305544904,-0.28707494936139916,0.8667036149084857,,-0.03805254101660637,-0.09251335866352443,0.09127582152,-0.07163176773016745,,5.6628138e-05,9.536743e-07,2.3841858e-07,1.0,-6.804615e-05,-5.6166202e-05,6.804243e-05,1.0,-6.3478947e-06,5.6155026e-05,6.4074993e-06,1.0,58,0.176,0,0,0.0,False,-0.2570778828531757,1.0412107928246603
0.19887637393549085,12:12:40.224994,12:11:39.789671,0,,0.13666813,0.013334215,0.019416094,-0.43251383,-0.13941838,-0.89078295,-0.8570284,0.37045264,0.35814416,0.28006098,0.9183285,-0.27971137,,0.024043366,-0.062213194,0.062360585,-0.10876618,-0.66821384,0.7359755,-0.8231277,0.47564155,0.31020302,-0.5573425,-0.5720623,-0.6017591,,0.09589062,1.3379587,0.44838807,0.99479616,-0.009848638,-0.101408124,-0.07195882,-0.7725401,-0.6308754,-0.07212858,0.6348896,-0.7692286,,-0.09751097,0.24980623,-0.08488025,0.35580412,0.07540243,0.9315138,-0.4628014,0.88015836,0.10552776,-0.8119226,-0.46865308,0.3480603,,0.021037575,0.39719716,-0.42817828,0.18204078,0.7321267,-0.6563929,-0.93013734,-0.088292465,-0.35643926,-0.31891325,0.675422,0.66490555,,0.9281180368243016,0.42519050385617885,0.18000931085000002,0.0568259746843061,-0.883218334483807,1.0619491782417803,-0.4122804229229209,,-1.2346410273351467,-0.3509750409348813,0.14497188844,0.5462423027771859,0.5507817305544904,-0.28707494936139916,0.8667036149084857,,-0.03805254101660637,-0.09251335866352443,0.09127582152,-0.07163176773016745,,5.6628138e-05,9.536743e-07,2.3841858e-07,1.0,-6.804615e-05,-5.6166202e-05,6.804243e-05,1.0,-6.3478947e-06,5.6155026e-05,6.4074993e-06,1.0,66,0.2,0,0,0.0,False,-0.2575545046013441,1.042031556237911
0.22421750403009355,12:12:40.258299,12:11:39.902672,0,,0.13666253,0.013295308,0.019580066,-0.43371525,-0.14053391,-0.8900232,-0.8574025,0.36807123,0.3597008,0.27704173,0.9191158,-0.2801322,,0.024043366,-0.062213194,0.062360585,-0.10876618,-0.66821384,0.7359755,-0.8231277,0.47564155,0.31020302,-0.5573425,-0.5720623,-0.6017591,,0.09589062,1.3379587,0.44838807,0.99479616,-0.009848638,-0.101408124,-0.07195882,-0.7725401,-0.6308754,-0.07212858,0.6348896,-0.7692286,,-0.09752263,0.24988319,-0.085029826,0.35725412,0.07630449,0.93088514,-0.46502596,0.8788768,0.10642579,-0.8100126,-0.47090682,0.3494659,,0.021037575,0.39719716,-0.42817828,0.18204078,0.7321267,-0.6563929,-0.93013734,-0.088292465,-0.35643926,-0.31891325,0.675422,0.66490555,,0.9282029868859181,0.4254530767739025,0.17983042283000003,0.05724535457127515,-0.8802123314889674,1.0616216316041138,-0.41228042292292083,,-1.2346410273351467,-0.3509750409348813,0.14497188844,0.5462423027771859,0.5507817305544904,-0.28707494936139916,0.8667036149084857,,-0.03805254101660637,-0.09251335866352443,0.09127582152,-0.07163176773016745,,5.6628138e-05,9.536743e-07,2.3841858e-07,1.0,-6.804615e-05,-5.6166202e-05,6.804243e-05,1.0,-6.3478947e-06,5.6155026e-05,6.4074993e-06,1.0,77,0.233,0,0,0.0,False,-0.25695872741613357,1.0417418750332343
0.2574954639421776,12:12:40.286407,12:11:39.902672,0,,0.13667911,0.013278246,0.019700363,-0.43525484,-0.14073339,-0.88923967,-0.8581252,0.36363912,0.36247474,0.27234998,0.9208477,-0.2790425,,0.024042457,-0.062213328,0.062360168,-0.10876898,-0.66815865,0.7360253,-0.82312894,0.47566468,0.31016415,-0.55734015,-0.5721075,-0.6017184,,0.09589062,1.3379587,0.44838807,0.99479616,-0.009848638,-0.101408124,-0.07195882,-0.7725401,-0.6308754,-0.07212858,0.6348896,-0.7692286,,-0.097551115,0.24994802,-0.085129924,0.3591739,0.076093115,0.9301634,-0.46859565,0.8766339,0.10922975,-0.80710113,-0.475103,0.3505209,,0.02103853,0.39719686,-0.42817822,0.18204325,0.7320775,-0.6564471,-0.93013597,-0.08831932,-0.35643628,-0.31891593,0.67547184,0.6648537,,0.9282029868859181,0.42566159056150654,0.17969042351000003,0.05724535457127515,-0.875430053997177,1.063521195524719,-0.41048363819544387,,-1.2346333046022724,-0.3509750409348813,0.14497188844,0.5462423027771859,0.5507817305544904,-0.2871566281015397,0.86686695897462,,-0.03805254101660637,-0.09251335866352443,0.09127582152,-0.07163176773016745,,5.6628138e-05,9.536743e-07,2.3841858e-07,1.0,-6.804615e-05,-5.6166202e-05,6.804243e-05,1.0,-6.3478947e-06,5.6155026e-05,6.4074993e-06,1.0,89,0.27,0,0,0.0,False,-0.2561246393568388,1.0420798364386905
0.2855998979648575,12:12:40.325091,12:11:39.902672,0,,0.13669302,0.013254955,0.019836396,-0.43794644,-0.14082181,-0.88790315,-0.85898435,0.35693666,0.36707234,0.2652333,0.923453,-0.27728286,,0.024042875,-0.06221309,0.062361777,-0.10876618,-0.66815376,0.73603004,-0.8231277,0.47566682,0.31016415,-0.5573425,-0.5721114,-0.60171247,,0.09589062,1.3379587,0.44838807,0.99479616,-0.009848638,-0.101408124,-0.07195882,-0.7725401,-0.6308754,-0.07212858,0.6348896,-0.7692286,,-0.09757873,0.2500184,-0.08524623,0.36245355,0.07556276,0.9289336,-0.47382432,0.8732294,0.11384633,-0.80256957,-0.48141536,0.35230854,,0.021037918,0.3971982,-0.42817897,0.18204078,0.7320731,-0.65645266,-0.93013734,-0.08832158,-0.35643205,-0.31891325,0.6754763,0.6648504,,0.9281952641530439,0.42579287702036833,0.17951542436,0.05787442440172872,-0.8679150465100777,1.0661328360164557,-0.4116270466583838,,-1.2346410273351467,-0.3509750409348813,0.14497059215000002,0.5462423027771859,0.5507817305544904,-0.2871566281015397,0.8678470233714256,,-0.03805254101660637,-0.09251335866352443,0.09127582152,-0.07163176773016745,,5.6628138e-05,9.536743e-07,2.3841858e-07,1.0,-6.804615e-05,-5.6166202e-05,6.804243e-05,1.0,-6.3478947e-06,5.6155026e-05,6.4074993e-06,1.0,108,0.327,0,0,0.0,False,-0.25683957197909146,1.0423695176433674
0.32431719393935055,12:12:40.382034,12:11:40.038536,0,,0.13669711,0.013176769,0.020129561,-0.44130427,-0.14706051,-0.8852252,-0.86034906,0.349719,0.37080488,0.25504932,0.9252404,-0.28085583,,0.024039976,-0.062212925,0.062366188,-0.10876898,-0.66815865,0.7360253,-0.82312894,0.47566468,0.31016415,-0.55734015,-0.5721075,-0.6017184,,0.09589062,1.3379587,0.44838807,0.99479616,-0.009848638,-0.101408124,-0.07195882,-0.7725401,-0.6308754,-0.07212858,0.6348896,-0.7692286,,-0.0976141,0.25014916,-0.08551774,0.36664805,0.08119267,0.9268101,-0.48141748,0.86900395,0.11432118,-0.79611963,-0.48809823,0.35770616,,0.021040244,0.39720204,-0.42818174,0.18204325,0.7320775,-0.6564471,-0.93013597,-0.08831932,-0.35643628,-0.31891593,0.67547184,0.6648537,,0.9282802142146603,0.42608634086958885,0.17915894461,0.058084114345213246,-0.8573940360281388,1.0635162054620926,-0.40983026193090666,,-1.2346333046022724,-0.3509750409348813,0.14496540699000002,0.5462423027771859,0.5507817305544904,-0.2871566281015397,0.8678470233714256,,-0.03805254101660637,-0.09251335866352443,0.09127582152,-0.07163176773016745,,5.6628138e-05,9.536743e-07,2.3841858e-07,1.0,-6.804615e-05,-5.6166202e-05,6.804243e-05,1.0,-6.3478947e-06,5.6155026e-05,6.4074993e-06,1.0,120,0.364,0,0,0.0,False,-0.25773323775690704,1.0418384354347932
0.38125213398598135,12:12:40.412034,12:11:40.038536,0,,0.13670126,0.013154596,0.020358816,-0.44395143,-0.14746693,-0.8838329,-0.8616177,0.34106338,0.37588653,0.24601215,0.9284014,-0.27847567,,0.024037935,-0.0622144,0.062369585,-0.108620465,-0.6682539,0.7359607,-0.823202,0.4754853,0.3102453,-0.5572612,-0.5721454,-0.60175544,,0.09589062,1.3379587,0.44838807,0.99479616,-0.009848638,-0.101408124,-0.07195882,-0.7725401,-0.6308754,-0.07212858,0.6348896,-0.7692286,,-0.097640485,0.25028104,-0.08570478,0.37003636,0.080816925,0.9254954,-0.48820493,0.8644802,0.11970772,-0.790398,-0.49612764,0.35934433,,0.021041846,0.397204,-0.4281851,0.1818864,0.7321777,-0.65637887,-0.93013406,-0.088449255,-0.35640895,-0.31901088,0.6753463,0.66493565,,0.928473282536516,0.4264415865818032,0.17889579774000003,0.05787442440172872,-0.8482393905438543,1.0672411933136892,-0.4109736703938466,,-1.2346333046022724,-0.35099048640062974,0.14496151812000002,0.5460326128337014,0.5507817305544904,-0.28715662810153975,0.8675203352391571,,-0.03805254101660637,-0.09251335866352443,0.09127582152,-0.07163176773016745,,5.6628138e-05,9.536743e-07,2.3841858e-07,1.0,-6.804615e-05,-5.6166202e-05,6.804243e-05,1.0,-6.3478947e-06,5.6155026e-05,6.4074993e-06,1.0,128,0.389,0,0,0.0,False,-0.2571374605716965,1.0412590730254399
0.4112455960130319,12:12:40.446208,12:11:40.038536,0,,0.13666822,0.013124153,0.020660117,-0.44544375,-0.1428336,-0.883843,-0.8624799,0.33333728,0.38080806,0.24022555,0.9319253,-0.2716741,,0.02403643,-0.062213298,0.062375903,-0.10846313,-0.6683434,0.7359026,-0.82326525,0.47531453,0.3103392,-0.5571984,-0.5721827,-0.60177803,,0.09589062,1.3379587,0.44838807,0.99479616,-0.009848638,-0.101408124,-0.07195882,-0.7725401,-0.6308754,-0.07212858,0.6348896,-0.7692286,,-0.097637,0.25045404,-0.085955516,0.3720016,0.075450145,0.9251606,-0.49259222,0.86081547,0.12786585,-0.786745,-0.5032932,0.35739088,,0.021042537,0.39720982,-0.42818823,0.18172279,0.732272,-0.6563189,-0.9301397,-0.08857406,-0.35636318,-0.31908762,0.6752276,0.6650194,,0.928921201043221,0.42702851428024424,0.17858857701000003,0.0576647344582442,-0.8427739305532367,1.0749546094467763,-0.41179039072451795,,-1.2346487500680208,-0.35099048640062974,0.14495503667,0.5458229228902169,0.5507817305544904,-0.28715662810153975,0.8671936471068885,,-0.03805254101660637,-0.09251335866352443,0.09127582152,-0.07163176773016745,,5.6628138e-05,9.536743e-07,2.3841858e-07,1.0,-6.804615e-05,-5.6166202e-05,6.804243e-05,1.0,-6.3478947e-06,5.6155026e-05,6.4074993e-06,1.0,140,0.425,0,0,0.0,False,-0.2575545046013441,1.0406797106160863
0.44542469293810427,12:12:40.479718,12:11:40.038536,0,,0.1366325,0.01311481,0.020903856,-0.44690603,-0.13885462,-0.8837389,-0.86295766,0.32725555,0.38497794,0.2357524,0.9346781,-0.2660781,,0.0240295,-0.06221385,0.062386394,-0.10853925,-0.6683192,0.73591334,-0.8233269,0.4752944,0.31020653,-0.55709255,-0.5722277,-0.6018333,,0.09589062,1.3379587,0.44838807,0.99479616,-0.009848638,-0.101408124,-0.07195882,-0.7725401,-0.6308754,-0.07212858,0.6348896,-0.7692286,,-0.09762435,0.25060573,-0.0861494,0.37383834,0.07089769,0.9247802,-0.49583504,0.8579115,0.13466787,-0.78383195,-0.50888246,0.35587376,,0.021048103,0.3972184,-0.42819554,0.18178537,0.7322538,-0.65632194,-0.9300868,-0.088624045,-0.35648888,-0.31920624,0.6752408,0.664949,,0.9293536740841775,0.4275459373828173,0.17834876336000002,0.058084114345213246,-0.8385381990605081,1.0808120308082112,-0.41113701445998085,,-1.2346333046022724,-0.35099048640062974,0.14494207377,0.5458229228902169,0.5506450940547251,-0.28720856767812447,0.8662135827100829,,-0.03805254101660637,-0.09251335866352443,0.09127582152,-0.07163176773016745,,5.6628138e-05,9.536743e-07,2.3841858e-07,1.0,-6.804615e-05,-5.6166202e-05,6.804243e-05,1.0,-6.3478947e-06,5.6155026e-05,6.4074993e-06,1.0,151,0.458,0,0,0.0,False,-0.25785239319394915,1.0411142324231015
0.47894400893710554,12:12:40.514076,12:11:40.038536,0,,0.13660902,0.013130695,0.021130517,-0.44841355,-0.13529082,-0.883528,-0.8636574,0.32022896,0.38929343,0.23026335,0.9376298,-0.2604399,,0.024029486,-0.062215026,0.06239283,-0.10891062,-0.6680815,0.7360743,-0.82325304,0.47563106,0.30988634,-0.5571292,-0.5722255,-0.60180146,,0.09589062,1.3379587,0.44838807,0.99479616,-0.009848638,-0.101408124,-0.07195882,-0.7725401,-0.6308754,-0.07212858,0.6348896,-0.7692286,,-0.097620875,0.25076535,-0.086312786,0.3758006,0.06668624,0.92429805,-0.49990547,0.8544251,0.14160626,-0.7803002,-0.5152773,0.3544303,,0.021047315,0.39722273,-0.4282004,0.18215801,0.7320159,-0.65648395,-0.9300323,-0.08844028,-0.3566767,-0.31915265,0.67552274,0.66468835,,0.9297938698580083,0.42810969688263567,0.17813228293000002,0.058084114345213246,-0.8333460120694213,1.087033029205739,-0.4108103263277123,,-1.2346410273351467,-0.35099048640062974,0.14493559232,0.5462423027771859,0.5505084575549596,-0.2872605072547092,0.8658868945778143,,-0.03805254101660637,-0.09251335866352443,0.09127582152,-0.07163176773016745,,5.6628138e-05,9.536743e-07,2.3841858e-07,1.0,-6.804615e-05,-5.6166202e-05,6.804243e-05,1.0,-6.3478947e-06,5.6155026e-05,6.4074993e-06,1.0,163,0.495,0,0,0.0,False,-0.2571374605716965,1.0406314304153068
0.5132598900236189,12:12:40.548131,12:11:40.212784,0,,0.13660531,0.013144091,0.021389514,-0.4506703,-0.13583773,-0.8822949,-0.864447,0.31305343,0.39335608,0.22277287,0.939971,-0.25850838,,0.024027847,-0.062213745,0.062396288,-0.10890898,-0.66808367,0.7360726,-0.82324946,0.4756332,0.30989268,-0.55713487,-0.57222134,-0.6018002,,0.09589062,1.3379587,0.44838807,0.99479616,-0.009848638,-0.101408124,-0.07195882,-0.7725401,-0.6308754,-0.07212858,0.6348896,-0.7692286,,-0.097640164,0.25094372,-0.08650008,0.37868613,0.06660913,0.92312515,-0.50533104,0.850497,0.14592929,-0.775395,-0.5217452,0.3557311,,0.0210485,0.3972264,-0.42820162,0.18215708,0.73201746,-0.65648246,-0.9300347,-0.08843545,-0.35667166,-0.31914622,0.67552173,0.66469246,,0.9301491155702226,0.42875068371119635,0.1778769138,0.058293804288697765,-0.826104277581853,1.089459111804166,-0.40983026193090655,,-1.2346410273351467,-0.3509827636677555,0.14493170345,0.5462423027771859,0.5505084575549596,-0.2872605072547092,0.8658868945778143,,-0.03805254101660637,-0.09251335866352443,0.09127582152,-0.07163176773016745,,5.6628138e-05,9.536743e-07,2.3841858e-07,1.0,-6.804615e-05,-5.6166202e-05,6.804243e-05,1.0,-6.3478947e-06,5.6155026e-05,6.4074993e-06,1.0,171,0.52,0,0,0.0,False,-0.25791197091247,1.0413556334269989
0.5473497270140797,12:12:40.573885,12:11:40.212784,0,,0.1366334,0.01315777,0.021580115,-0.45225096,-0.14132363,-0.88062286,-0.8662281,0.30474734,0.3959521,0.21241006,0.9418899,-0.26024076,,0.024025097,-0.062214654,0.062400818,-0.10891341,-0.66808647,0.73606944,-0.8232543,0.4756289,0.30988628,-0.5571268,-0.5722216,-0.6018075,,0.09589062,1.3379587,0.44838807,0.99479616,-0.009848638,-0.101408124,-0.07195882,-0.7725401,-0.6308754,-0.07212858,0.6348896,-0.7692286,,-0.09768479,0.25107738,-0.08663218,0.38110667,0.071416944,0.9217686,-0.5133863,0.84551674,0.14675128,-0.76889026,-0.52915126,0.35889655,,0.021050671,0.39722967,-0.42820525,0.18216047,0.7320203,-0.65647835,-0.9300309,-0.08843802,-0.3566809,-0.3191553,0.6755183,0.6646916,,0.9303653520907009,0.429152265820656,0.17766432224,0.055987214910368004,-0.8159931765992103,1.0898721333855304,-0.4101569500631752,,-1.2346333046022724,-0.35099048640062974,0.14492651829000003,0.5462423027771859,0.5505084575549596,-0.2872605072547092,0.8658868945778143,,-0.03805254101660637,-0.09251335866352443,0.09127582152,-0.07163176773016745,,5.6628138e-05,9.536743e-07,2.3841858e-07,1.0,-6.804615e-05,-5.6166202e-05,6.804243e-05,1.0,-6.3478947e-06,5.6155026e-05,6.4074993e-06,1.0,183,0.557,0,0,0.0,False,-0.2566012611050077,1.0413073532262194
0.5731048459419981,12:12:40.608686,12:11:40.212784,0,,0.13665146,0.01317656,0.02176112,-0.455404,-0.14415827,-0.87853605,-0.86742723,0.2940209,0.4013999,0.20044279,0.9448651,-0.25894508,,0.0240236,-0.062214386,0.062404394,-0.10891341,-0.66808647,0.73606944,-0.8232543,0.4756289,0.30988628,-0.5571268,-0.5722216,-0.6018075,,0.09589062,1.3379587,0.44838807,0.99479616,-0.009848638,-0.101408124,-0.07195882,-0.7725401,-0.6308754,-0.07212858,0.6348896,-0.7692286,,-0.097718276,0.25120887,-0.08675478,0.38527045,0.0733551,0.91988355,-0.52201456,0.83933765,0.15170081,-0.7609649,-0.5386384,0.3616644,,0.0210517,0.39723277,-0.42820734,0.18216047,0.7320203,-0.65647835,-0.9300309,-0.08843802,-0.3566809,-0.3191553,0.6755183,0.6646916,,0.9305661431454307,0.4294302842041281,0.17744913810000001,0.05556783502339895,-0.8038325281200862,1.0925344659381957,-0.41146370259224946,,-1.2346333046022724,-0.35099048640062974,0.14492262942,0.5462423027771859,0.5505084575549596,-0.28726050725470914,0.8662135827100829,,-0.03805254101660637,-0.09251335866352443,0.09127582152,-0.07163176773016745,,5.6628138e-05,9.536743e-07,2.3841858e-07,1.0,-6.804615e-05,-5.6166202e-05,6.804243e-05,1.0,-6.3478947e-06,5.6155026e-05,6.4074993e-06,1.0,194,0.589,0,0,0.0,False,-0.25725661600873906,1.0417901552340136
0.6078972079558298,12:12:40.647488,12:11:40.212784,0,,0.13661383,0.013156161,0.022038668,-0.45817903,-0.14710462,-0.87660265,-0.8682859,0.2850327,0.40600008,0.19013593,0.9471623,-0.25832486,,0.024019577,-0.0622151,0.062410474,-0.10898677,-0.66823775,0.7359212,-0.82331455,0.475535,0.3098702,-0.55702335,-0.57212293,-0.6019969,,0.09589062,1.3379587,0.44838807,0.99479616,-0.009848638,-0.101408124,-0.07195882,-0.7725401,-0.6308754,-0.07212858,0.6348896,-0.7692286,,-0.097707465,0.25137416,-0.08698155,0.38892546,0.075564854,0.91816497,-0.5293123,0.83404225,0.1555698,-0.7540328,-0.5465011,0.36437768,,0.021054938,0.3972375,-0.4282119,0.18222061,0.73215854,-0.6563075,-0.9299793,-0.08840286,-0.35682407,-0.31927124,0.6753731,0.6647835,,0.9310526753165069,0.4297778071834682,0.17713802850000002,0.05556783502339895,-0.7934481541379126,1.0937047965938538,-0.41113701445998085,,-1.234625581869398,-0.35099048640062974,0.14491485168,0.5462423027771859,0.5503718210551941,-0.2870674106108722,0.8670303030407542,,-0.03805254101660637,-0.09251335866352443,0.09127582152,-0.07163176773016745,,5.6628138e-05,9.536743e-07,2.3841858e-07,1.0,-6.804615e-05,-5.6166202e-05,6.804243e-05,1.0,-6.3478947e-06,5.6155026e-05,6.4074993e-06,1.0,206,0.626,0,0,0.0,False,-0.2570183051346544,1.04212811663947
0.6467145589413121,12:12:40.678305,12:11:40.212784,0,,0.13659558,0.013173938,0.022250772,-0.46089292,-0.15518996,-0.87378126,-0.8690201,0.2785683,0.40890568,0.17994967,0.94779515,-0.2632533,,0.024014957,-0.062213328,0.062421143,-0.10898513,-0.66823983,0.73591954,-0.823311,0.47553718,0.3098765,-0.55702895,-0.57211876,-0.6019957,,0.09589062,1.3379587,0.44838807,0.99479616,-0.009848638,-0.101408124,-0.07195882,-0.7725401,-0.6308754,-0.07212858,0.6348896,-0.7692286,,-0.097707756,0.25152567,-0.08713216,0.3925157,0.083179146,0.91597635,-0.5364381,0.8296707,0.15453354,-0.7471048,-0.55202144,0.37027922,,0.02105818,0.39724743,-0.42821732,0.18221968,0.7321601,-0.656306,-0.9299817,-0.08839803,-0.35681903,-0.3192648,0.67537206,0.6647876,,0.931469702891715,0.43011760742993405,0.17690599259,0.05556783502339895,-0.7832004166555047,1.0890239971229476,-0.4122804229229208,,-1.234625581869398,-0.3509827636677555,0.14490318507000002,0.5462423027771859,0.5503718210551941,-0.2870674106108722,0.8673569911730228,,-0.03805254101660637,-0.09251335866352443,0.09127582152,-0.07163176773016745,,5.6628138e-05,9.536743e-07,2.3841858e-07,1.0,-6.804615e-05,-5.6166202e-05,6.804243e-05,1.0,-6.3478947e-06,5.6155026e-05,6.4074993e-06,1.0,214,0.651,0,0,0.0,False,-0.2571374605716965,1.0415004740293372
0.6775236539542675,12:12:40.711789,12:11:40.372919,0,,0.1365722,0.013150707,0.02250582,-0.4630457,-0.156187,-0.8724644,-0.86954796,0.27072024,0.4130339,0.17168319,0.9499032,-0.26116788,,0.024011888,-0.062212523,0.062431097,-0.10898237,-0.6682349,0.7359244,-0.82330966,0.47553933,0.30987662,-0.5570314,-0.5721227,-0.60198975,,0.09589062,1.3379587,0.44838807,0.99479616,-0.009848638,-0.101408124,-0.07195882,-0.7725401,-0.6308754,-0.07212858,0.6348896,-0.7692286,,-0.09770921,0.25167394,-0.087342285,0.39538378,0.08353283,0.91470975,-0.54217005,0.8250873,0.15900493,-0.74143326,-0.55879617,0.37151513,,0.021059968,0.39725602,-0.42822295,0.18221723,0.7321557,-0.65631163,-0.9299831,-0.0884003,-0.35681483,-0.31926215,0.67537653,0.6647844,,0.9318403940696778,0.4304960213407711,0.17662858653000002,0.05556783502339895,-0.7750022266695782,1.0915686205370458,-0.411790390724518,,-1.2346333046022724,-0.3509827636677555,0.14489281475000002,0.5462423027771859,0.5503718210551941,-0.2870674106108722,0.8670303030407542,,-0.03805254101660637,-0.09251335866352443,0.09127582152,-0.07163176773016745,,5.6628138e-05,9.536743e-07,2.3841858e-07,1.0,-6.804615e-05,-5.6166202e-05,6.804243e-05,1.0,-6.3478947e-06,5.6155026e-05,6.4074993e-06,1.0,226,0.688,0,0,0.0,False,-0.25779281547542787,1.041403913627778
0.7110090079950169,12:12:40.743771,12:11:40.372919,0,,0.13657875,0.01317668,0.02275914,-0.46752188,-0.1617217,-0.8690623,-0.8697912,0.25960645,0.41960442,0.15775502,0.952077,-0.26203576,,0.024007566,-0.06221279,0.062441945,-0.10898399,-0.6680525,0.7360898,-0.8233133,0.47561315,0.30975372,-0.55702573,-0.57227445,-0.60185075,,0.09589062,1.3379587,0.44838807,0.99479616,-0.009848638,-0.101408124,-0.07195882,-0.7725401,-0.6308754,-0.07212858,0.6348896,-0.7692286,,-0.09773747,0.25185803,-0.087516055,0.40109685,0.08820686,0.911779,-0.5513224,0.81813806,0.16338202,-0.7315497,-0.5682162,0.376783,,0.021062898,0.39726478,-0.4282301,0.18221815,0.7319933,-0.6564925,-0.9299807,-0.08849255,-0.35679817,-0.31926855,0.67554045,0.6646147,,0.9321493033846467,0.4309130489159792,0.1763472916,0.0568259746843061,-0.7607920306939724,1.0907627522511725,-0.40950357379863805,,-1.2346333046022724,-0.35099048640062974,0.14488114814000003,0.5462423027771859,0.5503718210551941,-0.2873124468312939,0.8665402708423514,,-0.03805254101660637,-0.09251335866352443,0.09127582152,-0.07163176773016745,,5.6628138e-05,9.536743e-07,2.3841858e-07,1.0,-6.804615e-05,-5.6166202e-05,6.804243e-05,1.0,-6.3478947e-06,5.6155026e-05,6.4074993e-06,1.0,241,0.733,0,0,0.0,False,-0.2566608388235285,1.0412107928246603
0.7429884410230443,12:12:40.787395,12:11:40.372919,0,,0.13657561,0.01314041,0.023177058,-0.473621,-0.17080252,-0.8640079,-0.86954695,0.24651176,0.42792535,0.13989732,0.95396984,-0.26527393,,0.024001122,-0.062213805,0.062456846,-0.109056205,-0.66813654,0.7360028,-0.82337594,0.4755446,0.3096924,-0.55691904,-0.57223314,-0.6019887,,0.09589062,1.3379587,0.44838807,0.99479616,-0.009848638,-0.101408124,-0.07195882,-0.7725401,-0.6308754,-0.07212858,0.6348896,-0.7692286,,-0.09777471,0.25210178,-0.08785544,0.4088112,0.09631994,0.90752184,-0.562628,0.80955875,0.16752431,-0.7185563,-0.579083,0.38514897,,0.021067426,0.39727652,-0.42824048,0.18227676,0.73207194,-0.6563885,-0.9299281,-0.08849362,-0.35693493,-0.31938824,0.6754551,0.66464394,,0.9324891036311126,0.4314304720185522,0.17587155317000003,0.05913256406263587,-0.7424827397254035,1.087022740555109,-0.408360165335698,,-1.2346333046022724,-0.350998209133504,0.14486429637,0.5462423027771859,0.5502351845554286,-0.2872010289275974,0.8665402708423514,,-0.03805254101660637,-0.09251335866352443,0.09127582152,-0.07163176773016745,,5.6628138e-05,9.536743e-07,2.3841858e-07,1.0,-6.804615e-05,-5.6166202e-05,6.804243e-05,1.0,-6.3478947e-06,5.6155026e-05,6.4074993e-06,1.0,249,0.757,0,0,0.0,False,-0.25779281547542787,1.0405348700137478
0.7866184050217271,12:12:40.817733,12:11:40.372919,0,,0.1365561,0.0130999535,0.023571163,-0.47762942,-0.17647788,-0.8606542,-0.8699049,0.23217553,0.43515533,0.12302756,0.9565302,-0.2644128,,0.023996852,-0.062213566,0.06247127,-0.10912125,-0.6681528,0.73597836,-0.8234323,0.4755079,0.30959877,-0.55682284,-0.57224464,-0.60206676,,0.09589062,1.3379587,0.44838807,0.99479616,-0.009848638,-0.101408124,-0.07195882,-0.7725401,-0.6308754,-0.07212858,0.6348896,-0.7692286,,-0.09779372,0.25232717,-0.08818127,0.4143224,0.10091592,0.90451807,-0.57378477,0.80041224,0.17352614,-0.7064758,-0.59089446,0.38953272,,0.021069858,0.3972884,-0.42824936,0.18232952,0.7320897,-0.656354,-0.92988074,-0.088523515,-0.35705099,-0.31949612,0.6754319,0.6646157,,0.9331378131925475,0.4319324496553768,0.17530377815,0.058713184175666816,-0.7196644442645749,1.088835635672947,-0.41195373479065217,,-1.2346487500680208,-0.350998209133504,0.14484874089000002,0.5462423027771859,0.5500985480556632,-0.2871712897640416,0.8660502386439486,,-0.03805254101660637,-0.09251335866352443,0.09127582152,-0.07163176773016745,,5.6628138e-05,9.536743e-07,2.3841858e-07,1.0,-6.804615e-05,-5.6166202e-05,6.804243e-05,1.0,-6.3478947e-06,5.6155026e-05,6.4074993e-06,1.0,265,0.806,0,0,0.0,False,-0.2580311263495121,1.040438309612189
0.8169569909805432,12:12:40.860159,12:11:40.516184,0,,0.13652922,0.01306811,0.023967952,-0.48116443,-0.1836194,-0.8571841,-0.8705991,0.21459582,0.44272557,0.10265508,0.95928746,-0.26311475,,0.02399274,-0.062213954,0.06248015,-0.10919182,-0.66805875,0.7360533,-0.82349133,0.47551736,0.30942735,-0.55672175,-0.5723467,-0.6020633,,0.09589062,1.3379587,0.44838807,0.99479616,-0.009848638,-0.101408124,-0.07195882,-0.7725401,-0.6308754,-0.07212858,0.6348896,-0.7692286,,-0.09780518,0.25256097,-0.08850438,0.41966495,0.10676786,0.9013778,-0.5874789,0.78895116,0.1800684,-0.69191754,-0.60510886,0.393819,,0.021072827,0.39729553,-0.42825535,0.18238719,0.73200905,-0.6564279,-0.9298305,-0.08860723,-0.35716102,-0.31960937,0.6755083,0.66448355,,0.9336243453636236,0.43215640890872936,0.17495637243,0.05703566462779063,-0.7051809752894381,1.0915641536261464,-0.4096669178647723,,-1.2346487500680208,-0.350998209133504,0.14483837057,0.5462423027771859,0.5499619115558978,-0.2873049080807669,0.8652335183132771,,-0.03805254101660637,-0.09251335866352443,0.09127582152,-0.07163176773016745,,5.6628138e-05,9.536743e-07,2.3841858e-07,1.0,-6.804615e-05,-5.6166202e-05,6.804243e-05,1.0,-6.3478947e-06,5.6155026e-05,6.4074993e-06,1.0,273,0.831,0,0,0.0,False,-0.2575545046013441,1.0402934690098506
0.8593597719445825,12:12:40.889303,12:11:40.516184,0,,0.13648356,0.012989312,0.024298087,-0.48310426,-0.19009537,-0.85467774,-0.87083405,0.2056371,0.44649926,0.09087598,0.959988,-0.26488566,,0.023989,-0.062214624,0.062487006,-0.10919623,-0.6680615,0.7360501,-0.8234963,0.47551304,0.30942094,-0.5567137,-0.5723469,-0.60207045,,0.09589062,1.3379587,0.44838807,0.99479616,-0.009848638,-0.101408124,-0.07195882,-0.7725401,-0.6308754,-0.07212858,0.6348896,-0.7692286,,-0.09779452,0.25271612,-0.08880948,0.4226599,0.112634726,0.89926195,-0.5952718,0.78270006,0.18174718,-0.6833814,-0.61212254,0.39786422,,0.021075683,0.39730087,-0.42826036,0.18239057,0.7320119,-0.6564238,-0.92982674,-0.0886098,-0.35717025,-0.31961846,0.67550486,0.66448265,,0.9341031548018256,0.4323340317648365,0.17456878172,0.055987214910368004,-0.6934302363096103,1.090395124142732,-0.40917688566636945,,-1.2346410273351467,-0.3510059318663782,0.14483059283000002,0.5462423027771859,0.5499619115558978,-0.2873049080807669,0.8652335183132771,,-0.03805254101660637,-0.09251335866352443,0.09127582152,-0.07163176773016745,,5.6628138e-05,9.536743e-07,2.3841858e-07,1.0,-6.804615e-05,-5.6166202e-05,6.804243e-05,1.0,-6.3478947e-06,5.6155026e-05,6.4074993e-06,1.0,284,0.864,0,0,0.0,False,-0.25779281547542787,1.040438309612189
0.8884863969869912,12:12:40.915447,12:11:40.516184,0,,0.13643321,0.0129122585,0.024605542,-0.48498744,-0.19519371,-0.8524591,-0.87070584,0.19873223,0.44986334,0.08160058,0.96041906,-0.2663389,,0.02398727,-0.06221303,0.062493324,-0.10919182,-0.66805875,0.7360533,-0.82349133,0.47551736,0.30942735,-0.55672175,-0.5723467,-0.6020633,,0.09589062,1.3379587,0.44838807,0.99479616,-0.009848638,-0.101408124,-0.07195882,-0.7725401,-0.6308754,-0.07212858,0.6348896,-0.7692286,,-0.097777,0.25285792,-0.08909685,0.42538962,0.11727295,0.89737993,-0.6011642,0.7778132,0.18332544,-0.67649484,-0.61745745,0.40137395,,0.0210766,0.39730695,-0.42826304,0.18238719,0.73200905,-0.6564279,-0.9298305,-0.08860723,-0.35716102,-0.31960937,0.6755083,0.66448355,,0.9345587960414048,0.43253482281956634,0.17420582052000003,0.055777524966883485,-0.6838656813260294,1.0889668126149463,-0.4116270466583837,,-1.2346487500680208,-0.350998209133504,0.14482411138,0.5462423027771859,0.5498252750561323,-0.28719349017707047,0.8655602064455458,,-0.03805254101660637,-0.09251335866352443,0.09127582152,-0.07163176773016745,,5.6628138e-05,9.536743e-07,2.3841858e-07,1.0,-6.804615e-05,-5.6166202e-05,6.804243e-05,1.0,-6.3478947e-06,5.6155026e-05,6.4074993e-06,1.0,296,0.901,0,0,0.0,False,-0.25719703829021734,1.0406314304153068
0.9146384699270129,12:12:40.954343,12:11:40.516184,0,,0.13640714,0.012878299,0.024950176,-0.48873404,-0.20178372,-0.84877694,-0.87000716,0.18522215,0.45692486,0.065012276,0.9617567,-0.2660776,,0.023983896,-0.062214863,0.06249827,-0.1092668,-0.66808766,0.736016,-0.82355523,0.47547194,0.3093272,-0.5566127,-0.5723506,-0.6021604,,0.09589062,1.3379587,0.44838807,0.99479616,-0.009848638,-0.101408124,-0.07195882,-0.7725401,-0.6308754,-0.07212858,0.6348896,-0.7692286,,-0.09778458,0.25305626,-0.089381866,0.4306745,0.12293711,0.89409506,-0.61133915,0.76851636,0.18880431,-0.6639156,-0.6279085,0.40613663,,0.02107934,0.39731008,-0.42826775,0.18244824,0.7320385,-0.65637815,-0.9297765,-0.08863518,-0.3572947,-0.31973168,0.67547274,0.66446084,,0.9350376054796067,0.4327665048057931,0.17381693352000002,0.055987214910368004,-0.6673326648544111,1.089207274611294,-0.4121170788567865,,-1.2346410273351467,-0.3510059318663782,0.14481762993000002,0.5462423027771859,0.5498252750561323,-0.287275168917211,0.86572355051168,,-0.03805254101660637,-0.09251335866352443,0.09127582152,-0.07163176773016745,,5.6628138e-05,9.536743e-07,2.3841858e-07,1.0,-6.804615e-05,-5.6166202e-05,6.804243e-05,1.0,-6.3478947e-06,5.6155026e-05,6.4074993e-06,1.0,304,0.925,0,0,0.0,False,-0.25791197091247,1.039279584793482
0.9535692100180313,12:12:40.981739,12:11:40.516184,0,,0.13638993,0.012864307,0.025304556,-0.49204963,-0.2077649,-0.84541166,-0.86941147,0.16729647,0.46490395,0.044843674,0.96376634,-0.2629513,,0.023982085,-0.06221291,0.06250727,-0.109259635,-0.66820014,0.7359148,-0.82354903,0.47542796,0.30941126,-0.5566231,-0.5722559,-0.6022407,,0.09589062,1.3379587,0.44838807,0.99479616,-0.009848638,-0.101408124,-0.07195882,-0.7725401,-0.6308754,-0.07212858,0.6348896,-0.7692286,,-0.09780075,0.25327593,-0.089660324,0.43585324,0.12768441,0.8909145,-0.6239236,0.75628763,0.19684604,-0.64865345,-0.6416586,0.4092957,,0.021079987,0.39731854,-0.42827186,0.18244241,0.73213845,-0.65626824,-0.9297817,-0.088576496,-0.35729575,-0.3197199,0.6753721,0.66456884,,0.9356090877122993,0.4329904640591456,0.17340730588000003,0.05472907524946085,-0.647110462889126,1.093137109899364,-0.41277045512132365,,-1.234656472800895,-0.350998209133504,0.14480855590000002,0.5462423027771859,0.5498252750561323,-0.28711181143692993,0.86572355051168,,-0.03805254101660637,-0.09251335866352443,0.09127582152,-0.07163176773016745,,5.6628138e-05,9.536743e-07,2.3841858e-07,1.0,-6.804615e-05,-5.6166202e-05,6.804243e-05,1.0,-6.3478947e-06,5.6155026e-05,6.4074993e-06,1.0,316,0.962,0,0,0.0,False,-0.256541683386486,1.0397623868012766
0.980913002975285,12:12:41.021951,12:11:40.675370,0,,0.1363577,0.012847751,0.025691763,-0.4966263,-0.22164169,-0.83918846,-0.8677113,0.15013185,0.47385392,0.020963132,0.9635016,-0.2668804,,0.023976073,-0.062213298,0.06251824,-0.10933298,-0.6682312,0.7358758,-0.8236093,0.47538465,0.30931744,-0.5565196,-0.57225555,-0.60233665,,0.09589062,1.3379587,0.44838807,0.99479616,-0.009848638,-0.101408124,-0.07195882,-0.7725401,-0.6308754,-0.07212858,0.6348896,-0.7692286,,-0.09780514,0.25351524,-0.089966856,0.4426885,0.14053293,0.88559437,-0.6380569,0.7432919,0.20099886,-0.63000816,-0.6540395,0.41871476,,0.021084597,0.39732742,-0.42827922,0.18250252,0.73216945,-0.656217,-0.92973,-0.088599585,-0.35742444,-0.3198358,0.67533547,0.66455024,,0.9362732427394826,0.43307541412076206,0.17294971551000002,0.05451938530597633,-0.6227891659308775,1.0889053624082485,-0.4119537347906522,,-1.2346487500680208,-0.350998209133504,0.14479559300000003,0.5462423027771859,0.549688638556367,-0.28708207227337396,0.8655602064455458,,-0.03805254101660637,-0.09251335866352443,0.09127582152,-0.07163176773016745,,5.6628138e-05,9.536743e-07,2.3841858e-07,1.0,-6.804615e-05,-5.6166202e-05,6.804243e-05,1.0,-6.3478947e-06,5.6155026e-05,6.4074993e-06,1.0,327,0.995,0,0,0.0,False,-0.2571374605716965,1.0394727055965998
1.0211778610246256,12:12:41.046684,12:11:40.675370,0,,0.13633122,0.012835607,0.025889337,-0.4985764,-0.22601122,-0.83686346,-0.8667809,0.1417959,0.47810555,0.0106064975,0.9637493,-0.26659822,,0.02397088,-0.062213194,0.06253219,-0.10940078,-0.66831243,0.73579186,-0.8236669,0.47532052,0.30926248,-0.55642104,-0.57221395,-0.60246736,,0.09589062,1.3379587,0.44838807,0.99479616,-0.009848638,-0.101408124,-0.07195882,-0.7725401,-0.6308754,-0.07212858,0.6348896,-0.7692286,,-0.09779762,0.2536347,-0.09012674,0.4456293,0.14438236,0.8834978,-0.64404,0.7371856,0.20437685,-0.6217934,-0.6600842,0.4214995,,0.021087985,0.39733902,-0.42828804,0.18255773,0.7322452,-0.6561171,-0.9296811,-0.088597976,-0.35755193,-0.31994635,0.67525357,0.6645803,,0.9366516566503197,0.43315264144950427,0.17272416105000002,0.05451938530597633,-0.6122681554489386,1.0889024515383832,-0.41179039072451806,,-1.234656472800895,-0.350998209133504,0.14478003752000002,0.5462423027771859,0.5495520020566015,-0.28697065436967756,0.8655602064455458,,-0.03805254101660637,-0.09251335866352443,0.09127582152,-0.07163176773016745,,5.6628138e-05,9.536743e-07,2.3841858e-07,1.0,-6.804615e-05,-5.6166202e-05,6.804243e-05,1.0,-6.3478947e-06,5.6155026e-05,6.4074993e-06,1.0,344,1.047,0,0,0.0,False,-0.25826943722359585,1.0386036619825694
1.045893513946794,12:12:41.100491,12:11:40.675370,0,,0.13622329,0.012848645,0.026508212,-0.5062601,-0.24326229,-0.8273597,-0.8619594,0.11274591,0.4942817,-0.026958644,0.96338546,-0.266761,,0.02393046,-0.06224341,0.062547624,-0.10991325,-0.6684313,0.73560756,-0.82407993,0.47506696,0.30855083,-0.5557078,-0.5722857,-0.603057,,0.09584937,1.3379623,0.44838503,0.9948011,-0.0097954245,-0.10136467,-0.071890295,-0.77254075,-0.6308824,-0.07212858,0.6348896,-0.7692286,,-0.097714745,0.25404772,-0.09060431,0.45704564,0.1599136,0.8749497,-0.6646043,0.71515465,0.21645993,-0.59110945,-0.6804274,0.4331376,,0.021165052,0.3973443,-0.4283255,0.18304223,0.7323486,-0.6558666,-0.9293121,-0.088762075,-0.35846943,-0.32074067,0.6751199,0.6643332,,0.9377714529170822,0.43339204616860527,0.17199694236000002,0.055777524966883485,-0.5738732990148498,1.0867533308298694,-0.41032029412930954,,-1.2347259773967632,-0.3510059318663782,0.1447696672,0.5462423027771859,0.5485955465582434,-0.2867624802247865,0.8644167979826057,,-0.03805254101660637,-0.09251335866352443,0.09127582152,-0.07163176773016745,,1.5564263e-05,-3.33786e-06,4.4107437e-06,1.0,-1.5065074e-05,-1.2438744e-05,1.5057623e-05,0.99999994,-1.3709068e-06,1.2427568e-05,1.4305115e-06,1.0,352,1.073,0,0,0.0,False,-0.2580907040680329,1.0394727055965998
