camera_matrix:
- - 2446.8540883436535
  - 0.0
  - 576.2770697188017
- - 0.0
  - 2413.112005861537
  - 374.7366588325058
- - 0.0
  - 0.0
  - 1.0
dist_coeff:
- - -0.33065086724455334
  - 2.181743698213243
  - 0.017016537671346813
  - -0.009780281992485446
  - -21.001376863160626
mean reprojection error:
- 0.03556345225114843
