camera_matrix:
- - 1640.3718787928897
  - 0.0
  - 625.9104891235652
- - 0.0
  - 1640.1982476979429
  - 520.8085920217773
- - 0.0
  - 0.0
  - 1.0
dist_coeff:
- - -0.2680801210130704
  - 0.15976114081962345
  - -0.0032542961263723577
  - -0.00566612897582538
  - 0.7922723289440321
mean reprojection error:
- 0.23705046667330434
