Task Time,PC1 Time,PC2 Time,Gaze Calib,s_T_psm1,Tx,Ty,Tz,R00,R01,R02,R10,R11,R12,R20,R21,R22,s_T_psm3,Tx,Ty,Tz,R00,R01,R02,R10,R11,R12,R20,R21,R22,cart_T_ecm,Tx,Ty,Tz,R00,R01,R02,R10,R11,R12,R20,R21,R22,ecm_T_psm1,Tx,Ty,Tz,R00,R01,R02,R10,R11,R12,R20,R21,R22,ecm_T_psm3,Tx,Ty,Tz,R00,R01,R02,R10,R11,R12,R20,R21,R22,psm1_joints,q1,q2,q3,q4,q5,q6,jaw,psm3_joints,q1,q2,q3,q4,q5,q6,jaw,ecm_joints,q1,q2,q3,q4,ecmi_T_ecm,Tx,Ty,Tz,R00,R01,R02,R10,R11,R12,R20,R21,R22,Sample #,Task Duration (s),Collisions (binary),Collisions (increments),Cumulative Collision Time (s),Clutch Press,MTMR Angle,MTML Angle
""
lci_T_si,,,,,-0.06405862,0.016163385,0.23836872,0.9936273,-0.018126413,0.1112486,0.06163678,-0.7389648,-0.6709187,0.09437015,0.6735001,-0.7331383
rci_T_si,,,,,-0.07404149,0.020406518,0.24901661,0.991507,-0.031528454,0.12617382,0.062267285,-0.73666036,-0.67339015,0.1141782,0.6755276,-0.7284407
ecm_T_lc,,,,,-4.4061628e-05,-0.00034663224,-0.01840835,-0.99912,0.030754527,0.028518902,-0.031987965,-0.99852574,-0.043852776,0.027128186,-0.04472645,0.9986309
ecm_T_rc,,,,,-0.0043358393,0.01870579,-0.007592615,-0.99555075,-0.052743673,-0.078081585,0.04863213,-0.9973746,0.053654674,-0.08070653,0.04961868,0.9955021
cart_T_ecmi,,,,,0.10736985,1.3461393,0.4449551,0.99602276,0.009220387,-0.08862091,-0.050110485,-0.7644486,-0.6427342,-0.07367239,0.64461875,-0.76094615
ecmac_T_ecmrep_psm1,,,,,0.0019077883,-0.24418817,-0.31129345,0.9990406,0.03670117,0.023893757,-0.03487346,0.99673134,-0.072872825,-0.026490174,0.07196965,0.997055
ecmac_T_ecmrep_psm3,,,,,-0.025437847,-0.43631262,-0.5392238,0.9997681,0.02112905,0.0041644988,-0.020983119,0.99925387,-0.03242474,-0.0048464956,0.032329835,0.9994655
""
0,18:08:14.154431,18:07:58.491738,0,,0.12744957,0.0010629296,0.025212288,0.8604981,-0.009990551,-0.50935537,0.44402838,0.5048702,0.74023306,0.24976295,-0.8631375,0.43887585,,0.096593276,-0.0026939735,0.024280548,0.51065946,0.6407378,0.57330793,0.6481647,-0.7249994,0.23293427,0.56489766,0.25264794,-0.7855314,,0.10737642,1.3461392,0.44493735,0.9960232,0.009226751,-0.08861556,-0.050102193,-0.7644485,-0.642735,-0.07367239,0.64461875,-0.76094615,,-0.08319558,0.25760826,-0.085458145,-0.87253475,0.11653777,0.47444916,0.4515644,-0.1782951,0.8742428,0.18647428,0.9770516,0.10294437,,-0.032689877,0.44896266,-0.30957824,-0.56538886,-0.6877089,-0.45540303,0.8195301,-0.40591845,-0.40447572,0.093305066,-0.60190254,0.79309994,,0.9029573731200782,0.34648813313495685,0.19704126516,3.677542228831588,0.05287832540922545,-1.6484326874531252,-0.41048363819544376,,-1.000333311931175,0.09978543146785489,0.21368303618,-2.1864370407131357,0.06121315189491732,0.04442372400635258,0.8734007216199912,,-0.046482481303738984,-0.07979645340118074,0.07698830152,-0.06345462529521684,,7.867813e-06,-1.13248825e-05,1.2993813e-05,1.0,6.336719e-06,5.3718686e-06,-6.3329935e-06,1.0,6.556511e-07,-5.364418e-06,-5.9604645e-07,1.0,37,0.111,0,0,0.0,False,-0.2620824112089424,1.0482597021384612
0.12597977899713442,18:08:14.183912,18:07:58.491738,0,,0.1273896,0.0010412484,0.025357723,0.86048543,-0.00699953,-0.5094269,0.44274488,0.5050007,0.7409124,0.25207487,-0.86309046,0.4376447,,0.09659901,-0.002691619,0.024285793,0.51063806,0.6406356,0.57344127,0.6481573,-0.7250404,0.23282754,0.56492555,0.25278962,-0.78546584,,0.10737642,1.3461392,0.44493735,0.9960232,0.009226751,-0.08861556,-0.050102193,-0.7644485,-0.642735,-0.07367239,0.64461875,-0.76094615,,-0.08315252,0.2576897,-0.085587494,-0.8728061,0.113563545,0.47467136,0.45209625,-0.17833,0.87396073,0.18389823,0.97739536,0.10430585,,-0.03269621,0.44896752,-0.30957976,-0.56537163,-0.6876279,-0.45554674,0.81954515,-0.4058448,-0.4045191,0.09327734,-0.60204476,0.7929953,,0.9034052916267832,0.3464726876692084,0.19689737697,3.677542228831588,0.050008958914151205,-1.6466646626564843,-0.4108103263277123,,-1.000371925595546,0.09979315420072911,0.21368303618,-2.1864370407131357,0.06121315189491732,0.04458708148663376,0.873400721619991,,-0.046482481303738984,-0.07979645340118074,0.07698830152,-0.06345462529521684,,7.867813e-06,-1.13248825e-05,1.2993813e-05,1.0,6.336719e-06,5.3718686e-06,-6.3329935e-06,1.0,6.556511e-07,-5.364418e-06,-5.9604645e-07,1.0,45,0.135,0,0,0.0,False,-0.26190367805337944,1.0477769001306665
0.1555280140019022,18:08:14.206547,18:07:58.595986,0,,0.12736624,0.0010627806,0.025607437,0.85964143,0.009878837,-0.5108021,0.43536118,0.5090358,0.74252486,0.26735178,-0.86068857,0.43328735,,0.096598595,-0.0026900992,0.024286091,0.5106353,0.64063925,0.5734395,0.6481564,-0.72503877,0.2328349,0.564929,0.2527848,-0.78546476,,0.10737642,1.3461392,0.44493735,0.9960232,0.009226751,-0.08861556,-0.050102193,-0.7644485,-0.642735,-0.07367239,0.64461875,-0.76094615,,-0.08315638,0.25786972,-0.08576343,-0.87381935,0.09661881,0.47655484,0.45648402,-0.17463824,0.8724241,0.16751727,0.97988075,0.10849734,,-0.032695785,0.44896886,-0.30957898,-0.5653694,-0.68763083,-0.45554495,0.81954706,-0.4058472,-0.40451288,0.09327391,-0.60203975,0.79299945,,0.9042625149758221,0.34636456940896926,0.19667960025000003,3.6769131590011344,0.03251948694417483,-1.6414695111389448,-0.4090135416002354,,-1.000371925595546,0.09980087693360334,0.21368303618,-2.1864370407131357,0.06121315189491732,0.044587081486633706,0.8737274097522597,,-0.046482481303738984,-0.07979645340118074,0.07698830152,-0.06345462529521684,,7.867813e-06,-1.13248825e-05,1.2993813e-05,1.0,6.336719e-06,5.3718686e-06,-6.3329935e-06,1.0,6.556511e-07,-5.364418e-06,-5.9604645e-07,1.0,56,0.168,0,0,0.0,False,-0.26148663402373185,1.048452822941579
0.1780630589928478,18:08:14.245087,18:07:58.595986,0,,0.12736523,0.0010830462,0.02580978,0.85869575,0.023575671,-0.511943,0.4271099,0.5191506,0.74031055,0.28322878,-0.85435754,0.43572298,,0.096599445,-0.002693154,0.024285495,0.5106407,0.6405382,0.5735476,0.6481582,-0.72508,0.2327016,0.5649221,0.25292274,-0.7854254,,0.10737642,1.3461392,0.44493735,0.9960232,0.009226751,-0.08861556,-0.050102193,-0.7644485,-0.642735,-0.07367239,0.64461875,-0.76094615,,-0.08317723,0.25801674,-0.085902385,-0.8748173,0.08253949,0.4773698,0.4606103,-0.16361001,0.8723932,0.15010937,0.98306614,0.105110325,,-0.032696635,0.44896618,-0.30958053,-0.5653738,-0.6875505,-0.45566085,0.8195433,-0.40577632,-0.40459162,0.09328078,-0.6021793,0.7928927,,0.9049884518659992,0.3461560556213652,0.19650719368000003,3.67670346905765,0.014073559475840366,-1.6442340594905707,-0.41228042292292066,,-1.000371925595546,0.09978543146785489,0.21368303618,-2.1864370407131357,0.06121315189491732,0.04475043896691483,0.8734007216199912,,-0.046482481303738984,-0.07979645340118074,0.07698830152,-0.06345462529521684,,7.867813e-06,-1.13248825e-05,1.2993813e-05,1.0,6.336719e-06,5.3718686e-06,-6.3329935e-06,1.0,6.556511e-07,-5.364418e-06,-5.9604645e-07,1.0,64,0.193,0,0,0.0,False,-0.2620824112089424,1.047390658524431
0.2166810710041318,18:08:14.267836,18:07:58.595986,0,,0.12735116,0.0010956675,0.025929272,0.85798556,0.033396833,-0.51258683,0.42132062,0.5250978,0.73943305,0.29385287,-0.8503864,0.43645543,,0.09659697,-0.002693452,0.024283469,0.5106482,0.64054304,0.57353544,0.6481608,-0.7250782,0.23269993,0.56491226,0.25291547,-0.78543484,,0.10737642,1.3461392,0.44493735,0.9960232,0.009226751,-0.08861556,-0.050102193,-0.7644485,-0.642735,-0.07367239,0.64461875,-0.76094615,,-0.083176136,0.25810477,-0.08598535,-0.87541425,0.07247724,0.4779089,0.46317267,-0.15706126,0.8722401,0.13827853,0.9849258,0.10392419,,-0.03269393,0.44896477,-0.3095796,-0.5653798,-0.6875543,-0.4556476,0.819538,-0.40578032,-0.4045983,0.09329049,-0.60217226,0.7928969,,0.9055290431671948,0.3459320963680127,0.19640608306000001,3.67670346905765,0.001503001497419845,-1.6450102422694757,-0.4068900687404897,,-1.0003564801297977,0.09978543146785489,0.21368303618,-2.1864370407131357,0.06121315189491732,0.04475043896691483,0.8734007216199912,,-0.046482481303738984,-0.07979645340118074,0.07698830152,-0.06345462529521684,,7.867813e-06,-1.13248825e-05,1.2993813e-05,1.0,6.336719e-06,5.3718686e-06,-6.3329935e-06,1.0,6.556511e-07,-5.364418e-06,-5.9604645e-07,1.0,72,0.216,0,0,0.0,False,-0.26243987752006825,1.0478734605322257
0.23944888499681838,18:08:14.300392,18:07:58.595986,0,,0.12722467,0.001038447,0.026053414,0.8565748,0.03742087,-0.51466423,0.42058444,0.5272367,0.7383293,0.29897872,-0.84889406,0.4358789,,0.09659451,-0.0026938096,0.024281502,0.51065564,0.640548,0.5735233,0.6481635,-0.7250764,0.23269826,0.56490254,0.25290817,-0.78544414,,0.10737642,1.3461392,0.44493735,0.9960232,0.009226751,-0.08861556,-0.050102193,-0.7644485,-0.642735,-0.07367239,0.64461875,-0.76094615,,-0.08306543,0.25814912,-0.08612841,-0.8745944,0.06836256,0.48001173,0.4660261,-0.1546913,0.8711431,0.13380721,0.9855948,0.10343339,,-0.03269123,0.44896337,-0.3095787,-0.5653858,-0.6875582,-0.45563433,0.81953275,-0.40578428,-0.40460497,0.09330021,-0.60216516,0.7929011,,0.9062704255231204,0.3454378414640623,0.19626089858,3.6743968796793203,-0.004235731492728653,-1.6448230210219568,-0.411300358526115,,-1.0003410346640491,0.09978543146785489,0.21368303618,-2.1864370407131357,0.06121315189491732,0.04475043896691483,0.8734007216199912,,-0.046482481303738984,-0.07979645340118074,0.07698830152,-0.06345462529521684,,7.867813e-06,-1.13248825e-05,1.2993813e-05,1.0,6.336719e-06,5.3718686e-06,-6.3329935e-06,1.0,6.556511e-07,-5.364418e-06,-5.9604645e-07,1.0,87,0.263,0,0,0.0,False,-0.26196325577190027,1.04835626254002
0.27200537599856034,18:08:14.335878,18:07:58.595986,0,,0.1270807,0.0009587407,0.026161686,0.85521376,0.043630887,-0.5164355,0.41942835,0.5270772,0.7391005,0.30444893,-0.84869665,0.43246347,,0.09659815,-0.0026946142,0.024282277,0.5106509,0.6405394,0.5735372,0.6481617,-0.7250798,0.23269248,0.5649088,0.25292036,-0.78543574,,0.10737642,1.3461392,0.44493735,0.9960232,0.009226751,-0.08861556,-0.050102193,-0.7644485,-0.642735,-0.07367239,0.64461875,-0.76094615,,-0.08293612,0.25816706,-0.08627592,-0.8738715,0.062166642,0.48216587,0.46878257,-0.155025,0.86960346,0.1288081,0.9859526,0.10632929,,-0.03269495,0.44896302,-0.30957934,-0.56538194,-0.6875514,-0.45564938,0.81953615,-0.4057779,-0.40460452,0.09329393,-0.60217726,0.7928927,,0.9070426988105429,0.3447427955053821,0.19611830668000002,3.672299980244475,-0.010657646981704355,-1.641301633091177,-0.40983026193090666,,-1.0003564801297977,0.09977770873498067,0.21368433247000002,-2.1864370407131357,0.06121315189491732,0.044750438966914885,0.8730740334877225,,-0.046482481303738984,-0.07979645340118074,0.07698830152,-0.06345462529521684,,7.867813e-06,-1.13248825e-05,1.2993813e-05,1.0,6.336719e-06,5.3718686e-06,-6.3329935e-06,1.0,6.556511e-07,-5.364418e-06,-5.9604645e-07,1.0,95,0.287,0,0,0.0,False,-0.261427056305211,1.0475837793275489
0.30748955099261366,18:08:14.365988,18:07:58.595986,0,,0.12691414,0.00085283816,0.026270807,0.85399586,0.04716161,-0.5181377,0.41841018,0.5296538,0.7378345,0.30923104,-0.8469018,0.43258914,,0.09660019,-0.0026927218,0.024284542,0.5106407,0.6405382,0.5735476,0.6481582,-0.72508,0.2327016,0.5649221,0.25292274,-0.7854254,,0.10737642,1.3461392,0.44493735,0.9960232,0.009226751,-0.08861556,-0.050102193,-0.7644485,-0.642735,-0.07367239,0.64461875,-0.76094615,,-0.08278506,0.25816694,-0.08644338,-0.8732118,0.058518667,0.48381478,0.4711882,-0.15209955,0.86881953,0.12443017,0.9866313,0.10524181,,-0.03269723,0.44896576,-0.30957946,-0.5653738,-0.6875505,-0.45566085,0.8195433,-0.40577632,-0.40459162,0.09328078,-0.6021793,0.7928927,,0.9078458630294622,0.3439087403549659,0.19596145559000003,3.670412770753114,-0.016533016471618294,-1.6419014600815078,-0.4095035737986381,,-1.000371925595546,0.09978543146785489,0.21368433247000002,-2.1864370407131357,0.06121315189491732,0.04475043896691483,0.8734007216199912,,-0.046482481303738984,-0.07979645340118074,0.07698830152,-0.06345462529521684,,7.867813e-06,-1.13248825e-05,1.2993813e-05,1.0,6.336719e-06,5.3718686e-06,-6.3329935e-06,1.0,6.556511e-07,-5.364418e-06,-5.9604645e-07,1.0,107,0.323,0,0,0.0,False,-0.2622611443645053,1.0480665813353434
0.33759348299645353,18:08:14.401013,18:07:58.595986,0,,0.12674394,0.0007416755,0.026468366,0.85215086,0.05294611,-0.52061063,0.41534892,0.5367323,0.73444104,0.31831434,-0.8420898,0.4353857,,0.09659815,-0.0026946142,0.024282277,0.5106509,0.6405394,0.5735372,0.6481617,-0.7250798,0.23269248,0.5649088,0.25292036,-0.78543574,,0.10737642,1.3461392,0.44493735,0.9960232,0.009226751,-0.08861556,-0.050102193,-0.7644485,-0.642735,-0.07367239,0.64461875,-0.76094615,,-0.08264024,0.25822055,-0.08668108,-0.8724495,0.052400254,0.48588687,0.47487772,-0.14392488,0.8682032,0.115425274,0.9882003,0.10068347,,-0.03269495,0.44896302,-0.30957934,-0.56538194,-0.6875514,-0.45564938,0.81953615,-0.4057779,-0.40460452,0.09329393,-0.60217726,0.7928927,,0.9088652637688599,0.3430437942730527,0.19572553081000002,3.6681061813747844,-0.02732729995308809,-1.6457596504112777,-0.4099936059970408,,-1.0003564801297977,0.09977770873498067,0.21368433247000002,-2.1864370407131357,0.06121315189491732,0.04475043896691483,0.8734007216199912,,-0.046482481303738984,-0.07979645340118074,0.07698830152,-0.06345462529521684,,7.867813e-06,-1.13248825e-05,1.2993813e-05,1.0,6.336719e-06,5.3718686e-06,-6.3329935e-06,1.0,6.556511e-07,-5.364418e-06,-5.9604645e-07,1.0,118,0.357,0,0,0.0,False,-0.2616653671792948,1.0476320595283284
0.3726268549944507,18:08:14.433550,18:07:58.595986,0,,0.12662855,0.0006701201,0.026632518,0.8518334,0.054437473,-0.5209762,0.41439724,0.53831685,0.7338187,0.32039744,-0.8409825,0.43599746,,0.096597426,-0.0026963726,0.024280965,0.510518,0.6406376,0.5735459,0.6483134,-0.72494787,0.23268092,0.564855,0.25304964,-0.7854328,,0.10737642,1.3461392,0.44493735,0.9960232,0.009226751,-0.08861556,-0.050102193,-0.7644485,-0.642735,-0.07367239,0.64461875,-0.76094615,,-0.082545295,0.25827944,-0.08686247,-0.8723854,0.050832074,0.4861685,0.4755289,-0.14208621,0.86814964,0.11320768,0.9885482,0.09978182,,-0.032694105,0.44896093,-0.3095797,-0.56523913,-0.68766266,-0.45565867,0.81962025,-0.40560097,-0.40461162,0.0934207,-0.60216933,0.79288375,,0.9094830823987978,0.3427271622252095,0.19554016134000002,3.667686801487816,-0.030196666448162338,-1.6462786303385726,-0.408850197534101,,-1.0003487573969234,0.09976998600210644,0.21368433247000002,-2.1866467306566197,0.06121315189491732,0.04475043896691483,0.8734007216199912,,-0.046482481303738984,-0.07979645340118074,0.07698830152,-0.06345462529521684,,7.867813e-06,-1.13248825e-05,1.2993813e-05,1.0,6.336719e-06,5.3718686e-06,-6.3329935e-06,1.0,6.556511e-07,-5.364418e-06,-5.9604645e-07,1.0,126,0.381,0,0,0.0,False,-0.2607717014014801,1.0476320595283284
0.40516206600295845,18:08:14.458666,18:07:58.595986,0,,0.12656668,0.0006250441,0.026792094,0.8511646,0.05402129,-0.5221115,0.4155618,0.5383148,0.73316133,0.3206666,-0.84101063,0.43574518,,0.09659676,-0.0026945844,0.024281204,0.51093316,0.6402961,0.5735574,0.6478641,-0.7253629,0.23263884,0.5649949,0.25272438,-0.7854368,,0.10737642,1.3461392,0.44493735,0.9960232,0.009226751,-0.08861556,-0.050102193,-0.7644485,-0.642735,-0.07367239,0.64461875,-0.76094615,,-0.08250244,0.25835246,-0.08701789,-0.8717241,0.05124867,0.48730958,0.47662303,-0.14208321,0.8675499,0.11369929,0.9885272,0.09943107,,-0.032693435,0.44896242,-0.30957875,-0.565681,-0.68729126,-0.45567065,0.81935614,-0.40609992,-0.40464595,0.09306181,-0.6022571,0.7928593,,0.9098228826452637,0.3427657758895806,0.19537423622000002,3.6662189718834237,-0.030060029948396898,-1.6461450120218473,-0.4096669178647725,,-1.0003487573969234,0.09977770873498067,0.21368433247000002,-2.1860176608261663,0.06121315189491732,0.04483211770705542,0.8732373775538569,,-0.046482481303738984,-0.07979645340118074,0.07698830152,-0.06345462529521684,,7.867813e-06,-1.13248825e-05,1.2993813e-05,1.0,6.336719e-06,5.3718686e-06,-6.3329935e-06,1.0,6.556511e-07,-5.364418e-06,-5.9604645e-07,1.0,134,0.406,0,0,0.0,False,-0.26095043455704303,1.0471009773197542
0.4302672129997518,18:08:14.487341,18:07:58.595986,0,,0.12655228,0.0005798191,0.026971549,0.8511802,0.054054458,-0.5220826,0.41546908,0.538454,0.7331117,0.32074538,-0.8409194,0.43586332,,0.09659594,-0.0026948676,0.024282157,0.51107246,0.64010286,0.573649,0.6477147,-0.72553337,0.23252356,0.5650404,0.25272453,-0.7854041,,0.10737642,1.3461392,0.44493735,0.9960232,0.009226751,-0.08861556,-0.050102193,-0.7644485,-0.642735,-0.07367239,0.64461875,-0.76094615,,-0.08250896,0.2584357,-0.08718367,-0.8717504,0.051208798,0.48726675,0.47660315,-0.14192024,0.8675875,0.11358113,0.98855263,0.09931275,,-0.032692757,0.4489629,-0.30957973,-0.565829,-0.68710434,-0.4557688,0.81926745,-0.4062103,-0.4047148,0.092943326,-0.6023959,0.79276776,,0.9099541691041255,0.3429665669443105,0.19519405191000003,3.6662189718834237,-0.030060029948396898,-1.6460633332817067,-0.4095035737986381,,-1.0003487573969234,0.09977770873498067,0.21368303618,-2.185807970882682,0.06121315189491732,0.04499547518733654,0.8729106894215883,,-0.046482481303738984,-0.07979645340118074,0.07698830152,-0.06345462529521684,,7.867813e-06,-1.13248825e-05,1.2993813e-05,1.0,6.336719e-06,5.3718686e-06,-6.3329935e-06,1.0,6.556511e-07,-5.364418e-06,-5.9604645e-07,1.0,146,0.442,0,0,0.0,False,-0.2612483231496481,1.047390658524431
0.45890910299203824,18:08:14.509703,18:07:58.595986,0,,0.12654871,0.0005494505,0.027068436,0.8508677,0.05385316,-0.52261245,0.41597533,0.53855854,0.7327477,0.3209182,-0.8408653,0.43584043,,0.0965976,-0.0026962683,0.024282873,0.5110714,0.64004993,0.57370913,0.6477142,-0.72555476,0.23245764,0.5650418,0.25279713,-0.7853797,,0.10737642,1.3461392,0.44493735,0.9960232,0.009226751,-0.08861556,-0.050102193,-0.7644485,-0.642735,-0.07367239,0.64461875,-0.76094615,,-0.08251676,0.2584759,-0.087276645,-0.87144756,0.051405217,0.48778751,0.47711626,-0.14179477,0.86732596,0.11375079,0.98856044,0.09904044,,-0.032694533,0.44896227,-0.30958098,-0.5658281,-0.68706226,-0.45583335,0.81926817,-0.40617284,-0.40475085,0.092941895,-0.60246915,0.7927123,,0.9099927827684966,0.34308240793742384,0.19505275630000002,3.6653802121094863,-0.030196666448162338,-1.6459519153780104,-0.4095035737986381,,-1.0003564801297977,0.09976998600210644,0.21368303618,-2.185807970882682,0.06121315189491732,0.045077153927477104,0.872747345355454,,-0.046482481303738984,-0.07979645340118074,0.07698830152,-0.06345462529521684,,7.867813e-06,-1.13248825e-05,1.2993813e-05,1.0,6.336719e-06,5.3718686e-06,-6.3329935e-06,1.0,6.556511e-07,-5.364418e-06,-5.9604645e-07,1.0,161,0.488,0,0,0.0,False,-0.2608312791200009,1.047390658524431
0.4812989530037157,18:08:14.557749,18:07:58.595986,0,,0.12657607,0.0004937202,0.027220517,0.8507488,0.0598763,-0.5221506,0.41324452,0.5376463,0.7349594,0.32473895,-0.84104174,0.43265826,,0.09659514,-0.0026965812,0.024280906,0.51107883,0.6400548,0.573697,0.6477168,-0.72555304,0.23245597,0.56503206,0.25278986,-0.78538907,,0.10737642,1.3461392,0.44493735,0.9960232,0.009226751,-0.08861556,-0.050102193,-0.7644485,-0.642735,-0.07367239,0.64461875,-0.76094615,,-0.082561985,0.2585311,-0.08742462,-0.87181246,0.04541921,0.48772952,0.47753868,-0.14293167,0.86690676,0.109086215,0.98868984,0.10292018,,-0.032691833,0.44896087,-0.30958006,-0.5658341,-0.6870661,-0.45582008,0.8192629,-0.40617684,-0.40475753,0.09295161,-0.6024621,0.79271644,,0.9099773373027482,0.34307468520454965,0.19493738649000003,3.6662189718834237,-0.03456903444065643,-1.6423048637195843,-0.40934022973250395,,-1.0003410346640491,0.09976998600210644,0.21368303618,-2.185807970882682,0.06121315189491732,0.04507715392747713,0.8724206572231854,,-0.046482481303738984,-0.07979645340118074,0.07698830152,-0.06345462529521684,,7.867813e-06,-1.13248825e-05,1.2993813e-05,1.0,6.336719e-06,5.3718686e-06,-6.3329935e-06,1.0,6.556511e-07,-5.364418e-06,-5.9604645e-07,1.0,169,0.512,0,0,0.0,False,-0.261427056305211,1.0471975377213132
0.5293533950025449,18:08:14.594333,18:07:58.972560,0,,0.12655722,0.00041773915,0.02732426,0.8490315,0.05909249,-0.525027,0.41594225,0.5379949,0.7331804,0.3257873,-0.84087425,0.4321955,,0.09659476,-0.002699785,0.024279356,0.51108795,0.6400498,0.57369435,0.64772,-0.7255553,0.23244023,0.5650202,0.25279593,-0.7853956,,0.10737642,1.3461392,0.44493735,0.9960232,0.009226751,-0.08861556,-0.050102193,-0.7644485,-0.642735,-0.07367239,0.64461875,-0.76094615,,-0.08255642,0.25854203,-0.08755399,-0.8701608,0.04618745,0.4905985,0.48035875,-0.14251554,0.865416,0.10988927,0.98871434,0.101824895,,-0.03269133,0.4489575,-0.30958116,-0.5658415,-0.687062,-0.45581704,0.81925654,-0.406174,-0.4047733,0.09296334,-0.6024686,0.7927102,,0.909969614569874,0.3429665669443105,0.19480905378000002,3.6628639327876713,-0.034432397940890994,-1.6429880328042645,-0.4095035737986381,,-1.000333311931175,0.09975454053635799,0.21368303618,-2.185807970882682,0.06121315189491732,0.04507715392747713,0.8724206572231854,,-0.046482481303738984,-0.07979645340118074,0.07698830152,-0.06345462529521684,,7.867813e-06,-1.13248825e-05,1.2993813e-05,1.0,6.336719e-06,5.3718686e-06,-6.3329935e-06,1.0,6.556511e-07,-5.364418e-06,-5.9604645e-07,1.0,181,0.549,0,0,0.0,False,-0.26154621174225356,1.046859576315857
0.5659212439932162,18:08:14.626055,18:07:58.972560,0,,0.12656544,0.00039546192,0.027374297,0.8480229,0.06202998,-0.52631664,0.4158402,0.5377755,0.7333992,0.32853287,-0.8408031,0.43025127,,0.09659487,-0.0027032122,0.024279773,0.5110934,0.6400424,0.57369787,0.64772177,-0.7255584,0.2324253,0.5650133,0.2528056,-0.78539747,,0.10737642,1.3461392,0.44493735,0.9960232,0.009226751,-0.08861556,-0.050102193,-0.7644485,-0.642735,-0.07367239,0.64461875,-0.76094615,,-0.08257062,0.25855723,-0.08760534,-0.86946374,0.043255813,0.49209931,0.4821225,-0.14279692,0.86438817,0.10766008,0.98880637,0.10330214,,-0.032691587,0.44895527,-0.30958378,-0.5658458,-0.6870561,-0.45582065,0.8192527,-0.4061692,-0.40478575,0.0929702,-0.6024786,0.7927017,,0.9099850600356224,0.34290478508131667,0.19475590589000003,3.66139610318328,-0.037028491436434365,-1.6412794863347355,-0.4090135416002352,,-1.000333311931175,0.09973909507060955,0.21368173989000003,-2.185807970882682,0.06121315189491732,0.045077153927477104,0.872747345355454,,-0.046482481303738984,-0.07979645340118074,0.07698830152,-0.06345462529521684,,7.867813e-06,-1.13248825e-05,1.2993813e-05,1.0,6.336719e-06,5.3718686e-06,-6.3329935e-06,1.0,6.556511e-07,-5.364418e-06,-5.9604645e-07,1.0,189,0.573,1,1,0.003,False,-0.2623802998015474,1.0468112961150775
0.5976369779964443,18:08:14.654999,18:07:58.972560,0,,0.12659574,0.00040504336,0.027430013,0.8471761,0.06781934,-0.52696586,0.41304556,0.53978586,0.7335016,0.3341943,-0.83906597,0.42928112,,0.09659487,-0.0027032122,0.024279773,0.5110934,0.63999563,0.57375014,0.64772177,-0.72557735,0.23236603,0.5650133,0.25286973,-0.78537685,,0.10737642,1.3461392,0.44493735,0.9960232,0.009226751,-0.08861556,-0.050102193,-0.7644485,-0.642735,-0.07367239,0.64461875,-0.76094615,,-0.08260664,0.25859907,-0.08763797,-0.8693099,0.037357125,0.49285367,0.48373365,-0.14046215,0.86387044,0.101499,0.989381,0.10403423,,-0.032691587,0.44895527,-0.30958378,-0.5658458,-0.6870189,-0.45587677,0.8192527,-0.40613616,-0.40481892,0.0929702,-0.60254335,0.79265255,,0.9100777328301132,0.34288161688269403,0.19471572090000003,3.6609767232963106,-0.043450406925410065,-1.6403718180884534,-0.40852350940183224,,-1.000333311931175,0.09973909507060955,0.21368173989000003,-2.185807970882682,0.06121315189491732,0.045158832667617665,0.8725840012893198,,-0.046482481303738984,-0.07979645340118074,0.07698830152,-0.06345462529521684,,7.867813e-06,-1.13248825e-05,1.2993813e-05,1.0,6.336719e-06,5.3718686e-06,-6.3329935e-06,1.0,6.556511e-07,-5.364418e-06,-5.9604645e-07,1.0,201,0.61,0,1,0.021,False,-0.2617249448978165,1.0474389387252105
0.6265642630023649,18:08:14.680501,18:07:58.972560,0,,0.12664902,0.00043310225,0.027512133,0.84423494,0.077435926,-0.5303497,0.41007176,0.5438373,0.7321763,0.34512067,-0.83561033,0.4273721,,0.09659487,-0.0027032122,0.024279773,0.5110934,0.6399018,0.5738547,0.64772177,-0.7256153,0.23224747,0.5650133,0.25299802,-0.7853355,,0.10737642,1.3461392,0.44493735,0.9960232,0.009226751,-0.08861556,-0.050102193,-0.7644485,-0.642735,-0.07367239,0.64461875,-0.76094615,,-0.082668014,0.2586708,-0.08767617,-0.86765975,0.027512165,0.4963966,0.4887483,-0.13567364,0.86181074,0.09105822,0.9903715,0.10427204,,-0.032691587,0.44895527,-0.30958378,-0.5658458,-0.68694437,-0.45598897,0.8192527,-0.40607002,-0.40488526,0.0929702,-0.6026728,0.7925541,,0.9102476329533461,0.3428430032183229,0.19466516559000002,3.657621684200558,-0.05479123640594162,-1.6394553635759879,-0.41113701445998063,,-1.000333311931175,0.09973909507060955,0.21368173989000003,-2.185807970882682,0.06121315189491732,0.04532219014789876,0.8722573131570512,,-0.046482481303738984,-0.07979645340118074,0.07698830152,-0.06345462529521684,,7.867813e-06,-1.13248825e-05,1.2993813e-05,1.0,6.336719e-06,5.3718686e-06,-6.3329935e-06,1.0,6.556511e-07,-5.364418e-06,-5.9604645e-07,1.0,209,0.635,0,1,0.021,False,-0.2620824112089424,1.04748721892599
0.6521002090012189,18:08:14.710701,18:07:58.972560,0,,0.1267375,0.00048018992,0.0276393,0.83919144,0.09071954,-0.53621584,0.40441534,0.5551174,0.7268376,0.36360112,-0.8268099,0.4291613,,0.09659543,-0.0027035251,0.0242818,0.5109503,0.6400926,0.5737693,0.64786994,-0.72544587,0.23236364,0.5649727,0.25300157,-0.78536355,,0.10737642,1.3461392,0.44493735,0.9960232,0.009226751,-0.08861556,-0.050102193,-0.7644485,-0.642735,-0.07367239,0.64461875,-0.76094615,,-0.08276889,0.25878432,-0.08773231,-0.8648144,0.0135974195,0.50190747,0.4967589,-0.12213386,0.8592519,0.07298351,0.9924205,0.09886849,,-0.032692425,0.44895637,-0.3095854,-0.5656948,-0.6871294,-0.45589754,0.8193441,-0.40595767,-0.40481305,0.09308383,-0.60253763,0.79264355,,0.9105333740696924,0.3427271622252095,0.19459257335000002,3.6523794356134447,-0.07433025587239961,-1.6438606096423993,-0.4096669178647723,,-1.0003410346640491,0.09973909507060955,0.21368044360000002,-2.1860176608261663,0.06121315189491732,0.04515883266761769,0.8722573131570512,,-0.046482481303738984,-0.07979645340118074,0.07698830152,-0.06345462529521684,,7.867813e-06,-1.13248825e-05,1.2993813e-05,1.0,6.336719e-06,5.3718686e-06,-6.3329935e-06,1.0,6.556511e-07,-5.364418e-06,-5.9604645e-07,1.0,217,0.66,0,1,0.021,False,-0.26243987752006825,1.0471009773197542
0.6823104249924654,18:08:14.739662,18:07:58.972560,0,,0.12673524,0.00047819316,0.027713358,0.8364729,0.093508326,-0.53997123,0.40430582,0.55984604,0.72326285,0.36993185,-0.8233035,0.43049002,,0.09659366,-0.002706699,0.024279177,0.5112417,0.63989115,0.5737345,0.6475754,-0.72571206,0.23235351,0.5650469,0.25274757,-0.785392,,0.10737642,1.3461392,0.44493735,0.9960232,0.009226751,-0.08861556,-0.050102193,-0.7644485,-0.642735,-0.07367239,0.64461875,-0.76094615,,-0.08277486,0.25883108,-0.087789506,-0.86281395,0.0105465595,0.50541157,0.5009426,-0.11642414,0.8576141,0.067886986,0.9931436,0.09516916,,-0.03269041,0.4489524,-0.3095859,-0.56600106,-0.68690234,-0.45585954,0.8191576,-0.4063098,-0.40483722,0.092863426,-0.6025591,0.7926531,,0.9107496105901707,0.3426267666978446,0.19453035143000003,3.648605016630724,-0.08034226186207899,-1.6468810596733914,-0.40721675687275827,,-1.0003255891983007,0.09972364960486109,0.21368044360000002,-2.1855982809391974,0.06121315189491732,0.04515883266761769,0.8722573131570512,,-0.046482481303738984,-0.07979645340118074,0.07698830152,-0.06345462529521684,,7.867813e-06,-1.13248825e-05,1.2993813e-05,1.0,6.336719e-06,5.3718686e-06,-6.3329935e-06,1.0,6.556511e-07,-5.364418e-06,-5.9604645e-07,1.0,270,0.823,0,1,0.021,False,-0.26232072208302704,1.0468112961150775
0.7112506779958494,18:08:14.891515,18:07:59.150025,0,,0.12633419,0.000359267,0.028559625,0.82167083,0.11013678,-0.55921984,0.4076541,0.5721556,0.7116573,0.39834034,-0.81271636,0.42522573,,0.096593544,-0.00272014,0.02427882,0.51140606,0.63957685,0.5739383,0.6474343,-0.7259321,0.232059,0.5650598,0.25291103,-0.78533006,,0.10737642,1.3461392,0.44493735,0.9960232,0.009226751,-0.08861556,-0.050102193,-0.7644485,-0.642735,-0.07367239,0.64461875,-0.76094615,,-0.08247238,0.2593134,-0.08854253,-0.8511634,-0.0068655247,0.524856,0.5227685,-0.10112624,0.8464553,0.04726535,0.9948499,0.08966403,,-0.032690592,0.4489424,-0.3095948,-0.5661693,-0.686619,-0.4560775,0.8190511,-0.40633675,-0.4050256,0.092777215,-0.60286385,0.7924314,,0.9138309810069862,0.3419317207391644,0.19372405905,3.626377882621364,-0.10684974281657443,-1.6469108524935345,-0.4108103263277125,,-1.0003178664654264,0.09966186774186729,0.21367655473000002,-2.185388590995713,0.06121315189491732,0.045485547628179884,0.8719306250247827,,-0.046482481303738984,-0.07979645340118074,0.07698830152,-0.06345462529521684,,7.867813e-06,-1.13248825e-05,1.2993813e-05,1.0,6.336719e-06,5.3718686e-06,-6.3329935e-06,1.0,6.556511e-07,-5.364418e-06,-5.9604645e-07,1.0,278,0.847,0,1,0.021,False,-0.2623802998015474,1.0463284941072828
0.8631195409980137,18:08:14.928429,18:07:59.289039,0,,0.12628391,0.00034369528,0.028662875,0.8203982,0.10891275,-0.56132394,0.41012013,0.57197255,0.71038646,0.39843202,-0.8130101,0.42457783,,0.096593976,-0.0027216151,0.024278581,0.5114088,0.63957316,0.5739401,0.6474352,-0.72593373,0.23205152,0.5650564,0.25291592,-0.7853311,,0.10737642,1.3461392,0.44493735,0.9960232,0.009226751,-0.08861556,-0.050102193,-0.7644485,-0.642735,-0.07367239,0.64461875,-0.76094615,,-0.08243417,0.25937152,-0.088635236,-0.8498532,-0.0056210323,0.52698946,0.5247664,-0.10138867,0.8451867,0.04867994,0.994831,0.08911522,,-0.032691017,0.44894108,-0.30959558,-0.56617147,-0.686616,-0.45607927,0.81904924,-0.40633437,-0.40503183,0.09278064,-0.60286885,0.79242724,,0.9141089993904583,0.34201667080078085,0.19362165214000002,3.6236519133560656,-0.10589328731821636,-1.6467923116778636,-0.410483638195444,,-1.0003178664654264,0.09965414500899307,0.21367655473000002,-2.185388590995713,0.06121315189491732,0.045485547628179884,0.8719306250247827,,-0.046482481303738984,-0.07979645340118074,0.07698830152,-0.06345462529521684,,7.867813e-06,-1.13248825e-05,1.2993813e-05,1.0,6.336719e-06,5.3718686e-06,-6.3329935e-06,1.0,6.556511e-07,-5.364418e-06,-5.9604645e-07,1.0,286,0.872,1,2,0.027,False,-0.26285692154971585,1.0464733347096211
0.9000422690005507,18:08:14.950609,18:07:59.289039,0,,0.12626746,0.00033144653,0.028737202,0.820484,0.108484425,-0.5612815,0.41027158,0.5719839,0.7102898,0.3980994,-0.81305933,0.42479545,,0.09659322,-0.0027220324,0.024279535,0.5114088,0.63957316,0.5739401,0.6474352,-0.72593373,0.23205152,0.5650564,0.25291592,-0.7853311,,0.10737642,1.3461392,0.44493735,0.9960232,0.009226751,-0.08861556,-0.050102193,-0.7644485,-0.642735,-0.07367239,0.64461875,-0.76094615,,-0.08242629,0.25941148,-0.08870071,-0.84989834,-0.0051897336,0.52692115,0.5246601,-0.10138858,0.8452527,0.049037155,0.99483335,0.08889283,,-0.032690424,0.4489415,-0.30959666,-0.56617147,-0.686616,-0.45607927,0.81904924,-0.40633437,-0.40503183,0.09278064,-0.60286885,0.79242724,,0.9142248403835717,0.34211706632814576,0.19354905990000001,3.6236519133560656,-0.10548337781892003,-1.6468815291685313,-0.41032029412930937,,-1.0003178664654264,0.09965414500899307,0.21367525844000002,-2.185388590995713,0.06121315189491732,0.045485547628179884,0.8719306250247827,,-0.046482481303738984,-0.07979645340118074,0.07698830152,-0.06345462529521684,,7.867813e-06,-1.13248825e-05,1.2993813e-05,1.0,6.336719e-06,5.3718686e-06,-6.3329935e-06,1.0,6.556511e-07,-5.364418e-06,-5.9604645e-07,1.0,294,0.896,1,2,0.051,False,-0.262797343831195,1.046666455512739
0.922224734997144,18:08:14.973847,18:07:59.289039,0,,0.12625298,0.0002860576,0.028938904,0.8190036,0.10834012,-0.56346726,0.41217184,0.57210064,0.70909464,0.39918333,-0.81299657,0.42389756,,0.09659371,-0.002722226,0.024281561,0.511405,0.6395708,0.5739462,0.647434,-0.7259346,0.2320523,0.5650612,0.25291952,-0.78532636,,0.10737642,1.3461392,0.44493735,0.9960232,0.009226751,-0.08861556,-0.050102193,-0.7644485,-0.642735,-0.07367239,0.64461875,-0.76094615,,-0.082435176,0.2595091,-0.08888331,-0.84850395,-0.0050506387,0.52916497,0.5268861,-0.10125138,0.8438834,0.04931653,0.9948481,0.0885733,,-0.03269118,0.44894266,-0.30959818,-0.5661685,-0.6866141,-0.45608592,0.81905186,-0.40633237,-0.4050285,0.092775784,-0.6028724,0.7924251,,0.914371572308182,0.34236419378012095,0.19334943124,3.6209259440907666,-0.10548337781892003,-1.6465548142079691,-0.4099936059970408,,-1.0003255891983007,0.09965414500899307,0.21367396215,-2.185388590995713,0.06121315189491732,0.045485547628179884,0.8719306250247827,,-0.046482481303738984,-0.07979645340118074,0.07698830152,-0.06345462529521684,,7.867813e-06,-1.13248825e-05,1.2993813e-05,1.0,6.336719e-06,5.3718686e-06,-6.3329935e-06,1.0,6.556511e-07,-5.364418e-06,-5.9604645e-07,1.0,306,0.934,1,2,0.089,False,-0.26273776611267374,1.0463284941072828
0.9453624379966641,18:08:15.011208,18:07:59.289039,0,,0.1262471,0.00024974346,0.029067919,0.8184296,0.10823048,-0.5643218,0.41287932,0.572267,0.70854855,0.39962927,-0.8128939,0.423674,,0.096590854,-0.0027244017,0.02428019,0.51155436,0.63947237,0.5739227,0.6472879,-0.72606677,0.23204637,0.5650933,0.25278887,-0.78534526,,0.10737642,1.3461392,0.44493735,0.9960232,0.009226751,-0.08861556,-0.050102193,-0.7644485,-0.642735,-0.07367239,0.64461875,-0.76094615,,-0.08244438,0.2595658,-0.089004554,-0.84796673,-0.0049492433,0.5300264,0.5277437,-0.10105255,0.84337115,0.04938647,0.99486876,0.08830114,,-0.032688227,0.4489404,-0.30959904,-0.56632453,-0.6865024,-0.45606026,0.81895584,-0.40651038,-0.40504396,0.092670426,-0.6028795,0.79243195,,0.9144333541711758,0.342503202971857,0.19321850595,3.619877494373344,-0.10548337781892003,-1.6465548142079691,-0.4099936059970408,,-1.0003101437325523,0.09964642227611885,0.21367266586000003,-2.1851789010522285,0.06121315189491732,0.045485547628179884,0.8719306250247827,,-0.046482481303738984,-0.07979645340118074,0.07698830152,-0.06345462529521684,,7.867813e-06,-1.13248825e-05,1.2993813e-05,1.0,6.336719e-06,5.3718686e-06,-6.3329935e-06,1.0,6.556511e-07,-5.364418e-06,-5.9604645e-07,1.0,319,0.974,1,2,0.129,False,-0.26196325577190027,1.0464733347096211
0.9828211359999841,18:08:15.049926,18:07:59.289039,0,,0.12623471,0.00020195544,0.029322505,0.81472516,0.10849794,-0.56960595,0.41711345,0.57271534,0.7057007,0.4027891,-0.8125425,0.42134959,,0.09658545,-0.0027310178,0.02428037,0.5115737,0.6394217,0.5739619,0.6472945,-0.7260877,0.2319622,0.5650683,0.25285667,-0.7853415,,0.10737642,1.3461392,0.44493735,0.9960232,0.009226751,-0.08861556,-0.050102193,-0.7644485,-0.642735,-0.07367239,0.64461875,-0.76094615,,-0.08246124,0.25969586,-0.08922826,-0.8445387,-0.005243629,0.5354689,0.53321016,-0.100499,0.83999217,0.049409475,0.99492335,0.08767125,,-0.03268307,0.44893605,-0.3096043,-0.5663401,-0.686462,-0.4561018,0.8189423,-0.40647602,-0.40510583,0.092695296,-0.6029487,0.79237646,,0.9146186997601571,0.34282755775257445,0.19297221085000002,3.6133771061253235,-0.10630319681751266,-1.6458863067857905,-0.4099936059970408,,-1.0002869755339296,0.09962325407749617,0.21366748070000002,-2.1851789010522285,0.06121315189491732,0.045567226368320474,0.8717672809586483,,-0.046482481303738984,-0.07979645340118074,0.07698830152,-0.06345462529521684,,7.867813e-06,-1.13248825e-05,1.2993813e-05,1.0,6.336719e-06,5.3718686e-06,-6.3329935e-06,1.0,6.556511e-07,-5.364418e-06,-5.9604645e-07,1.0,332,1.015,1,2,0.17,False,-0.2629164992682367,1.0466181753119597
1.021536643995205,18:08:15.092470,18:07:59.490854,0,,0.12618333,0.00013647974,0.029713482,0.80713594,0.110656515,-0.5799022,0.4245717,0.57372093,0.70041645,0.4102076,-0.81154144,0.41608906,,0.0965744,-0.0027374998,0.024289906,0.511723,0.6393702,0.57388616,0.6471485,-0.72620094,0.23201555,0.56510043,0.25266194,-0.7853811,,0.10737642,1.3461392,0.44493735,0.9960232,0.009226751,-0.08861556,-0.050102193,-0.7644485,-0.642735,-0.07367239,0.64461875,-0.76094615,,-0.082454786,0.25990334,-0.089569874,-0.83764726,-0.007476154,0.5461604,0.54410255,-0.0992047,0.83313316,0.047953047,0.995039,0.08716634,,-0.032673582,0.44893858,-0.30961686,-0.56649613,-0.68638754,-0.4560201,0.8188463,-0.40668708,-0.4050881,0.09258994,-0.6028912,0.79243255,,0.9151206773969818,0.34317508073191455,0.19259758304000002,3.6005860195727677,-0.10971910931164867,-1.6438359678546448,-0.41015695006317543,,-1.0002715300681813,0.09961553134462195,0.21365192522,-2.1849692111087435,0.06121315189491732,0.04548554762817994,0.8716039368925141,,-0.046482481303738984,-0.07979645340118074,0.07698830152,-0.06345462529521684,,7.867813e-06,-1.13248825e-05,1.2993813e-05,1.0,6.336719e-06,5.3718686e-06,-6.3329935e-06,1.0,6.556511e-07,-5.364418e-06,-5.9604645e-07,1.0,345,1.056,1,2,0.211,False,-0.2622015666459845,1.0463284941072828
1.0640540519962087,18:08:15.130746,18:07:59.490854,0,,0.12615159,0.000108629465,0.029906198,0.80224264,0.1139576,-0.5860207,0.42769802,0.5751379,0.69734555,0.4165105,-0.8100803,0.41266063,,0.09656417,-0.0027436689,0.02429843,0.5117331,0.63941824,0.5738236,0.64715195,-0.72618175,0.23206574,0.5650872,0.25259534,-0.78541195,,0.10737642,1.3461392,0.44493735,0.9960232,0.009226751,-0.08861556,-0.050102193,-0.7644485,-0.642735,-0.07367239,0.64461875,-0.76094615,,-0.08244512,0.26000932,-0.089736015,-0.83340955,-0.0108853625,0.5525487,0.5508392,-0.09736227,0.82891303,0.04477438,0.9951895,0.087138735,,-0.032664772,0.4489406,-0.30962846,-0.5665043,-0.6864256,-0.45595255,0.81883913,-0.40672174,-0.40506777,0.09260309,-0.60282445,0.7924818,,0.9154682003763218,0.3432214171291599,0.19241739873000002,3.5930371816073245,-0.11422811380390821,-1.642364503016458,-0.4103202941293096,,-1.0002560846024326,0.09960780861174773,0.21363766603000003,-2.1849692111087435,0.06121315189491732,0.04540386888803935,0.8717672809586483,,-0.046482481303738984,-0.07979645340118074,0.07698830152,-0.06345462529521684,,7.867813e-06,-1.13248825e-05,1.2993813e-05,1.0,6.336719e-06,5.3718686e-06,-6.3329935e-06,1.0,6.556511e-07,-5.364418e-06,-5.9604645e-07,1.0,354,1.085,1,2,0.24,False,-0.26232072208302704,1.0456525712963705
1.1023213940061396,18:08:15.156220,18:07:59.490854,0,,0.1261294,2.6330352e-05,0.030256867,0.7924659,0.11868299,-0.5982575,0.4330917,0.58115894,0.6889745,0.42945212,-0.8050893,0.4091479,,0.09653043,-0.002762489,0.024345696,0.50985104,0.64045656,0.57434076,0.6492779,-0.72446585,0.2314896,0.5643491,0.25488165,-0.785204,,0.10737642,1.3461392,0.44493735,0.9960232,0.009226751,-0.08861556,-0.050102193,-0.7644485,-0.642735,-0.07367239,0.64461875,-0.76094615,,-0.082463615,0.26017624,-0.09005543,-0.82500035,-0.01599505,0.5649058,0.5638796,-0.0898142,0.8209587,0.03760529,0.9958301,0.08311603,,-0.032638237,0.44896138,-0.30967933,-0.5644849,-0.68771887,-0.45650795,0.82003164,-0.4039929,-0.40538603,0.09436567,-0.6031853,0.79199916,,0.9158620597529072,0.3431982489305372,0.19207906704000002,3.5785685755068926,-0.12392930528725449,-1.643765208230036,-0.4103202941293096,,-1.000263807335307,0.09961553134462195,0.21357674040000002,-2.1879048703175275,0.06134978839468276,0.04602755964560798,0.8706238724957084,,-0.046482481303738984,-0.07979645340118074,0.07698830152,-0.06345462529521684,,7.867813e-06,-1.13248825e-05,1.2993813e-05,1.0,6.336719e-06,5.3718686e-06,-6.3329935e-06,1.0,6.556511e-07,-5.364418e-06,-5.9604645e-07,1.0,367,1.126,1,2,0.281,False,-0.26273776611267374,1.0458939723002678
