camera_matrix:
- - 4119.268249447289
  - 0.0
  - 434.6930650436637
- - 0.0
  - 4861.782267280302
  - 314.63301002660813
- - 0.0
  - 0.0
  - 1.0
dist_coeff:
- - -0.7943226463947733
  - 10.535904250438646
  - 0.013224305852834059
  - 0.007852603022838179
  - -91.46055846162126
mean reprojection error:
- 0.053307677264584574
