camera_matrix:
- - 2936.3496759178106
  - 0.0
  - 842.9689052806174
- - 0.0
  - 2885.0434520153726
  - 288.73204968320954
- - 0.0
  - 0.0
  - 1.0
dist_coeff:
- - -0.26990630049267206
  - -3.983395990256484
  - 0.03083777102455787
  - -0.0019402649477883794
  - 71.96210214373151
mean reprojection error:
- 0.06166641974760528
