Task Time,PC1 Time,PC2 Time,Gaze Calib,s_T_psm1,Tx,Ty,Tz,R00,R01,R02,R10,R11,R12,R20,R21,R22,s_T_psm3,Tx,Ty,Tz,R00,R01,R02,R10,R11,R12,R20,R21,R22,cart_T_ecm,Tx,Ty,Tz,R00,R01,R02,R10,R11,R12,R20,R21,R22,ecm_T_psm1,Tx,Ty,Tz,R00,R01,R02,R10,R11,R12,R20,R21,R22,ecm_T_psm3,Tx,Ty,Tz,R00,R01,R02,R10,R11,R12,R20,R21,R22,psm1_joints,q1,q2,q3,q4,q5,q6,jaw,psm3_joints,q1,q2,q3,q4,q5,q6,jaw,ecm_joints,q1,q2,q3,q4,ecmi_T_ecm,Tx,Ty,Tz,R00,R01,R02,R10,R11,R12,R20,R21,R22,Sample #,Task Duration (s),Collisions (binary),Collisions (increments),Cumulative Collision Time (s),Clutch Press,MTMR Angle,MTML Angle
""
lci_T_si,,,,,-0.053492907,0.03067575,0.21583572,0.9922148,0.027492212,0.12146585,0.10393389,-0.72013074,-0.6860098,0.06861137,0.6932935,-0.7173818
rci_T_si,,,,,-0.06295502,0.034948092,0.22635663,0.9921467,0.010968016,0.12459805,0.0950465,-0.7136615,-0.6940126,0.08130889,0.7004049,-0.70909935
ecm_T_lc,,,,,-4.4061628e-05,-0.00034663224,-0.01840835,-0.99912,0.030754527,0.028518902,-0.031987965,-0.99852574,-0.043852776,0.027128186,-0.04472645,0.9986309
ecm_T_rc,,,,,-0.0043358393,0.01870579,-0.007592615,-0.99555075,-0.052743673,-0.078081585,0.04863213,-0.9973746,0.053654674,-0.08070653,0.04961868,0.9955021
cart_T_ecmi,,,,,0.07476978,1.3022323,0.43178007,0.9961213,0.07739788,-0.04185594,0.027623024,-0.72670597,-0.686393,-0.08354233,0.6825745,-0.7260253
ecmac_T_ecmrep_psm1,,,,,0.012989772,-0.26409563,-0.29155013,0.99659246,0.08125139,0.014199966,-0.079952136,0.9939098,-0.07583538,-0.020275215,0.07444165,0.99701923
ecmac_T_ecmrep_psm3,,,,,0.016264312,-0.47033283,-0.5183238,0.99978954,0.020288749,-0.0030332562,-0.020227978,0.99961716,0.018877296,0.0034150917,-0.018811967,0.9998172
""
0,11:11:59.605520,11:11:03.468448,0,,0.11831407,-0.0073145553,0.023456633,0.90265137,0.013172101,-0.43017083,0.42379382,0.14689213,0.8937681,0.07496151,-0.9890648,0.12701014,,0.026611634,0.011042535,0.017563462,-0.4915131,0.087304674,0.86648285,0.8534541,-0.14969805,0.49920577,0.17329374,0.9848697,-0.00093203783,,0.074741416,1.3022339,0.43178242,0.9961196,0.077442355,-0.04181394,0.027683977,-0.72670126,-0.6863956,-0.08354233,0.6825745,-0.7260253,,-0.09505487,0.2532581,-0.09373452,-0.89892346,0.08473096,0.429834,0.3165955,-0.55253196,0.7710225,0.3028265,0.82917374,0.4698585,,-0.013915865,0.4650703,-0.303972,0.4490061,-0.23340845,-0.8625045,0.7611305,0.6055483,0.23236074,0.4680532,-0.7608099,0.44954923,,1.1512664032250188,0.5224660471399107,0.19722533834000003,3.6678964914313,0.34528043490726806,-1.0340592755558569,-0.4121170788567866,,-0.20460608476970416,0.33281117321470527,0.19228258457000003,-3.3084879282988253,0.19320401066833282,1.053750800457798,0.8601698522631145,,-0.028595038132362097,-0.02640246825954422,0.113675081,-0.0945277665480292,,-2.8401613e-05,-1.7881393e-06,-1.66893e-06,1.0,4.4424087e-05,4.177168e-05,-4.4427812e-05,1.0,5.096197e-06,-4.176423e-05,-5.096197e-06,1.0,34,0.102,0,0,0.0,False,-0.25880563669028556,1.0341618835108592
0.1276363271754235,11:11:59.634902,11:11:03.468448,0,,0.118338086,-0.0073245466,0.023589075,0.9021723,0.01607345,-0.43107617,0.42426002,0.1476964,0.8934144,0.078028634,-0.98890215,0.12642828,,0.02661401,0.011043191,0.017564595,-0.49151397,0.08721925,0.866491,0.85345435,-0.14974359,0.49919188,0.17329055,0.9848704,-0.000836581,,0.074741416,1.3022339,0.43178242,0.9961196,0.077442355,-0.04181394,0.027683977,-0.72670126,-0.6863956,-0.08354233,0.6825745,-0.7260253,,-0.09509172,0.2533379,-0.09383694,-0.8987357,0.08184042,0.4307857,0.31901625,-0.5519807,0.7704193,0.30083683,0.829831,0.46997634,,-0.013918401,0.4650713,-0.3039721,0.44900748,-0.23332356,-0.8625268,0.7611284,0.6055283,0.23241986,0.4680553,-0.7608519,0.4494759,,1.1514980852112455,0.5228830747151189,0.19712033885000002,3.6653802121094863,0.3435041604103173,-1.0339993813901929,-0.4109736703938467,,-0.2046215302354526,0.33281117321470527,0.19228258457000003,-3.3084879282988253,0.19320401066833282,1.0538324791979385,0.8600065081969803,,-0.028595038132362097,-0.02640246825954422,0.113675081,-0.0945277665480292,,-2.8401613e-05,-1.7881393e-06,-1.66893e-06,1.0,4.4424087e-05,4.177168e-05,-4.4427812e-05,1.0,5.096197e-06,-4.176423e-05,-5.096197e-06,1.0,45,0.135,1,1,0.021,False,-0.2591631030014119,1.0339687627077414
0.1570177550893277,11:11:59.663854,11:11:03.468448,0,,0.11835963,-0.0073275864,0.023756951,0.901723,0.017025117,-0.43197864,0.42491484,0.1491757,0.8928572,0.079641655,-0.98866415,0.12728092,,0.02661343,0.011044338,0.01756519,-0.4915165,0.08722147,0.86648935,0.8534516,-0.14974996,0.49919474,0.17329723,0.98486924,-0.00083473325,,0.074741416,1.3022339,0.43178242,0.9961196,0.077442355,-0.04181394,0.027683977,-0.72670126,-0.6863956,-0.08354233,0.6825745,-0.7260253,,-0.09512943,0.25344667,-0.09396107,-0.89843416,0.080893494,0.43159273,0.32060385,-0.55077446,0.77062356,0.3000487,0.83072484,0.46889982,,-0.013917925,0.46507257,-0.30397168,0.44900897,-0.2333255,-0.86252546,0.7611317,0.6055229,0.23242334,0.4680486,-0.7608556,0.44947663,,1.151791549060466,0.5234700024135599,0.19699848759000002,3.6637026925616096,0.34309425091102097,-1.0349719875213526,-0.4109736703938466,,-0.2046215302354526,0.33281889594757946,0.19228258457000003,-3.3084879282988253,0.19320401066833282,1.0538324791979385,0.8600065081969803,,-0.028595038132362097,-0.02640246825954422,0.113675081,-0.0945277665480292,,-2.8401613e-05,-1.7881393e-06,-1.66893e-06,1.0,4.4424087e-05,4.177168e-05,-4.4427812e-05,1.0,5.096197e-06,-4.176423e-05,-5.096197e-06,1.0,60,0.18,1,1,0.066,False,-0.2602950796533112,1.0343550043139773
0.1859108409844339,11:11:59.706682,11:11:03.550109,0,,0.118413426,-0.007304825,0.024043739,0.90042514,0.021490902,-0.4344797,0.42669544,0.15072,0.89174795,0.084649235,-0.9883429,0.12654209,,0.02661343,0.011044338,0.01756519,-0.4915165,0.0871507,0.86649644,0.8534516,-0.14979082,0.4991825,0.17329723,0.98486924,-0.0007542372,,0.074741416,1.3022339,0.43178242,0.9961196,0.077442355,-0.04181394,0.027683977,-0.72670126,-0.6863956,-0.08354233,0.6825745,-0.7260253,,-0.09521031,0.2536523,-0.09415295,-0.89759827,0.0764423,0.4341358,0.3253401,-0.5496512,0.7694397,0.297441,0.8318895,0.4684962,,-0.013917925,0.46507257,-0.30397168,0.44900897,-0.23325504,-0.86254454,0.7611317,0.60550386,0.23247279,0.4680486,-0.76089233,0.44941446,,1.1523630312931588,0.524574353214574,0.19680793296000001,3.6586701339179806,0.3411813399143048,-1.0351273904125544,-0.4114637025922494,,-0.2046215302354526,0.33281889594757946,0.19228258457000003,-3.3084879282988253,0.19320401066833282,1.053914157938079,0.859843164130846,,-0.028595038132362097,-0.02640246825954422,0.113675081,-0.0945277665480292,,-2.8401613e-05,-1.7881393e-06,-1.66893e-06,1.0,4.4424087e-05,4.177168e-05,-4.4427812e-05,1.0,5.096197e-06,-4.176423e-05,-5.096197e-06,1.0,68,0.204,1,1,0.09,False,-0.2596993024681016,1.03411360331008
0.22871347703039646,11:11:59.734299,11:11:03.550109,0,,0.11845744,-0.0072798207,0.024292916,0.90002024,0.022986226,-0.43524128,0.42700338,0.15365109,0.8911001,0.087358296,-0.9878578,0.12847391,,0.026612237,0.011044025,0.017564595,-0.49151602,0.08715801,0.866496,0.8534515,-0.14978838,0.49918336,0.17329887,0.984869,-0.00076180696,,0.074741416,1.3022339,0.43178242,0.9961196,0.077442355,-0.04181394,0.027683977,-0.72670126,-0.6863956,-0.08354233,0.6825745,-0.7260253,,-0.095277786,0.25383502,-0.094316415,-0.89745224,0.07495319,0.43469697,0.3274002,-0.5472314,0.77029014,0.29561552,0.8336185,0.46657434,,-0.013916657,0.46507207,-0.30397162,0.4490083,-0.23326227,-0.8625429,0.7611328,0.6055044,0.23246795,0.46804753,-0.7608897,0.44942006,,1.1528418407313605,0.5255396948238521,0.19664719300000003,3.6565732344831354,0.33995161141641583,-1.0369833851842065,-0.41130035852611524,,-0.20461380750257838,0.33281889594757946,0.19228258457000003,-3.3084879282988253,0.19320401066833282,1.053914157938079,0.859843164130846,,-0.028595038132362097,-0.02640246825954422,0.113675081,-0.0945277665480292,,-2.8401613e-05,-1.7881393e-06,-1.66893e-06,1.0,4.4424087e-05,4.177168e-05,-4.4427812e-05,1.0,5.096197e-06,-4.176423e-05,-5.096197e-06,1.0,76,0.229,1,1,0.115,False,-0.2598184579051428,1.0339687627077414
0.2564040881115943,11:11:59.765896,11:11:03.550109,0,,0.11851774,-0.007236764,0.024598211,0.8996776,0.025609255,-0.43580317,0.42683333,0.15789866,0.8904388,0.09161623,-0.98712313,0.13112697,,0.026612826,0.011042848,0.017563999,-0.49151355,0.087226585,0.86649054,0.85345423,-0.14974117,0.4991927,0.17329216,0.9848701,-0.0008440614,,0.074741416,1.3022339,0.43178242,0.9961196,0.077442355,-0.04181394,0.027683977,-0.72670126,-0.6863956,-0.08354233,0.6825745,-0.7260253,,-0.09536662,0.25406775,-0.094507836,-0.8975251,0.072338305,0.4349895,0.33013716,-0.54372776,0.7716019,0.29233226,0.8361383,0.46412778,,-0.013917133,0.46507078,-0.30397204,0.4490068,-0.23333079,-0.86252517,0.7611295,0.60552883,0.23241502,0.46805426,-0.76084924,0.4494815,,1.1534673820941728,0.5267367184193569,0.19645663837000002,3.653847265217837,0.3373555179208725,-1.0395221332019864,-0.41179039072451806,,-0.20461380750257838,0.33281117321470527,0.19228258457000003,-3.3084879282988253,0.19320401066833282,1.0538324791979385,0.8600065081969803,,-0.028595038132362097,-0.02640246825954422,0.113675081,-0.0945277665480292,,-2.8401613e-05,-1.7881393e-06,-1.66893e-06,1.0,4.4424087e-05,4.177168e-05,-4.4427812e-05,1.0,5.096197e-06,-4.176423e-05,-5.096197e-06,1.0,88,0.266,1,1,0.152,False,-0.2585077480976805,1.0337756419046236
0.28799118916504085,11:11:59.799928,11:11:03.550109,0,,0.118595265,-0.0071611702,0.02496244,0.8975961,0.030814841,-0.43974036,0.42976475,0.16082212,0.88850343,0.09809908,-0.9865023,0.13111019,,0.02661401,0.011043191,0.017564595,-0.49151397,0.08721925,0.866491,0.85345435,-0.14974359,0.49919188,0.17329055,0.9848704,-0.000836581,,0.074741416,1.3022339,0.43178242,0.9961196,0.077442355,-0.04181394,0.027683977,-0.72670126,-0.6863956,-0.08354233,0.6825745,-0.7260253,,-0.09547777,0.2543631,-0.094719514,-0.89603394,0.067143515,0.43887916,0.33675486,-0.54142016,0.7703638,0.28934294,0.8380668,0.4625199,,-0.013918401,0.4650713,-0.3039721,0.44900748,-0.23332356,-0.8625268,0.7611284,0.6055283,0.23241986,0.4680553,-0.7608519,0.4494759,,1.1542937145117147,0.5283276013914472,0.19625052826000003,3.646717807139363,0.3354426069241563,-1.0408210384551562,-0.41130035852611513,,-0.2046215302354526,0.33281117321470527,0.19228258457000003,-3.3084879282988253,0.19320401066833282,1.0538324791979385,0.8600065081969803,,-0.028595038132362097,-0.02640246825954422,0.113675081,-0.0945277665480292,,-2.8401613e-05,-1.7881393e-06,-1.66893e-06,1.0,4.4424087e-05,4.177168e-05,-4.4427812e-05,1.0,5.096197e-06,-4.176423e-05,-5.096197e-06,1.0,101,0.306,1,1,0.192,False,-0.2594014138754961,1.0336790815030648
0.3220383091829717,11:11:59.847236,11:11:03.550109,0,,0.1187106,-0.007086903,0.025386378,0.89628494,0.041950956,-0.44148985,0.42934602,0.16723228,0.887522,0.11106372,-0.9850246,0.13187626,,0.02661436,0.011043981,0.01756394,-0.4914683,0.087259635,0.8665128,0.853503,-0.149593,0.49915373,0.1731802,0.9848897,-0.0009561479,,0.074741416,1.3022339,0.43178242,0.9961196,0.077442355,-0.04181394,0.027683977,-0.72670126,-0.6863956,-0.08354233,0.6825745,-0.7260253,,-0.095632344,0.25469533,-0.09497303,-0.895988,0.056018483,0.44053087,0.34517616,-0.5362679,0.7702403,0.27939025,0.8421868,0.46115336,,-0.013918656,0.4650713,-0.30397102,0.44897842,-0.23336826,-0.86252975,0.76107544,0.60563916,0.23230445,0.4681693,-0.76074994,0.44952977,,1.1552745015867414,0.5299493752950343,0.19598478881000003,3.6381205194564976,0.3262879614398718,-1.0429941302440822,-0.4122804229229208,,-0.2046215302354526,0.33281889594757946,0.19228388086,-3.3084879282988253,0.19334064716809823,1.0537210612942423,0.8596798200647119,,-0.028595038132362097,-0.02640246825954422,0.113675081,-0.0945277665480292,,-2.8401613e-05,-1.7881393e-06,-1.66893e-06,1.0,4.4424087e-05,4.177168e-05,-4.4427812e-05,1.0,5.096197e-06,-4.176423e-05,-5.096197e-06,1.0,122,0.372,1,1,0.258,False,-0.2594609915940169,1.033823922105403
0.3693385710939765,11:11:59.905530,11:11:03.550109,0,,0.11879999,-0.00699839,0.025976717,0.89456606,0.048976537,-0.44424403,0.43076423,0.17047673,0.8862166,0.11913709,-0.98414373,0.13140538,,0.02661378,0.011045143,0.017564476,-0.4914708,0.08726183,0.8665112,0.85350025,-0.14959937,0.4991566,0.17318681,0.9848885,-0.00095430017,,0.074741416,1.3022339,0.43178242,0.9961196,0.077442355,-0.04181394,0.027683977,-0.72670126,-0.6863956,-0.08354233,0.6825745,-0.7260253,,-0.09577694,0.25515068,-0.09534187,-0.89503497,0.04899236,0.44329688,0.35171425,-0.53364515,0.76910335,0.2742434,0.84428823,0.46039978,,-0.01391818,0.46507257,-0.30397058,0.4489799,-0.2333702,-0.8625285,0.7610787,0.60563374,0.23230791,0.4681626,-0.7607537,0.44953048,,1.1566337025726048,0.5322661951573017,0.19562442019,3.6312007513215083,0.3225987759462049,-1.0428446027491987,-0.41179039072451795,,-0.2046215302354526,0.3328266186804537,0.19228388086,-3.3084879282988253,0.19334064716809823,1.0537210612942423,0.8596798200647119,,-0.028595038132362097,-0.02640246825954422,0.113675081,-0.0945277665480292,,-2.8401613e-05,-1.7881393e-06,-1.66893e-06,1.0,4.4424087e-05,4.177168e-05,-4.4427812e-05,1.0,5.096197e-06,-4.176423e-05,-5.096197e-06,1.0,130,0.398,1,1,0.284,False,-0.2598780356236645,1.0335342409007262
0.42763630603440106,11:11:59.935148,11:11:03.550109,0,,0.118855104,-0.0069528148,0.026246428,0.8930483,0.05234231,-0.4469061,0.43279678,0.17178342,0.88497305,0.12309259,-0.9837432,0.13075733,,0.026615553,0.011044264,0.017564476,-0.49146876,0.087252304,0.86651325,0.8535031,-0.14959541,0.4991529,0.17317864,0.98489,-0.0009486675,,0.074741416,1.3022339,0.43178242,0.9961196,0.077442355,-0.04181394,0.027683977,-0.72670126,-0.6863956,-0.08354233,0.6825745,-0.7260253,,-0.09585713,0.2553618,-0.09550579,-0.8938747,0.045624506,0.44598928,0.3559462,-0.53258675,0.7678891,0.27256256,0.8451448,0.45982596,,-0.013919924,0.46507177,-0.30397105,0.4489791,-0.23336104,-0.86253136,0.7610744,0.6056386,0.2323093,0.46817037,-0.7607526,0.4495242,,1.1572051848052973,0.5334323278213096,0.19546756910000002,3.626587572564848,0.3217789569476122,-1.0429928827284256,-0.41113701445998097,,-0.20462925296832685,0.33281889594757946,0.19228388086,-3.3084879282988253,0.19334064716809823,1.0537210612942423,0.8596798200647119,,-0.028595038132362097,-0.02640246825954422,0.113675081,-0.0945277665480292,,-2.8401613e-05,-1.7881393e-06,-1.66893e-06,1.0,4.4424087e-05,4.177168e-05,-4.4427812e-05,1.0,5.096197e-06,-4.176423e-05,-5.096197e-06,1.0,143,0.437,1,1,0.323,False,-0.2588652144088064,1.03411360331008
0.4572276691906154,11:11:59.968073,11:11:03.550109,0,,0.11896627,-0.0069229454,0.0265235,0.8915946,0.061515212,-0.4486367,0.4328962,0.17495778,0.8843024,0.1328905,-0.9826523,0.12936169,,0.026615553,0.011044264,0.017564476,-0.49146876,0.087252304,0.86651325,0.8535031,-0.14959541,0.4991529,0.17317864,0.98489,-0.0009486675,,0.074741416,1.3022339,0.43178242,0.9961196,0.077442355,-0.04181394,0.027683977,-0.72670126,-0.6863956,-0.08354233,0.6825745,-0.7260253,,-0.09599405,0.25556317,-0.09568104,-0.8933729,0.036439966,0.4478359,0.3626438,-0.5299899,0.76655084,0.2652816,0.84722066,0.4602639,,-0.013919924,0.46507177,-0.30397105,0.4489791,-0.23336104,-0.86253136,0.7610744,0.6056386,0.2323093,0.46817037,-0.7607526,0.4495242,,1.1576531033120026,0.5345444013551979,0.19528479221000003,3.6196678044298594,0.31522040495887116,-1.0431172989404152,-0.4093402297325037,,-0.20462925296832685,0.33281889594757946,0.19228388086,-3.3084879282988253,0.19334064716809823,1.0537210612942423,0.8596798200647119,,-0.028595038132362097,-0.02640246825954422,0.113675081,-0.0945277665480292,,-2.8401613e-05,-1.7881393e-06,-1.66893e-06,1.0,4.4424087e-05,4.177168e-05,-4.4427812e-05,1.0,5.096197e-06,-4.176423e-05,-5.096197e-06,1.0,151,0.463,1,1,0.349,False,-0.2588652144088064,1.0340653231093004
0.4901585860643536,11:11:59.985916,11:11:03.550109,0,,0.11903089,-0.0069194734,0.026702166,0.8903953,0.066845775,-0.450253,0.43325457,0.17889288,0.8833389,0.13959453,-0.98159516,0.13032413,,0.026615553,0.011044264,0.017564476,-0.49146876,0.087252304,0.86651325,0.8535031,-0.14959541,0.4991529,0.17317864,0.98489,-0.0009486675,,0.074741416,1.3022339,0.43178242,0.9961196,0.077442355,-0.04181394,0.027683977,-0.72670126,-0.6863956,-0.08354233,0.6825745,-0.7260253,,-0.096075565,0.2556817,-0.095805235,-0.8928213,0.031094484,0.4493364,0.36745283,-0.5266466,0.7665649,0.26047745,0.84951544,0.45877558,,-0.013919924,0.46507177,-0.30397105,0.4489791,-0.23336104,-0.86253136,0.7610744,0.6056386,0.2323093,0.46817037,-0.7607526,0.4495242,,1.1579388444283487,0.5351931109166328,0.19515516321,3.6146352457862307,0.31084803696637703,-1.0453511165721094,-0.4127704551213237,,-0.20462925296832685,0.33281889594757946,0.19228388086,-3.3084879282988253,0.19334064716809823,1.0537210612942423,0.8596798200647119,,-0.028595038132362097,-0.02640246825954422,0.113675081,-0.0945277665480292,,-2.8401613e-05,-1.7881393e-06,-1.66893e-06,1.0,4.4424087e-05,4.177168e-05,-4.4427812e-05,1.0,5.096197e-06,-4.176423e-05,-5.096197e-06,1.0,164,0.503,1,1,0.389,False,-0.2590439475643693,1.0337756419046236
0.5079972890671343,11:12:00.029677,11:11:03.550109,0,,0.11908775,-0.006912537,0.027061626,0.8888097,0.07461841,-0.45216075,0.4332081,0.18504938,0.8820926,0.14949244,-0.97989225,0.13214841,,0.026800223,0.011133365,0.017576039,-0.49163613,0.08725911,0.86641765,0.8534118,-0.14956209,0.4993189,0.17315331,0.98489445,-0.0009378493,,0.074790664,1.302235,0.43178713,0.99612135,0.07739643,-0.041857313,0.02762103,-0.72670615,-0.6863929,-0.08354233,0.6825745,-0.7260253,,-0.096207865,0.2559217,-0.09605208,-0.8921721,0.023303952,0.45109412,0.3741582,-0.5213498,0.766942,0.2530506,0.8530248,0.45641437,,-0.014145773,0.46511102,-0.3038915,0.4492046,-0.23337387,-0.8624105,0.7609963,0.6056703,0.2324826,0.46808103,-0.7607235,0.4496665,,1.1583867629350537,0.5365059755052509,0.19491016440000003,3.6077154776512415,0.30428948497763586,-1.048661003649581,-0.4122804229229208,,-0.20463697570120107,0.33281889594757946,0.19228388086,-3.3084879282988253,0.19334064716809823,1.0537210612942423,0.8596798200647119,,-0.028595038132362097,-0.02640246825954422,0.113675081,-0.0945277665480292,,2.0295382e-05,4.4107437e-06,-7.867813e-06,1.0,-1.4603138e-06,-1.359731e-06,1.4491379e-06,1.0,-1.7881393e-07,1.3671815e-06,1.7881393e-07,1.0,172,0.529,1,1,0.415,False,-0.2594014138754961,1.0339204825069621
0.5517448130995035,11:12:00.056188,11:11:03.550109,0,,0.11919748,-0.0069168136,0.02731748,0.88738555,0.08361842,-0.45338148,0.4329155,0.18701923,0.8818208,0.15852752,-0.97879094,0.1297585,,0.026795968,0.011130504,0.017577648,-0.49179864,0.08719614,0.8663318,0.8533374,-0.14948812,0.49946803,0.17305797,0.9849113,-0.00088968873,,0.074790664,1.302235,0.43178713,0.99612135,0.07739643,-0.041857313,0.02762103,-0.72670615,-0.6863929,-0.08354233,0.6825745,-0.7260253,,-0.096341856,0.25608364,-0.09623468,-0.89163214,0.014271734,0.45253557,0.38005352,-0.51963025,0.7652083,0.24607202,0.854272,0.457895,,-0.014141769,0.46511075,-0.30389506,0.44938058,-0.2333151,-0.8623347,0.7608962,0.60573995,0.2326286,0.4680748,-0.76068604,0.44973633,,1.1586647813185258,0.5374558716487805,0.19472090606000003,3.60163446929019,0.2980042059884256,-1.0476197170865738,-0.41113701445998085,,-0.20461380750257838,0.33281889594757946,0.19227999199,-3.30869761824231,0.19334064716809823,1.0537210612942423,0.8596798200647119,,-0.028595038132362097,-0.02640246825954422,0.113675081,-0.0945277665480292,,2.0295382e-05,4.4107437e-06,-7.867813e-06,1.0,-1.4603138e-06,-1.359731e-06,1.4491379e-06,1.0,-1.7881393e-07,1.3671815e-06,1.7881393e-07,1.0,185,0.569,1,1,0.455,False,-0.25952056931253775,1.0334376804991676
0.5782942471560091,11:12:00.097269,11:11:03.550109,0,,0.11932566,-0.006912537,0.027682915,0.88586974,0.089284174,-0.45526144,0.43328172,0.19155249,0.8806671,0.16583611,-0.9774128,0.13100532,,0.026764534,0.01111684,0.017570317,-0.49173942,0.0873466,0.8663503,0.85338736,-0.14931175,0.49943554,0.17298022,0.9849247,-0.0011180341,,0.074790664,1.302235,0.43178713,0.99612135,0.07739643,-0.041857313,0.02762103,-0.72670615,-0.6863929,-0.08354233,0.6825745,-0.7260253,,-0.09650465,0.25632417,-0.09649088,-0.8908239,0.008571332,0.45426792,0.38528904,-0.5156463,0.7652851,0.24080107,0.85675865,0.4560476,,-0.014109421,0.46509996,-0.30390316,0.4493332,-0.23346801,-0.86231804,0.76086617,0.60585076,0.23243822,0.46816912,-0.76055086,0.44986677,,1.1590663634279856,0.5389309136277574,0.19446812951000003,3.5961825307595925,0.2939051109954624,-1.0498313343052392,-0.4114637025922493,,-0.20442073918072276,0.33281889594757946,0.19227091796,-3.30869761824231,0.19347728366786368,1.0536913221306863,0.8591897878663086,,-0.028595038132362097,-0.02640246825954422,0.113675081,-0.0945277665480292,,2.0295382e-05,4.4107437e-06,-7.867813e-06,1.0,-1.4603138e-06,-1.359731e-06,1.4491379e-06,1.0,-1.7881393e-07,1.3671815e-06,1.7881393e-07,1.0,193,0.593,1,1,0.48,False,-0.2591631030014119,1.0336790815030648
0.619380746036768,11:12:00.119292,11:11:03.550109,0,,0.119391784,-0.0069082156,0.027872458,0.8845525,0.09133114,-0.45741183,0.4349591,0.19265229,0.8795997,0.1684563,-0.9770075,0.13068578,,0.026736818,0.011109047,0.017558038,-0.49172923,0.08737352,0.8663533,0.8533859,-0.14933792,0.49943024,0.1730164,0.9849183,-0.0011295378,,0.074790664,1.302235,0.43178713,0.99612135,0.07739643,-0.041857313,0.02762103,-0.72670615,-0.6863929,-0.08354233,0.6825745,-0.7260253,,-0.09658871,0.25645053,-0.09662239,-0.8897396,0.006512341,0.45642206,0.38835457,-0.514668,0.7643936,0.23988381,0.85736483,0.45539138,,-0.014080083,0.4650891,-0.3039033,0.4493177,-0.23349333,-0.86231923,0.7608903,0.6058252,0.2324259,0.46814483,-0.7605634,0.4498708,,1.1592439862840926,0.5397881369767963,0.19434368567000002,3.59282749166384,0.293768474495697,-1.0503733463226674,-0.41113701445998085,,-0.20424311632461561,0.33281889594757946,0.19226962167000003,-3.30869761824231,0.19347728366786368,1.0538546796109673,0.8591897878663091,,-0.028595038132362097,-0.02640246825954422,0.113675081,-0.0945277665480292,,2.0295382e-05,4.4107437e-06,-7.867813e-06,1.0,-1.4603138e-06,-1.359731e-06,1.4491379e-06,1.0,-1.7881393e-07,1.3671815e-06,1.7881393e-07,1.0,206,0.634,0,1,0.502,False,-0.2587460589717643,1.0338722023061826
0.641376824118197,11:12:00.162998,11:11:03.550109,0,,0.11962438,-0.006866716,0.028361812,0.8833997,0.10259331,-0.45725194,0.43256503,0.19680205,0.8798615,0.18025605,-0.97506076,0.12947667,,0.026716232,0.011101894,0.017548501,-0.4920465,0.08726247,0.86618435,0.85323906,-0.14919576,0.49972337,0.17283809,0.9849497,-0.0010445416,,0.074790664,1.302235,0.43178713,0.99612135,0.07739643,-0.041857313,0.02762103,-0.72670615,-0.6863929,-0.08354233,0.6825745,-0.7260253,,-0.096866794,0.2567959,-0.096936464,-0.8897699,-0.0048185764,0.45638388,0.3945231,-0.51088595,0.7637716,0.22947982,0.859635,0.45647198,,-0.014058196,0.46507978,-0.30390412,0.44966006,-0.23339008,-0.8621687,0.76069945,0.6059573,0.23270589,0.46812624,-0.7604898,0.45001453,,1.1596532911264266,0.5419196112500823,0.19402998349000003,3.5867464833027887,0.2850237385107088,-1.04961354221706,-0.4108103263277122,,-0.20410410713287958,0.33281117321470527,0.19226832538000002,-3.309116998129279,0.19347728366786368,1.053936358351108,0.8593531319324432,,-0.028595038132362097,-0.02640246825954422,0.113675081,-0.0945277665480292,,2.0295382e-05,4.4107437e-06,-7.867813e-06,1.0,-1.4603138e-06,-1.359731e-06,1.4491379e-06,1.0,-1.7881393e-07,1.3671815e-06,1.7881393e-07,1.0,214,0.659,0,1,0.502,False,-0.2590439475643693,1.0335342409007262
0.685111879138276,11:12:00.182163,11:11:03.550109,0,,0.119685486,-0.0068501085,0.02846165,0.88356096,0.10604198,-0.45615232,0.43073803,0.1982753,0.880427,0.18380596,-0.9743931,0.12951198,,0.026714407,0.011097424,0.017545104,-0.49203777,0.087065525,0.86620915,0.8532473,-0.14929181,0.49968082,0.1728229,0.98495257,-0.0008312464,,0.074790664,1.302235,0.43178713,0.99612135,0.07739643,-0.041857313,0.02762103,-0.72670615,-0.6863929,-0.08354233,0.6825745,-0.7260253,,-0.09693699,0.2568717,-0.09699396,-0.890302,-0.00829202,0.45529503,0.39553055,-0.50952977,0.7641564,0.22564998,0.8604131,0.45691514,,-0.014055818,0.46507448,-0.30390528,0.4496536,-0.23319466,-0.862225,0.76069283,0.6059182,0.23282947,0.46814322,-0.76058096,0.4498428,,1.159730518455169,0.5423443615581647,0.19396905786000002,3.5859077235288512,0.28147118951680733,-1.0494120751455918,-0.41130035852611513,,-0.20408093893425688,0.3327880050160826,0.19226832538000002,-3.309116998129279,0.19347728366786368,1.0541813945715297,0.859189787866309,,-0.028595038132362097,-0.02640246825954422,0.113675081,-0.0945277665480292,,2.0295382e-05,4.4107437e-06,-7.867813e-06,1.0,-1.4603138e-06,-1.359731e-06,1.4491379e-06,1.0,-1.7881393e-07,1.3671815e-06,1.7881393e-07,1.0,231,0.712,0,1,0.502,False,-0.2602355019347904,1.0328100378890346
0.7042743081692606,11:12:00.239456,11:11:03.550109,0,,0.119932,-0.0068607256,0.029066876,0.8821255,0.11403665,-0.45700124,0.42904413,0.20582417,0.87952113,0.19435957,-0.9719218,0.13263601,,0.026719995,0.011092983,0.017545521,-0.49202907,0.08696391,0.8662242,0.8532586,-0.14931431,0.49965477,0.1727916,0.9849582,-0.00073575974,,0.074790664,1.302235,0.43178713,0.99612135,0.07739643,-0.041857313,0.02762103,-0.72670615,-0.6863929,-0.08354233,0.6825745,-0.7260253,,-0.097240955,0.2572551,-0.0974273,-0.88991946,-0.016368344,0.45582384,0.40140113,-0.50270104,0.7656166,0.21661125,0.8643053,0.45393375,,-0.014061354,0.46507114,-0.30390835,0.44964966,-0.23309478,-0.862254,0.7606766,0.60591924,0.23287961,0.4681733,-0.7606107,0.44976115,,1.1601321005646286,0.5448388042765392,0.19354517103000002,3.5800364051112843,0.27450272802876985,-1.052959459692958,-0.41113701445998074,,-0.20410410713287958,0.3327571140845857,0.19226702909,-3.309116998129279,0.19347728366786368,1.0542630733116702,0.8590264438001747,,-0.028595038132362097,-0.02640246825954422,0.113675081,-0.0945277665480292,,2.0295382e-05,4.4107437e-06,-7.867813e-06,1.0,-1.4603138e-06,-1.359731e-06,1.4491379e-06,1.0,-1.7881393e-07,1.3671815e-06,1.7881393e-07,1.0,239,0.736,0,1,0.502,False,-0.2598184579051428,1.0331962794952703
0.7615129679907113,11:12:00.269458,11:11:03.550109,0,,0.1200417,-0.0068603605,0.029332116,0.88107324,0.123457655,-0.45658302,0.4274323,0.20548898,0.8803839,0.2025129,-0.97084105,0.12828112,,0.026721798,0.0110947415,0.01754725,-0.4920325,0.0869515,0.8662236,0.8532559,-0.14932552,0.49965596,0.17279506,0.9849576,-0.0007189214,,0.074790664,1.302235,0.43178713,0.99612135,0.07739643,-0.041857313,0.02762103,-0.72670615,-0.6863929,-0.08354233,0.6825745,-0.7260253,,-0.09737574,0.25742677,-0.09761371,-0.8896852,-0.025853785,0.45584187,0.40570852,-0.5027282,0.7633249,0.20942974,0.8640578,0.457759,,-0.014063415,0.46507338,-0.30390802,0.4496525,-0.23308228,-0.86225593,0.7606778,0.60591274,0.23289275,0.46816868,-0.76061976,0.4497507,,1.1604178416809747,0.5458195913515657,0.19335591269000002,3.575632916298109,0.26808081253979416,-1.049029678061475,-0.41113701445998074,,-0.20411955259862802,0.3327648368174599,0.19226702909,-3.309116998129279,0.19347728366786368,1.0542630733116702,0.8590264438001747,,-0.028595038132362097,-0.02640246825954422,0.113675081,-0.0945277665480292,,2.0295382e-05,4.4107437e-06,-7.867813e-06,1.0,-1.4603138e-06,-1.359731e-06,1.4491379e-06,1.0,-1.7881393e-07,1.3671815e-06,1.7881393e-07,1.0,256,0.79,0,1,0.502,False,-0.259282258438454,1.0336308013022852
0.791560732992366,11:12:00.314810,11:11:03.550109,0,,0.12026264,-0.0068481266,0.029810324,0.87942314,0.14352188,-0.45389032,0.41997024,0.21503022,0.8816955,0.22414275,-0.96600384,0.12882766,,0.02671764,0.01109501,0.017546117,-0.49203366,0.08697567,0.8662205,0.853253,-0.14932469,0.49966127,0.17280641,0.98495555,-0.0007395148,,0.074790664,1.302235,0.43178713,0.99612135,0.07739643,-0.041857313,0.02762103,-0.72670615,-0.6863929,-0.08354233,0.6825745,-0.7260253,,-0.09764162,0.25774363,-0.09794014,-0.89024967,-0.046138924,0.45312992,0.41471037,-0.4934814,0.7645204,0.18833704,0.8685317,0.45845595,,-0.014059135,0.4650732,-0.30390745,0.449652,-0.2331059,-0.8622498,0.7606842,0.60590893,0.2328817,0.46815878,-0.7606155,0.44976813,,1.1610588285095356,0.5473332469949137,0.19300850697000002,3.566616248728275,0.24799524707427442,-1.0500488178680407,-0.4109736703938467,,-0.20409638440000535,0.33277255955033413,0.19226702909,-3.309116998129279,0.19347728366786368,1.0542630733116702,0.8590264438001747,,-0.028595038132362097,-0.02640246825954422,0.113675081,-0.0945277665480292,,2.0295382e-05,4.4107437e-06,-7.867813e-06,1.0,-1.4603138e-06,-1.359731e-06,1.4491379e-06,1.0,-1.7881393e-07,1.3671815e-06,1.7881393e-07,1.0,264,0.814,0,1,0.502,False,-0.25856732581620134,1.033099719093711
0.8369121621362865,11:12:00.342088,11:11:03.550109,0,,0.120321214,-0.0068432987,0.02997528,0.8779248,0.15008979,-0.45466584,0.41877583,0.21963632,0.8811281,0.23210946,-0.96396726,0.12997025,,0.026716419,0.011092059,0.017543852,-0.49202782,0.08698588,0.86622274,0.8532584,-0.14930707,0.4996572,0.17279628,0.98495734,-0.0007582307,,0.074790664,1.302235,0.43178713,0.99612135,0.07739643,-0.041857313,0.02762103,-0.72670615,-0.6863929,-0.08354233,0.6825745,-0.7260253,,-0.09771577,0.2578543,-0.098053806,-0.88954693,-0.05279961,0.4537824,0.41922653,-0.48905128,0.7649039,0.18153624,0.87065554,0.45716906,,-0.01405755,0.46506968,-0.3039082,0.44964767,-0.23311646,-0.8622492,0.7606798,0.6059209,0.2328651,0.4681701,-0.7606028,0.44977787,,1.1613754605573787,0.5478275018988641,0.19288924829,3.5617933800281305,0.2415733315852987,-1.052081584266819,-0.4108103263277124,,-0.20408093893425688,0.3327571140845857,0.19226702909,-3.309116998129279,0.19347728366786368,1.0542630733116702,0.8590264438001747,,-0.028595038132362097,-0.02640246825954422,0.113675081,-0.0945277665480292,,2.0295382e-05,4.4107437e-06,-7.867813e-06,1.0,-1.4603138e-06,-1.359731e-06,1.4491379e-06,1.0,-1.7881393e-07,1.3671815e-06,1.7881393e-07,1.0,281,0.868,0,1,0.502,False,-0.2589843698458485,1.0334859606999471
0.8641616601962596,11:12:00.400219,11:11:03.550109,0,,0.120411225,-0.006825,0.030452445,0.8732784,0.17548308,-0.45452228,0.41443306,0.22297612,0.8823417,0.25618362,-0.95889896,0.12199426,,0.026718915,0.011083804,0.017542183,-0.48932612,0.08842669,0.8676062,0.85462797,-0.14952338,0.497246,0.1736972,0.98479617,-0.002406299,,0.074790664,1.302235,0.43178713,0.99612135,0.07739643,-0.041857313,0.02762103,-0.72670615,-0.6863929,-0.08354233,0.6825745,-0.7260253,,-0.09785116,0.25818196,-0.09838617,-0.8873166,-0.078508064,0.4544291,0.43233567,-0.48453546,0.76046777,0.16048415,0.87124157,0.46387818,,-0.014059673,0.46506268,-0.303913,0.44682404,-0.23451354,-0.8633375,0.7619363,0.6054849,0.22987193,0.46882975,-0.7605205,0.4492296,,1.162726938810368,0.5489241299670039,0.19253795370000001,3.547534463871183,0.2212144931202481,-1.045771837873763,-0.41113701445998074,,-0.20410410713287958,0.33274939135171144,0.1922657328,-3.3059716489770112,0.1941604661666909,1.0537059837931881,0.8590264438001747,,-0.028595038132362097,-0.02640246825954422,0.113675081,-0.0945277665480292,,2.0295382e-05,4.4107437e-06,-7.867813e-06,1.0,-1.4603138e-06,-1.359731e-06,1.4491379e-06,1.0,-1.7881393e-07,1.3671815e-06,1.7881393e-07,1.0,289,0.893,0,1,0.502,False,-0.259580147031059,1.0338722023061826
0.9223348030354828,11:12:00.420694,11:11:03.550109,0,,0.120433085,-0.006815575,0.030608848,0.87221813,0.18294576,-0.45361468,0.41104454,0.22849181,0.88251567,0.26509976,-0.95620203,0.12409589,,0.02672162,0.011086114,0.017544866,-0.4897762,0.08820028,0.8673752,0.8544526,-0.14918363,0.49764925,0.17329097,0.984868,-0.0022963583,,0.074790664,1.302235,0.43178713,0.99612135,0.07739643,-0.041857313,0.02762103,-0.72670615,-0.6863929,-0.08354233,0.6825745,-0.7260253,,-0.09788787,0.25829226,-0.098493434,-0.887176,-0.08610873,0.4533256,0.4358346,-0.4790366,0.7619529,0.15154876,0.87356126,0.4625189,,-0.014062771,0.46506584,-0.30391282,0.44733256,-0.23430482,-0.8631308,0.7615761,0.6057936,0.23025183,0.46893004,-0.76033896,0.44943216,,1.1632520846458152,0.5491635346861049,0.19242128760000002,3.543760044888462,0.21233312063549445,-1.0478410505095197,-0.40983026193090666,,-0.20411955259862802,0.3327648368174599,0.1922657328,-3.3066007188074646,0.19429710266645633,1.0535945658894919,0.8590264438001747,,-0.028595038132362097,-0.02640246825954422,0.113675081,-0.0945277665480292,,2.0295382e-05,4.4107437e-06,-7.867813e-06,1.0,-1.4603138e-06,-1.359731e-06,1.4491379e-06,1.0,-1.7881393e-07,1.3671815e-06,1.7881393e-07,1.0,302,0.933,0,1,0.502,False,-0.2587460589717643,1.0334859606999471
0.9427907490171492,11:12:00.461222,11:11:03.550109,0,,0.12048216,-0.006789975,0.030891761,0.8672521,0.2057509,-0.45336533,0.4050251,0.2379905,0.8827883,0.2895311,-0.9492245,0.123063445,,0.026720166,0.011087634,0.017543852,-0.4897783,0.088138975,0.86738026,0.85444975,-0.14922825,0.4976408,0.17329916,0.98486674,-0.0022216141,,0.074790664,1.302235,0.43178713,0.99612135,0.07739643,-0.041857313,0.02762103,-0.72670615,-0.6863929,-0.08354233,0.6825745,-0.7260253,,-0.09796363,0.2584977,-0.09868097,-0.8846885,-0.109329045,0.45318145,0.44795507,-0.46853694,0.76145214,0.12908341,0.8766529,0.46348375,,-0.014061199,0.46506628,-0.30391112,0.4473334,-0.23424348,-0.863147,0.7615804,0.60576993,0.23029993,0.46892226,-0.76037675,0.44937637,,1.164379603645452,0.5493874939394574,0.19220869604000002,3.530339888505452,0.18992473467396223,-1.048354624535636,-0.40983026193090666,,-0.2041118298657538,0.33277255955033413,0.19226702909,-3.3066007188074646,0.19429710266645633,1.0536762446296324,0.8591897878663088,,-0.028595038132362097,-0.02640246825954422,0.113675081,-0.0945277665480292,,2.0295382e-05,4.4107437e-06,-7.867813e-06,1.0,-1.4603138e-06,-1.359731e-06,1.4491379e-06,1.0,-1.7881393e-07,1.3671815e-06,1.7881393e-07,1.0,310,0.958,0,1,0.502,False,-0.259580147031059,1.0338722023061826
0.9833018120843917,11:12:00.480669,11:11:03.550109,0,,0.12050597,-0.0067749545,0.031018093,0.86428267,0.2188473,-0.45290306,0.40150526,0.2422244,0.8832445,0.30299985,-0.94521594,0.121482044,,0.026719555,0.011086173,0.01754266,-0.48977533,0.08814407,0.8673814,0.8544525,-0.14921945,0.49763873,0.17329413,0.98486763,-0.0022309422,,0.074790664,1.302235,0.43178713,0.99612135,0.07739643,-0.041857313,0.02762103,-0.72670615,-0.6863929,-0.08354233,0.6825745,-0.7260253,,-0.097999305,0.25859198,-0.09876214,-0.88308966,-0.12268322,0.45288134,0.4544998,-0.46341228,0.7607095,0.11654449,0.8776092,0.4649941,,-0.014060406,0.46506453,-0.30391148,0.44733122,-0.23424876,-0.8631467,0.7615782,0.6057759,0.23029162,0.46892795,-0.7603704,0.44938123,,1.1649433631452704,0.5493874939394574,0.19211406687000002,3.5230007404834933,0.1773541766955417,-1.0474972325117298,-0.4103202941293096,,-0.20410410713287958,0.3327648368174599,0.19226702909,-3.3066007188074646,0.19429710266645633,1.0536762446296324,0.8591897878663088,,-0.028595038132362097,-0.02640246825954422,0.113675081,-0.0945277665480292,,2.0295382e-05,4.4107437e-06,-7.867813e-06,1.0,-1.4603138e-06,-1.359731e-06,1.4491379e-06,1.0,-1.7881393e-07,1.3671815e-06,1.7881393e-07,1.0,327,1.011,0,1,0.502,False,-0.2596993024681016,1.0333894002983879
1.0027831110637635,11:12:00.533535,11:11:03.550109,0,,0.12060581,-0.0067288876,0.03136109,0.85573083,0.25541317,-0.4499874,0.3875161,0.25992066,0.8844617,0.34286422,-0.93123853,0.12344542,,0.02672159,0.011083432,0.017543137,-0.48977083,0.08813232,0.86738515,0.8544581,-0.14920914,0.4976322,0.17327926,0.98487025,-0.0022271574,,0.074790664,1.302235,0.43178713,0.99612135,0.07739643,-0.041857313,0.02762103,-0.72670615,-0.6863929,-0.08354233,0.6825745,-0.7260253,,-0.09813107,0.25885004,-0.0989761,-0.8786496,-0.1601455,0.44980916,0.47120783,-0.44288313,0.76276976,0.07705874,0.88216096,0.46460092,,-0.014062454,0.46506277,-0.30391362,0.44732893,-0.23423766,-0.86315095,0.76157063,0.6057862,0.23028955,0.46894243,-0.7603656,0.4493742,,1.1663797914598761,0.5492407620148472,0.19186517919,3.503918955626402,0.13772959176356397,-1.0501445412199284,-0.4096669178647723,,-0.2041118298657538,0.33274939135171144,0.1922657328,-3.3066007188074646,0.19429710266645633,1.0536762446296324,0.8591897878663088,,-0.028595038132362097,-0.02640246825954422,0.113675081,-0.0945277665480292,,2.0295382e-05,4.4107437e-06,-7.867813e-06,1.0,-1.4603138e-06,-1.359731e-06,1.4491379e-06,1.0,-1.7881393e-07,1.3671815e-06,1.7881393e-07,1.0,336,1.04,0,1,0.502,False,-0.2602950796533112,1.034017042908521
1.0556475291959941,11:12:00.561563,11:11:03.550109,0,,0.12063998,-0.006711781,0.03157772,0.8489043,0.27918655,-0.44879413,0.37979636,0.26831064,0.8853045,0.36758137,-0.9219892,0.12173605,,0.0267222,0.011084937,0.01754433,-0.4897738,0.0881272,0.8673841,0.85445535,-0.14921793,0.49763423,0.17328432,0.98486936,-0.0022177994,,0.074790664,1.302235,0.43178713,0.99612135,0.07739643,-0.041857313,0.02762103,-0.72670615,-0.6863929,-0.08354233,0.6825745,-0.7260253,,-0.09818573,0.25900567,-0.099121645,-0.87436485,-0.18456629,0.44879997,0.48235625,-0.4317398,0.76218975,0.05309028,0.88291335,0.4665248,,-0.014063247,0.46506456,-0.30391324,0.4473311,-0.23423237,-0.86315125,0.76157284,0.60578024,0.23029785,0.46893674,-0.760372,0.44936934,,1.1673451330691542,0.5490476936929916,0.19170443923000002,3.490708489186877,0.11368156780484645,-1.0489127067009847,-0.41179039072451795,,-0.20411955259862802,0.3327571140845857,0.1922657328,-3.3066007188074646,0.19429710266645633,1.0536762446296324,0.8591897878663088,,-0.028595038132362097,-0.02640246825954422,0.113675081,-0.0945277665480292,,2.0295382e-05,4.4107437e-06,-7.867813e-06,1.0,-1.4603138e-06,-1.359731e-06,1.4491379e-06,1.0,-1.7881393e-07,1.3671815e-06,1.7881393e-07,1.0,349,1.081,0,1,0.502,False,-0.26011634649774784,1.0335825211015057
1.0836433530785143,11:12:00.606290,11:11:03.550109,0,,0.12063055,-0.006694168,0.03194262,0.8361185,0.3174151,-0.44738495,0.36879382,0.27847645,0.88681555,0.40607485,-0.9064759,0.115778595,,0.026722483,0.011085726,0.017546475,-0.4897767,0.08798042,0.8673973,0.8544527,-0.149308,0.49761188,0.17328948,0.9848688,-0.0020475686,,0.074790664,1.302235,0.43178713,0.99612135,0.07739643,-0.041857313,0.02762103,-0.72670615,-0.6863929,-0.08354233,0.6825745,-0.7260253,,-0.09821131,0.25926304,-0.09937981,-0.8655318,-0.22395003,0.4479968,0.5005897,-0.41586116,0.7592558,0.016269108,0.88142264,0.47204813,,-0.014063867,0.46506664,-0.3039141,0.44733325,-0.23408608,-0.8631898,0.7615751,0.6057366,0.2304051,0.46893108,-0.76045173,0.44924027,,1.1691368070959742,0.5485997751862864,0.19143221833000001,3.4682716652340324,0.07665307636841208,-1.0433854343217044,-0.4101569500631753,,-0.20412727533150224,0.3327648368174599,0.19226443651000003,-3.3066007188074646,0.19429710266645633,1.0538396021099135,0.8588630997340404,,-0.028595038132362097,-0.02640246825954422,0.113675081,-0.0945277665480292,,2.0295382e-05,4.4107437e-06,-7.867813e-06,1.0,-1.4603138e-06,-1.359731e-06,1.4491379e-06,1.0,-1.7881393e-07,1.3671815e-06,1.7881393e-07,1.0,362,1.121,0,1,0.502,False,-0.2596993024681016,1.0337273617038443
