Task Time,PC1 Time,PC2 Time,Gaze Calib,s_T_psm1,Tx,Ty,Tz,R00,R01,R02,R10,R11,R12,R20,R21,R22,s_T_psm3,Tx,Ty,Tz,R00,R01,R02,R10,R11,R12,R20,R21,R22,cart_T_ecm,Tx,Ty,Tz,R00,R01,R02,R10,R11,R12,R20,R21,R22,ecm_T_psm1,Tx,Ty,Tz,R00,R01,R02,R10,R11,R12,R20,R21,R22,ecm_T_psm3,Tx,Ty,Tz,R00,R01,R02,R10,R11,R12,R20,R21,R22,psm1_joints,q1,q2,q3,q4,q5,q6,jaw,psm3_joints,q1,q2,q3,q4,q5,q6,jaw,ecm_joints,q1,q2,q3,q4,ecmi_T_ecm,Tx,Ty,Tz,R00,R01,R02,R10,R11,R12,R20,R21,R22,Sample #,Task Duration (s),Collisions (binary),Collisions (increments),Cumulative Collision Time (s),Clutch Press,MTMR Angle,MTML Angle
""
lci_T_si,,,,,-0.053492907,0.03067575,0.21583572,0.9922148,0.027492212,0.12146585,0.10393389,-0.72013074,-0.6860098,0.06861137,0.6932935,-0.7173818
rci_T_si,,,,,-0.06295502,0.034948092,0.22635663,0.9921467,0.010968016,0.12459805,0.0950465,-0.7136615,-0.6940126,0.08130889,0.7004049,-0.70909935
ecm_T_lc,,,,,-4.4061628e-05,-0.00034663224,-0.01840835,-0.99912,0.030754527,0.028518902,-0.031987965,-0.99852574,-0.043852776,0.027128186,-0.04472645,0.9986309
ecm_T_rc,,,,,-0.0043358393,0.01870579,-0.007592615,-0.99555075,-0.052743673,-0.078081585,0.04863213,-0.9973746,0.053654674,-0.08070653,0.04961868,0.9955021
cart_T_ecmi,,,,,0.07476978,1.3022323,0.43178007,0.9961213,0.07739788,-0.04185594,0.027623024,-0.72670597,-0.686393,-0.08354233,0.6825745,-0.7260253
ecmac_T_ecmrep_psm1,,,,,0.012989772,-0.26409563,-0.29155013,0.99659246,0.08125139,0.014199966,-0.079952136,0.9939098,-0.07583538,-0.020275215,0.07444165,0.99701923
ecmac_T_ecmrep_psm3,,,,,0.016264312,-0.47033283,-0.5183238,0.99978954,0.020288749,-0.0030332562,-0.020227978,0.99961716,0.018877296,0.0034150917,-0.018811967,0.9998172
""
0,11:15:44.980500,NaN,0,,0.12225118,-0.0022922307,0.023683429,0.865564,0.28613806,-0.41100353,0.28190154,0.39993852,0.87211275,0.41392082,-0.87073195,0.26550967,,0.025242016,0.008923389,0.008862317,-0.80643886,-0.12606853,0.5777222,0.5903248,-0.2282275,0.7742278,0.03424628,0.9654113,0.2584729,,0.07480192,1.3022345,0.43179324,0.99612236,0.07737006,-0.041882213,0.027584892,-0.72670895,-0.6863914,-0.08354233,0.6825745,-0.7260253,,-0.09896331,0.2569223,-0.09019761,-0.89694947,-0.1943509,0.39712635,0.43980598,-0.300169,0.8464451,-0.04530235,0.93387705,0.3547131,,-0.011266342,0.45745596,-0.29983744,0.784645,-0.01860367,-0.6196661,0.5200051,0.5639572,0.64151925,0.33753055,-0.8255944,0.4521802,,1.1545253964979416,0.5367453802243519,0.20011865762000003,3.5431309750580082,0.004099094992963213,-1.183600332142017,-0.4005196501612528,,-0.17552999549824888,0.30051470433469835,0.19766478065,-3.739610452103007,0.07487680187146135,1.254542456218397,0.7737608412780809,,-0.030892327760299636,-0.02567597495840158,0.113675081,-0.0932194237584371,,3.0986965e-05,9.775162e-06,-1.2516975e-05,1.0,-2.7798116e-05,-2.612546e-05,2.7783215e-05,1.0,-3.1888485e-06,2.6132911e-05,3.1888485e-06,1.0,35,0.105,0,0,0.0,False,-0.2559459062012759,0.944408990261846
0.1166509089525789,11:15:45.008250,NaN,0,,0.12218125,-0.002355948,0.023830548,0.8634333,0.29216015,-0.41124848,0.28174764,0.396936,0.87353307,0.41845086,-0.87010586,0.26041225,,0.025323331,0.008953497,0.008875787,-0.80645245,-0.12612268,0.5776913,0.59031206,-0.22814542,0.77426183,0.03414564,0.9654236,0.25844017,,0.07481821,1.3022354,0.43178105,0.9961226,0.07736393,-0.04188801,0.027576484,-0.7267096,-0.68639106,-0.08354233,0.6825745,-0.7260253,,-0.09892513,0.25698522,-0.09036184,-0.8952666,-0.20044838,0.39789215,0.44283718,-0.30229685,0.8441042,-0.048917774,0.9318997,0.35940227,,-0.0113653075,0.4574838,-0.29982454,0.784679,-0.018554317,-0.61962456,0.5199203,0.56402755,0.64152616,0.33758226,-0.82554746,0.45222735,,1.1548806422101558,0.5367067665599807,0.19994625105000002,3.5393565560752864,0.0004099094992963213,-1.1783867227584184,-0.39970292983058153,,-0.1756612819571107,0.30048381340320146,0.19766348436000003,-3.739610452103007,0.07487680187146135,1.2543790987381158,0.7734341531458123,,-0.030892327760299636,-0.02567597495840158,0.113675081,-0.0932194237584371,,4.824996e-05,2.1457672e-06,-4.887581e-06,1.0,-3.392622e-05,-3.1888485e-05,3.3915043e-05,1.0,-3.9041042e-06,3.189221e-05,3.9339066e-06,1.0,42,0.126,0,0,0.0,False,-0.2566012611050077,0.9439744684548308
0.1445899549871683,11:15:45.037113,NaN,0,,0.12212656,-0.002430573,0.024055332,0.85986394,0.30388808,-0.41022667,0.27945018,0.39230436,0.87635887,0.42724875,-0.8681873,0.2524068,,0.025359057,0.008946225,0.008891225,-0.80649436,-0.12628658,0.5775969,0.59027714,-0.22775787,0.7744025,0.033755586,0.9654937,0.25822955,,0.07481821,1.3022354,0.43178105,0.9961226,0.07736393,-0.04188801,0.027576484,-0.7267096,-0.68639106,-0.08354233,0.6825745,-0.7260253,,-0.09889359,0.25708294,-0.09058218,-0.8926005,-0.21237837,0.3976931,0.44719997,-0.30507493,0.84079814,-0.057241134,0.92834514,0.36728564,,-0.011402873,0.45748588,-0.2998369,0.7847799,-0.018407704,-0.6195011,0.51961774,0.5643598,0.6414791,0.33781338,-0.8253237,0.4524632,,1.1555911336345845,0.5366758756284838,0.19972977062000002,3.5336949276012044,-0.008061553486160987,-1.1694368442257261,-0.4001929620289839,,-0.17585435027896631,0.30041430880733344,0.19765570662,-3.7398201420464923,0.07501343837122681,1.2540226446139977,0.7706573040215293,,-0.030892327760299636,-0.02567597495840158,0.113675081,-0.0932194237584371,,4.824996e-05,2.1457672e-06,-4.887581e-06,1.0,-3.392622e-05,-3.1888485e-05,3.3915043e-05,1.0,-3.9041042e-06,3.189221e-05,3.9339066e-06,1.0,54,0.162,0,0,0.0,False,-0.256541683386486,0.9414156178135196
0.17343211686238647,11:15:45.063393,NaN,0,,0.12206927,-0.002456054,0.024283648,0.855199,0.31608635,-0.41076034,0.27837566,0.3883856,0.87844384,0.43719754,-0.86559,0.24415615,,0.025384672,0.008941427,0.008897364,-0.80647504,-0.12652394,0.57757205,0.5903105,-0.22786534,0.7743454,0.033635393,0.9654373,0.25845614,,0.07481821,1.3022354,0.43178105,0.9961226,0.07736393,-0.04188801,0.027576484,-0.7267096,-0.68639106,-0.08354233,0.6825745,-0.7260253,,-0.09885904,0.25721964,-0.0907724,-0.88893586,-0.22483073,0.3990541,0.4532975,-0.30689543,0.83686113,-0.06568423,0.9248061,0.37472555,,-0.011429055,0.457484,-0.29984215,0.78477854,-0.018163227,-0.6195101,0.51955044,0.5642746,0.64160854,0.33792013,-0.82538736,0.4522673,,1.1564638024493719,0.5367762711558488,0.19954569744000003,3.5259363996922772,-0.016533016471618294,-1.1608136806535962,-0.40002961796284986,,-0.17598563673782813,0.3003525269443396,0.19765441033000003,-3.7398201420464923,0.07501343837122681,1.254186002094279,0.7673904226988439,,-0.030892327760299636,-0.02567597495840158,0.113675081,-0.0932194237584371,,4.824996e-05,2.1457672e-06,-4.887581e-06,1.0,-3.392622e-05,-3.1888485e-05,3.3915043e-05,1.0,-3.9041042e-06,3.189221e-05,3.9339066e-06,1.0,62,0.187,0,0,0.0,False,-0.25767366003838577,0.9401603325932535
0.1996650688815862,11:15:45.083240,NaN,0,,0.1220444,-0.0024502426,0.024491176,0.8522476,0.32885376,-0.40685278,0.27297023,0.3839028,0.8821031,0.44627488,-0.8628289,0.23741287,,0.0253959,0.008939043,0.008899152,-0.80667883,-0.12656629,0.5772782,0.590048,-0.2276102,0.7746204,0.033353597,0.9654919,0.25828862,,0.07481821,1.3022354,0.43178105,0.9961226,0.07736393,-0.04188801,0.027576484,-0.7267096,-0.68639106,-0.08354233,0.6825745,-0.7260253,,-0.098854244,0.25736392,-0.09092363,-0.88696074,-0.23787425,0.39587435,0.45550773,-0.30905536,0.8348638,-0.07624551,0.92081517,0.38247353,,-0.011440404,0.4574824,-0.2998441,0.7850258,-0.018132772,-0.61919767,0.5191925,0.5644916,0.64170736,0.33789596,-0.8252396,0.45255485,,1.1572746894011654,0.5368998348818363,0.19940310554000001,3.5223716706530404,-0.02719066345332265,-1.1515513329842915,-0.40051965016125246,,-0.1760396958679477,0.30032163601284273,0.19765441033000003,-3.7402395219334608,0.07501343837122681,1.2539409658738572,0.7672270786327096,,-0.030892327760299636,-0.02567597495840158,0.113675081,-0.0932194237584371,,4.824996e-05,2.1457672e-06,-4.887581e-06,1.0,-3.392622e-05,-3.1888485e-05,3.3915043e-05,1.0,-3.9041042e-06,3.189221e-05,3.9339066e-06,1.0,69,0.208,0,0,0.0,False,-0.2580311263495121,0.9399189315893564
0.2195648499764502,11:15:45.108382,NaN,0,,0.121984355,-0.0024314225,0.024674833,0.84903675,0.33778563,-0.4062479,0.27057177,0.38244456,0.8834744,0.45379227,-0.8600215,0.23331422,,0.025407657,0.008936048,0.008900762,-0.8058164,-0.12614128,0.578574,0.5911763,-0.22781014,0.77370095,0.034209415,0.96550035,0.25814494,,0.07481821,1.3022354,0.43178105,0.9961226,0.07736393,-0.04188801,0.027576484,-0.7267096,-0.68639106,-0.08354233,0.6825745,-0.7260253,,-0.098811924,0.25750378,-0.09105146,-0.8845293,-0.2470574,0.39568996,0.45892102,-0.308736,0.8331108,-0.08366245,0.9185014,0.38646585,,-0.011452227,0.45748013,-0.2998463,0.7840301,-0.018551672,-0.6204455,0.5204738,0.5643119,0.6408269,0.3382364,-0.8253532,0.45209318,,1.1581705264145754,0.5370079531420755,0.19928255057000002,3.5175488019528958,-0.03470567094042187,-1.146403493162675,-0.40117302642578956,,-0.1761014777309415,0.30029074508134584,0.19765441033000003,-3.738562002385585,0.07501343837122681,1.2539409658738572,0.7675537667649781,,-0.030892327760299636,-0.02567597495840158,0.113675081,-0.0932194237584371,,4.824996e-05,2.1457672e-06,-4.887581e-06,1.0,-3.392622e-05,-3.1888485e-05,3.3915043e-05,1.0,-3.9041042e-06,3.189221e-05,3.9339066e-06,1.0,81,0.244,0,0,0.0,False,-0.25761408231986493,0.9401603325932535
0.24471854092553258,11:15:45.148717,NaN,0,,0.12178604,-0.0024442524,0.02511692,0.83936024,0.35764155,-0.4093493,0.26925594,0.38063535,0.8846569,0.47220293,-0.8527657,0.22319299,,0.025428481,0.0089249015,0.008901715,-0.8025763,-0.124183476,0.58348054,0.5953685,-0.22825176,0.7703489,0.03751582,0.9656499,0.25712442,,0.07481821,1.3022354,0.43178105,0.9961226,0.07736393,-0.04188801,0.027576484,-0.7267096,-0.68639106,-0.08354233,0.6825745,-0.7260253,,-0.098657474,0.25780016,-0.0914025,-0.8766984,-0.26754743,0.3997728,0.47075936,-0.3062849,0.82739055,-0.09892185,0.9135688,0.39446995,,-0.01147282,0.4574708,-0.2998532,0.78027576,-0.02050399,-0.6250995,0.5253224,0.56388813,0.63723356,0.33942035,-0.82559663,0.4507594,,1.1603406143522326,0.5370465668064466,0.19894681146,3.501822056191557,-0.05028223191368208,-1.1359888568652188,-0.40084633829352123,,-0.17620959599118063,0.3002135177526036,0.19765311404000002,-3.732271304081049,0.07501343837122681,1.2535325721731545,0.7664103583020381,,-0.030892327760299636,-0.02567597495840158,0.113675081,-0.0932194237584371,,4.824996e-05,2.1457672e-06,-4.887581e-06,1.0,-3.392622e-05,-3.1888485e-05,3.3915043e-05,1.0,-3.9041042e-06,3.189221e-05,3.9339066e-06,1.0,89,0.269,0,0,0.0,False,-0.25820985950507547,0.940305173195592
0.28503814595751464,11:15:45.169486,NaN,0,,0.121669374,-0.0024381876,0.025368169,0.8316695,0.3705713,-0.4135246,0.27013007,0.3806458,0.88438594,0.48513445,-0.84722227,0.21646911,,0.025459334,0.008920655,0.008906901,-0.80200374,-0.12411415,0.5842819,0.5961401,-0.22773597,0.76990473,0.037505955,0.9657805,0.2566346,,0.07481821,1.3022354,0.43178105,0.9961226,0.07736393,-0.04188801,0.027576484,-0.7267096,-0.68639106,-0.08354233,0.6825745,-0.7260253,,-0.09856555,0.25797874,-0.091593385,-0.87028,-0.2809504,0.4045733,0.48045665,-0.30325985,0.82291853,-0.108508445,0.91054946,0.3989055,,-0.011504043,0.45746803,-0.29985693,0.7797018,-0.02059863,-0.62581205,0.5257674,0.56432307,0.63648105,0.34004954,-0.825297,0.45083383,,1.1616303107422281,0.5370465668064466,0.19876662715,3.489240659582485,-0.059983423397028356,-1.1302018329464274,-0.40084633829352134,,-0.1763563279157909,0.300159458622484,0.19765441033000003,-3.731432544307111,0.07542334787052313,1.2530349609817841,0.7667370464343067,,-0.030892327760299636,-0.02567597495840158,0.113675081,-0.0932194237584371,,4.824996e-05,2.1457672e-06,-4.887581e-06,1.0,-3.392622e-05,-3.1888485e-05,3.3915043e-05,1.0,-3.9041042e-06,3.189221e-05,3.9339066e-06,1.0,104,0.315,0,0,0.0,False,-0.25731619372725945,0.9399189315893564
0.3058105958625674,11:15:45.212363,NaN,0,,0.121464044,-0.0023339689,0.025912076,0.8147474,0.4034714,-0.4164101,0.2624162,0.38381925,0.8853364,0.5170341,-0.8305983,0.20683828,,0.025606684,0.008924931,0.008949161,-0.8002365,-0.12440975,0.58663744,0.598426,-0.2290076,0.7677512,0.03882867,0.9654417,0.25771028,,0.07481821,1.3022354,0.43178105,0.9961226,0.07736393,-0.04188801,0.027576484,-0.7267096,-0.68639106,-0.08354233,0.6825745,-0.7260253,,-0.0984121,0.2584304,-0.09194168,-0.85664225,-0.31524837,0.40839022,0.49694428,-0.2915443,0.8173422,-0.13860197,0.90311706,0.40641,,-0.011656138,0.457484,-0.29986832,0.7777268,-0.020239543,-0.62827647,0.5280615,0.5632536,0.6355285,0.34101617,-0.82603616,0.44874516,,1.164619008364553,0.5370002304092013,0.19845681384000002,3.4655456959687343,-0.09058999934448701,-1.1188028933817624,-0.3985595213676413,,-0.17718266033333294,0.2999586675677542,0.19765700291000002,-3.728077505211359,0.07528671137075768,1.2539631662868862,0.7664103583020383,,-0.030892327760299636,-0.02567597495840158,0.113675081,-0.0932194237584371,,4.824996e-05,2.1457672e-06,-4.887581e-06,1.0,-3.392622e-05,-3.1888485e-05,3.3915043e-05,1.0,-3.9041042e-06,3.189221e-05,3.9339066e-06,1.0,112,0.338,0,0,0.0,False,-0.2580311263495121,0.9399189315893564
0.34862940292805433,11:15:45.242219,NaN,0,,0.12128081,-0.0022336394,0.026339442,0.79816437,0.4274695,-0.42450377,0.25818014,0.3939403,0.8821304,0.544313,-0.81368345,0.2040649,,0.025738478,0.008926809,0.008991957,-0.7977761,-0.12458939,0.58994114,0.60157233,-0.23065859,0.7647923,0.040790007,0.9650254,0.25896356,,0.07481821,1.3022354,0.43178105,0.9961226,0.07736393,-0.04188801,0.027576484,-0.7267096,-0.68639106,-0.08354233,0.6825745,-0.7260253,,-0.09826945,0.25880012,-0.0922048,-0.8428406,-0.34060556,0.41666237,0.51290745,-0.27400565,0.8135397,-0.16292831,0.89939356,0.40564224,,-0.011792904,0.45750067,-0.29988325,0.7749595,-0.019978687,-0.6316951,0.5313183,0.56185764,0.634048,0.34225523,-0.82699263,0.44603193,,1.1670671146856821,0.5368921121489622,0.19823125938000002,3.442479802185436,-0.11532120580203174,-1.116932290604196,-0.40345984335166984,,-0.1779317654221327,0.29978876744452126,0.19765441033000003,-3.7234643264546987,0.07528671137075768,1.2552700261291352,0.7654302939052328,,-0.030892327760299636,-0.02567597495840158,0.113675081,-0.0932194237584371,,4.824996e-05,2.1457672e-06,-4.887581e-06,1.0,-3.392622e-05,-3.1888485e-05,3.3915043e-05,1.0,-3.9041042e-06,3.189221e-05,3.9339066e-06,1.0,124,0.375,0,0,0.0,False,-0.25719703829021734,0.9403534533963716
0.3785536689683795,11:15:45.272677,NaN,0,,0.121090055,-0.002147153,0.026767045,0.78504044,0.4499377,-0.42575514,0.25049376,0.39802527,0.8825127,0.566537,-0.7994572,0.1997593,,0.025825366,0.008924827,0.009022713,-0.7975405,-0.1253799,0.5900923,0.60191643,-0.23076364,0.7644899,0.040320203,0.964898,0.25951156,,0.07481821,1.3022354,0.43178105,0.9961226,0.07736393,-0.04188801,0.027576484,-0.7267096,-0.68639106,-0.08354233,0.6825745,-0.7260253,,-0.09811954,0.25916013,-0.09247799,-0.83204776,-0.36427566,0.4183297,0.522749,-0.26266176,0.8110131,-0.18555313,0.8934831,0.40897188,,-0.011883404,0.45751128,-0.29989716,0.7747934,-0.019176766,-0.6319237,0.53118026,0.5617887,0.6342248,0.34284517,-0.8270585,0.44545645,,1.169716012061541,0.536783993888723,0.19797848283000002,3.424656156989252,-0.14005241225957646,-1.1096708909773525,-0.4016630586241927,,-0.17841057486033463,0.29967292645140786,0.19764922517000003,-3.7232546365112142,0.07555998437028857,1.2555372627625856,0.7664103583020381,,-0.030892327760299636,-0.02567597495840158,0.113675081,-0.0932194237584371,,4.824996e-05,2.1457672e-06,-4.887581e-06,1.0,-3.392622e-05,-3.1888485e-05,3.3915043e-05,1.0,-3.9041042e-06,3.189221e-05,3.9339066e-06,1.0,132,0.4,0,0,0.0,False,-0.25731619372725945,0.9404500137979306
0.4089995769318193,11:15:45.301360,NaN,0,,0.12079511,-0.0020665228,0.027243465,0.7711187,0.47136042,-0.42801306,0.24591826,0.39957798,0.88309777,0.5872819,-0.78622943,0.19220582,,0.025971092,0.00892061,0.009101927,-0.797689,-0.12651765,0.5896484,0.60177517,-0.23099604,0.7645309,0.039479792,0.9646938,0.26039818,,0.07481821,1.3022354,0.43178105,0.9961226,0.07736393,-0.04188801,0.027576484,-0.7267096,-0.68639106,-0.08354233,0.6825745,-0.7260253,,-0.09787076,0.25955397,-0.092799686,-0.8202689,-0.38684887,0.42131564,0.53395325,-0.2538088,0.8065203,-0.20506783,0.8865264,0.4147507,,-0.012039379,0.45754868,-0.2999397,0.7750691,-0.018018441,-0.6316195,0.5304908,0.5616195,0.6349512,0.34328902,-0.8271994,0.44485256,,1.1724035231017713,0.5366218164983643,0.19771922483,3.4076712715670054,-0.1587716127274418,-1.099960792500501,-0.40084633829352145,,-0.179283243675122,0.2995107490610492,0.19761681792000002,-3.7236740163981836,0.07555998437028857,1.2557822989830072,0.7662470142359038,,-0.030892327760299636,-0.02567597495840158,0.113675081,-0.0932194237584371,,4.824996e-05,2.1457672e-06,-4.887581e-06,1.0,-3.392622e-05,-3.1888485e-05,3.3915043e-05,1.0,-3.9041042e-06,3.189221e-05,3.9339066e-06,1.0,140,0.424,0,0,0.0,False,-0.25767366003838577,0.9404500137979306
0.43769765784963965,11:15:45.323890,NaN,0,,0.120608866,-0.0020266026,0.027514637,0.76366794,0.48314974,-0.42822596,0.24248168,0.40008125,0.8838199,0.5983425,-0.77878195,0.18837425,,0.026101895,0.008911312,0.009200573,-0.79759127,-0.12780645,0.58950275,0.601948,-0.23153126,0.7642328,0.038814425,0.9643955,0.2616002,,0.07481821,1.3022354,0.43178105,0.9961226,0.07736393,-0.04188801,0.027576484,-0.7267096,-0.68639106,-0.08354233,0.6825745,-0.7260253,,-0.09771098,0.25977466,-0.0929883,-0.8139766,-0.39929304,0.42190903,0.5391886,-0.24908511,0.80450743,-0.21614294,0.88233876,0.4180437,,-0.012183463,0.4575985,-0.3000003,0.77507097,-0.016692877,-0.63165367,0.5301114,0.56119555,0.6356426,0.34387052,-0.8275149,0.44381547,,1.1741334152655976,0.5364441936422571,0.19755589229,3.3982352241102016,-0.17038571520750423,-1.0940024565123494,-0.4010096823596556,,-0.18011729882553823,0.29940263080081003,0.19756237374000002,-3.7236740163981836,0.07569662087005401,1.256405989740576,0.7660836701697696,,-0.030892327760299636,-0.02567597495840158,0.113675081,-0.0932194237584371,,4.824996e-05,2.1457672e-06,-4.887581e-06,1.0,-3.392622e-05,-3.1888485e-05,3.3915043e-05,1.0,-3.9041042e-06,3.189221e-05,3.9339066e-06,1.0,151,0.457,0,0,0.0,False,-0.25761408231986493,0.9404500137979306
0.4602218058425933,11:15:45.355182,NaN,0,,0.120244674,-0.0019453913,0.028152138,0.74629337,0.51166725,-0.42572612,0.22768837,0.40477118,0.8856175,0.6254631,-0.75786334,0.1855773,,0.026195921,0.008898824,0.009303331,-0.7977452,-0.12944952,0.5889357,0.60176367,-0.23328155,0.7638456,0.03850834,0.9637544,0.2639973,,0.07481821,1.3022354,0.43178105,0.9961226,0.07736393,-0.04188801,0.027576484,-0.7267096,-0.68639106,-0.08354233,0.6825745,-0.7260253,,-0.09740884,0.26028022,-0.093434125,-0.79953843,-0.4296204,0.4197197,0.54725325,-0.23314197,0.80384,-0.24749176,0.8723939,0.42151713,,-0.012291792,0.45765364,-0.30006948,0.7752717,-0.014950307,-0.63145095,0.52978253,0.55974424,0.6371945,0.3439248,-0.82853055,0.4418743,,1.1778866634424707,0.5359731069369295,0.19718644964,3.379572819140079,-0.20331511165097538,-1.0838132047101867,-0.4016630586241927,,-0.18078917658559576,0.29934857167069046,0.19749367037,-3.723883706341668,0.07542334787052313,1.2583440790909206,0.7655936379713667,,-0.030892327760299636,-0.02567597495840158,0.113675081,-0.0932194237584371,,4.824996e-05,2.1457672e-06,-4.887581e-06,1.0,-3.392622e-05,-3.1888485e-05,3.3915043e-05,1.0,-3.9041042e-06,3.189221e-05,3.9339066e-06,1.0,159,0.482,0,0,0.0,False,-0.25761408231986493,0.9399189315893564
0.4915028898976743,11:15:45.383300,NaN,0,,0.12006634,-0.0018979907,0.028440714,0.7372151,0.52449244,-0.42593613,0.22214597,0.40719873,0.8859121,0.6380949,-0.74772775,0.18367907,,0.026241131,0.008880541,0.009373128,-0.79727715,-0.12975362,0.5895023,0.6023966,-0.23301509,0.7634279,0.038305342,0.9637779,0.26394078,,0.07481821,1.3022354,0.43178105,0.9961226,0.07736393,-0.04188801,0.027576484,-0.7267096,-0.68639106,-0.08354233,0.6825745,-0.7260253,,-0.097258486,0.26051766,-0.093629904,-0.7918113,-0.44332477,0.42011672,0.55206203,-0.22524929,0.8028015,-0.26127082,0.86759776,0.4230977,,-0.01234682,0.45768672,-0.30012545,0.77483195,-0.014656573,-0.63199735,0.5300059,0.5599777,0.6368035,0.34457108,-0.828378,0.44165668,,1.1796397238049197,0.5357568704164511,0.19702830226,3.369298011909337,-0.21779858062611207,-1.0790272785704542,-0.4023164348887296,,-0.18112897683206164,0.299333126204942,0.19743792990000003,-3.7232546365112142,0.07583325736981945,1.2580915041199718,0.7657569820375011,,-0.030892327760299636,-0.02567597495840158,0.113675081,-0.0932194237584371,,4.824996e-05,2.1457672e-06,-4.887581e-06,1.0,-3.392622e-05,-3.1888485e-05,3.3915043e-05,1.0,-3.9041042e-06,3.189221e-05,3.9339066e-06,1.0,167,0.506,0,0,0.0,False,-0.25731619372725945,0.9395809701839002
0.5196288670413196,11:15:45.405766,NaN,0,,0.11978228,-0.0018236786,0.02879712,0.72305,0.54158306,-0.42881972,0.21930492,0.40868685,0.8859347,0.6550603,-0.73461735,0.17672923,,0.02628626,0.00886026,0.0094637275,-0.7968832,-0.12998682,0.5899833,0.6029445,-0.23235488,0.7631967,0.037880003,0.96390593,0.2635346,,0.07481821,1.3022354,0.43178105,0.9961226,0.07736393,-0.04188801,0.027576484,-0.7267096,-0.68639106,-0.08354233,0.6825745,-0.7260253,,-0.09700905,0.26082602,-0.093866415,-0.77939785,-0.46157637,0.42365816,0.56204116,-0.21629265,0.7983278,-0.2768551,0.86032826,0.42800292,,-0.012404874,0.4577336,-0.30019677,0.7745002,-0.014453552,-0.6324085,0.53001875,0.5605444,0.63629407,0.34529635,-0.8279982,0.4418024,,1.182056939194552,0.5353784565056141,0.19683774763000003,3.3512646767696683,-0.23419496059796494,-1.0697410671339118,-0.3990495535660441,,-0.18150739074289865,0.29935629440356465,0.19736404137000002,-3.7228352566242453,0.07637980336888121,1.2574007962847644,0.7652669498390984,,-0.030892327760299636,-0.02567597495840158,0.113675081,-0.0932194237584371,,4.824996e-05,2.1457672e-06,-4.887581e-06,1.0,-3.392622e-05,-3.1888485e-05,3.3915043e-05,1.0,-3.9041042e-06,3.189221e-05,3.9339066e-06,1.0,175,0.531,0,0,0.0,False,-0.257435349164302,0.9373600809480447
0.542105016997084,11:15:45.434004,NaN,0,,0.119614236,-0.0017823577,0.029048175,0.7148497,0.55476385,-0.42570746,0.21426019,0.40573442,0.8885225,0.6656442,-0.72637224,0.1711753,,0.026310056,0.008836016,0.009537876,-0.7968195,-0.13007407,0.59005016,0.6030717,-0.23131716,0.76341134,0.037188724,0.96414363,0.26276204,,0.07481821,1.3022354,0.43178105,0.9961226,0.07736393,-0.04188801,0.027576484,-0.7267096,-0.68639106,-0.08354233,0.6825745,-0.7260253,,-0.096865416,0.26103336,-0.09403775,-0.7723389,-0.47553685,0.42113814,0.5658044,-0.21367458,0.7963721,-0.28871775,0.853351,0.43409005,,-0.012439301,0.45776832,-0.30026197,0.77454025,-0.014416065,-0.63236034,0.52959365,0.56142837,0.6358685,0.34585834,-0.82739973,0.44248354,,1.1836169312351452,0.5351467745193874,0.19670293347,3.3422480091998334,-0.24676551857638546,-1.0597356562142628,-0.40133637049192417,,-0.1817390727291254,0.2993717398693131,0.19729663429000002,-3.7230449465677298,0.07692634936794297,1.2563833734889949,0.7637968532438897,,-0.030892327760299636,-0.02567597495840158,0.113675081,-0.0932194237584371,,4.824996e-05,2.1457672e-06,-4.887581e-06,1.0,-3.392622e-05,-3.1888485e-05,3.3915043e-05,1.0,-3.9041042e-06,3.189221e-05,3.9339066e-06,1.0,194,0.589,0,0,0.0,False,-0.25779281547542787,0.9354771531176462
0.5703258670400828,11:15:45.483022,NaN,0,,0.119283244,-0.0016985983,0.029556304,0.69731444,0.5781242,-0.42370352,0.2059846,0.4045636,0.8910099,0.6865295,-0.70859057,0.16302332,,0.026313446,0.008801162,0.009608865,-0.79621345,-0.13032804,0.5908118,0.6038753,-0.23112133,0.76283514,0.037130386,0.9641564,0.2627238,,0.07481821,1.3022354,0.43178105,0.9961226,0.07736393,-0.04188801,0.027576484,-0.7267096,-0.68639106,-0.08354233,0.6825745,-0.7260253,,-0.09658377,0.26145262,-0.0943837,-0.7570358,-0.50052124,0.4199705,0.57454836,-0.20390294,0.792665,-0.31111243,0.84136915,0.4419355,,-0.01245297,0.4577961,-0.30033487,0.7739401,-0.014169359,-0.63310033,0.53002095,0.56160027,0.6353605,0.34654665,-0.8272874,0.442155,,1.1866596879875897,0.5347838060742989,0.19643200886,3.322327464568804,-0.2704036330358066,-1.0446259746219506,-0.4010096823596556,,-0.18185491372223875,0.29937946260218734,0.19722144947000003,-3.7222061867937914,0.07747289536700473,1.256346095574912,0.7613466922518753,,-0.030892327760299636,-0.02567597495840158,0.113675081,-0.0932194237584371,,4.824996e-05,2.1457672e-06,-4.887581e-06,1.0,-3.392622e-05,-3.1888485e-05,3.3915043e-05,1.0,-3.9041042e-06,3.189221e-05,3.9339066e-06,1.0,198,0.601,0,0,0.0,False,-0.25642252794944387,0.9337390658895859
0.6193526599090546,11:15:45.509965,NaN,0,,0.11915814,-0.0016441345,0.029814273,0.6860271,0.58950925,-0.42643344,0.20147246,0.40926427,0.8898941,0.6991248,-0.6964061,0.16199648,,0.026309729,0.00878346,0.009642661,-0.7959813,-0.13034822,0.59112006,0.60419536,-0.2306157,0.7627348,0.03690049,0.96427476,0.26232162,,0.07481821,1.3022354,0.43178105,0.9961226,0.07736393,-0.04188801,0.027576484,-0.7267096,-0.68639106,-0.08354233,0.6825745,-0.7260253,,-0.09648333,0.26167202,-0.094547786,-0.74709046,-0.5129544,0.42276892,0.5802147,-0.19287789,0.7912958,-0.32435593,0.8364663,0.44172093,,-0.012454192,0.4578092,-0.3003709,0.7737415,-0.014173548,-0.6333429,0.53004175,0.5620301,0.634963,0.34695807,-0.8269954,0.44237852,,1.1879957207748306,0.5346834105469339,0.19631404647000003,3.309746067959732,-0.28420391951211615,-1.0416223191028087,-0.3998662738967156,,-0.18187808192086144,0.2993949080679358,0.19718385706000002,-3.7219964968503074,0.07788280486630106,1.255930163123682,0.7605299719212042,,-0.030892327760299636,-0.02567597495840158,0.113675081,-0.0932194237584371,,4.824996e-05,2.1457672e-06,-4.887581e-06,1.0,-3.392622e-05,-3.1888485e-05,3.3915043e-05,1.0,-3.9041042e-06,3.189221e-05,3.9339066e-06,1.0,210,0.637,0,0,0.0,False,-0.25683957197909146,0.9331114232794526
0.646306024864316,11:15:45.534527,NaN,0,,0.11908983,-0.0016155988,0.029947788,0.6799359,0.59581923,-0.4274184,0.19996107,0.41014057,0.88983154,0.7054804,-0.6904955,0.15972865,,0.026307866,0.0087751,0.009658992,-0.79608977,-0.13047215,0.59094673,0.60406,-0.23065573,0.7628299,0.036777183,0.9642483,0.26243567,,0.07481821,1.3022354,0.43178105,0.9961226,0.07736393,-0.04188801,0.027576484,-0.7267096,-0.68639106,-0.08354233,0.6825745,-0.7260253,,-0.09642779,0.26178604,-0.0946328,-0.74166626,-0.51979125,0.4239672,0.5836629,-0.18861338,0.7897864,-0.33055815,0.8332119,0.44327107,,-0.01245471,0.45781565,-0.30038813,0.773869,-0.01404657,-0.63319,0.5298736,0.5619987,0.635131,0.34693056,-0.8270188,0.4423563,,1.1886830440006366,0.534652519615437,0.19625182455,3.3026166098812584,-0.29062583500109185,-1.0381826099121692,-0.40051965016125246,,-0.18189352738660988,0.2993949080679358,0.19716570900000002,-3.7222061867937914,0.07788280486630106,1.2560118418638226,0.7593865634582642,,-0.030892327760299636,-0.02567597495840158,0.113675081,-0.0932194237584371,,4.824996e-05,2.1457672e-06,-4.887581e-06,1.0,-3.392622e-05,-3.1888485e-05,3.3915043e-05,1.0,-3.9041042e-06,3.189221e-05,3.9339066e-06,1.0,218,0.662,0,0,0.0,False,-0.2575545046013441,0.9320492588623046
0.6708010898437351,11:15:45.560571,NaN,0,,0.11903587,-0.0015788823,0.03016147,0.667475,0.6098609,-0.42725486,0.19692892,0.40877604,0.89113474,0.71811986,-0.67894894,0.1527485,,0.026315898,0.008762553,0.0096747875,-0.79408705,-0.12966269,0.59381235,0.60662115,-0.2299909,0.760996,0.03789863,0.9645163,0.26128894,,0.07481821,1.3022354,0.43178105,0.9961226,0.07736393,-0.04188801,0.027576484,-0.7267096,-0.68639106,-0.08354233,0.6825745,-0.7260253,,-0.09639415,0.26195893,-0.09477024,-0.7305339,-0.5349024,0.4244993,0.59051937,-0.18265674,0.786081,-0.342939,0.8249339,0.44930717,,-0.01246489,0.45781776,-0.3004072,0.77168834,-0.014895377,-0.6358264,0.5321788,0.5625456,0.6327149,0.34825683,-0.8266321,0.44203687,,1.189455317288059,0.5346447968825628,0.19615849167000002,3.2885673836677953,-0.3033330294792778,-1.0281474598289644,-0.4011730264257898,,-0.1819398637838552,0.2993949080679358,0.19714885723000003,-3.7188511476980395,0.0787026238648937,1.255179976961363,0.7590598753259956,,-0.030892327760299636,-0.02567597495840158,0.113675081,-0.0932194237584371,,4.824996e-05,2.1457672e-06,-4.887581e-06,1.0,-3.392622e-05,-3.1888485e-05,3.3915043e-05,1.0,-3.9041042e-06,3.189221e-05,3.9339066e-06,1.0,226,0.687,0,0,0.0,False,-0.25719703829021734,0.9306974132404799
0.6968691439833492,11:15:45.583197,NaN,0,,0.11900452,-0.0015672147,0.030282468,0.66152513,0.61682427,-0.42651168,0.19499198,0.4076997,0.89205325,0.72412884,-0.673282,0.1494278,,0.0263208,0.00876154,0.00968653,-0.79441565,-0.13003303,0.5932917,0.60621345,-0.23011705,0.7612827,0.03753461,0.9644364,0.26163638,,0.07481821,1.3022354,0.43178105,0.9961226,0.07736393,-0.04188801,0.027576484,-0.7267096,-0.68639106,-0.08354233,0.6825745,-0.7260253,,-0.09637446,0.2620501,-0.094854295,-0.7252236,-0.5423967,0.42409495,0.5934127,-0.1800389,0.78450453,-0.3491591,0.8206045,0.4524336,,-0.012471501,0.45782503,-0.30041537,0.7720732,-0.0145156635,-0.6353678,0.53167796,0.5624466,0.6332238,0.34816882,-0.8267062,0.4419676,,1.1898800675961414,0.534652519615437,0.19609756604000003,3.282066995419775,-0.30975494496825345,-1.0228291396150921,-0.40133637049192417,,-0.18198620018110057,0.29940263080081003,0.19713978320000003,-3.7194802175284933,0.0787026238648937,1.2554250131817848,0.7575897787307871,,-0.030892327760299636,-0.02567597495840158,0.113675081,-0.0932194237584371,,4.824996e-05,2.1457672e-06,-4.887581e-06,1.0,-3.392622e-05,-3.1888485e-05,3.3915043e-05,1.0,-3.9041042e-06,3.189221e-05,3.9339066e-06,1.0,230,0.699,0,0,0.0,False,-0.25767366003838577,0.929586968622552
0.7195339298341423,11:15:45.606217,NaN,0,,0.11898361,-0.0015500337,0.030376047,0.65586996,0.6227585,-0.42662197,0.19360517,0.40747964,0.8924558,0.7296242,-0.66793114,0.14668435,,0.026337668,0.008760273,0.009703338,-0.79462814,-0.13041207,0.5929239,0.60595345,-0.23027566,0.7614417,0.037234724,0.96434736,0.2620072,,0.07481821,1.3022354,0.43178105,0.9961226,0.07736393,-0.04188801,0.027576484,-0.7267096,-0.68639106,-0.08354233,0.6825745,-0.7260253,,-0.09636242,0.26212648,-0.09491352,-0.7201483,-0.5488228,0.42447603,0.59635556,-0.1769421,0.7829761,-0.35460746,0.8169975,0.4547181,,-0.012490694,0.45783436,-0.30042592,0.7723318,-0.014125591,-0.63506234,0.5313096,0.5623201,0.6336452,0.3481577,-0.826799,0.44180274,,1.1901966996439846,0.5346602423483112,0.19605867734000001,3.27577629711524,-0.3153570414586365,-1.018751078004382,-0.40133637049192417,,-0.18210204117421394,0.2993949080679358,0.19712941288000002,-3.719899597415462,0.0787026238648937,1.2556700494022064,0.7567730584001159,,-0.030892327760299636,-0.02567597495840158,0.113675081,-0.0932194237584371,,4.824996e-05,2.1457672e-06,-4.887581e-06,1.0,-3.392622e-05,-3.1888485e-05,3.3915043e-05,1.0,-3.9041042e-06,3.189221e-05,3.9339066e-06,1.0,241,0.733,0,0,0.0,False,-0.2566608388235285,0.9278488813944916
0.7425559589173645,11:15:45.633626,NaN,0,,0.11895942,-0.0015090704,0.030537516,0.645137,0.6336398,-0.42696455,0.18936382,0.40877613,0.8927729,0.74022937,-0.6568125,0.14372808,,0.026355468,0.0087631345,0.00971669,-0.7945832,-0.13099131,0.5928563,0.60602295,-0.23071125,0.76125455,0.037060916,0.96416473,0.26270306,,0.07481821,1.3022354,0.43178105,0.9961226,0.07736393,-0.04188801,0.027576484,-0.7267096,-0.68639106,-0.08354233,0.6825745,-0.7260253,,-0.09635329,0.26226604,-0.0950072,-0.7105582,-0.5607055,0.42510757,0.60086364,-0.16912875,0.78125435,-0.36615568,0.8105584,0.45708334,,-0.0125103425,0.45784387,-0.3004311,0.7723128,-0.013520091,-0.6350985,0.53122455,0.56196254,0.63403356,0.34832937,-0.8270522,0.4411931,,1.1907218454794317,0.5346370741496885,0.19600812203,3.2646627301105595,-0.3273810534379953,-1.0130302394861253,-0.40198974675646126,,-0.18222560490020154,0.29940263080081003,0.19712422772000002,-3.719899597415462,0.07883926036465913,1.2562937401597751,0.75464958554037,,-0.030892327760299636,-0.02567597495840158,0.113675081,-0.0932194237584371,,4.824996e-05,2.1457672e-06,-4.887581e-06,1.0,-3.392622e-05,-3.1888485e-05,3.3915043e-05,1.0,-3.9041042e-06,3.189221e-05,3.9339066e-06,1.0,249,0.756,0,0,0.0,False,-0.2564821056679656,0.9274143595874764
0.7699473488610238,11:15:45.655858,NaN,0,,0.11895936,-0.0014680177,0.030658811,0.63545716,0.64303225,-0.42743856,0.1851027,0.41057122,0.8928427,0.7496207,-0.6464833,0.14187333,,0.026376188,0.0087659955,0.009730697,-0.79461795,-0.1314743,0.5927028,0.60597557,-0.23140416,0.76108193,0.037091225,0.9639329,0.2635482,,0.07481821,1.3022354,0.43178105,0.9961226,0.07736393,-0.04188801,0.027576484,-0.7267096,-0.68639106,-0.08354233,0.6825745,-0.7260253,,-0.096364304,0.26237756,-0.095069185,-0.7018991,-0.5710223,0.42575952,0.6044901,-0.16139378,0.7800921,-0.37673506,0.8049134,0.4584595,,-0.012532982,0.45785356,-0.30043644,0.77234316,-0.012999091,-0.6350725,0.5312188,0.56138396,0.63455075,0.34827092,-0.8274534,0.4404864,,1.191038477527275,0.534613905951066,0.1959860851,3.2550169927102712,-0.338448609918996,-1.0087427562148676,-0.4018264026903271,,-0.18235689135906336,0.2993949080679358,0.19711904256,-3.719899597415462,0.0787026238648937,1.257058587984596,0.7533428330112958,,-0.030892327760299636,-0.02567597495840158,0.113675081,-0.0932194237584371,,4.824996e-05,2.1457672e-06,-4.887581e-06,1.0,-3.392622e-05,-3.1888485e-05,3.3915043e-05,1.0,-3.9041042e-06,3.189221e-05,3.9339066e-06,1.0,257,0.781,0,0,0.0,False,-0.2568991496976123,0.926545315973446
0.792176789836958,11:15:45.684986,NaN,0,,0.11894922,-0.0014028102,0.030816793,0.6208906,0.6566619,-0.42812368,0.18027449,0.41189802,0.8932195,0.7628865,-0.6317714,0.13736415,,0.026418403,0.008773014,0.0097536445,-0.79431736,-0.13175474,0.5930433,0.6063514,-0.23201993,0.76059496,0.037385836,0.96374655,0.2641872,,0.07481821,1.3022354,0.43178105,0.9961226,0.07736393,-0.04188801,0.027576484,-0.7267096,-0.68639106,-0.08354233,0.6825745,-0.7260253,,-0.09636845,0.26253206,-0.09514287,-0.68876016,-0.58598673,0.4268829,0.61054397,-0.15130302,0.7773953,-0.39095467,0.7960697,0.46198213,,-0.012578258,0.45786992,-0.30044267,0.77199686,-0.012686128,-0.6354997,0.53165096,0.5608663,0.63464653,0.34837916,-0.82780915,0.43973163,,1.1914709505682315,0.5345598468209464,0.19596793704,3.239919316779386,-0.353341988393429,-1.0007638204591263,-0.40247977895486375,,-0.1826271870096612,0.29937946260218734,0.1971138574,-3.719270527585009,0.07856598736512826,1.2575783995889953,0.7531794889451617,,-0.030892327760299636,-0.02567597495840158,0.113675081,-0.0932194237584371,,4.824996e-05,2.1457672e-06,-4.887581e-06,1.0,-3.392622e-05,-3.1888485e-05,3.3915043e-05,1.0,-3.9041042e-06,3.189221e-05,3.9339066e-06,1.0,265,0.805,0,0,0.0,False,-0.25767366003838577,0.9263039149695493
0.8213228308595717,11:15:45.706528,NaN,0,,0.11892191,-0.0013550669,0.030921817,0.6100448,0.6655256,-0.4300242,0.17882028,0.41307217,0.89296955,0.7719252,-0.62164855,0.132983,,0.026449509,0.008777082,0.009771705,-0.7929515,-0.13129771,0.5949694,0.6080649,-0.23229393,0.75914204,0.038534164,0.963743,0.26403525,,0.07481821,1.3022354,0.43178105,0.9961226,0.07736393,-0.04188801,0.027576484,-0.7267096,-0.68639106,-0.08354233,0.6825745,-0.7260253,,-0.09635066,0.2626391,-0.09519059,-0.6788625,-0.5957672,0.42919356,0.6160798,-0.1441387,0.7743834,-0.3994889,0.7901174,0.4648905,,-0.012611795,0.45788214,-0.30044886,0.770452,-0.013133962,-0.63736266,0.53347987,0.560624,0.6333245,0.34900278,-0.82796633,0.4389406,,1.1918107508146976,0.534513510423701,0.19595497414000002,3.2277573000572835,-0.36222336087818263,-0.9949101953012485,-0.40002961796284997,,-0.18282797806439105,0.29937946260218734,0.19710867224000003,-3.716754248263194,0.0787026238648937,1.2575486604254391,0.7526894567467586,,-0.030892327760299636,-0.02567597495840158,0.113675081,-0.0932194237584371,,4.824996e-05,2.1457672e-06,-4.887581e-06,1.0,-3.392622e-05,-3.1888485e-05,3.3915043e-05,1.0,-3.9041042e-06,3.189221e-05,3.9339066e-06,1.0,273,0.83,0,0,0.0,False,-0.25624379479388093,0.9256279921586366
0.8428635888267308,11:15:45.736012,NaN,0,,0.11888078,-0.0012876838,0.031068206,0.5930608,0.67944115,-0.43201688,0.17747036,0.4130555,0.8932465,0.7853554,-0.60641974,0.12438634,,0.026498944,0.00878644,0.009796917,-0.79333484,-0.1318146,0.5943438,0.60761154,-0.23203912,0.75958276,0.037786886,0.9637338,0.2641768,,0.07481821,1.3022354,0.43178105,0.9961226,0.07736393,-0.04188801,0.027576484,-0.7267096,-0.68639106,-0.08354233,0.6825745,-0.7260253,,-0.096322805,0.2627891,-0.09525681,-0.66327864,-0.6110872,0.4320115,0.62495315,-0.13471472,0.7689509,-0.41169775,0.78001565,0.47125426,,-0.012664581,0.45790088,-0.3004542,0.77094954,-0.0126248,-0.6367711,0.5326758,0.5608512,0.63379997,0.34913224,-0.82782036,0.4391129,,1.1922355011227799,0.5344285603620845,0.19593941866000003,3.2084658252567073,-0.3749305553563686,-0.983649864115935,-0.4018264026903271,,-0.1831291646464858,0.2993717398693131,0.19710478337,-3.717593008037132,0.07883926036465913,1.2573555637816023,0.7525261126806244,,-0.030892327760299636,-0.02567597495840158,0.113675081,-0.0932194237584371,,4.824996e-05,2.1457672e-06,-4.887581e-06,1.0,-3.392622e-05,-3.1888485e-05,3.3915043e-05,1.0,-3.9041042e-06,3.189221e-05,3.9339066e-06,1.0,288,0.875,0,0,0.0,False,-0.25731619372725945,0.9258211129617546
0.872334019979462,11:15:45.774985,NaN,0,,0.11883017,-0.0011834651,0.031289637,0.56807774,0.7005984,-0.43179792,0.17336181,0.4110335,0.89498436,0.8045081,-0.583278,0.11204195,,0.02656433,0.008795753,0.0098282695,-0.7934617,-0.13227612,0.59407187,0.6074617,-0.23231578,0.7596181,0.037532926,0.96360385,0.26468638,,0.07481821,1.3022354,0.43178105,0.9961226,0.07736393,-0.04188801,0.027576484,-0.7267096,-0.68639106,-0.08354233,0.6825745,-0.7260253,,-0.09629219,0.2630171,-0.09535449,-0.64033043,-0.6344102,0.4330134,0.63602746,-0.12187649,0.76198107,-0.43063444,0.7633281,0.48154354,,-0.0127340695,0.45792213,-0.3004622,0.7711151,-0.012145563,-0.6365799,0.5324049,0.5606252,0.6342274,0.34917966,-0.8279806,0.43877295,,1.1928224288212208,0.5343281648347196,0.19592386318000002,3.181206132603719,-0.3948794843221229,-0.9648508092319003,-0.4010096823596556,,-0.18353074675594547,0.299333126204942,0.19709959821000003,-3.7178026979806167,0.0787026238648937,1.2575486604254393,0.751709392349953,,-0.030892327760299636,-0.02567597495840158,0.113675081,-0.0932194237584371,,4.824996e-05,2.1457672e-06,-4.887581e-06,1.0,-3.392622e-05,-3.1888485e-05,3.3915043e-05,1.0,-3.9041042e-06,3.189221e-05,3.9339066e-06,1.0,296,0.9,0,0,0.0,False,-0.2571374605716965,0.9259659535640927
0.9113221808802336,11:15:45.804449,NaN,0,,0.118788786,-0.0010929853,0.031470865,0.5473031,0.716702,-0.4322007,0.16919994,0.41099507,0.89579827,0.8196528,-0.56340146,0.10367286,,0.026615605,0.008796573,0.009853065,-0.7940377,-0.13293529,0.59315425,0.606723,-0.23319289,0.75993955,0.037296593,0.9633013,0.2658189,,0.07481821,1.3022354,0.43178105,0.9961226,0.07736393,-0.04188801,0.027576484,-0.7267096,-0.68639106,-0.08354233,0.6825745,-0.7260253,,-0.09626708,0.26320753,-0.095430985,-0.62118405,-0.65235716,0.4342355,0.6441608,-0.10947954,0.75701463,-0.44630402,0.74996287,0.48822987,,-0.0127885,0.45793456,-0.3004734,0.7717294,-0.01143746,-0.63584816,0.5318033,0.5598919,0.6353789,0.3487391,-0.82848674,0.43816748,,1.1932780700608001,0.5342586602388516,0.19591867802000001,3.1589789985943595,-0.4115491372935066,-0.9510127887605151,-0.40149971455805833,,-0.18384737880378868,0.29925589887619974,0.19709182047,-3.718641457754555,0.07815607786583194,1.2584027257409278,0.7518727364160872,,-0.030892327760299636,-0.02567597495840158,0.113675081,-0.0932194237584371,,4.824996e-05,2.1457672e-06,-4.887581e-06,1.0,-3.392622e-05,-3.1888485e-05,3.3915043e-05,1.0,-3.9041042e-06,3.189221e-05,3.9339066e-06,1.0,304,0.924,0,0,0.0,False,-0.25683957197909146,0.9252900307531804
