Task Time,PC1 Time,PC2 Time,Gaze Calib,s_T_psm1,Tx,Ty,Tz,R00,R01,R02,R10,R11,R12,R20,R21,R22,s_T_psm3,Tx,Ty,Tz,R00,R01,R02,R10,R11,R12,R20,R21,R22,cart_T_ecm,Tx,Ty,Tz,R00,R01,R02,R10,R11,R12,R20,R21,R22,ecm_T_psm1,Tx,Ty,Tz,R00,R01,R02,R10,R11,R12,R20,R21,R22,ecm_T_psm3,Tx,Ty,Tz,R00,R01,R02,R10,R11,R12,R20,R21,R22,psm1_joints,q1,q2,q3,q4,q5,q6,jaw,psm3_joints,q1,q2,q3,q4,q5,q6,jaw,ecm_joints,q1,q2,q3,q4,ecmi_T_ecm,Tx,Ty,Tz,R00,R01,R02,R10,R11,R12,R20,R21,R22,Sample #,Task Duration (s),Collisions (binary),Collisions (increments),Cumulative Collision Time (s),Clutch Press,MTMR Angle,MTML Angle
""
lci_T_si,,,,,-0.053492907,0.03067575,0.21583572,0.9922148,0.027492212,0.12146585,0.10393389,-0.72013074,-0.6860098,0.06861137,0.6932935,-0.7173818
rci_T_si,,,,,-0.06295502,0.034948092,0.22635663,0.9921467,0.010968016,0.12459805,0.0950465,-0.7136615,-0.6940126,0.08130889,0.7004049,-0.70909935
ecm_T_lc,,,,,-4.4061628e-05,-0.00034663224,-0.01840835,-0.99912,0.030754527,0.028518902,-0.031987965,-0.99852574,-0.043852776,0.027128186,-0.04472645,0.9986309
ecm_T_rc,,,,,-0.0043358393,0.01870579,-0.007592615,-0.99555075,-0.052743673,-0.078081585,0.04863213,-0.9973746,0.053654674,-0.08070653,0.04961868,0.9955021
cart_T_ecmi,,,,,0.07476978,1.3022323,0.43178007,0.9961213,0.07739788,-0.04185594,0.027623024,-0.72670597,-0.686393,-0.08354233,0.6825745,-0.7260253
ecmac_T_ecmrep_psm1,,,,,0.012989772,-0.26409563,-0.29155013,0.99659246,0.08125139,0.014199966,-0.079952136,0.9939098,-0.07583538,-0.020275215,0.07444165,0.99701923
ecmac_T_ecmrep_psm3,,,,,0.016264312,-0.47033283,-0.5183238,0.99978954,0.020288749,-0.0030332562,-0.020227978,0.99961716,0.018877296,0.0034150917,-0.018811967,0.9998172
""
0,11:14:43.699294,NaN,0,,0.11788231,-0.00045226514,0.03293994,-0.5095993,0.79552716,-0.32778794,0.0011012256,0.3815691,0.92433965,0.86041105,0.47068194,-0.19532353,,0.023713365,0.008771099,0.01326102,-0.76119584,-0.31000292,0.5696305,0.64413315,-0.25938585,0.7195912,-0.07532129,0.91466784,0.39712656,,0.07484063,1.3022313,0.43178564,0.99612314,0.07735031,-0.04190087,0.027557818,-0.72671103,-0.6863903,-0.08354233,0.6825745,-0.7260253,,-0.095516235,0.264706,-0.0961576,0.42405573,-0.83115077,0.3596737,0.6027523,0.55543256,0.5728737,-0.67591894,-0.026136223,0.7365124,,-0.010454479,0.4607382,-0.30304003,0.7558535,0.17125452,-0.63194734,0.471114,0.5280176,0.7065756,0.45468354,-0.8317869,0.3184235,,1.1684340384044198,0.5478892837618579,0.19673922959,1.8618370081990918,-0.710099889280994,-0.04425162050232834,-0.409503573798638,,-0.17305872097849703,0.31800669429481687,0.19374091082000003,-3.74296549119876,0.22094122012071718,1.392806427349834,0.8059396223065338,,-0.030892327760299636,-0.02567597495840158,0.113675081,-0.0932194237584371,,7.008761e-05,1.001358e-05,-6.4373016e-06,1.0,-4.7534704e-05,-4.467368e-05,4.7519803e-05,1.0,-5.453825e-06,4.4684857e-05,5.4836273e-06,1.0,47,0.143,0,1,0.045,False,-0.25677999426057063,0.9809571022518961
0.12998343911021948,11:14:43.758764,NaN,0,,0.11721161,-0.00045324862,0.032814503,-0.5129603,0.7941926,-0.3257754,0.0034600198,0.38141912,0.9243957,0.8584053,0.47305113,-0.19840086,,0.023780398,0.008753531,0.013369143,-0.7612652,-0.3108899,0.5690542,0.6439407,-0.2592424,0.7198152,-0.07626033,0.9144073,0.39754686,,0.07484063,1.3022313,0.43178564,0.99612314,0.07735031,-0.04190087,0.027557818,-0.72671103,-0.6863903,-0.08354233,0.6825745,-0.7260253,,-0.09483666,0.26465705,-0.09612089,0.42763153,-0.83005387,0.35796902,0.6033411,0.55697507,0.5707524,-0.67313504,-0.02809429,0.7389857,,-0.010536881,0.46079707,-0.30311906,0.75606644,0.17216887,-0.6314439,0.47030866,0.52803105,0.7071018,0.4551629,-0.83158946,0.31825408,,1.171569467951355,0.5455492957009678,0.19673145185000002,1.85386879034668,-0.7046344292903765,-0.0376817067312093,-0.4099936059970409,,-0.17359158954681853,0.3180298624934395,0.19365924455000003,-3.743594561029213,0.22135112962001352,1.3927172098591667,0.8074097189017424,,-0.030892327760299636,-0.02567597495840158,0.113675081,-0.0932194237584371,,7.008761e-05,1.001358e-05,-6.4373016e-06,1.0,-4.7534704e-05,-4.467368e-05,4.7519803e-05,1.0,-5.453825e-06,4.4684857e-05,5.4836273e-06,1.0,55,0.167,0,1,0.045,False,-0.25719703829021734,0.9832262716885307
0.18943776609376073,11:14:43.779212,NaN,0,,0.1170927,-0.000451684,0.032800645,-0.5127958,0.7940232,-0.32644677,0.003175199,0.38199934,0.9241571,0.85850465,0.4728674,-0.19840884,,0.023802325,0.008744784,0.013409615,-0.76108027,-0.3110849,0.56919485,0.6441484,-0.25917688,0.71965283,-0.07635102,0.91435957,0.39763921,,0.07484063,1.3022313,0.43178564,0.99612314,0.07735031,-0.04190087,0.027557818,-0.72671103,-0.6863903,-0.08354233,0.6825745,-0.7260253,,-0.094716944,0.26465526,-0.0961194,0.4274537,-0.82985836,0.35863414,0.6031874,0.55729187,0.5706056,-0.6733857,-0.027583878,0.73877656,,-0.010564561,0.460818,-0.3031505,0.75589484,0.17236802,-0.631595,0.47036073,0.5280639,0.70704263,0.45539406,-0.83152735,0.31808564,,1.172117781985425,0.5451322681257597,0.19673145185000002,1.8532397205162263,-0.7046344292903765,-0.0376817067312093,-0.4099936059970409,,-0.17377693513579992,0.31803758522631376,0.19362683730000002,-3.7433848710857287,0.22148776611977897,1.3926874706956107,0.8075730629678766,,-0.030892327760299636,-0.02567597495840158,0.113675081,-0.0932194237584371,,7.008761e-05,1.001358e-05,-6.4373016e-06,1.0,-4.7534704e-05,-4.467368e-05,4.7519803e-05,1.0,-5.453825e-06,4.4684857e-05,5.4836273e-06,1.0,63,0.192,0,1,0.045,False,-0.25785239319394915,0.9829848706846334
0.20989372208714485,11:14:43.809926,NaN,0,,0.11659959,-0.00044485927,0.03273213,-0.5152764,0.7903124,-0.33150634,0.00078469515,0.38724595,0.9219761,0.8570237,0.4748124,-0.20015895,,0.02383075,0.008723609,0.013475895,-0.760827,-0.31142986,0.5693449,0.6444184,-0.25901297,0.7194701,-0.07659684,0.91428864,0.3977551,,0.07484063,1.3022313,0.43178564,0.99612314,0.07735031,-0.04190087,0.027557818,-0.72671103,-0.6863903,-0.08354233,0.6825745,-0.7260253,,-0.09421948,0.26464072,-0.096104816,0.43002766,-0.8262704,0.36380404,0.6005555,0.5626821,0.56808627,-0.6740989,-0.02580831,0.7381901,,-0.010602423,0.46084857,-0.30320784,0.75567836,0.17271769,-0.6317585,0.47033364,0.5281642,0.7069857,0.4557812,-0.8313911,0.31788734,,1.1743187608545789,0.5435182169550468,0.19673922959,1.8456908825507834,-0.704497792790611,-0.03762976715462468,-0.41032029412930954,,-0.17403178532064933,0.31803758522631376,0.19356850425000002,-3.7431751811422442,0.22176103911930983,1.392627992368499,0.8082264392324137,,-0.030892327760299636,-0.02567597495840158,0.113675081,-0.0932194237584371,,7.008761e-05,1.001358e-05,-6.4373016e-06,1.0,-4.7534704e-05,-4.467368e-05,4.7519803e-05,1.0,-5.453825e-06,4.4684857e-05,5.4836273e-06,1.0,71,0.216,0,1,0.045,False,-0.25642252794944387,0.9849160787158118
0.24056870792992413,11:14:43.840554,NaN,0,,0.11626394,-0.00044336915,0.03266996,-0.51564556,0.7890244,-0.33399102,-0.00045847893,0.38955712,0.92100215,0.85680175,0.47506383,-0.20051163,,0.023849636,0.008700721,0.013542831,-0.7607417,-0.31169927,0.5693113,0.6444934,-0.2589627,0.719421,-0.07681261,0.91421103,0.39789188,,0.07484063,1.3022313,0.43178564,0.99612314,0.07735031,-0.04190087,0.027557818,-0.72671103,-0.6863903,-0.08354233,0.6825745,-0.7260253,,-0.09387941,0.2646181,-0.096085556,0.43039688,-0.82497644,0.3662955,0.59950423,0.5646336,0.56725967,-0.6747986,-0.024551084,0.7375934,,-0.010630937,0.4608796,-0.30326772,0.7556258,0.1729951,-0.6317455,0.47021693,0.52817386,0.70705616,0.45598873,-0.83132726,0.3177566,,1.1757783573678073,0.5422980251609193,0.19675478507000002,1.8425455333985155,-0.7046344292903765,-0.03743667051078764,-0.41048363819544376,,-0.1742402991082534,0.318045307959188,0.19350628233000003,-3.7431751811422442,0.22189767561907528,1.3925982532049432,0.8093698476953537,,-0.030892327760299636,-0.02567597495840158,0.113675081,-0.0932194237584371,,7.008761e-05,1.001358e-05,-6.4373016e-06,1.0,-4.7534704e-05,-4.467368e-05,4.7519803e-05,1.0,-5.453825e-06,4.4684857e-05,5.4836273e-06,1.0,83,0.253,0,1,0.045,False,-0.2570778828531757,0.9873300887547847
0.2712283991277218,11:14:43.875493,NaN,0,,0.11594164,-0.00046551228,0.032562256,-0.51873004,0.78532225,-0.3379171,-0.0022400916,0.3940035,0.9191061,0.85493505,0.477525,-0.2026223,,0.023866914,0.008680917,0.013599336,-0.76034504,-0.31190836,0.5697266,0.64493823,-0.2585589,0.7191676,-0.07700658,0.91425407,0.3977556,,0.07484063,1.3022313,0.43178564,0.99612314,0.07735031,-0.04190087,0.027557818,-0.72671103,-0.6863903,-0.08354233,0.6825745,-0.7260253,,-0.09354861,0.2645468,-0.09604744,0.43361878,-0.8214596,0.37037668,0.5970985,0.5697744,0.5646508,-0.67486894,-0.023691809,0.7375572,,-0.010656319,0.46090528,-0.30331847,0.75525755,0.17319033,-0.6321322,0.47032842,0.5285028,0.70673615,0.4564835,-0.8310776,0.3176994,,1.176967658230438,0.5410392197024207,0.19678330345000003,1.835416075320042,-0.7043611562908455,-0.036924397656915464,-0.4103202941293095,,-0.17441792196436054,0.31806075342493645,0.19345443073000002,-3.742755801255275,0.22230758511837162,1.3923456782339945,0.8105132561582935,,-0.030892327760299636,-0.02567597495840158,0.113675081,-0.0932194237584371,,7.008761e-05,1.001358e-05,-6.4373016e-06,1.0,-4.7534704e-05,-4.467368e-05,4.7519803e-05,1.0,-5.453825e-06,4.4684857e-05,5.4836273e-06,1.0,91,0.278,0,1,0.045,False,-0.2571374605716965,0.9882474125695941
0.3061657929793,11:14:43.893191,NaN,0,,0.115763664,-0.0004721582,0.032482833,-0.51736295,0.78620577,-0.33795843,-0.0011164248,0.3942988,0.91898155,0.8557653,0.47582436,-0.20311785,,0.023865417,0.008667819,0.013636589,-0.76028943,-0.31203213,0.569733,0.6449896,-0.25849274,0.7191453,-0.07712464,0.9142306,0.39778683,,0.07484063,1.3022313,0.43178564,0.99612314,0.07735031,-0.04190087,0.027557818,-0.72671103,-0.6863903,-0.08354233,0.6825745,-0.7260253,,-0.09336392,0.26449826,-0.09600794,0.43219578,-0.82216996,0.37046373,0.59841454,0.56881034,0.56422937,-0.67461604,-0.022166666,0.7378359,,-0.010660309,0.46092373,-0.3033532,0.7552199,0.1733154,-0.63214296,0.47027048,0.52854514,0.70674306,0.45660552,-0.8310246,0.31766266,,1.1776704269219924,0.5401433826890106,0.19681311812000002,1.836674214980949,-0.7035413372922529,-0.037511226338953374,-0.4101569500631751,,-0.17447198109448012,0.31809164435643333,0.19341554203000003,-3.742755801255275,0.22244422161813707,1.392234260330298,0.8119833527535021,,-0.030892327760299636,-0.02567597495840158,0.113675081,-0.0932194237584371,,7.008761e-05,1.001358e-05,-6.4373016e-06,1.0,-4.7534704e-05,-4.467368e-05,4.7519803e-05,1.0,-5.453825e-06,4.4684857e-05,5.4836273e-06,1.0,99,0.302,0,1,0.045,False,-0.2580907040680329,0.9880542917664765
0.323832105146721,11:14:43.920235,NaN,0,,0.11548102,-0.00049878657,0.03231561,-0.51742274,0.78539467,-0.339748,-0.0015022457,0.39619288,0.91816604,0.8557285,0.47559047,-0.2038193,,0.02385652,0.008655332,0.013683081,-0.7602468,-0.31203666,0.5697874,0.64503014,-0.25834152,0.71916324,-0.0772056,0.9142717,0.39767635,,0.07484063,1.3022313,0.43178564,0.99612314,0.07735031,-0.04190087,0.027557818,-0.72671103,-0.6863903,-0.08354233,0.6825745,-0.7260253,,-0.0930669,0.26438177,-0.09592565,0.43225276,-0.8213103,0.37229958,0.59810686,0.57010275,0.5632505,-0.6748524,-0.02079165,0.73765975,,-0.010658396,0.46095026,-0.30339432,0.7551895,0.1733118,-0.6321803,0.4702338,0.52867776,0.70666826,0.4566936,-0.83094096,0.3177548,,1.1785430957367797,0.5386606179771596,0.19688441407,1.8345773155461036,-0.7035413372922529,-0.03726619011853166,-0.410646982261578,,-0.17451059475885125,0.31816114895230135,0.19337017188000002,-3.742755801255275,0.22258085811790249,1.3921228424266014,0.8121466968196362,,-0.030892327760299636,-0.02567597495840158,0.113675081,-0.0932194237584371,,7.008761e-05,1.001358e-05,-6.4373016e-06,1.0,-4.7534704e-05,-4.467368e-05,4.7519803e-05,1.0,-5.453825e-06,4.4684857e-05,5.4836273e-06,1.0,107,0.327,0,1,0.045,False,-0.2568991496976123,0.9883439729711534
0.3509144091513008,11:14:43.950706,NaN,0,,0.11523491,-0.00053462386,0.032161444,-0.51717365,0.78499955,-0.34103793,-0.0014930367,0.3976364,0.91754186,0.8558792,0.47503766,-0.20447508,,0.023852639,0.008649178,0.013718009,-0.75994045,-0.31211835,0.5701512,0.6453945,-0.2581817,0.7188937,-0.077177346,0.91428894,0.39764225,,0.07484063,1.3022313,0.43178564,0.99612314,0.07735031,-0.04190087,0.027557818,-0.72671103,-0.6863903,-0.08354233,0.6825745,-0.7260253,,-0.092807636,0.26426524,-0.09585617,0.43199047,-0.8208409,0.3736368,0.5982011,0.5708257,0.56241757,-0.67493683,-0.019449078,0.73761916,,-0.010659767,0.46097198,-0.30342257,0.75487787,0.17338796,-0.6325314,0.4704636,0.52880794,0.70641786,0.456972,-0.8308422,0.31761268,,1.1792535871612084,0.5372936942584218,0.19694274712,1.8333191758851966,-0.7034047007924874,-0.0371325718018064,-0.41081032632771225,,-0.1745569311560966,0.3182306535481694,0.19333776463000002,-3.7423364213683064,0.22285413111743338,1.39206336409949,0.8121466968196365,,-0.030892327760299636,-0.02567597495840158,0.113675081,-0.0932194237584371,,7.008761e-05,1.001358e-05,-6.4373016e-06,1.0,-4.7534704e-05,-4.467368e-05,4.7519803e-05,1.0,-5.453825e-06,4.4684857e-05,5.4836273e-06,1.0,144,0.44,0,1,0.045,False,-0.25767366003838577,0.988006011565697
0.381400965154171,11:14:44.057792,NaN,0,,0.11441462,-0.0006971359,0.0314748,-0.52293026,0.7786611,-0.34674308,-0.008630127,0.40193868,0.91562593,0.8523317,0.4818009,-0.20346603,,0.023888953,0.008627929,0.0138008,-0.75802183,-0.3116811,0.57293785,0.64782864,-0.25792325,0.716794,-0.07563718,0.9145111,0.39742738,,0.07484063,1.3022313,0.43178564,0.99612314,0.07735031,-0.04190087,0.027557818,-0.72671103,-0.6863903,-0.08354233,0.6825745,-0.7260253,,-0.09192753,0.2637294,-0.09552597,0.43794945,-0.8151182,0.37918684,0.5908398,0.5788739,0.56197274,-0.6775755,-0.022076963,0.7351218,,-0.010707922,0.46101356,-0.3034902,0.7527185,0.17291896,-0.63522744,0.472998,0.5290917,0.7045104,0.45791677,-0.8307593,0.31646678,,1.1807595200716823,0.5324283725476604,0.19725256043000003,1.8165439804064347,-0.7075037957854506,-0.0276641291803717,-0.4109736703938467,,-0.17491989960118515,0.3182692672125405,0.19326776497,-3.7387716923290695,0.22312740411696425,1.392003885772378,0.8124733849519048,,-0.030892327760299636,-0.02567597495840158,0.113675081,-0.0932194237584371,,7.008761e-05,1.001358e-05,-6.4373016e-06,1.0,-4.7534704e-05,-4.467368e-05,4.7519803e-05,1.0,-5.453825e-06,4.4684857e-05,5.4836273e-06,1.0,152,0.466,0,1,0.045,False,-0.2580311263495121,0.988102571967256
0.4884855269920081,11:14:44.088117,NaN,0,,0.11416659,-0.0007587522,0.031267405,-0.52745336,0.77432793,-0.3495841,-0.01214242,0.4045641,0.91442895,0.8494971,0.4865635,-0.2039865,,0.023917072,0.008630134,0.013823092,-0.7581456,-0.3119933,0.5726039,0.6476327,-0.25782073,0.71700794,-0.07607257,0.9144335,0.39752275,,0.07484063,1.3022313,0.43178564,0.99612314,0.07735031,-0.04190087,0.027557818,-0.72671103,-0.6863903,-0.08354233,0.6825745,-0.7260253,,-0.09166164,0.26355827,-0.09543466,0.4426692,-0.81122446,0.3820456,0.5865794,0.5842344,0.5608875,-0.67820984,-0.024187576,0.7344701,,-0.010739121,0.46102795,-0.3035009,0.7529092,0.17323805,-0.6349144,0.47256356,0.52914184,0.7047642,0.45805177,-0.8306609,0.31652975,,1.1811379339825192,0.5310691715617969,0.19733811557000003,1.8068982430061464,-0.7087335242833396,-0.023394218441481374,-0.41130035852611524,,-0.17510524519016654,0.3182692672125405,0.19325739465000003,-3.7391910722160384,0.2232640406167297,1.3918924678686817,0.8128000730841736,,-0.030892327760299636,-0.02567597495840158,0.113675081,-0.0932194237584371,,7.008761e-05,1.001358e-05,-6.4373016e-06,1.0,-4.7534704e-05,-4.467368e-05,4.7519803e-05,1.0,-5.453825e-06,4.4684857e-05,5.4836273e-06,1.0,160,0.491,0,1,0.045,False,-0.25737577144578117,0.9880542917664765
0.5188058379571885,11:14:44.111194,NaN,0,,0.11405292,-0.00076785684,0.031137913,-0.52671254,0.7751783,-0.34881565,-0.0113354325,0.40390876,0.914729,0.8499678,0.48575324,-0.2039569,,0.023939908,0.008631147,0.013839781,-0.75801617,-0.3121733,0.5726772,0.64778745,-0.2579584,0.7168186,-0.07604477,0.9143332,0.39775863,,0.07484063,1.3022313,0.43178564,0.99612314,0.07735031,-0.04190087,0.027557818,-0.72671103,-0.6863903,-0.08354233,0.6825745,-0.7260253,,-0.09153615,0.263471,-0.095354564,0.4418992,-0.81200284,0.38128272,0.5874534,0.58316153,0.56108916,-0.6779554,-0.023959035,0.7347125,,-0.010764227,0.46103802,-0.30350918,0.75277513,0.17343284,-0.6350202,0.47267276,0.5289975,0.70479935,0.45815942,-0.8307122,0.31623915,,1.181369615968746,0.5302428391442549,0.19740941152000002,1.8075273128366,-0.7083236147840433,-0.022503291050462226,-0.4111370144599809,,-0.17525969984765102,0.31826154447966626,0.19324961691000003,-3.738981382272554,0.2232640406167297,1.3920558253489628,0.8128000730841736,,-0.030892327760299636,-0.02567597495840158,0.113675081,-0.0932194237584371,,7.008761e-05,1.001358e-05,-6.4373016e-06,1.0,-4.7534704e-05,-4.467368e-05,4.7519803e-05,1.0,-5.453825e-06,4.4684857e-05,5.4836273e-06,1.0,172,0.528,0,1,0.045,False,-0.2589843698458485,0.9874266491563435
0.5418863790109754,11:14:44.149744,NaN,0,,0.11382581,-0.0007869303,0.030872136,-0.52831495,0.77370876,-0.34965402,-0.009925634,0.4061625,0.91374695,0.84899044,0.48621672,-0.20690218,,0.023958258,0.008628659,0.013853669,-0.75642765,-0.31161207,0.57507825,0.6497917,-0.25753015,0.7151566,-0.07475145,0.9146453,0.39728594,,0.07484063,1.3022313,0.43178564,0.99612314,0.07735031,-0.04190087,0.027557818,-0.72671103,-0.6863903,-0.08354233,0.6825745,-0.7260253,,-0.09128476,0.26329133,-0.09518995,0.44361055,-0.81054956,0.3823861,0.5879317,0.58522177,0.55843693,-0.67642146,-0.022911595,0.7361583,,-0.010784422,0.46104422,-0.30351856,0.7509848,0.17282562,-0.63730145,0.47477683,0.5294465,0.7030458,0.45892134,-0.83055264,0.31555268,,1.1818252572083252,0.5287137380351584,0.19754941084000002,1.8043819636843321,-0.7062740672875617,-0.02188755488197275,-0.41179039072451795,,-0.17539870903938706,0.3182692672125405,0.19324183917,-3.7360457230637705,0.22353731361626059,1.3918329895415698,0.8121466968196362,,-0.030892327760299636,-0.02567597495840158,0.113675081,-0.0932194237584371,,7.008761e-05,1.001358e-05,-6.4373016e-06,1.0,-4.7534704e-05,-4.467368e-05,4.7519803e-05,1.0,-5.453825e-06,4.4684857e-05,5.4836273e-06,1.0,180,0.552,0,1,0.045,False,-0.2575545046013441,0.9871369679516666
0.5804332329425961,11:14:44.170242,NaN,0,,0.11372146,-0.000772506,0.03077215,-0.5284467,0.77336615,-0.3502123,-0.009826541,0.40691656,0.91341245,0.84890956,0.48613116,-0.20743418,,0.023970835,0.008630104,0.013864458,-0.75662345,-0.31174964,0.5747459,0.64953256,-0.25751162,0.71539867,-0.075021595,0.9146037,0.3973308,,0.07484063,1.3022313,0.43178564,0.99612314,0.07735031,-0.04190087,0.027557818,-0.72671103,-0.6863903,-0.08354233,0.6825745,-0.7260253,,-0.091171026,0.26324078,-0.09511511,0.44375104,-0.8101885,0.3829878,0.5879582,0.5857424,0.5578629,-0.67630625,-0.022371422,0.73628074,,-0.010798515,0.46105155,-0.30352357,0.7512224,0.17296767,-0.6369828,0.47442868,0.52944523,0.7032817,0.4588925,-0.8305239,0.31567028,,1.182134166523294,0.5281190876038431,0.1976194105,1.8035432039103938,-0.7060007942880309,-0.021783675728803353,-0.41146370259224935,,-0.17548365910100353,0.3182692672125405,0.19323665401,-3.73646510295074,0.22353731361626059,1.3917513108014294,0.8119833527535021,,-0.030892327760299636,-0.02567597495840158,0.113675081,-0.0932194237584371,,7.008761e-05,1.001358e-05,-6.4373016e-06,1.0,-4.7534704e-05,-4.467368e-05,4.7519803e-05,1.0,-5.453825e-06,4.4684857e-05,5.4836273e-06,1.0,188,0.577,0,1,0.045,False,-0.25820985950507547,0.9874266491563435
0.6008476880379021,11:14:44.191023,NaN,0,,0.11359675,-0.0007608235,0.030635148,-0.53025055,0.7712585,-0.35212857,-0.009798467,0.4097216,0.912158,0.8477843,0.4871226,-0.20969802,,0.02397918,0.008625023,0.013871849,-0.7549878,-0.31104144,0.57727516,0.6516093,-0.2572204,0.7136127,-0.073476255,0.91492665,0.3968758,,0.07484063,1.3022313,0.43178564,0.99612314,0.07735031,-0.04190087,0.027557818,-0.72671103,-0.6863903,-0.08354233,0.6825745,-0.7260253,,-0.091033496,0.26316455,-0.09501648,0.4456554,-0.80814236,0.38509372,0.58732295,0.58859843,0.5555211,-0.67560565,-0.021396583,0.73695266,,-0.010807814,0.46105254,-0.3035315,0.7493463,0.17221527,-0.6393919,0.47675952,0.5297921,0.7014419,0.45954376,-0.83045906,0.31489244,,1.1824507985711374,0.5274163189122887,0.19770755822000002,1.8001881648146416,-0.7050443387896727,-0.02223688609411606,-0.41113701445998074,,-0.17556088642974577,0.3182692672125405,0.19323017256000002,-3.733319753798472,0.223673950116026,1.391639892897733,0.8119833527535021,,-0.030892327760299636,-0.02567597495840158,0.113675081,-0.0932194237584371,,7.008761e-05,1.001358e-05,-6.4373016e-06,1.0,-4.7534704e-05,-4.467368e-05,4.7519803e-05,1.0,-5.453825e-06,4.4684857e-05,5.4836273e-06,1.0,192,0.589,0,1,0.045,False,-0.2584481703791588,0.9875232095579025
0.6217182180844247,11:14:44.218072,NaN,0,,0.11344163,-0.0007317215,0.030469894,-0.53036976,0.77088946,-0.35275662,-0.009446621,0.41070142,0.91172093,0.8477137,0.48688155,-0.21054131,,0.023993872,0.008624129,0.013885319,-0.75481194,-0.31111407,0.5774658,0.65180707,-0.25706828,0.71348685,-0.07352772,0.91494465,0.3968246,,0.07484063,1.3022313,0.43178564,0.99612314,0.07735031,-0.04190087,0.027557818,-0.72671103,-0.6863903,-0.08354233,0.6825745,-0.7260253,,-0.090862684,0.26308393,-0.0948878,0.4457864,-0.80773634,0.38579333,0.58754325,0.5891841,0.5546666,-0.67532766,-0.020592548,0.7372303,,-0.010824366,0.46106,-0.30353978,0.74917793,0.17228246,-0.6395711,0.47683445,0.5299166,0.70129687,0.4597405,-0.83036566,0.3148516,,1.1828987170778424,0.526497313700256,0.19782811319000002,1.7991397150972188,-0.704497792790611,-0.022029127787777325,-0.41146370259224946,,-0.1756612819571107,0.3182692672125405,0.19322239482000003,-3.7331100638549866,0.22381058661579145,1.3915284749940366,0.8119833527535021,,-0.030892327760299636,-0.02567597495840158,0.113675081,-0.0932194237584371,,7.008761e-05,1.001358e-05,-6.4373016e-06,1.0,-4.7534704e-05,-4.467368e-05,4.7519803e-05,1.0,-5.453825e-06,4.4684857e-05,5.4836273e-06,1.0,204,0.626,0,1,0.045,False,-0.25737577144578117,0.9878128907625792
0.648765292018652,11:14:44.242402,NaN,0,,0.11322984,-0.00067935884,0.030238107,-0.53381836,0.76741683,-0.3551188,-0.00793463,0.41539675,0.9096056,0.8455619,0.48838192,-0.21565726,,0.023977749,0.008598082,0.01390034,-0.75483626,-0.31134212,0.577311,0.65176374,-0.25718603,0.7134839,-0.07366136,0.91483414,0.3970549,,0.074786365,1.3022355,0.43178186,0.9961214,0.07739565,-0.04185805,0.027619964,-0.7267062,-0.6863929,-0.08354233,0.6825745,-0.7260253,,-0.090582944,0.26298535,-0.09470378,0.4494522,-0.80437726,0.38854858,0.58743453,0.59381914,0.5498177,-0.6729884,-0.018869912,0.73941225,,-0.010764712,0.46106616,-0.30357072,0.74918157,0.1725374,-0.6394981,0.47674242,0.52979606,0.7014505,0.45983002,-0.8303897,0.31465754,,1.1833775265160442,0.5254933584266067,0.19797200138,1.7938974665101057,-0.7013551532960058,-0.02320320099040546,-0.4106469822615781,,-0.1757616774844756,0.3182692672125405,0.19321461708,-3.733319753798472,0.22381058661579145,1.3916918324743177,0.8119833527535019,,-0.030892327760299636,-0.02567597495840158,0.113675081,-0.0932194237584371,,1.6465783e-05,2.3841858e-07,-4.2915344e-06,1.0,-2.2426248e-06,-2.0973384e-06,2.231449e-06,1.0,-2.3841858e-07,2.0973384e-06,2.682209e-07,1.0,245,0.752,0,1,0.045,False,-0.25719703829021734,0.9876197699594613
0.6730783670209348,11:14:44.371373,NaN,0,,0.11279409,-0.000535354,0.029058471,-0.54887396,0.7582276,-0.3518923,0.0032885373,0.42292702,0.90615773,0.83589864,0.4962092,-0.23462713,,0.024070159,0.008618094,0.013941169,-0.75474286,-0.31196207,0.5770985,0.6518364,-0.2574216,0.71333253,-0.07397513,0.9145566,0.3976354,,0.074786365,1.3022355,0.43178186,0.9961214,0.07739565,-0.04185805,0.027619964,-0.7267062,-0.6863929,-0.08354233,0.6825745,-0.7260253,,-0.09003307,0.2623272,-0.093772836,0.46554548,-0.7958698,0.38711578,0.59010684,0.60512555,0.53441274,-0.6595766,-0.020353762,0.7513617,,-0.01086248,0.4610983,-0.30357465,0.7491358,0.17319502,-0.63937396,0.4765518,0.5295093,0.7017965,0.46010208,-0.8304357,0.31413797,,1.1836169312351452,0.5214698145991358,0.19876403457000003,1.7750253715964985,-0.6845488638248566,-0.01648791810992467,-0.4119537347906522,,-0.17634088245004245,0.3182460990139178,0.19321332079000003,-3.733319753798472,0.22381058661579145,1.3918551899545988,0.8123100408857706,,-0.030892327760299636,-0.02567597495840158,0.113675081,-0.0932194237584371,,1.6465783e-05,2.3841858e-07,-4.2915344e-06,1.0,-2.2426248e-06,-2.0973384e-06,2.231449e-06,1.0,-2.3841858e-07,2.0973384e-06,2.682209e-07,1.0,253,0.777,0,1,0.045,False,-0.25779281547542787,0.9876680501602408
0.8020673629362136,11:14:44.392827,NaN,0,,0.112687066,-0.000488773,0.02870138,-0.5521883,0.7566659,-0.35006395,0.0063129663,0.42366496,0.9057969,0.8336955,0.49796057,-0.23871958,,0.024080507,0.008622222,0.013946712,-0.7547346,-0.31206888,0.5770516,0.65184265,-0.25750402,0.7132971,-0.07400483,0.91449696,0.39776698,,0.074786365,1.3022355,0.43178186,0.9961214,0.07739565,-0.04185805,0.027619964,-0.7267062,-0.6863929,-0.08354233,0.6825745,-0.7260253,,-0.08989133,0.26212883,-0.09348698,0.46910423,-0.7944732,0.38568586,0.5910554,0.6069263,0.5313134,-0.65619713,-0.021279665,0.7542894,,-0.010873594,0.4611039,-0.30357435,0.749132,0.17331067,-0.6393471,0.4765334,0.52942306,0.701874,0.46012735,-0.8304665,0.31401944,,1.1835551493721514,0.5202650682707568,0.1990194037,1.7708315727268082,-0.680313132332128,-0.013897646354112114,-0.4101569500631753,,-0.17641038704591047,0.31825382174679206,0.19321332079000003,-3.733319753798472,0.22381058661579145,1.3919368686947393,0.8121466968196365,,-0.030892327760299636,-0.02567597495840158,0.113675081,-0.0932194237584371,,1.6465783e-05,2.3841858e-07,-4.2915344e-06,1.0,-2.2426248e-06,-2.0973384e-06,2.231449e-06,1.0,-2.3841858e-07,2.0973384e-06,2.682209e-07,1.0,261,0.802,0,1,0.045,False,-0.25880563669028556,0.9879094511641382
0.8234959419351071,11:14:44.418780,NaN,0,,0.112612724,-0.00045515597,0.02846922,-0.5546794,0.7550012,-0.34971955,0.008126229,0.42519906,0.9050633,0.83202446,0.49917808,-0.24198449,,0.024084143,0.00862319,0.013948381,-0.75473106,-0.31204247,0.57707036,0.65184534,-0.2574514,0.7133137,-0.074016675,0.91452086,0.39770997,,0.074786365,1.3022355,0.43178186,0.9961214,0.07739565,-0.04185805,0.027619964,-0.7267062,-0.6863929,-0.08354233,0.6825745,-0.7260253,,-0.0897944,0.26200265,-0.0932993,0.4717733,-0.79291004,0.38564697,0.59141695,0.60896677,0.5285693,-0.6539541,-0.021286732,0.7562347,,-0.010877454,0.46110532,-0.3035744,0.7491303,0.17328031,-0.63935727,0.47652617,0.52947277,0.7018414,0.46013758,-0.8304412,0.3140715,,1.1835474266392771,0.5195005177162085,0.19918662511000002,1.7676862235745403,-0.6775804023368193,-0.012940533562558587,-0.411790390724518,,-0.17643355524453314,0.31825382174679206,0.19321332079000003,-3.733319753798472,0.22381058661579145,1.3918551899545988,0.8119833527535023,,-0.030892327760299636,-0.02567597495840158,0.113675081,-0.0932194237584371,,1.6465783e-05,2.3841858e-07,-4.2915344e-06,1.0,-2.2426248e-06,-2.0973384e-06,2.231449e-06,1.0,-2.3841858e-07,2.0973384e-06,2.682209e-07,1.0,273,0.839,0,1,0.045,False,-0.25868648125324345,0.988102571967256
0.8494715159758925,11:14:44.454547,NaN,0,,0.112469524,-0.00032500923,0.027915016,-0.56133026,0.75044423,-0.34891498,0.013022929,0.42956018,0.90294427,0.8274894,0.5023061,-0.25089818,,0.024082653,0.008621715,0.013947368,-0.75467736,-0.31201872,0.57715344,0.6518955,-0.25722218,0.7133505,-0.07412204,0.91459346,0.39752343,,0.074786365,1.3022355,0.43178186,0.9961214,0.07739565,-0.04185805,0.027619964,-0.7267062,-0.6863929,-0.08354233,0.6825745,-0.7260253,,-0.08959631,0.26173654,-0.09281503,0.47890735,-0.7886085,0.38567394,0.59237415,0.61453533,0.52099824,-0.64787394,-0.021046625,0.7614568,,-0.010875812,0.46110377,-0.30357495,0.7490926,0.173243,-0.63941157,0.47647688,0.52967745,0.7017205,0.46025005,-0.8303184,0.31423116,,1.1835551493721514,0.5179945848057348,0.19960532678,1.759927695665613,-0.6702020313494853,-0.011606013749514865,-0.41048363819544376,,-0.1764181097787847,0.31825382174679206,0.19321332079000003,-3.733319753798472,0.2239472231155569,1.391662093310762,0.8121466968196365,,-0.030892327760299636,-0.02567597495840158,0.113675081,-0.0932194237584371,,1.6465783e-05,2.3841858e-07,-4.2915344e-06,1.0,-2.2426248e-06,-2.0973384e-06,2.231449e-06,1.0,-2.3841858e-07,2.0973384e-06,2.682209e-07,1.0,281,0.863,0,1,0.045,False,-0.2579715486309908,0.9868955669477697
0.8852354590781033,11:14:44.484077,NaN,0,,0.112362474,-0.00021235645,0.027488306,-0.56619346,0.74734,-0.34771803,0.016081095,0.43178332,0.90183395,0.8241155,0.5050208,-0.25649092,,0.024083234,0.008620523,0.013946831,-0.7546753,-0.3120683,0.5771294,0.6518973,-0.25727326,0.7133304,-0.07412791,0.9145621,0.39759433,,0.074786365,1.3022355,0.43178186,0.9961214,0.07739565,-0.04185805,0.027619964,-0.7267062,-0.6863929,-0.08354233,0.6825745,-0.7260253,,-0.089446776,0.2615407,-0.09243352,0.48412114,-0.78574646,0.38500553,0.5926478,0.61816394,0.5163739,-0.64373547,-0.021814832,0.7649371,,-0.010876278,0.4611025,-0.3035754,0.7490913,0.17329739,-0.63939834,0.47647357,0.52962613,0.7017614,0.46025547,-0.8303398,0.31416672,,1.1835551493721514,0.5168516203403495,0.19994754734000003,1.7538466873045617,-0.6651464808581642,-0.009357534455318506,-0.4114637025922495,,-0.1764181097787847,0.3182460990139178,0.19321332079000003,-3.733319753798472,0.2239472231155569,1.3917437720509023,0.8123100408857706,,-0.030892327760299636,-0.02567597495840158,0.113675081,-0.0932194237584371,,1.6465783e-05,2.3841858e-07,-4.2915344e-06,1.0,-2.2426248e-06,-2.0973384e-06,2.231449e-06,1.0,-2.3841858e-07,2.0973384e-06,2.682209e-07,1.0,289,0.888,0,1,0.045,False,-0.257435349164302,0.9859299629321803
0.914765187073499,11:14:44.509551,NaN,0,,0.11230376,-0.0001219064,0.027213946,-0.56902015,0.7450551,-0.34800708,0.017769992,0.43424174,0.90062106,0.8221316,0.5062875,-0.26033193,,0.024084143,0.008620195,0.013948381,-0.7546742,-0.3121695,0.5770762,0.65189815,-0.25739166,0.7132869,-0.074131876,0.9144943,0.3977496,,0.074786365,1.3022355,0.43178186,0.9961214,0.07739565,-0.04185805,0.027619964,-0.7267062,-0.6863929,-0.08354233,0.6825745,-0.7260253,,-0.08936043,0.26142764,-0.09217535,0.4871525,-0.78355616,0.38564515,0.59272575,0.6209561,0.5129227,-0.6413725,-0.02128976,0.7669342,,-0.010877421,0.46110332,-0.30357665,0.7490908,0.17340912,-0.63936865,0.47647116,0.52950895,0.7018515,0.4602589,-0.83039117,0.31402582,,1.1835474266392771,0.5161874653131663,0.20018347212,1.7502819582653246,-0.6622771143630898,-0.009328626968867049,-0.4099936059970409,,-0.17642583251165891,0.3182460990139178,0.19321202450000002,-3.733319753798472,0.2239472231155569,1.3919071295311833,0.8116566646212338,,-0.030892327760299636,-0.02567597495840158,0.113675081,-0.0932194237584371,,1.6465783e-05,2.3841858e-07,-4.2915344e-06,1.0,-2.2426248e-06,-2.0973384e-06,2.231449e-06,1.0,-2.3841858e-07,2.0973384e-06,2.682209e-07,1.0,297,0.913,0,1,0.045,False,-0.25880563669028556,0.9853988807236063
0.9401574470102787,11:14:44.531614,NaN,0,,0.11225349,-2.6673079e-05,0.026920214,-0.57243645,0.74211186,-0.34869245,0.019319504,0.4373503,0.8990836,0.81972146,0.5079317,-0.2646925,,0.024084143,0.008620195,0.013948381,-0.7546742,-0.31212237,0.5771017,0.65189815,-0.25733343,0.71330786,-0.074131876,0.9145267,0.39767486,,0.074786365,1.3022355,0.43178186,0.9961214,0.07739565,-0.04185805,0.027619964,-0.7267062,-0.6863929,-0.08354233,0.6825745,-0.7260253,,-0.08928052,0.26130474,-0.09189897,0.49080956,-0.78073704,0.38672426,0.59244686,0.62451804,0.50890464,-0.638837,-0.02066171,0.7690646,,-0.010877421,0.46110332,-0.30357665,0.7490908,0.1733569,-0.63938284,0.47647116,0.5295663,0.7018082,0.4602589,-0.83036554,0.31409365,,1.183470199310535,0.5155310330188572,0.20043624867,1.7458784694521496,-0.6592711113682501,-0.009492816126252523,-0.4119537347906523,,-0.17642583251165891,0.3182460990139178,0.19321202450000002,-3.733319753798472,0.2239472231155569,1.3918254507910428,0.8114933205550992,,-0.030892327760299636,-0.02567597495840158,0.113675081,-0.0932194237584371,,1.6465783e-05,2.3841858e-07,-4.2915344e-06,1.0,-2.2426248e-06,-2.0973384e-06,2.231449e-06,1.0,-2.3841858e-07,2.0973384e-06,2.682209e-07,1.0,305,0.937,0,1,0.045,False,-0.25773323775690704,0.9844815569087966
0.9622960360720754,11:14:44.555616,NaN,0,,0.11218564,0.00011140108,0.026508793,-0.5769285,0.73769236,-0.3506614,0.021644443,0.4429709,0.89627457,0.8165078,0.5094965,-0.27152944,,0.024083637,0.008621059,0.0139507055,-0.75462234,-0.3121546,0.57715195,0.65194654,-0.2571807,0.7133188,-0.07423344,0.91455865,0.3975824,,0.074786365,1.3022355,0.43178186,0.9961214,0.07739565,-0.04185805,0.027619964,-0.7267062,-0.6863929,-0.08354233,0.6825745,-0.7260253,,-0.08917108,0.2611359,-0.0915085,0.49562705,-0.7764015,0.38930005,0.59226376,0.62996954,0.50235647,-0.6352775,-0.018413158,0.7720644,,-0.010877276,0.46110564,-0.30357757,0.7490544,0.17338204,-0.6394186,0.47642362,0.52969646,0.70174223,0.4603673,-0.83027726,0.31416818,,1.1833698037831701,0.5146197505396987,0.20079402471000002,1.7402168409780678,-0.6550353798755215,-0.01147655381831153,-0.410646982261578,,-0.17642583251165891,0.31826154447966626,0.19321072821000002,-3.733319753798472,0.22408385961532232,1.3917140328873465,0.8108399442905623,,-0.030892327760299636,-0.02567597495840158,0.113675081,-0.0932194237584371,,1.6465783e-05,2.3841858e-07,-4.2915344e-06,1.0,-2.2426248e-06,-2.0973384e-06,2.231449e-06,1.0,-2.3841858e-07,2.0973384e-06,2.682209e-07,1.0,326,1.002,0,2,0.094,False,-0.2583885926606384,0.9841435955033404
0.9862978630699217,11:14:44.620961,NaN,0,,0.11203146,0.00040575862,0.025662735,-0.58405834,0.73026603,-0.35438284,0.023446709,0.45158303,0.8919209,0.8113729,0.51262486,-0.28087324,,0.024083376,0.008615233,0.013959944,-0.7545652,-0.31219864,0.57720286,0.65199935,-0.25701547,0.71333003,-0.074350685,0.9145901,0.39748824,,0.074786365,1.3022355,0.43178186,0.9961214,0.07739565,-0.04185805,0.027619964,-0.7267062,-0.6863929,-0.08354233,0.6825745,-0.7260253,,-0.08893129,0.26079726,-0.09069978,0.5032471,-0.7691776,0.39383772,0.5905491,0.63884556,0.49308017,-0.6308677,-0.015560652,0.77573436,,-0.010878343,0.46110845,-0.30358806,0.749015,0.17341879,-0.63945484,0.47636706,0.5298362,0.7016752,0.46049,-0.8301804,0.3142442,,1.1831149535983208,0.5126736218553941,0.20155753952000002,1.7299420337473261,-0.6501164658839657,-0.013118914887306377,-0.41211707885678656,,-0.17643355524453314,0.31826154447966626,0.19319906160000003,-3.733319753798472,0.22422049611508776,1.39160261498365,0.8098598798937564,,-0.030892327760299636,-0.02567597495840158,0.113675081,-0.0932194237584371,,1.6465783e-05,2.3841858e-07,-4.2915344e-06,1.0,-2.2426248e-06,-2.0973384e-06,2.231449e-06,1.0,-2.3841858e-07,2.0973384e-06,2.682209e-07,1.0,351,1.08,0,2,0.094,False,-0.2589247921273281,0.9842401559048992
1.0516544841229916,11:14:44.695241,NaN,0,,0.11178829,0.0006380975,0.024592236,-0.59502876,0.7195033,-0.358128,0.027290136,0.46342748,0.8857145,0.8032409,0.5172523,-0.29538798,,0.024076954,0.008598469,0.013991952,-0.75440633,-0.3122374,0.5773896,0.6521836,-0.25691524,0.71319777,-0.0743469,0.914605,0.39745462,,0.074786365,1.3022355,0.43178186,0.9961214,0.07739565,-0.04185805,0.027619964,-0.7267062,-0.6863929,-0.08354233,0.6825745,-0.7260253,,-0.08858223,0.26026735,-0.08977433,0.5150108,-0.7587273,0.3988694,0.58855087,0.6512993,0.4789751,-0.6231948,-0.011922399,0.78197575,,-0.010876633,0.46112123,-0.30362245,0.7488551,0.1734536,-0.63963264,0.47647512,0.5299193,0.70153904,0.46063814,-0.8301201,0.31418645,,1.1827210942217352,0.5097698742946857,0.20240920205000001,1.7148443578164403,-0.6413717298989775,-0.014695506394319158,-0.4114637025922495,,-0.1764490007102816,0.3182769899454147,0.19316406177,-3.7331100638549866,0.2243571326148532,1.3915728758200943,0.8100232239598908,,-0.030892327760299636,-0.02567597495840158,0.113675081,-0.0932194237584371,,1.6465783e-05,2.3841858e-07,-4.2915344e-06,1.0,-2.2426248e-06,-2.0973384e-06,2.231449e-06,1.0,-2.3841858e-07,2.0973384e-06,2.682209e-07,1.0,359,1.105,0,2,0.094,False,-0.25725661600873906,0.9848195183142527
1.1259335670620203,11:14:44.723213,NaN,0,,0.11167535,0.00067411363,0.02410695,-0.6003449,0.7144252,-0.35941976,0.029806018,0.4690956,0.88264424,0.7991855,0.51917815,-0.30291334,,0.024083711,0.008592434,0.014006197,-0.7539216,-0.31211188,0.5780901,0.65277886,-0.2567252,0.7127214,-0.074038595,0.9147013,0.3972907,,0.074786365,1.3022355,0.43178186,0.9961214,0.07739565,-0.04185805,0.027619964,-0.7267062,-0.6863929,-0.08354233,0.6825745,-0.7260253,,-0.088422395,0.25997585,-0.08940149,0.52073264,-0.7537705,0.4008336,0.5879908,0.6570623,0.47173718,-0.6189542,-0.009962477,0.7853639,,-0.010885399,0.46112674,-0.3036358,0.748322,0.17331263,-0.6402944,0.47704327,0.5301026,0.7010142,0.46091634,-0.8300325,0.31400985,,1.1823967394410178,0.5082716641170861,0.20274234858,1.707924589681451,-0.6365894524071871,-0.015573019638493002,-0.4113003585261152,,-0.1765107825732754,0.3182769899454147,0.19315109887,-3.732271304081049,0.22449376911461866,1.3914614579163977,0.8100232239598908,,-0.030892327760299636,-0.02567597495840158,0.113675081,-0.0932194237584371,,1.6465783e-05,2.3841858e-07,-4.2915344e-06,1.0,-2.2426248e-06,-2.0973384e-06,2.231449e-06,1.0,-2.3841858e-07,2.0973384e-06,2.682209e-07,1.0,372,1.145,0,2,0.094,False,-0.25922268071993226,0.9848195183142527
1.1538963371422142,11:14:44.765608,NaN,0,,0.11154859,0.0006954223,0.02350165,-0.5992151,0.71627766,-0.3576135,0.039286256,0.4724583,0.88047695,0.7996235,0.5135458,-0.3112441,,0.02409383,0.008583687,0.014035463,-0.7538526,-0.3122834,0.57808745,0.6528406,-0.25664783,0.7126928,-0.07419729,0.9146645,0.3973459,,0.074786365,1.3022355,0.43178186,0.9961214,0.07739565,-0.04185805,0.027619964,-0.7267062,-0.6863929,-0.08354233,0.6825745,-0.7260253,,-0.08823743,0.25959396,-0.08895107,0.5197151,-0.75501716,0.39980665,0.59525895,0.6556962,0.46446657,-0.61283195,-0.0034017768,0.79020596,,-0.010899704,0.4611409,-0.30366087,0.748277,0.17348677,-0.6402998,0.4769611,0.53014857,0.7010354,0.46107438,-0.8299668,0.31395155,,1.1819797118658097,0.5060166261178125,0.20313642074000002,1.7131668382685639,-0.6293477179196186,-0.020824738613278937,-0.41146370259224935,,-0.1766111781006403,0.31828471267828895,0.19312517307000002,-3.732271304081049,0.2246304056143841,1.391431718752842,0.810186568026025,,-0.030892327760299636,-0.02567597495840158,0.113675081,-0.0932194237584371,,1.6465783e-05,2.3841858e-07,-4.2915344e-06,1.0,-2.2426248e-06,-2.0973384e-06,2.231449e-06,1.0,-2.3841858e-07,2.0973384e-06,2.682209e-07,1.0,380,1.171,0,2,0.094,False,-0.2590439475643693,0.9844332767080171
1.1962981179822236,11:14:44.787897,NaN,0,,0.111424,0.00067828596,0.023101673,-0.598683,0.71640104,-0.35825703,0.043883443,0.47593448,0.8783851,0.79978293,0.51015276,-0.31637207,,0.024093501,0.00857573,0.01405561,-0.753955,-0.3124103,0.5778854,0.65270835,-0.25673023,0.7127842,-0.074320495,0.914598,0.39747584,,0.074786365,1.3022355,0.43178186,0.9961214,0.07739565,-0.04185805,0.027619964,-0.7267062,-0.6863929,-0.08354233,0.6825745,-0.7260253,,-0.08807507,0.25932062,-0.088677704,0.5192424,-0.75475746,0.40090957,0.5987489,0.65600234,0.45952213,-0.6098254,0.0014408033,0.7925345,,-0.010902331,0.46115023,-0.3036802,0.7483985,0.17362325,-0.64012086,0.47679445,0.53005975,0.7012159,0.46104968,-0.829995,0.3139133,,1.1817403071467087,0.50434851581698,0.20338012326000002,1.715263737703409,-0.6259318054254827,-0.02475368856765736,-0.4108103263277123,,-0.17664206903213722,0.31829243541116314,0.19310443243000003,-3.7324809940245336,0.2246304056143841,1.3915133974929825,0.8100232239598908,,-0.030892327760299636,-0.02567597495840158,0.113675081,-0.0932194237584371,,1.6465783e-05,2.3841858e-07,-4.2915344e-06,1.0,-2.2426248e-06,-2.0973384e-06,2.231449e-06,1.0,-2.3841858e-07,2.0973384e-06,2.682209e-07,1.0,397,1.224,0,2,0.094,False,-0.2588652144088064,0.9846746777119144
