Task Time,PC1 Time,PC2 Time,Gaze Calib,s_T_psm1,Tx,Ty,Tz,R00,R01,R02,R10,R11,R12,R20,R21,R22,s_T_psm3,Tx,Ty,Tz,R00,R01,R02,R10,R11,R12,R20,R21,R22,cart_T_ecm,Tx,Ty,Tz,R00,R01,R02,R10,R11,R12,R20,R21,R22,ecm_T_psm1,Tx,Ty,Tz,R00,R01,R02,R10,R11,R12,R20,R21,R22,ecm_T_psm3,Tx,Ty,Tz,R00,R01,R02,R10,R11,R12,R20,R21,R22,psm1_joints,q1,q2,q3,q4,q5,q6,jaw,psm3_joints,q1,q2,q3,q4,q5,q6,jaw,ecm_joints,q1,q2,q3,q4,ecmi_T_ecm,Tx,Ty,Tz,R00,R01,R02,R10,R11,R12,R20,R21,R22,Sample #,Task Duration (s),Collisions (binary),Collisions (increments),Cumulative Collision Time (s),Clutch Press,MTMR Angle,MTML Angle
""
lci_T_si,,,,,-0.053492907,0.03067575,0.21583572,0.9922148,0.027492212,0.12146585,0.10393389,-0.72013074,-0.6860098,0.06861137,0.6932935,-0.7173818
rci_T_si,,,,,-0.06295502,0.034948092,0.22635663,0.9921467,0.010968016,0.12459805,0.0950465,-0.7136615,-0.6940126,0.08130889,0.7004049,-0.70909935
ecm_T_lc,,,,,-4.4061628e-05,-0.00034663224,-0.01840835,-0.99912,0.030754527,0.028518902,-0.031987965,-0.99852574,-0.043852776,0.027128186,-0.04472645,0.9986309
ecm_T_rc,,,,,-0.0043358393,0.01870579,-0.007592615,-0.99555075,-0.052743673,-0.078081585,0.04863213,-0.9973746,0.053654674,-0.08070653,0.04961868,0.9955021
cart_T_ecmi,,,,,0.07476978,1.3022323,0.43178007,0.9961213,0.07739788,-0.04185594,0.027623024,-0.72670597,-0.686393,-0.08354233,0.6825745,-0.7260253
ecmac_T_ecmrep_psm1,,,,,0.012989772,-0.26409563,-0.29155013,0.99659246,0.08125139,0.014199966,-0.079952136,0.9939098,-0.07583538,-0.020275215,0.07444165,0.99701923
ecmac_T_ecmrep_psm3,,,,,0.016264312,-0.47033283,-0.5183238,0.99978954,0.020288749,-0.0030332562,-0.020227978,0.99961716,0.018877296,0.0034150917,-0.018811967,0.9998172
""
0,11:13:09.340232,NaN,0,,0.1234405,-0.0031432807,0.020636603,0.96030045,0.16552699,-0.2245523,0.18933848,0.20442283,0.9603969,0.20487523,-0.96478605,0.16496667,,0.02519986,0.005963579,0.0066252947,-0.5755713,-0.3547246,0.73680925,0.77717084,0.043030262,0.6278168,-0.25440717,0.9339801,0.25091463,,0.07481952,1.3022327,0.43178523,0.99612236,0.07736949,-0.04188276,0.027584098,-0.726709,-0.68639135,-0.08354233,0.6825745,-0.7260253,,-0.09988406,0.25419462,-0.08842865,-0.9724964,-0.06831449,0.22267455,0.22640824,-0.50170434,0.83488446,0.054682076,0.86233747,0.5033726,,-0.010867893,0.4538373,-0.30053568,0.5978104,0.20881602,-0.7739629,0.40828937,0.7515562,0.5181342,0.6898714,-0.62574685,0.36403078,,1.138168648270334,0.5315248128013761,0.2021823513,3.7792418514215824,0.10398037632150017,-1.0221342465660688,-0.40803347720342964,,-0.15728117771645636,0.3008776727797869,0.19926310622,-3.644201527817549,0.4895685786595731,1.2633604066168664,0.8198238679279473,,-0.02858849314766712,-0.02640246825954422,0.113675081,-0.09420068085063119,,4.913658e-05,7.033348e-06,-6.198883e-06,1.0,-2.8371811e-05,-2.6665628e-05,2.836436e-05,1.0,-3.2782555e-06,2.6676804e-05,3.2782555e-06,1.0,35,0.104,0,0,0.0,False,-0.25773323775690704,0.9942824376670267
0.12911974918097258,11:13:09.368286,NaN,0,,0.12343733,-0.0031368583,0.02090256,0.9594214,0.16954559,-0.22531049,0.1893751,0.20459005,0.96035403,0.20892006,-0.9640525,0.16418037,,0.025199756,0.0059604794,0.0066297054,-0.5750507,-0.3550757,0.73704666,0.7773109,0.04384324,0.62758696,-0.25515544,0.93380886,0.25079215,,0.07481952,1.3022327,0.43178523,0.99612236,0.07736949,-0.04188276,0.027584098,-0.726709,-0.68639135,-0.08354233,0.6825745,-0.7260253,,-0.0999065,0.25437725,-0.0886208,-0.9720116,-0.072382025,0.2235044,0.22918467,-0.5013035,0.8343675,0.05165032,0.86223876,0.50386167,,-0.0108684255,0.45383844,-0.30054092,0.5974072,0.20917895,-0.7741762,0.40777674,0.7520223,0.5178615,0.6905235,-0.62506527,0.36396527,,1.13885597149614,0.5322661951573017,0.20199438925000002,3.7760965022693145,0.10124764632619138,-1.0208860333738272,-0.40672672467435533,,-0.15727345498358214,0.30090856371128377,0.19926180993000003,-3.644201527817549,0.4905250341579312,1.2631522324719753,0.8199872119940819,,-0.02858849314766712,-0.02640246825954422,0.113675081,-0.09420068085063119,,4.913658e-05,7.033348e-06,-6.198883e-06,1.0,-2.8371811e-05,-2.6665628e-05,2.836436e-05,1.0,-3.2782555e-06,2.6676804e-05,3.2782555e-06,1.0,43,0.129,0,0,0.0,False,-0.25773323775690704,0.9946686792732624
0.15715790609829128,11:13:09.393609,NaN,0,,0.1234203,-0.0031567812,0.02111359,0.9588154,0.17257476,-0.22559004,0.18880032,0.2061303,0.96013784,0.2121965,-0.9631865,0.16505876,,0.025209248,0.0059696287,0.0066358447,-0.5754084,-0.35560563,0.7365117,0.77722216,0.042600513,0.62778246,-0.25461876,0.93366474,0.25187194,,0.07481952,1.3022327,0.43178523,0.99612236,0.07736949,-0.04188276,0.027584098,-0.726709,-0.68639135,-0.08354233,0.6825745,-0.7260253,,-0.09991025,0.25450438,-0.08879125,-0.9717341,-0.075456046,0.22369434,0.23097944,-0.49974266,0.8348088,0.04879823,0.862881,0.5030458,,-0.010878842,0.45384797,-0.3005374,0.5976807,0.20973986,-0.77381325,0.40815043,0.75114214,0.51884365,0.6900659,-0.6259351,0.36333773,,1.139412008263084,0.5327218363968809,0.20182587155,3.773999602834469,0.09851491633088257,-1.0213530737245373,-0.4088501975341009,,-0.15735068231232438,0.300916286444158,0.19926051364000003,-3.644201527817549,0.48984185165910404,1.2642810731714413,0.8191704916634102,,-0.02858849314766712,-0.02640246825954422,0.113675081,-0.09420068085063119,,4.913658e-05,7.033348e-06,-6.198883e-06,1.0,-2.8371811e-05,-2.6665628e-05,2.836436e-05,1.0,-3.2782555e-06,2.6676804e-05,3.2782555e-06,1.0,51,0.153,0,0,0.0,False,-0.25761408231986493,0.9939444762615703
0.18243507505394518,11:13:09.418232,NaN,0,,0.123405755,-0.0031823814,0.021224365,0.95838106,0.17483515,-0.22569531,0.18855926,0.20594594,0.96022475,0.21436207,-0.9628182,0.16440788,,0.025237218,0.0059713423,0.0066441894,-0.57430977,-0.35576805,0.73729044,0.7783618,0.041710377,0.6264289,-0.2536161,0.9336431,0.25296155,,0.07481952,1.3022327,0.43178523,0.99612236,0.07736949,-0.04188276,0.027584098,-0.726709,-0.68639135,-0.08354233,0.6825745,-0.7260253,,-0.09990687,0.25456014,-0.08889131,-0.9715148,-0.07774405,0.22386333,0.23227055,-0.49975345,0.83444405,0.047003407,0.8626716,0.5035755,,-0.010907778,0.45385188,-0.30053914,0.5964291,0.20991465,-0.77473104,0.40951797,0.750545,0.5186301,0.69033855,-0.6265924,0.3616831,,1.1396977493794305,0.5328917365201138,0.20172605722000003,3.7725317732300776,0.09673864183393184,-1.0205580708976083,-0.4075434450050267,,-0.15755147336705422,0.3009008409784096,0.19926051364000003,-3.6421046283827034,0.48970521515933857,1.2657810296575274,0.8196605238618131,,-0.02858849314766712,-0.02640246825954422,0.113675081,-0.09420068085063119,,4.913658e-05,7.033348e-06,-6.198883e-06,1.0,-2.8371811e-05,-2.6665628e-05,2.836436e-05,1.0,-3.2782555e-06,2.6676804e-05,3.2782555e-06,1.0,59,0.177,0,0,0.0,False,-0.2580311263495121,0.9937513554584525
0.20711478404700756,11:13:09.439076,NaN,0,,0.1233845,-0.0032343417,0.021367595,0.9574459,0.1787362,-0.22660667,0.18895628,0.20528707,0.9602879,0.2181576,-0.9622425,0.16277796,,0.02525045,0.0059741586,0.0066518188,-0.574097,-0.35723403,0.736747,0.7785076,0.040593386,0.626321,-0.25365028,0.9331323,0.2548049,,0.07481952,1.3022327,0.43178523,0.99612236,0.07736949,-0.04188276,0.027584098,-0.726709,-0.68639135,-0.08354233,0.6825745,-0.7260253,,-0.09990038,0.25461844,-0.089033544,-0.9709446,-0.081692375,0.22492877,0.23515081,-0.5000649,0.8334502,0.044392455,0.8621261,0.50474536,,-0.010922042,0.45385772,-0.30054092,0.59622216,0.21145469,-0.77447146,0.40956602,0.7495949,0.5199645,0.6904888,-0.6272116,0.36032045,,1.1400375496258963,0.5330461911775983,0.20158346532000002,3.7693864240778097,0.09414254833838846,-1.019094560648501,-0.40656338060822084,,-0.15763642342867068,0.30090856371128377,0.19925921735000002,-3.6418949384392194,0.48984185165910404,1.267711580257345,0.8194971797956789,,-0.02858849314766712,-0.02640246825954422,0.113675081,-0.09420068085063119,,4.913658e-05,7.033348e-06,-6.198883e-06,1.0,-2.8371811e-05,-2.6665628e-05,2.836436e-05,1.0,-3.2782555e-06,2.6676804e-05,3.2782555e-06,1.0,74,0.223,0,0,0.0,False,-0.25761408231986493,0.993799635659232
0.2279599499888718,11:13:09.482116,NaN,0,,0.12336516,-0.0033425838,0.021713361,0.9530713,0.19783908,-0.22916086,0.1882391,0.20558515,0.9603648,0.23710977,-0.95843333,0.15869623,,0.025251836,0.005981058,0.0066615343,-0.5728441,-0.3582478,0.73722994,0.77935195,0.040539533,0.6252736,-0.25388983,0.93274593,0.25597838,,0.07481952,1.3022327,0.43178523,0.99612236,0.07736949,-0.04188276,0.027584098,-0.726709,-0.68639135,-0.08354233,0.6825745,-0.7260253,,-0.09991623,0.25477016,-0.089362755,-0.968433,-0.10106679,0.22786619,0.24751379,-0.49831298,0.8309158,0.02957068,0.86108637,0.50759816,,-0.010924968,0.45386925,-0.3005422,0.5950096,0.21251579,-0.7751133,0.40981138,0.7493987,0.52005404,0.6913886,-0.62708735,0.35880807,,1.1410492276324198,0.5332469822323281,0.2012490225,3.7559662676948005,0.07924916986395546,-1.0159346705610528,-0.4075434450050268,,-0.15767503709304181,0.30100895923864873,0.19925921735000002,-3.640636798778312,0.4909349436572275,1.2691072417517095,0.8194971797956789,,-0.02858849314766712,-0.02640246825954422,0.113675081,-0.09420068085063119,,4.913658e-05,7.033348e-06,-6.198883e-06,1.0,-2.8371811e-05,-2.6665628e-05,2.836436e-05,1.0,-3.2782555e-06,2.6676804e-05,3.2782555e-06,1.0,82,0.247,0,0,0.0,False,-0.25642252794944387,0.9939927564623499
0.27098183310590684,11:13:09.503227,NaN,0,,0.123344675,-0.003370449,0.021854833,0.950991,0.20780474,-0.22898301,0.18593112,0.20741293,0.96042156,0.24707417,-0.9559273,0.15861043,,0.025255263,0.0059823096,0.0066625476,-0.57190984,-0.3586328,0.7377678,0.7803539,0.03943798,0.6240932,-0.2529164,0.93264514,0.25730565,,0.07481952,1.3022327,0.43178523,0.99612236,0.07736949,-0.04188276,0.027584098,-0.726709,-0.68639135,-0.08354233,0.6825745,-0.7260253,,-0.099909954,0.25484508,-0.08948747,-0.9673616,-0.11119789,0.22769837,0.25256917,-0.49581134,0.8308911,0.020502105,0.8612817,0.50771403,,-0.010928523,0.45387045,-0.30054164,0.5939266,0.21292517,-0.7758312,0.41108444,0.748628,0.52015924,0.69156396,-0.62786853,0.3570999,,1.1416670462623577,0.5332083685679571,0.20112068979000003,3.750304639220718,0.0699578878799055,-1.0157910184624872,-0.40868685346796685,,-0.1577368189560356,0.3010244047043972,0.19925921735000002,-3.6387495892869515,0.4907983071574621,1.2709339131983577,0.8191704916634102,,-0.02858849314766712,-0.02640246825954422,0.113675081,-0.09420068085063119,,4.913658e-05,7.033348e-06,-6.198883e-06,1.0,-2.8371811e-05,-2.6665628e-05,2.836436e-05,1.0,-3.2782555e-06,2.6676804e-05,3.2782555e-06,1.0,93,0.28,0,0,0.0,False,-0.25672041654204936,0.9933168336514373
0.2920789220370352,11:13:09.538320,NaN,0,,0.12332856,-0.0034287423,0.022072867,0.94763106,0.22294652,-0.22867003,0.18258354,0.20925722,0.9606637,0.26202747,-0.95210624,0.1575923,,0.025319815,0.0059975237,0.006690383,-0.57144237,-0.35938472,0.7377642,0.78058374,0.03941223,0.6238074,-0.2532638,0.93235683,0.2580081,,0.07481952,1.3022327,0.43178523,0.99612236,0.07736949,-0.04188276,0.027584098,-0.726709,-0.68639135,-0.08354233,0.6825745,-0.7260253,,-0.09991589,0.25494835,-0.089688696,-0.9655151,-0.126607,0.22748908,0.2602543,-0.49269357,0.8303739,0.006951269,0.8609435,0.5086531,,-0.010996725,0.45389324,-0.30054298,0.5935142,0.21371229,-0.77593035,0.41093057,0.7484908,0.5204782,0.6920093,-0.6277647,0.35641903,,1.1425088241456482,0.533169754903586,0.20090809823000003,3.7412879716508836,0.05561105540453427,-1.0146286960524955,-0.4080334772034294,,-0.15812295559974685,0.30103212743727137,0.19926051364000003,-3.638539899343467,0.4912082166567584,1.2713347681485336,0.8191704916634106,,-0.02858849314766712,-0.02640246825954422,0.113675081,-0.09420068085063119,,4.913658e-05,7.033348e-06,-6.198883e-06,1.0,-2.8371811e-05,-2.6665628e-05,2.836436e-05,1.0,-3.2782555e-06,2.6676804e-05,3.2782555e-06,1.0,101,0.305,0,0,0.0,False,-0.25630337251240265,0.9939444762615703
0.327204124070704,11:13:09.562592,NaN,0,,0.12328208,-0.0034981072,0.022282079,0.9437593,0.2351154,-0.23246284,0.18420081,0.2099779,0.96019757,0.27456927,-0.9490153,0.15486005,,0.025357723,0.0060094,0.0067080855,-0.57147795,-0.35975027,0.7375585,0.7805059,0.039278984,0.6239133,-0.2534235,0.93222153,0.25834012,,0.07481952,1.3022327,0.43178523,0.99612236,0.07736949,-0.04188276,0.027584098,-0.726709,-0.68639135,-0.08354233,0.6825745,-0.7260253,,-0.09989095,0.25503913,-0.08989333,-0.9628479,-0.13900466,0.23152024,0.27003992,-0.49073976,0.82840383,-0.0015358106,0.86014664,0.5100446,,-0.0110370265,0.45390964,-0.30054256,0.5935745,0.21409571,-0.77577853,0.41076598,0.74834615,0.5208161,0.69205534,-0.6278066,0.35625598,,1.143219315570077,0.5331774776364602,0.20070976586000003,3.7310131644201423,0.047549501918373274,-1.0130374428829811,-0.4057466602775496,,-0.15835463758597357,0.3010398501701456,0.19926051364000003,-3.6387495892869515,0.4912082166567584,1.2714164468886742,0.8186804594650074,,-0.02858849314766712,-0.02640246825954422,0.113675081,-0.09420068085063119,,4.913658e-05,7.033348e-06,-6.198883e-06,1.0,-2.8371811e-05,-2.6665628e-05,2.836436e-05,1.0,-3.2782555e-06,2.6676804e-05,3.2782555e-06,1.0,109,0.329,0,0,0.0,False,-0.25725661600873906,0.9941375970646882
0.351466067135334,11:13:09.591979,NaN,0,,0.12317611,-0.0035577714,0.022506118,0.94175005,0.24242273,-0.23310488,0.18426356,0.20789793,0.96063805,0.2813425,-0.94763374,0.15111825,,0.025407314,0.006025389,0.0067315698,-0.57059944,-0.3593123,0.7384516,0.7813424,0.03930089,0.6228639,-0.25282443,0.9323895,0.25832093,,0.07481952,1.3022327,0.43178523,0.99612236,0.07736949,-0.04188276,0.027584098,-0.726709,-0.68639135,-0.08354233,0.6825745,-0.7260253,,-0.09980807,0.25515017,-0.09010731,-0.9615016,-0.14644317,0.2325276,0.27471873,-0.4917482,0.8262647,-0.006655791,0.8583345,0.5130474,,-0.011089782,0.45393157,-0.30054185,0.5926053,0.21363714,-0.7766455,0.41166154,0.7484307,0.5199868,0.6923538,-0.627862,0.3555778,,1.144192379912229,0.5331852003693344,0.20049458172,3.725561225889544,0.04208404192775565,-1.0090707991759675,-0.407706789071161,,-0.15869443783243944,0.3010707411016425,0.19926051364000003,-3.6372817596825593,0.4912082166567584,1.2714164468886742,0.8190071475972764,,-0.02858849314766712,-0.02640246825954422,0.113675081,-0.09420068085063119,,4.913658e-05,7.033348e-06,-6.198883e-06,1.0,-2.8371811e-05,-2.6665628e-05,2.836436e-05,1.0,-3.2782555e-06,2.6676804e-05,3.2782555e-06,1.0,117,0.354,0,0,0.0,False,-0.2566012611050077,0.9942824376670267
0.38086178712546825,11:13:09.620085,NaN,0,,0.123107396,-0.0035798252,0.0226589,0.9403272,0.2481829,-0.23278688,0.18345168,0.20641911,0.96111214,0.28658327,-0.9464652,0.14857194,,0.025437668,0.0060211867,0.0067406297,-0.5688876,-0.3582082,0.7403064,0.7827958,0.04017958,0.62098,-0.25218537,0.93277675,0.25754628,,0.07481952,1.3022327,0.43178523,0.99612236,0.07736949,-0.04188276,0.027584098,-0.726709,-0.68639135,-0.08354233,0.6825745,-0.7260253,,-0.09975478,0.25523955,-0.09024045,-0.96060467,-0.15231186,0.23246458,0.2776934,-0.49237087,0.82489836,-0.01118302,0.8569551,0.51526976,,-0.011121106,0.45393166,-0.30054817,0.5907987,0.21247643,-0.7783384,0.41290268,0.74917346,0.5179291,0.6931582,-0.6273698,0.3548786,,1.1449260395352805,0.5332083685679571,0.20036106385000002,3.7219964968503074,0.037301764435965244,-1.006069638688139,-0.4068900687404895,,-0.15889522888716928,0.30105529563589406,0.19926051364000003,-3.634765480360745,0.49175476265582013,1.2709707752738884,0.8190071475972764,,-0.02858849314766712,-0.02640246825954422,0.113675081,-0.09420068085063119,,4.913658e-05,7.033348e-06,-6.198883e-06,1.0,-2.8371811e-05,-2.6665628e-05,2.836436e-05,1.0,-3.2782555e-06,2.6676804e-05,3.2782555e-06,1.0,125,0.377,0,0,0.0,False,-0.2574949268828224,0.9934133940529963
0.4089605889748782,11:13:09.643050,NaN,0,,0.1229871,-0.0035992265,0.022884294,0.93775815,0.25564933,-0.23505938,0.18428819,0.20737314,0.9607467,0.29435927,-0.9442668,0.1473526,,0.025460191,0.0060215592,0.0067473054,-0.568835,-0.3583228,0.74029136,0.78281385,0.04017973,0.6209573,-0.25224793,0.9327327,0.25764441,,0.07481952,1.3022327,0.43178523,0.99612236,0.07736949,-0.04188276,0.027584098,-0.726709,-0.68639135,-0.08354233,0.6825745,-0.7260253,,-0.09965715,0.25538212,-0.09042963,-0.95878583,-0.15993977,0.23483817,0.28364614,-0.49059048,0.8239331,-0.016570302,0.8565864,0.51573753,,-0.011144382,0.4539341,-0.30055028,0.590756,0.21259634,-0.7783381,0.412863,0.7491553,0.51798695,0.69321823,-0.6273509,0.3547948,,1.1460998949321626,0.5332701504309508,0.20017180551000002,3.715076728715318,0.03156303144581674,-1.0049022725589334,-0.4080334772034294,,-0.15901879261315688,0.3010244047043972,0.19926051364000003,-3.634765480360745,0.49175476265582013,1.2709707752738884,0.8190071475972764,,-0.02858849314766712,-0.02640246825954422,0.113675081,-0.09420068085063119,,4.913658e-05,7.033348e-06,-6.198883e-06,1.0,-2.8371811e-05,-2.6665628e-05,2.836436e-05,1.0,-3.2782555e-06,2.6676804e-05,3.2782555e-06,1.0,140,0.424,0,0,0.0,False,-0.2568991496976123,0.9940410366631294
0.43187840306200087,11:13:09.682574,NaN,0,,0.12282548,-0.0035778582,0.023216233,0.9362029,0.26219898,-0.23404229,0.18137836,0.2099447,0.96074194,0.3010415,-0.94189966,0.14899358,,0.025495365,0.006029278,0.0067604184,-0.5685374,-0.35860738,0.7403821,0.7830694,0.039919168,0.62065184,-0.2521258,0.93263453,0.25811896,,0.07481952,1.3022327,0.43178523,0.99612236,0.07736949,-0.04188276,0.027584098,-0.726709,-0.68639135,-0.08354233,0.6825745,-0.7260253,,-0.09952802,0.25562835,-0.09067348,-0.9579294,-0.16664611,0.23366736,0.28603402,-0.4874482,0.82497203,-0.023577653,0.85710174,0.51460737,,-0.011181227,0.45394462,-0.30055004,0.59044015,0.21289572,-0.77849585,0.4130887,0.748942,0.5181154,0.6933528,-0.627504,0.35426062,,1.14786840076036,0.5335713370130456,0.19993069557,3.711511999676081,0.02404802395871752,-1.0048185146260318,-0.40803347720342953,,-0.15923502913363516,0.3010166819715229,0.19926180993000003,-3.6343461004737763,0.49175476265582013,1.2713791689745912,0.8193338357295445,,-0.02858849314766712,-0.02640246825954422,0.113675081,-0.09420068085063119,,4.913658e-05,7.033348e-06,-6.198883e-06,1.0,-2.8371811e-05,-2.6665628e-05,2.836436e-05,1.0,-3.2782555e-06,2.6676804e-05,3.2782555e-06,1.0,148,0.448,0,0,0.0,False,-0.2575545046013441,0.9941375970646882
0.4714201339520514,11:13:09.712697,NaN,0,,0.12279812,-0.0035445988,0.023414567,0.93367285,0.2714035,-0.23365583,0.1791157,0.21108216,0.96091723,0.3101169,-0.93903375,0.14846903,,0.025499508,0.006032869,0.006764114,-0.56815547,-0.35916325,0.74040586,0.7836709,0.038410127,0.6199875,-0.25111586,0.9324839,0.25964293,,0.07481952,1.3022327,0.43178523,0.99612236,0.07736949,-0.04188276,0.027584098,-0.726709,-0.68639135,-0.08354233,0.6825745,-0.7260253,,-0.09951944,0.255787,-0.09079975,-0.9563238,-0.17606534,0.23333621,0.29055288,-0.485178,0.82473105,-0.03199696,0.85650647,0.5151436,,-0.011185922,0.45394924,-0.30054945,0.5899025,0.21348652,-0.77874166,0.41418424,0.74788046,0.51877373,0.6931569,-0.6285685,0.3527538,,1.1487796832395185,0.5338648008622662,0.19980884431,3.7060600611454833,0.015576560973260212,-1.003464758926412,-0.4083601653356982,,-0.15930453372950318,0.3010244047043972,0.19925921735000002,-3.6330879608128694,0.4912082166567584,1.273295057911907,0.8194971797956792,,-0.02858849314766712,-0.02640246825954422,0.113675081,-0.09420068085063119,,4.913658e-05,7.033348e-06,-6.198883e-06,1.0,-2.8371811e-05,-2.6665628e-05,2.836436e-05,1.0,-3.2782555e-06,2.6676804e-05,3.2782555e-06,1.0,156,0.473,0,0,0.0,False,-0.2568991496976123,0.993799635659232
0.501569536048919,11:13:09.734929,NaN,0,,0.122755446,-0.003477946,0.023715913,0.9314768,0.2786779,-0.23385769,0.17586647,0.2177878,0.9600206,0.31846786,-0.93536466,0.15385416,,0.02551651,0.006033331,0.006772816,-0.5678947,-0.35934046,0.74051994,0.783744,0.038800925,0.6198709,-0.2514775,0.9323995,0.2595961,,0.07481952,1.3022327,0.43178523,0.99612236,0.07736949,-0.04188276,0.027584098,-0.726709,-0.68639135,-0.08354233,0.6825745,-0.7260253,,-0.09950502,0.25604007,-0.09098092,-0.9549962,-0.18355356,0.23300278,0.29383788,-0.4781363,0.82767445,-0.0405155,0.858891,0.51055336,,-0.011204047,0.45395386,-0.30055338,0.58969855,0.21366961,-0.7788459,0.41393897,0.748104,0.51864725,0.69347686,-0.62824017,0.35270965,,1.1500848250952624,0.5345212331565752,0.19963643774000003,3.7016565723323085,0.007105097987802903,-1.0075018000760692,-0.4083601653356981,,-0.1593972065239939,0.3010244047043972,0.19925792106,-3.6330879608128694,0.49161812615605477,1.2731241616810987,0.8191704916634106,,-0.02858849314766712,-0.02640246825954422,0.113675081,-0.09420068085063119,,4.913658e-05,7.033348e-06,-6.198883e-06,1.0,-2.8371811e-05,-2.6665628e-05,2.836436e-05,1.0,-3.2782555e-06,2.6676804e-05,3.2782555e-06,1.0,168,0.509,0,0,0.0,False,-0.25779281547542787,0.9937513554584525
0.5237908440176398,11:13:09.774835,NaN,0,,0.122691736,-0.003426373,0.024040654,0.9288328,0.2861004,-0.23540565,0.17617452,0.2178913,0.95994055,0.32593223,-0.93309695,0.15198097,,0.025539085,0.0060330033,0.0067822337,-0.5671686,-0.3598832,0.7408128,0.784436,0.038032055,0.6190425,-0.2509576,0.9322218,0.26073483,,0.07481952,1.3022327,0.43178523,0.99612236,0.07736949,-0.04188276,0.027584098,-0.726709,-0.68639135,-0.08354233,0.6825745,-0.7260253,,-0.09947217,0.25629872,-0.09119117,-0.9530812,-0.19115785,0.23472303,0.29919422,-0.4769385,0.8264457,-0.046033137,0.85789764,0.51175445,,-0.0112277875,0.4539578,-0.30055782,0.5888937,0.21424243,-0.77929735,0.41469762,0.7475207,0.51888216,0.69370747,-0.6287392,0.35136443,,1.1514054124167548,0.535270338245375,0.19943551279000002,3.695156184084288,0.0017762744969507258,-1.0048717553748605,-0.40787013313729537,,-0.15955166118147837,0.30100895923864873,0.19925532848000002,-3.6318298211519617,0.49161812615605477,1.2745127002634882,0.8193338357295445,,-0.02858849314766712,-0.02640246825954422,0.113675081,-0.09420068085063119,,4.913658e-05,7.033348e-06,-6.198883e-06,1.0,-2.8371811e-05,-2.6665628e-05,2.836436e-05,1.0,-3.2782555e-06,2.6676804e-05,3.2782555e-06,1.0,183,0.555,0,0,0.0,False,-0.2580311263495121,0.9939927564623499
0.5637164050713181,11:13:09.815160,NaN,0,,0.12267317,-0.0033216178,0.024550304,0.92025864,0.30692288,-0.24273925,0.18070894,0.21688497,0.9593253,0.3470854,-0.9266926,0.14412647,,0.025516018,0.006009266,0.0067896843,-0.5665067,-0.36063963,0.7409514,0.7849835,0.037419945,0.61838543,-0.2507407,0.93195426,0.26189756,,0.07475035,1.3022321,0.43178213,0.9961203,0.077425145,-0.04183019,0.027660394,-0.7267031,-0.6863946,-0.08354233,0.6825745,-0.7260253,,-0.09944212,0.25672007,-0.091507524,-0.94653445,-0.21253313,0.24269776,0.3170959,-0.47452924,0.82114077,-0.059352435,0.8541965,0.5165517,,-0.01114668,0.45395824,-0.3005856,0.58814055,0.21502948,-0.77964926,0.415174,0.7470194,0.51922303,0.6940614,-0.6290662,0.35007775,,1.1535909458201603,0.5365059755052509,0.19916718076,3.6746065696228047,-0.010930919981235236,-0.9975320037162941,-0.4081968212695639,,-0.1597833431677051,0.30100895923864873,0.19925143961000003,-3.630991061378024,0.49175476265582013,1.2757081422020409,0.8190071475972762,,-0.02858849314766712,-0.02640246825954422,0.113675081,-0.09420068085063119,,-1.9520521e-05,0.0,-7.1525574e-07,1.0,2.7228147e-05,2.561137e-05,-2.7239323e-05,1.0,3.1292439e-06,-2.560392e-05,-3.0994415e-06,1.0,191,0.579,0,0,0.0,False,-0.25695872741613357,0.9941375970646882
0.6040453840978444,11:13:09.841950,NaN,0,,0.12267755,-0.003272444,0.0247249,0.9162353,0.31666327,-0.24543253,0.18063158,0.22030061,0.9585613,0.3576101,-0.92260057,0.14464778,,0.025553763,0.006018162,0.006808579,-0.566393,-0.36086035,0.74093086,0.78494453,0.037733197,0.618416,-0.25111955,0.9318562,0.2618836,,0.07475035,1.3022321,0.43178213,0.9961203,0.077425145,-0.04183019,0.027660394,-0.7267031,-0.6863946,-0.08354233,0.6825745,-0.7260253,,-0.09946257,0.25687298,-0.09160301,-0.9435483,-0.22256845,0.24531578,0.32428443,-0.4697781,0.82106525,-0.06749925,0.8542668,0.51543385,,-0.011186964,0.45397353,-0.30058816,0.58808595,0.21525857,-0.77962726,0.41485822,0.7471859,0.5192359,0.6942965,-0.6287901,0.35010773,,1.1543168827103374,0.5368766666832137,0.19908032933000003,3.6662189718834237,-0.018855836967630782,-0.9981758156941305,-0.4088501975341008,,-0.16000730242105762,0.3010166819715229,0.19925014332000002,-3.6312007513215083,0.492028035655351,1.2754036276545073,0.8191704916634106,,-0.02858849314766712,-0.02640246825954422,0.113675081,-0.09420068085063119,,-1.9520521e-05,0.0,-7.1525574e-07,1.0,2.7228147e-05,2.561137e-05,-2.7239323e-05,1.0,3.1292439e-06,-2.560392e-05,-3.0994415e-06,1.0,199,0.604,0,0,0.0,False,-0.2566012611050077,0.9941375970646882
0.6307925351429731,11:13:09.864077,NaN,0,,0.12269725,-0.0031953603,0.025024563,0.91106033,0.3324835,-0.24376991,0.17414306,0.22559375,0.958531,0.3736887,-0.91573036,0.1476298,,0.025588185,0.0060293376,0.0068249702,-0.5661005,-0.36102694,0.74107325,0.7852002,0.037550986,0.6181023,-0.2509797,0.93179905,0.2622208,,0.07475035,1.3022321,0.43178213,0.9961203,0.077425145,-0.04183019,0.027660394,-0.7267031,-0.6863946,-0.08354233,0.6825745,-0.7260253,,-0.0995099,0.25712937,-0.09177083,-0.94005305,-0.23889337,0.24337259,0.33048713,-0.46210057,0.8229467,-0.08413391,0.8540451,0.51335025,,-0.011223604,0.45398888,-0.3005877,0.5877724,0.21543415,-0.77981514,0.41509756,0.7470413,0.51925266,0.69441885,-0.6289018,0.3496641,,1.1555602427030875,0.5374095352515352,0.19892995969000002,3.6580410640875276,-0.03538885343924907,-0.9989880288714621,-0.4090135416002354,,-0.16023126167441012,0.30103212743727137,0.19925014332000002,-3.630781371434539,0.492028035655351,1.2756486638749291,0.8196605238618133,,-0.02858849314766712,-0.02640246825954422,0.113675081,-0.09420068085063119,,-1.9520521e-05,0.0,-7.1525574e-07,1.0,2.7228147e-05,2.561137e-05,-2.7239323e-05,1.0,3.1292439e-06,-2.560392e-05,-3.0994415e-06,1.0,207,0.628,0,0,0.0,False,-0.25767366003838577,0.9935582346553347
0.6529659321531653,11:13:09.891147,NaN,0,,0.12265016,-0.003111273,0.025373384,0.90389115,0.35024774,-0.24557531,0.17162699,0.22891635,0.9581969,0.39182252,-0.9082531,0.14680347,,0.025647,0.0060442984,0.006850064,-0.5651543,-0.36182007,0.7414085,0.78612816,0.036370665,0.6169924,-0.25020587,0.9315381,0.26388192,,0.07475035,1.3022321,0.43178213,0.9961203,0.077425145,-0.04183019,0.027660394,-0.7267031,-0.6863946,-0.08354233,0.6825745,-0.7260253,,-0.099495426,0.25742733,-0.09197567,-0.9347094,-0.2572425,0.24524392,0.3411171,-0.45558313,0.82224274,-0.099786796,0.85221493,0.51358765,,-0.011285712,0.4540102,-0.30058792,0.5867088,0.21627219,-0.780384,0.41617388,0.7461498,0.51967275,0.69467413,-0.629672,0.3477658,,1.1572051848052973,0.5379346810869825,0.19874459022000002,3.644830597648002,-0.05096541441250929,-0.9969046240683431,-0.40672672467435533,,-0.16062512105099558,0.3010398501701456,0.19925014332000002,-3.629103851886663,0.4918913991555856,1.2774753353215773,0.8185171153988731,,-0.02858849314766712,-0.02640246825954422,0.113675081,-0.09420068085063119,,-1.9520521e-05,0.0,-7.1525574e-07,1.0,2.7228147e-05,2.561137e-05,-2.7239323e-05,1.0,3.1292439e-06,-2.560392e-05,-3.0994415e-06,1.0,215,0.652,0,0,0.0,False,-0.2568991496976123,0.9933168336514373
0.6800356809981167,11:13:09.914324,NaN,0,,0.122563645,-0.0030305237,0.025571957,0.8969987,0.3627079,-0.25265825,0.17712787,0.22875103,0.95723486,0.40499252,-0.90339124,0.14094359,,0.025690392,0.006054163,0.006867647,-0.56513774,-0.36224332,0.74121445,0.78614694,0.035999954,0.6169902,-0.25018436,0.9313881,0.2644316,,0.07475035,1.3022321,0.43178213,0.9961203,0.077425145,-0.04183019,0.027660394,-0.7267031,-0.6863946,-0.08354233,0.6825745,-0.7260253,,-0.09942723,0.25762454,-0.09207517,-0.92903596,-0.27011514,0.2528438,0.3543654,-0.45311972,0.81799,-0.10638299,0.84954125,0.516684,,-0.011331402,0.4540245,-0.3005884,0.5866889,0.21671782,-0.78027534,0.41620022,0.745841,0.52009475,0.69467515,-0.62988454,0.3473786,,1.158433099332299,0.5382204222033288,0.19865514621000002,3.629523231773632,-0.05738732990148499,-0.9924847699960169,-0.4077067890711611,,-0.16088769396871921,0.3010244047043972,0.19925014332000002,-3.629103851886663,0.49175476265582013,1.2778317894456956,0.8190071475972758,,-0.02858849314766712,-0.02640246825954422,0.113675081,-0.09420068085063119,,-1.9520521e-05,0.0,-7.1525574e-07,1.0,2.7228147e-05,2.561137e-05,-2.7239323e-05,1.0,3.1292439e-06,-2.560392e-05,-3.0994415e-06,1.0,230,0.698,0,0,0.0,False,-0.25779281547542787,0.9935099544545551
0.7032046159729362,11:13:09.956652,NaN,0,,0.12236659,-0.002865702,0.02615349,0.8771376,0.40057933,-0.26488805,0.18232194,0.23251274,0.95535153,0.4442839,-0.8862697,0.13091123,,0.025763981,0.0060717314,0.0068983436,-0.56491125,-0.36268184,0.7411726,0.7862311,0.03602317,0.6168816,-0.25043118,0.9312165,0.26480186,,0.07475035,1.3022321,0.43178213,0.9961203,0.077425145,-0.04183019,0.027660394,-0.7267031,-0.6863946,-0.08354233,0.6825745,-0.7260253,,-0.099284716,0.25814587,-0.09240991,-0.9129842,-0.30939963,0.26595446,0.38552833,-0.4409014,0.81053925,-0.13352084,0.84254247,0.52181834,,-0.0114089865,0.45404983,-0.3005891,0.5865013,0.21717691,-0.78028864,0.41605017,0.74578434,0.52029604,0.69492334,-0.6297935,0.347047,,1.1617229835367189,0.5386837861757823,0.19835829580000003,3.5917790419464177,-0.0844413568550422,-0.9833292660063344,-0.4086868534679666,,-0.16132788974255,0.3010166819715229,0.19925143961000003,-3.629103851886663,0.4918913991555856,1.2778020502821397,0.8188438035311416,,-0.02858849314766712,-0.02640246825954422,0.113675081,-0.09420068085063119,,-1.9520521e-05,0.0,-7.1525574e-07,1.0,2.7228147e-05,2.561137e-05,-2.7239323e-05,1.0,3.1292439e-06,-2.560392e-05,-3.0994415e-06,1.0,238,0.723,0,0,0.0,False,-0.25767366003838577,0.9931237128483195
0.745536768110469,11:13:09.985679,NaN,0,,0.12233445,-0.0028116703,0.026424512,0.87028164,0.41583967,-0.26398325,0.17583537,0.23834243,0.9551307,0.46009967,-0.8776504,0.13430563,,0.025775,0.006071642,0.0069015026,-0.5644353,-0.36245784,0.7416447,0.78668654,0.035987794,0.61630285,-0.25007403,0.93130505,0.26482794,,0.07475035,1.3022321,0.43178213,0.9961203,0.077425145,-0.04183019,0.027660394,-0.7267031,-0.6863946,-0.08354233,0.6825745,-0.7260253,,-0.09927806,0.2583688,-0.09257631,-0.90779054,-0.3253279,0.26472265,0.39164624,-0.4316272,0.8125953,-0.15009844,0.841344,0.51924056,,-0.011420363,0.45405078,-0.30059025,0.5859712,0.21694256,-0.780752,0.41656053,0.7457981,0.5198678,0.69506484,-0.629858,0.3466465,,1.1630126799267142,0.5388536862990152,0.19821700019000002,3.5827623743765833,-0.10124764632619138,-0.9841636795966945,-0.41064698226157825,,-0.16140511707129226,0.30100895923864873,0.19925143961000003,-3.628265092112725,0.4918913991555856,1.2779654077624207,0.8188438035311423,,-0.02858849314766712,-0.02640246825954422,0.113675081,-0.09420068085063119,,-1.9520521e-05,0.0,-7.1525574e-07,1.0,2.7228147e-05,2.561137e-05,-2.7239323e-05,1.0,3.1292439e-06,-2.560392e-05,-3.0994415e-06,1.0,246,0.747,0,0,0.0,False,-0.2571374605716965,0.9932685534506578
0.7745401770807803,11:13:10.011186,NaN,0,,0.122230545,-0.0027507544,0.026796833,0.859387,0.43672812,-0.26593685,0.172301,0.24233663,0.95476973,0.481421,-0.8663379,0.1330122,,0.02577366,0.006072119,0.0069013834,-0.56387585,-0.36255643,0.742022,0.7872435,0.035561383,0.61561596,-0.24958289,0.9312831,0.26536804,,0.07475035,1.3022321,0.43178213,0.9961203,0.077425145,-0.04183019,0.027660394,-0.7267031,-0.6863946,-0.08354233,0.6825745,-0.7260253,,-0.099209666,0.25866827,-0.09281869,-0.8990632,-0.34714615,0.26678616,0.4038483,-0.42221498,0.811567,-0.16909127,0.8373912,0.5197924,,-0.011419018,0.45405117,-0.30058995,0.58533704,0.21704862,-0.7811981,0.4172269,0.7455061,0.5197522,0.69519943,-0.63016707,0.34581378,,1.164897026748025,0.5390081409564996,0.19800700121000003,3.5661968688413053,-0.12051339279311848,-0.9807055661965834,-0.40803347720342953,,-0.1614205625370407,0.3010244047043972,0.19925143961000003,-3.627216642395302,0.4918913991555856,1.2787821951638265,0.818190427266605,,-0.02858849314766712,-0.02640246825954422,0.113675081,-0.09420068085063119,,-1.9520521e-05,0.0,-7.1525574e-07,1.0,2.7228147e-05,2.561137e-05,-2.7239323e-05,1.0,3.1292439e-06,-2.560392e-05,-3.0994415e-06,1.0,254,0.771,0,0,0.0,False,-0.2579715486309908,0.992834031643643
0.8000702729914337,11:13:10.042357,NaN,0,,0.122073695,-0.0027013123,0.027117118,0.8531443,0.45040548,-0.2632103,0.1682856,0.23996061,0.9560852,0.49378607,-0.85997313,0.12892422,,0.02577424,0.006074831,0.006901622,-0.5636521,-0.363693,0.7416357,0.7874675,0.03447503,0.61539125,-0.24938142,0.93088067,0.2669645,,0.07475035,1.3022321,0.43178213,0.9961203,0.077425145,-0.04183019,0.027660394,-0.7267031,-0.6863946,-0.08354233,0.6825745,-0.7260253,,-0.09908372,0.2589273,-0.09303472,-0.8941079,-0.36140996,0.2644882,0.40946192,-0.42045265,0.80966693,-0.18141691,0.8322274,0.5239136,,-0.01141966,0.45405307,-0.300588,0.58508265,0.21824636,-0.7810549,0.41749796,0.74461615,0.5208092,0.6952508,-0.63080525,0.3445446,,1.1667659281035874,0.5390853682852419,0.19781515029000002,3.5573898912149557,-0.13335722377106987,-0.97317271789418,-0.4090135416002352,,-0.16143600800278915,0.3010398501701456,0.19925273590000003,-3.6267972625083336,0.4918913991555856,1.2805791274469187,0.818190427266605,,-0.02858849314766712,-0.02640246825954422,0.113675081,-0.09420068085063119,,-1.9520521e-05,0.0,-7.1525574e-07,1.0,2.7228147e-05,2.561137e-05,-2.7239323e-05,1.0,3.1292439e-06,-2.560392e-05,-3.0994415e-06,1.0,273,0.829,0,0,0.0,False,-0.25922268071993226,0.9924477900374071
0.8311907281167805,11:13:10.095745,NaN,0,,0.12185022,-0.0026454031,0.027653173,0.83945286,0.4755656,-0.26297572,0.16331938,0.24076867,0.956743,0.51831037,-0.84608966,0.1244449,,0.025785074,0.006067112,0.006905377,-0.56328356,-0.3636706,0.7419266,0.78764343,0.034977853,0.6151377,-0.24965857,0.9308707,0.26674032,,0.07475035,1.3022321,0.43178213,0.9961203,0.077425145,-0.04183019,0.027660394,-0.7267031,-0.6863946,-0.08354233,0.6825745,-0.7260253,,-0.09891224,0.25933883,-0.093411095,-0.88292897,-0.38777775,0.26469776,0.42289007,-0.41191417,0.80714977,-0.20396194,0.8245939,0.5276783,,-0.011430843,0.4540493,-0.30059525,0.58475804,0.21821949,-0.7813055,0.41737077,0.7449456,0.5204399,0.6956002,-0.6304255,0.3445345,,1.169607893801302,0.5391703183468584,0.19748589263000002,3.5376790365274107,-0.15658542873119474,-0.9641964805629369,-0.4073801009388923,,-0.1614823444000345,0.30100895923864873,0.19925014332000002,-3.626587572564848,0.492301308654882,1.2803265524759702,0.8186804594650079,,-0.02858849314766712,-0.02640246825954422,0.113675081,-0.09420068085063119,,-1.9520521e-05,0.0,-7.1525574e-07,1.0,2.7228147e-05,2.561137e-05,-2.7239323e-05,1.0,3.1292439e-06,-2.560392e-05,-3.0994415e-06,1.0,281,0.854,0,0,0.0,False,-0.2584481703791588,0.9930271524467609
0.8846305271144956,11:13:10.120301,NaN,0,,0.121696666,-0.0026141256,0.027953848,0.8326763,0.48627827,-0.2649218,0.161682,0.24406907,0.9561847,0.529631,-0.83902544,0.1246081,,0.025787659,0.0060638487,0.006905794,-0.5627095,-0.36330372,0.74254173,0.7882014,0.03497374,0.6144228,-0.24919158,0.9310141,0.26667643,,0.07475035,1.3022321,0.43178213,0.9961203,0.077425145,-0.04183019,0.027660394,-0.7267031,-0.6863946,-0.08354233,0.6825745,-0.7260253,,-0.09878796,0.2595711,-0.09362458,-0.87730414,-0.39906958,0.26661,0.42959905,-0.40531436,0.80694795,-0.2139675,0.8224742,0.52702385,,-0.011433427,0.4540471,-0.3005977,0.5841131,0.21783522,-0.7818949,0.41801852,0.7450032,0.51983714,0.6957531,-0.6304903,0.34410703,,1.1712760041021344,0.5392398229427264,0.19729663429000002,3.5276139192401534,-0.16696980271336823,-0.9625897340538163,-0.40999360599704093,,-0.1615132353315314,0.3010012365057745,0.19924884703,-3.6255391228474263,0.492301308654882,1.2804899099562512,0.8180270832004706,,-0.02858849314766712,-0.02640246825954422,0.113675081,-0.09420068085063119,,-1.9520521e-05,0.0,-7.1525574e-07,1.0,2.7228147e-05,2.561137e-05,-2.7239323e-05,1.0,3.1292439e-06,-2.560392e-05,-3.0994415e-06,1.0,293,0.89,0,0,0.0,False,-0.25785239319394915,0.992834031643643
0.9091653991490602,11:13:10.158241,NaN,0,,0.12156354,-0.0025907904,0.028220132,0.825863,0.49748462,-0.26544145,0.1605297,0.2438328,0.9564391,0.54053706,-0.83249897,0.12151134,,0.025803812,0.006066844,0.0069168806,-0.56199735,-0.36419082,0.7426465,0.78888404,0.033889562,0.6136069,-0.24863797,0.9307076,0.26825854,,0.07475035,1.3022321,0.43178213,0.9961203,0.077425145,-0.04183019,0.027660394,-0.7267031,-0.6863946,-0.08354233,0.6825745,-0.7260253,,-0.09868084,0.2597734,-0.09381631,-0.87159514,-0.4108563,0.26743025,0.43639296,-0.40172476,0.80509526,-0.22334513,0.81842184,0.5294362,,-0.011451107,0.45405528,-0.3006014,0.58331704,0.21877187,-0.78222764,0.41879693,0.74415463,0.52042586,0.69595283,-0.63116777,0.3424571,,1.1727201551496145,0.5392707138742233,0.19712811659,3.5175488019528958,-0.1766709941967145,-0.9574561400561494,-0.4101569500631752,,-0.1616445217903932,0.3010166819715229,0.19924495816,-3.6242809831865186,0.492301308654882,1.2823685209794844,0.8178637391343362,,-0.02858849314766712,-0.02640246825954422,0.113675081,-0.09420068085063119,,-1.9520521e-05,0.0,-7.1525574e-07,1.0,2.7228147e-05,2.561137e-05,-2.7239323e-05,1.0,3.1292439e-06,-2.560392e-05,-3.0994415e-06,1.0,305,0.926,0,0,0.0,False,-0.2589843698458485,0.9933168336514373
0.9471239750273526,11:13:10.187623,NaN,0,,0.12149523,-0.0025360584,0.028463706,0.8173521,0.51225483,-0.26368636,0.15587941,0.24398783,0.95716846,0.5546504,-0.8234469,0.11957389,,0.025829494,0.0060696155,0.0069396496,-0.56179327,-0.36462116,0.7425897,0.7889477,0.033926755,0.613523,-0.24889717,0.9305377,0.26860723,,0.07475035,1.3022321,0.43178213,0.9961203,0.077425145,-0.04183019,0.027660394,-0.7267031,-0.6863946,-0.08354233,0.6825745,-0.7260253,,-0.09863553,0.2599804,-0.09396494,-0.86456126,-0.4264276,0.26588216,0.44282413,-0.3963467,0.80424875,-0.23757234,0.81306136,0.53149843,,-0.01147996,0.45407063,-0.30061218,0.5831537,0.21922246,-0.7822233,0.41862673,0.74410766,0.5206299,0.6961921,-0.6310668,0.34215674,,1.173978960608113,0.5393016048057202,0.19701404307000003,3.5070643047786696,-0.19129109967161662,-0.9519870448317368,-0.40983026193090666,,-0.16181442191362616,0.30103212743727137,0.19923458784000003,-3.6242809831865186,0.4925745816544128,1.282554078872794,0.8183537713327391,,-0.02858849314766712,-0.02640246825954422,0.113675081,-0.09420068085063119,,-1.9520521e-05,0.0,-7.1525574e-07,1.0,2.7228147e-05,2.561137e-05,-2.7239323e-05,1.0,3.1292439e-06,-2.560392e-05,-3.0994415e-06,1.0,324,0.985,0,0,0.0,False,-0.2590439475643693,0.9935099544545551
0.9764731600880623,11:13:10.244079,NaN,0,,0.12146634,-0.002434224,0.029054984,0.7888043,0.5538199,-0.26659197,0.14184491,0.2580033,0.95567477,0.5980533,-0.7916551,0.12495759,,0.025876358,0.0060570687,0.006988287,-0.56031704,-0.36550808,0.7432687,0.79015934,0.033217043,0.6120006,-0.24838036,0.93021524,0.2701976,,0.07475035,1.3022321,0.43178213,0.9961203,0.077425145,-0.04183019,0.027660394,-0.7267031,-0.6863946,-0.08354233,0.6825745,-0.7260253,,-0.098662294,0.26045257,-0.09433529,-0.8405632,-0.47064427,0.26823035,0.46292588,-0.3669132,0.8068918,-0.28134173,0.8024143,0.52628714,,-0.0115334755,0.4540919,-0.30064958,0.5816014,0.22015667,-0.7831161,0.41964385,0.74350023,0.5206788,0.6968779,-0.6314574,0.34003338,,1.1762957804703804,0.5392861593399717,0.19675737765,3.4739332937081153,-0.23610787159468108,-0.949665364538206,-0.41064698226157803,,-0.16216194489296626,0.3010166819715229,0.19920088430000002,-3.6221840837516734,0.4929844911537091,1.2844251511455,0.8185171153988735,,-0.02858849314766712,-0.02640246825954422,0.113675081,-0.09420068085063119,,-1.9520521e-05,0.0,-7.1525574e-07,1.0,2.7228147e-05,2.561137e-05,-2.7239323e-05,1.0,3.1292439e-06,-2.560392e-05,-3.0994415e-06,1.0,357,1.086,0,0,0.0,False,-0.2590439475643693,0.9925926306397457
