Task Time,PC1 Time,PC2 Time,Gaze Calib,s_T_psm1,Tx,Ty,Tz,R00,R01,R02,R10,R11,R12,R20,R21,R22,s_T_psm3,Tx,Ty,Tz,R00,R01,R02,R10,R11,R12,R20,R21,R22,cart_T_ecm,Tx,Ty,Tz,R00,R01,R02,R10,R11,R12,R20,R21,R22,ecm_T_psm1,Tx,Ty,Tz,R00,R01,R02,R10,R11,R12,R20,R21,R22,ecm_T_psm3,Tx,Ty,Tz,R00,R01,R02,R10,R11,R12,R20,R21,R22,psm1_joints,q1,q2,q3,q4,q5,q6,jaw,psm3_joints,q1,q2,q3,q4,q5,q6,jaw,ecm_joints,q1,q2,q3,q4,ecmi_T_ecm,Tx,Ty,Tz,R00,R01,R02,R10,R11,R12,R20,R21,R22,Sample #,Task Duration (s),Collisions (binary),Collisions (increments),Cumulative Collision Time (s),Clutch Press,MTMR Angle,MTML Angle
""
lci_T_si,,,,,-0.053492907,0.03067575,0.21583572,0.9922148,0.027492212,0.12146585,0.10393389,-0.72013074,-0.6860098,0.06861137,0.6932935,-0.7173818
rci_T_si,,,,,-0.06295502,0.034948092,0.22635663,0.9921467,0.010968016,0.12459805,0.0950465,-0.7136615,-0.6940126,0.08130889,0.7004049,-0.70909935
ecm_T_lc,,,,,-4.4061628e-05,-0.00034663224,-0.01840835,-0.99912,0.030754527,0.028518902,-0.031987965,-0.99852574,-0.043852776,0.027128186,-0.04472645,0.9986309
ecm_T_rc,,,,,-0.0043358393,0.01870579,-0.007592615,-0.99555075,-0.052743673,-0.078081585,0.04863213,-0.9973746,0.053654674,-0.08070653,0.04961868,0.9955021
cart_T_ecmi,,,,,0.07476978,1.3022323,0.43178007,0.9961213,0.07739788,-0.04185594,0.027623024,-0.72670597,-0.686393,-0.08354233,0.6825745,-0.7260253
ecmac_T_ecmrep_psm1,,,,,0.012989772,-0.26409563,-0.29155013,0.99659246,0.08125139,0.014199966,-0.079952136,0.9939098,-0.07583538,-0.020275215,0.07444165,0.99701923
ecmac_T_ecmrep_psm3,,,,,0.016264312,-0.47033283,-0.5183238,0.99978954,0.020288749,-0.0030332562,-0.020227978,0.99961716,0.018877296,0.0034150917,-0.018811967,0.9998172
""
0,11:16:49.795314,NaN,0,,0.12475686,-0.00079740584,0.022049993,0.84580636,0.31309414,-0.43195307,0.3225051,0.34490353,0.88149416,0.42497283,-0.8848805,0.19074717,,0.023572981,0.003124304,0.0123256445,-0.40876216,-0.028797872,0.9121863,0.90943617,-0.096539974,0.404482,0.07641423,0.9949124,0.065651685,,0.074783616,1.3022308,0.43178296,0.99612164,0.07738821,-0.041865073,0.02760977,-0.72670704,-0.6863924,-0.08354233,0.6825745,-0.7260253,,-0.10126129,0.25681123,-0.08779685,-0.8777227,-0.22068729,0.4253234,0.47835678,-0.35190272,0.80457395,-0.027886782,0.90964913,0.41444027,,-0.010054602,0.4562696,-0.30659676,0.38124126,-0.12083196,-0.916545,0.7184409,0.66266125,0.21147752,0.5818056,-0.7391074,0.33944443,,1.1422462512279246,0.5448156360779165,0.20260753442,3.506854614835185,0.033749215442063794,-1.1282229243472328,-0.4109736703938467,,-0.16839419032246544,0.2961204693292646,0.19187814209,-3.2631949005061682,0.2951348394933514,1.1861832395312115,0.8704605284295742,,-0.030951232622554444,-0.025656340004316647,0.11367150912,-0.09289233806103908,,1.3500452e-05,4.1127205e-06,-1.7881393e-06,0.99999994,-9.670854e-06,-9.0785325e-06,9.655952e-06,1.0,-1.1324883e-06,9.085983e-06,1.1622906e-06,1.0,41,0.123,0,0,0.0,False,-0.2596993024681016,1.0449283682846786
0.12113748909905553,11:16:49.835579,NaN,0,,0.12470348,-0.0006316602,0.022692725,0.8397087,0.33085176,-0.4306114,0.3153632,0.34843946,0.8826868,0.4420805,-0.87699884,0.18824914,,0.023571812,0.0031109974,0.012323797,-0.40891004,-0.02894646,0.91211534,0.90938145,-0.096464574,0.40462312,0.076274395,0.9949155,0.065768674,,0.074783616,1.3022308,0.43178296,0.99612164,0.07738821,-0.041865073,0.02760977,-0.72670704,-0.6863924,-0.08354233,0.6825745,-0.7260253,,-0.10126765,0.2573665,-0.088164344,-0.8734192,-0.2390654,0.42424825,0.484811,-0.3449558,0.8037187,-0.045794424,0.9076636,0.41719258,,-0.010053005,0.4562594,-0.30660546,0.3814093,-0.12068649,-0.91649425,0.71831983,0.6627322,0.2116664,0.5818449,-0.73906755,0.3394637,,1.1446943575490538,0.5463679053856356,0.20226142499000002,3.4976282573218667,0.016669652971383734,-1.122871954099939,-0.40983026193090666,,-0.16836329939096853,0.2960586874662708,0.19187295693000003,-3.2634045904496527,0.2951348394933514,1.186264918271352,0.8706238724957084,,-0.030951232622554444,-0.025656340004316647,0.11367150912,-0.09289233806103908,,1.3500452e-05,4.1127205e-06,-1.7881393e-06,0.99999994,-9.670854e-06,-9.0785325e-06,9.655952e-06,1.0,-1.1324883e-06,9.085983e-06,1.1622906e-06,1.0,49,0.146,0,0,0.0,False,-0.2589843698458485,1.045411170292473
0.16140866302885115,11:16:49.868190,NaN,0,,0.124682456,-0.000491783,0.023141831,0.83588123,0.33991265,-0.4310009,0.31003255,0.3555968,0.8817203,0.45297047,-0.8706379,0.19185275,,0.023574762,0.0031079724,0.012326002,-0.40890422,-0.028965384,0.9121173,0.9093853,-0.096455455,0.40461648,0.07625881,0.9949157,0.06578171,,0.074783616,1.3022308,0.43178296,0.99612164,0.07738821,-0.041865073,0.02760977,-0.72670704,-0.6863924,-0.08354233,0.6825745,-0.7260253,,-0.10128791,0.25777152,-0.088403665,-0.87074596,-0.24858463,0.42427257,0.48833445,-0.3358753,0.8054299,-0.05771481,0.9085117,0.41385448,,-0.01005621,0.4562586,-0.3066089,0.38140583,-0.120667934,-0.9164981,0.7183104,0.6627408,0.21167116,0.5818588,-0.7390628,0.33945027,,1.146385636048509,0.5475958199126373,0.20204105569000003,3.492176318791269,0.005465459990617618,-1.1247623159158084,-0.4126071110551893,,-0.16837874485671697,0.29604324200052234,0.19187036435000002,-3.2634045904496527,0.2951348394933514,1.186264918271352,0.8706238724957084,,-0.030951232622554444,-0.025656340004316647,0.11367150912,-0.09289233806103908,,1.3500452e-05,4.1127205e-06,-1.7881393e-06,0.99999994,-9.670854e-06,-9.0785325e-06,9.655952e-06,1.0,-1.1324883e-06,9.085983e-06,1.1622906e-06,1.0,61,0.183,0,0,0.0,False,-0.2596993024681016,1.0453146098909143
0.19403152400627732,11:16:49.902103,NaN,0,,0.124668196,-0.000380978,0.023687199,0.8290632,0.35899937,-0.4286881,0.30141202,0.35881656,0.8834033,0.47096166,-0.861609,0.18927488,,0.023573793,0.0031058118,0.012326002,-0.40890193,-0.02896019,0.91211855,0.90938693,-0.09644613,0.40461516,0.07625258,0.9949168,0.065773025,,0.074783616,1.3022308,0.43178296,0.99612164,0.07738821,-0.041865073,0.02760977,-0.72670704,-0.6863924,-0.08354233,0.6825745,-0.7260253,,-0.10132464,0.25821888,-0.08873291,-0.8658341,-0.2684012,0.4222464,0.49431992,-0.32846707,0.80483365,-0.07732428,0.90557724,0.41707408,,-0.010055231,0.45625725,-0.30661058,0.3814045,-0.12067336,-0.916498,0.7183067,0.66274726,0.21166383,0.5818643,-0.73905617,0.33945525,,1.1483085965341908,0.5487310616451483,0.20173642754,3.483159651221434,-0.013527013476778605,-1.1191583548590138,-0.4127704551213236,,-0.16837102212384275,0.29603551926764815,0.19186906806,-3.2634045904496527,0.2951348394933514,1.186264918271352,0.8706238724957084,,-0.030951232622554444,-0.025656340004316647,0.11367150912,-0.09289233806103908,,1.3500452e-05,4.1127205e-06,-1.7881393e-06,0.99999994,-9.670854e-06,-9.0785325e-06,9.655952e-06,1.0,-1.1324883e-06,9.085983e-06,1.1622906e-06,1.0,72,0.217,0,0,0.0,False,-0.2590439475643693,1.04478352768234
0.2279548100195825,11:16:49.936447,NaN,0,,0.12470214,-0.00035217404,0.02407442,0.8237763,0.37293366,-0.42698106,0.2920875,0.3663041,0.88346255,0.48587784,-0.8524915,0.19282344,,0.023571461,0.00310532,0.012327731,-0.40895268,-0.029077165,0.91209203,0.90935373,-0.09663716,0.4046442,0.07637605,0.99489486,0.06596142,,0.074783616,1.3022308,0.43178296,0.99612164,0.07738821,-0.041865073,0.02760977,-0.72670704,-0.6863924,-0.08354233,0.6825745,-0.7260253,,-0.101395376,0.25849718,-0.08899649,-0.86216027,-0.2830315,0.4202057,0.49764702,-0.31755874,0.80715793,-0.09501111,0.9050136,0.41463628,,-0.010053178,0.45625848,-0.3066123,0.38143638,-0.12055205,-0.9165007,0.7183803,0.6626164,0.21182375,0.5817526,-0.7391933,0.3393482,,1.149382056403708,0.5493720484737089,0.20149402131000002,3.4774980227473518,-0.03087984894698954,-1.120363884235994,-0.41015695006317543,,-0.16836329939096853,0.29603551926764815,0.19186647548000002,-3.2634045904496527,0.2949982029935859,1.186458014915189,0.8704605284295741,,-0.030951232622554444,-0.025656340004316647,0.11367150912,-0.09289233806103908,,1.3500452e-05,4.1127205e-06,-1.7881393e-06,0.99999994,-9.670854e-06,-9.0785325e-06,9.655952e-06,1.0,-1.1324883e-06,9.085983e-06,1.1622906e-06,1.0,80,0.24,0,0,0.0,False,-0.2590439475643693,1.0445904068792222
0.2622948170173913,11:16:49.957982,NaN,0,,0.12469259,-0.0003849715,0.024297386,0.8179589,0.38151652,-0.43056726,0.29212794,0.36930764,0.8821979,0.49558485,-0.8473825,0.19062683,,0.023570962,0.0031033233,0.012327969,-0.4091178,-0.02923283,0.912013,0.90928733,-0.09661719,0.40479827,0.07628271,0.99489224,0.06610884,,0.074783616,1.3022308,0.43178296,0.99612164,0.07738821,-0.041865073,0.02760977,-0.72670704,-0.6863924,-0.08354233,0.6825745,-0.7260253,,-0.10140793,0.25862232,-0.08918373,-0.8573078,-0.29201943,0.42396697,0.5044718,-0.31237206,0.8049422,-0.10262332,0.9039626,0.41511455,,-0.010052696,0.45625737,-0.306614,0.38161454,-0.120398045,-0.91644675,0.7182873,0.6626466,0.21204454,0.5817506,-0.73919135,0.33935595,,1.149930370437778,0.5496346213914326,0.20131642958,3.4686910451210022,-0.03825821993432332,-1.1194930780652428,-0.407706789071161,,-0.1683555766580943,0.2960277965347739,0.19186517919,-3.2636142803931367,0.2949982029935859,1.1865396936553296,0.8702971843634398,,-0.030951232622554444,-0.025656340004316647,0.11367150912,-0.09289233806103908,,1.3500452e-05,4.1127205e-06,-1.7881393e-06,0.99999994,-9.670854e-06,-9.0785325e-06,9.655952e-06,1.0,-1.1324883e-06,9.085983e-06,1.1622906e-06,1.0,95,0.286,0,0,0.0,False,-0.2590439475643693,1.04478352768234
0.2837044009938836,11:16:50.002315,NaN,0,,0.12462552,-0.0004892349,0.024780184,0.8060883,0.40015244,-0.43600395,0.29402238,0.3685866,0.88187003,0.51358765,-0.8390602,0.17945954,,0.02357766,0.003096439,0.012327492,-0.40910128,-0.029267617,0.91201925,0.9092984,-0.09658268,0.4047814,0.076238275,0.9948946,0.066125095,,0.074783616,1.3022308,0.43178296,0.99612164,0.07738821,-0.041865073,0.02760977,-0.72670704,-0.6863924,-0.08354233,0.6825745,-0.7260253,,-0.10138945,0.2588711,-0.08961529,-0.84720343,-0.31138113,0.4304511,0.51853687,-0.3083365,0.79752624,-0.115610845,0.8988717,0.42268634,,-0.010059156,0.45625156,-0.30661812,0.3816048,-0.12036443,-0.9164552,0.71826047,0.66267574,0.21204424,0.58179003,-0.7391707,0.33933324,,1.1511660076976538,0.5501211535625087,0.20090291307000002,3.4504480200378485,-0.050828777912743844,-1.1103861332871399,-0.40934022973250384,,-0.16837874485671697,0.2959814601375286,0.19186388290000003,-3.2636142803931367,0.2949982029935859,1.1865396936553296,0.8702971843634398,,-0.030951232622554444,-0.025656340004316647,0.11367150912,-0.09289233806103908,,1.3500452e-05,4.1127205e-06,-1.7881393e-06,0.99999994,-9.670854e-06,-9.0785325e-06,9.655952e-06,1.0,-1.1324883e-06,9.085983e-06,1.1622906e-06,1.0,103,0.31,0,0,0.0,False,-0.2593418361569748,1.04478352768234
0.32814470189623535,11:16:50.033407,NaN,0,,0.12463124,-0.00050359964,0.024974406,0.8033785,0.40546018,-0.4361019,0.29053873,0.372373,0.88143384,0.5197789,-0.8348295,0.18135461,,0.023577057,0.0030917302,0.012326121,-0.40926152,-0.029345706,0.91194487,0.90923524,-0.09651354,0.40493983,0.07613179,0.994899,0.06618142,,0.074783616,1.3022308,0.43178296,0.99612164,0.07738821,-0.041865073,0.02760977,-0.72670704,-0.6863924,-0.08354233,0.6825745,-0.7260253,,-0.10141413,0.2589899,-0.089767724,-0.8451595,-0.3170125,0.43035868,0.5202322,-0.3029817,0.7984739,-0.12273537,0.8987242,0.42098793,,-0.010058295,0.45624748,-0.30662075,0.38178006,-0.120288774,-0.91639215,0.7181595,0.662735,0.21220107,0.5817997,-0.7391299,0.33940554,,1.1519305582522021,0.550576794802088,0.20069291409,3.442479802185436,-0.06271615339233716,-1.112862907946495,-0.40983026193090644,,-0.16836329939096853,0.2959582919389059,0.19186258661000002,-3.263823970336621,0.2949982029935859,1.1865396936553296,0.8702971843634398,,-0.030951232622554444,-0.025656340004316647,0.11367150912,-0.09289233806103908,,1.3500452e-05,4.1127205e-06,-1.7881393e-06,0.99999994,-9.670854e-06,-9.0785325e-06,9.655952e-06,1.0,-1.1324883e-06,9.085983e-06,1.1622906e-06,1.0,115,0.347,0,0,0.0,False,-0.25975888018662197,1.044735247481561
0.35925655509345233,11:16:50.058840,NaN,0,,0.12465438,-0.00047127903,0.025328755,0.7906642,0.42151847,-0.44404072,0.2891801,0.38215268,0.87768686,0.5396526,-0.8223634,0.18025962,,0.023575783,0.003088899,0.012327194,-0.40925923,-0.02934049,0.91194606,0.9092369,-0.0965043,0.40493855,0.07612562,0.99490005,0.06617272,,0.074783616,1.3022308,0.43178296,0.99612164,0.07738821,-0.041865073,0.02760977,-0.72670704,-0.6863924,-0.08354233,0.6825745,-0.7260253,,-0.10147089,0.25924942,-0.090005584,-0.83444726,-0.334044,0.4383062,0.5331779,-0.28824776,0.7953833,-0.13935225,0.8974006,0.41863245,,-0.010057172,0.45624653,-0.3066237,0.38177872,-0.1202942,-0.916392,0.7181558,0.66274136,0.21219374,0.5818052,-0.7391233,0.3394105,,1.1525947132793855,0.5509552087129249,0.20055032219000002,3.429898405576365,-0.07392034637310328,-1.1132830524398343,-0.4103202941293095,,-0.1683555766580943,0.29595056920603163,0.19185999403,-3.263823970336621,0.2949982029935859,1.1865396936553296,0.8702971843634398,,-0.030951232622554444,-0.025656340004316647,0.11367150912,-0.09289233806103908,,1.3500452e-05,4.1127205e-06,-1.7881393e-06,0.99999994,-9.670854e-06,-9.0785325e-06,9.655952e-06,1.0,-1.1324883e-06,9.085983e-06,1.1622906e-06,1.0,123,0.371,0,0,0.0,False,-0.25922268071993226,1.0446869672807815
0.3846922470256686,11:16:50.082814,NaN,0,,0.12462509,-0.00045920908,0.025548398,0.7876486,0.42602217,-0.44510067,0.2869941,0.38557172,0.87690866,0.54520077,-0.8184372,0.18142918,,0.0235769,0.0030864999,0.012326181,-0.40925404,-0.029195763,0.9119531,0.90924037,-0.09642431,0.40494972,0.076111674,0.994912,0.06600799,,0.074783616,1.3022308,0.43178296,0.99612164,0.07738821,-0.041865073,0.02760977,-0.72670704,-0.6863924,-0.08354233,0.6825745,-0.7260253,,-0.10146275,0.2594067,-0.090161934,-0.8320166,-0.33885154,0.4392358,0.5354228,-0.28332633,0.7956435,-0.14515795,0.8971654,0.41716105,,-0.010058083,0.456244,-0.30662465,0.38177565,-0.12044004,-0.91637415,0.71814734,0.6627867,0.21208052,0.5818176,-0.7390588,0.33952954,,1.1533283729024366,0.5513413453566361,0.20040643400000002,3.4261239865936433,-0.07952244286348634,-1.1140240364974174,-0.41113701445998085,,-0.1683555766580943,0.2959351237402832,0.19185999403,-3.263823970336621,0.2949982029935859,1.1863763361750483,0.8699704962311713,,-0.030951232622554444,-0.025656340004316647,0.11367150912,-0.09289233806103908,,1.3500452e-05,4.1127205e-06,-1.7881393e-06,0.99999994,-9.670854e-06,-9.0785325e-06,9.655952e-06,1.0,-1.1324883e-06,9.085983e-06,1.1622906e-06,1.0,131,0.396,0,0,0.0,False,-0.2590439475643693,1.0444938464776636
0.4086550180800259,11:16:50.109385,NaN,0,,0.124569625,-0.00039327145,0.02585271,0.7809485,0.43269405,-0.4504388,0.28995362,0.38760066,0.8750386,0.5532144,-0.8139666,0.17723495,,0.0235833,0.0030796453,0.0123256445,-0.40957257,-0.029172592,0.9118108,0.9091151,-0.096200764,0.40528393,0.0758937,0.9949343,0.065922424,,0.074783616,1.3022308,0.43178296,0.99612164,0.07738821,-0.041865073,0.02760977,-0.72670704,-0.6863924,-0.08354233,0.6825745,-0.7260253,,-0.10143592,0.25966188,-0.090346806,-0.82607615,-0.3458913,0.44492406,0.54332936,-0.27918792,0.7917369,-0.14963748,0.89577526,0.4185634,,-0.010064245,0.4562382,-0.30662873,0.38212502,-0.12046909,-0.91622466,0.7179423,0.6629511,0.21226083,0.5818413,-0.7389066,0.3398201,,1.1544790601006962,0.5521290641098071,0.2002379163,3.4154297994759326,-0.08334826485691868,-1.1116394438551827,-0.4096669178647723,,-0.16837102212384275,0.29588878734303786,0.19185869774000003,-3.2642433502235906,0.2949982029935859,1.1861312999546267,0.8701338402973057,,-0.030951232622554444,-0.025656340004316647,0.11367150912,-0.09289233806103908,,1.3500452e-05,4.1127205e-06,-1.7881393e-06,0.99999994,-9.670854e-06,-9.0785325e-06,9.655952e-06,1.0,-1.1324883e-06,9.085983e-06,1.1622906e-06,1.0,142,0.43,0,0,0.0,False,-0.2590439475643693,1.044735247481561
0.4352365320082754,11:16:50.141081,NaN,0,,0.12450731,-0.00031796098,0.026153892,0.7726443,0.44119847,-0.45646954,0.29365966,0.3890921,0.8731388,0.5628362,-0.80867255,0.1710676,,0.023587413,0.0030767098,0.012325048,-0.40956417,-0.029193647,0.91181386,0.9091208,-0.09618467,0.405275,0.07587102,0.99493533,0.065934286,,0.074783616,1.3022308,0.43178296,0.99612164,0.07738821,-0.041865073,0.02760977,-0.72670704,-0.6863924,-0.08354233,0.6825745,-0.7260253,,-0.101401806,0.25992233,-0.09052366,-0.81868297,-0.35484284,0.4514917,0.55294967,-0.27499565,0.78652656,-0.15493506,0.8935681,0.4213445,,-0.010068192,0.45623535,-0.30663016,0.38212004,-0.12044862,-0.9162294,0.71792865,0.6629652,0.21226309,0.58186144,-0.7388974,0.3398058,,1.1556838064290753,0.5528704464657327,0.20007847263000003,3.402429022979892,-0.08799390584894365,-1.107769556389364,-0.4095035737986381,,-0.16838646758959122,0.29586561914441517,0.19185869774000003,-3.2642433502235906,0.2949982029935859,1.1861312999546267,0.8701338402973057,,-0.030951232622554444,-0.025656340004316647,0.11367150912,-0.09289233806103908,,1.3500452e-05,4.1127205e-06,-1.7881393e-06,0.99999994,-9.670854e-06,-9.0785325e-06,9.655952e-06,1.0,-1.1324883e-06,9.085983e-06,1.1622906e-06,1.0,150,0.453,0,0,0.0,False,-0.2602950796533112,1.0445904068792222
0.46692961803637445,11:16:50.166604,NaN,0,,0.12437786,-0.00025698543,0.02641806,0.7720516,0.44256803,-0.45614657,0.2925439,0.3896981,0.873243,0.56422895,-0.8076316,0.1713964,,0.023588262,0.0030735955,0.012324691,-0.40960678,-0.029324219,0.9117906,0.90909314,-0.096357316,0.4052961,0.075972706,0.99491477,0.06612706,,0.074783616,1.3022308,0.43178296,0.99612164,0.07738821,-0.041865073,0.02760977,-0.72670704,-0.6863924,-0.08354233,0.6825745,-0.7260253,,-0.10129755,0.26015097,-0.090688325,-0.8182451,-0.35629684,0.45114017,0.55308366,-0.27392322,0.7868065,-0.15675892,0.8933189,0.4211983,,-0.01006894,0.45623285,-0.30663213,0.38214716,-0.120314315,-0.9162358,0.7179891,0.6628493,0.21242046,0.58176905,-0.73902315,0.33969036,,1.1571279574765552,0.5534110377669283,0.19992162154,3.401170883318985,-0.08977018034589437,-1.1064028023814507,-0.4096669178647723,,-0.16838646758959122,0.29584245094579253,0.19185740145000002,-3.2642433502235906,0.29486156649382045,1.1863243965984638,0.8699704962311714,,-0.030951232622554444,-0.025656340004316647,0.11367150912,-0.09289233806103908,,1.3500452e-05,4.1127205e-06,-1.7881393e-06,0.99999994,-9.670854e-06,-9.0785325e-06,9.655952e-06,1.0,-1.1324883e-06,9.085983e-06,1.1622906e-06,1.0,158,0.478,0,0,0.0,False,-0.2588652144088064,1.044976648485458
0.492450931109488,11:16:50.193226,NaN,0,,0.12427749,-0.00021204352,0.02658555,0.76782393,0.44626632,-0.45966578,0.29482037,0.390877,0.87194955,0.56879455,-0.8050227,0.16855627,,0.023591869,0.0030645356,0.012322068,-0.4095886,-0.029339127,0.91179824,0.9091054,-0.09630886,0.40528002,0.07592368,0.99491906,0.06611936,,0.074783616,1.3022308,0.43178296,0.99612164,0.07738821,-0.041865073,0.02760977,-0.72670704,-0.6863924,-0.08354233,0.6825745,-0.7260253,,-0.101213135,0.26030156,-0.09079003,-0.814443,-0.36021087,0.45489645,0.5580482,-0.27150157,0.7841359,-0.15894917,0.8924881,0.42213756,,-0.010071984,0.45622438,-0.30663672,0.38213643,-0.12030084,-0.916242,0.7179595,0.6628869,0.2124031,0.58181256,-0.7389917,0.33968437,,1.158085576352959,0.5536349970202809,0.19982958495000003,3.394251115183996,-0.09168309134261053,-1.104842951729701,-0.4096669178647723,,-0.16838646758959122,0.29578839181567296,0.19185610516,-3.2642433502235906,0.29486156649382045,1.1863243965984638,0.8702971843634398,,-0.030951232622554444,-0.025656340004316647,0.11367150912,-0.09289233806103908,,1.3500452e-05,4.1127205e-06,-1.7881393e-06,0.99999994,-9.670854e-06,-9.0785325e-06,9.655952e-06,1.0,-1.1324883e-06,9.085983e-06,1.1622906e-06,1.0,166,0.502,0,0,0.0,False,-0.2585077480976805,1.0449283682846786
0.519074555952102,11:16:50.220535,NaN,0,,0.12410678,-0.0001334399,0.026776135,0.76316065,0.45034623,-0.4634369,0.29712412,0.3923156,0.87052035,0.57384914,-0.80204535,0.16559115,,0.023597501,0.003053464,0.01231879,-0.40989992,-0.029531062,0.91165215,0.9089849,-0.09615919,0.40558577,0.075686395,0.9949278,0.06625891,,0.074783616,1.3022308,0.43178296,0.99612164,0.07738821,-0.041865073,0.02760977,-0.72670704,-0.6863924,-0.08354233,0.6825745,-0.7260253,,-0.101060405,0.2604963,-0.090891995,-0.81025416,-0.36453614,0.45891345,0.5633828,-0.26866135,0.7812944,-0.16151774,0.891591,0.42305738,,-0.010076931,0.45621386,-0.3066422,0.38248155,-0.1201143,-0.9161225,0.7177427,0.66301733,0.21272859,0.58185333,-0.73890495,0.33980304,,1.15956834106481,0.5537894516777654,0.19973495578000003,3.386492587275068,-0.09427918483815391,-1.1028076902996096,-0.4101569500631752,,-0.16838646758959122,0.29571888721980494,0.19185480887000003,-3.2646627301105595,0.29486156649382045,1.1863243965984638,0.8699704962311714,,-0.030951232622554444,-0.025656340004316647,0.11367150912,-0.09289233806103908,,1.3500452e-05,4.1127205e-06,-1.7881393e-06,0.99999994,-9.670854e-06,-9.0785325e-06,9.655952e-06,1.0,-1.1324883e-06,9.085983e-06,1.1622906e-06,1.0,174,0.527,0,0,0.0,False,-0.25922268071993226,1.0445904068792222
0.5463771929498762,11:16:50.244635,NaN,0,,0.123993635,-8.004904e-05,0.02689454,0.7607971,0.45389417,-0.4638616,0.29617757,0.39314476,0.87046885,0.57746553,-0.79963565,0.16467014,,0.023603283,0.0030468926,0.012316704,-0.40988368,-0.029558502,0.9116585,0.90899587,-0.096122354,0.40557,0.075642705,0.9949305,0.06626752,,0.074783616,1.3022308,0.43178296,0.99612164,0.07738821,-0.041865073,0.02760977,-0.72670704,-0.6863924,-0.08354233,0.6825745,-0.7260253,,-0.10095841,0.26062104,-0.09095284,-0.80826616,-0.36828676,0.4594243,0.5652222,-0.26662445,0.7806634,-0.16501422,0.8906606,0.42366737,,-0.010082244,0.45620722,-0.3066451,0.38247195,-0.12008804,-0.91612995,0.71771634,0.6630475,0.21272342,0.58189213,-0.7388822,0.33978623,,1.1605722963384593,0.5537817289448912,0.19968051160000003,3.383137548179316,-0.0979683703318208,-1.1011879454821958,-0.4090135416002352,,-0.16840191305533966,0.29567255082255955,0.19185480887000003,-3.2646627301105595,0.29486156649382045,1.1863243965984638,0.8699704962311714,,-0.030951232622554444,-0.025656340004316647,0.11367150912,-0.09289233806103908,,1.3500452e-05,4.1127205e-06,-1.7881393e-06,0.99999994,-9.670854e-06,-9.0785325e-06,9.655952e-06,1.0,-1.1324883e-06,9.085983e-06,1.1622906e-06,1.0,185,0.561,0,0,0.0,False,-0.2599376133421849,1.0442041652729868
0.5704840989783406,11:16:50.274795,NaN,0,,0.123812586,7.7188015e-06,0.027091712,0.75376666,0.46027002,-0.4690279,0.29685238,0.39827392,0.86790353,0.58627164,-0.79342884,0.16357338,,0.02361577,0.0030375645,0.012316465,-0.4100257,-0.029484719,0.9115971,0.9089447,-0.09593099,0.4057299,0.07548761,0.99495125,0.066134155,,0.074783616,1.3022308,0.43178296,0.99612164,0.07738821,-0.041865073,0.02760977,-0.72670704,-0.6863924,-0.08354233,0.6825745,-0.7260253,,-0.100795895,0.26082754,-0.09105438,-0.8021095,-0.37515086,0.46463132,0.57198024,-0.25900954,0.7783012,-0.17163642,0.8900426,0.42233288,,-0.010094438,0.45619926,-0.30665067,0.38263643,-0.12016646,-0.916051,0.7175859,0.66318285,0.21274161,0.5819449,-0.73874795,0.33998767,,1.1627732752076132,0.5537353925476458,0.19956254921000002,3.3703464616267595,-0.10712301581610531,-1.1014824262478888,-0.4090135416002352,,-0.168448249452585,0.29560304622669153,0.19185351258000002,-3.264872420054044,0.29486156649382045,1.186079360378042,0.8701338402973054,,-0.030951232622554444,-0.025656340004316647,0.11367150912,-0.09289233806103908,,1.3500452e-05,4.1127205e-06,-1.7881393e-06,0.99999994,-9.670854e-06,-9.0785325e-06,9.655952e-06,1.0,-1.1324883e-06,9.085983e-06,1.1622906e-06,1.0,193,0.584,0,0,0.0,False,-0.2599376133421849,1.0442041652729868
0.600647937040776,11:16:50.303484,NaN,0,,0.1236146,0.00012974441,0.027250752,0.7481173,0.46659827,-0.47181198,0.29555902,0.4022908,0.8664912,0.5941089,-0.78768533,0.16305336,,0.023791961,0.003080435,0.012329817,-0.41036415,-0.029463425,0.91144556,0.9087976,-0.09587267,0.40607285,0.07541841,0.99495745,0.066118985,,0.074814595,1.3022337,0.43178135,0.99612284,0.077357545,-0.04189404,0.02756773,-0.7267103,-0.6863907,-0.08354233,0.6825745,-0.7260253,,-0.100638,0.26103842,-0.091102235,-0.79725206,-0.38192242,0.46746597,0.57658076,-0.2525123,0.77704066,-0.17872834,0.88902915,0.42152506,,-0.010297073,0.45621678,-0.30661082,0.38302195,-0.12019012,-0.91588676,0.7174672,0.6632253,0.21300948,0.5818376,-0.738706,0.3402623,,1.1637000031525202,0.5536890561504004,0.19952236422000003,3.3651042130396474,-0.1121785663074266,-1.1008721496371656,-0.4096669178647724,,-0.16848686311695613,0.2955335416308235,0.19185092,-3.265082109997529,0.29472492999405503,1.1860274208014574,0.8698071521650369,,-0.030951232622554444,-0.025656340004316647,0.11367150912,-0.09289233806103908,,4.4584274e-05,3.33786e-06,-3.8146973e-06,1.0,-4.030764e-05,-3.7889928e-05,4.029274e-05,1.0,-4.6491623e-06,3.7889928e-05,4.6789646e-06,1.0,201,0.609,0,0,0.0,False,-0.2588652144088064,1.0443007256745458
0.6293297139927745,11:16:50.329732,NaN,0,,0.123448655,0.00021018088,0.027398244,0.7417745,0.47241917,-0.4760154,0.29527414,0.40722948,0.86427844,0.60214925,-0.7816548,0.16257927,,0.023784846,0.0030714646,0.012339473,-0.41055652,-0.029499285,0.91135776,0.90867203,-0.09641302,0.40622598,0.07588336,0.9949042,0.066388175,,0.074814595,1.3022337,0.43178135,0.99612284,0.077357545,-0.04189404,0.02756773,-0.7267103,-0.6863907,-0.08354233,0.6825745,-0.7260253,,-0.10048584,0.26120546,-0.0911708,-0.7917209,-0.38822,0.47166008,0.5820782,-0.24512681,0.775305,-0.18537235,0.8883682,0.42004645,,-0.010291391,0.45621863,-0.30662456,0.3831433,-0.12013997,-0.91584253,0.717744,0.66282606,0.21331932,0.58141613,-0.7390724,0.34018713,,1.1651055405356292,0.5535191560271675,0.19946532746,3.3562972354132965,-0.11914702779546407,-1.1013157420591901,-0.4095035737986381,,-0.16846369491833346,0.29550265069932663,0.19183536452000002,-3.265082109997529,0.2941783839949933,1.186309734935962,0.8698071521650369,,-0.030951232622554444,-0.025656340004316647,0.11367150912,-0.09289233806103908,,4.4584274e-05,3.33786e-06,-3.8146973e-06,1.0,-4.030764e-05,-3.7889928e-05,4.029274e-05,1.0,-4.6491623e-06,3.7889928e-05,4.6789646e-06,1.0,209,0.633,0,0,0.0,False,-0.259580147031059,1.044638687080002
0.6555528889875859,11:16:50.355146,NaN,0,,0.12334414,0.00026375055,0.027485177,0.7384538,0.4766406,-0.47696924,0.29370147,0.40937018,0.8638029,0.6069805,-0.77796507,0.1623109,,0.02377171,0.0030592903,0.0123487115,-0.41055644,-0.029517137,0.91135716,0.90867215,-0.096420586,0.406224,0.07588294,0.99490297,0.06640746,,0.074814595,1.3022337,0.43178135,0.99612284,0.077357545,-0.04189404,0.02756773,-0.7267103,-0.6863907,-0.08354233,0.6825745,-0.7260253,,-0.10038938,0.26130885,-0.09120764,-0.78890765,-0.39274383,0.47262776,0.5843154,-0.241297,0.77482337,-0.19026342,0.88742775,0.41984734,,-0.010279653,0.45621872,-0.30664095,0.38314328,-0.120122045,-0.9158449,0.71774375,0.6628222,0.21333213,0.5814165,-0.73907876,0.34017274,,1.1660013775490392,0.553364701369683,0.19943680908000003,3.352103436543606,-0.1243392147865508,-1.1005940475447704,-0.41064698226157803,,-0.16840191305533966,0.29549492796645244,0.19181851275000003,-3.265082109997529,0.2941783839949933,1.1863914136761022,0.8696438080989025,,-0.030951232622554444,-0.025656340004316647,0.11367150912,-0.09289233806103908,,4.4584274e-05,3.33786e-06,-3.8146973e-06,1.0,-4.030764e-05,-3.7889928e-05,4.029274e-05,1.0,-4.6491623e-06,3.7889928e-05,4.6789646e-06,1.0,217,0.658,0,0,0.0,False,-0.259580147031059,1.0444938464776636
0.6809968799352646,11:16:50.380145,NaN,0,,0.12319145,0.00033447146,0.027590021,0.7295872,0.48298204,-0.48418054,0.29592836,0.41530892,0.8602005,0.61654586,-0.770874,0.1600759,,0.023758307,0.0030512437,0.012352526,-0.41055927,-0.02937664,0.9113605,0.9086702,-0.096366376,0.40624115,0.07589045,0.9949124,0.066257805,,0.074814595,1.3022337,0.43178135,0.99612284,0.077357545,-0.04189404,0.02756773,-0.7267103,-0.6863907,-0.08354233,0.6825745,-0.7260253,,-0.10024643,0.2614395,-0.09125015,-0.7809725,-0.3996461,0.47996348,0.59282994,-0.23248845,0.7710394,-0.19655694,0.8866973,0.41848928,,-0.01026689,0.45621768,-0.30665073,0.38314497,-0.120263,-0.9158257,0.7177482,0.66284883,0.21323429,0.5814098,-0.739032,0.34028575,,1.1671752329459213,0.5530866829862109,0.19940440183000002,3.339522039934535,-0.13089776677529194,-1.1013718936778842,-0.41048363819544353,,-0.16833240845947164,0.29549492796645244,0.19180814243000002,-3.265082109997529,0.2941783839949933,1.186309734935962,0.8698071521650369,,-0.030951232622554444,-0.025656340004316647,0.11367150912,-0.09289233806103908,,4.4584274e-05,3.33786e-06,-3.8146973e-06,1.0,-4.030764e-05,-3.7889928e-05,4.029274e-05,1.0,-4.6491623e-06,3.7889928e-05,4.6789646e-06,1.0,232,0.704,0,0,0.0,False,-0.26017592421626956,1.0440593246706484
0.7059819321148098,11:16:50.411717,NaN,0,,0.12301661,0.00040341914,0.027710691,0.72159684,0.49286813,-0.48618817,0.2933886,0.41838574,0.8595792,0.6270734,-0.7629118,0.15730387,,0.023752585,0.0030432865,0.012357116,-0.41105753,-0.029677607,0.9111261,0.90846753,-0.096242964,0.40672332,0.07561886,0.99491537,0.06652251,,0.074814595,1.3022337,0.43178135,0.99612284,0.077357545,-0.04189404,0.02756773,-0.7267103,-0.6863907,-0.08354233,0.6825745,-0.7260253,,-0.10008299,0.26158056,-0.091307335,-0.7740775,-0.4102053,0.4822195,0.5984033,-0.2254099,0.7688328,-0.20668225,0.8836979,0.41995293,,-0.010261826,0.4562163,-0.30666018,0.38368103,-0.119967505,-0.91564,0.71747345,0.66297036,0.2137806,0.58139545,-0.738971,0.34044266,,1.1686271067262755,0.5525538144178894,0.19936032797000003,3.3288278528168243,-0.14196532325629263,-1.098309591508735,-0.41130035852611524,,-0.1682937947951005,0.29547948250070394,0.19179906840000002,-3.2657111798279823,0.2941783839949933,1.1863914136761025,0.8699704962311713,,-0.030951232622554444,-0.025656340004316647,0.11367150912,-0.09289233806103908,,4.4584274e-05,3.33786e-06,-3.8146973e-06,1.0,-4.030764e-05,-3.7889928e-05,4.029274e-05,1.0,-4.6491623e-06,3.7889928e-05,4.6789646e-06,1.0,240,0.728,0,0,0.0,False,-0.2603546573718325,1.0450249286862374
0.7375695889350027,11:16:50.441157,NaN,0,,0.12282819,0.0004734844,0.02784215,0.7090409,0.50503314,-0.49214083,0.2906955,0.42651,0.8564959,0.6424618,-0.7503537,0.15560207,,0.023754768,0.00303597,0.012356639,-0.41104457,-0.029688247,0.9111317,0.90847635,-0.096208364,0.40671188,0.075583905,0.99491835,0.06651698,,0.074814595,1.3022337,0.43178135,0.99612284,0.077357545,-0.04189404,0.02756773,-0.7267103,-0.6863907,-0.08354233,0.6825745,-0.7260253,,-0.09990708,0.26173037,-0.091372855,-0.76311076,-0.4233968,0.48825926,0.607353,-0.21163581,0.7657236,-0.22087178,0.8808776,0.4186529,,-0.010263816,0.45621076,-0.30666503,0.38367337,-0.119957864,-0.9156445,0.71745235,0.6629972,0.21376817,0.58142656,-0.73894846,0.34043843,,1.1700326441093842,0.5518742139249577,0.19931884669000002,3.313939866829423,-0.15726861123002195,-1.0979192398355395,-0.40917688566636956,,-0.1682937947951005,0.29544086883633286,0.19179647582,-3.2657111798279823,0.2941783839949933,1.1863914136761025,0.8699704962311713,,-0.030951232622554444,-0.025656340004316647,0.11367150912,-0.09289233806103908,,4.4584274e-05,3.33786e-06,-3.8146973e-06,1.0,-4.030764e-05,-3.7889928e-05,4.029274e-05,1.0,-4.6491623e-06,3.7889928e-05,4.6789646e-06,1.0,248,0.752,0,0,0.0,False,-0.26005676877922745,1.044107604871428
0.76700458698906,11:16:50.471681,NaN,0,,0.12262764,0.0005455911,0.027993307,0.69648147,0.516817,-0.49780893,0.28542662,0.4369665,0.85299003,0.65836555,-0.7361796,0.15682572,,0.023766585,0.003027968,0.012358546,-0.41302884,-0.030756481,0.91019833,0.90766734,-0.09563503,0.40864876,0.07447827,0.99494123,0.06741668,,0.074814595,1.3022337,0.43178135,0.99612284,0.077357545,-0.04189404,0.02756773,-0.7267103,-0.6863907,-0.08354233,0.6825745,-0.7260253,,-0.09972095,0.26189554,-0.09145254,-0.75223106,-0.43632832,0.49372667,0.61473566,-0.19503087,0.7642402,-0.23716769,0.8783966,0.41493484,,-0.010275682,0.45620534,-0.30667108,0.38581187,-0.11891251,-0.91488194,0.71633905,0.66352874,0.21584232,0.5813841,-0.73864025,0.34117895,,1.1715462997527324,0.5511096633704095,0.19926958767000003,3.3001003305594443,-0.17407490070117113,-1.0998971557878674,-0.41064698226157814,,-0.16830924026084895,0.29537908697333903,0.19179388324000002,-3.268227459149797,0.2941783839949933,1.1863914136761025,0.8699704962311713,,-0.030951232622554444,-0.025656340004316647,0.11367150912,-0.09289233806103908,,4.4584274e-05,3.33786e-06,-3.8146973e-06,1.0,-4.030764e-05,-3.7889928e-05,4.029274e-05,1.0,-4.6491623e-06,3.7889928e-05,4.6789646e-06,1.0,256,0.777,0,0,0.0,False,-0.26041423509035333,1.0444938464776636
0.7975322289858013,11:16:50.495696,NaN,0,,0.12249424,0.00058956444,0.028116092,0.6869314,0.52805114,-0.49928677,0.27985704,0.44183722,0.85232615,0.6706752,-0.72521853,0.15573302,,0.023776516,0.003026031,0.012360096,-0.41404608,-0.031361677,0.9097154,0.9072038,-0.09598991,0.40959385,0.07447788,0.9948881,0.0681957,,0.074814595,1.3022337,0.43178135,0.99612284,0.077357545,-0.04189404,0.02756773,-0.7267103,-0.6863907,-0.08354233,0.6825745,-0.7260253,,-0.099599354,0.2620173,-0.091524616,-0.74400383,-0.44849047,0.49529248,0.61933404,-0.18468893,0.7630959,-0.2507662,0.8744978,0.41517466,,-0.010285723,0.456204,-0.3066727,0.3868231,-0.11830193,-0.9145341,0.71614784,0.6633231,0.21710522,0.58094764,-0.7389229,0.34131038,,1.1726274823551237,0.5505150129390942,0.19922421752000002,3.290035213272187,-0.18855836967630782,-1.0976432705924923,-0.4101569500631752,,-0.1683478539252201,0.29532502784321946,0.19179258695,-3.2692759088672196,0.2936318379959315,1.1867554065507475,0.8701338402973056,,-0.030951232622554444,-0.025656340004316647,0.11367150912,-0.09289233806103908,,4.4584274e-05,3.33786e-06,-3.8146973e-06,1.0,-4.030764e-05,-3.7889928e-05,4.029274e-05,1.0,-4.6491623e-06,3.7889928e-05,4.6789646e-06,1.0,279,0.847,0,0,0.0,False,-0.26106958999408425,1.0444938464776636
0.8215336280409247,11:16:50.561106,NaN,0,,0.12184565,0.0007584989,0.02850394,0.64562076,0.56123674,-0.51786786,0.2741794,0.46256834,0.8431228,0.71274084,-0.6863263,0.1447641,,0.023786545,0.003014885,0.012356877,-0.4145239,-0.031036183,0.909509,0.9069316,-0.09660086,0.41005284,0.07513282,0.9948392,0.06819102,,0.074814595,1.3022337,0.43178135,0.99612284,0.077357545,-0.04189404,0.02756773,-0.7267103,-0.6863907,-0.08354233,0.6825745,-0.7260253,,-0.098988675,0.26243624,-0.09175088,-0.70704454,-0.4849466,0.51469874,0.64541984,-0.14507966,0.7499234,-0.2890005,0.86242604,0.41557193,,-0.010295006,0.4561929,-0.3066778,0.38719967,-0.118608736,-0.91433495,0.7164982,0.66283613,0.21743639,0.5802644,-0.7393106,0.34163287,,1.1768749854359473,0.5481827476110783,0.19908032933000003,3.240967766496808,-0.22968595610570539,-1.0912238233065361,-0.4114637025922494,,-0.16837874485671697,0.29520146411723186,0.19178999437000002,-3.269485598810704,0.29267538249757347,1.1866368657350763,0.8699704962311711,,-0.030951232622554444,-0.025656340004316647,0.11367150912,-0.09289233806103908,,4.4584274e-05,3.33786e-06,-3.8146973e-06,1.0,-4.030764e-05,-3.7889928e-05,4.029274e-05,1.0,-4.6491623e-06,3.7889928e-05,4.6789646e-06,1.0,287,0.871,0,0,0.0,False,-0.26017592421626956,1.0445904068792222
0.8869488590862602,11:16:50.587341,NaN,0,,0.12167616,0.0008096546,0.028654113,0.6339752,0.5703871,-0.5222393,0.26747087,0.47189793,0.8401022,0.72562706,-0.6722878,0.14660963,,0.02378241,0.0030172244,0.0123564005,-0.41479844,-0.032209545,0.90934294,0.9067095,-0.09842116,0.41011107,0.07628906,0.9946234,0.07002963,,0.074814595,1.3022337,0.43178135,0.99612284,0.077357545,-0.04189404,0.02756773,-0.7267103,-0.6863907,-0.08354233,0.6825745,-0.7260253,,-0.09883371,0.26258355,-0.09184134,-0.6968056,-0.49526194,0.51882327,0.6496694,-0.12926188,0.7491469,-0.30395985,0.85907334,0.41182694,,-0.010290882,0.45619467,-0.30667618,0.38729888,-0.117393926,-0.9144497,0.717223,0.66159105,0.21883424,0.57930195,-0.7406186,0.34043112,,1.1788056686545034,0.5471479014059323,0.19899607048,3.222724741413655,-0.2552369815618427,-1.0921968989328357,-0.407706789071161,,-0.16837102212384275,0.2951628504528608,0.19178740179,-3.2692759088672196,0.2914456539996845,1.1885380930098903,0.8701338402973056,,-0.030951232622554444,-0.025656340004316647,0.11367150912,-0.09289233806103908,,4.4584274e-05,3.33786e-06,-3.8146973e-06,1.0,-4.030764e-05,-3.7889928e-05,4.029274e-05,1.0,-4.6491623e-06,3.7889928e-05,4.6789646e-06,1.0,295,0.896,0,0,0.0,False,-0.259580147031059,1.04391448406831
0.9131554260384291,11:16:50.612232,NaN,0,,0.12140879,0.0008724481,0.028906181,0.6131737,0.5865025,-0.52918124,0.2583949,0.48412627,0.8359748,0.7464918,-0.6493355,0.14530414,,0.023786068,0.003010951,0.012355804,-0.41473734,-0.032176703,0.90937203,0.9067502,-0.09823513,0.41006577,0.07613769,0.9946429,0.06991799,,0.074814595,1.3022337,0.43178135,0.99612284,0.077357545,-0.04189404,0.02756773,-0.7267103,-0.6863907,-0.08354233,0.6825745,-0.7260253,,-0.09859098,0.26281276,-0.092007205,-0.6782626,-0.5133242,0.52579284,0.657979,-0.10570679,0.7455801,-0.3271444,0.8516598,0.4094535,,-0.010294331,0.45618957,-0.30668005,0.38726088,-0.11743163,-0.91446096,0.7171329,0.66172683,0.21871887,0.57943887,-0.74049133,0.34047502,,1.179994969517134,0.5464528554472521,0.19892736711000003,3.207627065482769,-0.270813542535103,-1.091175317751544,-0.4114637025922494,,-0.16837874485671697,0.29513195952136384,0.19178610550000003,-3.2692759088672196,0.2915822904994499,1.1884266751061938,0.8698071521650369,,-0.030951232622554444,-0.025656340004316647,0.11367150912,-0.09289233806103908,,4.4584274e-05,3.33786e-06,-3.8146973e-06,1.0,-4.030764e-05,-3.7889928e-05,4.029274e-05,1.0,-4.6491623e-06,3.7889928e-05,4.6789646e-06,1.0,307,0.932,0,0,0.0,False,-0.26005676877922745,1.044011044469869
0.9380795711185783,11:16:50.643312,NaN,0,,0.12109867,0.000907585,0.029110357,0.5967464,0.59727484,-0.53586984,0.25226596,0.49431008,0.831877,0.7617451,-0.63160133,0.14430562,,0.023792006,0.0030074045,0.012358546,-0.4147283,-0.03221246,0.90937483,0.90675634,-0.098223716,0.4100548,0.076113254,0.99464285,0.06994501,,0.074814595,1.3022337,0.43178135,0.99612284,0.077357545,-0.04189404,0.02756773,-0.7267103,-0.6863907,-0.08354233,0.6825745,-0.7260253,,-0.098301515,0.26299176,-0.09215979,-0.6634843,-0.5255973,0.53248113,0.66449416,-0.08687182,0.7422269,-0.3438548,0.8462865,0.4068944,,-0.01030057,0.45618844,-0.30668396,0.38725558,-0.11739642,-0.9144677,0.7171182,0.6617388,0.2187308,0.57946056,-0.7404862,0.34044915,,1.1818638708726963,0.545348504646238,0.19882366391000003,3.190013110230069,-0.28925947000343744,-1.0904276802771253,-0.4106469822615779,,-0.16840963578821389,0.2951087913227412,0.19178351292,-3.2692759088672196,0.2915822904994499,1.1884266751061938,0.8698071521650369,,-0.030951232622554444,-0.025656340004316647,0.11367150912,-0.09289233806103908,,4.4584274e-05,3.33786e-06,-3.8146973e-06,1.0,-4.030764e-05,-3.7889928e-05,4.029274e-05,1.0,-4.6491623e-06,3.7889928e-05,4.6789646e-06,1.0,315,0.957,0,0,0.0,False,-0.2607717014014801,1.043721363265192
