Task Time,PC1 Time,PC2 Time,Gaze Calib,s_T_psm1,Tx,Ty,Tz,R00,R01,R02,R10,R11,R12,R20,R21,R22,s_T_psm3,Tx,Ty,Tz,R00,R01,R02,R10,R11,R12,R20,R21,R22,cart_T_ecm,Tx,Ty,Tz,R00,R01,R02,R10,R11,R12,R20,R21,R22,ecm_T_psm1,Tx,Ty,Tz,R00,R01,R02,R10,R11,R12,R20,R21,R22,ecm_T_psm3,Tx,Ty,Tz,R00,R01,R02,R10,R11,R12,R20,R21,R22,psm1_joints,q1,q2,q3,q4,q5,q6,jaw,psm3_joints,q1,q2,q3,q4,q5,q6,jaw,ecm_joints,q1,q2,q3,q4,ecmi_T_ecm,Tx,Ty,Tz,R00,R01,R02,R10,R11,R12,R20,R21,R22,Sample #,Task Duration (s),Collisions (binary),Collisions (increments),Cumulative Collision Time (s),Clutch Press,MTMR Angle,MTML Angle
""
lci_T_si,,,,,-0.06157159,0.04152868,0.22879153,0.9963892,-0.044589914,0.07225141,0.02304879,-0.6769711,-0.73564863,0.08171462,0.7346577,-0.6734989
rci_T_si,,,,,-0.0697916,0.045884646,0.23612434,0.99452025,-0.07259439,0.0752301,0.0089150695,-0.65808904,-0.75288737,0.1041635,0.7494324,-0.65383565
ecm_T_lc,,,,,-4.4061628e-05,-0.00034663224,-0.01840835,-0.99912,0.030754527,0.028518902,-0.031987965,-0.99852574,-0.043852776,0.027128186,-0.04472645,0.9986309
ecm_T_rc,,,,,-0.0043358393,0.01870579,-0.007592615,-0.99555075,-0.052743673,-0.078081585,0.04863213,-0.9973746,0.053654674,-0.08070653,0.04961868,0.9955021
cart_T_ecmi,,,,,0.05739347,1.32317,0.43427047,0.99676204,0.07867292,-0.016614562,0.041293304,-0.67813617,-0.7337753,-0.068995185,0.7307133,-0.679189
ecmac_T_ecmrep_psm1,,,,,-0.0033900698,-0.29259828,-0.274185,0.99793226,0.043159027,0.047628522,-0.040498573,0.99763834,-0.055476554,-0.049910355,0.053432956,0.99732333
ecmac_T_ecmrep_psm3,,,,,-0.030876445,-0.5082754,-0.4984752,0.99144465,-0.07732987,0.105155215,0.05830459,0.98314613,0.17327517,-0.116782285,-0.16566171,0.97924364
""
0,14:25:08.576079,14:23:53.377520,0,,0.07979348,-0.014691964,0.03389989,-0.9778173,0.019138819,-0.20858312,-0.15157561,0.62262326,0.76770115,0.14456157,0.78228754,-0.6059107,,0.03257794,0.0040750764,0.0065776706,0.6192052,0.49859634,0.60661894,0.010593563,-0.7777714,0.6284578,0.7851577,-0.38271803,-0.48688215,,0.05740855,1.3231691,0.43426552,0.9967616,0.07867917,-0.01660781,0.04130248,-0.67813545,-0.73377544,-0.068995185,0.7307133,-0.679189,,-0.03903902,0.27785128,-0.077754065,0.96312433,-0.03552769,0.26670077,0.013103389,0.99626106,0.08539406,-0.26873747,-0.07875042,0.95998883,,0.016579151,0.44831455,-0.275175,-0.6927676,-0.39601603,-0.60269755,0.6005764,-0.77946484,-0.1781645,-0.39922553,-0.4853925,0.7778259,,1.3282714407022445,0.10807964657477201,0.18277040855,0.7332857323653816,0.12187975779077288,0.2644940172289969,0.8727473453554541,,-1.0294789057984983,0.1142501101412774,0.20685029159,4.537480687061622,-0.6238822579290011,-0.20252432086615585,-0.15909712041478796,,0.0238237442897226,0.038641589639154456,0.08941130016,-0.11709667966849292,,1.5333295e-05,-1.847744e-06,3.695488e-06,1.0,6.2547624e-06,6.724149e-06,-6.2547624e-06,1.0,5.9604645e-07,-6.724149e-06,-6.2584877e-07,0.9999999,33,0.099,0,0,0.0,False,1.0471975310092834,0.004393481085788409
0.12148064401117153,14:25:08.605808,14:23:53.454932,0,,0.07979481,-0.014717102,0.033919945,-0.97780645,0.019137044,-0.20863423,-0.15161,0.62265986,0.7676647,0.14459896,0.78225845,-0.60593945,,0.03253462,0.0040821843,0.006548822,0.6218489,0.49772003,0.6046311,0.01228565,-0.77816767,0.62793636,0.7830409,-0.38305318,-0.49001762,,0.05740855,1.3231691,0.43426552,0.9967616,0.07867917,-0.01660781,0.04130248,-0.67813545,-0.73377544,-0.068995185,0.7307133,-0.679189,,-0.03904227,0.27784872,-0.077785976,0.9631104,-0.035523117,0.26675186,0.013107018,0.99626493,0.08534873,-0.26878735,-0.078703925,0.9599787,,0.01662443,0.4482988,-0.2751535,-0.6953129,-0.3950826,-0.60037464,0.5992802,-0.7798408,-0.18086329,-0.3967407,-0.48554918,0.7789986,,1.3282714407022445,0.10801014197890399,0.18274059388000002,0.7332857323653816,0.12187975779077288,0.2644940172289969,0.8727473453554541,,-1.0293707875382592,0.11430416927139697,0.20685029159,4.537480687061622,-0.6201930724353342,-0.20185706095963396,-0.15958715261319079,,0.0238237442897226,0.038641589639154456,0.08941130016,-0.11709667966849292,,1.5333295e-05,-1.847744e-06,3.695488e-06,1.0,6.2547624e-06,6.724149e-06,-6.2547624e-06,1.0,5.9604645e-07,-6.724149e-06,-6.2584877e-07,0.9999999,44,0.133,0,0,0.0,False,1.0476741527574522,0.004538321688126956
0.1512540550029371,14:25:08.635183,14:23:53.454932,0,,0.079867,-0.014764786,0.033944085,-0.9778189,0.019020796,-0.20858613,-0.15161797,0.62279534,0.7675533,0.14450593,0.7821535,-0.6060971,,0.03253825,0.0041008536,0.006549597,0.62200046,0.4952133,0.60653037,0.012337208,-0.780709,0.62477297,0.78291976,-0.381126,-0.49171102,,0.05737979,1.3231696,0.4342655,0.9967615,0.07868101,-0.016605815,0.041305188,-0.6781352,-0.7337755,-0.068995185,0.7307133,-0.679189,,-0.039088994,0.27783546,-0.07783293,0.96312773,-0.03539855,0.2667056,0.0130356755,0.9962822,0.08515729,-0.26872852,-0.07854066,0.9600085,,0.016647652,0.4483111,-0.2751378,-0.6954557,-0.39258564,-0.60184544,0.59918207,-0.77915,-0.18413602,-0.39663875,-0.48867345,0.7770946,,1.3282791634351188,0.10794063738303597,0.18271466808000003,0.7332857323653816,0.12201639429053832,0.2643825993253005,0.8727473453554541,,-1.029224055613649,0.11437367386726499,0.20684899530000003,4.537480687061622,-0.6201930724353342,-0.19769144521246523,-0.15942380854705662,,0.0238237442897226,0.038641589639154456,0.08941130016,-0.11709667966849292,,-1.3306737e-05,-4.4703484e-06,3.8146973e-06,1.0,8.098781e-06,8.713454e-06,-8.095056e-06,1.0,8.046627e-07,-8.709729e-06,-8.34465e-07,1.0,52,0.157,0,0,0.0,False,1.047316686446326,0.0033795968694199097
0.18062222500157077,14:25:08.651957,14:23:53.454932,0,,0.07986538,-0.01477164,0.033951595,-0.9778209,0.019219134,-0.20855914,-0.15146607,0.6228499,0.767539,0.14465249,0.7821052,-0.60612446,,0.03251081,0.0041086916,0.0065366626,0.62320244,0.49576467,0.6048438,0.013082027,-0.7798979,0.62577,0.78195107,-0.38206863,-0.49252003,,0.05737979,1.3231696,0.4342655,0.9967615,0.07868101,-0.016605815,0.041305188,-0.6781352,-0.7337755,-0.068995185,0.7307133,-0.679189,,-0.03908801,0.27783626,-0.07784315,0.96312785,-0.035592087,0.26667956,0.013246491,0.99628204,0.085127234,-0.2687179,-0.07845584,0.9600184,,0.016675532,0.4483074,-0.27512404,-0.69661045,-0.3931027,-0.60017014,0.59857523,-0.7796203,-0.1841193,-0.395527,-0.4875064,0.77839315,,1.3282946089008671,0.10791746918441329,0.18270559405000003,0.7334954223088662,0.12201639429053832,0.2643825993253005,0.8727473453554541,,-1.0291391055520325,0.11442773299738455,0.20684899530000003,4.537480687061622,-0.6185534344381489,-0.19894678131668175,-0.15958715261319079,,0.0238237442897226,0.038641589639154456,0.08941130016,-0.11709667966849292,,-1.3306737e-05,-4.4703484e-06,3.8146973e-06,1.0,8.098781e-06,8.713454e-06,-8.095056e-06,1.0,8.046627e-07,-8.709729e-06,-8.34465e-07,1.0,60,0.181,0,0,0.0,False,1.047435841883368,0.004007239479552727
0.19740201000240631,14:25:08.676740,14:23:53.454932,0,,0.07986548,-0.014776453,0.03395839,-0.9778446,0.01916842,-0.20845239,-0.15139823,0.6229304,0.767487,0.14456284,0.7820423,-0.60622704,,0.03248305,0.004117945,0.0065243244,0.6244032,0.4967074,0.6028285,0.013822496,-0.7786722,0.6272787,0.7809799,-0.38334203,-0.49307138,,0.05737979,1.3231696,0.4342655,0.9967615,0.07868101,-0.016605815,0.041305188,-0.6781352,-0.7337755,-0.068995185,0.7307133,-0.679189,,-0.039088625,0.27783793,-0.07785129,0.96315855,-0.035535358,0.26657623,0.013227774,0.9962918,0.08501561,-0.26860878,-0.0783573,0.960057,,0.01670358,0.4483049,-0.27510932,-0.6977634,-0.39400765,-0.59823424,0.597964,-0.78021514,-0.18358469,-0.39441764,-0.48582122,0.780008,,1.3283100543666158,0.10790202371866485,0.18269781631,0.7334954223088662,0.12215303079030376,0.26427118142160405,0.8727473453554541,,-1.029054155490416,0.11448951486037835,0.20684899530000003,4.537480687061622,-0.6169137964409637,-0.20085554734202266,-0.15975049667932506,,0.0238237442897226,0.038641589639154456,0.08941130016,-0.11709667966849292,,-1.3306737e-05,-4.4703484e-06,3.8146973e-06,1.0,8.098781e-06,8.713454e-06,-8.095056e-06,1.0,8.046627e-07,-8.709729e-06,-8.34465e-07,1.0,67,0.203,0,0,0.0,False,1.0471975310092834,0.022546836578865026
0.22215762200357858,14:25:08.692051,14:23:53.454932,0,,0.07986007,-0.014783442,0.033968136,-0.97772247,0.020125631,-0.20893428,-0.15129979,0.62236255,0.767967,0.1454887,0.7824703,-0.60545284,,0.032452516,0.004125813,0.0065183043,0.6248834,0.49733433,0.60181314,0.014073819,-0.7778963,0.628235,0.7805911,-0.38410372,-0.49309412,,0.05737979,1.3231696,0.4342655,0.9967615,0.07868101,-0.016605815,0.041305188,-0.6781352,-0.7337755,-0.068995185,0.7307133,-0.679189,,-0.039083973,0.27784032,-0.07786336,0.96299386,-0.036532998,0.26703593,0.013969096,0.9962046,0.08591423,-0.26916113,-0.07900462,0.95984924,,0.016733851,0.4483075,-0.27509898,-0.69822097,-0.39461488,-0.5972994,0.5976969,-0.7805574,-0.18299863,-0.39401248,-0.48477748,0.7808617,,1.3283254998323641,0.10789430098579063,0.18268744599000003,0.7341244921393199,0.12146984829147656,0.2652366646407889,0.8725840012893197,,-1.0289228690315542,0.11455129672337215,0.20684769901000002,4.537480687061622,-0.6163672504419018,-0.2020363276180735,-0.15958715261319079,,0.0238237442897226,0.038641589639154456,0.08941130016,-0.11709667966849292,,-1.3306737e-05,-4.4703484e-06,3.8146973e-06,1.0,8.098781e-06,8.713454e-06,-8.095056e-06,1.0,8.046627e-07,-8.709729e-06,-8.34465e-07,1.0,75,0.226,0,0,0.0,False,1.0470187978537204,0.08955975526075344
0.23748860599880572,14:25:08.718662,14:23:53.454932,0,,0.07985764,-0.014790729,0.033980027,-0.97762907,0.020974252,-0.20928743,-0.15111837,0.6220583,0.76824915,0.14630243,0.78268987,-0.60497266,,0.032427266,0.0041287336,0.006512463,0.6250725,0.49805248,0.6010225,0.014152855,-0.7770872,0.62923384,0.7804384,-0.38481045,-0.4927848,,0.05737979,1.3231696,0.4342655,0.9967615,0.07868101,-0.016605815,0.041305188,-0.6781352,-0.7337755,-0.068995185,0.7307133,-0.679189,,-0.03908241,0.277844,-0.07787692,0.9628665,-0.03740214,0.26737466,0.014685726,0.9961469,0.08646158,-0.2695783,-0.079324365,0.95970577,,0.016759247,0.4483071,-0.27509305,-0.69839954,-0.39532056,-0.5966236,0.59758204,-0.7808474,-0.18213491,-0.3938703,-0.4837345,0.7815799,,1.3283409452981125,0.10789430098579063,0.18267448309,0.7347535619697733,0.1209233022924148,0.26584569373585576,0.8725840012893197,,-1.0287993053055664,0.11458218765486905,0.20684769901000002,4.537480687061622,-0.6162306139421364,-0.2032912478837377,-0.15599358315823664,,0.0238237442897226,0.038641589639154456,0.08941130016,-0.11709667966849292,,-1.3306737e-05,-4.4703484e-06,3.8146973e-06,1.0,8.098781e-06,8.713454e-06,-8.095056e-06,1.0,8.046627e-07,-8.709729e-06,-8.34465e-07,1.0,79,0.239,0,0,0.0,False,1.0470783755722417,0.21431579407487433
0.26404593500774354,14:25:08.738784,14:23:53.454932,0,,0.07985812,-0.014798537,0.03399779,-0.9776156,0.020802561,-0.2093678,-0.15129793,0.62199336,0.76826644,0.14620727,0.7827461,-0.60492295,,0.032401353,0.0041314904,0.006507039,0.625173,0.49768782,0.60121995,0.014171183,-0.777426,0.62881476,0.78035754,-0.3845979,-0.49307874,,0.05737979,1.3231696,0.4342655,0.9967615,0.07868101,-0.016605815,0.041305188,-0.6781352,-0.7337755,-0.068995185,0.7307133,-0.679189,,-0.039084066,0.27785164,-0.07789471,0.96285117,-0.03723598,0.267453,0.01449336,0.9961455,0.08651054,-0.26964343,-0.079420485,0.95967954,,0.01678527,0.44830713,-0.2750875,-0.6984927,-0.39495337,-0.5967577,0.5975094,-0.7807894,-0.18262114,-0.39381525,-0.48412788,0.781364,,1.3283795589624836,0.1078865782529164,0.18265633503,0.7345438720262888,0.1209233022924148,0.26584569373585576,0.8725840012893197,,-1.0286680188467048,0.11461307858636595,0.20684769901000002,4.537480687061622,-0.6162306139421364,-0.20271949670275374,-0.14602959512404567,,0.0238237442897226,0.038641589639154456,0.08941130016,-0.11709667966849292,,-1.3306737e-05,-4.4703484e-06,3.8146973e-06,1.0,8.098781e-06,8.713454e-06,-8.095056e-06,1.0,8.046627e-07,-8.709729e-06,-8.34465e-07,1.0,87,0.263,0,0,0.0,False,1.0471975310092834,0.39077992792379534
0.28423136900528334,14:25:08.764281,14:23:53.454932,0,,0.07985988,-0.014812604,0.03402047,-0.9775807,0.020893373,-0.20952141,-0.15139157,0.6218432,0.76836956,0.14634329,0.7828629,-0.60473883,,0.03237035,0.004133472,0.00649029,0.6262962,0.49541762,0.60192555,0.014880329,-0.7795663,0.62614286,0.7794431,-0.38319397,-0.4956116,,0.05737979,1.3231696,0.4342655,0.9967615,0.07868101,-0.016605815,0.041305188,-0.6781352,-0.7337755,-0.068995185,0.7307133,-0.679189,,-0.039087474,0.27785856,-0.0779203,0.96280617,-0.037337977,0.26760086,0.014528149,0.996127,0.086717136,-0.2698023,-0.079604045,0.9596197,,0.016817534,0.4482976,-0.27507675,-0.6995719,-0.392673,-0.5969984,0.5969409,-0.7803749,-0.18621655,-0.39276034,-0.48664463,0.7803309,,1.3284104498939806,0.10787113278716795,0.18263040923,0.7345438720262888,0.12078666579264935,0.2660387903796928,0.8727473453554541,,-1.0285521778535913,0.11463624678498863,0.20684899530000003,4.537480687061622,-0.6147276124447165,-0.19928940545540247,-0.12136464113776957,,0.0238237442897226,0.038641589639154456,0.08941130016,-0.11709667966849292,,-1.3306737e-05,-4.4703484e-06,3.8146973e-06,1.0,8.098781e-06,8.713454e-06,-8.095056e-06,1.0,8.046627e-07,-8.709729e-06,-8.34465e-07,1.0,98,0.297,0,0,0.0,False,1.0469592201351996,0.6509619299242968
0.3097201900091022,14:25:08.790186,14:23:53.646605,0,,0.0798615,-0.014822796,0.0340396,-0.9776015,0.020854104,-0.20942792,-0.15132901,0.62191236,0.76832587,0.14626855,0.7828091,-0.6048266,,0.032347634,0.0041340534,0.0064656734,0.62865514,0.4952414,0.59960693,0.016449362,-0.7793114,0.62642086,0.7775101,-0.3839395,-0.49806476,,0.05737979,1.3231696,0.4342655,0.9967615,0.07868101,-0.016605815,0.041305188,-0.6781352,-0.7337755,-0.068995185,0.7307133,-0.679189,,-0.039090425,0.27786553,-0.077940695,0.962833,-0.03729355,0.26751038,0.014516638,0.9961355,0.08662217,-0.26970702,-0.07951933,0.9596535,,0.016842457,0.44827968,-0.27506343,-0.7018434,-0.39244434,-0.59447736,0.59577614,-0.7808639,-0.18788932,-0.3904698,-0.48604432,0.7818531,,1.3284490635583517,0.10785568732141951,0.18260966859000002,0.7345438720262888,0.1209233022924148,0.26592737247599635,0.8727473453554541,,-1.028536732387843,0.11464396951786285,0.20684899530000003,4.537480687061622,-0.6113116999505807,-0.1997061695837366,-0.09963988034191029,,0.0238237442897226,0.038641589639154456,0.08941130016,-0.11709667966849292,,-1.3306737e-05,-4.4703484e-06,3.8146973e-06,1.0,8.098781e-06,8.713454e-06,-8.095056e-06,1.0,8.046627e-07,-8.709729e-06,-8.34465e-07,1.0,106,0.32,0,0,0.0,False,1.0471379532907625,0.7499363415221869
0.3356336650031153,14:25:08.814566,14:23:53.646605,0,,0.07986145,-0.014830694,0.03405039,-0.97754264,0.02099188,-0.20968932,-0.1514925,0.6216895,0.768474,0.14649338,0.78298235,-0.6045478,,0.032323383,0.004132891,0.006431937,0.6316477,0.49633235,0.5955462,0.01846221,-0.7776059,0.62848085,0.7750356,-0.38598323,-0.5003365,,0.05737979,1.3231696,0.4342655,0.9967615,0.07868101,-0.016605815,0.041305188,-0.6781352,-0.7337755,-0.068995185,0.7307133,-0.679189,,-0.039091207,0.277868,-0.07795383,0.9627569,-0.037447922,0.26776272,0.014568148,0.99610794,0.0869299,-0.2699759,-0.07979155,0.95955527,,0.016869932,0.4482532,-0.2750469,-0.70472443,-0.39345762,-0.59038514,0.5942906,-0.78189695,-0.1882971,-0.3875334,-0.4835579,0.78485006,,1.328456786291226,0.10784796458854527,0.18259670569000003,0.7345438720262888,0.12065002929288392,0.26623188702352973,0.8722573131570511,,-1.028536732387843,0.11463624678498863,0.20685158788000002,4.537480687061622,-0.6069393319580865,-0.2024547551006164,-0.05390354182431212,,0.0238237442897226,0.038641589639154456,0.08941130016,-0.11709667966849292,,-1.3306737e-05,-4.4703484e-06,3.8146973e-06,1.0,8.098781e-06,8.713454e-06,-8.095056e-06,1.0,8.046627e-07,-8.709729e-06,-8.34465e-07,1.0,113,0.341,0,0,0.0,False,1.0475549973204097,0.8284399479895868
0.35996845200133976,14:25:08.836902,14:23:53.646605,0,,0.07985368,-0.014838859,0.034061447,-0.9773053,0.021359615,-0.21075554,-0.15229657,0.62068444,0.7691272,0.14724094,0.7837694,-0.6033452,,0.032315068,0.0041312966,0.0064157248,0.63301015,0.49930698,0.5915999,0.019189894,-0.7740853,0.63279045,0.7739056,-0.38921005,-0.49958563,,0.05737979,1.3231696,0.4342655,0.9967615,0.07868101,-0.016605815,0.041305188,-0.6781352,-0.7337755,-0.068995185,0.7307133,-0.679189,,-0.039084304,0.27787057,-0.07796777,0.96245307,-0.037891243,0.26879048,0.014560904,0.9959905,0.08826625,-0.27105728,-0.081038296,0.95914584,,0.016879918,0.44823956,-0.2750399,-0.70602113,-0.39636427,-0.5868812,0.59351677,-0.78326976,-0.1850037,-0.38635743,-0.47894034,0.7882538,,1.3284645090241,0.10784024185567105,0.18258503908,0.7343341820828043,0.11955693729476038,0.2675316239538039,0.872093969090917,,-1.028544455120717,0.11462852405211439,0.20685418046,4.537690377005107,-0.6050264209613704,-0.20818022149953502,-0.018457879473173566,,0.0238237442897226,0.038641589639154456,0.08941130016,-0.11709667966849292,,-1.3306737e-05,-4.4703484e-06,3.8146973e-06,1.0,8.098781e-06,8.713454e-06,-8.095056e-06,1.0,8.046627e-07,-8.709729e-06,-8.34465e-07,1.0,124,0.374,0,0,0.0,False,1.0471379532907625,0.9200274888682194
0.3823484590102453,14:25:08.869140,14:23:53.646605,0,,0.079854354,-0.014845803,0.034081295,-0.97729355,0.022049407,-0.21073894,-0.15188138,0.6206007,0.76927686,0.14774682,0.7838166,-0.6031602,,0.032315,0.004137451,0.0063841343,0.6338414,0.50736177,0.58380556,0.019761235,-0.76517075,0.64352405,0.7732105,-0.3963553,-0.49502316,,0.05737979,1.3231696,0.4342655,0.9967615,0.07868101,-0.016605815,0.041305188,-0.6781352,-0.7337755,-0.068995185,0.7307133,-0.679189,,-0.039086226,0.27788028,-0.07798632,0.9624312,-0.038585138,0.2687701,0.015213739,0.9959597,0.0885034,-0.2710991,-0.08108943,0.9591297,,0.016882628,0.44821557,-0.2750186,-0.70682156,-0.4043442,-0.5804387,0.59310365,-0.78593314,-0.17474875,-0.38552734,-0.4677765,0.7953325,,1.3285108454213455,0.10784796458854527,0.18256559473000003,0.7349632519132578,0.11942030079499495,0.26780639933778144,0.8724206572231854,,-1.0285521778535913,0.11461307858636595,0.20687880997000002,4.537690377005107,-0.6037966924634813,-0.22216990231515216,0.05063666050162652,,0.0238237442897226,0.038641589639154456,0.08941130016,-0.11709667966849292,,-1.3306737e-05,-4.4703484e-06,3.8146973e-06,1.0,8.098781e-06,8.713454e-06,-8.095056e-06,1.0,8.046627e-07,-8.709729e-06,-8.34465e-07,1.0,135,0.406,0,0,0.0,False,1.0471975310092834,1.0113253485421754
0.4145725030102767,14:25:08.901107,14:23:53.646605,0,,0.079842545,-0.014851451,0.034100905,-0.97707045,0.023037743,-0.21166553,-0.15219286,0.6196501,0.76998127,0.14889719,0.7845398,-0.6019357,,0.032315135,0.0041504297,0.006315589,0.6353259,0.5193896,0.57148516,0.02078706,-0.75126565,0.6596725,0.7719643,-0.40722746,-0.48809534,,0.05737979,1.3231696,0.4342655,0.9967615,0.07868101,-0.016605815,0.041305188,-0.6781352,-0.7337755,-0.068995185,0.7307133,-0.679189,,-0.03907563,0.27789086,-0.07800454,0.9621394,-0.039642666,0.2696593,0.015837375,0.9958258,0.08988909,-0.27209714,-0.08221514,0.9587512,,0.016888259,0.44816333,-0.2749727,-0.70825106,-0.4162866,-0.5701631,0.5923644,-0.78978634,-0.1591917,-0.38403764,-0.45049196,0.80596036,,1.3285726272843392,0.10784796458854527,0.18255003925000002,0.7353826318002269,0.11832720879687143,0.2691878150081962,0.872747345355454,,-1.0285521778535913,0.11457446492199483,0.20693455044000003,4.537690377005107,-0.6016105084672343,-0.24355548640802993,0.15844374415025086,,0.0238237442897226,0.038641589639154456,0.08941130016,-0.11709667966849292,,-1.3306737e-05,-4.4703484e-06,3.8146973e-06,1.0,8.098781e-06,8.713454e-06,-8.095056e-06,1.0,8.046627e-07,-8.709729e-06,-8.34465e-07,1.0,146,0.439,0,0,0.0,False,1.0477337304759726,1.0488390645478147
0.44650967200868763,14:25:08.933886,14:23:53.778023,0,,0.0798419,-0.014853343,0.034115,-0.9770655,0.023113333,-0.21168022,-0.15219972,0.61943424,0.77015364,0.14892279,0.78470814,-0.60171,,0.032322057,0.0041646753,0.0062161684,0.63687253,0.5269552,0.56277126,0.021687597,-0.7419094,0.67014927,0.770664,-0.4145944,-0.4839303,,0.05737979,1.3231696,0.4342655,0.9967615,0.07868101,-0.016605815,0.041305188,-0.6781352,-0.7337755,-0.068995185,0.7307133,-0.679189,,-0.03907576,0.27789986,-0.07801558,0.96213293,-0.039734464,0.26966894,0.015851302,0.9958001,0.09017176,-0.27211928,-0.08248262,0.95872194,,0.016890116,0.44808444,-0.2749102,-0.709727,-0.42379373,-0.562749,0.5915083,-0.7923573,-0.14929101,-0.3826297,-0.43882656,0.8130349,,1.3286189636815846,0.10785568732141951,0.18253837264000003,0.7353826318002269,0.11832720879687143,0.26943285122861793,0.8725840012893198,,-1.028544455120717,0.11448951486037835,0.20702010558000003,4.537900066948591,-0.5994243244709873,-0.25783502010867865,0.2513865177806557,,0.0238237442897226,0.038641589639154456,0.08941130016,-0.11709667966849292,,-1.3306737e-05,-4.4703484e-06,3.8146973e-06,1.0,8.098781e-06,8.713454e-06,-8.095056e-06,1.0,8.046627e-07,-8.709729e-06,-8.34465e-07,1.0,157,0.472,0,0,0.0,False,1.047316686446326,1.049708108161845
0.47931402100948617,14:25:08.968327,14:23:53.778023,0,,0.07982782,-0.014860675,0.034128204,-0.9766749,0.024542412,-0.21331565,-0.15296976,0.61764175,0.77143955,0.15068564,0.7860765,-0.5994809,,0.032336652,0.0041792486,0.0060554743,0.63848716,0.53395915,0.5542758,0.023095518,-0.7331511,0.67967343,0.7692859,-0.4211614,-0.48043975,,0.05737979,1.3231696,0.4342655,0.9967615,0.07868101,-0.016605815,0.041305188,-0.6781352,-0.7337755,-0.068995185,0.7307133,-0.679189,,-0.039062645,0.27790466,-0.07803079,0.96162647,-0.04129509,0.27123654,0.016606204,0.99555594,0.092696235,-0.27385905,-0.08463494,0.9580387,,0.016890401,0.44795227,-0.2748165,-0.71130234,-0.43077627,-0.55541044,0.5908311,-0.7944723,-0.14047228,-0.38074607,-0.428072,0.819626,,1.328634409147333,0.10786341005429373,0.18252670603,0.735802011687196,0.11641429780015526,0.2719728467620545,0.8725840012893197,,-1.028505841456346,0.11428872380564851,0.20716140119,4.537690377005107,-0.5969648674752094,-0.27086717229419016,0.3639305793471743,,0.0238237442897226,0.038641589639154456,0.08941130016,-0.11709667966849292,,-1.3306737e-05,-4.4703484e-06,3.8146973e-06,1.0,8.098781e-06,8.713454e-06,-8.095056e-06,1.0,8.046627e-07,-8.709729e-06,-8.34465e-07,1.0,168,0.506,0,0,0.0,False,1.0467209092611154,1.049804668563404
0.5137725290114759,14:25:09.001340,14:23:53.778023,0,,0.079821266,-0.0148680955,0.034142867,-0.97646856,0.025094677,-0.21419458,-0.15352708,0.61662644,0.7721408,0.15145467,0.78685576,-0.5982636,,0.032369956,0.004197428,0.005814016,0.6396526,0.53789043,0.5491068,0.024279803,-0.72814745,0.68499035,0.7682805,-0.42482358,-0.47882152,,0.05737979,1.3231696,0.4342655,0.9967615,0.07868101,-0.016605815,0.041305188,-0.6781352,-0.7337755,-0.068995185,0.7307133,-0.679189,,-0.03905711,0.27791035,-0.078046605,0.96136147,-0.041922573,0.27207842,0.016783712,0.99542373,0.09407402,-0.27477714,-0.08587264,0.9576656,,0.016879832,0.44775036,-0.27467915,-0.71245164,-0.43470466,-0.550858,0.5904173,-0.79559505,-0.13577892,-0.3792362,-0.421972,0.8234801,,1.3286575773459557,0.10786341005429373,0.18251244684,0.735802011687196,0.11545784230179718,0.27332452326891343,0.872747345355454,,-1.0284286141276038,0.11394892355918264,0.20738436307000002,4.537480687061622,-0.5951885929782587,-0.27835983181264523,0.4681440935408443,,0.0238237442897226,0.038641589639154456,0.08941130016,-0.11709667966849292,,-1.3306737e-05,-4.4703484e-06,3.8146973e-06,1.0,8.098781e-06,8.713454e-06,-8.095056e-06,1.0,8.046627e-07,-8.709729e-06,-8.34465e-07,1.0,179,0.539,0,0,0.0,False,1.047316686446326,1.0501909101696396
0.5467614710069029,14:25:09.032203,14:23:53.778023,0,,0.079824805,-0.014872983,0.034149513,-0.9764416,0.025150785,-0.2143103,-0.15360036,0.61654574,0.7721906,0.1515533,0.7869171,-0.5981578,,0.032421865,0.004253963,0.005433917,0.6417212,0.5424878,0.5421261,0.025909811,-0.72180235,0.69161403,0.7665002,-0.4297769,-0.47725183,,0.05737979,1.3231696,0.4342655,0.9967615,0.07868101,-0.016605815,0.041305188,-0.6781352,-0.7337755,-0.068995185,0.7307133,-0.679189,,-0.039061155,0.2779118,-0.07805448,0.961327,-0.041984607,0.27219042,0.01680524,0.9954127,0.09418655,-0.27489617,-0.08596986,0.9576227,,0.016861517,0.44744658,-0.27443883,-0.7144549,-0.4392709,-0.5446056,0.58945006,-0.7972355,-0.13024679,-0.37696528,-0.4140733,0.828517,,1.3286498546130816,0.10787113278716795,0.18250337281,0.735802011687196,0.11532120580203174,0.27343594117260983,0.872747345355454,,-1.0283282186002387,0.11355506418259718,0.20774473169000002,4.537480687061622,-0.5921825899834189,-0.28791707608619543,0.593102304133568,,0.0238237442897226,0.038641589639154456,0.08941130016,-0.11709667966849292,,-1.3306737e-05,-4.4703484e-06,3.8146973e-06,1.0,8.098781e-06,8.713454e-06,-8.095056e-06,1.0,8.046627e-07,-8.709729e-06,-8.34465e-07,1.0,190,0.571,0,0,0.0,False,1.047435841883368,1.05105995378367
0.5776433120045112,14:25:09.062570,14:23:53.902635,0,,0.07982593,-0.014878362,0.034156963,-0.9764394,0.025154572,-0.21432029,-0.15360592,0.61654603,0.77218926,0.15156241,0.7869168,-0.598156,,0.032419525,0.0042600427,0.005274594,0.64238966,0.544212,0.5396005,0.026464254,-0.719424,0.69406676,0.765921,-0.43158114,-0.4765529,,0.05737979,1.3231696,0.4342655,0.9967615,0.07868101,-0.016605815,0.041305188,-0.6781352,-0.7337755,-0.068995185,0.7307133,-0.679189,,-0.03906285,0.27791354,-0.07806341,0.9613241,-0.041988358,0.27220023,0.016808048,0.9954126,0.09418713,-0.2749063,-0.0859692,0.95761985,,0.01687913,0.44731346,-0.27435285,-0.71510404,-0.44098863,-0.54236084,0.5891481,-0.7978055,-0.12810487,-0.37620565,-0.41113916,0.83032155,,1.3286575773459557,0.10786341005429373,0.18249429878,0.735802011687196,0.11532120580203174,0.27343594117260983,0.872747345355454,,-1.0281428730112574,0.11333110492924468,0.20788602730000003,4.537480687061622,-0.5913627709848263,-0.29152601815343415,0.6460257815610744,,0.0238237442897226,0.038641589639154456,0.08941130016,-0.11709667966849292,,-1.3306737e-05,-4.4703484e-06,3.8146973e-06,1.0,8.098781e-06,8.713454e-06,-8.095056e-06,1.0,8.046627e-07,-8.709729e-06,-8.34465e-07,1.0,194,0.583,0,0,0.0,False,1.047435841883368,1.0510116735828905
0.608010499010561,14:25:09.082412,14:23:53.902635,0,,0.079828456,-0.014882699,0.034162924,-0.9764394,0.025154572,-0.21432029,-0.15360592,0.61654603,0.77218926,0.15156241,0.7869168,-0.598156,,0.032411806,0.004267046,0.0050595403,0.64347476,0.5470384,0.5354336,0.027333975,-0.7154608,0.69811803,0.7649791,-0.43458563,-0.4753339,,0.05737979,1.3231696,0.4342655,0.9967615,0.07868101,-0.016605815,0.041305188,-0.6781352,-0.7337755,-0.068995185,0.7307133,-0.679189,,-0.039065823,0.2779149,-0.07807048,0.9613241,-0.041988358,0.27220023,0.016808048,0.9954126,0.09418713,-0.2749063,-0.0859692,0.95761985,,0.016907506,0.44713372,-0.2742378,-0.71615523,-0.44380477,-0.5386641,0.58864117,-0.79874796,-0.124512255,-0.3749977,-0.40624994,0.8332693,,1.3286575773459557,0.10786341005429373,0.18248652104000002,0.735802011687196,0.11532120580203174,0.27343594117260983,0.872747345355454,,-1.0278803000935337,0.11302991834714993,0.20807398935000002,4.537480687061622,-0.5899964059871718,-0.29745924285869163,0.6958457217320295,,0.0238237442897226,0.038641589639154456,0.08941130016,-0.11709667966849292,,-1.3306737e-05,-4.4703484e-06,3.8146973e-06,1.0,8.098781e-06,8.713454e-06,-8.095056e-06,1.0,8.046627e-07,-8.709729e-06,-8.34465e-07,1.0,201,0.604,0,0,0.0,False,1.047316686446326,1.050963393382111
0.6278521320055006,14:25:09.105777,14:23:53.902635,0,,0.07983143,-0.0148861855,0.034171,-0.9764396,0.025158666,-0.21431892,-0.15360394,0.61653805,0.77219605,0.1515632,0.78692293,-0.5981477,,0.03236237,0.0042575095,0.0047032237,0.6440298,0.55055904,0.5311405,0.027916431,-0.7107526,0.7028879,0.76449084,-0.4378531,-0.47311565,,0.05737979,1.3231696,0.4342655,0.9967615,0.07868101,-0.016605815,0.041305188,-0.6781352,-0.7337755,-0.068995185,0.7307133,-0.679189,,-0.03906932,0.27791837,-0.07807833,0.96132433,-0.041993048,0.2721987,0.01680999,0.9954116,0.09419777,-0.2749054,-0.085978955,0.95761925,,0.016992548,0.4468299,-0.27406472,-0.716703,-0.44734183,-0.5349973,0.58844525,-0.7996293,-0.11968816,-0.37425798,-0.40059748,0.83633286,,1.32866530007883,0.10787113278716795,0.18247744701000002,0.735802011687196,0.11532120580203174,0.27343594117260983,0.872747345355454,,-1.0271775314019793,0.11245843611445731,0.20837991379,4.537480687061622,-0.5898597694874064,-0.3045950324144764,0.7538328652096988,,0.0238237442897226,0.038641589639154456,0.08941130016,-0.11709667966849292,,-1.3306737e-05,-4.4703484e-06,3.8146973e-06,1.0,8.098781e-06,8.713454e-06,-8.095056e-06,1.0,8.046627e-07,-8.709729e-06,-8.34465e-07,1.0,212,0.637,0,0,0.0,False,1.0471975310092834,1.0516875963938028
0.6511385100020561,14:25:09.130774,14:23:53.902635,0,,0.07983652,-0.014893979,0.03418009,-0.9764406,0.025154723,-0.21431461,-0.15360215,0.616542,0.7721933,0.15155825,0.7869201,-0.59815276,,0.032291427,0.0042148028,0.0045337677,0.6441585,0.552199,0.52927864,0.02812472,-0.70859647,0.70505315,0.76437473,-0.4392801,-0.4719791,,0.05737979,1.3231696,0.4342655,0.9967615,0.07868101,-0.016605815,0.041305188,-0.6781352,-0.7337755,-0.068995185,0.7307133,-0.679189,,-0.039075147,0.27791962,-0.07808993,0.9613257,-0.041988827,0.27219456,0.016807616,0.9954122,0.09419216,-0.2749008,-0.0859744,0.957621,,0.017083028,0.4466722,-0.2740145,-0.7168355,-0.44899598,-0.53343177,0.588434,-0.79997694,-0.11739814,-0.37402183,-0.39804453,0.8376564,,1.3286575773459557,0.10787113278716795,0.18246448411000002,0.735802011687196,0.11532120580203174,0.27343594117260983,0.872747345355454,,-1.0265751582377898,0.11205685400499764,0.20850306134000002,4.537480687061622,-0.5902696789867028,-0.3079363220097123,0.7851949259074803,,0.0238237442897226,0.038641589639154456,0.08941130016,-0.11709667966849292,,-1.3306737e-05,-4.4703484e-06,3.8146973e-06,1.0,8.098781e-06,8.713454e-06,-8.095056e-06,1.0,8.046627e-07,-8.709729e-06,-8.34465e-07,1.0,223,0.67,0,0,0.0,False,1.0474954196018889,1.0512530745867876
0.6762173950119177,14:25:09.162331,14:23:54.008533,0,,0.07984475,-0.014913157,0.034203306,-0.9764381,0.025154417,-0.21432595,-0.15360971,0.61655015,0.7721852,0.15156657,0.7869136,-0.5981592,,0.032160193,0.004185492,0.0041912794,0.64481664,0.5547768,0.5257699,0.028683603,-0.7049561,0.7086706,0.76379883,-0.4418815,-0.47048068,,0.05737979,1.3231696,0.4342655,0.9967615,0.07868101,-0.016605815,0.041305188,-0.6781352,-0.7337755,-0.068995185,0.7307133,-0.679189,,-0.039085235,0.27792335,-0.07811924,0.9613225,-0.041987892,0.27220592,0.016808482,0.99541306,0.094182104,-0.27491182,-0.08596401,0.9576188,,0.017249383,0.44638053,-0.27386406,-0.71747506,-0.4515802,-0.5303818,0.5881383,-0.80070466,-0.1138655,-0.37325978,-0.39363348,0.8400773,,1.3286575773459557,0.10785568732141951,0.18243337315000002,0.735802011687196,0.11532120580203174,0.27343594117260983,0.872747345355454,,-1.02547853016965,0.11150081723805347,0.20877268966,4.537480687061622,-0.5904063154864682,-0.3134607371757148,0.8275010390362587,,0.0238237442897226,0.038641589639154456,0.08941130016,-0.11709667966849292,,-1.3306737e-05,-4.4703484e-06,3.8146973e-06,1.0,8.098781e-06,8.713454e-06,-8.095056e-06,1.0,8.046627e-07,-8.709729e-06,-8.34465e-07,1.0,234,0.702,0,0,0.0,False,1.0467209092611154,1.052122118200818
0.7077726090064971,14:25:09.192578,14:23:54.008533,0,,0.07985358,-0.014928296,0.034224167,-0.9764381,0.025171919,-0.21432388,-0.15360971,0.61648715,0.7722356,0.15156657,0.78696245,-0.5980949,,0.031822458,0.0039870087,0.0037462115,0.6455994,0.5581019,0.52127105,0.030327052,-0.7007793,0.71273327,0.76307374,-0.4443315,-0.4693485,,0.05737979,1.3231696,0.4342655,0.9967615,0.07868101,-0.016605815,0.041305188,-0.6781352,-0.7337755,-0.068995185,0.7307133,-0.679189,,-0.03909564,0.2779281,-0.07814394,0.9613225,-0.042010125,0.27220246,0.016808482,0.9954054,0.094263405,-0.27491182,-0.086042225,0.95761174,,0.017643953,0.44594207,-0.27380392,-0.7183082,-0.4549626,-0.5263481,0.58824223,-0.8011273,-0.110300146,-0.37148938,-0.38884968,0.8430846,,1.3286575773459557,0.10785568732141951,0.18240615106000002,0.735802011687196,0.11532120580203174,0.2735176199127504,0.8729106894215883,,-1.02313854210876,0.1101879526494353,0.20903065137000001,4.536641927287684,-0.5912261344850608,-0.319734922665484,0.8627833573212631,,0.0238237442897226,0.038641589639154456,0.08941130016,-0.11709667966849292,,-1.3306737e-05,-4.4703484e-06,3.8146973e-06,1.0,8.098781e-06,8.713454e-06,-8.095056e-06,1.0,8.046627e-07,-8.709729e-06,-8.34465e-07,1.0,245,0.735,0,0,0.0,False,1.047316686446326,1.0519289973977002
0.7380218129983405,14:25:09.232492,14:23:54.008533,0,,0.07986358,-0.014947951,0.03424968,-0.9764369,0.025171772,-0.21432957,-0.1536135,0.61649126,0.7722315,0.15157072,0.7869592,-0.59809804,,0.031469822,0.0037998054,0.0034053326,0.6471331,0.55787456,0.51961,0.031548977,-0.7005782,0.7128778,0.7617239,-0.4449336,-0.47096792,,0.05737979,1.3231696,0.4342655,0.9967615,0.07868101,-0.016605815,0.041305188,-0.6781352,-0.7337755,-0.068995185,0.7307133,-0.679189,,-0.03910762,0.27793315,-0.07817506,0.96132094,-0.04200966,0.27220815,0.016808914,0.99540585,0.094258375,-0.27491733,-0.086037025,0.9576106,,0.018042121,0.4456004,-0.27378657,-0.71979153,-0.45469326,-0.5245514,0.58750623,-0.801514,-0.11140761,-0.36977902,-0.38836747,0.84405816,,1.3286575773459557,0.10784796458854527,0.18237244752,0.735802011687196,0.11532120580203174,0.2735176199127504,0.8729106894215883,,-1.0208989495752347,0.10913766097854077,0.20919268762,4.536641927287684,-0.5912261344850608,-0.3207150675471707,0.8763409148104081,,0.0238237442897226,0.038641589639154456,0.08941130016,-0.11709667966849292,,-1.3306737e-05,-4.4703484e-06,3.8146973e-06,1.0,8.098781e-06,8.713454e-06,-8.095056e-06,1.0,8.046627e-07,-8.709729e-06,-8.34465e-07,1.0,256,0.768,0,0,0.0,False,1.047316686446326,1.0521703984015973
0.7779374220117461,14:25:09.263415,14:23:54.008533,0,,0.07987708,-0.014973462,0.034285024,-0.9764905,0.025059557,-0.21409823,-0.15346694,0.6166525,0.7721319,0.15137348,0.7868364,-0.5983096,,0.030970104,0.0035389606,0.0031220913,0.6526358,0.55724907,0.51336145,0.035424054,-0.699252,0.713997,0.7568432,-0.4477945,-0.4760971,,0.05737979,1.3231696,0.4342655,0.9967615,0.07868101,-0.016605815,0.041305188,-0.6781352,-0.7337755,-0.068995185,0.7307133,-0.679189,,-0.039123807,0.27794135,-0.07821695,0.9613897,-0.041885596,0.2719842,0.016765853,0.99542785,0.0940333,-0.27467927,-0.0858426,0.9576964,,0.018586256,0.44528952,-0.27385932,-0.7250702,-0.4538932,-0.51793265,0.58457845,-0.8032227,-0.11446094,-0.36406222,-0.38576445,0.847729,,1.3286730228117043,0.10783251912279683,0.18232707737,0.735802011687196,0.11559447880156261,0.27329478410535757,0.8729106894215883,,-1.018188270336382,0.10802558744465245,0.20921861342000003,4.536641927287684,-0.5857606744944432,-0.3233748514119352,0.8781376995378853,,0.0238237442897226,0.038641589639154456,0.08941130016,-0.11709667966849292,,-1.3306737e-05,-4.4703484e-06,3.8146973e-06,1.0,8.098781e-06,8.713454e-06,-8.095056e-06,1.0,8.046627e-07,-8.709729e-06,-8.34465e-07,1.0,267,0.801,0,0,0.0,False,1.0470783755722417,1.0518807171969207
0.8088602670031833,14:25:09.295352,14:23:54.008533,0,,0.07987573,-0.014990404,0.034309074,-0.9762631,0.02580418,-0.2150446,-0.1539323,0.61580265,0.77271736,0.15236439,0.78747773,-0.5972133,,0.030474342,0.0032972638,0.002874732,0.6588943,0.5539809,0.5088844,0.039571643,-0.7010857,0.7119782,0.7511939,-0.44898093,-0.4838635,,0.05737979,1.3231696,0.4342655,0.9967615,0.07868101,-0.016605815,0.041305188,-0.6781352,-0.7337755,-0.068995185,0.7307133,-0.679189,,-0.039124284,0.2779473,-0.07824577,0.96109605,-0.042692084,0.27289525,0.017167876,0.9953059,0.095244266,-0.27568042,-0.086853854,0.9573175,,0.019121397,0.44501856,-0.27393383,-0.7310439,-0.45039058,-0.5125653,0.58103436,-0.80474895,-0.12156548,-0.35773444,-0.38668776,0.8499992,,1.3286807455445784,0.10783251912279683,0.18229855899000003,0.7360117016306805,0.11450138680343909,0.2745128422954912,0.8719306250247826,,-1.0156011548235169,0.1070679685682486,0.20921602084000002,4.536851617231169,-0.5790654860059367,-0.3216465995606904,0.8794444520669593,,0.0238237442897226,0.038641589639154456,0.08941130016,-0.11709667966849292,,-1.3306737e-05,-4.4703484e-06,3.8146973e-06,1.0,8.098781e-06,8.713454e-06,-8.095056e-06,1.0,8.046627e-07,-8.709729e-06,-8.34465e-07,1.0,278,0.833,0,0,0.0,False,1.0469592201351996,1.0516875963938028
0.8407862010062672,14:25:09.326249,14:23:54.165413,0,,0.07988089,-0.015004948,0.03433861,-0.97626376,0.026036028,-0.21501383,-0.15377593,0.61576575,0.77277786,0.15251824,0.7874989,-0.5971461,,0.029929869,0.0030070338,0.0025820136,0.6680052,0.54876125,0.5026231,0.046450257,-0.7048579,0.7078261,0.74270546,-0.44948447,-0.49633902,,0.05737979,1.3231696,0.4342655,0.9967615,0.07868101,-0.016605815,0.041305188,-0.6781352,-0.7337755,-0.068995185,0.7307133,-0.679189,,-0.03913145,0.27795887,-0.0782762,0.9610947,-0.0429259,0.27286336,0.01738705,0.99529344,0.0953344,-0.27567145,-0.0868811,0.9573176,,0.019713158,0.4446905,-0.27402636,-0.7397796,-0.44486815,-0.50479555,0.57606936,-0.8064172,-0.13354915,-0.34766403,-0.38959417,0.8528459,,1.3287270819418238,0.10783251912279683,0.18226615174000002,0.736221391574165,0.11450138680343909,0.27459452103563176,0.8717672809586483,,-1.0128750301189156,0.10587866770561803,0.20920694681000002,4.5364322373442,-0.567724656525405,-0.3170905784837384,0.879117763934691,,0.0238237442897226,0.038641589639154456,0.08941130016,-0.11709667966849292,,-1.3306737e-05,-4.4703484e-06,3.8146973e-06,1.0,8.098781e-06,8.713454e-06,-8.095056e-06,1.0,8.046627e-07,-8.709729e-06,-8.34465e-07,1.0,289,0.866,0,0,0.0,False,1.0471975310092834,1.0519289973977002
0.8716806800075574,14:25:09.363455,14:23:54.165413,0,,0.0798835,-0.015014291,0.034366235,-0.97625655,0.02603262,-0.2150469,-0.15378648,0.61585695,0.7727031,0.15255362,0.7874278,-0.597231,,0.029687949,0.002823526,0.0024284124,0.6729445,0.5448734,0.50025845,0.050137907,-0.70835006,0.7040784,0.7379918,-0.44872367,-0.5039993,,0.05737979,1.3231696,0.4342655,0.9967615,0.07868101,-0.016605815,0.041305188,-0.6781352,-0.7337755,-0.068995185,0.7307133,-0.679189,,-0.039135788,0.2779726,-0.07830168,0.9610853,-0.042915586,0.27289787,0.017405573,0.9953039,0.09522173,-0.27570283,-0.086766265,0.95731896,,0.019982683,0.4444972,-0.27410257,-0.7445012,-0.44081384,-0.5013992,0.5732612,-0.8070285,-0.14169204,-0.34218365,-0.3929226,0.8535351,,1.3287888638048175,0.10784024185567105,0.18223892965000002,0.736221391574165,0.11450138680343909,0.2744311635553507,0.8724206572231855,,-1.011654838324788,0.10507550348669868,0.20919916907000002,4.5364322373442,-0.5613027410364293,-0.312852486101165,0.8787910758024224,,0.0238237442897226,0.038641589639154456,0.08941130016,-0.11709667966849292,,-1.3306737e-05,-4.4703484e-06,3.8146973e-06,1.0,8.098781e-06,8.713454e-06,-8.095056e-06,1.0,8.046627e-07,-8.709729e-06,-8.34465e-07,1.0,297,0.89,0,0,0.0,False,1.0465421761055524,1.0523635192047154
