Task Time,PC1 Time,PC2 Time,Gaze Calib,s_T_psm1,Tx,Ty,Tz,R00,R01,R02,R10,R11,R12,R20,R21,R22,s_T_psm3,Tx,Ty,Tz,R00,R01,R02,R10,R11,R12,R20,R21,R22,cart_T_ecm,Tx,Ty,Tz,R00,R01,R02,R10,R11,R12,R20,R21,R22,ecm_T_psm1,Tx,Ty,Tz,R00,R01,R02,R10,R11,R12,R20,R21,R22,ecm_T_psm3,Tx,Ty,Tz,R00,R01,R02,R10,R11,R12,R20,R21,R22,psm1_joints,q1,q2,q3,q4,q5,q6,jaw,psm3_joints,q1,q2,q3,q4,q5,q6,jaw,ecm_joints,q1,q2,q3,q4,ecmi_T_ecm,Tx,Ty,Tz,R00,R01,R02,R10,R11,R12,R20,R21,R22,Sample #,Task Duration (s),Collisions (binary),Collisions (increments),Cumulative Collision Time (s),Clutch Press,MTMR Angle,MTML Angle
""
lci_T_si,,,,,-0.066164754,0.026516598,0.23978148,0.99478984,-0.005419439,0.101802684,0.07109325,-0.6788334,-0.7308426,0.07306782,0.7342723,-0.6749113
rci_T_si,,,,,-0.07567082,0.03074627,0.2479851,0.9944939,-0.021734206,0.10251589,0.062365826,-0.66341096,-0.74565166,0.08421631,0.7479395,-0.6584027
ecm_T_lc,,,,,-4.4061628e-05,-0.00034663224,-0.01840835,-0.99912,0.030754527,0.028518902,-0.031987965,-0.99852574,-0.043852776,0.027128186,-0.04472645,0.9986309
ecm_T_rc,,,,,-0.0043358393,0.01870579,-0.007592615,-0.99555075,-0.052743673,-0.078081585,0.04863213,-0.9973746,0.053654674,-0.08070653,0.04961868,0.9955021
cart_T_ecmi,,,,,0.057354428,1.3212025,0.4325391,0.9967344,0.0790177,-0.016638013,0.041456804,-0.67755413,-0.73430353,-0.06929614,0.73121583,-0.67861736
ecmac_T_ecmrep_psm1,,,,,-0.0033900698,-0.29259828,-0.274185,0.99793226,0.043159027,0.047628522,-0.040498573,0.99763834,-0.055476554,-0.049910355,0.053432956,0.99732333
ecmac_T_ecmrep_psm3,,,,,-0.030876445,-0.5082754,-0.4984752,0.99144465,-0.07732987,0.105155215,0.05830459,0.98314613,0.17327517,-0.116782285,-0.16566171,0.97924364
""
0,15:00:05.925905,14:58:50.783085,0,,0.12392503,0.0011759698,0.030074656,0.47823837,0.26752895,-0.83649045,0.55528104,0.6458134,0.5240113,0.680405,-0.71508986,0.16029896,,0.046600074,-0.031719074,0.083372,0.12493514,0.9414345,0.31319684,-0.22235584,-0.28107274,0.9335716,0.9669277,-0.18627703,0.17421758,,0.057333432,1.3212028,0.4325468,0.9967334,0.07903324,-0.016621174,0.04147966,-0.67755234,-0.73430395,-0.06929614,0.73121583,-0.67861736,,-0.078530736,0.29436946,-0.05101504,-0.5323508,-0.21128383,0.8197327,0.8457482,-0.09130274,0.52571267,-0.036230754,0.973151,0.227298,,-0.00069636555,0.50438297,-0.33203566,-0.22043008,-0.87049496,-0.44005582,0.6894562,-0.45818397,0.56099695,-0.6899715,-0.17973861,0.7011657,,1.229397291713548,0.3579023323230607,0.19856181333000003,2.88323672291221,-0.18363945568475198,-1.2614179308405036,-0.4183241533698894,,-1.2396685264362668,0.15884889248992393,0.13923580519,4.538109756892076,-0.980913431816097,-0.796296809190258,0.8758508826120053,,0.0238237442897226,0.039426987802551904,0.09203306007999999,-0.11742376536589094,,-2.1450222e-05,3.874302e-06,-5.00679e-06,1.0,1.5556812e-05,1.6771257e-05,-1.5567988e-05,1.0,1.5497208e-06,-1.6760081e-05,-1.6391277e-06,1.0,35,0.105,0,1,0.051,False,-0.2635718541719685,1.0503840309727575
0.11934109099092893,15:00:05.946839,14:58:50.853687,0,,0.1237982,0.0010816008,0.03051889,0.47298142,0.28001514,-0.8353921,0.544784,0.6522345,0.5270678,0.69245857,-0.7044018,0.15594703,,0.04659845,-0.031718865,0.08337283,0.12494417,0.94148564,0.31303948,-0.22236004,-0.2809143,0.9336183,0.9669256,-0.18625763,0.1742501,,0.057333432,1.3212028,0.4325468,0.9967334,0.07903324,-0.016621174,0.04147966,-0.67755234,-0.73430395,-0.06929614,0.73121583,-0.67861736,,-0.07843949,0.29463437,-0.051394287,-0.5280453,-0.22459844,0.81897724,0.8475986,-0.07989355,0.52458906,-0.05239088,0.9711707,0.23255673,,-0.00069490157,0.5043841,-0.33203584,-0.2204382,-0.87056637,-0.43991047,0.6894508,-0.45809707,0.5610746,-0.68997437,-0.17961435,0.70119476,,1.2306406517062982,0.35748530474785256,0.19820662987,2.876526644720705,-0.19948928965754306,-1.253639214640574,-0.4179974652376204,,-1.2396608037033925,0.15885661522279818,0.13923450890000003,4.538109756892076,-0.980913431816097,-0.7964601666705392,0.8755241944797367,,0.0238237442897226,0.039426987802551904,0.09203306007999999,-0.11742376536589094,,-2.1450222e-05,3.874302e-06,-5.00679e-06,1.0,1.5556812e-05,1.6771257e-05,-1.5567988e-05,1.0,1.5497208e-06,-1.6760081e-05,-1.6391277e-06,1.0,43,0.13,0,1,0.051,False,-0.26351227645344677,1.0502874705711984
0.14025951900111977,15:00:05.984735,14:58:50.853687,0,,0.12360154,0.0010088682,0.031035364,0.46550974,0.29256892,-0.8352868,0.53283,0.6609341,0.5284488,0.70667726,-0.6910642,0.15178178,,0.04659477,-0.031719968,0.08337301,0.12485218,0.9414593,0.31315535,-0.22241437,-0.28103518,0.93356895,0.9669249,-0.1862084,0.17430618,,0.057333432,1.3212028,0.4325468,0.9967334,0.07903324,-0.016621174,0.04147966,-0.67755234,-0.73430395,-0.06929614,0.73121583,-0.67861736,,-0.07828446,0.29497066,-0.05181093,-0.52170104,-0.23819734,0.8192009,0.8501513,-0.065004036,0.5225105,-0.07120925,0.96903896,0.23641646,,-0.00069116725,0.50438434,-0.3320368,-0.22034116,-0.8705325,-0.440026,0.68943876,-0.4581111,0.56107795,-0.6900174,-0.1797424,0.7011196,,1.2323628211372504,0.35695243617953104,0.19782552061000003,2.8670905972639016,-0.21779858062611207,-1.2463053383783258,-0.4166907127085462,,-1.2396299127718957,0.15885661522279818,0.13923321261000002,4.538109756892076,-0.9810500683158624,-0.7963487487668428,0.8755241944797367,,0.0238237442897226,0.039426987802551904,0.09203306007999999,-0.11742376536589094,,-2.1450222e-05,3.874302e-06,-5.00679e-06,1.0,1.5556812e-05,1.6771257e-05,-1.5567988e-05,1.0,1.5497208e-06,-1.6760081e-05,-1.6391277e-06,1.0,51,0.155,0,1,0.051,False,-0.2631548101423209,1.0501909101696396
0.17816946899984032,15:00:05.999439,14:58:50.853687,0,,0.12345417,0.0009833276,0.03138551,0.46033615,0.30221072,-0.83472115,0.52326083,0.6672025,0.53013104,0.7171393,-0.6808155,0.14900237,,0.046593428,-0.031720623,0.083373606,0.12485967,0.9414584,0.31315514,-0.22241253,-0.281034,0.9335698,0.96692437,-0.18621483,0.17430225,,0.057333432,1.3212028,0.4325468,0.9967334,0.07903324,-0.016621174,0.04147966,-0.67755234,-0.73430395,-0.06929614,0.73121583,-0.67861736,,-0.0781654,0.29521582,-0.05207684,-0.517354,-0.24864118,0.81885433,0.8514795,-0.05384836,0.52161586,-0.08560121,0.9670977,0.23957151,,-0.00068984035,0.5043847,-0.33203757,-0.22034867,-0.87053096,-0.44002536,0.6894379,-0.45811582,0.5610751,-0.6900158,-0.17973803,0.7011223,,1.233621626595749,0.35654313133719717,0.19758959583000002,2.8605902090158812,-0.23187214010195245,-1.2405468061074336,-0.4202842821635002,,-1.2396221900390214,0.15885661522279818,0.13923191632,4.538109756892076,-0.9810500683158624,-0.7963487487668428,0.8755241944797367,,0.0238237442897226,0.039426987802551904,0.09203306007999999,-0.11742376536589094,,-2.1450222e-05,3.874302e-06,-5.00679e-06,1.0,1.5556812e-05,1.6771257e-05,-1.5567988e-05,1.0,1.5497208e-06,-1.6760081e-05,-1.6391277e-06,1.0,59,0.179,0,1,0.051,False,-0.26422720907569985,1.0506254319766548
0.19281891800346784,15:00:06.027618,14:58:50.853687,0,,0.12327423,0.00094884634,0.031802267,0.45316488,0.31397069,-0.83430445,0.51087385,0.6755032,0.53169835,0.73051316,-0.6671716,0.1457149,,0.046592534,-0.03172244,0.08337498,0.124743715,0.94140834,0.31335193,-0.22246635,-0.28123948,0.93349504,0.96692705,-0.18615788,0.17434871,,0.057333432,1.3212028,0.4325468,0.9967334,0.07903324,-0.016621174,0.04147966,-0.67755234,-0.73430395,-0.06929614,0.73121583,-0.67861736,,-0.07801917,0.29550502,-0.052396543,-0.5112408,-0.26147228,0.8186972,0.85310465,-0.038963027,0.5202829,-0.10414065,0.96442425,0.24298272,,-0.0006889245,0.5043851,-0.3320398,-0.2202285,-0.8704648,-0.44021636,0.6894329,-0.45816153,0.5610439,-0.6900592,-0.17994179,0.70102733,,1.2351507277048455,0.3559484809058819,0.19730181945000003,2.851573541446047,-0.2507279770695832,-1.233502366891665,-0.41881418556829186,,-1.239614467306147,0.15884889248992393,0.13923062003,4.538109756892076,-0.9811867048156279,-0.7961556521230059,0.8753608504136028,,0.0238237442897226,0.039426987802551904,0.09203306007999999,-0.11742376536589094,,-2.1450222e-05,3.874302e-06,-5.00679e-06,1.0,1.5556812e-05,1.6771257e-05,-1.5567988e-05,1.0,1.5497208e-06,-1.6760081e-05,-1.6391277e-06,1.0,67,0.204,0,1,0.051,False,-0.2623802998015474,1.0500943497680806
0.22101754299364984,15:00:06.047967,14:58:50.853687,0,,0.12307895,0.0008946061,0.032212377,0.447428,0.32533675,-0.8330451,0.4988456,0.6823237,0.53440374,0.7422676,-0.6546683,0.14299788,,0.046590075,-0.031722292,0.083375335,0.12476021,0.9414073,0.31334817,-0.22246873,-0.28123236,0.93349665,0.9669243,-0.1861734,0.17434695,,0.057333432,1.3212028,0.4325468,0.9967334,0.07903324,-0.016621174,0.04147966,-0.67755234,-0.73430395,-0.06929614,0.73121583,-0.67861736,,-0.07785708,0.2957768,-0.05272689,-0.5064292,-0.27381602,0.8176517,0.85371625,-0.02589685,0.52009416,-0.1212355,0.9614334,0.24687609,,-0.0006865668,0.5043859,-0.33203977,-0.22024412,-0.8704627,-0.4402126,0.68942666,-0.45817098,0.56104386,-0.69006044,-0.1799277,0.7010297,,1.236579433286577,0.3553229395430697,0.19702830226,2.8446537733110575,-0.2669877205416706,-1.2265328993426141,-0.41946756183282896,,-1.2395990218403987,0.15885661522279818,0.13922932374000002,4.538109756892076,-0.9811867048156279,-0.7961556521230059,0.8753608504136028,,0.0238237442897226,0.039426987802551904,0.09203306007999999,-0.11742376536589094,,-2.1450222e-05,3.874302e-06,-5.00679e-06,1.0,1.5556812e-05,1.6771257e-05,-1.5567988e-05,1.0,1.5497208e-06,-1.6760081e-05,-1.6391277e-06,1.0,75,0.228,0,1,0.051,False,-0.2632143878608417,1.0502391903704191
0.2413934850046644,15:00:06.078168,14:58:50.853687,0,,0.1227488,0.00079873204,0.032842904,0.43406245,0.3479438,-0.8309782,0.48107308,0.6903542,0.5403514,0.76168144,-0.6343077,0.13227049,,0.046584263,-0.031723782,0.08337748,0.12467722,0.94135535,0.3135374,-0.2225272,-0.28142354,0.93342507,0.96692157,-0.18614742,0.17439002,,0.057333432,1.3212028,0.4325468,0.9967334,0.07903324,-0.016621174,0.04147966,-0.67755234,-0.73430395,-0.06929614,0.73121583,-0.67861736,,-0.07757801,0.29618788,-0.05324543,-0.4946095,-0.2979944,0.81643176,0.856395,-0.0069749164,0.51627415,-0.14815226,0.95454216,0.25865075,,-0.0006809356,0.504388,-0.33204192,-0.2201552,-0.87039244,-0.4403961,0.6894092,-0.45823556,0.5610126,-0.6901063,-0.18010326,0.7009395,,1.2388730849502216,0.3541954205434329,0.19659274882000002,2.828507647662749,-0.2933585649964006,-1.2082963935348272,-0.41963090589896335,,-1.2395604081760276,0.1588643379556724,0.13922543487000003,4.538109756892076,-0.9813233413153933,-0.7959625554791687,0.8755241944797372,,0.0238237442897226,0.039426987802551904,0.09203306007999999,-0.11742376536589094,,-2.1450222e-05,3.874302e-06,-5.00679e-06,1.0,1.5556812e-05,1.6771257e-05,-1.5567988e-05,1.0,1.5497208e-06,-1.6760081e-05,-1.6391277e-06,1.0,83,0.253,0,1,0.051,False,-0.26404847592013647,1.0502874705711984
0.27151296599186026,15:00:06.100089,14:58:50.853687,0,,0.12238715,0.00063320994,0.03342405,0.4207572,0.36405084,-0.8309214,0.4671947,0.6981809,0.5424688,0.7776197,-0.61644995,0.12368198,,0.046580233,-0.03172572,0.08337909,0.124699645,0.9413526,0.31353673,-0.22252163,-0.28141993,0.93342745,0.96692,-0.1861668,0.1743783,,0.057333432,1.3212028,0.4325468,0.9967334,0.07903324,-0.016621174,0.04147966,-0.67755234,-0.73430395,-0.06929614,0.73121583,-0.67861736,,-0.07726342,0.29651725,-0.053782552,-0.48258257,-0.31549343,0.81705445,0.8592225,0.010380579,0.51149684,-0.1698554,0.94887096,0.26606956,,-0.00067695545,0.50438905,-0.33204427,-0.22017772,-0.8703877,-0.4403942,0.6894068,-0.45824972,0.561004,-0.6901015,-0.18009016,0.7009476,,1.2410277274221302,0.3528593877561921,0.19614293619,2.8123615220144407,-0.3146738589598093,-1.1945907438645107,-0.4176707771053523,,-1.239537239977405,0.1588643379556724,0.139221546,4.538109756892076,-0.9813233413153933,-0.7959625554791687,0.8755241944797372,,0.0238237442897226,0.039426987802551904,0.09203306007999999,-0.11742376536589094,,-2.1450222e-05,3.874302e-06,-5.00679e-06,1.0,1.5556812e-05,1.6771257e-05,-1.5567988e-05,1.0,1.5497208e-06,-1.6760081e-05,-1.6391277e-06,1.0,91,0.277,0,1,0.051,False,-0.2637505873275314,1.0504805913743163
0.29351743900042493,15:00:06.126974,14:58:50.853687,0,,0.122137874,0.00049352646,0.03379932,0.41122264,0.37525952,-0.8307082,0.45878077,0.70228165,0.5443534,0.7876651,-0.6049635,0.11663224,,0.046572432,-0.031726852,0.08337861,0.1246391,0.9412977,0.31372517,-0.22257459,-0.2816075,0.9333583,0.9669156,-0.1861602,0.17440963,,0.057333432,1.3212028,0.4325468,0.9967334,0.07903324,-0.016621174,0.04147966,-0.67755234,-0.73430395,-0.06929614,0.73121583,-0.67861736,,-0.07704452,0.29670838,-0.054154076,-0.47385812,-0.32759243,0.8173993,0.86130154,0.02085277,0.5076661,-0.18335262,0.94458896,0.2722746,,-0.0006690764,0.5043894,-0.33204475,-0.22011133,-0.8703126,-0.44057575,0.6893869,-0.4583285,0.5609641,-0.6901425,-0.1802526,0.7008654,,1.2423792056751195,0.35187087794829136,0.19583312288000002,2.800828575122792,-0.32792759943705707,-1.183946564686239,-0.41767077710535205,,-1.2394754581144112,0.15887206068854662,0.13921895342,4.538109756892076,-0.9814599778151588,-0.7957694588353318,0.8756875385458713,,0.0238237442897226,0.039426987802551904,0.09203306007999999,-0.11742376536589094,,-2.1450222e-05,3.874302e-06,-5.00679e-06,1.0,1.5556812e-05,1.6771257e-05,-1.5567988e-05,1.0,1.5497208e-06,-1.6760081e-05,-1.6391277e-06,1.0,99,0.302,0,1,0.051,False,-0.26351227645344677,1.05014262996886
0.3204072410007939,15:00:06.150272,14:58:50.853687,0,,0.121879354,0.0003463477,0.034157753,0.402634,0.38525856,-0.83033824,0.45068783,0.7061094,0.54615927,0.7967223,-0.59412587,0.11067228,,0.04656394,-0.0317287,0.08337605,0.12470633,0.9412896,0.31372312,-0.2225579,-0.2815966,0.9333656,0.9669108,-0.18621814,0.17437446,,0.057333432,1.3212028,0.4325468,0.9967334,0.07903324,-0.016621174,0.04147966,-0.67755234,-0.73430395,-0.06929614,0.73121583,-0.67861736,,-0.076815024,0.2968827,-0.05452003,-0.46599868,-0.3384332,0.8175012,0.8628281,0.030739542,0.504562,-0.19589016,0.9404882,0.27768508,,-0.000660167,0.50438774,-0.33204472,-0.22017889,-0.8702984,-0.44057006,0.68937975,-0.4583709,0.56093824,-0.69012815,-0.18021332,0.7008897,,1.2437229611952345,0.3508205862773968,0.19553108731000002,2.7903440779485655,-0.34036152091571215,-1.1742159291505674,-0.4184874974360233,,-1.239405953518543,0.15887206068854662,0.13921636084000003,4.538109756892076,-0.9814599778151588,-0.7957694588353318,0.8756875385458713,,0.0238237442897226,0.039426987802551904,0.09203306007999999,-0.11742376536589094,,-2.1450222e-05,3.874302e-06,-5.00679e-06,1.0,1.5556812e-05,1.6771257e-05,-1.5567988e-05,1.0,1.5497208e-06,-1.6760081e-05,-1.6391277e-06,1.0,107,0.327,0,1,0.051,False,-0.26392932048309437,1.0501909101696396
0.3436795589950634,15:00:06.176735,14:58:51.081386,0,,0.121476494,0.00014767051,0.034724742,0.39038146,0.40456486,-0.8270003,0.4330547,0.7120054,0.5527312,0.81244445,-0.5739126,0.10275495,,0.046548612,-0.031732246,0.083372,0.12482588,0.941275,0.31371936,-0.2225281,-0.2815773,0.93337846,0.96690214,-0.18632117,0.174312,,0.057333432,1.3212028,0.4325468,0.9967334,0.07903324,-0.016621174,0.04147966,-0.67755234,-0.73430395,-0.06929614,0.73121583,-0.67861736,,-0.076458156,0.2971815,-0.055073716,-0.45499444,-0.3593043,0.8147886,0.8628596,0.048287146,0.50313187,-0.22012126,0.93197036,0.2880588,,-0.00064413605,0.5043851,-0.33204514,-0.22029902,-0.8702731,-0.44055992,0.68936706,-0.45844632,0.5608922,-0.69010246,-0.18014349,0.70093286,,1.2458467127356463,0.34908297138069627,0.19509423758000002,2.775456091961164,-0.364819454373726,-1.1563957716325626,-0.4191408737005604,,-1.2392823897925556,0.15887206068854662,0.13921117568000002,4.538109756892076,-0.9814599778151588,-0.7957694588353318,0.8756875385458713,,0.0238237442897226,0.039426987802551904,0.09203306007999999,-0.11742376536589094,,-2.1450222e-05,3.874302e-06,-5.00679e-06,1.0,1.5556812e-05,1.6771257e-05,-1.5567988e-05,1.0,1.5497208e-06,-1.6760081e-05,-1.6391277e-06,1.0,115,0.351,0,1,0.051,False,-0.26404847592013647,1.0500943497680806
0.3701680639933329,15:00:06.200341,14:58:51.081386,0,,0.12117443,2.7820468e-05,0.035095304,0.3792188,0.4146904,-0.82717884,0.42015287,0.7193101,0.5532309,0.8244178,-0.5573373,0.09854251,,0.04653816,-0.03173338,0.08336878,0.124909624,0.9412659,0.31371352,-0.22251374,-0.28155926,0.9333873,0.9668946,-0.18639463,0.17427507,,0.057333432,1.3212028,0.4325468,0.9967334,0.07903324,-0.016621174,0.04147966,-0.67755234,-0.73430395,-0.06929614,0.73121583,-0.67861736,,-0.0761863,0.29738596,-0.055430382,-0.44478962,-0.37073734,0.8153012,0.86335444,0.06471191,0.5004313,-0.23828827,0.92648053,0.29129454,,-0.00063330244,0.5043836,-0.3320441,-0.22038221,-0.87025684,-0.44055048,0.68935364,-0.45849818,0.5608663,-0.6900893,-0.18009011,0.70095956,,1.2473063092488748,0.34777782952495234,0.19482979442,2.7620359355781545,-0.3829921088425296,-1.1473763809909183,-0.41897752963442625,,-1.239197439730939,0.15887978342142084,0.1392085831,4.538109756892076,-0.9814599778151588,-0.7957694588353318,0.8756875385458713,,0.0238237442897226,0.039426987802551904,0.09203306007999999,-0.11742376536589094,,-2.1450222e-05,3.874302e-06,-5.00679e-06,1.0,1.5556812e-05,1.6771257e-05,-1.5567988e-05,1.0,1.5497208e-06,-1.6760081e-05,-1.6391277e-06,1.0,123,0.376,0,1,0.051,False,-0.26458467538682573,1.050432311173537
0.39376912100124173,15:00:06.221401,14:58:51.081386,0,,0.12067465,-0.00014197826,0.035642922,0.3588646,0.4296906,-0.8286025,0.40085003,0.73075396,0.5525557,0.8429327,-0.53043824,0.09000024,,0.046522304,-0.03173755,0.08336657,0.124792874,0.9412047,0.31394318,-0.2226057,-0.28179014,0.9332957,0.96688855,-0.18635416,0.17435205,,0.057333432,1.3212028,0.4325468,0.9967334,0.07903324,-0.016621174,0.04147966,-0.67755234,-0.73430395,-0.06929614,0.73121583,-0.67861736,,-0.07573134,0.29769632,-0.05595498,-0.42592803,-0.38786292,0.817403,0.86474884,0.091170505,0.49385974,-0.26607293,0.917197,0.2965719,,-0.0006169263,0.5043824,-0.332046,-0.22025569,-0.87017477,-0.44077575,0.68932235,-0.45856872,0.56084704,-0.69016093,-0.18030684,0.7008333,,1.2495767927138968,0.3457081371146602,0.19445775919000002,2.7375022121904653,-0.4104560452953831,-1.1320874327401667,-0.4194675618328292,,-1.2390661532720773,0.15887978342142084,0.13920339794,4.538109756892076,-0.9817332508146895,-0.795546623027939,0.8756875385458713,,0.0238237442897226,0.039426987802551904,0.09203306007999999,-0.11742376536589094,,-2.1450222e-05,3.874302e-06,-5.00679e-06,1.0,1.5556812e-05,1.6771257e-05,-1.5567988e-05,1.0,1.5497208e-06,-1.6760081e-05,-1.6391277e-06,1.0,160,0.489,0,1,0.051,False,-0.2644655199497832,1.050432311173537
0.4148185609956272,15:00:06.330578,14:58:51.203975,0,,0.11863521,-0.0006812811,0.037240356,0.30167133,0.47763026,-0.82514465,0.34772122,0.7507335,0.561684,0.8877412,-0.45636445,0.06039256,,0.046472244,-0.03174652,0.083352745,0.1250701,0.94113535,0.31404108,-0.22258112,-0.28184238,0.9332858,0.9668585,-0.18662575,0.17422879,,0.057333432,1.3212028,0.4325468,0.9967334,0.07903324,-0.016621174,0.04147966,-0.67755234,-0.73430395,-0.06929614,0.73121583,-0.67861736,,-0.0738244,0.29860622,-0.057547975,-0.37235624,-0.44160542,0.8162938,0.8641966,0.15572123,0.47845072,-0.3384007,0.8835924,0.32365012,,-0.0005648017,0.5043746,-0.3320448,-0.22052774,-0.8700656,-0.44085523,0.68926203,-0.4588138,0.56072074,-0.69013435,-0.18021029,0.70088434,,1.2584811037178776,0.3378695632473223,0.19341554203000003,2.6643204219143666,-0.48273675367130114,-1.0687367097171694,-0.41963090589896357,,-1.2386568484297433,0.15889522888716928,0.13918913875000002,4.538109756892076,-0.981869887314455,-0.7954352051242425,0.8756875385458713,,0.0238237442897226,0.039426987802551904,0.09203306007999999,-0.11742376536589094,,-2.1450222e-05,3.874302e-06,-5.00679e-06,1.0,1.5556812e-05,1.6771257e-05,-1.5567988e-05,1.0,1.5497208e-06,-1.6760081e-05,-1.6391277e-06,1.0,164,0.502,0,1,0.051,False,-0.26404847592013647,1.0497563883626244
0.5239865719922818,15:00:06.352474,14:58:51.203975,0,,0.1179903,-0.0008164644,0.037669122,0.29074827,0.48616806,-0.82407886,0.33699495,0.7540625,0.56375885,0.8954886,-0.44162247,0.055406123,,0.04646045,-0.03174828,0.08335012,0.1251613,0.94115084,0.31395808,-0.2225649,-0.28174692,0.9333185,0.96685034,-0.18669139,0.17420325,,0.057333432,1.3212028,0.4325468,0.9967334,0.07903324,-0.016621174,0.04147966,-0.67755234,-0.73430395,-0.06929614,0.73121583,-0.67861736,,-0.07321539,0.29886284,-0.05797375,-0.3620588,-0.45129964,0.81562376,0.8631061,0.16818365,0.47619548,-0.35208145,0.87638056,0.32862708,,-0.0005526434,0.5043735,-0.33204454,-0.22061844,-0.87008375,-0.44077408,0.6892478,-0.45882455,0.56072944,-0.6901195,-0.18009533,0.70092845,,1.2613925740114602,0.33570719804253946,0.19314850629000002,2.649013056039996,-0.49612713064831426,-1.0547956417697195,-0.4183241533698894,,-1.2385641756352526,0.1589029516200435,0.13918524988,4.538109756892076,-0.981869887314455,-0.795516883864383,0.8758508826120053,,0.0238237442897226,0.039426987802551904,0.09203306007999999,-0.11742376536589094,,-2.1450222e-05,3.874302e-06,-5.00679e-06,1.0,1.5556812e-05,1.6771257e-05,-1.5567988e-05,1.0,1.5497208e-06,-1.6760081e-05,-1.6391277e-06,1.0,172,0.526,0,1,0.051,False,-0.26470383082386784,1.0496115477602863
0.545901026998763,15:00:06.378523,14:58:51.203975,0,,0.11761582,-0.00086286664,0.03793201,0.28680748,0.49316722,-0.8212962,0.32787314,0.7550064,0.5678595,0.9001338,-0.43214744,0.054845154,,0.046456777,-0.0317495,0.0833503,0.1250693,0.94112444,0.31407395,-0.22261918,-0.2818678,0.933269,0.9668497,-0.18664223,0.1742593,,0.057333432,1.3212028,0.4325468,0.9967334,0.07903324,-0.016621174,0.04147966,-0.67755234,-0.73430395,-0.06929614,0.73121583,-0.67861736,,-0.07286294,0.29904392,-0.058207132,-0.358478,-0.45903426,0.8128844,0.86045027,0.17528291,0.47843623,-0.36210337,0.87095547,0.33214107,,-0.0005489106,0.50437367,-0.33204553,-0.2205214,-0.87004983,-0.4408896,0.68923575,-0.4588386,0.5607327,-0.69016254,-0.18022332,0.70085317,,1.2632460299012742,0.3344329471182924,0.19301498842,2.6427223577354604,-0.5066481411302531,-1.0454813545238297,-0.41946756183282896,,-1.2385332847037558,0.1589029516200435,0.13918395359000002,4.538109756892076,-0.9820065238142205,-0.7954054659606866,0.8755241944797372,,0.0238237442897226,0.039426987802551904,0.09203306007999999,-0.11742376536589094,,-2.1450222e-05,3.874302e-06,-5.00679e-06,1.0,1.5556812e-05,1.6771257e-05,-1.5567988e-05,1.0,1.5497208e-06,-1.6760081e-05,-1.6391277e-06,1.0,180,0.551,0,1,0.051,False,-0.26404847592013647,1.0497563883626244
0.571929910001927,15:00:06.398110,14:58:51.203975,0,,0.11722821,-0.0009048581,0.0381566,0.27975908,0.49535242,-0.82241154,0.32222164,0.7584844,0.56645787,0.9043827,-0.42347074,0.052579567,,0.046452574,-0.031749442,0.083351254,0.12504111,0.94121224,0.31382188,-0.22251302,-0.28164333,0.9333621,0.9668778,-0.18653807,0.17421493,,0.057333432,1.3212028,0.4325468,0.9967334,0.07903324,-0.016621174,0.04147966,-0.67755234,-0.73430395,-0.06929614,0.73121583,-0.67861736,,-0.07249438,0.2992011,-0.058411844,-0.3517767,-0.46191296,0.8141803,0.860074,0.18382956,0.47589856,-0.3694941,0.86766535,0.33261237,,-0.0005448987,0.5043752,-0.33204585,-0.22050966,-0.8701759,-0.44064656,0.6893174,-0.458653,0.5607842,-0.69008476,-0.18008702,0.7009648,,1.2650377039280942,0.33321275532416494,0.19290091490000003,2.632657240448203,-0.513753239118056,-1.039687623531616,-0.41946756183282896,,-1.238510116505133,0.1589029516200435,0.13918136101,4.537900066948591,-0.9820065238142205,-0.7954871447008273,0.8753608504136028,,0.0238237442897226,0.039426987802551904,0.09203306007999999,-0.11742376536589094,,-2.1450222e-05,3.874302e-06,-5.00679e-06,1.0,1.5556812e-05,1.6771257e-05,-1.5567988e-05,1.0,1.5497208e-06,-1.6760081e-05,-1.6391277e-06,1.0,188,0.576,0,1,0.051,False,-0.26309523242380006,1.0499495091657423
0.5914763259934261,15:00:06.428156,14:58:51.203975,0,,0.11670247,-0.00093349814,0.0384427,0.27156493,0.49830398,-0.82337445,0.3148975,0.76242936,0.5652795,0.90944606,-0.4127888,0.050134346,,0.046449214,-0.031749383,0.083352745,0.12500542,0.94124967,0.3137237,-0.22240874,-0.28157252,0.9334084,0.9669064,-0.186456,0.174144,,0.057333432,1.3212028,0.4325468,0.9967334,0.07903324,-0.016621174,0.04147966,-0.67755234,-0.73430395,-0.06929614,0.73121583,-0.67861736,,-0.071993046,0.29942027,-0.058656197,-0.343994,-0.46571663,0.8153381,0.8592088,0.19410466,0.47337472,-0.3787194,0.8633837,0.333377,,-0.00054178044,0.50437707,-0.33204642,-0.22049038,-0.87023157,-0.44054627,0.68939984,-0.45855424,0.56076366,-0.6900086,-0.18006954,0.7010443,,1.2675321466464688,0.3316218723520747,0.19277776735000002,2.6204952237261008,-0.5226346116028098,-1.031955387350505,-0.41946756183282896,,-1.2384946710393847,0.1589029516200435,0.13917876843000002,4.537690377005107,-0.9820065238142205,-0.7954054659606865,0.875197506347468,,0.0238237442897226,0.039426987802551904,0.09203306007999999,-0.11742376536589094,,-2.1450222e-05,3.874302e-06,-5.00679e-06,1.0,1.5556812e-05,1.6771257e-05,-1.5567988e-05,1.0,1.5497208e-06,-1.6760081e-05,-1.6391277e-06,1.0,196,0.601,0,1,0.051,False,-0.2632143878608417,1.0500943497680806
0.6215143820008961,15:00:06.443387,14:58:51.203975,0,,0.11637652,-0.0009186119,0.038662076,0.2633601,0.5057108,-0.82152176,0.30463326,0.76441485,0.56821513,0.9153361,-0.39990819,0.047260016,,0.046448708,-0.03174995,0.08335382,0.12500542,0.94124967,0.3137237,-0.22240874,-0.28157252,0.9334084,0.9669064,-0.186456,0.174144,,0.057333432,1.3212028,0.4325468,0.9967334,0.07903324,-0.016621174,0.04147966,-0.67755234,-0.73430395,-0.06929614,0.73121583,-0.67861736,,-0.07168566,0.299609,-0.058812678,-0.33625916,-0.4741317,0.8137131,0.8569263,0.20436332,0.4731944,-0.39064956,0.85640806,0.3375769,,-0.0005413487,0.5043778,-0.33204743,-0.22049038,-0.87023157,-0.44054627,0.68939984,-0.45855424,0.56076366,-0.6900086,-0.18006954,0.7010443,,1.2690612477555652,0.3306565307427966,0.19272202688,2.6091719667779363,-0.5343853505826376,-1.020658194089661,-0.4199575940312321,,-1.2384946710393847,0.1589029516200435,0.13917747214,4.537690377005107,-0.9820065238142205,-0.7954054659606865,0.875197506347468,,0.0238237442897226,0.039426987802551904,0.09203306007999999,-0.11742376536589094,,-2.1450222e-05,3.874302e-06,-5.00679e-06,1.0,1.5556812e-05,1.6771257e-05,-1.5567988e-05,1.0,1.5497208e-06,-1.6760081e-05,-1.6391277e-06,1.0,204,0.626,0,1,0.051,False,-0.26392932048309437,1.0504805913743163
0.636821695996332,15:00:06.468673,14:58:51.203975,0,,0.11612094,-0.0009162426,0.038811356,0.2571938,0.510314,-0.8206284,0.29737034,0.7661949,0.56966317,0.9194685,-0.3905445,0.045308292,,0.046446025,-0.03175123,0.08335483,0.12502038,0.9412479,0.3137233,-0.22240499,-0.28157014,0.9334099,0.96690536,-0.18646887,0.17413619,,0.057333432,1.3212028,0.4325468,0.9967334,0.07903324,-0.016621174,0.04147966,-0.67755234,-0.73430395,-0.06929614,0.73121583,-0.67861736,,-0.071442805,0.29973412,-0.058926586,-0.33042374,-0.4794712,0.8129745,0.85530716,0.21209863,0.4727196,-0.3990862,0.8515407,0.34001273,,-0.00053869776,0.5043785,-0.33204898,-0.2205054,-0.8702284,-0.440545,0.6893982,-0.45856366,0.5607579,-0.69000536,-0.18006082,0.7010497,,1.270188766755202,0.32985336652387726,0.19268573076,2.600574679095071,-0.5427201770683294,-1.012963235822633,-0.4194675618328292,,-1.238479225573636,0.1589029516200435,0.13917487956000002,4.537690377005107,-0.9820065238142205,-0.7954054659606865,0.875197506347468,,0.0238237442897226,0.039426987802551904,0.09203306007999999,-0.11742376536589094,,-2.1450222e-05,3.874302e-06,-5.00679e-06,1.0,1.5556812e-05,1.6771257e-05,-1.5567988e-05,1.0,1.5497208e-06,-1.6760081e-05,-1.6391277e-06,1.0,212,0.65,0,1,0.051,False,-0.2632143878608417,1.0497563883626244
0.662072644001455,15:00:06.493329,14:58:51.203975,0,,0.115732156,-0.0009236783,0.039002717,0.23942985,0.518205,-0.8210584,0.28684762,0.77015156,0.5697235,0.92757314,-0.37192768,0.035751313,,0.0464406,-0.03175147,0.08335662,0.12505335,0.941246,0.31371576,-0.22240975,-0.2815559,0.93341315,0.96690005,-0.1864999,0.1741327,,0.057333432,1.3212028,0.4325468,0.9967334,0.07903324,-0.016621174,0.04147966,-0.67755234,-0.73430395,-0.06929614,0.73121583,-0.67861736,,-0.0710705,0.29989097,-0.05908348,-0.31333616,-0.4888312,0.81416494,0.85502374,0.22783974,0.46585774,-0.41322494,0.84210044,0.34657186,,-0.00053355395,0.5043808,-0.3320499,-0.22053665,-0.87022424,-0.4405375,0.6893858,-0.45858258,0.5607578,-0.69000787,-0.18003266,0.7010545,,1.2715247995424428,0.3286640656612467,0.19265073093,2.5775087853117737,-0.5554273715465154,-0.9962304290479022,-0.4197942499650975,,-1.2384483346421393,0.15891839708579197,0.13917099069000002,4.537690377005107,-0.9820065238142205,-0.7954054659606865,0.875197506347468,,0.0238237442897226,0.039426987802551904,0.09203306007999999,-0.11742376536589094,,-2.1450222e-05,3.874302e-06,-5.00679e-06,1.0,1.5556812e-05,1.6771257e-05,-1.5567988e-05,1.0,1.5497208e-06,-1.6760081e-05,-1.6391277e-06,1.0,220,0.675,0,1,0.051,False,-0.26339312101640555,1.049804668563404
0.6867656349932076,15:00:06.520246,14:58:51.203975,0,,0.1154926,-0.0009456575,0.03909701,0.22461067,0.5244645,-0.82127154,0.27976277,0.77261806,0.56990695,0.9334254,-0.35776854,0.026812568,,0.046435982,-0.031752035,0.083357096,0.1250848,0.94124323,0.31371152,-0.22240838,-0.2815463,0.93341637,0.96689624,-0.18652827,0.17412314,,0.057333432,1.3212028,0.4325468,0.9967334,0.07903324,-0.016621174,0.04147966,-0.67755234,-0.73430395,-0.06929614,0.73121583,-0.67861736,,-0.07083916,0.29995856,-0.05917666,-0.29901305,-0.49620575,0.8150896,0.8552903,0.23942387,0.4595157,-0.42316625,0.8345394,0.3528091,,-0.0005289788,0.50438166,-0.33205044,-0.2205673,-0.87021905,-0.4405325,0.6893779,-0.45860144,0.560752,-0.6900059,-0.18000984,0.70106226,,1.2720962817751356,0.32787634690807577,0.19263906432000003,2.558636690398166,-0.5640354710317381,-0.9822684082030798,-0.4202842821635002,,-1.2384174437106423,0.1589261198186662,0.13916839811,4.537690377005107,-0.9820065238142205,-0.7954054659606865,0.875197506347468,,0.0238237442897226,0.039426987802551904,0.09203306007999999,-0.11742376536589094,,-2.1450222e-05,3.874302e-06,-5.00679e-06,1.0,1.5556812e-05,1.6771257e-05,-1.5567988e-05,1.0,1.5497208e-06,-1.6760081e-05,-1.6391277e-06,1.0,261,0.801,0,1,0.051,False,-0.26392932048309437,1.0495632675595068
0.7136540369974682,15:00:06.642617,14:58:51.437111,0,,0.11387268,-0.0013555884,0.039164007,0.13438839,0.560808,-0.8169665,0.23802334,0.782039,0.57598597,0.9619173,-0.27186307,-0.02838853,,0.046324044,-0.031790055,0.08335191,0.12534273,0.9411518,0.3138828,-0.22237587,-0.28167635,0.9333849,0.96687037,-0.18679297,0.17398328,,0.057363972,1.3212032,0.43254042,0.9967347,0.079012126,-0.016644059,0.041448597,-0.6775548,-0.7343034,-0.06929614,0.73121583,-0.67861736,,-0.06925463,0.2998266,-0.059608884,-0.21123803,-0.5392815,0.8152018,0.85269874,0.3060135,0.42339182,-0.47779012,0.784558,0.39520293,,-0.00044142792,0.5043792,-0.33208096,-0.22082298,-0.87009376,-0.4406518,0.6893316,-0.45885777,0.5605992,-0.68997043,-0.17996201,0.70110947,,1.2738725103362072,0.32099539191714177,0.19272591575000003,2.441420011990317,-0.6117216094498769,-0.888495446438571,-0.4179974652376206,,-1.2379463570053146,0.15894156528441464,0.13914765747000002,4.537690377005107,-0.982143160313986,-0.7952940480569901,0.875197506347468,,0.0238237442897226,0.039426987802551904,0.09203306007999999,-0.11742376536589094,,9.447336e-06,1.1920929e-06,-1.5497208e-06,1.0,-5.58421e-06,-6.016344e-06,5.5767596e-06,1.0,-6.2584877e-07,6.0275197e-06,5.066395e-07,1.0,265,0.813,0,1,0.051,False,-0.2639888982016152,1.050046069567301
0.8360385300038615,15:00:06.661256,14:58:51.437111,0,,0.11350015,-0.0014457703,0.039138675,0.11972529,0.56896824,-0.81359756,0.23214874,0.78072965,0.5801449,0.9652839,-0.2583338,-0.038612247,,0.046313882,-0.031792082,0.083348274,0.12542489,0.9411418,0.3138802,-0.22235546,-0.2816631,0.9333937,0.9668644,-0.18686378,0.17394036,,0.057363972,1.3212032,0.43254042,0.9967347,0.079012126,-0.016644059,0.041448597,-0.6775548,-0.7343034,-0.06929614,0.73121583,-0.67861736,,-0.06888105,0.2997686,-0.059676856,-0.19687553,-0.5484912,0.8126484,0.85198396,0.31443688,0.41863203,-0.48514262,0.7747818,0.40540075,,-0.0004307344,0.5043769,-0.33208048,-0.22090554,-0.87007636,-0.4406448,0.6893228,-0.45890963,0.5605676,-0.6899528,-0.17991401,0.70113915,,1.2745134971647678,0.3193427270820577,0.19276869332000002,2.4204510176418648,-0.6181435249388526,-0.866678020716305,-0.4199575940312319,,-1.2378614069436982,0.15894156528441464,0.13914506489,4.537690377005107,-0.982143160313986,-0.7952940480569901,0.875197506347468,,0.0238237442897226,0.039426987802551904,0.09203306007999999,-0.11742376536589094,,9.447336e-06,1.1920929e-06,-1.5497208e-06,1.0,-5.58421e-06,-6.016344e-06,5.5767596e-06,1.0,-6.2584877e-07,6.0275197e-06,5.066395e-07,1.0,273,0.838,0,1,0.051,False,-0.26386974276457353,1.0500943497680806
0.8546586769953137,15:00:06.690616,14:58:51.437111,0,,0.112871245,-0.0015915483,0.03907889,0.09899342,0.57976466,-0.808748,0.22482947,0.77869236,0.58573866,0.96935654,-0.23981476,-0.05326286,,0.046308927,-0.03179217,0.08334714,0.12546381,0.9411381,0.31387573,-0.22235224,-0.28165233,0.93339777,0.96686006,-0.18689862,0.17392689,,0.057363972,1.3212032,0.43254042,0.9967347,0.079012126,-0.016644059,0.041448597,-0.6775548,-0.7343034,-0.06929614,0.73121583,-0.67861736,,-0.06824902,0.29966277,-0.059775285,-0.17651631,-0.56072456,0.8089685,0.8511521,0.3258211,0.41155884,-0.49435017,0.76120204,0.41974914,,-0.00042569783,0.5043767,-0.3320798,-0.22094369,-0.87006956,-0.44063917,0.6893141,-0.45893323,0.5605589,-0.6899492,-0.17988685,0.70114964,,1.2756332934315302,0.31683283889793473,0.19283739669000002,2.392771945101907,-0.6248387134273592,-0.838675211156385,-0.4188141855682921,,-1.237822793279327,0.15894928801728886,0.13914376860000002,4.537690377005107,-0.982143160313986,-0.7952940480569901,0.875197506347468,,0.0238237442897226,0.039426987802551904,0.09203306007999999,-0.11742376536589094,,9.447336e-06,1.1920929e-06,-1.5497208e-06,1.0,-5.58421e-06,-6.016344e-06,5.5767596e-06,1.0,-6.2584877e-07,6.0275197e-06,5.066395e-07,1.0,281,0.862,0,1,0.051,False,-0.2636910096090097,1.0499012289649627
0.8840345850039739,15:00:06.713890,14:58:51.437111,0,,0.11226006,-0.0017055124,0.039041728,0.079191394,0.5864468,-0.8061073,0.21680218,0.77915853,0.58813995,0.97299826,-0.22134152,-0.06544037,,0.046308056,-0.03178949,0.083348215,0.12546848,0.9411408,0.31386584,-0.22237048,-0.2816382,0.9333977,0.9668553,-0.18690646,0.1739451,,0.057363972,1.3212032,0.43254042,0.9967347,0.079012126,-0.016644059,0.041448597,-0.6775548,-0.7343034,-0.06929614,0.73121583,-0.67861736,,-0.067636535,0.2995941,-0.059865113,-0.15704785,-0.56885934,0.8073011,0.8494665,0.33913547,0.40422,-0.50372875,0.7492571,0.42996642,,-0.0004252877,0.5043791,-0.332078,-0.22094554,-0.87007284,-0.44063175,0.6893002,-0.4589333,0.560576,-0.68996257,-0.17987078,0.70114064,,1.276899821622903,0.31445423717267357,0.19291387780000002,2.3648831826184655,-0.6319438114151621,-0.8142587274121231,-0.4188141855682921,,-1.237822793279327,0.15897245621591152,0.13914376860000002,4.537690377005107,-0.982143160313986,-0.7952940480569901,0.875197506347468,,0.0238237442897226,0.039426987802551904,0.09203306007999999,-0.11742376536589094,,9.447336e-06,1.1920929e-06,-1.5497208e-06,1.0,-5.58421e-06,-6.016344e-06,5.5767596e-06,1.0,-6.2584877e-07,6.0275197e-06,5.066395e-07,1.0,289,0.888,0,1,0.051,False,-0.2635718541719685,1.0498529487641832
0.9073001810029382,15:00:06.734714,14:58:51.437111,0,,0.11184484,-0.0017678589,0.039063066,0.06059447,0.5903788,-0.8048486,0.20734102,0.7812976,0.5887135,0.97639036,-0.202551,-0.075067505,,0.046308286,-0.03178809,0.0833475,0.12547003,0.9411416,0.31386256,-0.2223765,-0.2816335,0.93339765,0.9668536,-0.18690911,0.17395109,,0.057363972,1.3212032,0.43254042,0.9967347,0.079012126,-0.016644059,0.041448597,-0.6775548,-0.7343034,-0.06929614,0.73121583,-0.67861736,,-0.06722419,0.29959157,-0.05994703,-0.1387572,-0.57428217,0.8068125,0.8465441,0.35399184,0.39755863,-0.51391584,0.7381665,0.43703625,,-0.00042558197,0.50437915,-0.33207643,-0.22094615,-0.8700739,-0.44062927,0.68929553,-0.45893332,0.5605817,-0.689967,-0.17986543,0.70113766,,1.2777029858418225,0.3130718679881874,0.19295924795000002,2.3388816296263846,-0.6397320919017923,-0.7945125935183747,-0.4191408737005604,,-1.237822793279327,0.15898017894878574,0.13914506489,4.537690377005107,-0.982143160313986,-0.7952940480569901,0.875197506347468,,0.0238237442897226,0.039426987802551904,0.09203306007999999,-0.11742376536589094,,9.447336e-06,1.1920929e-06,-1.5497208e-06,1.0,-5.58421e-06,-6.016344e-06,5.5767596e-06,1.0,-6.2584877e-07,6.0275197e-06,5.066395e-07,1.0,297,0.912,0,1,0.051,False,-0.2630356547052788,1.0503840309727575
0.9280944789934438,15:00:06.759955,14:58:51.437111,0,,0.11148218,-0.001838088,0.03901875,0.04656352,0.5939414,-0.8031597,0.20382482,0.78146666,0.58971614,0.9778995,-0.19116324,-0.08467224,,0.046308562,-0.031788923,0.08334714,0.12546848,0.9411408,0.31386584,-0.22237048,-0.2816382,0.9333977,0.9668553,-0.18690646,0.1739451,,0.057363972,1.3212032,0.43254042,0.9967347,0.079012126,-0.016644059,0.041448597,-0.6775548,-0.7343034,-0.06929614,0.73121583,-0.67861736,,-0.066858985,0.29953292,-0.059987,-0.12488258,-0.5787417,0.8058923,0.84606314,0.36215147,0.3911822,-0.5182485,0.73068756,0.44442564,,-0.0004257187,0.5043784,-0.332077,-0.22094554,-0.87007284,-0.44063175,0.6893002,-0.4589333,0.560576,-0.68996257,-0.17987078,0.70114064,,1.2783903090676285,0.311751280666695,0.19300980326000003,2.3195901548258084,-0.6417816393982737,-0.7783025092179086,-0.4201209380973663,,-1.237822793279327,0.15897245621591152,0.13914506489,4.537690377005107,-0.982143160313986,-0.7952940480569902,0.8755241944797372,,0.0238237442897226,0.039426987802551904,0.09203306007999999,-0.11742376536589094,,9.447336e-06,1.1920929e-06,-1.5497208e-06,1.0,-5.58421e-06,-6.016344e-06,5.5767596e-06,1.0,-6.2584877e-07,6.0275197e-06,5.066395e-07,1.0,305,0.937,0,1,0.051,False,-0.2636314318904893,1.0499012289649627
0.9533900069945958,15:00:06.785443,14:58:51.437111,0,,0.11091176,-0.0019433945,0.038951874,0.019768389,0.60262585,-0.79777896,0.19543585,0.78021264,0.5941993,0.98051727,-0.16766113,-0.10235125,,0.04631023,-0.031788774,0.083348155,0.12545355,0.9411169,0.3139432,-0.22237411,-0.28171685,0.93337303,0.96685636,-0.1869078,0.17393759,,0.057363972,1.3212032,0.43254042,0.9967347,0.079012126,-0.016644059,0.041448597,-0.6775548,-0.7343034,-0.06929614,0.73121583,-0.67861736,,-0.066284776,0.29944623,-0.06004804,-0.09836077,-0.5892691,0.8019271,0.8438044,0.377812,0.38111967,-0.5275597,0.71415687,0.460066,,-0.00042750625,0.50437903,-0.33207744,-0.22093053,-0.87004,-0.44070408,0.6893018,-0.45896965,0.56054425,-0.6899657,-0.17993678,0.70112056,,1.2793247597454096,0.3098205974481389,0.19310054356000003,2.282894414716017,-0.6465639168900642,-0.7449168573977907,-0.41832415336988893,,-1.2378382387450755,0.15897245621591152,0.13914506489,4.537690377005107,-0.982143160313986,-0.7952123693168497,0.8756875385458713,,0.0238237442897226,0.039426987802551904,0.09203306007999999,-0.11742376536589094,,9.447336e-06,1.1920929e-06,-1.5497208e-06,1.0,-5.58421e-06,-6.016344e-06,5.5767596e-06,1.0,-6.2584877e-07,6.0275197e-06,5.066395e-07,1.0,313,0.962,0,1,0.051,False,-0.2644655199497832,1.049708108161845
