Task Time,PC1 Time,PC2 Time,Gaze Calib,s_T_psm1,Tx,Ty,Tz,R00,R01,R02,R10,R11,R12,R20,R21,R22,s_T_psm3,Tx,Ty,Tz,R00,R01,R02,R10,R11,R12,R20,R21,R22,cart_T_ecm,Tx,Ty,Tz,R00,R01,R02,R10,R11,R12,R20,R21,R22,ecm_T_psm1,Tx,Ty,Tz,R00,R01,R02,R10,R11,R12,R20,R21,R22,ecm_T_psm3,Tx,Ty,Tz,R00,R01,R02,R10,R11,R12,R20,R21,R22,psm1_joints,q1,q2,q3,q4,q5,q6,jaw,psm3_joints,q1,q2,q3,q4,q5,q6,jaw,ecm_joints,q1,q2,q3,q4,ecmi_T_ecm,Tx,Ty,Tz,R00,R01,R02,R10,R11,R12,R20,R21,R22,Sample #,Task Duration (s),Collisions (binary),Collisions (increments),Cumulative Collision Time (s),Clutch Press,MTMR Angle,MTML Angle
""
lci_T_si,,,,,-0.066164754,0.026516598,0.23978148,0.99478984,-0.005419439,0.101802684,0.07109325,-0.6788334,-0.7308426,0.07306782,0.7342723,-0.6749113
rci_T_si,,,,,-0.07567082,0.03074627,0.2479851,0.9944939,-0.021734206,0.10251589,0.062365826,-0.66341096,-0.74565166,0.08421631,0.7479395,-0.6584027
ecm_T_lc,,,,,-4.4061628e-05,-0.00034663224,-0.01840835,-0.99912,0.030754527,0.028518902,-0.031987965,-0.99852574,-0.043852776,0.027128186,-0.04472645,0.9986309
ecm_T_rc,,,,,-0.0043358393,0.01870579,-0.007592615,-0.99555075,-0.052743673,-0.078081585,0.04863213,-0.9973746,0.053654674,-0.08070653,0.04961868,0.9955021
cart_T_ecmi,,,,,0.057354428,1.3212025,0.4325391,0.9967344,0.0790177,-0.016638013,0.041456804,-0.67755413,-0.73430353,-0.06929614,0.73121583,-0.67861736
ecmac_T_ecmrep_psm1,,,,,-0.0033900698,-0.29259828,-0.274185,0.99793226,0.043159027,0.047628522,-0.040498573,0.99763834,-0.055476554,-0.049910355,0.053432956,0.99732333
ecmac_T_ecmrep_psm3,,,,,-0.030876445,-0.5082754,-0.4984752,0.99144465,-0.07732987,0.105155215,0.05830459,0.98314613,0.17327517,-0.116782285,-0.16566171,0.97924364
""
0,14:56:34.828750,14:55:19.703579,0,,0.1199031,0.0017105788,0.032807216,0.49142325,0.61537755,-0.6162902,0.33098632,0.52257425,0.78572524,0.80557513,-0.5901075,0.053123564,,0.048507392,-0.04247907,0.052598536,0.830209,0.5125898,-0.21909943,0.2647738,-0.01671794,0.96416557,0.49055865,-0.85847086,-0.14959988,,0.05739022,1.3211997,0.43254384,0.9967375,0.0789669,-0.016693067,0.041382074,-0.6775601,-0.7343023,-0.06929614,0.73121583,-0.67861736,,-0.07478154,0.29695785,-0.052708197,-0.5548794,-0.5676282,0.6081999,0.7818474,-0.105975695,0.6143971,-0.2842947,0.8164358,0.50260234,,0.0025652668,0.47253203,-0.32560733,-0.9112667,-0.39332,0.12203441,0.4083554,-0.8246823,0.39133736,-0.053281203,0.40644613,0.91211987,,1.2519399489734095,0.33961490087689705,0.19800440863000002,2.9002216083344563,-0.4521301777238424,-0.9137560556155093,-0.4147305839149351,,-1.1949693485602553,0.02976341249726126,0.15756923466000003,4.539577586496468,-0.021725203462705032,-1.216695353056586,0.8734007216199913,,0.0238237442897226,0.039426987802551904,0.09203306007999999,-0.11742376536589094,,3.5226345e-05,8.225441e-06,-1.66893e-06,1.0,-5.0887465e-05,-5.4817647e-05,5.0872564e-05,1.0,-5.275011e-06,5.4828823e-05,5.155802e-06,1.0,32,0.096,0,0,0.0,False,-0.26386974276457353,1.0462319337057238
0.12993380999250803,14:56:34.848067,14:55:19.703579,0,,0.11970851,0.0017745942,0.032944933,0.477127,0.62374824,-0.6191025,0.32891482,0.5265208,0.78395844,0.8149631,-0.57767993,0.046057165,,0.04852105,-0.042496447,0.05257976,0.8315063,0.50953627,-0.22129142,0.26580828,-0.015144974,0.9639069,0.4877941,-0.8603159,-0.14803222,,0.05739022,1.3211997,0.43254384,0.9967375,0.0789669,-0.016693067,0.041382074,-0.6775601,-0.7343023,-0.06929614,0.73121583,-0.67861736,,-0.0745987,0.2971132,-0.052766137,-0.5413722,-0.57697254,0.61157084,0.78808516,-0.09475687,0.6082293,-0.29298106,0.8112483,0.50600225,,0.0025562407,0.4725051,-0.32561314,-0.9123126,-0.3902612,0.1240235,0.4063029,-0.8249475,0.39291173,-0.05102534,0.40884945,0.91117424,,1.2528126177881969,0.33919787330168893,0.19799663089000002,2.8821882731947874,-0.45978182171070714,-0.9036777522219033,-0.41587399237787515,,-1.1951855850807336,0.02963984877127367,0.15758479014000001,4.539577586496468,-0.018309290968569022,-1.2193174431687155,0.8734007216199913,,0.0238237442897226,0.039426987802551904,0.09203306007999999,-0.11742376536589094,,3.5226345e-05,8.225441e-06,-1.66893e-06,1.0,-5.0887465e-05,-5.4817647e-05,5.0872564e-05,1.0,-5.275011e-06,5.4828823e-05,5.155802e-06,1.0,43,0.129,0,0,0.0,False,-0.26339312101640555,1.0456525712963705
0.14923041299334727,14:56:34.884127,14:55:19.780323,0,,0.11925636,0.0019295812,0.033250645,0.45193863,0.64226353,-0.6190711,0.3205133,0.53073204,0.78459835,0.8324799,-0.55301094,0.03400427,,0.048605554,-0.042519543,0.052565455,0.83232296,0.50827265,-0.22112742,0.2664824,-0.017120063,0.96368766,0.4860304,-0.86102605,-0.14969525,,0.05739022,1.3211997,0.43254384,0.9967375,0.0789669,-0.016693067,0.041382074,-0.6775601,-0.7343023,-0.06929614,0.73121583,-0.67861736,,-0.07417274,0.2974682,-0.05288649,-0.51764035,-0.59740573,0.61249894,0.7965227,-0.075086325,0.599928,-0.31241015,0.7984162,0.5147149,,0.0024775423,0.47246706,-0.32562867,-0.9129707,-0.38869485,0.12409988,0.4050024,-0.8263228,0.39136136,-0.049573585,0.4075622,0.91183084,,1.2550058739244767,0.3381861952951655,0.19799663089000002,2.850525091728624,-0.4776812031799798,-0.880505739122913,-0.41440389578266656,,-1.1957802355120488,0.02936955312067581,0.15762238255000002,4.539577586496468,-0.01571319747302565,-1.218167233733325,0.8714405928263798,,0.0238237442897226,0.039426987802551904,0.09203306007999999,-0.11742376536589094,,3.5226345e-05,8.225441e-06,-1.66893e-06,1.0,-5.0887465e-05,-5.4817647e-05,5.0872564e-05,1.0,-5.275011e-06,5.4828823e-05,5.155802e-06,1.0,51,0.154,0,0,0.0,False,-0.26381016504605226,1.0474389387252105
0.18530196299252566,14:56:34.909142,14:55:19.780323,0,,0.11905674,0.0019915253,0.03337525,0.4447589,0.6506937,-0.6154569,0.31526375,0.529449,0.78758645,0.8383307,-0.54431754,0.030336946,,0.048686124,-0.04253562,0.052558064,0.8327958,0.50678265,-0.22276087,0.26713607,-0.015454233,0.9635349,0.48486012,-0.8619354,-0.14825025,,0.05739022,1.3211997,0.43254384,0.9967375,0.0789669,-0.016693067,0.041382074,-0.6775601,-0.7343023,-0.06929614,0.73121583,-0.67861736,,-0.07398383,0.29761294,-0.052937225,-0.51093733,-0.6064991,0.6091814,0.79759085,-0.070166655,0.59910387,-0.32061172,0.79198205,0.5195889,,0.002401007,0.47243914,-0.32564157,-0.9133636,-0.38730624,0.1255421,0.40425414,-0.8260114,0.39278972,-0.0484307,0.40951073,0.9110189,,1.2560252746638743,0.33766877219259245,0.19800181605000003,2.8415084241587896,-0.4857427566661408,-0.8696031095773744,-0.4153839601794722,,-1.196336272278993,0.029153316600197526,0.15765478980000003,4.539367896552983,-0.013800286476309485,-1.2205438717864805,0.8737274097522597,,0.0238237442897226,0.039426987802551904,0.09203306007999999,-0.11742376536589094,,3.5226345e-05,8.225441e-06,-1.66893e-06,1.0,-5.0887465e-05,-5.4817647e-05,5.0872564e-05,1.0,-5.275011e-06,5.4828823e-05,5.155802e-06,1.0,59,0.177,0,0,0.0,False,-0.26404847592013647,1.0461353733041652
0.21024672899511643,14:56:34.931220,14:55:19.780323,0,,0.11884241,0.0020513982,0.03348662,0.43474716,0.6560432,-0.61692965,0.3122743,0.5327306,0.78656393,0.8446773,-0.5346079,0.026737541,,0.048736066,-0.042546604,0.052552223,0.83382064,0.5043313,-0.22448397,0.26796654,-0.014247596,0.9633229,0.4826355,-0.8633927,-0.14702398,,0.05739022,1.3211997,0.43254384,0.9967375,0.0789669,-0.016693067,0.041382074,-0.6775601,-0.7343023,-0.06929614,0.73121583,-0.67861736,,-0.0737792,0.29774755,-0.05298122,-0.50145626,-0.6126135,0.6109389,0.80073816,-0.061194498,0.5958805,-0.32765836,0.7880101,0.5212294,,0.002353859,0.47242025,-0.3256498,-0.9141862,-0.38484716,0.12710746,0.4026047,-0.826232,0.39401788,-0.046616413,0.41137975,0.91027117,,1.2569906162731523,0.3371590718228936,0.19801089008000003,2.8287173376062333,-0.4921646721551165,-0.8624061783402689,-0.4142405517165322,,-1.196784190785698,0.029029752874209933,0.15767553044000002,4.539367896552983,-0.010794283481469795,-1.2226683507072396,0.8730740334877226,,0.0238237442897226,0.039426987802551904,0.09203306007999999,-0.11742376536589094,,3.5226345e-05,8.225441e-06,-1.66893e-06,1.0,-5.0887465e-05,-5.4817647e-05,5.0872564e-05,1.0,-5.275011e-06,5.4828823e-05,5.155802e-06,1.0,67,0.202,0,0,0.0,False,-0.2629164992682367,1.0480665813353434
0.23232178299804218,14:56:34.955131,14:55:19.780323,0,,0.11853813,0.002126813,0.03364058,0.42270643,0.6656978,-0.61495167,0.30448794,0.53478813,0.7882186,0.85358447,-0.5204306,0.023361325,,0.048795834,-0.042552132,0.052556038,0.8341418,0.5037628,-0.22456717,0.26823872,-0.014763266,0.96323925,0.48192874,-0.8637159,-0.14744347,,0.05739022,1.3211997,0.43254384,0.9967375,0.0789669,-0.016693067,0.041382074,-0.6775601,-0.7343023,-0.06929614,0.73121583,-0.67861736,,-0.07348835,0.29792908,-0.05304779,-0.49014527,-0.6233726,0.6092324,0.80257154,-0.050079808,0.59445006,-0.34005368,0.7803195,0.5248475,,0.0022951541,0.47241056,-0.32565862,-0.91444415,-0.38418564,0.12725276,0.40208563,-0.8266677,0.39363378,-0.046032697,0.41112265,0.910417,,1.2583420945261417,0.3362632348094836,0.1980342233,2.8136196616753475,-0.5043253206342407,-0.8501213014472112,-0.41440389578266634,,-1.1972166638266546,0.02892163461397079,0.15769367850000002,4.539367896552983,-0.00956455498358083,-1.2225276094785396,0.8730740334877225,,0.0238237442897226,0.039426987802551904,0.09203306007999999,-0.11742376536589094,,3.5226345e-05,8.225441e-06,-1.66893e-06,1.0,-5.0887465e-05,-5.4817647e-05,5.0872564e-05,1.0,-5.275011e-06,5.4828823e-05,5.155802e-06,1.0,78,0.236,0,0,0.0,False,-0.2636314318904893,1.04748721892599
0.25625901100283954,14:56:34.983717,14:55:19.780323,0,,0.11826051,0.0021823794,0.033755586,0.41050243,0.6733032,-0.6149394,0.29787198,0.5383685,0.7883093,0.8618353,-0.5067763,0.02044332,,0.048878253,-0.042561743,0.052560925,0.8351228,0.50143665,-0.22612229,0.26904404,-0.01380536,0.9630289,0.47977623,-0.8650842,-0.14643785,,0.05739022,1.3211997,0.43254384,0.9967375,0.0789669,-0.016693067,0.041382074,-0.6775601,-0.7343023,-0.06929614,0.73121583,-0.67861736,,-0.07322092,0.29806712,-0.05310075,-0.47862205,-0.632051,0.6094526,0.80474186,-0.038177203,0.59239596,-0.35115728,0.7739858,0.52691036,,0.0022144872,0.47239596,-0.32567233,-0.9152298,-0.3818321,0.12868063,0.40049237,-0.8269581,0.3946468,-0.044275314,0.4127281,0.9097776,,1.259423277128533,0.335382843261822,0.19806533426000003,2.7983122958009776,-0.5151196041157104,-0.8401757846932261,-0.41440389578266634,,-1.197911709785335,0.02877490268936052,0.15771830801,4.539367896552983,-0.00628527898921026,-1.224548209246129,0.8740540978845284,,0.0238237442897226,0.039426987802551904,0.09203306007999999,-0.11742376536589094,,3.5226345e-05,8.225441e-06,-1.66893e-06,1.0,-5.0887465e-05,-5.4817647e-05,5.0872564e-05,1.0,-5.275011e-06,5.4828823e-05,5.155802e-06,1.0,86,0.259,0,0,0.0,False,-0.2632143878608417,1.047390658524431
0.2848879789962666,14:56:35.011467,14:55:19.905907,0,,0.11807693,0.002209127,0.03380926,0.4028621,0.67651415,-0.61646634,0.29576382,0.54118025,0.78717697,0.86615586,-0.49945235,0.017932564,,0.048953325,-0.04256629,0.05256903,0.83605766,0.49962768,-0.22667104,0.26981172,-0.014689028,0.96280104,0.47771242,-0.86611575,-0.14708641,,0.05739022,1.3211997,0.43254384,0.9967375,0.0789669,-0.016693067,0.041382074,-0.6775601,-0.7343023,-0.06929614,0.73121583,-0.67861736,,-0.073042266,0.29813534,-0.053127717,-0.47134545,-0.6358423,0.61117756,0.8068835,-0.03112953,0.58988976,-0.3560512,0.77119094,0.52772343,,0.0021400421,0.47238785,-0.32568306,-0.915977,-0.37981537,0.12933055,0.39896348,-0.82796925,0.39407492,-0.042593993,0.4125617,0.90993327,,1.2600874321557163,0.33482680649487784,0.19808477861,2.788456868457205,-0.5196286086079701,-0.8351104552888546,-0.4142405517165324,,-1.198537251148147,0.028674507161995603,0.15773904865000002,4.539367896552983,-0.0034159124941360113,-1.2243559442793963,0.873890753818394,,0.0238237442897226,0.039426987802551904,0.09203306007999999,-0.11742376536589094,,3.5226345e-05,8.225441e-06,-1.66893e-06,1.0,-5.0887465e-05,-5.4817647e-05,5.0872564e-05,1.0,-5.275011e-06,5.4828823e-05,5.155802e-06,1.0,94,0.284,0,0,0.0,False,-0.2632143878608417,1.047294098122872
0.31262010599311907,14:56:35.033433,14:55:19.905907,0,,0.11780904,0.0022526681,0.033888176,0.38627148,0.6853628,-0.6173104,0.29439113,0.5426486,0.78668046,0.8741443,-0.48560315,0.007844865,,0.048987925,-0.042574976,0.05257243,0.83713734,0.49719876,-0.2280227,0.2706873,-0.014313698,0.9625609,0.47532022,-0.8675186,-0.14656806,,0.05739022,1.3211997,0.43254384,0.9967375,0.0789669,-0.016693067,0.041382074,-0.6775601,-0.7343023,-0.06929614,0.73121583,-0.67861736,,-0.07278164,0.2982384,-0.05316422,-0.45544127,-0.6457705,0.6128244,0.8127229,-0.020608915,0.58228576,-0.3633933,0.7632534,0.5342186,,0.0021065476,0.47238055,-0.3256935,-0.9168376,-0.37728804,0.13062371,0.39718485,-0.8285624,0.39462453,-0.040657215,0.41368836,0.90951025,,1.2609137645732584,0.3341240378033234,0.19811329699000002,2.767278184165268,-0.525503978097884,-0.8197012492116353,-0.41391386358426363,,-1.1989311105247324,0.028605002566127583,0.15774682639,4.539367896552983,-0.0002732729995308809,-1.2256116962221653,0.8732373775538568,,0.0238237442897226,0.039426987802551904,0.09203306007999999,-0.11742376536589094,,3.5226345e-05,8.225441e-06,-1.66893e-06,1.0,-5.0887465e-05,-5.4817647e-05,5.0872564e-05,1.0,-5.275011e-06,5.4828823e-05,5.155802e-06,1.0,105,0.318,0,0,0.0,False,-0.2631548101423209,1.0474389387252105
0.3345972730021458,14:56:35.063972,14:55:19.905907,0,,0.117578685,0.0023054928,0.033954754,0.37310073,0.69398296,-0.6157787,0.29402116,0.54105425,0.78791606,0.8799702,-0.47502413,-0.0021779835,,0.049025327,-0.042588565,0.05257249,0.8388091,0.49347293,-0.22996472,0.27204314,-0.014031559,0.96218276,0.47158435,-0.869648,-0.14601585,,0.05739022,1.3211997,0.43254384,0.9967375,0.0789669,-0.016693067,0.041382074,-0.6775601,-0.7343023,-0.06929614,0.73121583,-0.67861736,,-0.07255744,0.29833665,-0.05318354,-0.44277605,-0.65520275,0.6120937,0.8174784,-0.014547115,0.5757755,-0.3683455,0.755313,0.54205525,,0.0020712893,0.47236753,-0.32570654,-0.9181659,-0.37337974,0.13251019,0.39440393,-0.8295997,0.39523405,-0.03764198,0.41515297,0.90897256,,1.2617092060593036,0.3336220601664988,0.19814311166,2.7502932987430215,-0.5290565270917854,-0.8039808215134603,-0.4134238313858609,,-1.1994253654286828,0.02851232977163689,0.15775719671000002,4.539367896552983,0.004509004492259535,-1.2272243181276041,0.8735640656861253,,0.0238237442897226,0.039426987802551904,0.09203306007999999,-0.11742376536589094,,3.5226345e-05,8.225441e-06,-1.66893e-06,1.0,-5.0887465e-05,-5.4817647e-05,5.0872564e-05,1.0,-5.275011e-06,5.4828823e-05,5.155802e-06,1.0,112,0.338,0,0,0.0,False,-0.26285692154971585,1.0475837793275489
0.3651294390001567,14:56:35.090340,14:55:19.905907,0,,0.1174309,0.0023569316,0.034030035,0.35990888,0.70021766,-0.6165718,0.29252484,0.5428438,0.7872419,0.885943,-0.46369806,-0.009456903,,0.049054936,-0.04259308,0.05257833,0.8393841,0.49213263,-0.23073746,0.2725148,-0.013741851,0.96205336,0.47028708,-0.87041175,-0.14564824,,0.05739022,1.3211997,0.43254384,0.9967375,0.0789669,-0.016693067,0.041382074,-0.6775601,-0.7343023,-0.06929614,0.73121583,-0.67861736,,-0.07241626,0.29843533,-0.05320545,-0.4300988,-0.6623249,0.61346614,0.8215689,-0.0054795123,0.5700829,-0.3742186,0.7491967,0.5465023,,0.00204191,0.4723652,-0.32571447,-0.91862184,-0.3719961,0.13323948,0.39343962,-0.82987696,0.39561278,-0.036594044,0.41584024,0.9087011,,1.2621880154975054,0.3334058236460205,0.19815996343000003,2.733727793207744,-0.5334288950842795,-0.7927376470219618,-0.41244376698905505,,-1.1997188292779033,0.028465993374391544,0.15776238187000002,4.539367896552983,0.00628527898921026,-1.2280193209545331,0.8738907538183941,,0.0238237442897226,0.039426987802551904,0.09203306007999999,-0.11742376536589094,,3.5226345e-05,8.225441e-06,-1.66893e-06,1.0,-5.0887465e-05,-5.4817647e-05,5.0872564e-05,1.0,-5.275011e-06,5.4828823e-05,5.155802e-06,1.0,120,0.362,0,0,0.0,False,-0.26351227645344677,1.0478734605322257
0.39150608199997805,14:56:35.114052,14:55:19.905907,0,,0.11730382,0.0024167746,0.034114107,0.3511986,0.70929813,-0.61119187,0.28854477,0.5390116,0.79133326,0.890731,-0.45427155,-0.01536423,,0.04910648,-0.04259673,0.052594364,0.83917344,0.49256128,-0.23058909,0.2726119,-0.014083773,0.96202093,0.47060677,-0.8701638,-0.14609692,,0.05739022,1.3211997,0.43254384,0.9967375,0.0789669,-0.016693067,0.041382074,-0.6775601,-0.7343023,-0.06929614,0.73121583,-0.67861736,,-0.07229642,0.29854494,-0.053226165,-0.42178845,-0.6721188,0.60856456,0.8228288,-0.0018162539,0.5682864,-0.38085067,0.7404411,0.5538048,,0.0019895337,0.47236824,-0.3257276,-0.9184665,-0.37240997,0.13315439,0.39379543,-0.82990956,0.39519018,-0.036666658,0.41540453,0.90889746,,1.2627363295315754,0.3332050325912907,0.19818070407000002,2.722823916146549,-0.5393042645741934,-0.7780635496060077,-0.41375051951812925,,-1.2000663522572435,0.028388766045649296,0.15776756703000003,4.539158206609499,0.00628527898921026,-1.2276926059939708,0.8738907538183938,,0.0238237442897226,0.039426987802551904,0.09203306007999999,-0.11742376536589094,,3.5226345e-05,8.225441e-06,-1.66893e-06,1.0,-5.0887465e-05,-5.4817647e-05,5.0872564e-05,1.0,-5.275011e-06,5.4828823e-05,5.155802e-06,1.0,127,0.383,0,0,0.0,False,-0.26392932048309437,1.047390658524431
0.4152150059962878,14:56:35.138987,14:55:19.905907,0,,0.11709231,0.002493754,0.034177497,0.33842245,0.7150239,-0.61172795,0.28967258,0.5393567,0.7906859,0.89529896,-0.44478682,-0.024592489,,0.04913407,-0.04260092,0.05259788,0.8391611,0.49256092,-0.23063484,0.27260742,-0.013978541,0.9620238,0.47063142,-0.8701657,-0.14600617,,0.05739022,1.3211997,0.43254384,0.9967375,0.0789669,-0.016693067,0.041382074,-0.6775601,-0.7343023,-0.06929614,0.73121583,-0.67861736,,-0.072090834,0.29865634,-0.053224735,-0.4094199,-0.67858326,0.60983616,0.82767653,0.004955576,0.5611836,-0.38383186,0.7345068,0.55961853,,0.001962413,0.47236443,-0.325734,-0.918457,-0.37242168,0.13318755,0.39381623,-0.8298586,0.3952765,-0.03668271,0.41549587,0.9088551,,1.263554939216243,0.3329501824064413,0.19821700019000002,2.7062584106112713,-0.5403973565723169,-0.7655738252764764,-0.4132604873197264,,-1.2002439751133507,0.0283269841826555,0.15777404848,4.539158206609499,0.0064219154889757005,-1.2278857026378078,0.8737274097522596,,0.0238237442897226,0.039426987802551904,0.09203306007999999,-0.11742376536589094,,3.5226345e-05,8.225441e-06,-1.66893e-06,1.0,-5.0887465e-05,-5.4817647e-05,5.0872564e-05,1.0,-5.275011e-06,5.4828823e-05,5.155802e-06,1.0,138,0.416,0,0,0.0,False,-0.26333354329788383,1.0479700209337843
0.4400610799930291,14:56:35.165829,14:55:19.905907,0,,0.116907984,0.0025586039,0.03427489,0.33082658,0.7219847,-0.60769385,0.28530866,0.537297,0.7936692,0.8995292,-0.43594733,-0.02823639,,0.0491596,-0.042618234,0.052591264,0.8396882,0.49102142,-0.2319952,0.27329266,-0.012906462,0.9618443,0.46929193,-0.8710519,-0.14503011,,0.05739022,1.3211997,0.43254384,0.9967375,0.0789669,-0.016693067,0.041382074,-0.6775601,-0.7343023,-0.06929614,0.73121583,-0.67861736,,-0.071915016,0.29878244,-0.05325394,-0.40217498,-0.68622166,0.60609823,0.8282023,0.009535893,0.5603481,-0.3903027,0.72732997,0.56449527,,0.0019401147,0.4723459,-0.32574642,-0.91888535,-0.3709178,0.13442376,0.3929308,-0.82981557,0.3962468,-0.035428055,0.41692463,0.9082504,,1.264404439832408,0.3325872139613527,0.19823903712000002,2.6964029832674985,-0.546272726062231,-0.7537584837654419,-0.4129337991874579,,-1.200467934366703,0.02818797499091946,0.15778441880000002,4.538948516666014,0.008198189985926425,-1.2295791716062832,0.8729106894215882,,0.0238237442897226,0.039426987802551904,0.09203306007999999,-0.11742376536589094,,3.5226345e-05,8.225441e-06,-1.66893e-06,1.0,-5.0887465e-05,-5.4817647e-05,5.0872564e-05,1.0,-5.275011e-06,5.4828823e-05,5.155802e-06,1.0,149,0.449,0,0,0.0,False,-0.26381016504605226,1.0481631417369022
0.46697552199475467,14:56:35.195138,14:55:19.905907,0,,0.116660655,0.0026182234,0.03434135,0.32066554,0.7236604,-0.6111375,0.28255644,0.5427497,0.79093903,0.90406615,-0.42630786,-0.030433834,,0.049081475,-0.04267421,0.052591383,0.8410744,0.48782748,-0.23370525,0.27431166,-0.012287825,0.9615623,0.46620476,-0.87285364,-0.1441519,,0.05736573,1.321198,0.43254694,0.9967352,0.079003386,-0.016653525,0.04143575,-0.6775558,-0.7343032,-0.06929614,0.73121583,-0.67861736,,-0.07165803,0.2988823,-0.053270377,-0.39241615,-0.688703,0.6096702,0.8301964,0.020138174,0.5571072,-0.39595905,0.7247639,0.5638562,,0.0020438808,0.47233102,-0.32578936,-0.9199889,-0.36760068,0.13597868,0.39054784,-0.8305115,0.39714354,-0.03305837,0.41847384,0.907627,,1.265269385914321,0.33202345446153436,0.19825977776000003,2.6827731369410044,-0.5511916400537868,-0.7490123305711057,-0.4140772076503979,,-1.2006996163529298,0.028041243066309195,0.15778960396000002,4.538948516666014,0.011887375479593319,-1.2314439526441185,0.8745441300829311,,0.0238237442897226,0.039426987802551904,0.09203306007999999,-0.11742376536589094,,1.052767e-05,9.775162e-06,-2.1457672e-06,1.0,-1.4346093e-05,-1.5445054e-05,1.4323741e-05,1.0,-1.5199184e-06,1.5452504e-05,1.4007092e-06,1.0,160,0.482,0,0,0.0,False,-0.26309523242380006,1.0478734605322257
0.4963207760010846,14:56:35.232979,14:55:20.114462,0,,0.11645247,0.002652958,0.03447859,0.3100366,0.7304142,-0.6085822,0.273047,0.5447483,0.7929026,0.9106716,-0.4120005,-0.030545563,,0.04916265,-0.04269838,0.052580655,0.84141916,0.48723596,-0.23369814,0.2746017,-0.013056368,0.96146935,0.46541122,-0.8731727,-0.14478189,,0.05736573,1.321198,0.43254694,0.9967352,0.079003386,-0.016653525,0.04143575,-0.6775558,-0.7343032,-0.06929614,0.73121583,-0.67861736,,-0.07146154,0.29901806,-0.053350005,-0.38232428,-0.6965808,0.60712713,0.8290949,0.03147945,0.558221,-0.40795806,0.71678746,0.5654962,,0.0019681328,0.47229606,-0.32580754,-0.9202611,-0.3668874,0.13606296,0.38995987,-0.83106613,0.39656067,-0.032415785,0.41799846,0.9078692,,1.2660339364688693,0.3314210812973448,0.19826366663000003,2.669772360444964,-0.5626691060340837,-0.7385097242986385,-0.4130971432535925,,-1.2012093167226288,0.027763224682837113,0.1578233075,4.538948516666014,0.013253740477247724,-1.2312512718388338,0.8738907538183937,,0.0238237442897226,0.039426987802551904,0.09203306007999999,-0.11742376536589094,,1.052767e-05,9.775162e-06,-2.1457672e-06,1.0,-1.4346093e-05,-1.5445054e-05,1.4323741e-05,1.0,-1.5199184e-06,1.5452504e-05,1.4007092e-06,1.0,171,0.514,0,0,0.0,False,-0.2644059422312628,1.0478734605322257
0.5341281449946109,14:56:35.262890,14:55:20.114462,0,,0.11622737,0.0026613772,0.034555838,0.2969861,0.73489696,-0.60969305,0.2708995,0.5474228,0.79179645,0.9156488,-0.4003182,-0.036506265,,0.0492386,-0.042729687,0.0525859,0.8413691,0.4874098,-0.23351559,0.2745706,-0.013327509,0.9614745,0.4655199,-0.8730717,-0.14504194,,0.05736573,1.321198,0.43254694,0.9967352,0.079003386,-0.016653525,0.04143575,-0.6775558,-0.7343032,-0.06929614,0.73121583,-0.67861736,,-0.071243346,0.29909328,-0.053408634,-0.3697069,-0.70198727,0.6087123,0.83200884,0.04151687,0.5532067,-0.41361585,0.7109784,0.5687105,,0.0018963224,0.472272,-0.32583982,-0.9202221,-0.36703974,0.13591577,0.3900452,-0.83114505,0.39631134,-0.032496292,0.41770774,0.9080001,,1.2666980914960526,0.3308495990646522,0.19826107405,2.652997164966202,-0.5669048375268124,-0.7279497188918205,-0.41358717545199497,,-1.2016649579622078,0.027462038100742357,0.15783886298000002,4.538948516666014,0.013527013476778605,-1.2313107501659455,0.8738907538183939,,0.0238237442897226,0.039426987802551904,0.09203306007999999,-0.11742376536589094,,1.052767e-05,9.775162e-06,-2.1457672e-06,1.0,-1.4346093e-05,-1.5445054e-05,1.4323741e-05,1.0,-1.5199184e-06,1.5452504e-05,1.4007092e-06,1.0,182,0.547,0,0,0.0,False,-0.2632143878608417,1.0480183011345638
0.5640721749950899,14:56:35.295953,14:55:20.114462,0,,0.11605124,0.0026690364,0.03462006,0.2870999,0.74113184,-0.6068749,0.27006233,0.54522115,0.7935995,0.91904306,-0.39173645,-0.043618888,,0.049338587,-0.042766836,0.052607477,0.84130025,0.48757502,-0.23341882,0.27452913,-0.01339829,0.9614853,0.46566883,-0.8729783,-0.14512566,,0.05736573,1.321198,0.43254694,0.9967352,0.079003386,-0.016653525,0.04143575,-0.6775558,-0.7343032,-0.06929614,0.73121583,-0.67861736,,-0.07107291,0.29915562,-0.053456336,-0.3601207,-0.708881,0.60646576,0.8344853,0.04585594,0.54911894,-0.41707003,0.70383584,0.5750371,,0.0017994465,0.47225487,-0.32588634,-0.9201684,-0.3672061,0.13582988,0.3901627,-0.8311291,0.39622918,-0.032605607,0.41759333,0.9080488,,1.2672618509958709,0.3304557396880668,0.19825200002,2.6402060784136463,-0.5690910215230595,-0.7147320088129991,-0.41309714325359204,,-1.2023136675236428,0.027114515121402255,0.15784793701000002,4.538948516666014,0.013936922976074925,-1.2316450038770348,0.8738907538183939,,0.0238237442897226,0.039426987802551904,0.09203306007999999,-0.11742376536589094,,1.052767e-05,9.775162e-06,-2.1457672e-06,1.0,-1.4346093e-05,-1.5445054e-05,1.4323741e-05,1.0,-1.5199184e-06,1.5452504e-05,1.4007092e-06,1.0,193,0.58,0,0,0.0,False,-0.26249945523859,1.0480183011345638
0.5971229230053723,14:56:35.327300,14:55:20.114462,0,,0.11588828,0.00270845,0.03475879,0.27199978,0.7464314,-0.6073352,0.2659843,0.54822534,0.7929069,0.9248073,-0.37721226,-0.049421906,,0.049404763,-0.04277998,0.052625358,0.8411937,0.48781902,-0.23329318,0.27445412,-0.013439834,0.96150625,0.4659056,-0.87284136,-0.14518961,,0.05736573,1.321198,0.43254694,0.9967352,0.079003386,-0.016653525,0.04143575,-0.6775558,-0.7343032,-0.06929614,0.73121583,-0.67861736,,-0.07092162,0.29929295,-0.053531177,-0.34551826,-0.71532905,0.60738903,0.8367675,0.05813119,0.5444639,-0.4247791,0.6963656,0.57847875,,0.0017335172,0.4722523,-0.32590914,-0.9200849,-0.36745903,0.13571185,0.3903445,-0.8310748,0.39616397,-0.03278733,0.41747886,0.90809494,,1.267848778694312,0.3303321759620792,0.19822607422000002,2.6211242935565546,-0.5748297545132081,-0.7025380127648174,-0.4139138635842635,,-1.2027538632974737,0.026960060463917763,0.15785441846,4.538948516666014,0.014073559475840366,-1.2317564217807313,0.8738907538183939,,0.0238237442897226,0.039426987802551904,0.09203306007999999,-0.11742376536589094,,1.052767e-05,9.775162e-06,-2.1457672e-06,1.0,-1.4346093e-05,-1.5445054e-05,1.4323741e-05,1.0,-1.5199184e-06,1.5452504e-05,1.4007092e-06,1.0,204,0.613,0,0,0.0,False,-0.26422720907569985,1.047680339729108
0.6284317639947403,14:56:35.361760,14:55:20.114462,0,,0.11578573,0.002762109,0.034905568,0.25774288,0.7501228,-0.6090026,0.25978544,0.55328774,0.7914443,0.93063426,-0.36219925,-0.052265078,,0.04943057,-0.042784777,0.05263537,0.841129,0.48797095,-0.23320876,0.27440655,-0.013477385,0.96151924,0.46605045,-0.8727558,-0.14523876,,0.05736573,1.321198,0.43254694,0.9967352,0.079003386,-0.016653525,0.04143575,-0.6775558,-0.7343032,-0.06929614,0.73121583,-0.67861736,,-0.07083125,0.29944232,-0.053598,-0.3317561,-0.72021806,0.60928136,0.8375897,0.07226907,0.54149854,-0.43402925,0.68997324,0.57927155,,0.0017073866,0.47225407,-0.3259193,-0.92003405,-0.36761516,0.13563345,0.3904548,-0.8310466,0.39611438,-0.032899927,0.41739744,0.90812826,,1.2682426380708973,0.33042484875656986,0.19820533358000003,2.60330064836037,-0.5823447620003072,-0.6936329508967354,-0.41391386358426374,,-1.2029314861535807,0.026906001333798193,0.15785441846,4.538948516666014,0.014073559475840366,-1.2317564217807313,0.8738907538183939,,0.0238237442897226,0.039426987802551904,0.09203306007999999,-0.11742376536589094,,1.052767e-05,9.775162e-06,-2.1457672e-06,1.0,-1.4346093e-05,-1.5445054e-05,1.4323741e-05,1.0,-1.5199184e-06,1.5452504e-05,1.4007092e-06,1.0,215,0.645,0,0,0.0,False,-0.2632143878608417,1.04748721892599
0.6629389409936266,14:56:35.395167,14:55:20.295986,0,,0.115633026,0.0028380007,0.035074607,0.24138407,0.7570154,-0.6071748,0.25554553,0.55400777,0.7923205,0.9361786,-0.34641442,-0.059723318,,0.04944095,-0.042784955,0.05263555,0.8411555,0.48785737,-0.23335053,0.27442965,-0.013257563,0.96151567,0.46598887,-0.8728227,-0.14503437,,0.05736573,1.321198,0.43254694,0.9967352,0.079003386,-0.016653525,0.04143575,-0.6775558,-0.7343032,-0.06929614,0.73121583,-0.67861736,,-0.07069268,0.29962605,-0.0536665,-0.31588095,-0.728349,0.60805184,0.83967644,0.08379595,0.53658336,-0.44177222,0.68006325,0.5851079,,0.001697159,0.47225237,-0.32591993,-0.92005503,-0.36752054,0.1357474,0.39040956,-0.8309744,0.39631033,-0.032849565,0.4176244,0.90802574,,1.2689376840295776,0.3305870261469286,0.19817940778,2.582541343955402,-0.587536948991394,-0.6773922957556087,-0.4121170788567863,,-1.2030009907494488,0.026890555868049743,0.15785830733,4.538948516666014,0.014210195975605806,-1.2320311971647087,0.8735640656861253,,0.0238237442897226,0.039426987802551904,0.09203306007999999,-0.11742376536589094,,1.052767e-05,9.775162e-06,-2.1457672e-06,1.0,-1.4346093e-05,-1.5445054e-05,1.4323741e-05,1.0,-1.5199184e-06,1.5452504e-05,1.4007092e-06,1.0,226,0.678,0,0,0.0,False,-0.26309523242380006,1.0477769001306665
0.696298102993751,14:56:35.423379,14:55:20.295986,0,,0.11557837,0.0028666407,0.035143122,0.23805372,0.76173323,-0.6025718,0.25308293,0.5503253,0.79567015,0.9376991,-0.34191304,-0.06177473,,0.04943467,-0.042782437,0.052629113,0.8411753,0.48781124,-0.23337576,0.2744442,-0.013247132,0.96151173,0.46594465,-0.87284863,-0.14502028,,0.05736573,1.321198,0.43254694,0.9967352,0.079003386,-0.016653525,0.04143575,-0.6775558,-0.7343032,-0.06929614,0.73121583,-0.67861736,,-0.07064374,0.29969865,-0.05369544,-0.3126764,-0.7334016,0.60361874,0.83928794,0.08425121,0.5371197,-0.44478002,0.6745546,0.5891917,,0.0017038751,0.4722492,-0.32591423,-0.9200706,-0.367473,0.13577093,0.39037585,-0.83098346,0.3963246,-0.032815184,0.4176483,0.908016,,1.2692697615431694,0.33060247161267703,0.19816903746000003,2.578137855142227,-0.5901330424869373,-0.6687410563741316,-0.41375051951812936,,-1.2029469316193293,0.026906001333798193,0.15786219620000003,4.538948516666014,0.014210195975605806,-1.2320311971647087,0.8735640656861253,,0.0238237442897226,0.039426987802551904,0.09203306007999999,-0.11742376536589094,,1.052767e-05,9.775162e-06,-2.1457672e-06,1.0,-1.4346093e-05,-1.5445054e-05,1.4323741e-05,1.0,-1.5199184e-06,1.5452504e-05,1.4007092e-06,1.0,237,0.711,0,0,0.0,False,-0.26273776611267374,1.0479217407330053
0.7245166950015118,14:56:35.453836,14:55:20.295986,0,,0.11545025,0.0029109865,0.035221383,0.22844443,0.76782376,-0.5985481,0.25271475,0.5469629,0.7981019,0.9401854,-0.33358398,-0.06908986,,0.049431287,-0.042781737,0.05262786,0.84118366,0.48779133,-0.23338708,0.27445036,-0.013241559,0.96151,0.46592584,-0.8728598,-0.14501327,,0.05736573,1.321198,0.43254694,0.9967352,0.079003386,-0.016653525,0.04143575,-0.6775558,-0.7343032,-0.06929614,0.73121583,-0.67861736,,-0.07052237,0.29979345,-0.05372348,-0.30329502,-0.7401284,0.6001851,0.84141135,0.08761933,0.53324455,-0.44725725,0.66673297,0.59617794,,0.0017072925,0.47224903,-0.32591283,-0.92007715,-0.36745262,0.13578138,0.39036155,-0.8309868,0.39633164,-0.03280057,0.41765952,0.9080114,,1.2698180755772392,0.33060247161267703,0.19816255601000002,2.5657661484766403,-0.5908162249857646,-0.6547069747324569,-0.41326048731972664,,-1.2029237634207066,0.026913724066672418,0.15786219620000003,4.538948516666014,0.014210195975605806,-1.2320311971647087,0.8735640656861253,,0.0238237442897226,0.039426987802551904,0.09203306007999999,-0.11742376536589094,,1.052767e-05,9.775162e-06,-2.1457672e-06,1.0,-1.4346093e-05,-1.5445054e-05,1.4323741e-05,1.0,-1.5199184e-06,1.5452504e-05,1.4007092e-06,1.0,248,0.744,0,0,0.0,False,-0.262797343831195,1.0474389387252105
0.7550188119930681,14:56:35.494135,14:55:20.295986,0,,0.11530124,0.0029727668,0.035348162,0.21607319,0.7723377,-0.5973331,0.24707958,0.54862,0.7987288,0.94459736,-0.32017276,-0.072286814,,0.04943133,-0.042788398,0.052623987,0.84124225,0.48765463,-0.2334617,0.27449632,-0.013216555,0.96149725,0.4657931,-0.8729366,-0.1449779,,0.05736573,1.321198,0.43254694,0.9967352,0.079003386,-0.016653525,0.04143575,-0.6775558,-0.7343032,-0.06929614,0.73121583,-0.67861736,,-0.07038409,0.29993665,-0.053773154,-0.2913011,-0.7457012,0.5992273,0.84148186,0.09821022,0.53128433,-0.4550296,0.6590026,0.5988853,,0.001708514,0.47224241,-0.3259166,-0.9201233,-0.36731115,0.13585185,0.39026174,-0.83101636,0.39636797,-0.032695267,0.41772515,0.907985,,1.2704281714743029,0.3305638579483059,0.19816255601000002,2.549829712771816,-0.5969648674752094,-0.6431588698548728,-0.412933799187458,,-1.2029160406878323,0.02686738766942707,0.15786349249,4.538948516666014,0.014346832475371248,-1.2321426150684052,0.8735640656861253,,0.0238237442897226,0.039426987802551904,0.09203306007999999,-0.11742376536589094,,1.052767e-05,9.775162e-06,-2.1457672e-06,1.0,-1.4346093e-05,-1.5445054e-05,1.4323741e-05,1.0,-1.5199184e-06,1.5452504e-05,1.4007092e-06,1.0,259,0.777,0,0,0.0,False,-0.26351227645344677,1.0478251803314462
0.795306811996852,14:56:35.528378,14:55:20.295986,0,,0.11520475,0.0030097514,0.03541948,0.20637663,0.7750684,-0.59722483,0.24357933,0.5504545,0.7985417,0.94766974,-0.31027207,-0.0751898,,0.04943625,-0.04278813,0.05262184,0.8412831,0.48754647,-0.23354025,0.27452993,-0.013149619,0.9614886,0.46569943,-0.872998,-0.14490885,,0.05736573,1.321198,0.43254694,0.9967352,0.079003386,-0.016653525,0.04143575,-0.6775558,-0.7343032,-0.06929614,0.73121583,-0.67861736,,-0.07029369,0.30001947,-0.053800154,-0.28187174,-0.74921715,0.5993513,0.8418864,0.106484085,0.5290448,-0.4601908,0.6537085,0.6007409,,0.0017039129,0.4722399,-0.32591546,-0.92015547,-0.3672046,0.13592143,0.390192,-0.83101684,0.39643562,-0.03261999,0.41781786,0.90794504,,1.270737080789272,0.33054841248255745,0.19816774117000002,2.5374580061062293,-0.6007906894686417,-0.6351384441429392,-0.4132604873197264,,-1.2029469316193293,0.026859664936552844,0.15786738136,4.538948516666014,0.014483468975136688,-1.2322540329721015,0.8735640656861253,,0.0238237442897226,0.039426987802551904,0.09203306007999999,-0.11742376536589094,,1.052767e-05,9.775162e-06,-2.1457672e-06,1.0,-1.4346093e-05,-1.5445054e-05,1.4323741e-05,1.0,-1.5199184e-06,1.5452504e-05,1.4007092e-06,1.0,270,0.809,0,0,0.0,False,-0.2629164992682367,1.0473423783236515
0.8295517420046963,14:56:35.555085,14:55:20.450655,0,,0.11510123,0.003015101,0.03545867,0.19214186,0.77982867,-0.5957757,0.2405493,0.5511424,0.7989856,0.95142925,-0.29683208,-0.081689775,,0.049439617,-0.042788383,0.05262029,0.84132695,0.48745105,-0.23358165,0.2745657,-0.013162017,0.96147823,0.46559912,-0.87305117,-0.14491105,,0.05736573,1.321198,0.43254694,0.9967352,0.079003386,-0.016653525,0.04143575,-0.6775558,-0.7343032,-0.06929614,0.73121583,-0.67861736,,-0.07019363,0.30005774,-0.053828552,-0.26797462,-0.7550354,0.59842396,0.8433826,0.116416186,0.5245503,-0.46572027,0.6452665,0.6055871,,0.0017008241,0.47223788,-0.325915,-0.92019004,-0.36710235,0.13596368,0.3901172,-0.831052,0.3964356,-0.032539558,0.41783786,0.9079387,,1.270775694453643,0.3304402942223183,0.19817422262,2.5196343609100444,-0.6043432384625431,-0.6216233424285592,-0.41130035852611524,,-1.2029700998179518,0.02685194220367862,0.15786997394000002,4.538948516666014,0.01462010547490213,-1.2322837721356574,0.8734007216199912,,0.0238237442897226,0.039426987802551904,0.09203306007999999,-0.11742376536589094,,1.052767e-05,9.775162e-06,-2.1457672e-06,1.0,-1.4346093e-05,-1.5445054e-05,1.4323741e-05,1.0,-1.5199184e-06,1.5452504e-05,1.4007092e-06,1.0,281,0.842,0,0,0.0,False,-0.2626781883941529,1.047680339729108
0.8562488320021657,14:56:35.588469,14:55:20.450655,0,,0.11499882,0.0030050874,0.035467044,0.17726155,0.78591526,-0.5923811,0.24014845,0.54917765,0.8004577,0.9544146,-0.28414991,-0.091388345,,0.04944011,-0.04278816,0.05261916,0.8414563,0.48728272,-0.23346677,0.27441436,-0.013184249,0.9615211,0.46545455,-0.87314475,-0.14481151,,0.05736573,1.321198,0.43254694,0.9967352,0.079003386,-0.016653525,0.04143575,-0.6775558,-0.7343032,-0.06929614,0.73121583,-0.67861736,,-0.070092194,0.30006307,-0.05384699,-0.25337872,-0.76210886,0.5958098,0.84616005,0.123899534,0.5183262,-0.46884158,0.6354833,0.6134725,,0.0017004628,0.47223693,-0.32591423,-0.9202813,-0.36692205,0.13583283,0.38989687,-0.8311141,0.3965221,-0.03260013,0.41787267,0.90792054,,1.270737080789272,0.3303321759620792,0.19817811149000003,2.5011816458834066,-0.6050264209613704,-0.6048121836221052,-0.4108103263277123,,-1.202977822550826,0.02685194220367862,0.15787127023000003,4.539158206609499,0.014756741974667567,-1.2323135112992132,0.8732373775538568,,0.0238237442897226,0.039426987802551904,0.09203306007999999,-0.11742376536589094,,1.052767e-05,9.775162e-06,-2.1457672e-06,1.0,-1.4346093e-05,-1.5445054e-05,1.4323741e-05,1.0,-1.5199184e-06,1.5452504e-05,1.4007092e-06,1.0,292,0.875,0,0,0.0,False,-0.2626781883941529,1.0478734605322257
0.8896224859927315,14:56:35.624506,14:55:20.450655,0,,0.114873916,0.0029955208,0.035491213,0.15973215,0.7913161,-0.59017307,0.2384333,0.5492216,0.80094016,0.95793283,-0.26865292,-0.10094786,,0.049441405,-0.04278807,0.052613795,0.84134877,0.48724842,-0.2339254,0.27483875,-0.013009399,0.96140224,0.46539852,-0.87316656,-0.1448603,,0.05736573,1.321198,0.43254694,0.9967352,0.079003386,-0.016653525,0.04143575,-0.6775558,-0.7343032,-0.06929614,0.73121583,-0.67861736,,-0.06996959,0.3000815,-0.053877085,-0.23618144,-0.76872814,0.5943697,0.8485801,0.13484287,0.5115947,-0.47342378,0.6251995,0.62048006,,0.0016998587,0.47223222,-0.32591146,-0.92021793,-0.36690596,0.13630466,0.39007935,-0.8310395,0.39649904,-0.032203294,0.41803515,0.90785986,,1.270737080789272,0.3302086122360916,0.19817940778,2.479373891761016,-0.606802695458321,-0.5876814327670639,-0.41309714325359226,,-1.202977822550826,0.026844219470804394,0.15787645539,4.53873882672253,0.014893378474433009,-1.2325066079430502,0.8734007216199912,,0.0238237442897226,0.039426987802551904,0.09203306007999999,-0.11742376536589094,,1.052767e-05,9.775162e-06,-2.1457672e-06,1.0,-1.4346093e-05,-1.5445054e-05,1.4323741e-05,1.0,-1.5199184e-06,1.5452504e-05,1.4007092e-06,1.0,300,0.898,0,0,0.0,False,-0.2626186106756321,1.0475837793275489
0.9256669759924989,14:56:35.648140,14:55:20.450655,0,,0.11474827,0.0029931366,0.035530165,0.14301024,0.79665744,-0.587269,0.23508,0.54904544,0.80205137,0.96139777,-0.25275683,-0.108759195,,0.049443275,-0.04279339,0.05261123,0.8413206,0.487183,-0.23416299,0.27507105,-0.012959242,0.9613365,0.46531227,-0.87320375,-0.14491296,,0.05736573,1.321198,0.43254694,0.9967352,0.079003386,-0.016653525,0.04143575,-0.6775558,-0.7343032,-0.06929614,0.73121583,-0.67861736,,-0.06984745,0.3001156,-0.053912114,-0.2197808,-0.7753193,0.5920949,0.8497893,0.1459281,0.50652057,-0.47911844,0.6144794,0.6267859,,0.0016989668,0.47222707,-0.3259148,-0.92020637,-0.36684266,0.13655306,0.3901268,-0.831035,0.39646173,-0.03195869,0.41809958,0.9078388,,1.2707911399193914,0.3300927712429782,0.19818200036000003,2.4584048974125636,-0.6099453349529261,-0.5706616839771665,-0.41456723984880084,,-1.2029855452837004,0.026805605806433274,0.15787775168,4.5385291367790455,0.015030014974198449,-1.2326180258467467,0.8734007216199912,,0.0238237442897226,0.039426987802551904,0.09203306007999999,-0.11742376536589094,,1.052767e-05,9.775162e-06,-2.1457672e-06,1.0,-1.4346093e-05,-1.5445054e-05,1.4323741e-05,1.0,-1.5199184e-06,1.5452504e-05,1.4007092e-06,1.0,307,0.92,0,0,0.0,False,-0.2620824112089424,1.0477769001306665
