Task Time,PC1 Time,PC2 Time,Gaze Calib,s_T_psm1,Tx,Ty,Tz,R00,R01,R02,R10,R11,R12,R20,R21,R22,s_T_psm3,Tx,Ty,Tz,R00,R01,R02,R10,R11,R12,R20,R21,R22,cart_T_ecm,Tx,Ty,Tz,R00,R01,R02,R10,R11,R12,R20,R21,R22,ecm_T_psm1,Tx,Ty,Tz,R00,R01,R02,R10,R11,R12,R20,R21,R22,ecm_T_psm3,Tx,Ty,Tz,R00,R01,R02,R10,R11,R12,R20,R21,R22,psm1_joints,q1,q2,q3,q4,q5,q6,jaw,psm3_joints,q1,q2,q3,q4,q5,q6,jaw,ecm_joints,q1,q2,q3,q4,ecmi_T_ecm,Tx,Ty,Tz,R00,R01,R02,R10,R11,R12,R20,R21,R22,Sample #,Task Duration (s),Collisions (binary),Collisions (increments),Cumulative Collision Time (s),Clutch Press,MTMR Angle,MTML Angle
""
lci_T_si,,,,,-0.066164754,0.026516598,0.23978148,0.99478984,-0.005419439,0.101802684,0.07109325,-0.6788334,-0.7308426,0.07306782,0.7342723,-0.6749113
rci_T_si,,,,,-0.07567082,0.03074627,0.2479851,0.9944939,-0.021734206,0.10251589,0.062365826,-0.66341096,-0.74565166,0.08421631,0.7479395,-0.6584027
ecm_T_lc,,,,,-4.4061628e-05,-0.00034663224,-0.01840835,-0.99912,0.030754527,0.028518902,-0.031987965,-0.99852574,-0.043852776,0.027128186,-0.04472645,0.9986309
ecm_T_rc,,,,,-0.0043358393,0.01870579,-0.007592615,-0.99555075,-0.052743673,-0.078081585,0.04863213,-0.9973746,0.053654674,-0.08070653,0.04961868,0.9955021
cart_T_ecmi,,,,,0.057354428,1.3212025,0.4325391,0.9967344,0.0790177,-0.016638013,0.041456804,-0.67755413,-0.73430353,-0.06929614,0.73121583,-0.67861736
ecmac_T_ecmrep_psm1,,,,,-0.0033900698,-0.29259828,-0.274185,0.99793226,0.043159027,0.047628522,-0.040498573,0.99763834,-0.055476554,-0.049910355,0.053432956,0.99732333
ecmac_T_ecmrep_psm3,,,,,-0.030876445,-0.5082754,-0.4984752,0.99144465,-0.07732987,0.105155215,0.05830459,0.98314613,0.17327517,-0.116782285,-0.16566171,0.97924364
""
0,14:57:41.266223,14:56:26.133517,0,,0.13291559,0.005356729,0.03242311,0.517908,0.5161192,-0.6821967,0.5783094,0.37639207,0.7238004,0.63034075,-0.76938295,-0.10354018,,0.05598349,-0.029721234,0.08226597,-0.10684114,0.5767406,0.80991066,-0.30764756,-0.79377466,0.5246662,0.9454829,-0.19311103,0.2622406,,0.05736989,1.3212037,0.43254545,0.99673545,0.07899981,-0.0166574,0.041430485,-0.6775562,-0.7343031,-0.06929614,0.73121583,-0.67861736,,-0.0877186,0.2984054,-0.04910228,-0.5679322,-0.4540598,0.6865004,0.82290214,-0.33035293,0.46227595,0.016886473,0.827464,0.5612648,,-0.010062261,0.5028479,-0.33009174,0.020565026,-0.45043102,-0.89257437,0.6679407,-0.65810424,0.34749684,-0.74393034,-0.603333,0.2873273,,1.2114264923152278,0.4122085898946074,0.19899607048,2.9398530076530314,-0.0841680838555113,-0.929480775840675,-0.42208106689097746,,-1.2920054871248863,0.14757370249355617,0.14683854604000002,4.538109756892076,-1.1794462659752818,-0.1685927400977313,0.8760142266781397,,0.0238237442897226,0.039426987802551904,0.09203306007999999,-0.11742376536589094,,1.50203705e-05,5.1259995e-06,-5.364418e-06,1.0,-1.7922372e-05,-1.9304454e-05,1.7914921e-05,1.0,-1.8775463e-06,1.9311905e-05,1.758337e-06,1.0,35,0.106,1,1,0.057,False,-0.26386974276457353,1.0507702725789931
0.12343150500964839,14:57:41.293145,14:56:26.133517,0,,0.13283882,0.005324155,0.03274578,0.5128688,0.522838,-0.68088615,0.57286245,0.3822794,0.72504544,0.6393702,-0.76190746,-0.103455156,,0.055963166,-0.029720757,0.08225942,-0.10692192,0.57643235,0.81011933,-0.30774868,-0.79396427,0.5243199,0.9454409,-0.19325173,0.2622884,,0.05736989,1.3212037,0.43254545,0.99673545,0.07899981,-0.0166574,0.041430485,-0.6775562,-0.7343031,-0.06929614,0.73121583,-0.67861736,,-0.08766771,0.2986216,-0.04935081,-0.5636155,-0.46136767,0.68518424,0.82601184,-0.3212945,0.46311367,0.006480251,0.82698834,0.5621817,,-0.0100414585,0.502846,-0.33008727,0.020661782,-0.45008728,-0.8927455,0.6678682,-0.65826625,0.34732926,-0.74399275,-0.60341275,0.28699803,,1.2124150021231284,0.4122008671617332,0.19874977538000002,2.9335623093484955,-0.09414254833838846,-0.926983101940535,-0.42224441095711196,,-1.2918433097345274,0.14760459342505305,0.14683595346,4.538109756892076,-1.1797195389748127,-0.16820654681005726,0.8763409148104082,,0.0238237442897226,0.039426987802551904,0.09203306007999999,-0.11742376536589094,,1.50203705e-05,5.1259995e-06,-5.364418e-06,1.0,-1.7922372e-05,-1.9304454e-05,1.7914921e-05,1.0,-1.8775463e-06,1.9311905e-05,1.758337e-06,1.0,43,0.131,0,1,0.075,False,-0.26386974276457353,1.0507219923782136
0.15033840300748125,14:57:41.317183,14:56:26.218092,0,,0.13265859,0.005258471,0.03314048,0.50578576,0.53258556,-0.67862606,0.56519896,0.38971704,0.7270974,0.65171385,-0.7513145,-0.10390359,,0.055929862,-0.029720727,0.082244754,-0.10665189,0.57624453,0.81028855,-0.30773118,-0.7940537,0.5241947,0.9454771,-0.19344464,0.2620157,,0.05736989,1.3212037,0.43254545,0.99673545,0.07899981,-0.0166574,0.041430485,-0.6775562,-0.7343031,-0.06929614,0.73121583,-0.67861736,,-0.08751937,0.29887342,-0.049678132,-0.55752033,-0.47194695,0.682962,0.8301256,-0.30909285,0.4640616,-0.0079137795,0.82566804,0.5641008,,-0.010006788,0.5028392,-0.3300785,0.020389173,-0.4498672,-0.8928627,0.6678619,-0.658443,0.34700635,-0.7440059,-0.60338414,0.28702402,,1.2138823213692311,0.41172205772353127,0.19843736949000002,2.924755331722146,-0.10835274431399428,-0.9224200116081955,-0.42093765842803754,,-1.2915730140839297,0.1476432070894242,0.14683076830000003,4.538109756892076,-1.1797195389748127,-0.16796151058963565,0.8765042588765426,,0.0238237442897226,0.039426987802551904,0.09203306007999999,-0.11742376536589094,,1.50203705e-05,5.1259995e-06,-5.364418e-06,1.0,-1.7922372e-05,-1.9304454e-05,1.7914921e-05,1.0,-1.8775463e-06,1.9311905e-05,1.758337e-06,1.0,51,0.155,0,1,0.075,False,-0.2632143878608417,1.0503840309727575
0.174362411009497,14:57:41.338879,14:56:26.218092,0,,0.1324973,0.0051938593,0.03339556,0.5008858,0.5411491,-0.6754784,0.5601232,0.3923,0.72963184,0.65982985,-0.7438135,-0.10661274,,0.05591269,-0.029721115,0.08223337,-0.106501,0.5760463,0.81044924,-0.3077089,-0.7941665,0.524037,0.9455013,-0.19357193,0.26183406,,0.05736989,1.3212037,0.43254545,0.99673545,0.07899981,-0.0166574,0.041430485,-0.6775562,-0.7343031,-0.06929614,0.73121583,-0.67861736,,-0.08737878,0.2990237,-0.049908172,-0.5532705,-0.48108757,0.68003416,0.8328195,-0.30239326,0.46364856,-0.017417809,0.8228688,0.56796443,,-0.009988385,0.50283223,-0.3300724,0.020234862,-0.44964254,-0.8929793,0.667868,-0.6585738,0.34674603,-0.7440046,-0.60340875,0.28697574,,1.214948058505874,0.41117374368946136,0.19822348164000003,2.9186743233610946,-0.1179172992975751,-0.9160092969318354,-0.4217543787587089,,-1.2914185594264451,0.1476509298222984,0.14683076830000003,4.538109756892076,-1.1797195389748127,-0.16771647436921394,0.8760142266781394,,0.0238237442897226,0.039426987802551904,0.09203306007999999,-0.11742376536589094,,1.50203705e-05,5.1259995e-06,-5.364418e-06,1.0,-1.7922372e-05,-1.9304454e-05,1.7914921e-05,1.0,-1.8775463e-06,1.9311905e-05,1.758337e-06,1.0,59,0.18,0,1,0.075,False,-0.26273776611267374,1.0502874705711984
0.19609096900967415,14:57:41.364974,14:56:26.218092,0,,0.13232279,0.005155474,0.03363526,0.4948673,0.550495,-0.6723553,0.55427134,0.39593756,0.7321315,0.66924554,-0.73497534,-0.109187156,,0.055897497,-0.02972183,0.08222479,-0.106372476,0.5758485,0.8106068,-0.30769092,-0.794281,0.52387387,0.94552165,-0.19369054,0.26167297,,0.05736989,1.3212037,0.43254545,0.99673545,0.07899981,-0.0166574,0.041430485,-0.6775562,-0.7343031,-0.06929614,0.73121583,-0.67861736,,-0.08722383,0.29918152,-0.05010932,-0.54800755,-0.49111727,0.6771201,0.83598995,-0.29404736,0.4633108,-0.028434573,0.8199634,0.5717093,,-0.009972223,0.5028271,-0.3300681,0.02010358,-0.44941917,-0.8930948,0.6678725,-0.65869826,0.34650102,-0.74400413,-0.60343933,0.2869125,,1.2160678547726367,0.4105482023266492,0.19804200104000003,2.9113351753391363,-0.1289848557785758,-0.9094348089366423,-0.4214276906264405,,-1.2912795502347092,0.14765865255517263,0.14682947201000002,4.538109756892076,-1.1797195389748127,-0.16747143814879217,0.8751975063474684,,0.0238237442897226,0.039426987802551904,0.09203306007999999,-0.11742376536589094,,1.50203705e-05,5.1259995e-06,-5.364418e-06,1.0,-1.7922372e-05,-1.9304454e-05,1.7914921e-05,1.0,-1.8775463e-06,1.9311905e-05,1.758337e-06,1.0,67,0.204,0,1,0.075,False,-0.2634526987349264,1.0507702725789931
0.22218094000709243,14:57:41.386305,14:56:26.218092,0,,0.13211125,0.005109176,0.033881485,0.4877396,0.55851114,-0.67095107,0.5474636,0.4029733,0.7334139,0.6799953,-0.7250365,-0.1092186,,0.055886813,-0.029723201,0.08221871,-0.10628304,0.5759131,0.8105726,-0.30767357,-0.79423094,0.5239599,0.9455374,-0.19370365,0.26160645,,0.05736989,1.3212037,0.43254545,0.99673545,0.07899981,-0.0166574,0.041430485,-0.6775562,-0.7343031,-0.06929614,0.73121583,-0.67861736,,-0.08703248,0.2993409,-0.050322637,-0.54174286,-0.4999175,0.67571974,0.8395379,-0.2824924,0.46408415,-0.04111811,0.81870663,0.572738,,-0.0099607725,0.5028231,-0.33006582,0.020011468,-0.44948697,-0.8930627,0.66787934,-0.65869534,0.34649327,-0.7440005,-0.603392,0.2870216,,1.2173034920325125,0.4097064244433587,0.19785533528000002,2.902737887656271,-0.14182868675652718,-0.9057408614208453,-0.42159103469257475,,-1.2911946001730927,0.14765865255517263,0.14682817572,4.538109756892076,-1.1797195389748127,-0.1675531168889327,0.8753608504136026,,0.0238237442897226,0.039426987802551904,0.09203306007999999,-0.11742376536589094,,1.50203705e-05,5.1259995e-06,-5.364418e-06,1.0,-1.7922372e-05,-1.9304454e-05,1.7914921e-05,1.0,-1.8775463e-06,1.9311905e-05,1.758337e-06,1.0,71,0.217,0,1,0.075,False,-0.26404847592013647,1.0502874705711984
0.24351316899992526,14:57:41.409326,14:56:26.218092,0,,0.13173446,0.0050254464,0.034264356,0.4768996,0.5699566,-0.66911596,0.53523743,0.41552848,0.73542964,0.6971999,-0.70886225,-0.10689685,,0.055880062,-0.029723737,0.08221406,-0.106223434,0.57584584,0.8106283,-0.30766198,-0.79426897,0.52390915,0.9455478,-0.19374803,0.26153576,,0.05736989,1.3212037,0.43254545,0.99673545,0.07899981,-0.0166574,0.041430485,-0.6775562,-0.7343031,-0.06929614,0.73121583,-0.67861736,,-0.08668722,0.29958352,-0.05066542,-0.532279,-0.51264685,0.6737004,0.8442694,-0.26283422,0.46704105,-0.062355608,0.8173808,0.5727132,,-0.00995347,0.50282,-0.33006364,0.019950058,-0.4494106,-0.8931025,0.66788393,-0.65874064,0.34639844,-0.74399805,-0.6033995,0.2870122,,1.2193577389770562,0.40811554147126844,0.19756496632,2.88973711116023,-0.1635538902192322,-0.9015024068563071,-0.4220810668909776,,-1.291132818310099,0.14765865255517263,0.14682817572,4.538109756892076,-1.1797195389748127,-0.16747143814879223,0.8761775707442739,,0.0238237442897226,0.039426987802551904,0.09203306007999999,-0.11742376536589094,,1.50203705e-05,5.1259995e-06,-5.364418e-06,1.0,-1.7922372e-05,-1.9304454e-05,1.7914921e-05,1.0,-1.8775463e-06,1.9311905e-05,1.758337e-06,1.0,83,0.253,0,1,0.075,False,-0.2641080536386573,1.050335750771978
0.26644694700371474,14:57:41.437235,14:56:26.218092,0,,0.13149497,0.004989907,0.034451872,0.46989343,0.57665294,-0.6683349,0.52945256,0.4217032,0.7361021,0.70631444,-0.69974136,-0.107154906,,0.05587866,-0.029724393,0.082214475,-0.10621598,0.57591194,0.8105823,-0.30766052,-0.7942256,0.5239758,0.94554913,-0.19372952,0.26154476,,0.05736989,1.3212037,0.43254545,0.99673545,0.07899981,-0.0166574,0.041430485,-0.6775562,-0.7343031,-0.06929614,0.73121583,-0.67861736,,-0.08646334,0.29970938,-0.0508322,-0.52600765,-0.5200642,0.67294073,0.84732646,-0.25238433,0.46726874,-0.073170036,0.8159874,0.5734202,,-0.009952061,0.5028203,-0.33006436,0.019942382,-0.4494831,-0.8930662,0.66788447,-0.6587144,0.3464471,-0.7439977,-0.60337406,0.28706646,,1.2205779307711837,0.40714247712911616,0.19743144845000002,2.881349513420849,-0.1746214467002329,-0.8979500322463145,-0.4212643465603062,,-1.2911250955772247,0.14765865255517263,0.14682687943,4.538109756892076,-1.1797195389748127,-0.16755311688893276,0.8763409148104081,,0.0238237442897226,0.039426987802551904,0.09203306007999999,-0.11742376536589094,,1.50203705e-05,5.1259995e-06,-5.364418e-06,1.0,-1.7922372e-05,-1.9304454e-05,1.7914921e-05,1.0,-1.8775463e-06,1.9311905e-05,1.758337e-06,1.0,91,0.278,0,1,0.075,False,-0.262797343831195,1.0506737121774343
0.2944273030007025,14:57:41.458857,14:56:26.349184,0,,0.13095005,0.004913032,0.034754813,0.45363858,0.5913018,-0.666764,0.5219338,0.4301601,0.7365781,0.72235525,-0.682147,-0.11348328,,0.055880614,-0.02972475,0.082217276,-0.10623834,0.57577986,0.8106732,-0.3076649,-0.79431295,0.5238408,0.9455452,-0.19376361,0.2615337,,0.05736989,1.3212037,0.43254545,0.99673545,0.07899981,-0.0166574,0.041430485,-0.6775562,-0.7343031,-0.06929614,0.73121583,-0.67861736,,-0.08594413,0.2999088,-0.05112422,-0.51106495,-0.53608984,0.6718782,0.8547673,-0.23469976,0.46291342,-0.09047352,0.81087834,0.5781789,,-0.0099543035,0.50282216,-0.33006614,0.01996541,-0.4493385,-0.89313847,0.6678828,-0.65876466,0.3463549,-0.74399865,-0.60342693,0.2869529,,1.2230878189553067,0.40497238919145906,0.19721237544000003,2.8618483486767885,-0.19238419166974016,-0.8863244606706996,-0.421754378758709,,-1.2911482637758473,0.14765865255517263,0.14682558314000002,4.538109756892076,-1.1797195389748127,-0.1673897594086517,0.8760142266781398,,0.0238237442897226,0.039426987802551904,0.09203306007999999,-0.11742376536589094,,1.50203705e-05,5.1259995e-06,-5.364418e-06,1.0,-1.7922372e-05,-1.9304454e-05,1.7914921e-05,1.0,-1.8775463e-06,1.9311905e-05,1.758337e-06,1.0,99,0.303,0,1,0.075,False,-0.26428678679422024,1.0505771517758753
0.31606310700590257,14:57:41.486492,14:56:26.349184,0,,0.1305759,0.0048533976,0.03494346,0.4415034,0.60109764,-0.6661504,0.5180511,0.43540755,0.73623586,0.7325966,-0.6701508,-0.11916548,,0.055880614,-0.02972475,0.082217276,-0.10623834,0.575846,0.81062615,-0.3076649,-0.7942701,0.52390563,0.9455452,-0.19374225,0.26154953,,0.05736989,1.3212037,0.43254545,0.99673545,0.07899981,-0.0166574,0.041430485,-0.6775562,-0.7343031,-0.06929614,0.73121583,-0.67861736,,-0.08558606,0.30002695,-0.051316444,-0.4997754,-0.54682374,0.67172045,0.8602525,-0.2229864,0.4585223,-0.100946344,0.8070074,0.58184963,,-0.0099543035,0.50282216,-0.33006614,0.01996541,-0.44941142,-0.89310175,0.6678828,-0.65873635,0.3464087,-0.74399865,-0.60340345,0.2870022,,1.2247327610575165,0.40348962447960796,0.19707107983000002,2.847379742576356,-0.2030418386514445,-0.8777155429225192,-0.42159103469257475,,-1.2911482637758473,0.14765865255517263,0.14682558314000002,4.538109756892076,-1.1797195389748127,-0.16747143814879228,0.8758508826120054,,0.0238237442897226,0.039426987802551904,0.09203306007999999,-0.11742376536589094,,1.50203705e-05,5.1259995e-06,-5.364418e-06,1.0,-1.7922372e-05,-1.9304454e-05,1.7914921e-05,1.0,-1.8775463e-06,1.9311905e-05,1.758337e-06,1.0,107,0.327,0,1,0.075,False,-0.2639888982016152,1.0503840309727575
0.34370011001010425,14:57:41.516604,14:56:26.349184,0,,0.12998037,0.0048002154,0.035259455,0.4280048,0.61687887,-0.66050917,0.5077304,0.44048482,0.74039364,0.74767756,-0.6522528,-0.12467858,,0.055877835,-0.029722009,0.08222026,-0.106345825,0.57583165,0.8106223,-0.3077425,-0.79427785,0.5238485,0.9455079,-0.19375369,0.26167595,,0.05736989,1.3212037,0.43254545,0.99673545,0.07899981,-0.0166574,0.041430485,-0.6775562,-0.7343031,-0.06929614,0.73121583,-0.67861736,,-0.085017495,0.30025512,-0.051602826,-0.4874968,-0.56399405,0.6665265,0.8649104,-0.20746814,0.45704147,-0.11948565,0.79929197,0.5889444,,-0.009952279,0.5028266,-0.33006525,0.020085134,-0.44939488,-0.8931074,0.6678305,-0.6587475,0.34648824,-0.74404234,-0.6034037,0.2868886,,1.2275206676251116,0.4011805273502148,0.19687145117000002,2.8310239269845634,-0.22217094861860617,-0.862525430105723,-0.42142769062644037,,-1.291140541042973,0.14768954348666952,0.14682428685,4.538109756892076,-1.1798561754745784,-0.1674416989852363,0.8760142266781396,,0.0238237442897226,0.039426987802551904,0.09203306007999999,-0.11742376536589094,,1.50203705e-05,5.1259995e-06,-5.364418e-06,1.0,-1.7922372e-05,-1.9304454e-05,1.7914921e-05,1.0,-1.8775463e-06,1.9311905e-05,1.758337e-06,1.0,115,0.352,0,1,0.075,False,-0.26333354329788383,1.0506254319766548
0.37379560399858747,14:57:41.537499,14:56:26.349184,0,,0.12958065,0.004760593,0.035485744,0.41663697,0.6259884,-0.65920573,0.5021791,0.4459743,0.7408933,0.7577796,-0.639723,-0.12854901,,0.05587528,-0.02972177,0.082220495,-0.10632909,0.5757683,0.8106694,-0.3077462,-0.79431576,0.52378863,0.9455086,-0.19378644,0.26164937,,0.05736989,1.3212037,0.43254545,0.99673545,0.07899981,-0.0166574,0.041430485,-0.6775562,-0.7343031,-0.06929614,0.73121583,-0.67861736,,-0.08463698,0.30041584,-0.051807623,-0.4769569,-0.574087,0.66553456,0.8691039,-0.19516098,0.4545004,-0.13103642,0.79519576,0.5920246,,-0.009949809,0.5028273,-0.33006507,0.020068992,-0.4493238,-0.89314353,0.6678264,-0.6587835,0.34642777,-0.74404645,-0.6034173,0.28684917,,1.229397291713548,0.3997209308369864,0.19672497040000003,2.8173940806580693,-0.23378505109866862,-0.8540350531732139,-0.42110100249417204,,-1.2911250955772247,0.14769726621954374,0.14682299056,4.538109756892076,-1.1798561754745784,-0.16736002024509578,0.8758508826120054,,0.0238237442897226,0.039426987802551904,0.09203306007999999,-0.11742376536589094,,1.50203705e-05,5.1259995e-06,-5.364418e-06,1.0,-1.7922372e-05,-1.9304454e-05,1.7914921e-05,1.0,-1.8775463e-06,1.9311905e-05,1.758337e-06,1.0,152,0.465,0,1,0.075,False,-0.26297607698675796,1.0504805913743163
0.3947109510045266,14:57:41.649876,14:56:26.474908,0,,0.12699987,0.00476104,0.03710583,0.35485238,0.6637532,-0.65841585,0.47205058,0.48068488,0.7389927,0.80699944,-0.57303905,-0.142753,,0.055830047,-0.02971736,0.08221543,-0.10636285,0.57473534,0.8113977,-0.30794388,-0.7949461,0.5227151,0.9454403,-0.19426736,0.26153892,,0.05736989,1.3212037,0.43254545,0.99673545,0.07899981,-0.0166574,0.041430485,-0.6775562,-0.7343031,-0.06929614,0.73121583,-0.67861736,,-0.0821936,0.30174476,-0.053052194,-0.4192193,-0.6171332,0.66588426,0.8878035,-0.12525141,0.44285107,-0.18989517,0.776826,0.6004008,,-0.0099051315,0.5028329,-0.33005705,0.0201341,-0.4481713,-0.8937209,0.6676755,-0.6593318,0.34567463,-0.7441801,-0.6036754,0.28595796,,1.2429043515105669,0.3922607708804855,0.19584738207000002,2.741066941229702,-0.29048919850132643,-0.8135141349490385,-0.42110100249417204,,-1.2908084635293815,0.1478131072126571,0.14681002766,4.538109756892076,-1.1802660849738746,-0.16604562165231962,0.8758508826120053,,0.0238237442897226,0.039426987802551904,0.09203306007999999,-0.11742376536589094,,1.50203705e-05,5.1259995e-06,-5.364418e-06,1.0,-1.7922372e-05,-1.9304454e-05,1.7914921e-05,1.0,-1.8775463e-06,1.9311905e-05,1.758337e-06,1.0,160,0.49,0,1,0.075,False,-0.26309523242380006,1.0509151131813312
0.507085471006576,14:57:41.685600,14:56:26.474908,0,,0.12636685,0.004852876,0.037415594,0.3399334,0.6687637,-0.66121125,0.46678835,0.49037924,0.73595965,0.8164276,-0.5588231,-0.14547491,,0.055812933,-0.029711638,0.082212865,-0.106234476,0.5744294,0.8116311,-0.30798194,-0.79511833,0.5224308,0.94544244,-0.19446748,0.2613828,,0.05736989,1.3212037,0.43254545,0.99673545,0.07899981,-0.0166574,0.041430485,-0.6775562,-0.7343031,-0.06929614,0.73121583,-0.67861736,,-0.081587516,0.3020701,-0.053230777,-0.40508658,-0.6232849,0.66889524,0.89191866,-0.10859199,0.4389634,-0.2009626,0.7744183,0.5999086,,-0.009888621,0.50283647,-0.33005023,0.020011848,-0.4478243,-0.8938976,0.6676365,-0.65953594,0.34536043,-0.7442184,-0.60371,0.28578532,,1.2462405721122318,0.3906698879083953,0.19575923435000003,2.72240453625958,-0.3004636629842035,-0.8069325240418704,-0.42159103469257475,,-1.290692622536268,0.14788261180852513,0.14680613879,4.538109756892076,-1.1802660849738746,-0.16563722795161684,0.8753608504136027,,0.0238237442897226,0.039426987802551904,0.09203306007999999,-0.11742376536589094,,1.50203705e-05,5.1259995e-06,-5.364418e-06,1.0,-1.7922372e-05,-1.9304454e-05,1.7914921e-05,1.0,-1.8775463e-06,1.9311905e-05,1.758337e-06,1.0,172,0.527,0,1,0.075,False,-0.2639888982016152,1.0502874705711984
0.5427951880119508,14:57:41.709750,14:56:26.474908,0,,0.12574619,0.004949793,0.03769356,0.32600272,0.6774376,-0.659394,0.45785403,0.49709892,0.7370632,0.82709855,-0.54219097,-0.148112,,0.055794753,-0.029707972,0.082208395,-0.106094874,0.574117,0.81187034,-0.30800372,-0.7952963,0.52214676,0.94545096,-0.19466197,0.26120698,,0.05736989,1.3212037,0.43254545,0.99673545,0.07899981,-0.0166574,0.041430485,-0.6775562,-0.7343031,-0.06929614,0.73121583,-0.67861736,,-0.08099124,0.3023752,-0.0533833,-0.3920291,-0.6332736,0.66729134,0.8943563,-0.09244047,0.43770024,-0.21549928,0.7683875,0.6026116,,-0.009870581,0.5028376,-0.33004415,0.019875824,-0.4474709,-0.8940776,0.6676092,-0.65973717,0.34502873,-0.7442465,-0.6037522,0.2856229,,1.2493682789262928,0.38890138208019787,0.19570997533,2.705000270950364,-0.31426394946051306,-0.7955976370283913,-0.42175437875870914,,-1.2905613360774062,0.1479366709386447,0.14680224992000002,4.538109756892076,-1.1802660849738746,-0.165228834250914,0.876177570744274,,0.0238237442897226,0.039426987802551904,0.09203306007999999,-0.11742376536589094,,1.50203705e-05,5.1259995e-06,-5.364418e-06,1.0,-1.7922372e-05,-1.9304454e-05,1.7914921e-05,1.0,-1.8775463e-06,1.9311905e-05,1.758337e-06,1.0,180,0.551,0,1,0.075,False,-0.26422720907569985,1.0505771517758753
0.566923272999702,14:57:41.737132,14:56:26.474908,0,,0.12537852,0.005001247,0.037833095,0.31008738,0.68518776,-0.6590626,0.45209914,0.5035581,0.7362306,0.8363327,-0.52625763,-0.1536259,,0.05578483,-0.029706363,0.08220464,-0.106014825,0.5740584,0.8119222,-0.30800924,-0.7953223,0.5221041,0.9454582,-0.19472864,0.26113117,,0.05736989,1.3212037,0.43254545,0.99673545,0.07899981,-0.0166574,0.041430485,-0.6775562,-0.7343031,-0.06929614,0.73121583,-0.67861736,,-0.08063599,0.3025336,-0.05346077,-0.3768865,-0.6422852,0.6674026,0.8980523,-0.076919094,0.43311152,-0.22684513,0.7625963,0.6057955,,-0.009860513,0.5028369,-0.3300405,0.019796694,-0.4474017,-0.89411396,0.6675991,-0.65979683,0.3449342,-0.74425775,-0.60373825,0.28562316,,1.2509514391655088,0.3877506948819384,0.19570219759000002,2.6863378659802417,-0.3245116869429211,-0.7854443619680673,-0.4227344431555148,,-1.290484108748664,0.14795983913726737,0.14680095363,4.538109756892076,-1.1802660849738746,-0.16514715551077336,0.8760142266781394,,0.0238237442897226,0.039426987802551904,0.09203306007999999,-0.11742376536589094,,1.50203705e-05,5.1259995e-06,-5.364418e-06,1.0,-1.7922372e-05,-1.9304454e-05,1.7914921e-05,1.0,-1.8775463e-06,1.9311905e-05,1.758337e-06,1.0,188,0.576,0,1,0.075,False,-0.2632143878608417,1.0502874705711984
0.5943222820060328,14:57:41.761081,14:56:26.474908,0,,0.12484627,0.0050151944,0.037951678,0.28938845,0.69551945,-0.6576526,0.44473547,0.5106957,0.73579895,0.84762305,-0.50541323,-0.16153282,,0.055774085,-0.02970687,0.082202494,-0.1059366,0.5739968,0.811976,-0.308008,-0.79535174,0.52205986,0.94546735,-0.19478974,0.26105243,,0.05736989,1.3212037,0.43254545,0.99673545,0.07899981,-0.0166574,0.041430485,-0.6775562,-0.7343031,-0.06929614,0.73121583,-0.67861736,,-0.08011492,0.3026609,-0.05355991,-0.35713556,-0.6542634,0.66662854,0.90242064,-0.057525847,0.4269986,-0.24102117,0.7540757,0.6109653,,-0.009849602,0.50283664,-0.33003947,0.019718355,-0.44732976,-0.8941517,0.6675942,-0.65985304,0.3448361,-0.7442642,-0.6037301,0.28562355,,1.252889845116939,0.38577367526613693,0.19570608646,2.662013832536037,-0.3376287909204033,-0.7705826274660421,-0.42224441095711185,,-1.2904068814199219,0.14797528460301582,0.14679706476,4.538109756892076,-1.1802660849738746,-0.16506547677063294,0.8758508826120053,,0.0238237442897226,0.039426987802551904,0.09203306007999999,-0.11742376536589094,,1.50203705e-05,5.1259995e-06,-5.364418e-06,1.0,-1.7922372e-05,-1.9304454e-05,1.7914921e-05,1.0,-1.8775463e-06,1.9311905e-05,1.758337e-06,1.0,196,0.602,0,1,0.075,False,-0.2626781883941529,1.0503840309727575
0.6182592420082074,14:57:41.786976,14:56:26.474908,0,,0.1244937,0.0049961805,0.03799227,0.26925275,0.70406586,-0.6571104,0.44059363,0.5166664,0.7341205,0.85637623,-0.4871828,-0.17109314,,0.055768162,-0.029708926,0.08220273,-0.10589934,0.57399607,0.8119814,-0.30800074,-0.79534876,0.5220687,0.9454739,-0.1948041,0.2610181,,0.05736989,1.3212037,0.43254545,0.99673545,0.07899981,-0.0166574,0.041430485,-0.6775562,-0.7343031,-0.06929614,0.73121583,-0.67861736,,-0.07976667,0.3026983,-0.053620186,-0.33775172,-0.6642507,0.6668544,0.90712655,-0.04072176,0.4188832,-0.25108796,0.7463999,0.6163133,,-0.0098435525,0.50283676,-0.33004108,0.019679975,-0.4473276,-0.89415365,0.66759706,-0.6598636,0.34481043,-0.74426264,-0.6037202,0.2856485,,1.2538629094590914,0.3843526924172796,0.19571775307000003,2.638947938752739,-0.3463735269053915,-0.7573259761189289,-0.421754378758709,,-1.2903682677555506,0.14797528460301582,0.14679317589000002,4.538109756892076,-1.1802660849738746,-0.16506547677063294,0.8758508826120053,,0.0238237442897226,0.039426987802551904,0.09203306007999999,-0.11742376536589094,,1.50203705e-05,5.1259995e-06,-5.364418e-06,1.0,-1.7922372e-05,-1.9304454e-05,1.7914921e-05,1.0,-1.8775463e-06,1.9311905e-05,1.758337e-06,1.0,204,0.626,0,1,0.075,False,-0.2630356547052788,1.050432311173537
0.6441880450001918,14:57:41.818547,14:56:26.712913,0,,0.12398925,0.0049344003,0.03800285,0.23925045,0.71707517,-0.6546467,0.43143588,0.52550083,0.7332884,0.8698405,-0.45787778,-0.18364573,,0.05575802,-0.02971125,0.08219993,-0.10582481,0.5739947,0.81199205,-0.30798626,-0.7953428,0.5220864,0.9454869,-0.19483265,0.26094943,,0.05736989,1.3212037,0.43254545,0.99673545,0.07899981,-0.0166574,0.041430485,-0.6775562,-0.7343031,-0.06929614,0.73121583,-0.67861736,,-0.079264514,0.30269372,-0.053699065,-0.30889595,-0.6795766,0.66540134,0.9123952,-0.014189914,0.40906444,-0.26854864,0.73346734,0.6244256,,-0.009832938,0.502835,-0.3300413,0.019603215,-0.44732326,-0.89415747,0.6676027,-0.65988463,0.34475908,-0.74425954,-0.6037004,0.28569838,,1.2548977556642376,0.3820127043563896,0.19575664177000002,2.6047684779647615,-0.36222336087818263,-0.7364786614965095,-0.42224441095711196,,-1.2902910404268084,0.14797528460301582,0.14678928702000002,4.538109756892076,-1.1802660849738746,-0.16506547677063294,0.8758508826120053,,0.0238237442897226,0.039426987802551904,0.09203306007999999,-0.11742376536589094,,1.50203705e-05,5.1259995e-06,-5.364418e-06,1.0,-1.7922372e-05,-1.9304454e-05,1.7914921e-05,1.0,-1.8775463e-06,1.9311905e-05,1.758337e-06,1.0,212,0.651,0,1,0.075,False,-0.26351227645344677,1.0507702725789931
0.6757502630061936,14:57:41.837972,14:56:26.712913,0,,0.123673365,0.004889846,0.037992656,0.22127394,0.72564656,-0.6515174,0.4231534,0.5304669,0.73453796,0.8786235,-0.438226,-0.1896813,,0.055751264,-0.029713307,0.082199454,-0.1057801,0.57399386,0.81199855,-0.3079776,-0.7953392,0.52209693,0.9454948,-0.19484982,0.26090825,,0.05736989,1.3212037,0.43254545,0.99673545,0.07899981,-0.0166574,0.041430485,-0.6775562,-0.7343031,-0.06929614,0.73121583,-0.67861736,,-0.07894872,0.30267462,-0.053741235,-0.2916566,-0.68969953,0.66276014,0.91415274,0.002953786,0.4053592,-0.2815337,0.7240897,0.6296292,,-0.009825976,0.5028347,-0.3300426,0.01955716,-0.44732067,-0.8941598,0.6676062,-0.65989727,0.34472826,-0.7442577,-0.6036885,0.2857283,,1.2554151787668104,0.3804140986514251,0.19579812305000002,2.584218863503278,-0.3745206458570723,-0.7223671131568035,-0.4219177228248434,,-1.290244704029563,0.14797528460301582,0.14678539815000002,4.538109756892076,-1.1802660849738746,-0.16506547677063294,0.8758508826120053,,0.0238237442897226,0.039426987802551904,0.09203306007999999,-0.11742376536589094,,1.50203705e-05,5.1259995e-06,-5.364418e-06,1.0,-1.7922372e-05,-1.9304454e-05,1.7914921e-05,1.0,-1.8775463e-06,1.9311905e-05,1.758337e-06,1.0,249,0.764,0,1,0.075,False,-0.26386974276457353,1.0504805913743163
0.6951608670060523,14:57:41.950871,14:56:26.712913,0,,0.12144293,0.004651442,0.03792587,0.11156213,0.7700262,-0.62818277,0.37694228,0.55209994,0.74370694,0.9194937,-0.31975827,-0.22866206,,0.05570762,-0.029729817,0.082202256,-0.105750866,0.57366717,0.81223315,-0.3080224,-0.79553604,0.5217705,0.94548345,-0.19500828,0.2608309,,0.05736989,1.3212037,0.43254545,0.99673545,0.07899981,-0.0166574,0.041430485,-0.6775562,-0.7343031,-0.06929614,0.73121583,-0.67861736,,-0.07671947,0.3025957,-0.053986996,-0.18543926,-0.7434358,0.64258504,0.91862386,0.10103934,0.38199642,-0.34891617,0.6611311,0.6642012,,-0.009781412,0.5028362,-0.33005664,0.019535055,-0.44695562,-0.8943428,0.6675692,-0.66007483,0.3444598,-0.7442914,-0.6037648,0.28547922,,1.2599484229639804,0.37062167336690843,0.19609238088000003,2.45546923820378,-0.4353238882526933,-0.6264743003521972,-0.4211010024941719,,-1.2899589629132167,0.1479675618701416,0.14675687977000001,4.538109756892076,-1.1805393579734056,-0.16467928348295907,0.8758508826120054,,0.0238237442897226,0.039426987802551904,0.09203306007999999,-0.11742376536589094,,1.50203705e-05,5.1259995e-06,-5.364418e-06,1.0,-1.7922372e-05,-1.9304454e-05,1.7914921e-05,1.0,-1.8775463e-06,1.9311905e-05,1.758337e-06,1.0,257,0.789,0,1,0.075,False,-0.26285692154971585,1.0506254319766548
0.8080736350093503,14:57:41.971722,14:56:26.712913,0,,0.12072235,0.004647732,0.038021922,0.08426139,0.7788892,-0.6214754,0.36305073,0.55682534,0.74708736,0.9279517,-0.28857782,-0.23585752,,0.055699155,-0.029731993,0.08220065,-0.10569125,0.5737324,0.81219494,-0.30801082,-0.79548866,0.5218496,0.94549394,-0.19500983,0.2607919,,0.05736989,1.3212037,0.43254545,0.99673545,0.07899981,-0.0166574,0.041430485,-0.6775562,-0.7343031,-0.06929614,0.73121583,-0.67861736,,-0.07600884,0.3027058,-0.054093547,-0.1588657,-0.754768,0.6364644,0.91685367,0.12635896,0.3786988,-0.36625272,0.643707,0.6719377,,-0.009772626,0.5028352,-0.33005738,0.019473648,-0.44702518,-0.8943094,0.66757375,-0.6600635,0.34447265,-0.744289,-0.6037256,0.28556845,,1.2621648472988827,0.3681581215800308,0.19614812135,2.4217091573027716,-0.45008063022736083,-0.6002290659685259,-0.422407755023246,,-1.2898971810502229,0.1479675618701416,0.14675299090000002,4.538109756892076,-1.1805393579734056,-0.1647609622230996,0.8760142266781396,,0.0238237442897226,0.039426987802551904,0.09203306007999999,-0.11742376536589094,,1.50203705e-05,5.1259995e-06,-5.364418e-06,1.0,-1.7922372e-05,-1.9304454e-05,1.7914921e-05,1.0,-1.8775463e-06,1.9311905e-05,1.758337e-06,1.0,265,0.814,0,1,0.075,False,-0.26351227645344677,1.0508668329805522
0.828916858008597,14:57:41.994119,14:56:26.887637,0,,0.12023212,0.004668668,0.038101017,0.06930558,0.7856832,-0.6147346,0.3556337,0.5562716,0.7510569,0.9320524,-0.2706728,-0.24086282,,0.055686772,-0.029735032,0.082197726,-0.105601825,0.5737306,0.81220776,-0.30799338,-0.7954815,0.52187073,0.94550955,-0.19504407,0.26070952,,0.05736989,1.3212037,0.43254545,0.99673545,0.07899981,-0.0166574,0.041430485,-0.6775562,-0.7343031,-0.06929614,0.73121583,-0.67861736,,-0.07552653,0.30280676,-0.05415835,-0.14426625,-0.7629665,0.6301344,0.91563004,0.13855489,0.3773913,-0.37524512,0.6314148,0.6786063,,-0.009759693,0.5028333,-0.33005807,0.019381536,-0.44701996,-0.894314,0.6675806,-0.6600888,0.34441105,-0.7442852,-0.6037019,0.28562832,,1.2639179076613316,0.3666444659366828,0.19618441747,2.4026273724456804,-0.4573223647149292,-0.5812553186501257,-0.42012093809736606,,-1.2898045082557323,0.1479675618701416,0.14674780574000001,4.538109756892076,-1.1805393579734056,-0.1647609622230996,0.8760142266781396,,0.0238237442897226,0.039426987802551904,0.09203306007999999,-0.11742376536589094,,1.50203705e-05,5.1259995e-06,-5.364418e-06,1.0,-1.7922372e-05,-1.9304454e-05,1.7914921e-05,1.0,-1.8775463e-06,1.9311905e-05,1.758337e-06,1.0,273,0.838,0,1,0.075,False,-0.264167631357179,1.0508668329805522
0.8513013880001381,14:57:42.020210,14:56:26.887637,0,,0.1197137,0.004709244,0.03816694,0.04737427,0.7902206,-0.61098856,0.34961158,0.5598681,0.7512119,0.93569636,-0.24919689,-0.24974701,,0.05567973,-0.029736612,0.0821957,-0.10554964,0.573796,0.81216836,-0.30798328,-0.79543465,0.5219481,0.9455187,-0.19504279,0.2606774,,0.05736989,1.3212037,0.43254545,0.99673545,0.07899981,-0.0166574,0.041430485,-0.6775562,-0.7343031,-0.06929614,0.73121583,-0.67861736,,-0.07501511,0.30291334,-0.054201383,-0.12268055,-0.76921046,0.6271082,0.91544867,0.15632217,0.37083295,-0.3832795,0.61957943,0.684995,,-0.009752315,0.50283194,-0.33005813,0.019327804,-0.44708997,-0.89428014,0.66758454,-0.66007537,0.34442902,-0.7442831,-0.6036647,0.28571254,,1.2657404726196486,0.3652620967521966,0.19623886165,2.375787059679661,-0.4621046422067196,-0.5623268038348873,-0.4217543787587089,,-1.2897504491256127,0.1479675618701416,0.14674521316000003,4.538109756892076,-1.1805393579734056,-0.16484264096324003,0.8761775707442737,,0.0238237442897226,0.039426987802551904,0.09203306007999999,-0.11742376536589094,,1.50203705e-05,5.1259995e-06,-5.364418e-06,1.0,-1.7922372e-05,-1.9304454e-05,1.7914921e-05,1.0,-1.8775463e-06,1.9311905e-05,1.758337e-06,1.0,277,0.85,0,1,0.075,False,-0.26381016504605226,1.050432311173537
0.8774188250099542,14:57:42.041976,14:56:26.887637,0,,0.118958734,0.0047980696,0.038265258,0.020948095,0.7981508,-0.60209346,0.3415486,0.5602806,0.7546058,0.93963075,-0.22145182,-0.26087058,,0.055668756,-0.029739026,0.0821923,-0.10546766,0.57386076,0.8121332,-0.30796742,-0.7953855,0.52203244,0.94553304,-0.19505292,0.26061776,,0.05736989,1.3212037,0.43254545,0.99673545,0.07899981,-0.0166574,0.041430485,-0.6775562,-0.7343031,-0.06929614,0.73121583,-0.67861736,,-0.07427061,0.30309063,-0.05424397,-0.09663244,-0.77932835,0.61911994,0.91434586,0.17624749,0.36456612,-0.39323506,0.60131866,0.6955444,,-0.009740789,0.50282973,-0.33005807,0.019243367,-0.44715822,-0.89424783,0.6675908,-0.6600704,0.34442642,-0.7442797,-0.6036196,0.28581673,,1.2686210519817345,0.36332369080076626,0.19633478711000002,2.342656048609106,-0.46770673869710266,-0.5334184052214466,-0.42028428216350044,,-1.2896654990639962,0.1479675618701416,0.14674132429,4.538109756892076,-1.1805393579734056,-0.16492431970338067,0.8763409148104083,,0.0238237442897226,0.039426987802551904,0.09203306007999999,-0.11742376536589094,,1.50203705e-05,5.1259995e-06,-5.364418e-06,1.0,-1.7922372e-05,-1.9304454e-05,1.7914921e-05,1.0,-1.8775463e-06,1.9311905e-05,1.758337e-06,1.0,289,0.887,0,1,0.075,False,-0.26351227645344677,1.0506737121774343
0.8991886870062444,14:57:42.070204,14:56:26.887637,0,,0.11848393,0.004866913,0.03833592,-0.00062805414,0.8007746,-0.5989656,0.33449215,0.5646326,0.754523,0.9423984,-0.19987547,-0.2682075,,0.055665396,-0.029741261,0.08219224,-0.10544715,0.5737909,0.8121852,-0.30795637,-0.7954299,0.5219712,0.9455388,-0.19507715,0.26057833,,0.05736989,1.3212037,0.43254545,0.99673545,0.07899981,-0.0166574,0.041430485,-0.6775562,-0.7343031,-0.06929614,0.73121583,-0.67861736,,-0.07380312,0.30321744,-0.054267358,-0.07532836,-0.7836746,0.6165872,0.9127983,0.1947201,0.35900325,-0.40140364,0.5898629,0.70066893,,-0.00973721,0.50282913,-0.33005986,0.01922113,-0.44708115,-0.8942869,0.6675978,-0.66010135,0.34435356,-0.74427396,-0.6036428,0.2857825,,1.270366389611309,0.36224250819837484,0.19640349048000003,2.3160254257865716,-0.47221574318936216,-0.5159379073157097,-0.4212643465603062,,-1.2896423308653735,0.14795983913726737,0.14673873171000001,4.538109756892076,-1.1805393579734056,-0.16484264096324003,0.8761775707442737,,0.0238237442897226,0.039426987802551904,0.09203306007999999,-0.11742376536589094,,1.50203705e-05,5.1259995e-06,-5.364418e-06,1.0,-1.7922372e-05,-1.9304454e-05,1.7914921e-05,1.0,-1.8775463e-06,1.9311905e-05,1.758337e-06,1.0,293,0.901,0,1,0.075,False,-0.26339312101640555,1.0506737121774343
0.9273924660083139,14:57:42.089965,14:56:26.887637,0,,0.117980994,0.004941255,0.038378596,-0.022945974,0.8038353,-0.5944092,0.3271208,0.56787336,0.7553222,0.94470406,-0.17711209,-0.27598175,,0.05565974,-0.029741798,0.082191706,-0.10540804,0.5737933,0.8121887,-0.30795577,-0.79542327,0.5219816,0.9455434,-0.19509706,0.26054692,,0.05736989,1.3212037,0.43254545,0.99673545,0.07899981,-0.0166574,0.041430485,-0.6775562,-0.7343031,-0.06929614,0.73121583,-0.67861736,,-0.07330537,0.30332938,-0.054269083,-0.05324726,-0.7885484,0.61266315,0.91074395,0.21326482,0.35364333,-0.40952438,0.5768098,0.7068099,,-0.00973151,0.5028294,-0.33005983,0.01918196,-0.44708169,-0.89428747,0.6675953,-0.66011536,0.34433144,-0.7442772,-0.6036271,0.28580734,,1.272150340905255,0.36105320733574425,0.19649941594000003,2.2883463532466144,-0.47645147468209087,-0.4962298830131487,-0.4211010024941719,,-1.2896037172010024,0.1479675618701416,0.14673613913000003,4.538109756892076,-1.1805393579734056,-0.16484264096324003,0.8761775707442737,,0.0238237442897226,0.039426987802551904,0.09203306007999999,-0.11742376536589094,,1.50203705e-05,5.1259995e-06,-5.364418e-06,1.0,-1.7922372e-05,-1.9304454e-05,1.7914921e-05,1.0,-1.8775463e-06,1.9311905e-05,1.758337e-06,1.0,301,0.925,0,1,0.075,False,-0.2635718541719685,1.0507702725789931
0.9471762320026755,14:57:42.119970,14:56:26.887637,0,,0.11728139,0.0050498843,0.038315028,-0.05732038,0.80882996,-0.5852422,0.31954455,0.57023156,0.75678736,0.94583607,-0.14363167,-0.2911432,,0.05565027,-0.029742751,0.082188725,-0.105216786,0.5739542,0.81209975,-0.30789688,-0.7953067,0.52219415,0.9455839,-0.19509932,0.26039827,,0.05736989,1.3212037,0.43254545,0.99673545,0.07899981,-0.0166574,0.041430485,-0.6775562,-0.7343031,-0.06929614,0.73121583,-0.67861736,,-0.0726032,0.3033996,-0.054183602,-0.01905403,-0.7962022,0.60473055,0.90841764,0.23885854,0.34310934,-0.41762945,0.5558855,0.7187329,,-0.009721687,0.50282794,-0.33005878,0.018981524,-0.44725358,-0.89420575,0.66762674,-0.66008633,0.3443263,-0.7442542,-0.60353154,0.286069,,1.2743744879730317,0.3593310379047922,0.19670941492000002,2.246618054493194,-0.47822774917904154,-0.46439695893280614,-0.421754378758709,,-1.2895342126051343,0.14797528460301582,0.14673225026,4.538109756892076,-1.18040272147364,-0.16503573760707707,0.8760142266781394,,0.0238237442897226,0.039426987802551904,0.09203306007999999,-0.11742376536589094,,1.50203705e-05,5.1259995e-06,-5.364418e-06,1.0,-1.7922372e-05,-1.9304454e-05,1.7914921e-05,1.0,-1.8775463e-06,1.9311905e-05,1.758337e-06,1.0,309,0.95,0,1,0.075,False,-0.26309523242380006,1.0503840309727575
0.977180006011622,14:57:42.140711,14:56:27.034113,0,,0.11681989,0.0051072985,0.03820759,-0.079181835,0.8149946,-0.57403314,0.31549972,0.56672835,0.7611037,0.9456163,-0.12084173,-0.3020053,,0.055641025,-0.029746715,0.08218849,-0.105396226,0.5736978,0.8122576,-0.30798224,-0.7954776,0.52188325,0.94553614,-0.19515634,0.26052904,,0.05736989,1.3212037,0.43254545,0.99673545,0.07899981,-0.0166574,0.041430485,-0.6775562,-0.7343031,-0.06929614,0.73121583,-0.67861736,,-0.07213474,0.30338863,-0.054092754,0.0027652243,-0.8041555,0.5944125,0.90678763,0.25260994,0.33752686,-0.4215786,0.5380726,0.72989684,,-0.009712089,0.50282735,-0.33006176,0.019174352,-0.44697377,-0.8943415,0.6675739,-0.6601767,0.34425545,-0.74429655,-0.60363996,0.28572956,,1.2756796298287756,0.35803361878192247,0.19688052520000002,2.220197121614144,-0.4780911126792762,-0.4378811075506792,-0.41881418556829186,,-1.2894647080092665,0.1479675618701416,0.14672836139,4.538109756892076,-1.1806759944731708,-0.16473122305954363,0.8761775707442737,,0.0238237442897226,0.039426987802551904,0.09203306007999999,-0.11742376536589094,,1.50203705e-05,5.1259995e-06,-5.364418e-06,1.0,-1.7922372e-05,-1.9304454e-05,1.7914921e-05,1.0,-1.8775463e-06,1.9311905e-05,1.758337e-06,1.0,330,1.014,0,1,0.075,False,-0.26351227645344677,1.0503840309727575
