Task Time,PC1 Time,PC2 Time,Gaze Calib,s_T_psm1,Tx,Ty,Tz,R00,R01,R02,R10,R11,R12,R20,R21,R22,s_T_psm3,Tx,Ty,Tz,R00,R01,R02,R10,R11,R12,R20,R21,R22,cart_T_ecm,Tx,Ty,Tz,R00,R01,R02,R10,R11,R12,R20,R21,R22,ecm_T_psm1,Tx,Ty,Tz,R00,R01,R02,R10,R11,R12,R20,R21,R22,ecm_T_psm3,Tx,Ty,Tz,R00,R01,R02,R10,R11,R12,R20,R21,R22,psm1_joints,q1,q2,q3,q4,q5,q6,jaw,psm3_joints,q1,q2,q3,q4,q5,q6,jaw,ecm_joints,q1,q2,q3,q4,ecmi_T_ecm,Tx,Ty,Tz,R00,R01,R02,R10,R11,R12,R20,R21,R22,Sample #,Task Duration (s),Collisions (binary),Collisions (increments),Cumulative Collision Time (s),Clutch Press,MTMR Angle,MTML Angle
""
lci_T_si,,,,,-0.066164754,0.026516598,0.23978148,0.99478984,-0.005419439,0.101802684,0.07109325,-0.6788334,-0.7308426,0.07306782,0.7342723,-0.6749113
rci_T_si,,,,,-0.07567082,0.03074627,0.2479851,0.9944939,-0.021734206,0.10251589,0.062365826,-0.66341096,-0.74565166,0.08421631,0.7479395,-0.6584027
ecm_T_lc,,,,,-4.4061628e-05,-0.00034663224,-0.01840835,-0.99912,0.030754527,0.028518902,-0.031987965,-0.99852574,-0.043852776,0.027128186,-0.04472645,0.9986309
ecm_T_rc,,,,,-0.0043358393,0.01870579,-0.007592615,-0.99555075,-0.052743673,-0.078081585,0.04863213,-0.9973746,0.053654674,-0.08070653,0.04961868,0.9955021
cart_T_ecmi,,,,,0.057354428,1.3212025,0.4325391,0.9967344,0.0790177,-0.016638013,0.041456804,-0.67755413,-0.73430353,-0.06929614,0.73121583,-0.67861736
ecmac_T_ecmrep_psm1,,,,,-0.0033900698,-0.29259828,-0.274185,0.99793226,0.043159027,0.047628522,-0.040498573,0.99763834,-0.055476554,-0.049910355,0.053432956,0.99732333
ecmac_T_ecmrep_psm3,,,,,-0.030876445,-0.5082754,-0.4984752,0.99144465,-0.07732987,0.105155215,0.05830459,0.98314613,0.17327517,-0.116782285,-0.16566171,0.97924364
""
0,15:01:16.799979,15:00:01.656172,0,,0.12411225,0.00019977987,0.026907802,0.40592963,0.6644291,-0.62749904,0.18305713,0.6135854,0.7681165,0.8953834,-0.42666948,0.12744403,,0.04501699,-0.03145994,0.08312923,0.15592244,0.9708006,0.18230271,-0.21320036,-0.14713348,0.965866,0.96448636,-0.18946722,0.18403354,,0.05733264,1.3212017,0.43254733,0.9967338,0.0790269,-0.016628044,0.041470334,-0.67755306,-0.7343038,-0.06929614,0.73121583,-0.67861736,,-0.078460045,0.2913919,-0.04954893,-0.4764775,-0.6298272,0.6134223,0.75053155,0.07199783,0.6569008,-0.45789906,0.77339125,0.43839985,,0.00086521084,0.50457317,-0.33163315,-0.25170988,-0.914702,-0.31616825,0.6867007,-0.39900318,0.6076501,-0.6819709,-0.06416143,0.72855955,,1.2113106513221144,0.3292278251610651,0.20192568588,2.8576545498070978,-0.6542155608769288,-0.9691748594674576,-0.41897752963442647,,-1.2298529329531274,0.16399223258415746,0.13875617789000003,4.537690377005107,-0.9576852268559721,-0.9278728354724849,0.8753608504136023,,0.0238237442897226,0.039426987802551904,0.09203306007999999,-0.11742376536589094,,-2.232194e-05,4.887581e-06,-4.529953e-06,1.0,9.208918e-06,9.931624e-06,-9.2200935e-06,1.0,8.940697e-07,-9.920448e-06,-1.013279e-06,1.0,38,0.114,0,0,0.0,False,-0.26386974276457353,1.0496598279610654
0.12033477600198239,15:01:16.836156,15:00:01.729376,0,,0.12351309,0.00046044588,0.027254254,0.40095904,0.6678491,-0.62706405,0.17744094,0.6149157,0.7683705,0.8987473,-0.419352,0.12805223,,0.04501748,-0.03145368,0.083124876,0.15593594,0.97080106,0.18228912,-0.21322235,-0.14711305,0.9658643,0.9644793,-0.1894811,0.18405613,,0.05733264,1.3212017,0.43254733,0.9967338,0.0790269,-0.016628044,0.041470334,-0.67755306,-0.7343038,-0.06929614,0.73121583,-0.67861736,,-0.07789107,0.29185775,-0.049628012,-0.47177693,-0.63382304,0.61293954,0.7494137,0.07801165,0.65749013,-0.46454883,0.76953393,0.4381916,,0.00086455006,0.5045725,-0.33162552,-0.2517197,-0.914703,-0.31615755,0.68668145,-0.39900485,0.6076707,-0.6819867,-0.06413679,0.728547,,1.2149248903072514,0.3285559474010075,0.20192179701000001,2.848847572180748,-0.6609107493654354,-0.9615100562025379,-0.4184874974360233,,-1.229845210220253,0.16402312351565437,0.13876265934,4.537690377005107,-0.9576852268559721,-0.9278728354724849,0.8753608504136023,,0.0238237442897226,0.039426987802551904,0.09203306007999999,-0.11742376536589094,,-2.232194e-05,4.887581e-06,-4.529953e-06,1.0,9.208918e-06,9.931624e-06,-9.2200935e-06,1.0,8.940697e-07,-9.920448e-06,-1.013279e-06,1.0,46,0.138,1,1,0.018,False,-0.2644655199497832,1.0499012289649627
0.15646837999520358,15:01:16.859058,15:00:01.729376,0,,0.123115376,0.0006265342,0.027475536,0.39793092,0.66909724,-0.62766224,0.1753754,0.61606693,0.7679225,0.90049684,-0.4156567,0.12780887,,0.045018516,-0.0314521,0.0831247,0.15593007,0.9708025,0.182286,-0.21323025,-0.14710952,0.9658631,0.9644785,-0.189476,0.18406555,,0.05733264,1.3212017,0.43254733,0.9967338,0.0790269,-0.016628044,0.041470334,-0.67755306,-0.7343038,-0.06929614,0.73121583,-0.67861736,,-0.07751268,0.29215586,-0.049679603,-0.46889275,-0.6353646,0.6135563,0.7494457,0.08140618,0.65704197,-0.4674085,0.7679094,0.4380005,,0.0008633712,0.504573,-0.33162415,-0.2517129,-0.9147056,-0.31615552,0.6866778,-0.398999,0.60767865,-0.6819928,-0.06413643,0.72854125,,1.217349828429758,0.32812347436005096,0.20191401927000002,2.8427665638196964,-0.6636434793607443,-0.9569946934046738,-0.41816080930375477,,-1.2298529329531274,0.1640308462485286,0.13876395563000002,4.537690377005107,-0.9576852268559721,-0.9278728354724849,0.8753608504136023,,0.0238237442897226,0.039426987802551904,0.09203306007999999,-0.11742376536589094,,-2.232194e-05,4.887581e-06,-4.529953e-06,1.0,9.208918e-06,9.931624e-06,-9.2200935e-06,1.0,8.940697e-07,-9.920448e-06,-1.013279e-06,1.0,54,0.163,1,1,0.043,False,-0.2639888982016152,1.0497563883626244
0.17941143199277576,15:01:16.886921,15:00:01.729376,0,,0.12251535,0.0008902848,0.027879804,0.38703963,0.6771891,-0.62579167,0.16642138,0.61623615,0.7697772,0.90692025,-0.4020794,0.1258091,,0.04502134,-0.031449776,0.08312094,0.1559226,0.97080374,0.1822862,-0.2132321,-0.14711079,0.9658625,0.9644792,-0.1894691,0.18406859,,0.05733264,1.3212017,0.43254733,0.9967338,0.0790269,-0.016628044,0.041470334,-0.67755306,-0.7343038,-0.06929614,0.73121583,-0.67861736,,-0.07694746,0.29266578,-0.049796045,-0.45852596,-0.6445136,0.6118465,0.74860924,0.09088288,0.656753,-0.4788926,0.75917226,0.44081667,,0.0008607938,0.5045705,-0.33162034,-0.25170544,-0.9147075,-0.31615603,0.6866788,-0.39899397,0.60768086,-0.68199456,-0.06414107,0.72853917,,1.2209331764833982,0.32745931933286765,0.20190235266,2.826620438171388,-0.6753942183405721,-0.9417769206170827,-0.4186508415021575,,-1.2298606556860017,0.1640308462485286,0.13876914079000002,4.537690377005107,-0.9576852268559721,-0.9278728354724849,0.8753608504136023,,0.0238237442897226,0.039426987802551904,0.09203306007999999,-0.11742376536589094,,-2.232194e-05,4.887581e-06,-4.529953e-06,1.0,9.208918e-06,9.931624e-06,-9.2200935e-06,1.0,8.940697e-07,-9.920448e-06,-1.013279e-06,1.0,62,0.187,1,1,0.067,False,-0.26351227645344677,1.0499012289649627
0.20719495799858123,15:01:16.910704,15:00:01.729376,0,,0.12195945,0.0011640787,0.0283359,0.3736588,0.68636996,-0.6239193,0.15206316,0.6182128,0.7711613,0.915017,-0.3830264,0.12662905,,0.0450195,-0.031445276,0.08311927,0.15594357,0.97080296,0.18227237,-0.21325219,-0.1470891,0.9658613,0.9644714,-0.18948989,0.18408823,,0.05733264,1.3212017,0.43254733,0.9967338,0.0790269,-0.016628044,0.041470334,-0.67755306,-0.7343038,-0.06929614,0.73121583,-0.67861736,,-0.07643037,0.29321748,-0.049938284,-0.44579744,-0.65518916,0.6099113,0.74542654,0.10550464,0.6581854,-0.4955844,0.7480615,0.4413617,,0.00086229004,0.5045716,-0.33161554,-0.25172272,-0.9147066,-0.3161448,0.68665856,-0.39900067,0.60769933,-0.68200856,-0.0641118,0.7285286,,1.2243620698795539,0.3269264507645462,0.20189068605000002,2.808377413088235,-0.6928836903105485,-0.9266169628023945,-0.4188141855682921,,-1.229845210220253,0.16406173718002548,0.13877173337,4.537690377005107,-0.9576852268559721,-0.9278728354724849,0.8753608504136023,,0.0238237442897226,0.039426987802551904,0.09203306007999999,-0.11742376536589094,,-2.232194e-05,4.887581e-06,-4.529953e-06,1.0,9.208918e-06,9.931624e-06,-9.2200935e-06,1.0,8.940697e-07,-9.920448e-06,-1.013279e-06,1.0,70,0.212,1,1,0.092,False,-0.2626781883941529,1.049804668563404
0.2310368749895133,15:01:16.940156,15:00:01.829070,0,,0.12147166,0.0013922155,0.028729737,0.3595003,0.6946063,-0.62312245,0.14135432,0.6195233,0.7721462,0.92237675,-0.36566794,0.124533206,,0.045018926,-0.031443518,0.08311993,0.15594661,0.97080374,0.18226567,-0.21326423,-0.1470795,0.9658601,0.96446824,-0.18949342,0.18410102,,0.05733264,1.3212017,0.43254733,0.9967338,0.0790269,-0.016628044,0.041470334,-0.67755306,-0.7343038,-0.06929614,0.73121583,-0.67861736,,-0.0759761,0.29368868,-0.05006756,-0.43224403,-0.6647864,0.60928166,0.74425995,0.11849722,0.6572941,-0.5091584,0.7375754,0.44355413,,0.00086256367,0.50457317,-0.33161435,-0.25172392,-0.914708,-0.3161397,0.6866494,-0.398999,0.6077108,-0.6820173,-0.0641018,0.7285213,,1.2272117583101425,0.32651714592221226,0.20187253799000002,2.788456868457205,-0.706683976786858,-0.9103813513804816,-0.4183241533698894,,-1.229845210220253,0.16407718264577392,0.13877173337,4.537690377005107,-0.9576852268559721,-0.9278728354724849,0.8753608504136023,,0.0238237442897226,0.039426987802551904,0.09203306007999999,-0.11742376536589094,,-2.232194e-05,4.887581e-06,-4.529953e-06,1.0,9.208918e-06,9.931624e-06,-9.2200935e-06,1.0,8.940697e-07,-9.920448e-06,-1.013279e-06,1.0,91,0.278,0,1,0.151,False,-0.2629164992682367,1.0493218665556094
0.26048493100097403,15:01:16.995173,15:00:01.829070,0,,0.12078574,0.0016455203,0.029165804,0.3551697,0.6974719,-0.62240463,0.13370687,0.6210653,0.7722696,0.9251903,-0.35750663,0.12732682,,0.045017682,-0.031437647,0.08312106,0.15595576,0.9707911,0.18232489,-0.21330002,-0.14712964,0.96584463,0.96445894,-0.18951897,0.184124,,0.05733264,1.3212017,0.43254733,0.9967338,0.0790269,-0.016628044,0.041470334,-0.67755306,-0.7343038,-0.06929614,0.73121583,-0.67861736,,-0.07532777,0.29421958,-0.050217867,-0.4281325,-0.6682973,0.6083431,0.7413112,0.12530124,0.6593613,-0.5168755,0.7332656,0.4417707,,0.000862964,0.5045772,-0.33160982,-0.25172752,-0.9146865,-0.31619912,0.68662196,-0.39904362,0.6077125,-0.6820436,-0.06413131,0.7284941,,1.2314438159252177,0.3256676453060476,0.20182976042000003,2.7794402008873704,-0.714745530273019,-0.9027458714405656,-0.4188141855682921,,-1.229845210220253,0.16412351904301928,0.13877302966000002,4.537690377005107,-0.9576852268559721,-0.9277911567323446,0.8751975063474684,,0.0238237442897226,0.039426987802551904,0.09203306007999999,-0.11742376536589094,,-2.232194e-05,4.887581e-06,-4.529953e-06,1.0,9.208918e-06,9.931624e-06,-9.2200935e-06,1.0,8.940697e-07,-9.920448e-06,-1.013279e-06,1.0,99,0.302,0,1,0.151,False,-0.26285692154971585,1.0502874705711984
0.3155080389988143,15:01:17.025813,15:00:01.930891,0,,0.12032749,0.0018308163,0.029505312,0.35526177,0.69955504,-0.62000954,0.1279651,0.6206367,0.7735858,0.9259667,-0.35416502,0.13096988,,0.045017093,-0.03143589,0.08312178,0.1559588,0.9708217,0.18215966,-0.213312,-0.14696229,0.9658674,0.96445584,-0.18949243,0.18416777,,0.05733264,1.3212017,0.43254733,0.9967338,0.0790269,-0.016628044,0.041470334,-0.67755306,-0.7343038,-0.06929614,0.73121583,-0.67861736,,-0.0748985,0.29462022,-0.05033958,-0.42827183,-0.6706392,0.60566187,0.7379288,0.12730542,0.6627627,-0.52157867,0.7307779,0.44036266,,0.00086323766,0.5045788,-0.33160865,-0.2517287,-0.91473955,-0.31604463,0.68661284,-0.39894268,0.6077891,-0.68205243,-0.064002305,0.7284972,,1.2345715227392786,0.3252197267993426,0.20177661253,2.7773433014525253,-0.7198010807643402,-0.8986234090037979,-0.41848749743602376,,-1.229845210220253,0.16413896450876772,0.13877302966000002,4.537690377005107,-0.9576852268559721,-0.9279545142126254,0.8751975063474682,,0.0238237442897226,0.039426987802551904,0.09203306007999999,-0.11742376536589094,,-2.232194e-05,4.887581e-06,-4.529953e-06,1.0,9.208918e-06,9.931624e-06,-9.2200935e-06,1.0,8.940697e-07,-9.920448e-06,-1.013279e-06,1.0,116,0.355,0,1,0.151,False,-0.2632143878608417,1.0499495091657423
0.34612652799114585,15:01:17.076353,15:00:01.930891,0,,0.11935334,0.0022990406,0.030276686,0.36008474,0.69766605,-0.6193554,0.12027797,0.62363106,0.7724102,0.92513376,-0.3526279,0.14064619,,0.045018226,-0.031436693,0.083121896,0.15594983,0.97082245,0.18216318,-0.21330798,-0.14696833,0.9658674,0.96445817,-0.18948376,0.18416438,,0.05733264,1.3212017,0.43254733,0.9967338,0.0790269,-0.016628044,0.041470334,-0.67755306,-0.7343038,-0.06929614,0.73121583,-0.67861736,,-0.07399014,0.29555893,-0.050578207,-0.43299383,-0.66888624,0.6042413,0.7317625,0.13058719,0.66893244,-0.52634585,0.7318047,0.43292242,,0.00086220575,0.50457835,-0.33160946,-0.25172067,-0.9147407,-0.31604767,0.6866184,-0.39893848,0.6077856,-0.6820498,-0.06401195,0.7284988,,1.2417922779766786,0.3247486400940149,0.20164698353000002,2.777762681339494,-0.7243100852565998,-0.8991939126691254,-0.41914087370056063,,-1.2298529329531274,0.1641312417758935,0.13877302966000002,4.537690377005107,-0.9576852268559721,-0.9279545142126254,0.8751975063474682,,0.0238237442897226,0.039426987802551904,0.09203306007999999,-0.11742376536589094,,-2.232194e-05,4.887581e-06,-4.529953e-06,1.0,9.208918e-06,9.931624e-06,-9.2200935e-06,1.0,8.940697e-07,-9.920448e-06,-1.013279e-06,1.0,124,0.38,0,1,0.151,False,-0.2649421416979525,1.0505288715750958
0.3967074230022263,15:01:17.101007,15:00:01.930891,0,,0.11869221,0.0026746094,0.030844122,0.36414218,0.69533837,-0.6196007,0.11631405,0.62611467,0.77100676,0.92405176,-0.35282445,0.14711717,,0.04501573,-0.03143693,0.083120346,0.15597215,0.9708338,0.18208325,-0.21330222,-0.14688568,0.9658813,0.96445584,-0.18948938,0.18417081,,0.05733264,1.3212017,0.43254733,0.9967338,0.0790269,-0.016628044,0.041470334,-0.67755306,-0.7343038,-0.06929614,0.73121583,-0.67861736,,-0.07337728,0.29626748,-0.050728124,-0.43694222,-0.6665565,0.60397345,0.7280161,0.13228782,0.67267567,-0.52827466,0.7336228,0.42746168,,0.00086489104,0.50457734,-0.3316088,-0.25174302,-0.9147609,-0.3159714,0.68661547,-0.39890394,0.60781157,-0.6820445,-0.06393853,0.72851026,,1.2470128453996543,0.3247486400940149,0.2015601321,2.778601441113432,-0.7255398137544887,-0.9007231924802148,-0.4175074330392179,,-1.2298297647545047,0.1641312417758935,0.13877302966000002,4.537690377005107,-0.9576852268559721,-0.928036192952766,0.8753608504136026,,0.0238237442897226,0.039426987802551904,0.09203306007999999,-0.11742376536589094,,-2.232194e-05,4.887581e-06,-4.529953e-06,1.0,9.208918e-06,9.931624e-06,-9.2200935e-06,1.0,8.940697e-07,-9.920448e-06,-1.013279e-06,1.0,141,0.433,0,1,0.151,False,-0.26381016504605226,1.0492253061540504
0.4213657669897657,15:01:17.150373,15:00:02.026663,0,,0.11781895,0.0032436997,0.031622767,0.37043124,0.69267005,-0.6188612,0.10983285,0.6289209,0.7696721,0.92234355,-0.35308194,0.15689388,,0.045154616,-0.031387903,0.08313793,0.15599927,0.97086203,0.18191062,-0.21323803,-0.14672132,0.96592045,0.96446556,-0.18947314,0.18413618,,0.057369377,1.3212038,0.43253306,0.9967349,0.07900901,-0.016647426,0.041444026,-0.67755514,-0.73430336,-0.06929614,0.73121583,-0.67861736,,-0.072603635,0.29728493,-0.05089954,-0.4430561,-0.6638665,0.60248035,0.7219621,0.13419919,0.678794,-0.53148097,0.7357118,0.41982868,,0.00068506674,0.50460166,-0.33158895,-0.25177932,-0.9148182,-0.31577653,0.6866545,-0.39879656,0.60783786,-0.68199176,-0.06378836,0.7285728,,1.2539478595207079,0.32502665847748696,0.20143179939000003,2.781327410378731,-0.7278626342505012,-0.9033214188251066,-0.4184874974360233,,-1.2298143192887563,0.16411579631014506,0.13877302966000002,4.537690377005107,-0.9576852268559721,-0.9281178716929067,0.875524194479737,,0.0238237442897226,0.039426987802551904,0.09203306007999999,-0.11742376536589094,,1.5370548e-05,-4.172325e-06,2.861023e-06,1.0000001,-8.706003e-06,-9.37283e-06,8.694828e-06,1.0,-9.23872e-07,9.380281e-06,8.34465e-07,1.0,149,0.458,0,1,0.151,False,-0.2636314318904893,1.049804668563404
0.4707302349997917,15:01:17.181522,15:00:02.026663,0,,0.117257856,0.0035798103,0.03212431,0.3741314,0.6891801,-0.6205294,0.107985735,0.6321971,0.76724565,0.92106736,-0.35405904,0.16210303,,0.04514453,-0.031392254,0.08313483,0.15607807,0.9708485,0.18191497,-0.21320507,-0.14671716,0.9659283,0.96446013,-0.1895454,0.18409044,,0.057369377,1.3212038,0.43253306,0.9967349,0.07900901,-0.016647426,0.041444026,-0.67755514,-0.73430336,-0.06929614,0.73121583,-0.67861736,,-0.07208515,0.29791266,-0.051027827,-0.44663817,-0.66031784,0.60373396,0.7195485,0.13594697,0.68100536,-0.5317558,0.73857886,0.41441163,,0.0006959004,0.50459856,-0.33159077,-0.25186008,-0.9147962,-0.3157759,0.68665296,-0.3988536,0.6078022,-0.6819635,-0.06374733,0.72860277,,1.2585119946493746,0.325165667669223,0.20135402199000002,2.7819564802091845,-0.727179451751674,-0.9062471918076651,-0.4186508415021577,,-1.2297293692271398,0.16410035084439661,0.13876914079000002,4.537690377005107,-0.9576852268559721,-0.9281178716929067,0.875524194479737,,0.0238237442897226,0.039426987802551904,0.09203306007999999,-0.11742376536589094,,1.5370548e-05,-4.172325e-06,2.861023e-06,1.0000001,-8.706003e-06,-9.37283e-06,8.694828e-06,1.0,-9.23872e-07,9.380281e-06,8.34465e-07,1.0,166,0.511,0,1,0.151,False,-0.2630356547052788,1.0499977893665218
0.5018809869943652,15:01:17.228160,15:00:02.102531,0,,0.11650677,0.003986791,0.0327276,0.36936173,0.6850599,-0.6279054,0.10562512,0.6403579,0.76077926,0.92326355,-0.34732538,0.1641641,,0.045085967,-0.031399705,0.08310503,0.15663952,0.9707429,0.18199602,-0.21319142,-0.14669387,0.9659349,0.96437216,-0.19010353,0.18397593,,0.057369377,1.3212038,0.43253306,0.9967349,0.07900901,-0.016647426,0.041444026,-0.67755514,-0.73430336,-0.06929614,0.73121583,-0.67861736,,-0.07138556,0.2986741,-0.05118423,-0.442053,-0.6567677,0.6109381,0.7198057,0.14667442,0.67850304,-0.53522784,0.739691,0.4079073,,0.0007582673,0.5045794,-0.33157983,-0.2524034,-0.9146237,-0.31584185,0.6864898,-0.39929834,0.60769445,-0.68192685,-0.06343807,0.7286641,,1.2638792939969605,0.32512705400485187,0.20129050378000002,2.769794463487082,-0.7288190897488593,-0.9056452856245731,-0.418160809303755,,-1.2292042233916924,0.16411579631014506,0.13876395563000002,4.537900066948591,-0.9576852268559721,-0.9281995504330472,0.8756875385458713,,0.0238237442897226,0.039426987802551904,0.09203306007999999,-0.11742376536589094,,1.5370548e-05,-4.172325e-06,2.861023e-06,1.0000001,-8.706003e-06,-9.37283e-06,8.694828e-06,1.0,-9.23872e-07,9.380281e-06,8.34465e-07,1.0,174,0.536,0,1,0.151,False,-0.2637505873275314,1.049708108161845
0.5484829909983091,15:01:17.251836,15:00:02.102531,0,,0.11630524,0.0040539354,0.032832623,0.36904028,0.6843905,-0.6288236,0.1036627,0.64204973,0.75962234,0.9236143,-0.34551686,0.16599631,,0.045053683,-0.031404473,0.08308786,0.15697627,0.9706566,0.18216608,-0.21322894,-0.14679185,0.96591175,0.9643091,-0.19046825,0.18392909,,0.057369377,1.3212038,0.43253306,0.9967349,0.07900901,-0.016647426,0.041444026,-0.67755514,-0.73430336,-0.06929614,0.73121583,-0.67861736,,-0.07119321,0.29880837,-0.05121788,-0.44175568,-0.65624887,0.61171013,0.71873283,0.14918639,0.6790924,-0.53691244,0.7396491,0.4057637,,0.00079280534,0.5045679,-0.33157396,-0.25272262,-0.9144806,-0.3160007,0.6863605,-0.39964256,0.6076143,-0.6819388,-0.06333252,0.7286621,,1.2654856224347992,0.32455557177215927,0.20129957781000002,2.7685363238261753,-0.7310052737451064,-0.9075381424717557,-0.41832415336988893,,-1.228910759542472,0.16412351904301928,0.13876136305,4.538109756892076,-0.9576852268559721,-0.9281995504330472,0.8756875385458713,,0.0238237442897226,0.039426987802551904,0.09203306007999999,-0.11742376536589094,,1.5370548e-05,-4.172325e-06,2.861023e-06,1.0000001,-8.706003e-06,-9.37283e-06,8.694828e-06,1.0,-9.23872e-07,9.380281e-06,8.34465e-07,1.0,191,0.589,1,2,0.163,False,-0.26339312101640555,1.0503840309727575
0.5721943249955075,15:01:17.311043,15:00:02.185272,0,,0.11573689,0.0038846284,0.032700956,0.36133897,0.6788868,-0.6391768,0.10598782,0.6511454,0.75151587,0.92639136,-0.33929706,0.16333032,,0.04500801,-0.03140927,0.08306128,0.15726422,0.97061926,0.18211672,-0.21318713,-0.1466963,0.96593547,0.9642714,-0.19073197,0.18385336,,0.057369377,1.3212038,0.43253306,0.9967349,0.07900901,-0.016647426,0.041444026,-0.67755514,-0.73430336,-0.06929614,0.73121583,-0.67861736,,-0.07061575,0.29863068,-0.05128106,-0.43430606,-0.65128106,0.62226295,0.7228012,0.16026528,0.6722153,-0.5375283,0.7417196,0.4011426,,0.0008417412,0.5045507,-0.3315629,-0.2530063,-0.9144214,-0.31594518,0.6863005,-0.3998126,0.6075701,-0.681894,-0.06311426,0.728723,,1.2660879955989888,0.3220225153894136,0.20135661457,2.7546967875561967,-0.7322350022429953,-0.9072704899997529,-0.4184874974360233,,-1.2284860092343897,0.16412351904301928,0.13876136305,4.538109756892076,-0.9578218633557376,-0.9282514900096318,0.8753608504136026,,0.0238237442897226,0.039426987802551904,0.09203306007999999,-0.11742376536589094,,1.5370548e-05,-4.172325e-06,2.861023e-06,1.0000001,-8.706003e-06,-9.37283e-06,8.694828e-06,1.0,-9.23872e-07,9.380281e-06,8.34465e-07,1.0,199,0.613,1,2,0.187,False,-0.2639888982016152,1.049708108161845
0.6313901550020091,15:01:17.338405,15:00:02.185272,0,,0.115350276,0.0036621392,0.032442987,0.3564268,0.67721826,-0.64368904,0.10907385,0.6540657,0.7485324,0.9279349,-0.33700672,0.15925968,,0.04499779,-0.031411715,0.08305597,0.15735193,0.9706049,0.18211745,-0.21315831,-0.14668609,0.96594346,0.96426344,-0.19081286,0.18381104,,0.057369377,1.3212038,0.43253306,0.9967349,0.07900901,-0.016647426,0.041444026,-0.67755514,-0.73430336,-0.06929614,0.73121583,-0.67861736,,-0.07020925,0.29831403,-0.051286887,-0.42954022,-0.64980763,0.62709266,0.7263309,0.1640292,0.66748625,-0.53659916,0.74218893,0.40151823,,0.00085276994,0.5045467,-0.3315619,-0.25309506,-0.91439813,-0.31594142,0.6862933,-0.39987382,0.607538,-0.6818683,-0.06306363,0.7287514,,1.2660416592017434,0.31954351813678755,0.20144216971,2.7465188797603,-0.7325082752425263,-0.9045972919881432,-0.41848749743602354,,-1.228393336439899,0.16411579631014506,0.13876006676000002,4.538109756892076,-0.9578218633557376,-0.9282514900096318,0.8753608504136026,,0.0238237442897226,0.039426987802551904,0.09203306007999999,-0.11742376536589094,,1.5370548e-05,-4.172325e-06,2.861023e-06,1.0000001,-8.706003e-06,-9.37283e-06,8.694828e-06,1.0,-9.23872e-07,9.380281e-06,8.34465e-07,1.0,212,0.654,0,2,0.219,False,-0.2636910096090097,1.050046069567301
0.6587092779955128,15:01:17.374024,15:00:02.283546,0,,0.11464594,0.0033608973,0.03194073,0.34604466,0.67593783,-0.6506623,0.11301836,0.65842664,0.74411094,0.9313861,-0.3310325,0.15145153,,0.045002878,-0.03140644,0.0830614,0.15718639,0.9705969,0.1823026,-0.2132645,-0.14688072,0.96589035,0.9642669,-0.19070347,0.1839062,,0.057369377,1.3212038,0.43253306,0.9967349,0.07900901,-0.016647426,0.041444026,-0.67755514,-0.73430336,-0.06929614,0.73121583,-0.67861736,,-0.069466375,0.29778522,-0.05119969,-0.41947606,-0.64901835,0.6346771,0.7321593,0.1714292,0.65920764,-0.53664005,0.7412066,0.4032744,,0.0008464512,0.5045531,-0.3315603,-0.25292003,-0.91438144,-0.31612968,0.6862713,-0.39987668,0.607561,-0.6819554,-0.06328638,0.72865057,,1.2660493819346177,0.3151878967957249,0.20170661287000002,2.7295339943380537,-0.7345578227390079,-0.8969634754024359,-0.4186508415021577,,-1.2284473955700186,0.1641544099745162,0.13876136305,4.538109756892076,-0.957958499855503,-0.928058393365795,0.8755241944797367,,0.0238237442897226,0.039426987802551904,0.09203306007999999,-0.11742376536589094,,1.5370548e-05,-4.172325e-06,2.861023e-06,1.0000001,-8.706003e-06,-9.37283e-06,8.694828e-06,1.0,-9.23872e-07,9.380281e-06,8.34465e-07,1.0,220,0.679,0,2,0.219,False,-0.26297607698675796,1.0501909101696396
0.694347992000985,15:01:17.399194,15:00:02.283546,0,,0.11428832,0.0032373518,0.031670243,0.34210333,0.6751019,-0.65360767,0.11564124,0.66004163,0.742275,0.93251944,-0.32951882,0.1477327,,0.04500676,-0.03140516,0.08306432,0.15715075,0.97060317,0.18230033,-0.21328002,-0.14688218,0.9658868,0.9642693,-0.1906708,0.1839275,,0.057369377,1.3212038,0.43253306,0.9967349,0.07900901,-0.016647426,0.041444026,-0.67755514,-0.73430336,-0.06929614,0.73121583,-0.67861736,,-0.069088034,0.2975257,-0.051123448,-0.4156441,-0.6483097,0.6379142,0.7350159,0.17368461,0.6554275,-0.5357159,0.74130166,0.404327,,0.00084211025,0.5045555,-0.33156082,-0.2528834,-0.9143916,-0.31612977,0.6862716,-0.3998507,0.60757774,-0.6819686,-0.06330456,0.7286366,,1.2661497774619825,0.3130564225224389,0.20186735283,2.7226142262030644,-0.7345578227390079,-0.8936146470566728,-0.4188141855682921,,-1.2284860092343897,0.1641621327073904,0.13876136305,4.538109756892076,-0.957958499855503,-0.928058393365795,0.8755241944797367,,0.0238237442897226,0.039426987802551904,0.09203306007999999,-0.11742376536589094,,1.5370548e-05,-4.172325e-06,2.861023e-06,1.0000001,-8.706003e-06,-9.37283e-06,8.694828e-06,1.0,-9.23872e-07,9.380281e-06,8.34465e-07,1.0,233,0.72,0,2,0.219,False,-0.26327396557936344,1.0496115477602863
0.7195514499908313,15:01:17.440174,15:00:02.283546,0,,0.113554925,0.0030539185,0.031115025,0.33392686,0.67413574,-0.65881264,0.12024978,0.6627541,0.73911893,0.93489736,-0.32603377,0.14024663,,0.045008607,-0.031400837,0.083066165,0.15713452,0.9706081,0.18228763,-0.21330974,-0.14686677,0.96588254,0.96426535,-0.19065718,0.18396214,,0.057369377,1.3212038,0.43253306,0.9967349,0.07900901,-0.016647426,0.041444026,-0.67755514,-0.73430336,-0.06929614,0.73121583,-0.67861736,,-0.06831225,0.2970411,-0.05091586,-0.40769464,-0.6476312,0.64370716,0.74039006,0.17813015,0.6481452,-0.53442276,0.74083966,0.406877,,0.00083955174,0.5045589,-0.3315581,-0.25286347,-0.91440004,-0.3161212,0.68625623,-0.39983228,0.6076072,-0.6819915,-0.06329847,0.72861576,,1.2665204686399454,0.3089093149689804,0.20224975838000003,2.708355310046117,-0.7349677322383041,-0.885765949252652,-0.4188141855682921,,-1.2285091774330124,0.1641930236388873,0.13876265934,4.538109756892076,-0.957958499855503,-0.928058393365795,0.8755241944797367,,0.0238237442897226,0.039426987802551904,0.09203306007999999,-0.11742376536589094,,1.5370548e-05,-4.172325e-06,2.861023e-06,1.0000001,-8.706003e-06,-9.37283e-06,8.694828e-06,1.0,-9.23872e-07,9.380281e-06,8.34465e-07,1.0,241,0.745,0,2,0.219,False,-0.2637505873275314,1.050046069567301
0.7605009469989454,15:01:17.463348,15:00:02.283546,0,,0.11320841,0.003003493,0.030826867,0.32933074,0.6738259,-0.661438,0.121293575,0.6645215,0.7373594,0.9363917,-0.32306337,0.13711646,,0.045007475,-0.031400032,0.08306599,0.1571435,0.97060746,0.18228406,-0.21331376,-0.14686069,0.96588254,0.964263,-0.19066581,0.18396553,,0.057369377,1.3212038,0.43253306,0.9967349,0.07900901,-0.016647426,0.041444026,-0.67755514,-0.73430336,-0.06929614,0.73121583,-0.67861736,,-0.067943744,0.29681826,-0.05077376,-0.40323487,-0.6475635,0.6465781,0.742464,0.18151493,0.6448252,-0.53492886,0.7400769,0.40759945,,0.000840584,0.5045594,-0.3315573,-0.2528715,-0.9143989,-0.31611812,0.6862507,-0.39983645,0.6076107,-0.68199414,-0.06328883,0.72861415,,1.2666672005645556,0.3069940772161727,0.20248179429000002,2.7008064720806737,-0.7363340972359587,-0.881956371791049,-0.4193042177666948,,-1.228501454700138,0.16420074637176152,0.13876265934,4.538109756892076,-0.957958499855503,-0.928058393365795,0.8755241944797367,,0.0238237442897226,0.039426987802551904,0.09203306007999999,-0.11742376536589094,,1.5370548e-05,-4.172325e-06,2.861023e-06,1.0000001,-8.706003e-06,-9.37283e-06,8.694828e-06,1.0,-9.23872e-07,9.380281e-06,8.34465e-07,1.0,258,0.798,0,2,0.219,False,-0.2632143878608417,1.0501909101696396
0.7836832089960808,15:01:17.518857,15:00:02.283546,0,,0.11220551,0.0029781163,0.029812306,0.31028068,0.6725221,-0.671893,0.12883061,0.6705086,0.7306304,0.94187516,-0.31326094,0.12140432,,0.045008637,-0.03140358,0.083064556,0.1571374,0.97062075,0.1822181,-0.2132898,-0.14680098,0.96589684,0.9642693,-0.19064376,0.18395552,,0.057369377,1.3212038,0.43253306,0.9967349,0.07900901,-0.016647426,0.041444026,-0.67755514,-0.73430336,-0.06929614,0.73121583,-0.67861736,,-0.06686309,0.29612514,-0.050151218,-0.38470128,-0.64706016,0.658269,0.7527481,0.19280763,0.62944067,-0.53420526,0.73765737,0.41289994,,0.0008400371,0.50455624,-0.33155966,-0.25286913,-0.91442186,-0.31605357,0.686269,-0.39979017,0.6076205,-0.68197656,-0.06324932,0.72863394,,1.2666903687631783,0.30175034159457426,0.20334641972000003,2.670820810162387,-0.7361974607361932,-0.8666305078081794,-0.4188141855682921,,-1.228501454700138,0.16416985544026463,0.13876265934,4.538109756892076,-0.957958499855503,-0.9281400721059355,0.875850882612005,,0.0238237442897226,0.039426987802551904,0.09203306007999999,-0.11742376536589094,,1.5370548e-05,-4.172325e-06,2.861023e-06,1.0000001,-8.706003e-06,-9.37283e-06,8.694828e-06,1.0,-9.23872e-07,9.380281e-06,8.34465e-07,1.0,266,0.822,0,2,0.219,False,-0.26333354329788383,1.050335750771978
0.8392125480022514,15:01:17.545613,15:00:02.441146,0,,0.111688375,0.0029819757,0.029192835,0.30031985,0.6711979,-0.67771804,0.13420323,0.67371494,0.7267032,0.9443504,-0.30919546,0.11225292,,0.04500722,-0.03140185,0.083064795,0.15714788,0.9706649,0.1819734,-0.21329987,-0.14655349,0.9659323,0.96426535,-0.1906091,0.18401203,,0.057369377,1.3212038,0.43253306,0.9967349,0.07900901,-0.016647426,0.041444026,-0.67755514,-0.73430336,-0.06929614,0.73121583,-0.67861736,,-0.06629823,0.29570952,-0.049751982,-0.3749828,-0.64607215,0.6648148,0.7588236,0.19803424,0.62045884,-0.53251725,0.73713857,0.41599536,,0.00084120606,0.5045575,-0.33155826,-0.25287777,-0.9144988,-0.3158239,0.68625885,-0.39964464,0.6077277,-0.6819836,-0.06305614,0.7286442,,1.2664973004413227,0.2989856032256019,0.20386752830000002,2.6553037543445317,-0.7345578227390079,-0.859064539977215,-0.4183241533698894,,-1.228493731967264,0.16418530090601308,0.13876265934,4.538109756892076,-0.957958499855503,-0.928385108326357,0.8755241944797367,,0.0238237442897226,0.039426987802551904,0.09203306007999999,-0.11742376536589094,,1.5370548e-05,-4.172325e-06,2.861023e-06,1.0000001,-8.706003e-06,-9.37283e-06,8.694828e-06,1.0,-9.23872e-07,9.380281e-06,8.34465e-07,1.0,283,0.876,0,2,0.219,False,-0.26327396557936344,1.0499012289649627
0.8659532969904831,15:01:17.592149,15:00:02.441146,0,,0.11095649,0.0029263645,0.028349191,0.28421882,0.6680805,-0.6876688,0.13960698,0.6807655,0.7190745,0.9485409,-0.30037796,0.10021749,,0.045009144,-0.031399883,0.083067,0.15712863,0.9706692,0.18196735,-0.21331754,-0.14654762,0.96592927,0.96426463,-0.1905919,0.18403387,,0.057369377,1.3212038,0.43253306,0.9967349,0.07900901,-0.016647426,0.041444026,-0.67755514,-0.73430336,-0.06929614,0.73121583,-0.67861736,,-0.06550128,0.2951034,-0.04925403,-0.3592805,-0.6436851,0.6757122,0.7665305,0.20945078,0.6070925,-0.5323049,0.7360705,0.41815272,,0.000838793,0.50456005,-0.33155775,-0.25285664,-0.9145059,-0.3158204,0.68625265,-0.39962786,0.6077457,-0.68199766,-0.06306005,0.72863066,,1.266064827400366,0.2948693866036402,0.20457011748,2.6303506510698735,-0.7345578227390079,-0.8495081273807692,-0.41848749743602354,,-1.2285169001658867,0.16420074637176152,0.13876265934,4.538109756892076,-0.957958499855503,-0.928385108326357,0.8755241944797367,,0.0238237442897226,0.039426987802551904,0.09203306007999999,-0.11742376536589094,,1.5370548e-05,-4.172325e-06,2.861023e-06,1.0000001,-8.706003e-06,-9.37283e-06,8.694828e-06,1.0,-9.23872e-07,9.380281e-06,8.34465e-07,1.0,287,0.888,0,2,0.219,False,-0.2637505873275314,1.0499977893665218
0.9124626010016073,15:01:17.615832,15:00:02.441146,0,,0.110324234,0.0028250217,0.027661681,0.2712631,0.6661983,-0.6946916,0.14550367,0.68507546,0.7137928,0.9514438,-0.29470587,0.08890134,,0.045009434,-0.031400718,0.08306664,0.15712708,0.97066885,0.1819707,-0.21331158,-0.14655241,0.96592987,0.96426624,-0.19059016,0.1840274,,0.057369377,1.3212038,0.43253306,0.9967349,0.07900901,-0.016647426,0.041444026,-0.67755514,-0.73430336,-0.06929614,0.73121583,-0.67861736,,-0.064815976,0.29457313,-0.048890874,-0.34661207,-0.64227176,0.68362784,0.77345437,0.21663272,0.59568334,-0.53068674,0.735226,0.4216804,,0.00083865627,0.5045593,-0.33155832,-0.25285602,-0.9145052,-0.31582293,0.68625724,-0.3996287,0.60774,-0.6819933,-0.06306505,0.7286343,,1.2657713635511456,0.2914327704746103,0.20508085574,2.611268866212782,-0.7329181847418226,-0.8402269060068531,-0.41979424996509773,,-1.2285169001658867,0.1641930236388873,0.13876265934,4.538109756892076,-0.957958499855503,-0.928385108326357,0.8755241944797367,,0.0238237442897226,0.039426987802551904,0.09203306007999999,-0.11742376536589094,,1.5370548e-05,-4.172325e-06,2.861023e-06,1.0000001,-8.706003e-06,-9.37283e-06,8.694828e-06,1.0,-9.23872e-07,9.380281e-06,8.34465e-07,1.0,308,0.953,0,2,0.219,False,-0.2626781883941529,1.0496115477602863
0.9361581739940448,15:01:17.671642,15:00:02.441146,0,,0.1091741,0.0026365072,0.026350677,0.24215549,0.663122,-0.70825857,0.15895405,0.69300693,0.70318913,0.9571283,-0.28286168,0.06240937,,0.045007706,-0.031401284,0.08306378,0.15714788,0.9706649,0.1819734,-0.21329987,-0.14655349,0.9659323,0.96426535,-0.1906091,0.18401203,,0.057369377,1.3212038,0.43253306,0.9967349,0.07900901,-0.016647426,0.041444026,-0.67755514,-0.73430336,-0.06929614,0.73121583,-0.67861736,,-0.063564524,0.29356194,-0.048191987,-0.3180836,-0.6401692,0.6992898,0.788542,0.2308456,0.5700104,-0.52633107,0.7327303,0.43137205,,0.0008407872,0.50455683,-0.33155724,-0.25287777,-0.9144988,-0.3158239,0.68625885,-0.39964464,0.6077277,-0.6819836,-0.06305614,0.7286442,,1.2649450311336035,0.2851928023122369,0.20606473985,2.568492117741939,-0.7267695422523778,-0.8182867274268065,-0.4199575940312321,,-1.228493731967264,0.16418530090601308,0.13876395563000002,4.538109756892076,-0.957958499855503,-0.928385108326357,0.8755241944797367,,0.0238237442897226,0.039426987802551904,0.09203306007999999,-0.11742376536589094,,1.5370548e-05,-4.172325e-06,2.861023e-06,1.0000001,-8.706003e-06,-9.37283e-06,8.694828e-06,1.0,-9.23872e-07,9.380281e-06,8.34465e-07,1.0,316,0.978,0,2,0.219,False,-0.26309523242380006,1.050046069567301
0.9919842929957667,15:01:17.701331,15:00:02.441146,0,,0.10853812,0.00253357,0.025442302,0.22589464,0.6623364,-0.7143405,0.17250681,0.6945075,0.6984988,0.9587561,-0.28101578,0.04262796,,0.045006886,-0.031401373,0.083063245,0.15715532,0.9706638,0.18197316,-0.213298,-0.1465522,0.96593285,0.96426463,-0.19061597,0.1840091,,0.057369377,1.3212038,0.43253306,0.9967349,0.07900901,-0.016647426,0.041444026,-0.67755514,-0.73430336,-0.06929614,0.73121583,-0.67861736,,-0.062857896,0.2928707,-0.0476791,-0.30203784,-0.6395369,0.70694107,0.79999185,0.23326047,0.5528134,-0.51844597,0.7325176,0.4411708,,0.0008416827,0.5045565,-0.33155704,-0.25288522,-0.91449696,-0.31582338,0.6862579,-0.39964965,0.6077255,-0.6819818,-0.06305151,0.7286462,,1.2641109759831872,0.28145499960111225,0.20674269952000002,2.544587464184703,-0.7163851682702043,-0.8029042959866904,-0.4194675618328294,,-1.2284860092343897,0.16418530090601308,0.13876395563000002,4.538109756892076,-0.957958499855503,-0.928385108326357,0.8755241944797367,,0.0238237442897226,0.039426987802551904,0.09203306007999999,-0.11742376536589094,,1.5370548e-05,-4.172325e-06,2.861023e-06,1.0000001,-8.706003e-06,-9.37283e-06,8.694828e-06,1.0,-9.23872e-07,9.380281e-06,8.34465e-07,1.0,329,1.019,0,2,0.219,False,-0.26333354329788383,1.0497563883626244
1.02168839899241,15:01:17.737545,15:00:02.645585,0,,0.10764937,0.0023907274,0.02404055,0.20369147,0.66426235,-0.71921176,0.19611898,0.6920383,0.69470876,0.95919096,-0.2825574,0.010687739,,0.045007423,-0.03140042,0.08306408,0.1571494,0.97066534,0.18197006,-0.21330583,-0.14654869,0.96593165,0.96426386,-0.19061084,0.18401846,,0.057369377,1.3212038,0.43253306,0.9967349,0.07900901,-0.016647426,0.041444026,-0.67755514,-0.73430336,-0.06929614,0.73121583,-0.67861736,,-0.06185987,0.29180944,-0.0468711,-0.2799984,-0.64132774,0.7143526,0.8178337,0.23033354,0.5273466,-0.50274134,0.73187786,0.46000645,,0.0008409239,0.5045576,-0.33155668,-0.25287837,-0.9144995,-0.31582138,0.6862543,-0.3996438,0.60773337,-0.68198794,-0.06305114,0.7286405,,1.2628907841890598,0.27654334149310544,0.20769547267000002,2.5152308720968697,-0.6979392408018699,-0.7791483114189403,-0.41897752963442647,,-1.228493731967264,0.1641930236388873,0.13876395563000002,4.538109756892076,-0.957958499855503,-0.928385108326357,0.8755241944797367,,0.0238237442897226,0.039426987802551904,0.09203306007999999,-0.11742376536589094,,1.5370548e-05,-4.172325e-06,2.861023e-06,1.0000001,-8.706003e-06,-9.37283e-06,8.694828e-06,1.0,-9.23872e-07,9.380281e-06,8.34465e-07,1.0,338,1.048,0,2,0.219,False,-0.2629164992682367,1.0502874705711984
1.057878849998815,15:01:17.773344,15:00:02.645585,0,,0.107007444,0.002297923,0.022905901,0.19052385,0.66567177,-0.7215137,0.21572253,0.6886214,0.6922891,0.95768714,-0.2875444,-0.0124017,,0.04500664,-0.031400092,0.08306551,0.15715091,0.9706657,0.18196674,-0.21331188,-0.14654388,0.96593106,0.9642623,-0.19061257,0.18402484,,0.057369377,1.3212038,0.43253306,0.9967349,0.07900901,-0.016647426,0.041444026,-0.67755514,-0.73430336,-0.06929614,0.73121583,-0.67861736,,-0.061129298,0.29096144,-0.046196368,-0.26680124,-0.6423266,0.718494,0.83098024,0.2242893,0.5090836,-0.4881485,0.73287845,0.47392005,,0.0008414795,0.5045591,-0.3315571,-0.25287896,-0.91450024,-0.31581885,0.68624973,-0.39964294,0.6077391,-0.68199235,-0.06304614,0.72863686,,1.261894551648285,0.2727205887203643,0.20849398731000002,2.498245986674623,-0.6814062243302514,-0.7636339250163077,-0.4201209380973663,,-1.228493731967264,0.16420074637176152,0.13876265934,4.538109756892076,-0.957958499855503,-0.928385108326357,0.8755241944797367,,0.0238237442897226,0.039426987802551904,0.09203306007999999,-0.11742376536589094,,1.5370548e-05,-4.172325e-06,2.861023e-06,1.0000001,-8.706003e-06,-9.37283e-06,8.694828e-06,1.0,-9.23872e-07,9.380281e-06,8.34465e-07,1.0,351,1.089,0,2,0.219,False,-0.2632143878608417,1.0496115477602863
1.0936806359968614,15:01:17.805917,15:00:02.645585,0,,0.10641377,0.002164498,0.021925196,0.17486279,0.66502684,-0.7260597,0.23047253,0.6892871,0.686852,0.9572385,-0.28744167,-0.032739818,,0.045004264,-0.031402268,0.083066225,0.15716428,0.97064817,0.18204893,-0.21330202,-0.14662507,0.9659209,0.9642623,-0.19063964,0.18399692,,0.057369377,1.3212038,0.43253306,0.9967349,0.07900901,-0.016647426,0.041444026,-0.67755514,-0.73430336,-0.06929614,0.73121583,-0.67861736,,-0.060458988,0.2901943,-0.04565393,-0.25119072,-0.6416936,0.72466034,0.8417104,0.22485903,0.49087888,-0.47794023,0.7332583,0.48363763,,0.00084397156,0.50455904,-0.33155927,-0.25289327,-0.91446996,-0.31589502,0.68625236,-0.3997035,0.60769635,-0.6819844,-0.06310138,0.7286395,,1.2609137645732584,0.2691758543310953,0.20917324327000003,2.478325442043593,-0.6692455758511273,-0.7508434286862129,-0.4201209380973663,,-1.2284782865015154,0.1641930236388873,0.13876006676000002,4.538109756892076,-0.957958499855503,-0.9283034295862165,0.8756875385458709,,0.0238237442897226,0.039426987802551904,0.09203306007999999,-0.11742376536589094,,1.5370548e-05,-4.172325e-06,2.861023e-06,1.0000001,-8.706003e-06,-9.37283e-06,8.694828e-06,1.0,-9.23872e-07,9.380281e-06,8.34465e-07,1.0,364,1.13,0,2,0.219,False,-0.2620824112089424,1.0499977893665218
