camera_matrix:
- - 2011.7486780974873
  - 0.0
  - 588.0015864352538
- - 0.0
  - 1971.0488863172973
  - 483.79302983512287
- - 0.0
  - 0.0
  - 1.0
dist_coeff:
- - -0.40694758486936683
  - 3.4644469552528805
  - 0.027864936172367502
  - -0.004702240081841287
  - -29.66622165612183
mean reprojection error:
- 0.037435475544780605
