camera_matrix:
- - 3031.0940282382107
  - 0.0
  - 585.6320609529325
- - 0.0
  - 3065.16164045224
  - 423.55492219767433
- - 0.0
  - 0.0
  - 1.0
dist_coeff:
- - -0.7611969128884842
  - 18.805174542297696
  - 0.03387780909747664
  - -0.013799387416870963
  - -293.6572737953901
mean reprojection error:
- 0.0438581646266132
