camera_matrix:
- - 1760.5361328125
  - 0.0
  - 802.5408325195312
- - 0.0
  - 1754.7972412109375
  - 481.5107421875
- - 0.0
  - 0.0
  - 1.0
dist_coeff:
- - -0.5481367111206055
  - 1.6874890327453613
  - 0.004953976720571518
  - 0.004839454311877489
  - -1.489324688911438
mean reprojection error:
- 0.4368786506938434
