camera_matrix:
- - 2228.441953806518
  - 0.0
  - 775.0632624300881
- - 0.0
  - 2213.742179859559
  - 455.3938027231845
- - 0.0
  - 0.0
  - 1.0
dist_coeff:
- - -1.2636779830935347
  - 11.408849214731008
  - 0.027829048026012795
  - -0.0010901154676709636
  - -45.89279536570223
mean reprojection error:
- 0.47653924124986424
