Task Time,PC1 Time,PC2 Time,Gaze Calib,s_T_psm1,Tx,Ty,Tz,R00,R01,R02,R10,R11,R12,R20,R21,R22,s_T_psm3,Tx,Ty,Tz,R00,R01,R02,R10,R11,R12,R20,R21,R22,cart_T_ecm,Tx,Ty,Tz,R00,R01,R02,R10,R11,R12,R20,R21,R22,ecm_T_psm1,Tx,Ty,Tz,R00,R01,R02,R10,R11,R12,R20,R21,R22,ecm_T_psm3,Tx,Ty,Tz,R00,R01,R02,R10,R11,R12,R20,R21,R22,psm1_joints,q1,q2,q3,q4,q5,q6,jaw,psm3_joints,q1,q2,q3,q4,q5,q6,jaw,ecm_joints,q1,q2,q3,q4,ecmi_T_ecm,Tx,Ty,Tz,R00,R01,R02,R10,R11,R12,R20,R21,R22,Sample #,Task Duration (s),Collisions (binary),Collisions (increments),Cumulative Collision Time (s),Clutch Press,MTMR Angle,MTML Angle
""
lci_T_si,,,,,-0.058161814,0.028812556,0.22338274,0.99118906,-0.064254425,0.115825556,0.028569233,-0.75016135,-0.6606374,0.12933673,0.65812564,-0.741716
rci_T_si,,,,,-0.067850515,0.03317108,0.23398167,0.98941356,-0.079541974,0.12138337,0.022701237,-0.7412876,-0.67080355,0.14333703,0.66645765,-0.73163426
ecm_T_lc,,,,,-4.4061628e-05,-0.00034663224,-0.01840835,-0.99912,0.030754527,0.028518902,-0.031987965,-0.99852574,-0.043852776,0.027128186,-0.04472645,0.9986309
ecm_T_rc,,,,,-0.0043358393,0.01870579,-0.007592615,-0.99555075,-0.052743673,-0.078081585,0.04863213,-0.9973746,0.053654674,-0.08070653,0.04961868,0.9955021
cart_T_ecmi,,,,,0.106117226,1.3403053,0.44034997,0.9953694,0.013090626,-0.0952285,-0.052853465,-0.75295,-0.65595186,-0.08028912,0.65794754,-0.7487715
ecmac_T_ecmrep_psm1,,,,,0.006928962,-0.26080152,-0.2999526,0.99741316,0.06053514,0.03876121,-0.0592658,0.9976933,-0.033100393,-0.040675536,0.030717555,0.99870014
ecmac_T_ecmrep_psm3,,,,,-0.019041438,-0.46633056,-0.5465172,0.99408877,-0.01321918,0.10776258,-0.016145537,0.96352404,0.2671344,-0.107363135,-0.2672952,0.95761496
""
0,16:00:41.901298,NaN,0,,0.12981321,-0.008087769,0.031217054,0.70616823,-0.082856804,-0.703179,0.7021133,0.21021774,0.68032765,0.0914509,-0.9741372,0.20662397,,0.056888044,-0.02763924,0.041981816,-0.65596807,0.02868338,0.75424325,0.50406367,-0.72713685,0.4660385,0.5618057,0.68589306,0.46252036,,0.10622659,1.3403009,0.440352,0.9953648,0.013025605,-0.09528514,-0.052939422,-0.75295115,-0.65594363,-0.08028912,0.65794754,-0.7487715,,-0.10115103,0.2546779,-0.095453426,-0.65411127,0.18482037,0.7334711,0.5802209,-0.49950004,0.6433066,0.48526502,0.8463694,0.21949197,,-0.028160986,0.410914,-0.3796424,0.6007729,-0.07990057,-0.7954167,0.7893321,0.21685612,0.5743938,0.1265966,-0.9729282,0.19334938,,1.1823581257766467,0.5535191560271675,0.20017699067000003,3.4416410424114985,0.4996796796422157,-1.3910306625904636,-0.4224077550232461,,-0.9733809742001315,-0.3396535145412682,0.18347429402,-3.473513913821146,-0.8744735984988189,1.3962355661927597,0.558636706179235,,-0.05614942369822258,-0.06207917983187331,0.08431779928,-0.06639839657179906,,0.00010892749,6.0796738e-06,-8.940697e-06,1.0,-6.466359e-05,-5.6814402e-05,6.4659864e-05,1.0000001,-6.943941e-06,5.6814402e-05,6.943941e-06,1.0,35,0.106,1,1,0.082,False,-0.26333354329788383,0.7325554692415821
0.12539203697815537,16:00:41.926724,NaN,0,,0.12986572,-0.008001529,0.031089738,0.7054767,-0.08074475,-0.7041183,0.7025535,0.21058157,0.67976046,0.093387246,-0.97423595,0.20528792,,0.056888044,-0.02763924,0.041981816,-0.65596807,0.02868338,0.75424325,0.50406367,-0.72713685,0.4660385,0.5618057,0.68589306,0.46252036,,0.10622659,1.3403009,0.440352,0.9953648,0.013025605,-0.09528514,-0.052939422,-0.75295115,-0.65594363,-0.08028912,0.65794754,-0.7487715,,-0.10118514,0.25465602,-0.09529608,-0.65356094,0.18276043,0.73447716,0.5818499,-0.49929982,0.6419894,0.4840546,0.8469347,0.21998373,,-0.028160986,0.410914,-0.3796424,0.6007729,-0.07990057,-0.7954167,0.7893321,0.21685612,0.5743938,0.1265966,-0.9729282,0.19334938,,1.1822345620506591,0.5534805423627964,0.20032995289000002,3.439963522863622,0.4981766781447959,-1.390703531791349,-0.4225710990893803,,-0.9733809742001315,-0.3396535145412682,0.18347429402,-3.473513913821146,-0.8744735984988189,1.3962355661927597,0.558636706179235,,-0.05614942369822258,-0.06207917983187331,0.08431779928,-0.06639839657179906,,0.00010892749,6.0796738e-06,-8.940697e-06,1.0,-6.466359e-05,-5.6814402e-05,6.4659864e-05,1.0000001,-6.943941e-06,5.6814402e-05,6.943941e-06,1.0,47,0.143,1,1,0.119,False,-0.2630356547052788,0.7325071890408026
0.1508014039718546,16:00:41.967914,NaN,0,,0.1298946,-0.007931799,0.031002,0.705589,-0.08029246,-0.70405746,0.7023717,0.2109083,0.679847,0.09390494,-0.97420263,0.20520978,,0.05688808,-0.027638748,0.041981936,-0.655865,0.028645743,0.75433433,0.5041077,-0.727184,0.4659172,0.5618865,0.6858446,0.46249413,,0.10622659,1.3403009,0.440352,0.9953648,0.013025605,-0.09528514,-0.052939422,-0.75295115,-0.65594363,-0.08028912,0.65794754,-0.7487715,,-0.10120059,0.2546486,-0.095181614,-0.6537325,0.18233408,0.7344305,0.5820634,-0.4990362,0.64200085,0.48356605,0.8471819,0.22010617,,-0.028161038,0.41091433,-0.37964204,0.60066295,-0.079858474,-0.79550403,0.7894157,0.21679352,0.57430255,0.1265972,-0.97294563,0.19326137,,1.1821805029205394,0.5534805423627964,0.20044273012000002,3.439963522863622,0.4976301321457341,-1.3906662538772663,-0.4224077550232461,,-0.9733732514672572,-0.3396535145412682,0.18347429402,-3.4733042238776615,-0.8744735984988189,1.3961538874526191,0.5588000502453694,,-0.05614942369822258,-0.06207917983187331,0.08431779928,-0.06639839657179906,,0.00010892749,6.0796738e-06,-8.940697e-06,1.0,-6.466359e-05,-5.6814402e-05,6.4659864e-05,1.0000001,-6.943941e-06,5.6814402e-05,6.943941e-06,1.0,55,0.167,1,1,0.143,False,-0.26249945523859,0.7322657880369055
0.19200654496671632,16:00:41.997238,NaN,0,,0.1299202,-0.007893674,0.030933395,0.705833,-0.078978926,-0.7039615,0.70198053,0.21124372,0.6801469,0.094990164,-0.9742373,0.20454448,,0.05688882,-0.02763863,0.041980922,-0.655865,0.028584126,0.75433666,0.5041077,-0.72722214,0.4658578,0.5618865,0.6858069,0.46255016,,0.10622659,1.3403009,0.440352,0.9953648,0.013025605,-0.09528514,-0.052939422,-0.75295115,-0.65594363,-0.08028912,0.65794754,-0.7487715,,-0.10121695,0.25463063,-0.09510273,-0.6541013,0.18105917,0.7344175,0.58250344,-0.49881294,0.6417752,0.48253623,0.8475867,0.22080661,,-0.028161684,0.41091347,-0.37964135,0.60066295,-0.0797935,-0.79551053,0.7894157,0.21674661,0.57432026,0.1265972,-0.9729614,0.1931819,,1.182087830126049,0.5534033150340542,0.20051791494,3.439963522863622,0.4964004036478451,-1.3900718864447013,-0.4219177228248432,,-0.9733732514672572,-0.3396535145412682,0.18347559031000002,-3.4733042238776615,-0.8744735984988189,1.3962355661927597,0.5589633943115035,,-0.05614942369822258,-0.06207917983187331,0.08431779928,-0.06639839657179906,,0.00010892749,6.0796738e-06,-8.940697e-06,1.0,-6.466359e-05,-5.6814402e-05,6.4659864e-05,1.0000001,-6.943941e-06,5.6814402e-05,6.943941e-06,1.0,63,0.192,1,1,0.168,False,-0.2632143878608417,0.7311553434189779
0.221331425011158,16:00:42.019153,NaN,0,,0.12993951,-0.00784976,0.030856594,0.7060735,-0.07782508,-0.7038487,0.7015951,0.21168813,0.68040633,0.096043706,-0.97423375,0.20406912,,0.056889877,-0.02763857,0.041981637,-0.6558675,0.028515741,0.75433713,0.5041084,-0.72726166,0.46579537,0.56188303,0.68576777,0.46261233,,0.10622659,1.3403009,0.440352,0.9953648,0.013025605,-0.09528514,-0.052939422,-0.75295115,-0.65594363,-0.08028912,0.65794754,-0.7487715,,-0.1012259,0.25461143,-0.09501467,-0.6544635,0.17994802,0.7343679,0.5829265,-0.49848306,0.64164734,0.48153314,0.8480173,0.22134252,,-0.0281628,0.410914,-0.37964165,0.6006657,-0.07972165,-0.79551566,0.7894133,0.21669836,0.57434183,0.12659946,-0.97297806,0.19309661,,1.1820337709959292,0.5533029195066892,0.20060217379000003,3.439963522863622,0.49517067514995616,-1.3896408764924173,-0.42240775502324623,,-0.9733809742001315,-0.3396535145412682,0.18347559031000002,-3.4733042238776615,-0.8744735984988189,1.3963989236730407,0.5563498892533552,,-0.05614942369822258,-0.06207917983187331,0.08431779928,-0.06639839657179906,,0.00010892749,6.0796738e-06,-8.940697e-06,1.0,-6.466359e-05,-5.6814402e-05,6.4659864e-05,1.0000001,-6.943941e-06,5.6814402e-05,6.943941e-06,1.0,76,0.233,1,1,0.209,False,-0.2626781883941529,0.7305759810096242
0.24324738298309967,16:00:42.052596,NaN,0,,0.12997691,-0.007741712,0.030695423,0.7065555,-0.075774126,-0.70358884,0.7008149,0.212856,0.6808459,0.098172635,-0.974141,0.20349826,,0.05689203,-0.027638108,0.041983187,-0.65576947,0.028341308,0.754429,0.5041538,-0.7273878,0.4655491,0.5619568,0.6856411,0.46271035,,0.10622659,1.3403009,0.440352,0.9953648,0.013025605,-0.09528514,-0.052939422,-0.75295115,-0.65594363,-0.08028912,0.65794754,-0.7487715,,-0.101240315,0.25458294,-0.09481965,-0.65519136,0.17799504,0.7341948,0.58378035,-0.4975589,0.6415884,0.4795047,0.84897166,0.2220863,,-0.028165083,0.41091543,-0.37964195,0.6005612,-0.07953584,-0.7956131,0.78949195,0.21653931,0.5742937,0.12660459,-0.97302866,0.19283801,,1.1819797118658097,0.5531407421163305,0.20078883955000001,3.439963522863622,0.49271121815417823,-1.389105571548412,-0.42224441095711174,,-0.9733886969330057,-0.3396535145412682,0.18347559031000002,-3.473094533934177,-0.8744735984988189,1.3963989236730407,0.5566765773856237,,-0.05614942369822258,-0.06207917983187331,0.08431779928,-0.06639839657179906,,0.00010892749,6.0796738e-06,-8.940697e-06,1.0,-6.466359e-05,-5.6814402e-05,6.4659864e-05,1.0000001,-6.943941e-06,5.6814402e-05,6.943941e-06,1.0,84,0.257,1,1,0.233,False,-0.2637505873275314,0.7305277008088447
0.2766896229586564,16:00:42.080922,NaN,0,,0.13001892,-0.0076108724,0.03049831,0.7070841,-0.07316513,-0.70333385,0.6999488,0.21380255,0.68144,0.100516886,-0.97413313,0.20238829,,0.056897357,-0.027637526,0.041986883,-0.6556787,0.028208181,0.7545128,0.5042012,-0.72748035,0.46535313,0.5620201,0.6855484,0.46277088,,0.10622659,1.3403009,0.440352,0.9953648,0.013025605,-0.09528514,-0.052939422,-0.75295115,-0.65594363,-0.08028912,0.65794754,-0.7487715,,-0.10125433,0.25454715,-0.09458246,-0.65599144,0.17547803,0.7340863,0.5847154,-0.49685642,0.6412812,0.47726625,0.84990656,0.22332886,,-0.028170714,0.4109185,-0.37964317,0.600465,-0.0793944,-0.7956999,0.7895632,0.21642318,0.5742395,0.12661651,-0.97306603,0.19264144,,1.18192565273569,0.5529399510616007,0.20101698659000003,3.439963522863622,0.48997848815886946,-1.3880207158364515,-0.42208106689097735,,-0.9734273105973767,-0.3396535145412682,0.18347559031000002,-3.4728848439906925,-0.8744735984988189,1.3963989236730407,0.5566765773856237,,-0.05614942369822258,-0.06207917983187331,0.08431779928,-0.06639839657179906,,0.00010892749,6.0796738e-06,-8.940697e-06,1.0,-6.466359e-05,-5.6814402e-05,6.4659864e-05,1.0000001,-6.943941e-06,5.6814402e-05,6.943941e-06,1.0,92,0.282,1,1,0.258,False,-0.26243987752006825,0.7305277008088447
0.304990008007735,16:00:42.103750,NaN,0,,0.1300448,-0.0075336173,0.030360252,0.7072059,-0.07310918,-0.7032172,0.69975203,0.21451059,0.6814196,0.101029515,-0.9739816,0.20286149,,0.056899473,-0.027637482,0.041988373,-0.65568364,0.028194651,0.754509,0.5042026,-0.72748333,0.465347,0.5620131,0.6855458,0.46278322,,0.10622659,1.3403009,0.440352,0.9953648,0.013025605,-0.09528514,-0.052939422,-0.75295115,-0.65594363,-0.08028912,0.65794754,-0.7487715,,-0.101261765,0.25451145,-0.09442635,-0.65617305,0.17546473,0.73392713,0.58491445,-0.49623063,0.6415842,0.47677255,0.8502748,0.2229813,,-0.028172946,0.4109196,-0.3796438,0.6004705,-0.07938067,-0.7956971,0.7895583,0.21642052,0.57424724,0.12662105,-0.97306776,0.1926298,,1.181848425406948,0.5527932191369904,0.20117254139000001,3.439963522863622,0.4892953056600422,-1.388607128679937,-0.4220810668909776,,-0.9734427560631252,-0.3396535145412682,0.18347559031000002,-3.4728848439906925,-0.8744735984988189,1.3963989236730407,0.5566765773856237,,-0.05614942369822258,-0.06207917983187331,0.08431779928,-0.06639839657179906,,0.00010892749,6.0796738e-06,-8.940697e-06,1.0,-6.466359e-05,-5.6814402e-05,6.4659864e-05,1.0000001,-6.943941e-06,5.6814402e-05,6.943941e-06,1.0,105,0.323,1,1,0.299,False,-0.2631548101423209,0.7303828602065061
0.3278188109979965,16:00:42.138439,NaN,0,,0.13012995,-0.0073236153,0.030051753,0.70791364,-0.06964946,-0.7028562,0.6985607,0.2159459,0.6821881,0.104264855,-0.9739181,0.20152543,,0.056899607,-0.027638793,0.041988194,-0.65568143,0.028191369,0.75451106,0.504209,-0.7274791,0.46534657,0.56200993,0.68555045,0.4627803,,0.10622659,1.3403009,0.440352,0.9953648,0.013025605,-0.09528514,-0.052939422,-0.75295115,-0.65594363,-0.08028912,0.65794754,-0.7487715,,-0.10130258,0.25445926,-0.09404934,-0.6572552,0.17213647,0.733747,0.5862079,-0.49512994,0.6412539,0.4736833,0.85159576,0.22451895,,-0.028173054,0.41091877,-0.37964484,0.6004685,-0.07937784,-0.7956989,0.7895586,0.21642686,0.5742444,0.12662832,-0.97306657,0.19263098,,1.1816708025508407,0.5525692598836379,0.20153809517000001,3.439963522863622,0.48560612016637533,-1.387395777563226,-0.4220810668909776,,-0.9734350333302509,-0.3396612372741424,0.18347559031000002,-3.4728848439906925,-0.8744735984988189,1.3963989236730407,0.5566765773856237,,-0.05614942369822258,-0.06207917983187331,0.08431779928,-0.06639839657179906,,0.00010892749,6.0796738e-06,-8.940697e-06,1.0,-6.466359e-05,-5.6814402e-05,6.4659864e-05,1.0000001,-6.943941e-06,5.6814402e-05,6.943941e-06,1.0,109,0.335,1,1,0.311,False,-0.2630356547052788,0.7303828602065061
0.36253355199005455,16:00:42.168493,NaN,0,,0.1301853,-0.0071713626,0.029829338,0.7080486,-0.06760258,-0.70292014,0.6981355,0.2166824,0.68238986,0.10617909,-0.9738987,0.20061746,,0.05690144,-0.027638137,0.041987956,-0.6555809,0.02808528,0.7546024,0.5042537,-0.72756577,0.4651627,0.56208724,0.6854629,0.4628161,,0.10622659,1.3403009,0.440352,0.9953648,0.013025605,-0.09528514,-0.052939422,-0.75295115,-0.65594363,-0.08028912,0.65794754,-0.7487715,,-0.101325944,0.25442228,-0.0937777,-0.65759164,0.17016011,0.7339065,0.5871805,-0.49457446,0.6407926,0.47200873,0.8523155,0.22531332,,-0.028174868,0.4109188,-0.3796441,0.6003613,-0.07926383,-0.79579115,0.7896397,0.21631606,0.5741746,0.12663113,-0.97310054,0.19245766,,1.18157812975635,0.5524225279590276,0.20180383462,3.4395441429766533,0.48355657266989377,-1.386786332629607,-0.42224441095711196,,-0.9734350333302509,-0.3396612372741424,0.18347688660000003,-3.4726751540472076,-0.8744735984988189,1.3963989236730407,0.5566765773856237,,-0.05614942369822258,-0.06207917983187331,0.08431779928,-0.06639839657179906,,0.00010892749,6.0796738e-06,-8.940697e-06,1.0,-6.466359e-05,-5.6814402e-05,6.4659864e-05,1.0000001,-6.943941e-06,5.6814402e-05,6.943941e-06,1.0,126,0.388,1,1,0.364,False,-0.26249945523859,0.7297069373955942
0.39258071198128164,16:00:42.203873,NaN,0,,0.13025154,-0.006959565,0.029515013,0.70851004,-0.06488315,-0.7027114,0.69713914,0.21899,0.6826718,0.109592915,-0.9735674,0.20038924,,0.056902632,-0.027639434,0.04198855,-0.6555811,0.0281985,0.75459796,0.5042608,-0.72748697,0.4652781,0.5620804,0.68554175,0.46270743,,0.10622659,1.3403009,0.440352,0.9953648,0.013025605,-0.09528514,-0.052939422,-0.75295115,-0.65594363,-0.08028912,0.65794754,-0.7487715,,-0.101347305,0.25436753,-0.09339744,-0.6584296,0.16761185,0.7337416,0.5887386,-0.4926473,0.6408475,0.46888945,0.85393494,0.22569399,,-0.028176092,0.4109185,-0.37964547,0.60036206,-0.079384126,-0.7957786,0.78963757,0.21641485,0.5741403,0.12664068,-0.9730687,0.19261196,,1.181508625160482,0.5521367868426813,0.20217198098000003,3.4391247630896835,0.4797307506764614,-1.3868521021915892,-0.4220810668909777,,-0.9734427560631252,-0.33966896000701663,0.18347688660000003,-3.4726751540472076,-0.8744735984988189,1.3962355661927597,0.5560232011210866,,-0.05614942369822258,-0.06207917983187331,0.08431779928,-0.06639839657179906,,0.00010892749,6.0796738e-06,-8.940697e-06,1.0,-6.466359e-05,-5.6814402e-05,6.4659864e-05,1.0000001,-6.943941e-06,5.6814402e-05,6.943941e-06,1.0,134,0.413,1,1,0.389,False,-0.2629164992682367,0.7293206957893581
0.4279475269722752,16:00:42.233932,NaN,0,,0.13028912,-0.0068194717,0.02930881,0.7087356,-0.062817045,-0.7026717,0.69653714,0.22034717,0.6828495,0.111937165,-0.97339666,0.19992228,,0.056902453,-0.027640626,0.041986585,-0.65557647,0.028140347,0.75460416,0.5042666,-0.72751933,0.4652213,0.56208074,0.68550986,0.46275437,,0.10622659,1.3403009,0.440352,0.9953648,0.013025605,-0.09528514,-0.052939422,-0.75295115,-0.65594363,-0.08028912,0.65794754,-0.7487715,,-0.1013554,0.25433245,-0.09314791,-0.6589079,0.16565183,0.7337574,0.5898695,-0.4915307,0.64066494,0.46679157,0.85496026,0.2261605,,-0.02817573,0.41091624,-0.3796455,0.60035735,-0.07932316,-0.7957882,0.78964037,0.21637563,0.5741512,0.12664568,-0.9730824,0.19253947,,1.1815009024276077,0.5519359957879515,0.20241309092,3.438705383202715,0.4771346571809181,-1.3866137730445902,-0.4219177228248433,,-0.9734350333302509,-0.3396766827398908,0.18347818289,-3.4726751540472076,-0.8744735984988189,1.3963172449329002,0.5558598570549522,,-0.05614942369822258,-0.06207917983187331,0.08431779928,-0.06639839657179906,,0.00010892749,6.0796738e-06,-8.940697e-06,1.0,-6.466359e-05,-5.6814402e-05,6.4659864e-05,1.0000001,-6.943941e-06,5.6814402e-05,6.943941e-06,1.0,147,0.454,0,1,0.421,False,-0.26309523242380006,0.7289827343839019
0.4579509479808621,16:00:42.279931,NaN,0,,0.13031003,-0.006688781,0.029063419,0.7096473,-0.06078989,-0.70192933,0.69525504,0.22177628,0.68369293,0.114109635,-0.9732008,0.19964743,,0.056904037,-0.027641132,0.041989148,-0.65537304,0.027924862,0.7547888,0.5043623,-0.7276883,0.46485317,0.56223214,0.68533933,0.46282312,,0.10622659,1.3403009,0.440352,0.9953648,0.013025605,-0.09528514,-0.052939422,-0.75295115,-0.65594363,-0.08028912,0.65794754,-0.7487715,,-0.10134422,0.25426412,-0.09287786,-0.6601059,0.16373393,0.7331108,0.5903807,-0.4903439,0.64110327,0.46444675,0.85601056,0.22701353,,-0.028177528,0.41091806,-0.3796472,0.6001408,-0.07909228,-0.7959745,0.7898029,0.21616039,0.57400876,0.12665848,-0.97314906,0.19219398,,1.1814854569618594,0.5515189682127434,0.2026749415,3.439334453033169,0.47412865418607836,-1.3860411901865017,-0.4217543787587089,,-0.9734350333302509,-0.33968440547276507,0.18347688660000003,-3.4722557741602387,-0.8744735984988189,1.3963172449329002,0.5552064807904151,,-0.05614942369822258,-0.06207917983187331,0.08431779928,-0.06639839657179906,,0.00010892749,6.0796738e-06,-8.940697e-06,1.0,-6.466359e-05,-5.6814402e-05,6.4659864e-05,1.0000001,-6.943941e-06,5.6814402e-05,6.943941e-06,1.0,155,0.478,0,1,0.421,False,-0.26190367805337944,0.7284033719745486
0.5040229170117527,16:00:42.302127,NaN,0,,0.13031179,-0.0066325963,0.028929636,0.71030897,-0.059871107,-0.7013388,0.6944107,0.22257319,0.68429184,0.11512992,-0.97307587,0.19967093,,0.05690431,-0.027643785,0.04198885,-0.6553686,0.02797994,0.7547906,0.5043752,-0.7276419,0.46491176,0.5622256,0.6853863,0.4627614,,0.10622659,1.3403009,0.440352,0.9953648,0.013025605,-0.09528514,-0.052939422,-0.75295115,-0.65594363,-0.08028912,0.65794754,-0.7487715,,-0.10132974,0.25421572,-0.09274181,-0.66091937,0.16287318,0.7325694,0.5904412,-0.48967123,0.64156157,0.4632113,0.85655963,0.22746617,,-0.028177742,0.41091642,-0.3796493,0.6001369,-0.079151616,-0.7959716,0.78980356,0.21621995,0.57398546,0.12667306,-0.973131,0.19227579,,1.181477734228985,0.5512177816306486,0.20280716308000002,3.439963522863622,0.4724890161888931,-1.3857659989639721,-0.421754378758709,,-0.9734350333302509,-0.3396998509385135,0.18347688660000003,-3.4722557741602387,-0.8744735984988189,1.3962355661927597,0.5547164485920123,,-0.05614942369822258,-0.06207917983187331,0.08431779928,-0.06639839657179906,,0.00010892749,6.0796738e-06,-8.940697e-06,1.0,-6.466359e-05,-5.6814402e-05,6.4659864e-05,1.0000001,-6.943941e-06,5.6814402e-05,6.943941e-06,1.0,172,0.532,0,1,0.421,False,-0.26309523242380006,0.7284033719745486
0.5262130780029111,16:00:42.353306,NaN,0,,0.13028896,-0.006522648,0.028603002,0.71150464,-0.057702415,-0.70030797,0.6927408,0.22464511,0.6853066,0.11777693,-0.9727307,0.19980885,,0.0569065,-0.027642846,0.04199046,-0.65516734,0.027767677,0.7549732,0.50446427,-0.72781503,0.464544,0.56238025,0.6852111,0.46283296,,0.10622659,1.3403009,0.440352,0.9953648,0.013025605,-0.09528514,-0.052939422,-0.75295115,-0.65594363,-0.08028912,0.65794754,-0.7487715,,-0.101269595,0.25407743,-0.092431076,-0.6624716,0.16085203,0.7316133,0.5909842,-0.48790845,0.642404,0.4602923,0.85794634,0.22816448,,-0.028180078,0.41091818,-0.37964925,0.5999223,-0.078923516,-0.7961559,0.7899657,0.21599838,0.57384574,0.12667848,-0.9731987,0.19192912,,1.1815395160919788,0.5503296673501128,0.20310919865000002,3.44080228263756,0.46838992119592987,-1.3855272539784207,-0.42159103469257475,,-0.9734350333302509,-0.3396998509385135,0.18347688660000003,-3.47183639427327,-0.8744735984988189,1.3962355661927597,0.5547164485920123,,-0.05614942369822258,-0.06207917983187331,0.08431779928,-0.06639839657179906,,0.00010892749,6.0796738e-06,-8.940697e-06,1.0,-6.466359e-05,-5.6814402e-05,6.4659864e-05,1.0000001,-6.943941e-06,5.6814402e-05,6.943941e-06,1.0,180,0.556,0,1,0.421,False,-0.2631548101423209,0.7268584055496059
0.5773788309888914,16:00:42.375903,NaN,0,,0.13023569,-0.0064946413,0.028391778,0.71232295,-0.056952678,-0.699537,0.6916393,0.22637108,0.685851,0.11929387,-0.97237474,0.20064008,,0.05690875,-0.027644113,0.04199177,-0.6551701,0.0276892,0.7549737,0.5044721,-0.7278517,0.46447802,0.56237006,0.6851753,0.4628983,,0.10622659,1.3403009,0.440352,0.9953648,0.013025605,-0.09528514,-0.052939422,-0.75295115,-0.65594363,-0.08028912,0.65794754,-0.7487715,,-0.101195835,0.25395617,-0.09226347,-0.6635047,0.16021177,0.73081714,0.5911884,-0.48639268,0.64336497,0.45853874,0.8589263,0.2280085,,-0.028182417,0.41091844,-0.37965092,0.5999258,-0.078841925,-0.79616135,0.7899611,0.2159552,0.5738683,0.1266903,-0.9732149,0.19183916,,1.1816553570850923,0.5495187803983193,0.20327253119000002,3.4414313524680136,0.46565719120062105,-1.3860759730692713,-0.4225710990893805,,-0.9734504787959994,-0.3397075736713877,0.18347688660000003,-3.47183639427327,-0.8744735984988189,1.3963172449329002,0.5542264163936094,,-0.05614942369822258,-0.06207917983187331,0.08431779928,-0.06639839657179906,,0.00010892749,6.0796738e-06,-8.940697e-06,1.0,-6.466359e-05,-5.6814402e-05,6.4659864e-05,1.0000001,-6.943941e-06,5.6814402e-05,6.943941e-06,1.0,197,0.61,0,1,0.421,False,-0.262797343831195,0.7265687243449288
0.5999184440006502,16:00:42.430698,NaN,0,,0.13002765,-0.0065620467,0.027958348,0.71555305,-0.05756022,-0.69618267,0.68839574,0.22747892,0.68874156,0.1187228,-0.97208035,0.2023975,,0.056905847,-0.027654141,0.04198897,-0.6551593,0.027748931,0.75498086,0.5044128,-0.7278953,0.4644741,0.56243575,0.68512654,0.4628905,,0.10622659,1.3403009,0.440352,0.9953648,0.013025605,-0.09528514,-0.052939422,-0.75295115,-0.65594363,-0.08028912,0.65794754,-0.7487715,,-0.10095628,0.25361502,-0.092014626,-0.6669166,0.16087613,0.7275583,0.58839995,-0.4853741,0.6466819,0.45717365,0.85937816,0.22904454,,-0.028179185,0.41091114,-0.37965822,0.59991,-0.07889686,-0.79616785,0.78998655,0.21588656,0.57385904,0.12660626,-0.9732257,0.19183998,,1.1819410982014384,0.5472791878647941,0.20352660403000003,3.4460445312246732,0.46224127870648507,-1.3855775302007967,-0.42093765842803754,,-0.9734273105973767,-0.33976935553438153,0.18347688660000003,-3.47183639427327,-0.8746102349985843,1.396346984096456,0.552756319798401,,-0.05614942369822258,-0.06207917983187331,0.08431779928,-0.06639839657179906,,0.00010892749,6.0796738e-06,-8.940697e-06,1.0,-6.466359e-05,-5.6814402e-05,6.4659864e-05,1.0000001,-6.943941e-06,5.6814402e-05,6.943941e-06,1.0,205,0.634,0,1,0.421,False,-0.2616653671792948,0.724975477719207
0.6547623769729398,16:00:42.461185,NaN,0,,0.129922,-0.0065848604,0.02771601,0.7173503,-0.05238498,-0.6947402,0.6856924,0.22973889,0.6906854,0.12342727,-0.9718416,0.2007233,,0.05691061,-0.027661398,0.041989148,-0.65505046,0.027547851,0.75508267,0.5044974,-0.7279974,0.464222,0.5624867,0.68502617,0.4629773,,0.10622659,1.3403009,0.440352,0.9953648,0.013025605,-0.09528514,-0.052939422,-0.75295115,-0.65594363,-0.08028912,0.65794754,-0.7487715,,-0.10083176,0.25343528,-0.09186429,-0.6693292,0.15589371,0.72642654,0.5895612,-0.48354745,0.6469926,0.45212376,0.861324,0.23174356,,-0.02818388,0.41090727,-0.37966442,0.5997964,-0.07868697,-0.7962742,0.7900647,0.21576431,0.57379746,0.12665717,-0.9732698,0.19158246,,1.182195948386288,0.5459122641460563,0.20366012190000002,3.447092980942096,0.45527281721844753,-1.3832440454580421,-0.4211010024941719,,-0.9734427560631252,-0.33981569193162686,0.18347818289,-3.4716267043297857,-0.8746102349985843,1.3964286628365965,0.550959535070924,,-0.05614942369822258,-0.06207917983187331,0.08431779928,-0.06639839657179906,,0.00010892749,6.0796738e-06,-8.940697e-06,1.0,-6.466359e-05,-5.6814402e-05,6.4659864e-05,1.0000001,-6.943941e-06,5.6814402e-05,6.943941e-06,1.0,222,0.687,0,1,0.421,False,-0.2631548101423209,0.724009873703618
0.6852778099710122,16:00:42.504302,NaN,0,,0.12987466,-0.006545894,0.027546749,0.71741396,-0.03748785,-0.6956374,0.6824372,0.23847264,0.69094914,0.13998827,-0.9704254,0.19666673,,0.056913752,-0.027669713,0.041989625,-0.6548338,0.027435798,0.75527465,0.5046316,-0.7280651,0.4639701,0.5626186,0.6849588,0.46291667,,0.10622659,1.3403009,0.440352,0.9953648,0.013025605,-0.09528514,-0.052939422,-0.75295115,-0.65594363,-0.08028912,0.65794754,-0.7487715,,-0.10076675,0.25335035,-0.09171949,-0.6711107,0.14166239,0.7276965,0.5982905,-0.4761502,0.6444606,0.43778867,0.8678783,0.23479424,,-0.02818697,0.41090322,-0.37967172,0.599568,-0.07856893,-0.7964579,0.790229,0.21568093,0.5736025,0.12671344,-0.97329783,0.19140284,,1.1826979260231125,0.5447229632834258,0.20374308446000003,3.4422701122419515,0.43764670874870576,-1.381122946902288,-0.4220810668909779,,-0.9734427560631252,-0.33986975106174644,0.18347818289,-3.471207324442816,-0.8746102349985843,1.3962653053563154,0.5499794706741183,,-0.05614942369822258,-0.06207917983187331,0.08431779928,-0.06639839657179906,,0.00010892749,6.0796738e-06,-8.940697e-06,1.0,-6.466359e-05,-5.6814402e-05,6.4659864e-05,1.0000001,-6.943941e-06,5.6814402e-05,6.943941e-06,1.0,230,0.712,0,1,0.421,False,-0.2636910096090097,0.7231408300895876
0.7283664459828287,16:00:42.534455,NaN,0,,0.12991326,-0.0064194202,0.027529523,0.7174612,-0.026037216,-0.69611144,0.678542,0.25217143,0.6899207,0.15757579,-0.96733224,0.19859058,,0.05693065,-0.027666003,0.042001903,-0.65321296,0.025978088,0.7567285,0.505358,-0.7292796,0.46126413,0.56384945,0.6837225,0.46324664,,0.10622659,1.3403009,0.440352,0.9953648,0.013025605,-0.09528514,-0.052939422,-0.75295115,-0.65594363,-0.08028912,0.65794754,-0.7487715,,-0.100793615,0.2534323,-0.09161779,-0.67301685,0.13109553,0.7279164,0.6072366,-0.4639464,0.6449941,0.42227006,0.8761094,0.23263773,,-0.028204884,0.41091427,-0.37967414,0.59784114,-0.07699941,-0.79790795,0.7915269,0.21411768,0.5723974,0.12677193,-0.9737683,0.18895547,,1.1831844581941886,0.5444758358314506,0.20377419542000003,3.437656933485292,0.41974732727943304,-1.3847415605694025,-0.42224441095711174,,-0.9734350333302509,-0.33989291926036913,0.18347818289,-3.467852285347064,-0.8746102349985843,1.395938590395753,0.5489994062773125,,-0.05614942369822258,-0.06207917983187331,0.08431779928,-0.06639839657179906,,0.00010892749,6.0796738e-06,-8.940697e-06,1.0,-6.466359e-05,-5.6814402e-05,6.4659864e-05,1.0000001,-6.943941e-06,5.6814402e-05,6.943941e-06,1.0,243,0.753,0,1,0.421,False,-0.26297607698675796,0.7222717864755572
0.7585331019945443,16:00:42.572089,NaN,0,,0.12988055,-0.0062780604,0.027562901,0.7185396,-0.016977549,-0.69527847,0.6744756,0.26087776,0.6906705,0.16965678,-0.9652226,0.19890195,,0.056941353,-0.027669668,0.0420084,-0.65229195,0.024999417,0.7575553,0.5057919,-0.73002756,0.45960242,0.56452614,0.68296033,0.46354663,,0.10622659,1.3403009,0.440352,0.9953648,0.013025605,-0.09528514,-0.052939422,-0.75295115,-0.65594363,-0.08028912,0.65794754,-0.7487715,,-0.100752965,0.2535594,-0.09155177,-0.6754741,0.122597344,0.72712076,0.6123513,-0.45609576,0.6457573,0.41080484,0.8814457,0.23300822,,-0.028216064,0.4109172,-0.37968022,0.5968617,-0.07595211,-0.7987411,0.79225564,0.21316066,0.57174605,0.12683487,-0.9740605,0.18740092,,1.1839953451459821,0.5444294994342053,0.20378456574,3.436189103880901,0.40676685980171623,-1.3846934171963747,-0.422407755023246,,-0.9734350333302509,-0.33993925565761446,0.18347818289,-3.465965075855703,-0.8746102349985843,1.395938590395753,0.5489994062773125,,-0.05614942369822258,-0.06207917983187331,0.08431779928,-0.06639839657179906,,0.00010892749,6.0796738e-06,-8.940697e-06,1.0,-6.466359e-05,-5.6814402e-05,6.4659864e-05,1.0000001,-6.943941e-06,5.6814402e-05,6.943941e-06,1.0,247,0.765,0,1,0.421,False,-0.26232072208302704,0.7220303854716601
0.796155045973137,16:00:42.595668,NaN,0,,0.12985499,-0.0062307417,0.027576998,0.7188504,-0.012585811,-0.69505054,0.6732504,0.26167044,0.6915655,0.1731703,-0.9650752,0.19657539,,0.056938253,-0.027682558,0.04200375,-0.6524689,0.025010929,0.7574025,0.50576115,-0.72992784,0.45979464,0.5643492,0.6830665,0.4636058,,0.10622659,1.3403009,0.440352,0.9953648,0.013025605,-0.09528514,-0.052939422,-0.75295115,-0.65594363,-0.08028912,0.65794754,-0.7487715,,-0.100725114,0.25360394,-0.091533534,-0.6761893,0.11828569,0.7271702,0.61380726,-0.45541546,0.6448546,0.40744162,0.8823861,0.23534246,,-0.02821246,0.41090688,-0.3796891,0.59705347,-0.0759736,-0.7985958,0.79210204,0.21330146,0.5719063,0.12689187,-0.974028,0.18753122,,1.1843351453924482,0.5444063312355826,0.20378586203000001,3.4357697239939315,0.4029410378082839,-1.3820637883337183,-0.4214276906264405,,-0.9734195878645026,-0.3400087602534825,0.18347818289,-3.466384455742672,-0.8746102349985843,1.3961836266161747,0.5488360622111783,,-0.05614942369822258,-0.06207917983187331,0.08431779928,-0.06639839657179906,,0.00010892749,6.0796738e-06,-8.940697e-06,1.0,-6.466359e-05,-5.6814402e-05,6.4659864e-05,1.0000001,-6.943941e-06,5.6814402e-05,6.943941e-06,1.0,268,0.831,0,1,0.421,False,-0.2630356547052788,0.7216441438654244
0.819705587986391,16:00:42.653862,NaN,0,,0.12986544,-0.0060549453,0.027639493,0.7210108,0.0037489012,-0.6929134,0.6653049,0.27576488,0.6937748,0.19368204,-0.9612178,0.19633533,,0.056943804,-0.027706176,0.042001307,-0.65212196,0.024697084,0.75771165,0.50601465,-0.7300662,0.45929575,0.564523,0.68293005,0.46359512,,0.10622659,1.3403009,0.440352,0.9953648,0.013025605,-0.09528514,-0.052939422,-0.75295115,-0.65594363,-0.08028912,0.65794754,-0.7487715,,-0.100727186,0.25377604,-0.091460794,-0.68077034,0.1028326,0.72524285,0.62172014,-0.44241098,0.64632547,0.38731873,0.8908973,0.23724717,,-0.028217549,0.41089234,-0.37970796,0.5966904,-0.075647935,-0.798898,0.79235274,0.21313871,0.57161963,0.12703423,-0.97408897,0.18711767,,1.1851923687414871,0.5442750447767207,0.20377160284,3.43430189438954,0.38053265184675167,-1.381025466297164,-0.4212643465603062,,-0.9734118651316284,-0.34015549217809277,0.18347947918000002,-3.4657553859122183,-0.8746102349985843,1.3961019478760344,0.5476926537482383,,-0.05614942369822258,-0.06207917983187331,0.08431779928,-0.06639839657179906,,0.00010892749,6.0796738e-06,-8.940697e-06,1.0,-6.466359e-05,-5.6814402e-05,6.4659864e-05,1.0000001,-6.943941e-06,5.6814402e-05,6.943941e-06,1.0,276,0.855,0,1,0.421,False,-0.26285692154971585,0.7214510230623068
0.877956218959298,16:00:42.685475,NaN,0,,0.12989052,-0.0059682205,0.027685657,0.72187084,0.009471081,-0.6919627,0.6609851,0.28668267,0.6934782,0.20494172,-0.9579788,0.2006877,,0.056947075,-0.027726889,0.0419994,-0.65198576,0.02459963,0.757832,0.50616175,-0.73004705,0.45916402,0.56454843,0.68295395,0.463529,,0.10622659,1.3403009,0.440352,0.9953648,0.013025605,-0.09528514,-0.052939422,-0.75295115,-0.65594363,-0.08028912,0.65794754,-0.7487715,,-0.10074935,0.25387126,-0.09143382,-0.6829581,0.09772258,0.7238912,0.6260952,-0.43216002,0.64903206,0.37626192,0.89648646,0.23396356,,-0.02822044,0.41087994,-0.37972474,0.5965511,-0.07555307,-0.79901093,0.79243857,0.21317658,0.57148653,0.12715285,-0.974088,0.1870419,,1.1855553371865757,0.5442595993109723,0.20375345478,3.4332534446721175,0.36837200336762743,-1.3853213736526402,-0.42093765842803754,,-0.9734118651316284,-0.34027905590408036,0.18347947918000002,-3.4655456959687343,-0.8746102349985843,1.3960202691358938,0.5475293096821041,,-0.05614942369822258,-0.06207917983187331,0.08431779928,-0.06639839657179906,,0.00010892749,6.0796738e-06,-8.940697e-06,1.0,-6.466359e-05,-5.6814402e-05,6.4659864e-05,1.0000001,-6.943941e-06,5.6814402e-05,6.943941e-06,1.0,293,0.909,0,1,0.421,False,-0.2639888982016152,0.7205819794482764
0.9095064380089752,16:00:42.726849,NaN,0,,0.12977855,-0.0058725104,0.027754843,0.7215063,0.013019189,-0.69228524,0.66015583,0.28865665,0.6934492,0.20886073,-0.95734423,0.1996728,,0.0570013,-0.027714953,0.041987896,-0.6518964,0.024420127,0.7579146,0.5062022,-0.7301722,0.45892018,0.56461513,0.68282664,0.46363512,,0.10618482,1.3403025,0.4403478,0.99536616,0.013045141,-0.09526812,-0.052913595,-0.7529508,-0.6559461,-0.08028912,0.65794754,-0.7487715,,-0.10059881,0.25399154,-0.091441214,-0.68302596,0.094291486,0.7242822,0.62810373,-0.4302769,0.6483421,0.37277505,0.89775884,0.23466545,,-0.028233783,0.41087672,-0.37971243,0.59643847,-0.075349666,-0.7991142,0.7925208,0.21301843,0.57143146,0.1271689,-0.9741384,0.18676858,,1.1859260283645383,0.544352272105463,0.20372882527000002,3.4317856150677253,0.3645461813741951,-1.3844886770730764,-0.42159103469257464,,-0.9733964196658799,-0.3403640059656968,0.18348077547000002,-3.46533600602525,-0.8746102349985843,1.3961836266161747,0.546875933417567,,-0.056155968682917556,-0.06207917983187331,0.08431779928,-0.06639839657179906,,6.760284e-05,1.5497208e-06,-2.861023e-06,1.0,-4.52362e-05,-3.9748847e-05,4.522875e-05,1.0,-4.8577785e-06,3.9748847e-05,4.827976e-06,1.0,301,0.933,0,1,0.421,False,-0.2631548101423209,0.719712935834246
0.950907921011094,16:00:42.762242,NaN,0,,0.12979668,-0.0058413073,0.027781084,0.72210616,0.0149188265,-0.6916211,0.65905774,0.28901967,0.6943419,0.2102508,-0.9572069,0.19887047,,0.057002388,-0.027725548,0.041986525,-0.6518788,0.024331875,0.7579326,0.50625396,-0.73017603,0.4588571,0.56458914,0.6828257,0.46366817,,0.10618482,1.3403025,0.4403478,0.99536616,0.013045141,-0.09526812,-0.052913595,-0.7529508,-0.6559461,-0.08028912,0.65794754,-0.7487715,,-0.10061668,0.25403225,-0.09143751,-0.6838306,0.09242156,0.7237637,0.62822527,-0.4299183,0.64846224,0.37109116,0.898125,0.23592974,,-0.028234644,0.41087008,-0.37972084,0.5964226,-0.07526163,-0.7991344,0.7925234,0.2130226,0.57142633,0.1272272,-0.9741443,0.1866981,,1.1859646420289096,0.5445067267629475,0.20372493640000003,3.432414684898179,0.36290654337700984,-1.3831516622287192,-0.42159103469257464,,-0.9733964196658799,-0.3404257878286906,0.18348077547000002,-3.46533600602525,-0.8746102349985843,1.3962653053563154,0.5463859012191641,,-0.056155968682917556,-0.06207917983187331,0.08431779928,-0.06639839657179906,,6.760284e-05,1.5497208e-06,-2.861023e-06,1.0,-4.52362e-05,-3.9748847e-05,4.522875e-05,1.0,-4.8577785e-06,3.9748847e-05,4.827976e-06,1.0,318,0.986,0,1,0.421,False,-0.26351227645344677,0.7197612160350255
0.9863212229683995,16:00:42.805453,NaN,0,,0.12984128,-0.0057921708,0.0277967,0.7228883,0.020261414,-0.6906675,0.6565245,0.29149944,0.6957038,0.21542504,-0.9563564,0.19741933,,0.057007402,-0.02774179,0.041986763,-0.65165067,0.024130747,0.75813514,0.506426,-0.7302566,0.45853895,0.5646981,0.68274665,0.46365187,,0.10618482,1.3403025,0.4403478,0.99536616,0.013045141,-0.09526812,-0.052913595,-0.7529508,-0.6559461,-0.08028912,0.65794754,-0.7487715,,-0.10065848,0.25407907,-0.09141091,-0.6852632,0.08723615,0.72305197,0.6298296,-0.42751792,0.64849293,0.36568972,0.8997879,0.23801841,,-0.028239498,0.4108616,-0.37973475,0.59618443,-0.07505372,-0.79933167,0.79268634,0.21292967,0.5712349,0.12732811,-0.97418064,0.18643941,,1.1859723647617837,0.5445839540916898,0.20373141785,3.4326243748416636,0.3571678103868613,-1.3812491874382484,-0.4219177228248432,,-0.9734041423987541,-0.34052618335605556,0.18348077547000002,-3.4649166261382804,-0.8746102349985843,1.3961836266161747,0.5458958690207611,,-0.056155968682917556,-0.06207917983187331,0.08431779928,-0.06639839657179906,,6.760284e-05,1.5497208e-06,-2.861023e-06,1.0,-4.52362e-05,-3.9748847e-05,4.522875e-05,1.0,-4.8577785e-06,3.9748847e-05,4.827976e-06,1.0,331,1.027,0,1,0.421,False,-0.2637505873275314,0.7187473318186566
1.0295375349815004,16:00:42.846332,NaN,0,,0.1299095,-0.0057050064,0.027810588,0.7240524,0.026564926,-0.68923306,0.65234566,0.29819816,0.6967949,0.22403827,-0.9541342,0.19858153,,0.057005186,-0.02775383,0.04198283,-0.6519359,0.024424609,0.75788045,0.5063465,-0.729966,0.45908904,0.56444013,0.68304694,0.46352375,,0.10618482,1.3403025,0.4403478,0.99536616,0.013045141,-0.09526812,-0.052913595,-0.7529508,-0.6559461,-0.08028912,0.65794754,-0.7487715,,-0.10072061,0.25415283,-0.09135482,-0.6875081,0.08130689,0.7216106,0.6325286,-0.42107397,0.6500802,0.35670742,0.90337473,0.23806281,,-0.028236842,0.41085234,-0.37974322,0.59649134,-0.07537492,-0.7990724,0.79244703,0.21331182,0.57142437,0.12738052,-0.9740722,0.1869693,,1.186018701159029,0.5446766268861805,0.20375475107000002,3.432834064785148,0.3476032554032805,-1.3818628444139769,-0.4207743143619035,,-0.9734041423987541,-0.3405879652190493,0.18348077547000002,-3.4655456959687343,-0.8746102349985843,1.3961836266161747,0.5449158046239555,,-0.056155968682917556,-0.06207917983187331,0.08431779928,-0.06639839657179906,,6.760284e-05,1.5497208e-06,-2.861023e-06,1.0,-4.52362e-05,-3.9748847e-05,4.522875e-05,1.0,-4.8577785e-06,3.9748847e-05,4.827976e-06,1.0,344,1.068,0,1,0.421,False,-0.2630356547052788,0.7176851674015086
1.070399707998149,16:00:42.894264,NaN,0,,0.1299555,-0.0055911317,0.02781345,0.7228172,0.034633324,-0.69017065,0.6504878,0.30299622,0.69646186,0.23323977,-0.9523623,0.19648224,,0.0570046,-0.027768016,0.04197967,-0.65180326,0.024301931,0.75799847,0.50645936,-0.73000103,0.45890898,0.5644921,0.6830139,0.46350914,,0.10618482,1.3403025,0.4403478,0.99536616,0.013045141,-0.09526812,-0.052913595,-0.7529508,-0.6559461,-0.08028912,0.65794754,-0.7487715,,-0.10075758,0.25423896,-0.09127543,-0.6872401,0.07351554,0.72270083,0.6373439,-0.41634163,0.648423,0.34855962,0.9062313,0.23927201,,-0.028235847,0.41084245,-0.37975383,0.59635365,-0.075249545,-0.79918694,0.7925385,0.21327533,0.5713111,0.12745596,-0.9740899,0.1868257,,1.1862889968096269,0.5448079133450423,0.2038027138,3.4294790256893957,0.3387218829185269,-1.3808282649243924,-0.4207743143619034,,-0.9733809742001315,-0.3406729152806658,0.18348077547000002,-3.46533600602525,-0.8746102349985843,1.3961836266161747,0.5434457080287469,,-0.056155968682917556,-0.06207917983187331,0.08431779928,-0.06639839657179906,,6.760284e-05,1.5497208e-06,-2.861023e-06,1.0,-4.52362e-05,-3.9748847e-05,4.522875e-05,1.0,-4.8577785e-06,3.9748847e-05,4.827976e-06,1.0,353,1.097,0,1,0.421,False,-0.2626781883941529,0.7115053017017381
1.1183491389965639,16:00:42.920363,NaN,0,,0.13002536,-0.0054473802,0.02781953,0.72376,0.041949682,-0.68877524,0.64563257,0.31116486,0.6973773,0.24357738,-0.9494297,0.19812459,,0.057007838,-0.027778074,0.04197985,-0.65168715,0.02428595,0.7580988,0.5065554,-0.7299795,0.45883715,0.5645399,0.68303746,0.46341613,,0.10618482,1.3403025,0.4403478,0.99536616,0.013045141,-0.09526812,-0.052913595,-0.7529508,-0.6559461,-0.08028912,0.65794754,-0.7487715,,-0.1008162,0.25434935,-0.091175616,-0.68947065,0.06663329,0.7212422,0.64070237,-0.40833336,0.65020335,0.33783242,0.91039765,0.23884174,,-0.028238993,0.41083726,-0.3797625,0.596233,-0.075235836,-0.7992783,0.7926192,0.21330771,0.57118696,0.12751849,-0.9740839,0.18681446,,1.1865052333301052,0.5449855362011494,0.20386363943000002,3.429269335745911,0.3273810534379953,-1.3818721001753,-0.4214276906264405,,-0.9733886969330057,-0.3407346971436596,0.18348077547000002,-3.4651263160817645,-0.8746102349985843,1.3960202691358936,0.5390354182431214,,-0.056155968682917556,-0.06207917983187331,0.08431779928,-0.06639839657179906,,6.760284e-05,1.5497208e-06,-2.861023e-06,1.0,-4.52362e-05,-3.9748847e-05,4.522875e-05,1.0,-4.8577785e-06,3.9748847e-05,4.827976e-06,1.0,366,1.138,0,1,0.421,False,-0.26243987752006825,0.7031528269668916
