Task Time,PC1 Time,PC2 Time,Gaze Calib,s_T_psm1,Tx,Ty,Tz,R00,R01,R02,R10,R11,R12,R20,R21,R22,s_T_psm3,Tx,Ty,Tz,R00,R01,R02,R10,R11,R12,R20,R21,R22,cart_T_ecm,Tx,Ty,Tz,R00,R01,R02,R10,R11,R12,R20,R21,R22,ecm_T_psm1,Tx,Ty,Tz,R00,R01,R02,R10,R11,R12,R20,R21,R22,ecm_T_psm3,Tx,Ty,Tz,R00,R01,R02,R10,R11,R12,R20,R21,R22,psm1_joints,q1,q2,q3,q4,q5,q6,jaw,psm3_joints,q1,q2,q3,q4,q5,q6,jaw,ecm_joints,q1,q2,q3,q4,ecmi_T_ecm,Tx,Ty,Tz,R00,R01,R02,R10,R11,R12,R20,R21,R22,Sample #,Task Duration (s),Collisions (binary),Collisions (increments),Cumulative Collision Time (s),Clutch Press,MTMR Angle,MTML Angle
""
lci_T_si,,,,,-0.058161814,0.028812556,0.22338274,0.99118906,-0.064254425,0.115825556,0.028569233,-0.75016135,-0.6606374,0.12933673,0.65812564,-0.741716
rci_T_si,,,,,-0.067850515,0.03317108,0.23398167,0.98941356,-0.079541974,0.12138337,0.022701237,-0.7412876,-0.67080355,0.14333703,0.66645765,-0.73163426
ecm_T_lc,,,,,-4.4061628e-05,-0.00034663224,-0.01840835,-0.99912,0.030754527,0.028518902,-0.031987965,-0.99852574,-0.043852776,0.027128186,-0.04472645,0.9986309
ecm_T_rc,,,,,-0.0043358393,0.01870579,-0.007592615,-0.99555075,-0.052743673,-0.078081585,0.04863213,-0.9973746,0.053654674,-0.08070653,0.04961868,0.9955021
cart_T_ecmi,,,,,0.106117226,1.3403053,0.44034997,0.9953694,0.013090626,-0.0952285,-0.052853465,-0.75295,-0.65595186,-0.08028912,0.65794754,-0.7487715
ecmac_T_ecmrep_psm1,,,,,0.006928962,-0.26080152,-0.2999526,0.99741316,0.06053514,0.03876121,-0.0592658,0.9976933,-0.033100393,-0.040675536,0.030717555,0.99870014
ecmac_T_ecmrep_psm3,,,,,-0.019041438,-0.46633056,-0.5465172,0.99408877,-0.01321918,0.10776258,-0.016145537,0.96352404,0.2671344,-0.107363135,-0.2672952,0.95761496
""
0,16:03:45.601408,16:03:35.582056,0,,0.12268153,-0.00074040145,0.03387986,0.67878604,0.51803696,-0.520468,0.507856,0.18076867,0.8422619,0.5304071,-0.8360385,-0.14038497,,0.06479846,-0.04529065,0.019729793,0.6495043,0.5226686,0.5522333,0.59544134,-0.80129707,0.05807537,0.47285706,0.29110232,-0.8316643,,0.106075004,1.3403084,0.44035286,0.9953717,0.013123866,-0.09519954,-0.052809525,-0.7529494,-0.65595603,-0.08028912,0.65794754,-0.7487715,,-0.093593255,0.26191384,-0.09335933,-0.68102515,-0.42639595,0.5953077,0.73165756,-0.42920756,0.5295829,0.029698541,0.79622066,0.60427696,,-0.033827472,0.38224828,-0.38330188,-0.69329756,-0.5376235,-0.47989526,0.657115,-0.19821835,-0.72726154,0.29586887,-0.81955504,0.49070477,,1.2454991897563064,0.5460512733377924,0.20065791426000001,3.3474902577869465,-0.0009564554983580831,-0.9358301878659523,-0.40721675687275805,,-0.9255772577086817,-0.4108107752443728,0.20149791018000002,-2.179517272578146,-0.017489471969976376,0.006011938918945137,0.8208039323247532,,-0.055632369907319255,-0.0618370153981591,0.08432137115999999,-0.06574422517700301,,-4.2423606e-05,-9.536743e-07,-1.1920929e-07,1.0,3.30545e-05,2.9046088e-05,-3.30545e-05,1.0,3.516674e-06,-2.9046088e-05,-3.5464764e-06,1.0,33,0.099,0,0,0.0,False,-0.26243987752006825,0.9945721188717032
0.12059298000531271,16:03:45.624158,16:03:35.656411,0,,0.1226297,-0.00075636804,0.0340562,0.6759856,0.52278477,-0.5193643,0.50518036,0.1843549,0.8430933,0.53650373,-0.83229154,-0.13947937,,0.06480093,-0.045310035,0.019727051,0.649535,0.5225792,0.5522817,0.59544605,-0.8013055,0.057909757,0.47280878,0.29123956,-0.83164376,,0.106075004,1.3403084,0.44035286,0.9953717,0.013123866,-0.09519954,-0.052809525,-0.7529494,-0.65595603,-0.08028912,0.65794754,-0.7487715,,-0.093558624,0.2620207,-0.093505695,-0.6789926,-0.43116006,0.594197,0.7337816,-0.4240399,0.53080577,0.023100987,0.796424,0.6042973,,-0.03382951,0.38223588,-0.3833171,-0.69332415,-0.53754604,-0.47994366,0.6570736,-0.19809787,-0.72733176,0.2958985,-0.819635,0.49055335,,1.246078394721873,0.5460976097350377,0.20050884091,3.3443449086346786,-0.007651643986864665,-0.9353531137334018,-0.40738010093889254,,-0.9255772577086817,-0.4109111707717377,0.20150050276000003,-2.179517272578146,-0.017489471969976376,0.006093617659085726,0.820640588258619,,-0.055632369907319255,-0.0618370153981591,0.08432137115999999,-0.06574422517700301,,-4.2423606e-05,-9.536743e-07,-1.1920929e-07,1.0,3.30545e-05,2.9046088e-05,-3.30545e-05,1.0,3.516674e-06,-2.9046088e-05,-3.5464764e-06,1.0,41,0.123,0,0,0.0,False,-0.2622015666459845,0.9944272782693651
0.1433405689895153,16:03:45.651994,16:03:35.656411,0,,0.12255606,-0.00077126175,0.034313932,0.6682408,0.5327198,-0.5192915,0.5036359,0.18980509,0.8428079,0.5475446,-0.8247324,-0.14146134,,0.06480298,-0.04532872,0.019725561,0.64963686,0.5225961,0.55214596,0.59545624,-0.801304,0.057825416,0.47265616,0.29121324,-0.83173966,,0.106075004,1.3403084,0.44035286,0.9953717,0.013123866,-0.09519954,-0.052809525,-0.7529494,-0.65595603,-0.08028912,0.65794754,-0.7487715,,-0.09350943,0.26218313,-0.09371371,-0.6723982,-0.44126537,0.5942773,0.7400747,-0.41493586,0.5292614,0.013042221,0.79568404,0.60557145,,-0.03383124,0.382225,-0.3833324,-0.69341266,-0.53756064,-0.47979936,0.6569398,-0.19812103,-0.7274463,0.2959882,-0.8196198,0.4905246,,1.246935618070912,0.54617483706378,0.20029754564000002,3.334908861177875,-0.0178993814692727,-0.9328776402462908,-0.4083601653356981,,-0.9255849804415559,-0.41100384356622843,0.20150179905,-2.179517272578146,-0.017352835470210937,0.0059821997553893,0.820640588258619,,-0.055632369907319255,-0.0618370153981591,0.08432137115999999,-0.06574422517700301,,-4.2423606e-05,-9.536743e-07,-1.1920929e-07,1.0,3.30545e-05,2.9046088e-05,-3.30545e-05,1.0,3.516674e-06,-2.9046088e-05,-3.5464764e-06,1.0,49,0.147,0,0,0.0,False,-0.26196325577190027,0.9942341574662472
0.17117106000659987,16:03:45.672609,16:03:35.656411,0,,0.12249355,-0.00078781694,0.03447582,0.664694,0.5371661,-0.51926315,0.50202036,0.19360936,0.84290636,0.553315,-0.8209555,-0.14097732,,0.064803675,-0.04532866,0.019724548,0.64963686,0.522551,0.5521887,0.59545624,-0.8013087,0.05775991,0.47265616,0.29128116,-0.83171594,,0.106075004,1.3403084,0.44035286,0.9953717,0.013123866,-0.09519954,-0.052809525,-0.7529494,-0.65595603,-0.08028912,0.65794754,-0.7487715,,-0.09346294,0.26227984,-0.093851104,-0.66951257,-0.4457156,0.5942142,0.74276483,-0.40958625,0.5296598,0.007304322,0.7959753,0.605285,,-0.03383184,0.38222405,-0.38333178,-0.69341266,-0.5375215,-0.47984326,0.6569398,-0.1980616,-0.72746253,0.2959882,-0.8196598,0.49045765,,1.2475302685022274,0.5461825597966542,0.20015884261000003,3.330715062308185,-0.023774750959186637,-0.9326606798352162,-0.40378653148393817,,-0.9255849804415559,-0.41100384356622843,0.20150309534000002,-2.179517272578146,-0.017352835470210937,0.006063878495529834,0.8204772441924847,,-0.055632369907319255,-0.0618370153981591,0.08432137115999999,-0.06574422517700301,,-4.2423606e-05,-9.536743e-07,-1.1920929e-07,1.0,3.30545e-05,2.9046088e-05,-3.30545e-05,1.0,3.516674e-06,-2.9046088e-05,-3.5464764e-06,1.0,56,0.169,0,0,0.0,False,-0.26202283349042155,0.994330717867806
0.19177963503170758,16:03:45.696710,16:03:35.656411,0,,0.12241314,-0.0008057356,0.03470792,0.6581119,0.54600775,-0.5184245,0.4998798,0.19804159,0.8431488,0.56303537,-0.81403625,-0.14260477,,0.06480467,-0.045325592,0.019725382,0.6496305,0.52259874,0.55215096,0.5954527,-0.8013055,0.057840943,0.47266924,0.29120457,-0.8317353,,0.106075004,1.3403084,0.44035286,0.9953717,0.013123866,-0.09519954,-0.052809525,-0.7529494,-0.65595603,-0.08028912,0.65794754,-0.7487715,,-0.09340501,0.26242277,-0.09404309,-0.66400295,-0.4547586,0.5935442,0.74772716,-0.40166444,0.52874357,-0.0020450854,0.7948964,0.6067417,,-0.033832934,0.38222623,-0.38332954,-0.6934074,-0.5375625,-0.4798049,0.65694976,-0.19812943,-0.72743505,0.2959783,-0.81961656,0.49053594,,1.2483566009197693,0.5461825597966542,0.19996569540000003,3.3229565343992573,-0.03333930594276747,-0.9299255084651814,-0.4064000365420867,,-0.9255927031744302,-0.41098839810047993,0.20150309534000002,-2.179517272578146,-0.017352835470210937,0.0059821997553893,0.8203139001263504,,-0.055632369907319255,-0.0618370153981591,0.08432137115999999,-0.06574422517700301,,-4.2423606e-05,-9.536743e-07,-1.1920929e-07,1.0,3.30545e-05,2.9046088e-05,-3.30545e-05,1.0,3.516674e-06,-2.9046088e-05,-3.5464764e-06,1.0,68,0.205,0,0,0.0,False,-0.2620824112089424,0.9946686792732624
0.21584102499764413,16:03:45.726430,16:03:35.656411,0,,0.12233566,-0.0008417368,0.034859672,0.6553048,0.5489386,-0.5188852,0.49965963,0.20016095,0.8427788,0.5664943,-0.811543,-0.14311606,,0.06480404,-0.045322552,0.019723594,0.6496274,0.5226098,0.55214417,0.59545475,-0.80130285,0.057856202,0.4726709,0.2911919,-0.8317388,,0.106075004,1.3403084,0.44035286,0.9953717,0.013123866,-0.09519954,-0.052809525,-0.7529494,-0.65595603,-0.08028912,0.65794754,-0.7487715,,-0.09334428,0.2624983,-0.09418779,-0.66153824,-0.4577228,0.5940177,0.7498943,-0.39842305,0.5281265,-0.0050652158,0.7948263,0.6068158,,-0.033832185,0.38222632,-0.38332605,-0.6934045,-0.53757244,-0.479798,0.6569525,-0.19813982,-0.72742975,0.29597908,-0.8196075,0.4905506,,1.2491906560701855,0.54617483706378,0.19975958529,3.318553045586082,-0.0364819454373726,-0.9297315801442401,-0.40721675687275827,,-0.9255849804415559,-0.4109729526347315,0.20150439163000003,-2.179517272578146,-0.017352835470210937,0.0059821997553893,0.8203139001263504,,-0.055632369907319255,-0.0618370153981591,0.08432137115999999,-0.06574422517700301,,-4.2423606e-05,-9.536743e-07,-1.1920929e-07,1.0,3.30545e-05,2.9046088e-05,-3.30545e-05,1.0,3.516674e-06,-2.9046088e-05,-3.5464764e-06,1.0,76,0.229,0,0,0.0,False,-0.26190367805337944,0.9945721188717032
0.24561300402274355,16:03:45.752880,16:03:35.765499,0,,0.122205436,-0.00089336187,0.035032526,0.6510627,0.5507096,-0.52233696,0.5025867,0.20291045,0.84037745,0.56879157,-0.80965805,-0.14467192,,0.06480412,-0.045324072,0.019723535,0.6496298,0.52260625,0.55214465,0.59545517,-0.80130315,0.057848513,0.47266728,0.2911973,-0.831739,,0.106075004,1.3403084,0.44035286,0.9953717,0.013123866,-0.09519954,-0.052809525,-0.7529494,-0.65595603,-0.08028912,0.65794754,-0.7487715,,-0.09323429,0.26257652,-0.09436465,-0.6572991,-0.45943215,0.5973943,0.7536112,-0.39512298,0.52530754,-0.005298974,0.7954872,0.6059472,,-0.03383225,0.3822255,-0.38332734,-0.6934065,-0.53756946,-0.47979835,0.65694934,-0.19813511,-0.72743386,0.29598135,-0.8196106,0.4905441,,1.2497312473713813,0.5461825597966542,0.19964291919000002,3.313310796998969,-0.036891854936668925,-0.9294790051732914,-0.407053412806624,,-0.9255849804415559,-0.41098067536760574,0.20150439163000003,-2.179517272578146,-0.017352835470210937,0.0059821997553893,0.8203139001263504,,-0.055632369907319255,-0.0618370153981591,0.08432137115999999,-0.06574422517700301,,-4.2423606e-05,-9.536743e-07,-1.1920929e-07,1.0,3.30545e-05,2.9046088e-05,-3.30545e-05,1.0,3.516674e-06,-2.9046088e-05,-3.5464764e-06,1.0,83,0.251,0,0,0.0,False,-0.2623802998015474,0.9945721188717032
0.272063386044465,16:03:45.769480,16:03:35.765499,0,,0.12213336,-0.00090833753,0.03512694,0.6441714,0.55495906,-0.526368,0.50665385,0.20595604,0.83718824,0.5730139,-0.8059792,-0.14850119,,0.06480429,-0.045327097,0.019723475,0.6496345,0.5225995,0.5521455,0.5954559,-0.80130374,0.057833076,0.47265983,0.2912079,-0.83173954,,0.106075004,1.3403084,0.44035286,0.9953717,0.013123866,-0.09519954,-0.052809525,-0.7529494,-0.65595603,-0.08028912,0.65794754,-0.7487715,,-0.09317223,0.26262903,-0.09445255,-0.6505098,-0.4637378,0.6014851,0.75947005,-0.39040053,0.5203774,-0.0064985906,0.7953205,0.6061543,,-0.03383238,0.3822239,-0.38332987,-0.69341063,-0.5375636,-0.47979903,0.65694296,-0.19812572,-0.7274422,0.2959859,-0.81961673,0.4905311,,1.2502100568095833,0.5461671143309058,0.19955477147000003,3.3040844394856506,-0.03825821993432332,-0.9285281836166083,-0.40672672467435544,,-0.9255849804415559,-0.4109961208333542,0.20150439163000003,-2.179517272578146,-0.017352835470210937,0.0059821997553893,0.8203139001263504,,-0.055632369907319255,-0.0618370153981591,0.08432137115999999,-0.06574422517700301,,-4.2423606e-05,-9.536743e-07,-1.1920929e-07,1.0,3.30545e-05,2.9046088e-05,-3.30545e-05,1.0,3.516674e-06,-2.9046088e-05,-3.5464764e-06,1.0,91,0.274,0,0,0.0,False,-0.2613079008681689,0.9946203990724829
0.2886694100452587,16:03:45.796714,16:03:35.765499,0,,0.122067586,-0.0009133145,0.0352052,0.6373566,0.5591057,-0.5302614,0.5104785,0.20912102,0.8340746,0.5772246,-0.80228996,-0.15212682,,0.06480545,-0.045327023,0.01972419,0.6496329,0.5225953,0.55215144,0.5954531,-0.80130583,0.057833225,0.47266552,0.29120994,-0.8317356,,0.106075004,1.3403084,0.44035286,0.9953717,0.013123866,-0.09519954,-0.052809525,-0.7529494,-0.65595603,-0.08028912,0.65794754,-0.7487715,,-0.09311421,0.2626781,-0.09452115,-0.6438144,-0.46793285,0.605427,0.76514155,-0.38558263,0.5156399,-0.007842686,0.79521376,0.6062785,,-0.033833597,0.38222447,-0.38333017,-0.6934095,-0.5375595,-0.47980523,0.6569466,-0.19812474,-0.7274392,0.29598057,-0.81961966,0.49052945,,1.2506579753162883,0.5461439461322831,0.19948606810000002,3.2950677719158152,-0.03976122143174317,-0.9277109803766505,-0.40591000434368407,,-0.9255927031744302,-0.4109961208333542,0.20150439163000003,-2.179517272578146,-0.017352835470210937,0.0059821997553893,0.8203139001263504,,-0.055632369907319255,-0.0618370153981591,0.08432137115999999,-0.06574422517700301,,-4.2423606e-05,-9.536743e-07,-1.1920929e-07,1.0,3.30545e-05,2.9046088e-05,-3.30545e-05,1.0,3.516674e-06,-2.9046088e-05,-3.5464764e-06,1.0,99,0.299,0,0,0.0,False,-0.2622015666459845,0.9945238386709241
0.31539448600960895,16:03:45.815981,16:03:35.765499,0,,0.12202564,-0.0009170696,0.035302624,0.62874246,0.5659554,-0.5332703,0.5138916,0.21227252,0.8311775,0.5836079,-0.79663974,-0.15737498,,0.06480553,-0.045328543,0.01972419,0.64963526,0.5225919,0.55215186,0.59545344,-0.80130607,0.057825565,0.4726618,0.29121524,-0.83173573,,0.106075004,1.3403084,0.44035286,0.9953717,0.013123866,-0.09519954,-0.052809525,-0.7529494,-0.65595603,-0.08028912,0.65794754,-0.7487715,,-0.09308147,0.26274088,-0.0946002,-0.6355565,-0.47498623,0.608651,0.77197206,-0.3794594,0.50997025,-0.011270521,0.7939765,0.607844,,-0.033833664,0.38222367,-0.38333145,-0.6934115,-0.5375566,-0.4798056,0.6569434,-0.19812004,-0.72744334,0.29598287,-0.8196227,0.49052295,,1.251028666494251,0.5461516688651573,0.19940699441,3.28416389485462,-0.043313770425644625,-0.9250591511009651,-0.4060733484098181,,-0.9255927031744302,-0.41100384356622843,0.20150439163000003,-2.179517272578146,-0.017352835470210937,0.0059821997553893,0.8203139001263504,,-0.055632369907319255,-0.0618370153981591,0.08432137115999999,-0.06574422517700301,,-4.2423606e-05,-9.536743e-07,-1.1920929e-07,1.0,3.30545e-05,2.9046088e-05,-3.30545e-05,1.0,3.516674e-06,-2.9046088e-05,-3.5464764e-06,1.0,107,0.323,0,0,0.0,False,-0.2626781883941529,0.9947169594740419
0.3351383419940248,16:03:45.842162,16:03:35.765499,0,,0.12198533,-0.00091730803,0.035492018,0.61655515,0.5790068,-0.53348905,0.51401734,0.21723142,0.8298174,0.5963605,-0.7858509,-0.16368446,,0.06480429,-0.045327097,0.019723475,0.6496345,0.5225995,0.5521455,0.5954559,-0.80130374,0.057833076,0.47265983,0.2912079,-0.83173954,,0.106075004,1.3403084,0.44035286,0.9953717,0.013123866,-0.09519954,-0.052809525,-0.7529494,-0.65595603,-0.08028912,0.65794754,-0.7487715,,-0.09305819,0.26286814,-0.094744265,-0.62457085,-0.48850995,0.60931873,0.78065836,-0.36855087,0.5047205,-0.02199607,0.79090345,0.6115455,,-0.03383238,0.3822239,-0.38332987,-0.69341063,-0.5375636,-0.47979903,0.65694296,-0.19812572,-0.7274422,0.2959859,-0.81961673,0.4905311,,1.2515924259940694,0.5461130552007862,0.19926440251000002,3.2699049786976726,-0.054244690406879854,-0.9193311896707335,-0.4062366924759525,,-0.9255849804415559,-0.4109961208333542,0.20150439163000003,-2.179517272578146,-0.017352835470210937,0.0059821997553893,0.8203139001263504,,-0.055632369907319255,-0.0618370153981591,0.08432137115999999,-0.06574422517700301,,-4.2423606e-05,-9.536743e-07,-1.1920929e-07,1.0,3.30545e-05,2.9046088e-05,-3.30545e-05,1.0,3.516674e-06,-2.9046088e-05,-3.5464764e-06,1.0,118,0.357,0,0,0.0,False,-0.26285692154971585,0.994330717867806
0.3613323860336095,16:03:45.873958,16:03:35.765499,0,,0.121936396,-0.00092507154,0.035670444,0.60396266,0.59126526,-0.53444755,0.5137644,0.22383311,0.8282181,0.60932356,-0.77479297,-0.1685842,,0.06480421,-0.045325577,0.019723475,0.6496321,0.5226029,0.55214506,0.59545547,-0.80130345,0.057840794,0.47266352,0.2912026,-0.83173925,,0.106075004,1.3403084,0.44035286,0.9953717,0.013123866,-0.09519954,-0.052809525,-0.7529494,-0.65595603,-0.08028912,0.65794754,-0.7487715,,-0.09302595,0.26298246,-0.094886325,-0.6132311,-0.5011411,0.61057776,0.7892065,-0.35624462,0.5002428,-0.03317719,0.78863645,0.6139641,,-0.033832315,0.3822247,-0.3833286,-0.69340855,-0.53756654,-0.47979867,0.6569461,-0.19813041,-0.72743803,0.29598364,-0.81961364,0.49053758,,1.2521484627610135,0.5459663232761759,0.19912569948000003,3.255436372597241,-0.06572215638717686,-0.9151178463890894,-0.4077067890711611,,-0.9255849804415559,-0.41098839810047993,0.20150439163000003,-2.179517272578146,-0.017352835470210937,0.0059821997553893,0.8203139001263504,,-0.055632369907319255,-0.0618370153981591,0.08432137115999999,-0.06574422517700301,,-4.2423606e-05,-9.536743e-07,-1.1920929e-07,1.0,3.30545e-05,2.9046088e-05,-3.30545e-05,1.0,3.516674e-06,-2.9046088e-05,-3.5464764e-06,1.0,122,0.369,0,0,0.0,False,-0.26160578946077395,0.9951032010802774
0.3931165109970607,16:03:45.899076,16:03:35.932880,0,,0.121872425,-0.00092472136,0.0358593,0.58706766,0.60883904,-0.5335413,0.514114,0.22870192,0.8266695,0.6253305,-0.759612,-0.1787492,,0.06480437,-0.045328602,0.019723475,0.64963686,0.5225961,0.55214596,0.59545624,-0.801304,0.057825416,0.47265616,0.29121324,-0.83173966,,0.106075004,1.3403084,0.44035286,0.9953717,0.013123866,-0.09519954,-0.052809525,-0.7529494,-0.65595603,-0.08028912,0.65794754,-0.7487715,,-0.09297907,0.26310983,-0.09503243,-0.59784055,-0.5195504,0.61045396,0.8002535,-0.34245488,0.492259,-0.046700414,0.78281033,0.62050545,,-0.033832442,0.3822231,-0.38333115,-0.69341266,-0.53756064,-0.47979936,0.6569398,-0.19812103,-0.7274463,0.2959882,-0.8196198,0.4905246,,1.2528203405210712,0.5457191958242007,0.19898181129000003,3.235725517909695,-0.07993235236278266,-0.9050006017271917,-0.40738010093889254,,-0.9255849804415559,-0.41100384356622843,0.20150439163000003,-2.179517272578146,-0.017352835470210937,0.0059821997553893,0.8203139001263504,,-0.055632369907319255,-0.0618370153981591,0.08432137115999999,-0.06574422517700301,,-4.2423606e-05,-9.536743e-07,-1.1920929e-07,1.0,3.30545e-05,2.9046088e-05,-3.30545e-05,1.0,3.516674e-06,-2.9046088e-05,-3.5464764e-06,1.0,134,0.405,0,0,0.0,False,-0.26148663402373185,0.9946686792732624
0.4180745980120264,16:03:45.927851,16:03:35.932880,0,,0.121800706,-0.0009265691,0.03596951,0.5751365,0.61836976,-0.5355713,0.51654404,0.23315653,0.8239056,0.63435024,-0.7505044,-0.18531838,,0.06480623,-0.045328453,0.019723058,0.64963526,0.5225919,0.55215186,0.59545344,-0.80130607,0.057825565,0.4726618,0.29121524,-0.83173573,,0.106075004,1.3403084,0.44035286,0.9953717,0.013123866,-0.09519954,-0.052809525,-0.7529494,-0.65595603,-0.08028912,0.65794754,-0.7487715,,-0.09291775,0.26318267,-0.0951231,-0.58659875,-0.52946913,0.612833,0.8081342,-0.33304554,0.48579812,-0.053113807,0.7802199,0.6232462,,-0.033834264,0.3822227,-0.3833308,-0.6934115,-0.5375566,-0.4798056,0.6569434,-0.19812004,-0.72744334,0.29598287,-0.8196227,0.49052295,,1.2533145954250215,0.5455415729680936,0.19889884873000002,3.2220956715832014,-0.08635426785175836,-0.9005807476548655,-0.40721675687275805,,-0.9255927031744302,-0.41100384356622843,0.20150568792,-2.179517272578146,-0.017352835470210937,0.0059821997553893,0.8203139001263504,,-0.055632369907319255,-0.0618370153981591,0.08432137115999999,-0.06574422517700301,,-4.2423606e-05,-9.536743e-07,-1.1920929e-07,1.0,3.30545e-05,2.9046088e-05,-3.30545e-05,1.0,3.516674e-06,-2.9046088e-05,-3.5464764e-06,1.0,142,0.43,0,0,0.0,False,-0.26309523242380006,0.9943789980685855
0.4470226860139519,16:03:45.953733,16:03:35.932880,0,,0.12165417,-0.000937134,0.036158487,0.5592792,0.6327882,-0.5355236,0.51782954,0.23778516,0.8217732,0.6473479,-0.7369106,-0.19468814,,0.06480576,-0.045328453,0.01972127,0.64963686,0.5225961,0.55214596,0.59545624,-0.801304,0.057825416,0.47265616,0.29121324,-0.83173966,,0.106075004,1.3403084,0.44035286,0.9953717,0.013123866,-0.09519954,-0.052809525,-0.7529494,-0.65595603,-0.08028912,0.65794754,-0.7487715,,-0.09278975,0.26330215,-0.09528632,-0.5718995,-0.544624,0.61344576,0.81784844,-0.3204968,0.47791818,-0.06367831,0.7750268,0.6287118,,-0.033833645,0.3822212,-0.38332987,-0.69341266,-0.53756064,-0.47979936,0.6569398,-0.19812103,-0.7274463,0.2959882,-0.8196198,0.4905246,,1.2543108279657964,0.5451708817901308,0.19874329393,3.2038526465000476,-0.09742182433275903,-0.891637576195596,-0.4068900687404896,,-0.9255849804415559,-0.41100384356622843,0.20150698421000002,-2.179517272578146,-0.017352835470210937,0.0059821997553893,0.8203139001263504,,-0.055632369907319255,-0.0618370153981591,0.08432137115999999,-0.06574422517700301,,-4.2423606e-05,-9.536743e-07,-1.1920929e-07,1.0,3.30545e-05,2.9046088e-05,-3.30545e-05,1.0,3.516674e-06,-2.9046088e-05,-3.5464764e-06,1.0,150,0.454,0,0,0.0,False,-0.26190367805337944,0.9948135198756005
0.47291731700534,16:03:45.968855,16:03:35.932880,0,,0.12160066,-0.00093755126,0.036233112,0.55457044,0.637893,-0.5343631,0.5173842,0.23862731,0.8218095,0.6517402,-0.7322222,-0.19770011,,0.06480496,-0.04532917,0.019720674,0.64971185,0.52265817,0.5519989,0.59546477,-0.80129707,0.057833284,0.47254223,0.29112098,-0.83183676,,0.106075004,1.3403084,0.44035286,0.9953717,0.013123866,-0.09519954,-0.052809525,-0.7529494,-0.65595603,-0.08028912,0.65794754,-0.7487715,,-0.09274324,0.2633521,-0.09534776,-0.56764644,-0.55004096,0.6125622,0.8204793,-0.31672713,0.47591776,-0.06775921,0.7727476,0.63108623,,-0.033832785,0.3822204,-0.38333023,-0.69347775,-0.53761464,-0.47964472,0.65684056,-0.19820154,-0.727514,0.29605588,-0.8195649,0.49057546,,1.2546969646095076,0.5450550407970175,0.19868496088,3.1986103979129346,-0.10165755582548769,-0.8878569062204447,-0.4068900687404896,,-0.9255849804415559,-0.41100384356622843,0.20150698421000002,-2.179517272578146,-0.017216198970445497,0.0058707818516928745,0.8203139001263504,,-0.055632369907319255,-0.0618370153981591,0.08432137115999999,-0.06574422517700301,,-4.2423606e-05,-9.536743e-07,-1.1920929e-07,1.0,3.30545e-05,2.9046088e-05,-3.30545e-05,1.0,3.516674e-06,-2.9046088e-05,-3.5464764e-06,1.0,165,0.501,0,0,0.0,False,-0.2622015666459845,0.9953446020841747
0.48804369498975575,16:03:46.017680,16:03:35.932880,0,,0.12123524,-0.000911437,0.036563084,0.53503716,0.658261,-0.52955395,0.5150747,0.24268165,0.82207286,0.6696515,-0.7125995,-0.20920986,,0.06480496,-0.04532917,0.019720674,0.64971185,0.52265817,0.5519989,0.59546477,-0.80129707,0.057833284,0.47254223,0.29112098,-0.83183676,,0.106075004,1.3403084,0.44035286,0.9953717,0.013123866,-0.09519954,-0.052809525,-0.7529494,-0.65595603,-0.08028912,0.65794754,-0.7487715,,-0.092407465,0.26359385,-0.09561593,-0.550013,-0.5716811,0.60882384,0.83084285,-0.30055645,0.46836522,-0.0847696,0.7634439,0.64028704,,-0.033832785,0.3822204,-0.38333023,-0.69347775,-0.53761464,-0.47964472,0.65684056,-0.19820154,-0.727514,0.29605588,-0.8195649,0.49057546,,1.2571296254648883,0.5443213811739661,0.19843348062000002,3.176592953847059,-0.11955693729476038,-0.872035979734105,-0.4070534128066239,,-0.9255849804415559,-0.41100384356622843,0.20150698421000002,-2.179517272578146,-0.017216198970445497,0.0058707818516928745,0.820640588258619,,-0.055632369907319255,-0.0618370153981591,0.08432137115999999,-0.06574422517700301,,-4.2423606e-05,-9.536743e-07,-1.1920929e-07,1.0,3.30545e-05,2.9046088e-05,-3.30545e-05,1.0,3.516674e-06,-2.9046088e-05,-3.5464764e-06,1.0,173,0.524,0,0,0.0,False,-0.2617249448978165,0.9949100802771598
0.536852243996691,16:03:46.048817,16:03:36.071913,0,,0.12096803,-0.0008918196,0.036668435,0.5261274,0.662909,-0.5326737,0.51662403,0.24838793,0.819392,0.67549205,-0.7062968,-0.21179098,,0.06480496,-0.04532917,0.019720674,0.64971185,0.52265817,0.5519989,0.59546477,-0.80129707,0.057833284,0.47254223,0.29112098,-0.83183676,,0.106075004,1.3403084,0.44035286,0.9953717,0.013123866,-0.09519954,-0.052809525,-0.7529494,-0.65595603,-0.08028912,0.65794754,-0.7487715,,-0.09214989,0.26367956,-0.095711775,-0.5415598,-0.57640535,0.6119394,0.8359294,-0.2921008,0.4646495,-0.08907847,0.76317364,0.64002424,,-0.033832785,0.3822204,-0.38333023,-0.69347775,-0.53761464,-0.47964472,0.65684056,-0.19820154,-0.727514,0.29605588,-0.8195649,0.49057546,,1.2586818947726075,0.5437498989412735,0.19834533290000003,3.165689076785864,-0.12447585128631626,-0.8703936186651101,-0.4068900687404895,,-0.9255849804415559,-0.41100384356622843,0.20150698421000002,-2.179517272578146,-0.017216198970445497,0.0058707818516928745,0.8209672763908875,,-0.055632369907319255,-0.0618370153981591,0.08432137115999999,-0.06574422517700301,,-4.2423606e-05,-9.536743e-07,-1.1920929e-07,1.0,3.30545e-05,2.9046088e-05,-3.30545e-05,1.0,3.516674e-06,-2.9046088e-05,-3.5464764e-06,1.0,181,0.549,0,0,0.0,False,-0.26255903295711036,0.9946203990724829
0.5679853429901414,16:03:46.068706,16:03:36.071913,0,,0.12077117,-0.000877738,0.036735967,0.5191994,0.66732305,-0.5339585,0.5177556,0.25147837,0.8177334,0.67997134,-0.70102674,-0.2149429,,0.06480496,-0.04532917,0.019720674,0.64971185,0.52265817,0.5519989,0.59546477,-0.80129707,0.057833284,0.47254223,0.29112098,-0.83183676,,0.106075004,1.3403084,0.44035286,0.9953717,0.013123866,-0.09519954,-0.052809525,-0.7529494,-0.65595603,-0.08028912,0.65794754,-0.7487715,,-0.091959275,0.26373568,-0.09577527,-0.53498703,-0.5810115,0.6133633,0.8397888,-0.28627527,0.4613039,-0.0924321,0.76188725,0.64108044,,-0.033832785,0.3822204,-0.38333023,-0.69347775,-0.53761464,-0.47964472,0.65684056,-0.19820154,-0.727514,0.29605588,-0.8195649,0.49057546,,1.2598016910393701,0.5432865349688201,0.19828829614000001,3.157301479046483,-0.1283016732797486,-0.867518953582032,-0.40672672467435533,,-0.9255849804415559,-0.41100384356622843,0.20150698421000002,-2.179517272578146,-0.017216198970445497,0.0058707818516928745,0.8209672763908875,,-0.055632369907319255,-0.0618370153981591,0.08432137115999999,-0.06574422517700301,,-4.2423606e-05,-9.536743e-07,-1.1920929e-07,1.0,3.30545e-05,2.9046088e-05,-3.30545e-05,1.0,3.516674e-06,-2.9046088e-05,-3.5464764e-06,1.0,189,0.573,0,0,0.0,False,-0.26196325577190027,0.99486180007638
0.587883178028278,16:03:46.097847,16:03:36.071913,0,,0.12049088,-0.0008678362,0.03680925,0.5118976,0.6725793,-0.53441334,0.5179302,0.25467867,0.8166317,0.68535316,-0.69482064,-0.21797979,,0.06480496,-0.04532917,0.019720674,0.64971185,0.5225679,0.5520843,0.59546477,-0.80130655,0.057702392,0.47254223,0.29125687,-0.83178926,,0.106075004,1.3403084,0.44035286,0.9953717,0.013123866,-0.09519954,-0.052809525,-0.7529494,-0.65595603,-0.08028912,0.65794754,-0.7487715,,-0.09168664,0.26379266,-0.09585559,-0.528198,-0.5865279,0.6139967,0.8435474,-0.27973995,0.45844668,-0.09713234,0.76008594,0.64252216,,-0.033832785,0.3822204,-0.38333023,-0.69347775,-0.5375363,-0.47973254,0.65684056,-0.1980827,-0.7275464,0.29605588,-0.81964505,0.4904416,,1.261346237614215,0.5425219844142718,0.19821829648000003,3.148494501420133,-0.1337671332703662,-0.8636339886151589,-0.4075434450050267,,-0.9255849804415559,-0.41100384356622843,0.20150698421000002,-2.179517272578146,-0.017216198970445497,0.006034139331973998,0.820640588258619,,-0.055632369907319255,-0.0618370153981591,0.08432137115999999,-0.06574422517700301,,-4.2423606e-05,-9.536743e-07,-1.1920929e-07,1.0,3.30545e-05,2.9046088e-05,-3.30545e-05,1.0,3.516674e-06,-2.9046088e-05,-3.5464764e-06,1.0,204,0.619,0,0,0.0,False,-0.2621419889274632,0.9948135198756005
0.6170354140340351,16:03:46.146584,16:03:36.071913,0,,0.12008475,-0.0008923039,0.0368848,0.4992548,0.68259764,-0.53367114,0.5167321,0.2598432,0.81576324,0.69550884,-0.6830388,-0.22299215,,0.06480415,-0.04532993,0.019720078,0.64978695,0.5226751,0.55189466,0.5954733,-0.8012949,0.057775766,0.47242832,0.29109663,-0.83191,,0.106075004,1.3403084,0.44035286,0.9953717,0.013123866,-0.09519954,-0.052809525,-0.7529494,-0.65595603,-0.08028912,0.65794754,-0.7487715,,-0.09129195,0.26382592,-0.09597542,-0.5166345,-0.5971112,0.6136342,0.8495079,-0.26800734,0.4544319,-0.10688791,0.7560623,0.64571255,,-0.03383192,0.38221955,-0.3833306,-0.6935429,-0.5376295,-0.47953397,0.65674126,-0.19822265,-0.7275979,0.29612356,-0.8195501,0.4905594,,1.2634004845587588,0.5410392197024207,0.19811977844000003,3.1340258953197013,-0.1449713262511323,-0.8562946527951449,-0.4075434450050267,,-0.9255849804415559,-0.41100384356622843,0.20150698421000002,-2.179517272578146,-0.017079562470680057,0.005841042688136983,0.8204772441924847,,-0.055632369907319255,-0.0618370153981591,0.08432137115999999,-0.06574422517700301,,-4.2423606e-05,-9.536743e-07,-1.1920929e-07,1.0,3.30545e-05,2.9046088e-05,-3.30545e-05,1.0,3.516674e-06,-2.9046088e-05,-3.5464764e-06,1.0,212,0.644,0,0,0.0,False,-0.261427056305211,0.9951032010802774
0.6657460120040923,16:03:46.166827,16:03:36.071913,0,,0.11997056,-0.0009069368,0.036909774,0.4943358,0.6875193,-0.53192955,0.515365,0.26098382,0.81626374,0.7000221,-0.67764634,-0.22530982,,0.06480415,-0.04532993,0.019720078,0.64978695,0.52272016,0.551852,0.5954733,-0.80129015,0.05784124,0.47242832,0.29102865,-0.83193374,,0.106075004,1.3403084,0.44035286,0.9953717,0.013123866,-0.09519954,-0.052809525,-0.7529494,-0.65595603,-0.08028912,0.65794754,-0.7487715,,-0.091181904,0.26383203,-0.09601703,-0.5122558,-0.60238516,0.61214876,0.8515383,-0.26354307,0.45324114,-0.111698195,0.75344354,0.64795554,,-0.03383192,0.38221955,-0.3833306,-0.6935429,-0.53766865,-0.47949007,0.65674126,-0.19828208,-0.7275817,0.29612356,-0.81951,0.49062634,,1.2639487985928286,0.5405063511340992,0.19808737119000003,3.128783646732588,-0.1503001497419845,-0.8521943907714062,-0.4070534128066239,,-0.9255849804415559,-0.41100384356622843,0.20150698421000002,-2.179517272578146,-0.017079562470680057,0.005759363947996449,0.8203139001263504,,-0.055632369907319255,-0.0618370153981591,0.08432137115999999,-0.06574422517700301,,-4.2423606e-05,-9.536743e-07,-1.1920929e-07,1.0,3.30545e-05,2.9046088e-05,-3.30545e-05,1.0,3.516674e-06,-2.9046088e-05,-3.5464764e-06,1.0,220,0.667,0,0,0.0,False,-0.2616653671792948,0.9949100802771598
0.685985675023403,16:03:46.186354,16:03:36.071913,0,,0.11988185,-0.00092545897,0.036938444,0.48628205,0.69348973,-0.5316027,0.51550406,0.26354203,0.8153535,0.70553887,-0.67053527,-0.22934109,,0.06480345,-0.045329973,0.01972121,0.64978695,0.5226751,0.55189466,0.5954733,-0.8012949,0.057775766,0.47242832,0.29109663,-0.83191,,0.106075004,1.3403084,0.44035286,0.9953717,0.013123866,-0.09519954,-0.052809525,-0.7529494,-0.65595603,-0.08028912,0.65794754,-0.7487715,,-0.091097794,0.26383772,-0.09606093,-0.50473475,-0.60874104,0.61210877,0.8553624,-0.25687516,0.4498558,-0.11661014,0.7506327,0.65034807,,-0.033831317,0.3822205,-0.38333124,-0.6935429,-0.5376295,-0.47953397,0.65674126,-0.19822265,-0.7275979,0.29612356,-0.8195501,0.4905594,,1.2643272125036655,0.5400429871616458,0.19805237136,3.119976669106238,-0.15562897323283667,-0.8478490925272458,-0.4070534128066239,,-0.9255849804415559,-0.41100384356622843,0.20150568792,-2.179517272578146,-0.017079562470680057,0.005841042688136983,0.8204772441924847,,-0.055632369907319255,-0.0618370153981591,0.08432137115999999,-0.06574422517700301,,-4.2423606e-05,-9.536743e-07,-1.1920929e-07,1.0,3.30545e-05,2.9046088e-05,-3.30545e-05,1.0,3.516674e-06,-2.9046088e-05,-3.5464764e-06,1.0,228,0.692,0,0,0.0,False,-0.2618441003348577,0.9947169594740419
0.7055441430420615,16:03:46.216645,16:03:36.242690,0,,0.11983466,-0.00095403194,0.03700702,0.4744419,0.70338506,-0.5292959,0.51412106,0.26666418,0.81521153,0.71455187,-0.6588928,-0.23510855,,0.06476913,-0.045345396,0.019717395,0.64982086,0.5225776,0.55194694,0.59543264,-0.8013324,0.05767545,0.47243288,0.2911685,-0.83188224,,0.10611699,1.3403047,0.44034794,0.9953711,0.0131152775,-0.09520702,-0.05282088,-0.75294954,-0.65595496,-0.08028912,0.65794754,-0.7487715,,-0.09110008,0.26386338,-0.096137665,-0.49387547,-0.61934674,0.61032504,0.8604207,-0.24674165,0.4458641,-0.12555186,0.74533767,0.6547584,,-0.033838626,0.38221204,-0.38334602,-0.6935689,-0.5375459,-0.47959,0.656728,-0.1981685,-0.7276246,0.296092,-0.819618,0.490465,,1.26468245821588,0.5395410095248211,0.19800181605000003,3.107604962440651,-0.16505689171665208,-0.8401612571721927,-0.4070534128066239,,-0.9255927031744302,-0.41100384356622843,0.20150568792,-2.179517272578146,-0.017079562470680057,0.005922721428277572,0.820640588258619,,-0.055632369907319255,-0.0618370153981591,0.08432137115999999,-0.06574422517700301,,-4.4703484e-08,-8.940697e-07,2.026558e-06,1.0,2.4508685e-05,2.1539629e-05,-2.4516135e-05,1.0,2.592802e-06,-2.1539629e-05,-2.6524067e-06,1.0,236,0.717,0,0,0.0,False,-0.26160578946077395,0.994765239674821
0.7358341829967685,16:03:46.238938,16:03:36.242690,0,,0.11978568,-0.0009576529,0.037078306,0.45968962,0.7132932,-0.5290538,0.5144603,0.27170315,0.8133315,0.72388935,-0.64605737,-0.24206212,,0.064769045,-0.04534392,0.019717455,0.6498185,0.5225809,0.5519465,0.5954323,-0.8013321,0.05768317,0.47243655,0.29116315,-0.831882,,0.10611699,1.3403047,0.44034794,0.9953711,0.0131152775,-0.09520702,-0.05282088,-0.75294954,-0.65595496,-0.08028912,0.65794754,-0.7487715,,-0.09105803,0.26390874,-0.09619825,-0.4800245,-0.6299236,0.6105512,0.8669715,-0.23439312,0.4397957,-0.1339287,0.74044317,0.65864027,,-0.033838563,0.38221285,-0.38334477,-0.69356686,-0.53754884,-0.47958964,0.6567312,-0.1981732,-0.7276204,0.29608974,-0.8196149,0.49047148,,1.2648832492706097,0.5392166547441037,0.19795385332,3.0918782166793113,-0.1736649912018748,-0.8331419292393182,-0.4070534128066239,,-0.9255927031744302,-0.4109961208333542,0.20150568792,-2.179517272578146,-0.017079562470680057,0.005922721428277572,0.820640588258619,,-0.055632369907319255,-0.0618370153981591,0.08432137115999999,-0.06574422517700301,,-4.4703484e-08,-8.940697e-07,2.026558e-06,1.0,2.4508685e-05,2.1539629e-05,-2.4516135e-05,1.0,2.592802e-06,-2.1539629e-05,-2.6524067e-06,1.0,251,0.763,0,0,0.0,False,-0.26101001227556386,0.9952963218833952
0.7580781319993548,16:03:46.278567,16:03:36.242690,0,,0.11972126,-0.0009591654,0.037238017,0.43348548,0.7305551,-0.5276165,0.51393294,0.28052413,0.81066597,0.7402454,-0.6225716,-0.25385326,,0.06477021,-0.04534386,0.01971823,0.6498169,0.52257675,0.5519524,0.5954294,-0.80133414,0.05768332,0.47244233,0.29116514,-0.83187807,,0.10611699,1.3403047,0.44034794,0.9953711,0.0131152775,-0.09520702,-0.05282088,-0.75294954,-0.65595496,-0.08028912,0.65794754,-0.7487715,,-0.09100828,0.2640151,-0.09632421,-0.45548964,-0.64844644,0.609956,0.8776164,-0.21209247,0.42989093,-0.14939415,0.7311183,0.66569316,,-0.033839785,0.3822134,-0.38334507,-0.6935657,-0.5375448,-0.47959587,0.6567348,-0.19817221,-0.72761744,0.29608437,-0.8196178,0.4904698,,1.2651612676540818,0.5388073499017698,0.19785144641000002,3.0644088340828386,-0.18937818867490044,-0.8201655128339486,-0.40672672467435533,,-0.9256004259073044,-0.4109961208333542,0.20150568792,-2.179517272578146,-0.017079562470680057,0.005922721428277572,0.820640588258619,,-0.055632369907319255,-0.0618370153981591,0.08432137115999999,-0.06574422517700301,,-4.4703484e-08,-8.940697e-07,2.026558e-06,1.0,2.4508685e-05,2.1539629e-05,-2.4516135e-05,1.0,2.592802e-06,-2.1539629e-05,-2.6524067e-06,1.0,259,0.786,0,0,0.0,False,-0.2608908568385213,0.9950066406787184
0.7977099730051123,16:03:46.306477,16:03:36.242690,0,,0.11967966,-0.00096802413,0.03738801,0.41887042,0.74254024,-0.5226674,0.5101017,0.2837757,0.811953,0.75122815,-0.6067168,-0.2599059,,0.06477021,-0.04534386,0.01971823,0.6498169,0.52257675,0.5519524,0.5954294,-0.80133414,0.05768332,0.47244233,0.29116514,-0.83187807,,0.10611699,1.3403047,0.44034794,0.9953711,0.0131152775,-0.09520702,-0.05282088,-0.75294954,-0.65595496,-0.08028912,0.65794754,-0.7487715,,-0.09098091,0.2641095,-0.09644525,-0.44224745,-0.6614926,0.6056771,0.88218725,-0.19903873,0.426766,-0.16174935,0.7230568,0.67158467,,-0.033839785,0.3822134,-0.38334507,-0.6935657,-0.5375448,-0.47959587,0.6567348,-0.19817221,-0.72761744,0.29608437,-0.8196178,0.4904698,,1.2654006723731828,0.5385524997169204,0.19775033579,3.0499402279824066,-0.20194874665332097,-0.8094249932530344,-0.40607334840981824,,-0.9256004259073044,-0.4109961208333542,0.20150568792,-2.179517272578146,-0.017079562470680057,0.005922721428277572,0.820640588258619,,-0.055632369907319255,-0.0618370153981591,0.08432137115999999,-0.06574422517700301,,-4.4703484e-08,-8.940697e-07,2.026558e-06,1.0,2.4508685e-05,2.1539629e-05,-2.4516135e-05,1.0,2.592802e-06,-2.1539629e-05,-2.6524067e-06,1.0,267,0.811,0,0,0.0,False,-0.2617249448978165,0.9945721188717032
0.8256466580205597,16:03:46.331486,16:03:36.242690,0,,0.11959392,-0.0009974763,0.037557974,0.40083274,0.7537349,-0.52078456,0.5086366,0.28970644,0.8107768,0.7619854,-0.5898761,-0.26725343,,0.06477012,-0.04534234,0.01971823,0.64981455,0.5226703,0.5518666,0.59542906,-0.8013244,0.05782196,0.472446,0.2910239,-0.83192533,,0.10611699,1.3403047,0.44034794,0.9953711,0.0131152775,-0.09520702,-0.05282088,-0.75294954,-0.65595496,-0.08028912,0.65794754,-0.7487715,,-0.090913095,0.26420212,-0.09659992,-0.425401,-0.6736306,0.604364,0.888362,-0.1833382,0.42095143,-0.17276277,0.7159671,0.67642003,,-0.03383972,0.38221422,-0.3833438,-0.6935637,-0.5376261,-0.4795077,0.656738,-0.19829577,-0.7275809,0.2960821,-0.8195346,0.4906102,,1.265786809016894,0.5382435904019515,0.19761552163,3.0312778230122843,-0.2131529396340871,-0.7997986527090843,-0.4064000365420868,,-0.9256004259073044,-0.41098839810047993,0.20150568792,-2.179517272578146,-0.017079562470680057,0.005759363947996449,0.820640588258619,,-0.055632369907319255,-0.0618370153981591,0.08432137115999999,-0.06574422517700301,,-4.4703484e-08,-8.940697e-07,2.026558e-06,1.0,2.4508685e-05,2.1539629e-05,-2.4516135e-05,1.0,2.592802e-06,-2.1539629e-05,-2.6524067e-06,1.0,275,0.835,0,0,0.0,False,-0.2621419889274632,0.9942824376670267
0.850647218991071,16:03:46.358181,16:03:36.242690,0,,0.11952883,-0.0010180101,0.03766845,0.39133927,0.75999033,-0.5189104,0.506841,0.2926474,0.81084514,0.7680923,-0.5803207,-0.27066988,,0.064769045,-0.04534392,0.019717455,0.6498185,0.522626,0.55190384,0.5954323,-0.80132735,0.057748646,0.47243655,0.29109523,-0.8319058,,0.10611699,1.3403047,0.44034794,0.9953711,0.0131152775,-0.09520702,-0.05282088,-0.75294954,-0.65595496,-0.08028912,0.65794754,-0.7487715,,-0.09085983,0.26426134,-0.09670254,-0.41665426,-0.68045527,0.60280997,0.891153,-0.17474346,0.4187017,-0.17957067,0.7116497,0.6791973,,-0.033838563,0.38221285,-0.38334477,-0.69356686,-0.537588,-0.47954574,0.6567312,-0.19823262,-0.72760427,0.29608974,-0.81957483,0.49053842,,1.2661034410647372,0.5380273538814732,0.19752607762000002,3.021632085611996,-0.22012140112212455,-0.7940346608804264,-0.4062366924759524,,-0.9255927031744302,-0.4109961208333542,0.20150568792,-2.179517272578146,-0.017079562470680057,0.005841042688136983,0.8204772441924847,,-0.055632369907319255,-0.0618370153981591,0.08432137115999999,-0.06574422517700301,,-4.4703484e-08,-8.940697e-07,2.026558e-06,1.0,2.4508685e-05,2.1539629e-05,-2.4516135e-05,1.0,2.592802e-06,-2.1539629e-05,-2.6524067e-06,1.0,283,0.86,0,0,0.0,False,-0.26154621174225356,0.9940893168639089
