Task Time,PC1 Time,PC2 Time,Gaze Calib,s_T_psm1,Tx,Ty,Tz,R00,R01,R02,R10,R11,R12,R20,R21,R22,s_T_psm3,Tx,Ty,Tz,R00,R01,R02,R10,R11,R12,R20,R21,R22,cart_T_ecm,Tx,Ty,Tz,R00,R01,R02,R10,R11,R12,R20,R21,R22,ecm_T_psm1,Tx,Ty,Tz,R00,R01,R02,R10,R11,R12,R20,R21,R22,ecm_T_psm3,Tx,Ty,Tz,R00,R01,R02,R10,R11,R12,R20,R21,R22,psm1_joints,q1,q2,q3,q4,q5,q6,jaw,psm3_joints,q1,q2,q3,q4,q5,q6,jaw,ecm_joints,q1,q2,q3,q4,ecmi_T_ecm,Tx,Ty,Tz,R00,R01,R02,R10,R11,R12,R20,R21,R22,Sample #,Task Duration (s),Collisions (binary),Collisions (increments),Cumulative Collision Time (s),Clutch Press,MTMR Angle,MTML Angle
""
lci_T_si,,,,,-0.058161814,0.028812556,0.22338274,0.99118906,-0.064254425,0.115825556,0.028569233,-0.75016135,-0.6606374,0.12933673,0.65812564,-0.741716
rci_T_si,,,,,-0.067850515,0.03317108,0.23398167,0.98941356,-0.079541974,0.12138337,0.022701237,-0.7412876,-0.67080355,0.14333703,0.66645765,-0.73163426
ecm_T_lc,,,,,-4.4061628e-05,-0.00034663224,-0.01840835,-0.99912,0.030754527,0.028518902,-0.031987965,-0.99852574,-0.043852776,0.027128186,-0.04472645,0.9986309
ecm_T_rc,,,,,-0.0043358393,0.01870579,-0.007592615,-0.99555075,-0.052743673,-0.078081585,0.04863213,-0.9973746,0.053654674,-0.08070653,0.04961868,0.9955021
cart_T_ecmi,,,,,0.106117226,1.3403053,0.44034997,0.9953694,0.013090626,-0.0952285,-0.052853465,-0.75295,-0.65595186,-0.08028912,0.65794754,-0.7487715
ecmac_T_ecmrep_psm1,,,,,0.006928962,-0.26080152,-0.2999526,0.99741316,0.06053514,0.03876121,-0.0592658,0.9976933,-0.033100393,-0.040675536,0.030717555,0.99870014
ecmac_T_ecmrep_psm3,,,,,-0.019041438,-0.46633056,-0.5465172,0.99408877,-0.01321918,0.10776258,-0.016145537,0.96352404,0.2671344,-0.107363135,-0.2672952,0.95761496
""
0,16:01:57.819649,NaN,0,,0.13296846,0.0069251806,0.030908123,0.4545245,0.32699102,-0.8285434,0.72027814,0.41230989,0.55785334,0.5240296,-0.85033965,-0.0481195,,0.06988352,-0.035146736,0.04351884,0.544744,0.4111784,0.7308804,0.36318612,-0.9012457,0.23633048,0.7558769,0.13670605,-0.6402825,,0.10610695,1.3403056,0.44034743,0.99537057,0.013107417,-0.09521387,-0.05283127,-0.7529497,-0.65595394,-0.08028912,0.65794754,-0.7487715,,-0.102973506,0.2655767,-0.08484229,-0.44108665,-0.21724816,0.87077314,0.88487583,-0.26721624,0.3815629,0.14979088,0.9388284,0.31010315,,-0.041052736,0.4074098,-0.38644588,-0.6107335,-0.4124157,-0.675957,0.7901756,-0.37268057,-0.48655075,-0.051254876,-0.8312776,0.5534894,,1.2111021375345103,0.5935846941786442,0.20940009402,3.074054571483127,0.16232416172134326,-1.2892621449422723,-0.4021530908225954,,-1.018358170459615,-0.35385562029696704,0.18611483675,-1.9937319826508577,-0.22845622760781642,-0.0425730948934388,0.6886585828221213,,-0.05570436473896402,-0.06207917983187331,0.08431779928,-0.06574422517700301,,-1.0039657e-05,-1.9073486e-06,2.861023e-06,1.0,1.6696751e-05,1.4677644e-05,-1.6700476e-05,1.0000001,1.758337e-06,-1.4677644e-05,-1.8179417e-06,1.0,36,0.107,0,0,0.0,False,-0.2629164992682367,0.7957542520618932
0.12202326999977231,16:01:57.846761,NaN,0,,0.13286075,0.007065356,0.031015858,0.45414662,0.32641488,-0.8289776,0.7175783,0.4174664,0.55749756,0.52804583,-0.848042,-0.044637278,,0.06900623,-0.035317533,0.04414797,0.53120756,0.41851994,0.7366542,0.36370772,-0.89792854,0.24787304,0.76520276,0.13625479,-0.62920547,,0.10610695,1.3403056,0.44034743,0.99537057,0.013107417,-0.09521387,-0.05283127,-0.7529497,-0.65595394,-0.08028912,0.65794754,-0.7487715,,-0.10286506,0.26575303,-0.08484053,-0.441278,-0.21647426,0.87086886,0.8855795,-0.26185414,0.38364223,0.14499193,0.94051653,0.30725566,,-0.040230613,0.4079315,-0.3869424,-0.59804684,-0.4197245,-0.68276745,0.79950213,-0.3719586,-0.47163874,-0.056002893,-0.82793605,0.5580193,,1.2121678746711533,0.5938704352949906,0.20938972370000003,3.073635191596158,0.1578151572290837,-1.2916295808906917,-0.3952926400449558,,-1.0156166002892653,-0.354612448118641,0.18510373055,-1.99708702174661,-0.24703879157591632,-0.04767658754558493,0.6834315727058244,,-0.05570436473896402,-0.06207917983187331,0.08431779928,-0.06574422517700301,,-1.0039657e-05,-1.9073486e-06,2.861023e-06,1.0,1.6696751e-05,1.4677644e-05,-1.6700476e-05,1.0000001,1.758337e-06,-1.4677644e-05,-1.8179417e-06,1.0,44,0.132,0,0,0.0,False,-0.2626781883941529,0.7896709467636818
0.14912523794919252,16:01:57.880184,NaN,0,,0.13276331,0.0071267486,0.031049088,0.45290676,0.32881513,-0.8287073,0.71663433,0.41869837,0.55778784,0.5303875,-0.846506,-0.046008855,,0.06728362,-0.035668947,0.045273364,0.50438666,0.43333194,0.74687177,0.36523414,-0.8908382,0.27020627,0.78243095,0.13649464,-0.6075946,,0.10610695,1.3403056,0.44034743,0.99537057,0.013107417,-0.09521387,-0.05283127,-0.7529497,-0.65595394,-0.08028912,0.65794754,-0.7487715,,-0.10276643,0.26582092,-0.08483543,-0.4403277,-0.21889664,0.87074435,0.8864575,-0.25991255,0.3829342,0.14249438,0.9404944,0.30848926,,-0.038606793,0.40885353,-0.38787538,-0.57280797,-0.4345723,-0.6950093,0.8171596,-0.36931324,-0.44255844,-0.06435248,-0.8214345,0.5666605,,1.212878366095582,0.5938009306991225,0.20938713112000001,3.072167361991766,0.15521906373354036,-1.2898393556810221,-0.39692608070629853,,-1.0097704915034773,-0.35628828115234773,0.18321244344,-2.0044261697685686,-0.28338410051352353,-0.05716354168966614,0.6715074558780221,,-0.05570436473896402,-0.06207917983187331,0.08431779928,-0.06574422517700301,,-1.0039657e-05,-1.9073486e-06,2.861023e-06,1.0,1.6696751e-05,1.4677644e-05,-1.6700476e-05,1.0000001,1.758337e-06,-1.4677644e-05,-1.8179417e-06,1.0,56,0.169,0,0,0.0,False,-0.2622015666459845,0.8035273643873859
0.18253828096203506,16:01:57.908257,NaN,0,,0.13268667,0.0071497783,0.031041741,0.4515936,0.33477178,-0.8270373,0.7138076,0.4205648,0.5600039,0.5352962,-0.84323967,-0.049038306,,0.066231,-0.035900697,0.045770407,0.49330235,0.43890384,0.75101,0.36646864,-0.8878739,0.27817392,0.7888938,0.1379978,-0.59883475,,0.106154256,1.3403021,0.4403547,0.9953681,0.013072795,-0.09524403,-0.05287704,-0.7529503,-0.6559496,-0.08028912,0.65794754,-0.7487715,,-0.10272798,0.26582852,-0.08481385,-0.4396444,-0.2249339,0.86955017,0.88768446,-0.25633126,0.38250569,0.1368544,0.9400527,0.31236494,,-0.03764246,0.40923685,-0.3883562,-0.5623011,-0.44031847,-0.6999551,0.82421905,-0.36694297,-0.4312955,-0.06693625,-0.8194343,0.5692513,,1.2130791571503117,0.5934920213841536,0.20937935338000002,3.071118912274344,0.14920705774386098,-1.285753755319785,-0.3995395857644469,,-1.0064806072990578,-0.3572767909602485,0.18224929997000003,-2.007990898807805,-0.29882402498701827,-0.05952052801769342,0.6670971660923964,,-0.05570436473896402,-0.06207917983187331,0.08431779928,-0.06574422517700301,,3.6641955e-05,5.9604645e-06,-4.887581e-06,1.0,-1.7736107e-05,-1.5579164e-05,1.7732382e-05,1.0,-1.9073486e-06,1.558289e-05,1.9073486e-06,1.0,63,0.189,0,0,0.0,False,-0.262797343831195,0.8143421293619846
0.21061827696394175,16:01:57.933456,NaN,0,,0.13268486,0.007147692,0.031047016,0.4497953,0.33853906,-0.82648355,0.7112518,0.4239192,0.56072605,0.54018986,-0.84004986,-0.050109655,,0.064867206,-0.036219552,0.046513796,0.4765132,0.44458377,0.7584723,0.36591595,-0.8847344,0.28870505,0.79940015,0.13996536,-0.584268,,0.106154256,1.3403021,0.4403547,0.9953681,0.013072795,-0.09524403,-0.05287704,-0.7529503,-0.6559496,-0.08028912,0.65794754,-0.7487715,,-0.10272681,0.26583052,-0.08481931,-0.43849158,-0.22869305,0.86915165,0.8890867,-0.2517084,0.38231885,0.1313391,0.9403948,0.31369996,,-0.03634389,0.40981948,-0.3890551,-0.54646355,-0.44617596,-0.7087345,0.8342671,-0.3641058,-0.41403556,-0.07332162,-0.8175292,0.57120043,,1.2130791571503117,0.5932371711993042,0.20936639048000003,3.069651082669952,0.14333168825394704,-1.2845566500270238,-0.39823283323537273,,-1.0013836036020696,-0.3588290602679676,0.18086615854000002,-2.0109265580165885,-0.32314532194526663,-0.06149636477726048,0.6630135644390395,,-0.05570436473896402,-0.06207917983187331,0.08431779928,-0.06574422517700301,,3.6641955e-05,5.9604645e-06,-4.887581e-06,1.0,-1.7736107e-05,-1.5579164e-05,1.7732382e-05,1.0,-1.9073486e-06,1.558289e-05,1.9073486e-06,1.0,75,0.226,0,0,0.0,False,-0.26249945523859,0.8405582783852306
0.23581589997047558,16:01:57.970539,NaN,0,,0.13269188,0.0071443096,0.031095505,0.445768,0.3482746,-0.8246183,0.7050272,0.4310272,0.5631629,0.5515682,-0.8324183,-0.053404927,,0.06307867,-0.03663957,0.047472954,0.4482351,0.45551988,0.7691468,0.36189303,-0.87923115,0.30981612,0.8173852,0.13947842,-0.55895174,,0.106154256,1.3403021,0.4403547,0.9953681,0.013072795,-0.09524403,-0.05287704,-0.7529503,-0.6559496,-0.08028912,0.65794754,-0.7487715,,-0.10273832,0.26586062,-0.084856376,-0.4359861,-0.23847611,0.8677818,0.8921382,-0.24132797,0.3819035,0.11834516,0.94068587,0.3179693,,-0.034639545,0.41056916,-0.3899653,-0.5197824,-0.4570844,-0.7217341,0.8498688,-0.3625856,-0.3824326,-0.08688643,-0.812161,0.57692736,,1.2130714344174376,0.5927892526925992,0.20931324259000003,3.066505733517684,0.12966803827740297,-1.2805209100496104,-0.4003563060951185,,-0.9941010665016757,-0.3610840982672412,0.17910190785000002,-2.0134428373384026,-0.36372636237560246,-0.06924461744970449,0.6633402525713081,,-0.05570436473896402,-0.06207917983187331,0.08431779928,-0.06574422517700301,,3.6641955e-05,5.9604645e-06,-4.887581e-06,1.0,-1.7736107e-05,-1.5579164e-05,1.7732382e-05,1.0,-1.9073486e-06,1.558289e-05,1.9073486e-06,1.0,86,0.26,0,0,0.0,False,-0.26255903295711036,0.8718438484903199
0.2728777150041424,16:01:58.003962,NaN,0,,0.1326119,0.007149048,0.031233907,0.44324574,0.3540374,-0.82352316,0.69941676,0.43802482,0.56475717,0.5606686,-0.8263122,-0.053467095,,0.061742958,-0.036960438,0.048146665,0.42453116,0.46540564,0.77664065,0.35949048,-0.87390804,0.32718712,0.8309872,0.14029378,-0.53831005,,0.106154256,1.3403021,0.4403547,0.9953681,0.013072795,-0.09524403,-0.05287704,-0.7529503,-0.6559496,-0.08028912,0.65794754,-0.7487715,,-0.10267076,0.26595733,-0.084964365,-0.43472573,-0.24418822,0.86682504,0.89411014,-0.23205015,0.38304013,0.10761299,0.9415545,0.31920934,,-0.033363,0.41108885,-0.39062965,-0.49730113,-0.4670555,-0.73112977,0.86217487,-0.3599574,-0.35649005,-0.096674934,-0.8076446,0.5816907,,1.2136506393830044,0.5925498479734982,0.20919009504000002,3.0646185240263235,0.1186004817964023,-1.2790921826832726,-0.40215309082259554,,-0.9883244623117559,-0.36293755415705503,0.17783672881,-2.01700756637764,-0.3963824858195427,-0.07545059200276576,0.6675871982907993,,-0.05570436473896402,-0.06207917983187331,0.08431779928,-0.06574422517700301,,3.6641955e-05,5.9604645e-06,-4.887581e-06,1.0,-1.7736107e-05,-1.5579164e-05,1.7732382e-05,1.0,-1.9073486e-06,1.558289e-05,1.9073486e-06,1.0,98,0.296,0,0,0.0,False,-0.2620824112089424,0.8843001402914203
0.3062778969760984,16:01:58.037977,NaN,0,,0.13245988,0.007178776,0.031341493,0.44224373,0.35792118,-0.8223823,0.6958466,0.44158968,0.5663888,0.56587803,-0.8227339,-0.05376801,,0.06046065,-0.03728117,0.0487386,0.4005206,0.47062528,0.7861901,0.35591874,-0.87054914,0.33980286,0.84433705,0.14372173,-0.51617724,,0.106154256,1.3403021,0.4403547,0.9953681,0.013072795,-0.09524403,-0.05287704,-0.7529503,-0.6559496,-0.08028912,0.65794754,-0.7487715,,-0.10252697,0.26605186,-0.08504152,-0.43447113,-0.24808086,0.8658468,0.89497304,-0.22701031,0.38404372,0.101282254,0.9417655,0.3206551,,-0.032132696,0.41153425,-0.39125055,-0.47448137,-0.47258097,-0.7426538,0.87369484,-0.35571992,-0.33184436,-0.10735343,-0.8063067,0.58167404,,1.214631426458031,0.5923104432543972,0.20910065103000003,3.063779764252385,0.11204192980766116,-1.2769295941713263,-0.39872286543377544,,-0.9824165716629741,-0.3648682373756112,0.17668173442000001,-2.0197335356429384,-0.42958515526254476,-0.07631017053260768,0.6747743372007076,,-0.05570436473896402,-0.06207917983187331,0.08431779928,-0.06574422517700301,,3.6641955e-05,5.9604645e-06,-4.887581e-06,1.0,-1.7736107e-05,-1.5579164e-05,1.7732382e-05,1.0,-1.9073486e-06,1.558289e-05,1.9073486e-06,1.0,106,0.32,0,0,0.0,False,-0.262797343831195,0.8843001402914203
0.34033677499974146,16:01:58.066908,NaN,0,,0.13230842,0.007247232,0.031451643,0.43940705,0.3657111,-0.82047343,0.68973213,0.4477992,0.56898654,0.5754919,-0.8159236,-0.055476576,,0.05920315,-0.03759764,0.04924494,0.37289044,0.47716352,0.795781,0.35264227,-0.8661639,0.35412362,0.8582517,0.14857674,-0.4912523,,0.106154256,1.3403021,0.4403547,0.9953681,0.013072795,-0.09524403,-0.05287704,-0.7529503,-0.6559496,-0.08028912,0.65794754,-0.7487715,,-0.10238093,0.26617682,-0.08509464,-0.4329835,-0.25592992,0.8643062,0.89691776,-0.2178447,0.38481456,0.08979896,0.9418299,0.32387123,,-0.030919863,0.41190645,-0.39182356,-0.44810638,-0.47955188,-0.75447375,0.8861331,-0.34984025,-0.30394077,-0.11818992,-0.80476195,0.5817124,,1.2157048863275481,0.5919551975421828,0.20903065137000001,3.0614731748740556,0.10015455432806786,-1.272953748359577,-0.40394987555007256,,-0.9761148216376069,-0.36696109798452603,0.17563562839000002,-2.024346714399598,-0.4663403736994482,-0.07696828199098121,0.681471443912213,,-0.05570436473896402,-0.06207917983187331,0.08431779928,-0.06574422517700301,,3.6641955e-05,5.9604645e-06,-4.887581e-06,1.0,-1.7736107e-05,-1.5579164e-05,1.7732382e-05,1.0,-1.9073486e-06,1.558289e-05,1.9073486e-06,1.0,114,0.345,0,0,0.0,False,-0.26160578946077395,0.8786996370010027
0.36927507899235934,16:01:58.087955,NaN,0,,0.13213935,0.007293232,0.0315547,0.43863684,0.3685031,-0.8196358,0.6850148,0.4532472,0.57037,0.58168066,-0.8116481,-0.053619236,,0.05835531,-0.037807718,0.049587667,0.3459531,0.48112595,0.8055025,0.34836033,-0.86301285,0.36586052,0.871184,0.1540345,-0.46616715,,0.106154256,1.3403021,0.4403547,0.9953681,0.013072795,-0.09524403,-0.05287704,-0.7529503,-0.6559496,-0.08028912,0.65794754,-0.7487715,,-0.10221852,0.26628038,-0.08515959,-0.43313566,-0.25865212,0.8634191,0.89759004,-0.21094105,0.38708654,0.08200978,0.9426574,0.32352966,,-0.03010228,0.41216022,-0.39220777,-0.42232803,-0.48399565,-0.76641196,0.8971635,-0.34386846,-0.27722225,-0.12937053,-0.8046755,0.5794485,,1.216801514395688,0.5916385654943397,0.20895287397,3.0610537949870866,0.09209300084190686,-1.2725876762921708,-0.40068299422738696,,-0.9714116773172041,-0.3685983173538616,0.17497711307000002,-2.0285405132692884,-0.5007727716403392,-0.07551823954530625,0.6845749811687644,,-0.05570436473896402,-0.06207917983187331,0.08431779928,-0.06574422517700301,,3.6641955e-05,5.9604645e-06,-4.887581e-06,1.0,-1.7736107e-05,-1.5579164e-05,1.7732382e-05,1.0,-1.9073486e-06,1.558289e-05,1.9073486e-06,1.0,133,0.402,0,0,0.0,False,-0.2622015666459845,0.8775409121822961
0.39032480597961694,16:01:58.137681,NaN,0,,0.131589,0.0073561296,0.031810105,0.43558055,0.37831378,-0.8167912,0.67671525,0.4607234,0.574274,0.5935705,-0.8028777,-0.055328608,,0.056374535,-0.038340554,0.05008155,0.27657378,0.50466883,0.8178117,0.33726138,-0.8478515,0.40914863,0.8998676,0.16265655,-0.40469882,,0.106154256,1.3403021,0.4403547,0.9953681,0.013072795,-0.09524403,-0.05287704,-0.7529503,-0.6559496,-0.08028912,0.65794754,-0.7487715,,-0.10168964,0.2664994,-0.085370265,-0.43180254,-0.26858142,0.86105204,0.89944875,-0.19952236,0.38882232,0.06736868,0.9423666,0.3277295,,-0.028165644,0.4124685,-0.39298603,-0.35553917,-0.5083355,-0.78433853,0.9215704,-0.33061698,-0.20347087,-0.15588419,-0.79516506,0.5860142,,1.2200759531343592,0.5905728283576968,0.20871306032000003,3.0579084458348187,0.07651643986864665,-1.265685225820759,-0.4023164348887298,,-0.959024413786948,-0.3730697796880376,0.17375341531000002,-2.0413315998218446,-0.5876735854911594,-0.08682526537578783,0.6899653353511955,,-0.05570436473896402,-0.06207917983187331,0.08431779928,-0.06574422517700301,,3.6641955e-05,5.9604645e-06,-4.887581e-06,1.0,-1.7736107e-05,-1.5579164e-05,1.7732382e-05,1.0,-1.9073486e-06,1.558289e-05,1.9073486e-06,1.0,137,0.414,0,0,0.0,False,-0.2620824112089424,0.8606428419094856
0.4400214239722118,16:01:58.159407,NaN,0,,0.13133876,0.0073787495,0.031900555,0.43372998,0.38178647,-0.81615996,0.67401475,0.46366245,0.5750839,0.59798187,-0.79953504,-0.05622548,,0.055544894,-0.03862019,0.05002594,0.2589742,0.51217985,0.81890416,0.33722866,-0.84242135,0.42024168,0.9051017,0.16732621,-0.3908871,,0.106154256,1.3403021,0.4403547,0.9953681,0.013072795,-0.09524403,-0.05287704,-0.7529503,-0.6559496,-0.08028912,0.65794754,-0.7487715,,-0.101447366,0.2665773,-0.08545119,-0.43056655,-0.27209416,0.860568,0.9004196,-0.19510366,0.3888176,0.062104955,0.9422841,0.32900402,,-0.027331578,0.4123438,-0.3932276,-0.33845007,-0.51627,-0.7867127,0.92742324,-0.32444188,-0.18607411,-0.15917806,-0.79259247,0.58860815,,1.221520104181839,0.5900476825222495,0.20862102373000002,3.055811546399973,0.07077770687849815,-1.2632109998493042,-0.4023164348887298,,-0.9534794915832548,-0.375147194831204,0.17339823185000003,-2.0476222981263805,-0.6103552444522224,-0.08825950595647909,0.6899653353511955,,-0.05570436473896402,-0.06207917983187331,0.08431779928,-0.06574422517700301,,3.6641955e-05,5.9604645e-06,-4.887581e-06,1.0,-1.7736107e-05,-1.5579164e-05,1.7732382e-05,1.0,-1.9073486e-06,1.558289e-05,1.9073486e-06,1.0,145,0.439,0,0,0.0,False,-0.2621419889274632,0.8533525315917871
0.46176641498459503,16:01:58.189202,NaN,0,,0.13096121,0.007419117,0.031996995,0.43428144,0.38377178,-0.8149347,0.6704109,0.4665379,0.57696784,0.60162175,-0.79690754,-0.054676056,,0.054026857,-0.03929153,0.049479127,0.24981254,0.5133845,0.82099324,0.34381467,-0.83965635,0.42043874,0.90519893,0.17723861,-0.3862658,,0.106154256,1.3403021,0.4403547,0.9953681,0.013072795,-0.09524403,-0.05287704,-0.7529503,-0.6559496,-0.08028912,0.65794754,-0.7487715,,-0.1010778,0.26667252,-0.0855397,-0.43171862,-0.27407175,0.85936236,0.90019995,-0.19121112,0.3912523,0.05708844,0.9425089,0.32926878,,-0.025765942,0.4116527,-0.39358166,-0.32939517,-0.51834196,-0.78918976,0.9315695,-0.31462854,-0.18217333,-0.15387353,-0.7951921,0.5865087,,1.2236593011879993,0.5892831319677012,0.20851861682000003,3.056021236343458,0.06517561038811509,-1.2611749067421085,-0.4023164348887296,,-0.9426753882922148,-0.3794950934393924,0.17298341905,-2.056219585809246,-0.6268882609238408,-0.07861684039581862,0.6862084218301072,,-0.05570436473896402,-0.06207917983187331,0.08431779928,-0.06574422517700301,,3.6641955e-05,5.9604645e-06,-4.887581e-06,1.0,-1.7736107e-05,-1.5579164e-05,1.7732382e-05,1.0,-1.9073486e-06,1.558289e-05,1.9073486e-06,1.0,157,0.476,0,0,0.0,False,-0.2622015666459845,0.847848588702929
0.49151695595355704,16:01:58.216114,NaN,0,,0.13064313,0.0074663833,0.032039195,0.43628082,0.38650388,-0.8125721,0.6667639,0.46753272,0.58037865,0.6042226,-0.7950018,-0.053731307,,0.05337347,-0.039647907,0.049156666,0.24896838,0.51383126,0.8209701,0.3481405,-0.8384845,0.41921586,0.90377706,0.18144147,-0.38764167,,0.106154256,1.3403021,0.4403547,0.9953681,0.013072795,-0.09524403,-0.05287704,-0.7529503,-0.6559496,-0.08028912,0.65794754,-0.7487715,,-0.10076199,0.2667363,-0.08557673,-0.43422005,-0.27687493,0.8572008,0.89924765,-0.18919668,0.3944088,0.05297764,0.942096,0.3311321,,-0.025083993,0.41124633,-0.39374802,-0.32847548,-0.5191567,-0.7890375,0.93261284,-0.31046298,-0.1839729,-0.14945616,-0.7962971,0.5861517,,1.2254355297490709,0.5885571950775241,0.20847065409,3.0579084458348187,0.06052996939609012,-1.2577134129769925,-0.4018264026903269,,-0.9378255120472018,-0.3817346859729175,0.17285767892,-2.0599940047919674,-0.6305774464175076,-0.07446505463404732,0.6835949167719586,,-0.05570436473896402,-0.06207917983187331,0.08431779928,-0.06574422517700301,,3.6641955e-05,5.9604645e-06,-4.887581e-06,1.0,-1.7736107e-05,-1.5579164e-05,1.7732382e-05,1.0,-1.9073486e-06,1.558289e-05,1.9073486e-06,1.0,165,0.5,0,0,0.0,False,-0.2626781883941529,0.8461587816756477
0.5184856959967874,16:01:58.240270,NaN,0,,0.1303562,0.007526286,0.03206116,0.43512923,0.391677,-0.81071043,0.662915,0.46993488,0.58284235,0.609267,-0.7910439,-0.05516617,,0.052700154,-0.040137827,0.048772693,0.24889961,0.51835597,0.8181417,0.35539833,-0.83468086,0.4207135,0.90096664,0.18605077,-0.39197463,,0.106154256,1.3403021,0.4403547,0.9953681,0.013072795,-0.09524403,-0.05287704,-0.7529503,-0.6559496,-0.08028912,0.65794754,-0.7487715,,-0.100474276,0.26679575,-0.08558674,-0.4338242,-0.28217262,0.85567236,0.8997935,-0.18476364,0.39526457,0.0465643,0.94140375,0.33405203,,-0.024375623,0.41072085,-0.39399886,-0.32823887,-0.5240948,-0.78586507,0.93389344,-0.30493167,-0.18670765,-0.14178264,-0.7951989,0.5895391,,1.2270573036526582,0.5877694763243532,0.20844991345000002,3.0566503061739114,0.053424871408287215,-1.253308220567168,-0.40198974675646126,,-0.9327207856173394,-0.38483150185548154,0.17275397572,-2.0662847030965033,-0.6326269939139892,-0.07352889473986603,0.6788579388540645,,-0.05570436473896402,-0.06207917983187331,0.08431779928,-0.06574422517700301,,3.6641955e-05,5.9604645e-06,-4.887581e-06,1.0,-1.7736107e-05,-1.5579164e-05,1.7732382e-05,1.0,-1.9073486e-06,1.558289e-05,1.9073486e-06,1.0,176,0.533,0,0,0.0,False,-0.26106958999408425,0.8398340753735387
0.54259342700243,16:01:58.271413,NaN,0,,0.1301561,0.0075809583,0.03206867,0.42992875,0.39731312,-0.8107424,0.65726876,0.47791308,0.5827496,0.61899835,-0.7834165,-0.05567296,,0.052464765,-0.0404519,0.04859948,0.25192377,0.5208224,0.81564593,0.36100888,-0.83256704,0.42012462,0.8978902,0.18861602,-0.39776492,,0.106154256,1.3403021,0.4403547,0.9953681,0.013072795,-0.09524403,-0.05287704,-0.7529503,-0.6559496,-0.08028912,0.65794754,-0.7487715,,-0.10027196,0.26684153,-0.08557939,-0.42996296,-0.2878163,0.85574156,0.9021668,-0.1737369,0.39485517,0.035028137,0.9417947,0.33435872,,-0.024123255,0.41043118,-0.3941898,-0.33104488,-0.5267915,-0.7828793,0.93386674,-0.3018508,-0.19177844,-0.13528547,-0.7945922,0.59187925,,1.228184822652295,0.5868968075095659,0.20844732087,3.0518274374737673,0.040990949929632134,-1.2521538527462555,-0.40231643488873003,,-0.9309677252548905,-0.3867467396082892,0.17271638331000003,-2.0700591220792246,-0.6292110814198533,-0.07353726516749728,0.6688939508198736,,-0.05570436473896402,-0.06207917983187331,0.08431779928,-0.06574422517700301,,3.6641955e-05,5.9604645e-06,-4.887581e-06,1.0,-1.7736107e-05,-1.5579164e-05,1.7732382e-05,1.0,-1.9073486e-06,1.558289e-05,1.9073486e-06,1.0,184,0.558,0,0,0.0,False,-0.2608312791200009,0.8371303841298894
0.5737815139582381,16:01:58.299154,NaN,0,,0.13004473,0.00759653,0.03205794,0.4266118,0.3963654,-0.8129553,0.65347135,0.4863413,0.580041,0.62528193,-0.77869546,-0.05153455,,0.0524293,-0.040859357,0.04848671,0.2582267,0.52240086,0.81265986,0.37163424,-0.830174,0.41557083,0.8917438,0.1947008,-0.40851516,,0.106154256,1.3403021,0.4403547,0.9953681,0.013072795,-0.09524403,-0.05287704,-0.7529503,-0.6559496,-0.08028912,0.65794754,-0.7487715,,-0.100159205,0.266846,-0.08557428,-0.42752236,-0.28663024,0.8573609,0.9035869,-0.16432324,0.3956369,0.027482826,0.9438437,0.3292472,,-0.024074314,0.41013032,-0.3944849,-0.33690533,-0.5289061,-0.7789436,0.9334963,-0.29553926,-0.20307936,-0.12279852,-0.79555947,0.59330064,,1.228740859419239,0.5862635434138794,0.20844732087,3.048891778264984,0.0327927599437057,-1.2571488383645708,-0.4023164348887298,,-0.9308596069946513,-0.3892334595937895,0.17269953154,-2.0778176499881518,-0.6189633439374452,-0.07054026306519089,0.665627069497188,,-0.05570436473896402,-0.06207917983187331,0.08431779928,-0.06574422517700301,,3.6641955e-05,5.9604645e-06,-4.887581e-06,1.0,-1.7736107e-05,-1.5579164e-05,1.7732382e-05,1.0,-1.9073486e-06,1.558289e-05,1.9073486e-06,1.0,192,0.582,0,0,0.0,False,-0.2613079008681689,0.8407996793891281
0.6015106449485756,16:01:58.328898,NaN,0,,0.12987635,0.0075848773,0.03200859,0.4232139,0.39899546,-0.8134447,0.6479527,0.49425286,0.5795443,0.63328284,-0.77234495,-0.049355537,,0.05271168,-0.041202217,0.04859364,0.26137024,0.5173665,0.8148725,0.37645513,-0.83200324,0.40749502,0.8888009,0.20025584,-0.4122262,,0.106154256,1.3403021,0.4403547,0.9953681,0.013072795,-0.09524403,-0.05287704,-0.7529503,-0.6559496,-0.08028912,0.65794754,-0.7487715,,-0.09998855,0.2668044,-0.085565716,-0.4252882,-0.28918138,0.85761535,0.90488845,-0.15420066,0.39673546,0.017516347,0.94477314,0.32725662,,-0.02436139,0.41002575,-0.39482456,-0.33983395,-0.52434564,-0.78075254,0.9331738,-0.29130828,-0.21053779,-0.11704509,-0.80012566,0.5883021,,1.2294359053779194,0.5851591926128653,0.20844991345000002,3.0461658089996853,0.021725203462705032,-1.258660545643293,-0.40068299422738707,,-0.9331378131925475,-0.3913726565999497,0.17270860557,-2.080753309196935,-0.6124047919487041,-0.06461665630322153,0.6648103491665165,,-0.05570436473896402,-0.06207917983187331,0.08431779928,-0.06574422517700301,,3.6641955e-05,5.9604645e-06,-4.887581e-06,1.0,-1.7736107e-05,-1.5579164e-05,1.7732382e-05,1.0,-1.9073486e-06,1.558289e-05,1.9073486e-06,1.0,200,0.607,0,0,0.0,False,-0.26232072208302704,0.8412342011961429
0.6312690529739484,16:01:58.351130,NaN,0,,0.12974504,0.0075144395,0.03192064,0.4232371,0.39855704,-0.8136475,0.64821464,0.49422538,0.5792748,0.6329992,-0.7725889,-0.049176037,,0.052996784,-0.041377142,0.048734903,0.26242927,0.51633346,0.81518745,0.37714228,-0.83248293,0.40587667,0.8881973,0.20092772,-0.413199,,0.106154256,1.3403021,0.4403547,0.9953681,0.013072795,-0.09524403,-0.05287704,-0.7529503,-0.6559496,-0.08028912,0.65794754,-0.7487715,,-0.099855915,0.2666933,-0.08556365,-0.4252656,-0.28872663,0.85777974,0.9048915,-0.15438451,0.396657,0.01790246,0.9448822,0.32692072,,-0.024655767,0.41003582,-0.3950369,-0.3408444,-0.52336884,-0.7809675,0.932922,-0.29089457,-0.21221893,-0.11611043,-0.80091536,0.58741206,,1.2297757056243852,0.5843328601953233,0.20844991345000002,3.045956119056201,0.02131529396340871,-1.258653006892766,-0.40149971455805833,,-0.9351766146713428,-0.3923534436749762,0.17272545734000003,-2.0805436192534508,-0.6100819714526916,-0.06528557956395217,0.6664437898278592,,-0.05570436473896402,-0.06207917983187331,0.08431779928,-0.06574422517700301,,3.6641955e-05,5.9604645e-06,-4.887581e-06,1.0,-1.7736107e-05,-1.5579164e-05,1.7732382e-05,1.0,-1.9073486e-06,1.558289e-05,1.9073486e-06,1.0,212,0.644,0,0,0.0,False,-0.26112916771260597,0.8411859209953634
0.653501984954346,16:01:58.380786,NaN,0,,0.12954836,0.0074468777,0.031823725,0.41980058,0.4050355,-0.8122274,0.6457809,0.4955275,0.58087844,0.63775736,-0.76837415,-0.053541467,,0.0534366,-0.041529566,0.048998058,0.25971854,0.51467305,0.81710327,0.37744462,-0.8329325,0.4046716,0.8888654,0.20331055,-0.41058862,,0.106154256,1.3403021,0.4403547,0.9953681,0.013072795,-0.09524403,-0.05287704,-0.7529503,-0.6559496,-0.08028912,0.65794754,-0.7487715,,-0.09965737,0.26657835,-0.08556081,-0.4224645,-0.29542965,0.856881,0.906295,-0.1505945,0.3949059,0.0123746665,0.9434207,0.33136722,,-0.025114885,0.41014966,-0.39528623,-0.33820355,-0.5219132,-0.78308684,0.93386114,-0.28894863,-0.21074173,-0.116282985,-0.80256796,0.5851179,,1.2304089697200715,0.5830354410724535,0.20844861716000002,3.0426010799604484,0.014483468975136688,-1.2533271479283665,-0.40084633829352123,,-0.9385051125401336,-0.39337284441437387,0.17274749427000002,-2.0818017589143576,-0.6103552444522224,-0.06473602879599713,0.6657904135633221,,-0.05570436473896402,-0.06207917983187331,0.08431779928,-0.06574422517700301,,3.6641955e-05,5.9604645e-06,-4.887581e-06,1.0,-1.7736107e-05,-1.5579164e-05,1.7732382e-05,1.0,-1.9073486e-06,1.558289e-05,1.9073486e-06,1.0,223,0.676,0,0,0.0,False,-0.26095043455704303,0.8444206944475874
0.6831487320014276,16:01:58.411975,NaN,0,,0.1293948,0.0074069723,0.031784177,0.41905633,0.4039382,-0.8131577,0.6466069,0.49595577,0.5795926,0.6374098,-0.76867545,-0.053355858,,0.053756908,-0.041597426,0.049181342,0.26054117,0.5116339,0.81874835,0.3738467,-0.8353432,0.40303892,0.8901443,0.20107815,-0.40891397,,0.106154256,1.3403021,0.4403547,0.9953681,0.013072795,-0.09524403,-0.05287704,-0.7529503,-0.6559496,-0.08028912,0.65794754,-0.7487715,,-0.09950453,0.2665224,-0.08557654,-0.42162988,-0.2942798,0.85768735,0.9066735,-0.15047877,0.39408037,0.013093835,0.9437985,0.33026204,,-0.02544896,0.4102473,-0.3954264,-0.33909675,-0.51867133,-0.7848525,0.9330664,-0.29184988,-0.21026325,-0.12000158,-0.8036191,0.5829202,,1.2310190656171354,0.5824176224425156,0.20843046910000002,3.041342940299541,0.01462010547490213,-1.2539286382729065,-0.40019296202898436,,-0.9408528233338977,-0.39368175372934283,0.17277082749000003,-2.0771885801576984,-0.6096720619533953,-0.06643662067644715,0.6680772304892021,,-0.05570436473896402,-0.06207917983187331,0.08431779928,-0.06574422517700301,,3.6641955e-05,5.9604645e-06,-4.887581e-06,1.0,-1.7736107e-05,-1.5579164e-05,1.7732382e-05,1.0,-1.9073486e-06,1.558289e-05,1.9073486e-06,1.0,231,0.701,0,0,0.0,False,-0.26112916771260597,0.8444689746483669
0.7143452320015058,16:01:58.447903,NaN,0,,0.1292732,0.007423334,0.03179753,0.41923338,0.40316823,-0.8134484,0.64673257,0.49620053,0.5792428,0.6371658,-0.7689216,-0.052718237,,0.053851455,-0.04156226,0.049208224,0.2600973,0.5119612,0.8186849,0.3735273,-0.83520466,0.4036218,0.89040816,0.20082022,-0.40846598,,0.106154256,1.3403021,0.4403547,0.9953681,0.013072795,-0.09524403,-0.05287704,-0.7529503,-0.6559496,-0.08028912,0.65794754,-0.7487715,,-0.099383675,0.26654366,-0.08558979,-0.42177427,-0.2934743,0.85789233,0.90660214,-0.15046225,0.39425072,0.013377967,0.94405186,0.32952553,,-0.025545796,0.41028085,-0.39540645,-0.33867383,-0.51897687,-0.78483313,0.9331654,-0.29202643,-0.20957793,-0.12042592,-0.80335766,0.583193,,1.231698666110067,0.5822091086549116,0.20841491362000003,3.0411332503560566,0.014756741974667567,-1.2541217349167435,-0.4003563060951185,,-0.9414706419638358,-0.3934886854074872,0.17280582732000002,-2.0771885801576984,-0.6096720619533953,-0.06709005059757159,0.6693839830182763,,-0.05570436473896402,-0.06207917983187331,0.08431779928,-0.06574422517700301,,3.6641955e-05,5.9604645e-06,-4.887581e-06,1.0,-1.7736107e-05,-1.5579164e-05,1.7732382e-05,1.0,-1.9073486e-06,1.558289e-05,1.9073486e-06,1.0,239,0.726,0,0,0.0,False,-0.2607717014014801,0.8491038739231946
0.7502628350048326,16:01:58.468273,NaN,0,,0.12921268,0.007448934,0.031821728,0.4166702,0.40274692,-0.81497264,0.6482041,0.49692005,0.57697684,0.63735175,-0.7686777,-0.05401045,,0.053802438,-0.04153417,0.049161077,0.26035178,0.511981,0.8185916,0.37356812,-0.835214,0.4035646,0.89031655,0.20073096,-0.4087093,,0.106154256,1.3403021,0.4403547,0.9953681,0.013072795,-0.09524403,-0.05287704,-0.7529503,-0.6559496,-0.08028912,0.65794754,-0.7487715,,-0.099323705,0.26657897,-0.08559763,-0.41912994,-0.29302096,0.8593421,0.9078195,-0.14976524,0.39170665,0.013921317,0.9443035,0.32878125,,-0.025493216,0.4102585,-0.39536008,-0.33892003,-0.51898885,-0.78471893,0.93308765,-0.29210928,-0.20980841,-0.12033545,-0.8033198,0.5832638,,1.232115693685275,0.5822322768535342,0.20840583959000003,3.0379879012037887,0.01530328797372933,-1.254567406531529,-0.4003563060951185,,-0.9410381689228792,-0.3933187852842543,0.17281879022000002,-2.0771885801576984,-0.6096720619533953,-0.06676333563700941,0.6723241762086934,,-0.05570436473896402,-0.06207917983187331,0.08431779928,-0.06574422517700301,,3.6641955e-05,5.9604645e-06,-4.887581e-06,1.0,-1.7736107e-05,-1.5579164e-05,1.7732382e-05,1.0,-1.9073486e-06,1.558289e-05,1.9073486e-06,1.0,247,0.75,0,0,0.0,False,-0.260652545964438,0.8516627245645063
0.770627568999771,16:01:58.491433,NaN,0,,0.1291697,0.0074840114,0.031850547,0.4172044,0.40247244,-0.81483495,0.6478886,0.4970386,0.5772289,0.637323,-0.7687449,-0.053390637,,0.05371795,-0.041517586,0.049093544,0.26090744,0.5119198,0.818453,0.37378013,-0.8352581,0.40327683,0.89006495,0.20070352,-0.40927052,,0.106154256,1.3403021,0.4403547,0.9953681,0.013072795,-0.09524403,-0.05287704,-0.7529503,-0.6559496,-0.08028912,0.65794754,-0.7487715,,-0.09928082,0.26662436,-0.08560045,-0.41968265,-0.29273316,0.8591704,0.9075661,-0.14972228,0.3923099,0.013794831,0.9443996,0.32851052,,-0.025403446,0.41021562,-0.39531448,-0.3394543,-0.5189251,-0.78453016,0.9329359,-0.29215047,-0.21042514,-0.12000597,-0.80334604,0.5832955,,1.2324709393974895,0.5823172269151508,0.20840195072000003,3.038407281090758,0.01530328797372933,-1.254567406531529,-0.4003563060951185,,-0.9402967865669536,-0.39321066702401514,0.17282656796,-2.0771885801576984,-0.6095354254536298,-0.06622132361958134,0.6752643693991104,,-0.05570436473896402,-0.06207917983187331,0.08431779928,-0.06574422517700301,,3.6641955e-05,5.9604645e-06,-4.887581e-06,1.0,-1.7736107e-05,-1.5579164e-05,1.7732382e-05,1.0,-1.9073486e-06,1.558289e-05,1.9073486e-06,1.0,255,0.775,0,0,0.0,False,-0.2607717014014801,0.8523869275761982
0.7937804609537125,16:01:58.517333,NaN,0,,0.12913576,0.007514544,0.03186643,0.41751742,0.40233505,-0.8147425,0.6476965,0.49710023,0.5773915,0.6373134,-0.7687769,-0.053043023,,0.053569764,-0.041526288,0.048971593,0.26285687,0.51170236,0.81796503,0.3746562,-0.835384,0.40220183,0.88912255,0.20073417,-0.41129893,,0.106154256,1.3403021,0.4403547,0.9953681,0.013072795,-0.09524403,-0.05287704,-0.7529503,-0.6559496,-0.08028912,0.65794754,-0.7487715,,-0.09924612,0.26665768,-0.085595734,-0.42000768,-0.29258904,0.85906065,0.907417,-0.14969806,0.3926639,0.013710573,0.94444805,0.3283746,,-0.025245335,0.4101182,-0.39526537,-0.34132484,-0.51870984,-0.7838606,0.9324196,-0.29217106,-0.21267296,-0.11870583,-0.8034776,0.58338046,,1.2327489577809616,0.5823712860452703,0.20840583959000003,3.038616971034242,0.01530328797372933,-1.2544857277913886,-0.4005196501612527,,-0.939107485704323,-0.3932261124897636,0.17283564199,-2.0771885801576984,-0.60803242395621,-0.06532327331658724,0.6773878422588561,,-0.05570436473896402,-0.06207917983187331,0.08431779928,-0.06574422517700301,,3.6641955e-05,5.9604645e-06,-4.887581e-06,1.0,-1.7736107e-05,-1.5579164e-05,1.7732382e-05,1.0,-1.9073486e-06,1.558289e-05,1.9073486e-06,1.0,270,0.82,0,0,0.0,False,-0.2611887454311268,0.8495383957302098
0.8197027129936032,16:01:58.562142,NaN,0,,0.12915015,0.0075079426,0.031849116,0.41748428,0.402192,-0.81483006,0.6478366,0.49706078,0.5772681,0.6371927,-0.76887715,-0.05303973,,0.05344308,-0.041546136,0.048836768,0.26477206,0.5108821,0.81786007,0.37555552,-0.83579564,0.4005042,0.8881744,0.20110954,-0.4131599,,0.106154256,1.3403021,0.4403547,0.9953681,0.013072795,-0.09524403,-0.05287704,-0.7529503,-0.6559496,-0.08028912,0.65794754,-0.7487715,,-0.09925939,0.26664114,-0.08558572,-0.4199531,-0.29244128,0.85913765,0.90743953,-0.14979452,0.39257497,0.0138889775,0.9444785,0.32827947,,-0.025107432,0.41000238,-0.39521855,-0.343161,-0.5179205,-0.78358084,0.93191284,-0.29199386,-0.21512337,-0.11738398,-0.804051,0.5828576,,1.2326331167878481,0.5823403951137733,0.20841620991,3.038616971034242,0.01543992447349477,-1.2546788244352256,-0.4003563060951185,,-0.9380340258348059,-0.3933187852842543,0.17286416037000002,-2.0771885801576984,-0.606802695458321,-0.0637123147653571,0.674447649068439,,-0.05570436473896402,-0.06207917983187331,0.08431779928,-0.06574422517700301,,3.6641955e-05,5.9604645e-06,-4.887581e-06,1.0,-1.7736107e-05,-1.5579164e-05,1.7732382e-05,1.0,-1.9073486e-06,1.558289e-05,1.9073486e-06,1.0,278,0.844,0,0,0.0,False,-0.260652545964438,0.8458691004709711
0.8644874459714629,16:01:58.591709,NaN,0,,0.12917784,0.007483341,0.031802237,0.417355,0.4018641,-0.81505805,0.6479222,0.49730015,0.57696587,0.6371903,-0.7688939,-0.052826002,,0.053443726,-0.041544825,0.04881203,0.26482797,0.5104553,0.8181084,0.37558362,-0.8360044,0.40004212,0.88814586,0.20132576,-0.41311598,,0.106154256,1.3403021,0.4403547,0.9953681,0.013072795,-0.09524403,-0.05287704,-0.7529503,-0.6559496,-0.08028912,0.65794754,-0.7487715,,-0.09928469,0.26659137,-0.08556445,-0.4198178,-0.2920954,0.8593214,0.90750146,-0.14962815,0.39249527,0.013932604,0.9446119,0.32789356,,-0.02510598,0.40998176,-0.39520487,-0.34321457,-0.51751167,-0.7838274,0.93189824,-0.29188088,-0.21533985,-0.117343344,-0.80435514,0.582446,,1.232355098404376,0.5821859404562889,0.20843824684,3.038616971034242,0.01530328797372933,-1.2553025151927941,-0.39872286543377555,,-0.9379490757731894,-0.3933187852842543,0.17288490101,-2.0771885801576984,-0.606802695458321,-0.06314056358437317,0.6708540796134849,,-0.05570436473896402,-0.06207917983187331,0.08431779928,-0.06574422517700301,,3.6641955e-05,5.9604645e-06,-4.887581e-06,1.0,-1.7736107e-05,-1.5579164e-05,1.7732382e-05,1.0,-1.9073486e-06,1.558289e-05,1.9073486e-06,1.0,290,0.881,0,0,0.0,False,-0.2607121236829584,0.8458691004709711
0.8940774489892647,16:01:58.621222,NaN,0,,0.12920877,0.0074681863,0.031736195,0.41713327,0.40205228,-0.81507874,0.64760375,0.4977404,0.5769438,0.63765913,-0.7685106,-0.052746534,,0.053486697,-0.041535616,0.04881352,0.26477277,0.5107138,0.8179649,0.37552154,-0.8358859,0.4003479,0.88818854,0.20116223,-0.41310382,,0.106154256,1.3403021,0.4403547,0.9953681,0.013072795,-0.09524403,-0.05287704,-0.7529503,-0.6559496,-0.08028912,0.65794754,-0.7487715,,-0.09931077,0.2665357,-0.08552241,-0.41966403,-0.2922815,0.8593332,0.9075813,-0.14904489,0.39253247,0.01334925,0.9446466,0.327818,,-0.025149014,0.40998435,-0.39519617,-0.34316257,-0.51775646,-0.78368855,0.93190765,-0.29198125,-0.21516284,-0.11742039,-0.8041612,0.5826982,,1.2320539118222813,0.5819774266686848,0.20848102441000002,3.038616971034242,0.014483468975136688,-1.2556141526523024,-0.40019296202898413,,-0.9381962032251646,-0.3932724488870089,0.17290823423,-2.0771885801576984,-0.6066660589585556,-0.06357869644863187,0.670854079613485,,-0.05570436473896402,-0.06207917983187331,0.08431779928,-0.06574422517700301,,3.6641955e-05,5.9604645e-06,-4.887581e-06,1.0,-1.7736107e-05,-1.5579164e-05,1.7732382e-05,1.0,-1.9073486e-06,1.558289e-05,1.9073486e-06,1.0,298,0.906,0,0,0.0,False,-0.26059296824591627,0.8497315165333279
0.9235751350061037,16:01:58.646980,NaN,0,,0.12923881,0.0074720904,0.03168723,0.4171941,0.40223157,-0.81495917,0.647451,0.49774557,0.57711077,0.6377744,-0.76841336,-0.052768722,,0.0535318,-0.041533515,0.0488078,0.2647362,0.5108914,0.8178659,0.37549222,-0.8358014,0.40055156,0.88821185,0.20106173,-0.41310266,,0.106154256,1.3403021,0.4403547,0.9953681,0.013072795,-0.09524403,-0.05287704,-0.7529503,-0.6559496,-0.08028912,0.65794754,-0.7487715,,-0.09933596,0.2665056,-0.08548026,-0.41974664,-0.29246774,0.8592295,0.90754575,-0.14897582,0.39264092,0.013169629,0.9445998,0.32795995,,-0.025193485,0.409977,-0.3951899,-0.34312785,-0.5179257,-0.7835919,0.93191564,-0.2920385,-0.21505065,-0.11745874,-0.8040314,0.5828696,,1.231837675301803,0.5819001993399425,0.20852380198000003,3.038826660977727,0.014210195975605806,-1.2556363530653312,-0.40002961796284975,,-0.9384278852113913,-0.3932724488870089,0.17293804890000003,-2.0771885801576984,-0.6065294224587902,-0.06393515057274998,0.6739576168700362,,-0.05570436473896402,-0.06207917983187331,0.08431779928,-0.06574422517700301,,3.6641955e-05,5.9604645e-06,-4.887581e-06,1.0,-1.7736107e-05,-1.5579164e-05,1.7732382e-05,1.0,-1.9073486e-06,1.558289e-05,1.9073486e-06,1.0,317,0.963,0,0,0.0,False,-0.26005676877922745,0.8540767346034794
0.9493395449826494,16:01:58.703696,NaN,0,,0.12929326,0.007505335,0.03159502,0.41569045,0.40426755,-0.81472003,0.64696187,0.4981721,0.57729113,0.6392508,-0.7670673,-0.054460317,,0.053566493,-0.041529924,0.048772097,0.2646955,0.5105276,0.8181061,0.37547177,-0.8359797,0.4001987,0.88823265,0.20124497,-0.41296875,,0.106154256,1.3403021,0.4403547,0.9953681,0.013072795,-0.09524403,-0.05287704,-0.7529503,-0.6559496,-0.08028912,0.65794754,-0.7487715,,-0.099379286,0.2664681,-0.08538386,-0.4184223,-0.2945748,0.85915565,0.90817875,-0.14775752,0.39163637,0.011580507,0.9441363,0.3293516,,-0.025225045,0.40994546,-0.39516753,-0.34308887,-0.51757705,-0.7838393,0.93192625,-0.2919433,-0.21513385,-0.11748829,-0.8042904,0.5825062,,1.2315055977882114,0.5817689128810808,0.20862102373000002,3.0375685213168198,0.012433921478655081,-1.2544329565376993,-0.3998662738967156,,-0.9384896670743851,-0.3932724488870089,0.17298730792000003,-2.0771885801576984,-0.6065294224587902,-0.06352675687204719,0.6795113151186017,,-0.05570436473896402,-0.06207917983187331,0.08431779928,-0.06574422517700301,,3.6641955e-05,5.9604645e-06,-4.887581e-06,1.0,-1.7736107e-05,-1.5579164e-05,1.7732382e-05,1.0,-1.9073486e-06,1.558289e-05,1.9073486e-06,1.0,325,0.988,0,0,0.0,False,-0.2602355019347904,0.8587116338783072
