Task Time,PC1 Time,PC2 Time,Gaze Calib,s_T_psm1,Tx,Ty,Tz,R00,R01,R02,R10,R11,R12,R20,R21,R22,s_T_psm3,Tx,Ty,Tz,R00,R01,R02,R10,R11,R12,R20,R21,R22,cart_T_ecm,Tx,Ty,Tz,R00,R01,R02,R10,R11,R12,R20,R21,R22,ecm_T_psm1,Tx,Ty,Tz,R00,R01,R02,R10,R11,R12,R20,R21,R22,ecm_T_psm3,Tx,Ty,Tz,R00,R01,R02,R10,R11,R12,R20,R21,R22,psm1_joints,q1,q2,q3,q4,q5,q6,jaw,psm3_joints,q1,q2,q3,q4,q5,q6,jaw,ecm_joints,q1,q2,q3,q4,ecmi_T_ecm,Tx,Ty,Tz,R00,R01,R02,R10,R11,R12,R20,R21,R22,Sample #,Task Duration (s),Collisions (binary),Collisions (increments),Cumulative Collision Time (s),Clutch Press,MTMR Angle,MTML Angle
""
lci_T_si,,,,,-0.058161814,0.028812556,0.22338274,0.99118906,-0.064254425,0.115825556,0.028569233,-0.75016135,-0.6606374,0.12933673,0.65812564,-0.741716
rci_T_si,,,,,-0.067850515,0.03317108,0.23398167,0.98941356,-0.079541974,0.12138337,0.022701237,-0.7412876,-0.67080355,0.14333703,0.66645765,-0.73163426
ecm_T_lc,,,,,-4.4061628e-05,-0.00034663224,-0.01840835,-0.99912,0.030754527,0.028518902,-0.031987965,-0.99852574,-0.043852776,0.027128186,-0.04472645,0.9986309
ecm_T_rc,,,,,-0.0043358393,0.01870579,-0.007592615,-0.99555075,-0.052743673,-0.078081585,0.04863213,-0.9973746,0.053654674,-0.08070653,0.04961868,0.9955021
cart_T_ecmi,,,,,0.106117226,1.3403053,0.44034997,0.9953694,0.013090626,-0.0952285,-0.052853465,-0.75295,-0.65595186,-0.08028912,0.65794754,-0.7487715
ecmac_T_ecmrep_psm1,,,,,0.006928962,-0.26080152,-0.2999526,0.99741316,0.06053514,0.03876121,-0.0592658,0.9976933,-0.033100393,-0.040675536,0.030717555,0.99870014
ecmac_T_ecmrep_psm3,,,,,-0.019041438,-0.46633056,-0.5465172,0.99408877,-0.01321918,0.10776258,-0.016145537,0.96352404,0.2671344,-0.107363135,-0.2672952,0.95761496
""
0,16:06:45.212077,16:06:35.205396,0,,0.12453559,-0.005136013,0.024476945,0.92284507,-0.10863951,-0.36953256,0.3845367,0.20481515,0.9001013,-0.022100776,-0.9727528,0.23078847,,0.03608631,-0.028050862,0.025745451,-0.17599122,0.14964609,0.9729506,0.72744983,-0.64612174,0.23096177,0.6632072,0.7484201,0.004851721,,0.1061206,1.3403041,0.44034845,0.9953697,0.013095164,-0.095224544,-0.052847467,-0.7529499,-0.6559524,-0.08028912,0.65794754,-0.7487715,,-0.09498986,0.252336,-0.089167856,-0.88424236,0.20985922,0.41722247,0.26849934,-0.5025269,0.8218119,0.38213032,0.8387048,0.3880085,,-0.0059483224,0.39841428,-0.37250242,0.1116607,-0.20649976,-0.97205436,0.95218563,0.30215985,0.045188595,0.28438437,-0.930622,0.23036547,,1.1975332958744977,0.5215393191950038,0.20598696245000003,3.8687794572894747,0.3816257438448752,-1.2179875780646268,-0.41326048731972653,,-0.7980517697566124,-0.32941317075004645,0.1856676167,3.3856538275011303,-0.6152741584437783,1.0019154249657887,0.7218174282473799,,-0.055632369907319255,-0.0618370153981591,0.08432137115999999,-0.06574422517700301,,3.542751e-06,-1.1920929e-07,1.66893e-06,1.0,4.5076013e-06,3.963709e-06,-4.515052e-06,1.0,4.7683716e-07,-3.963709e-06,-5.066395e-07,1.0,34,0.102,0,0,0.0,False,-0.26106958999408425,0.8830931352719338
0.13098495203303173,16:06:45.237019,16:06:35.279071,0,,0.12456496,-0.0052070767,0.02479735,0.92367923,-0.09875831,-0.3702205,0.38300908,0.21028581,0.8994911,-0.010980159,-0.9726391,0.23206186,,0.034954242,-0.027361892,0.025229871,-0.18536791,0.1671362,0.9683512,0.7229693,-0.64422166,0.24958722,0.6655479,0.74635375,-0.0014163256,,0.1061206,1.3403041,0.44034845,0.9953697,0.013095164,-0.095224544,-0.052847467,-0.7529499,-0.6559524,-0.08028912,0.65794754,-0.7487715,,-0.09505289,0.25249887,-0.08944727,-0.8861727,0.20046663,0.41774523,0.27484706,-0.49841478,0.8222176,0.3730376,0.84344286,0.38658392,,-0.004783284,0.39841065,-0.37168708,0.12084754,-0.22376806,-0.96712136,0.95265317,0.2999811,0.049631417,0.2790122,-0.92732906,0.24942532,,1.1980043825798254,0.5220567422975768,0.20566288995,3.863746898645846,0.37151464286223257,-1.2204425681495055,-0.41179039072451784,,-0.7914024967519051,-0.32525834046371366,0.18578169022000002,3.374330570552966,-0.6208762549341614,0.9980706487828641,0.7139769130729345,,-0.055632369907319255,-0.0618370153981591,0.08432137115999999,-0.06574422517700301,,3.542751e-06,-1.1920929e-07,1.66893e-06,1.0,4.5076013e-06,3.963709e-06,-4.515052e-06,1.0,4.7683716e-07,-3.963709e-06,-5.066395e-07,1.0,42,0.125,0,0,0.0,False,-0.26005676877922745,0.8795686806150331
0.15592141402885318,16:06:45.264007,16:06:35.279071,0,,0.12459543,-0.0052206963,0.024989963,0.9241193,-0.09207834,-0.37084335,0.38207442,0.21065173,0.8998028,-0.0047335923,-0.9732149,0.22984806,,0.034307167,-0.027001344,0.024951935,-0.19125491,0.1775034,0.9653568,0.7202611,-0.64277685,0.26088652,0.6668173,0.745205,-0.0049145967,,0.1061206,1.3403041,0.44034845,0.9953697,0.013095164,-0.095224544,-0.052847467,-0.7529499,-0.6559524,-0.08028912,0.65794754,-0.7487715,,-0.095101245,0.25261828,-0.0895943,-0.8872347,0.19391304,0.4185837,0.27835605,-0.49854007,0.8209602,0.36787564,0.8448997,0.38834518,,-0.004118466,0.39840606,-0.37125823,0.12663135,-0.23401341,-0.96395135,0.9528282,0.29891667,0.052603718,0.27583113,-0.9251414,0.26082683,,1.1982824009632975,0.5225046608042819,0.20548918709000003,3.8610209293805466,0.3659125463718495,-1.2186515112627312,-0.4114637025922494,,-0.7876569713079062,-0.32307280706030816,0.18583354182000003,3.3672011124744916,-0.6244288039280628,0.9957400749099751,0.7103833436179805,,-0.055632369907319255,-0.0618370153981591,0.08432137115999999,-0.06574422517700301,,3.542751e-06,-1.1920929e-07,1.66893e-06,1.0,4.5076013e-06,3.963709e-06,-4.515052e-06,1.0,4.7683716e-07,-3.963709e-06,-5.066395e-07,1.0,53,0.159,0,0,0.0,False,-0.2602950796533112,0.8787479172017822
0.18291455000871792,16:06:45.293212,16:06:35.279071,0,,0.12469019,-0.005211331,0.02529946,0.92527694,-0.076885715,-0.3714174,0.3791842,0.21084973,0.9009783,0.0090408325,-0.97449017,0.22424811,,0.033290796,-0.026489235,0.024519682,-0.20134598,0.19478686,0.95995706,0.71557283,-0.6399876,0.27994883,0.66889095,0.743286,-0.010525271,,0.1061206,1.3403041,0.44034845,0.9953697,0.013095164,-0.095224544,-0.052847467,-0.7529499,-0.6559524,-0.08028912,0.65794754,-0.7487715,,-0.09522193,0.25283325,-0.089804254,-0.8898275,0.17895497,0.41974053,0.28547984,-0.4992711,0.8180646,0.35596102,0.84776384,0.39317712,,-0.0030740479,0.39837497,-0.3706334,0.13655473,-0.2510971,-0.9582813,0.9530172,0.29733214,0.057895068,0.27039054,-0.9211644,0.27990195,,1.1987225967371284,0.5233232704889497,0.20522344764000003,3.8557786807934336,0.3530687153938981,-1.213895740125107,-0.4101569500631752,,-0.7817954170563698,-0.31996826844486986,0.18591391180000003,3.3550390957523897,-0.6308507194170385,0.9915019825274016,0.7064630860307577,,-0.055632369907319255,-0.0618370153981591,0.08432137115999999,-0.06574422517700301,,3.542751e-06,-1.1920929e-07,1.66893e-06,1.0,4.5076013e-06,3.963709e-06,-4.515052e-06,1.0,4.7683716e-07,-3.963709e-06,-5.066395e-07,1.0,61,0.184,0,0,0.0,False,-0.26053339052739544,0.8772029507768395
0.21208987099817023,16:06:45.323129,16:06:35.279071,0,,0.12479778,-0.005154468,0.025550693,0.9267592,-0.061626405,-0.37056625,0.37479377,0.21847221,0.90099925,0.025433034,-0.9738953,0.2255682,,0.03263484,-0.026227497,0.024233818,-0.20747267,0.20845786,0.9557721,0.713273,-0.6364112,0.29363647,0.66947496,0.742648,-0.016649395,,0.1061206,1.3403041,0.44034845,0.9953697,0.013095164,-0.095224544,-0.052847467,-0.7529499,-0.6559524,-0.08028912,0.65794754,-0.7487715,,-0.095346496,0.25304416,-0.08993815,-0.89309156,0.16434841,0.4187804,0.29325366,-0.49325007,0.8189668,0.34115934,0.8542213,0.39232174,,-0.0023987356,0.39831415,-0.37028596,0.14263175,-0.2646986,-0.95372474,0.9528304,0.29752946,0.0599211,0.26790017,-0.9172845,0.29465,,1.19925546530545,0.5240492073791267,0.20502641156,3.850326742262836,0.3370822449213416,-1.2162154485390513,-0.4134238313858608,,-0.7779803870165029,-0.31830788087691164,0.18596057824,3.347070877899978,-0.6341299954114091,0.985926459461919,0.703686236906475,,-0.055632369907319255,-0.0618370153981591,0.08432137115999999,-0.06574422517700301,,3.542751e-06,-1.1920929e-07,1.66893e-06,1.0,4.5076013e-06,3.963709e-06,-4.515052e-06,1.0,4.7683716e-07,-3.963709e-06,-5.066395e-07,1.0,73,0.22,0,0,0.0,False,-0.2602355019347904,0.8759959457573534
0.24203241104260087,16:06:45.354183,16:06:35.279071,0,,0.124886796,-0.005089633,0.025771469,0.9284963,-0.04443592,-0.36867318,0.36884442,0.22530288,0.9017719,0.04299201,-0.97327495,0.22558272,,0.032212626,-0.026142545,0.024044335,-0.21137597,0.22490709,0.95117646,0.7120308,-0.63123894,0.307489,0.66957617,0.74226296,-0.026712075,,0.1061206,1.3403041,0.44034845,0.9953697,0.013095164,-0.095224544,-0.052847467,-0.7529499,-0.6559524,-0.08028912,0.65794754,-0.7487715,,-0.09544928,0.25324053,-0.09004654,-0.89683414,0.14775977,0.41695994,0.3006582,-0.4878004,0.81954587,0.32448912,0.86035913,0.39305088,,-0.0019627702,0.39822784,-0.37013143,0.14652428,-0.2811054,-0.94842523,0.9525923,0.29853648,0.058684316,0.26664305,-0.9120613,0.31152168,,1.1999196203326332,0.5245820759474483,0.20485270870000002,3.8455038735626923,0.31904622695230345,-1.2168638883975493,-0.41179039072451795,,-0.77547049883238,-0.3177055077127221,0.18598391146,3.3418286293128645,-0.6363161794076562,0.9742321537978689,0.7018894521789979,,-0.055632369907319255,-0.0618370153981591,0.08432137115999999,-0.06574422517700301,,3.542751e-06,-1.1920929e-07,1.66893e-06,1.0,4.5076013e-06,3.963709e-06,-4.515052e-06,1.0,4.7683716e-07,-3.963709e-06,-5.066395e-07,1.0,80,0.241,0,0,0.0,False,-0.2608312791200009,0.8771546705760604
0.2730313980136998,16:06:45.375562,16:06:35.279071,0,,0.12487081,-0.0050381273,0.025860399,0.92884856,-0.037527718,-0.3685535,0.36704022,0.22807452,0.9018113,0.050214678,-0.9729202,0.22562078,,0.03200559,-0.02615612,0.023943245,-0.21359766,0.2446141,0.94580114,0.71040744,-0.62567705,0.32225677,0.67059463,0.74073756,-0.040132523,,0.1061206,1.3403041,0.44034845,0.9953697,0.013095164,-0.095224544,-0.052847467,-0.7529499,-0.6559524,-0.08028912,0.65794754,-0.7487715,,-0.095437214,0.25333846,-0.09007937,-0.89796346,0.1410862,0.41684082,0.3041803,-0.48551974,0.81960046,0.31801876,0.8627661,0.39306334,,-0.0017477457,0.3981504,-0.3700991,0.14866701,-0.3006646,-0.9420716,0.9528158,0.29850775,0.055093005,0.26465115,-0.9058112,0.33085623,,1.2005219934968228,0.5247519760706812,0.20479307936000002,3.8427779042973933,0.31180449246473513,-1.217166323752322,-0.4132604873197264,,-0.774165356976636,-0.31779045777433856,0.18600335581000002,3.339522039934535,-0.6391855459027305,0.9563156022206345,0.7025428284435351,,-0.055632369907319255,-0.0618370153981591,0.08432137115999999,-0.06574422517700301,,3.542751e-06,-1.1920929e-07,1.66893e-06,1.0,4.5076013e-06,3.963709e-06,-4.515052e-06,1.0,4.7683716e-07,-3.963709e-06,-5.066395e-07,1.0,88,0.266,0,0,0.0,False,-0.260652545964438,0.8785547963986646
0.2944634539890103,16:06:45.404168,16:06:35.432364,0,,0.12479207,-0.0049593225,0.0259794,0.9294223,-0.025301695,-0.36814895,0.36365163,0.23231152,0.9021025,0.06270048,-0.9723122,0.2251164,,0.031945046,-0.026182465,0.023918271,-0.21496725,0.25868288,0.9417388,0.70876074,-0.62208694,0.33266506,0.6718982,0.7389797,-0.049615964,,0.1061206,1.3403041,0.44034845,0.9953697,0.013095164,-0.095224544,-0.052847467,-0.7529499,-0.6559524,-0.08028912,0.65794754,-0.7487715,,-0.095363356,0.25347692,-0.09012346,-0.8999018,0.12922475,0.41650653,0.31006938,-0.48199132,0.81947625,0.30664915,0.8665941,0.39367622,,-0.0016850401,0.39812037,-0.3701113,0.1499367,-0.31456712,-0.9373188,0.95320505,0.29772022,0.052562088,0.26252446,-0.901338,0.34448618,,1.2017576307566986,0.5247596988035554,0.20470493164000003,3.8381647255407336,0.29882402498701827,-1.2170365016391538,-0.41113701445998085,,-0.7737714976000505,-0.31801441702769107,0.18601113355,3.338683280160597,-0.6419182758980392,0.9426166059671532,0.7017261081128637,,-0.055632369907319255,-0.0618370153981591,0.08432137115999999,-0.06574422517700301,,3.542751e-06,-1.1920929e-07,1.66893e-06,1.0,4.5076013e-06,3.963709e-06,-4.515052e-06,1.0,4.7683716e-07,-3.963709e-06,-5.066395e-07,1.0,96,0.29,0,0,0.0,False,-0.26148663402373185,0.8792789994103565
0.32306545303435996,16:06:45.428354,16:06:35.432364,0,,0.124745965,-0.0048896894,0.02603887,0.9298667,-0.013529621,-0.36764756,0.36027515,0.23584262,0.90254104,0.07449587,-0.9716971,0.2241765,,0.031930227,-0.026202776,0.02390927,-0.21438026,0.27259022,0.93794215,0.70792186,-0.61825097,0.34148553,0.67296934,0.7371976,-0.060431764,,0.1061206,1.3403041,0.44034845,0.9953697,0.013095164,-0.095224544,-0.052847467,-0.7529499,-0.6559524,-0.08028912,0.65794754,-0.7487715,,-0.09531736,0.2535685,-0.09012609,-0.90164965,0.11775801,0.41612607,0.31550324,-0.47897983,0.8191679,0.2957796,0.8698916,0.39471897,,-0.0016693051,0.39810348,-0.3701247,0.1492689,-0.32830918,-0.9327014,0.95365185,0.2970493,0.04806098,0.26127946,-0.8966464,0.35743287,,1.202699804167354,0.5246593032761905,0.20466474665,3.8339709266710433,0.2865267400081286,-1.2165653029029215,-0.41391386358426363,,-0.7736093202096919,-0.31816114895230135,0.18601631871000002,3.339941419821504,-0.6431480043959281,0.9275286552927302,0.7031962047080721,,-0.055632369907319255,-0.0618370153981591,0.08432137115999999,-0.06574422517700301,,3.542751e-06,-1.1920929e-07,1.66893e-06,1.0,4.5076013e-06,3.963709e-06,-4.515052e-06,1.0,4.7683716e-07,-3.963709e-06,-5.066395e-07,1.0,104,0.314,0,0,0.0,False,-0.2607717014014801,0.8808722460360787
0.3472610720200464,16:06:45.449439,16:06:35.432364,0,,0.12462035,-0.004807532,0.02612251,0.9301949,-0.0033767372,-0.36705014,0.3568397,0.24270532,0.9020863,0.08603889,-0.97009414,0.22696817,,0.031932097,-0.026208319,0.02390188,-0.21281463,0.29231635,0.9323416,0.7077803,-0.6117133,0.3533467,0.67361474,0.7350905,-0.07671427,,0.1061206,1.3403041,0.44034845,0.9953697,0.013095164,-0.095224544,-0.052847467,-0.7529499,-0.6559524,-0.08028912,0.65794754,-0.7487715,,-0.095193565,0.2536857,-0.0901475,-0.9032647,0.10807343,0.4152506,0.32072386,-0.4728364,0.8207082,0.28504235,0.8744975,0.3924347,,-0.0016704849,0.39809418,-0.37012568,0.1476554,-0.3478475,-0.925851,0.95401096,0.29701567,0.040555894,0.26088497,-0.8892603,0.3757063,,1.2041053415504628,0.5244585122214607,0.20460511731000003,3.8297771278013526,0.2740928185294736,-1.2195765508291778,-0.412933799187458,,-0.7735320928809496,-0.31818431715092405,0.18602280016000003,3.342038319256349,-0.6431480043959281,0.9054753954547784,0.7038495809726093,,-0.055632369907319255,-0.0618370153981591,0.08432137115999999,-0.06574422517700301,,3.542751e-06,-1.1920929e-07,1.66893e-06,1.0,4.5076013e-06,3.963709e-06,-4.515052e-06,1.0,4.7683716e-07,-3.963709e-06,-5.066395e-07,1.0,119,0.36,0,0,0.0,False,-0.2608908568385213,0.8824172124610214
0.36831960000563413,16:06:45.489404,16:06:35.432364,0,,0.12451993,-0.0047008023,0.026223302,0.9305266,0.017280675,-0.365816,0.3504365,0.24810791,0.9031261,0.10636844,-0.9685782,0.22481522,,0.031891845,-0.026174761,0.023854852,-0.21133587,0.31284878,0.9259927,0.7072288,-0.6049906,0.36580566,0.67465883,0.7321967,-0.09339948,,0.1061206,1.3403041,0.44034845,0.9953697,0.013095164,-0.095224544,-0.052847467,-0.7529499,-0.6559524,-0.08028912,0.65794754,-0.7487715,,-0.09509437,0.25383264,-0.09016214,-0.905892,0.08785096,0.41429687,0.32965782,-0.46784574,0.8200281,0.26586726,0.8794331,0.39485696,,-0.0016267038,0.39807403,-0.37007433,0.14609855,-0.36812392,-0.91822654,0.95451057,0.29633784,0.033067625,0.25993228,-0.88128805,0.3946727,,1.205796620049918,0.5241496029064917,0.20453122878000002,3.8228573596663638,0.25250425156653394,-1.2178998763725528,-0.41391386358426374,,-0.7731536789701126,-0.31799124882906843,0.18605650370000001,3.3441352186911946,-0.6435579138952244,0.8828579231863696,0.7059730538323549,,-0.055632369907319255,-0.0618370153981591,0.08432137115999999,-0.06574422517700301,,3.542751e-06,-1.1920929e-07,1.66893e-06,1.0,4.5076013e-06,3.963709e-06,-4.515052e-06,1.0,4.7683716e-07,-3.963709e-06,-5.066395e-07,1.0,127,0.385,0,0,0.0,False,-0.2611887454311268,0.8830931352719338
0.40830693300813437,16:06:45.520366,16:06:35.567544,0,,0.12454371,-0.004631102,0.026336014,0.9305413,0.03987647,-0.36400896,0.34312022,0.25227877,0.9047785,0.12791108,-0.96683264,0.22107333,,0.031831175,-0.026143752,0.023804426,-0.2109671,0.31913462,0.9239295,0.70536137,-0.6046696,0.3699189,0.6767261,0.72974503,-0.09753986,,0.1061206,1.3403041,0.44034845,0.9953697,0.013095164,-0.095224544,-0.052847467,-0.7529499,-0.6559524,-0.08028912,0.65794754,-0.7487715,,-0.095122464,0.25395998,-0.09019559,-0.9083833,0.0655867,0.41296268,0.3387323,-0.46361467,0.81873184,0.24515349,0.88360614,0.3989235,,-0.0015622645,0.39805126,-0.37002414,0.14557338,-0.37418082,-0.9158587,0.95530665,0.2939049,0.03176651,0.25728893,-0.8795502,0.40024215,,1.2068082980564414,0.524026039180504,0.20444178477000002,3.816147281474859,0.22995922910523628,-1.2147081679287879,-0.41097367039384647,,-0.7726594240661622,-0.3178831305688293,0.18609539240000003,3.345603048295586,-0.6460173708910025,0.8762871777381462,0.7077698385598319,,-0.055632369907319255,-0.0618370153981591,0.08432137115999999,-0.06574422517700301,,3.542751e-06,-1.1920929e-07,1.66893e-06,1.0,4.5076013e-06,3.963709e-06,-4.515052e-06,1.0,4.7683716e-07,-3.963709e-06,-5.066395e-07,1.0,139,0.42,0,0,0.0,False,-0.26106958999408425,0.884493261094538
0.4391940840287134,16:06:45.556087,16:06:35.567544,0,,0.124617994,-0.004584104,0.026482373,0.93035865,0.0640803,-0.36100718,0.333502,0.26120895,0.90584016,0.15234476,-0.9631529,0.22164702,,0.031770892,-0.026138283,0.023733914,-0.2111438,0.31933677,0.9238193,0.705029,-0.60487056,0.3702238,0.6770172,0.72949004,-0.09742703,,0.1061206,1.3403041,0.44034845,0.9953697,0.013095164,-0.095224544,-0.052847467,-0.7529499,-0.6559524,-0.08028912,0.65794754,-0.7487715,,-0.095205456,0.2540931,-0.09026296,-0.91111475,0.041928504,0.4100146,0.34804794,-0.4545629,0.8198995,0.22075458,0.88972723,0.39956582,,-0.0014962544,0.39799833,-0.36998585,0.14572793,-0.3743585,-0.9157615,0.9554015,0.29356825,0.032026794,0.256849,-0.87958705,0.40044376,,1.2076577986726063,0.523917920920265,0.20431604464000003,3.8096468932268386,0.20386165765003716,-1.2156439656410043,-0.4119537347906522,,-0.7721728918950861,-0.3178599623702066,0.18613816997000002,3.3453933583521014,-0.6465639168900642,0.8767328493529319,0.7094032792211747,,-0.055632369907319255,-0.0618370153981591,0.08432137115999999,-0.06574422517700301,,3.542751e-06,-1.1920929e-07,1.66893e-06,1.0,4.5076013e-06,3.963709e-06,-4.515052e-06,1.0,4.7683716e-07,-3.963709e-06,-5.066395e-07,1.0,147,0.445,0,0,0.0,False,-0.26136747858668974,0.8894661217748219
0.47498389304382727,16:06:45.582411,16:06:35.567544,0,,0.12463264,-0.0045990795,0.026681244,0.92882776,0.08642487,-0.36029068,0.32704753,0.2657464,0.9068731,0.17412233,-0.9601612,0.21856758,,0.031726,-0.026143305,0.023677707,-0.21198305,0.31987986,0.92343915,0.7050917,-0.6042218,0.3711624,0.67668957,0.72978956,-0.0974599,,0.1061206,1.3403041,0.44034845,0.9953697,0.013095164,-0.095224544,-0.052847467,-0.7529499,-0.6559524,-0.08028912,0.65794754,-0.7487715,,-0.09523874,0.25421578,-0.090417355,-0.91202444,0.01983245,0.4096561,0.35792023,-0.4492221,0.81859183,0.20026125,0.8932,0.4026031,,-0.0014466821,0.39795104,-0.36996323,0.14659138,-0.37493154,-0.9153892,0.955218,0.29411215,0.03250509,0.25703987,-0.8791612,0.40125567,,1.208584526617513,0.523748020797032,0.20411641598000002,3.8016786753744265,0.1817265446880358,-1.213276583349172,-0.4142405517165322,,-0.7718330916486201,-0.31789085330170347,0.18617057722000002,3.3441352186911946,-0.6467005533898296,0.8770893034770499,0.7131601927422633,,-0.055632369907319255,-0.0618370153981591,0.08432137115999999,-0.06574422517700301,,3.542751e-06,-1.1920929e-07,1.66893e-06,1.0,4.5076013e-06,3.963709e-06,-4.515052e-06,1.0,4.7683716e-07,-3.963709e-06,-5.066395e-07,1.0,162,0.491,0,0,0.0,False,-0.261427056305211,0.8916870110106774
0.5013005410437472,16:06:45.620118,16:06:35.567544,0,,0.124559805,-0.0046176016,0.026970178,0.92608935,0.11306702,-0.35996392,0.32079166,0.2662779,0.9089493,0.19862261,-0.9572419,0.21032614,,0.031744413,-0.026137285,0.023648024,-0.2119032,0.3212257,0.9229902,0.7052696,-0.603523,0.37196064,0.67652917,0.7297766,-0.09866226,,0.1061206,1.3403041,0.44034845,0.9953697,0.013095164,-0.095224544,-0.052847467,-0.7529499,-0.6559524,-0.08028912,0.65794754,-0.7487715,,-0.095193386,0.25439647,-0.09065062,-0.9119598,-0.0068391575,0.41022244,0.3697723,-0.44690016,0.814585,0.1777574,0.8945577,0.41008392,,-0.0014625596,0.3979272,-0.36994237,0.14652374,-0.3762782,-0.91484725,0.95516455,0.29435045,0.03191422,0.25727707,-0.8785058,0.40253693,,1.2101445186581063,0.5235163388108053,0.20383512105,3.7914038681436852,0.15713197473025653,-1.2054731717049005,-0.4132604873197264,,-0.7718639825801171,-0.317875407835955,0.18620428076,3.3441352186911946,-0.6464272803902987,0.8755596078274082,0.717080450329486,,-0.055632369907319255,-0.0618370153981591,0.08432137115999999,-0.06574422517700301,,3.542751e-06,-1.1920929e-07,1.66893e-06,1.0,4.5076013e-06,3.963709e-06,-4.515052e-06,1.0,4.7683716e-07,-3.963709e-06,-5.066395e-07,1.0,170,0.516,0,0,0.0,False,-0.2611887454311268,0.8930871368332816
0.5390004270011559,16:06:45.646557,16:06:35.567544,0,,0.12450862,-0.004607536,0.027125165,0.9241814,0.12671278,-0.36032248,0.31735328,0.27021256,0.90899515,0.21254493,-0.95442605,0.20951262,,0.031780448,-0.026124828,0.02365148,-0.21265066,0.3212534,0.9228086,0.70519567,-0.60326636,0.37251678,0.67637163,0.72997665,-0.098261535,,0.1061206,1.3403041,0.44034845,0.9953697,0.013095164,-0.095224544,-0.052847467,-0.7529499,-0.6559524,-0.08028912,0.65794754,-0.7487715,,-0.09515546,0.25450823,-0.090763815,-0.91156465,-0.020329127,0.41065392,0.37659392,-0.44211245,0.81407225,0.16500583,0.89672923,0.4106699,,-0.0014988803,0.39793366,-0.36993212,0.1472826,-0.37632537,-0.914706,0.95505047,0.29465026,0.032554675,0.2572672,-0.8783851,0.40280658,,1.2111175830002587,0.5233927750848177,0.20369641802000002,3.785322859782634,0.1431950517541816,-1.2049718179665603,-0.4134238313858609,,-0.7720956645663438,-0.31784451690445814,0.18621853995,3.3432964589172562,-0.6465639168900642,0.8757527044712452,0.7172437943956202,,-0.055632369907319255,-0.0618370153981591,0.08432137115999999,-0.06574422517700301,,3.542751e-06,-1.1920929e-07,1.66893e-06,1.0,4.5076013e-06,3.963709e-06,-4.515052e-06,1.0,4.7683716e-07,-3.963709e-06,-5.066395e-07,1.0,178,0.54,0,0,0.0,False,-0.2623802998015474,0.8932802576363992
0.5654635269893333,16:06:45.676933,16:06:35.700186,0,,0.1243857,-0.004618481,0.027408078,0.92030305,0.1471807,-0.36246365,0.31396848,0.27485394,0.908779,0.23337927,-0.95015424,0.20673874,,0.03184023,-0.026115634,0.023665607,-0.21293254,0.32110906,0.92279387,0.7051699,-0.60322964,0.37262505,0.6763099,0.7300706,-0.09798925,,0.1061206,1.3403041,0.44034845,0.9953697,0.013095164,-0.095224544,-0.052847467,-0.7529499,-0.6559524,-0.08028912,0.65794754,-0.7487715,,-0.09505924,0.25469056,-0.090993516,-0.90981895,-0.04066655,0.4130081,0.38810658,-0.43583137,0.81204945,0.14697863,0.8991091,0.4123106,,-0.0015597373,0.39794576,-0.36992928,0.14756896,-0.37618992,-0.9147155,0.9550065,0.29476076,0.0328444,0.25726652,-0.8784061,0.40276134,,1.212777970568217,0.5231842612972136,0.20343197486000003,3.7744189827214387,0.12324612278842728,-1.2029985835514811,-0.4152206161133378,,-0.7724586330114324,-0.31783679417158395,0.18623150285,3.3430867689737718,-0.6465639168900642,0.8756710257311047,0.7174071384617545,,-0.055632369907319255,-0.0618370153981591,0.08432137115999999,-0.06574422517700301,,3.542751e-06,-1.1920929e-07,1.66893e-06,1.0,4.5076013e-06,3.963709e-06,-4.515052e-06,1.0,4.7683716e-07,-3.963709e-06,-5.066395e-07,1.0,186,0.564,0,0,0.0,False,-0.26148663402373185,0.8928940160301635
0.5958063500002027,16:06:45.697602,16:06:35.700186,0,,0.12426248,-0.004619658,0.027610928,0.9171895,0.15938228,-0.3651855,0.3136783,0.2763356,0.90842974,0.24570131,-0.9477532,0.20345718,,0.03187558,-0.026111372,0.023676455,-0.21300824,0.32084543,0.9228681,0.7051478,-0.6033269,0.3725093,0.6763091,0.7301061,-0.09772987,,0.1061206,1.3403041,0.44034845,0.9953697,0.013095164,-0.095224544,-0.052847467,-0.7529499,-0.6559524,-0.08028912,0.65794754,-0.7487715,,-0.0949549,0.25482628,-0.09115793,-0.90783817,-0.052878384,0.41597325,0.39618328,-0.433136,0.80958754,0.1373633,0.89977616,0.4141669,,-0.0015959258,0.3979545,-0.3699299,0.14764465,-0.37592933,-0.9148105,0.9550005,0.29476246,0.033002328,0.25724524,-0.8785171,0.4025328,,1.214052221492464,0.5230838657698487,0.20324790168,3.7662410749255417,0.11231520280719205,-1.2004560929867312,-0.41195373479065234,,-0.7726748695319107,-0.31783679417158395,0.18623668801,3.3430867689737718,-0.6465639168900642,0.8757527044712452,0.7175704825278887,,-0.055632369907319255,-0.0618370153981591,0.08432137115999999,-0.06574422517700301,,3.542751e-06,-1.1920929e-07,1.66893e-06,1.0,4.5076013e-06,3.963709e-06,-4.515052e-06,1.0,4.7683716e-07,-3.963709e-06,-5.066395e-07,1.0,194,0.588,0,0,0.0,False,-0.26160578946077395,0.8930871368332816
0.6164910820079967,16:06:45.721791,16:06:35.700186,0,,0.12408222,-0.0045816973,0.02786909,0.91407347,0.175864,-0.36543304,0.3100482,0.27780163,0.90922856,0.26141843,-0.9444035,0.19940472,,0.031899706,-0.026112415,0.023681343,-0.21305163,0.32071686,0.92290276,0.70514977,-0.60335773,0.3724556,0.6762933,0.7301371,-0.09760711,,0.1061206,1.3403041,0.44034845,0.9953697,0.013095164,-0.095224544,-0.052847467,-0.7529499,-0.6559524,-0.08028912,0.65794754,-0.7487715,,-0.09479572,0.25502825,-0.09134354,-0.9064169,-0.06942535,0.4166396,0.40407175,-0.42981976,0.8074534,0.1230222,0.9002417,0.41764873,,-0.0016203654,0.39795625,-0.36993244,0.14768922,-0.3758036,-0.91485494,0.9549914,0.2947835,0.033077635,0.25725344,-0.8785638,0.40242553,,1.2159442910466491,0.5229294111123642,0.20303531012,3.7584825470166146,0.09632873233463551,-1.1959147872288685,-0.4139138635842635,,-0.7728138787236467,-0.3178599623702066,0.18624187317000002,3.3430867689737718,-0.6465639168900642,0.8757527044712452,0.7175704825278887,,-0.055632369907319255,-0.0618370153981591,0.08432137115999999,-0.06574422517700301,,3.542751e-06,-1.1920929e-07,1.66893e-06,1.0,4.5076013e-06,3.963709e-06,-4.515052e-06,1.0,4.7683716e-07,-3.963709e-06,-5.066395e-07,1.0,205,0.622,0,0,0.0,False,-0.26196325577190027,0.8939079002465324
0.6406272079912014,16:06:45.755525,16:06:35.700186,0,,0.12394886,-0.004522413,0.02806969,0.9094251,0.19645327,-0.3665404,0.3064259,0.27933216,0.9099873,0.28115642,-0.93988276,0.19383323,,0.031906843,-0.026113518,0.023683608,-0.21053818,0.3195797,0.9238736,0.7049681,-0.60510015,0.36996448,0.6772692,0.7291931,-0.09789683,,0.1061206,1.3403041,0.44034845,0.9953697,0.013095164,-0.095224544,-0.052847467,-0.7529499,-0.6559524,-0.08028912,0.65794754,-0.7487715,,-0.094676346,0.2552072,-0.09146709,-0.90382844,-0.090149485,0.4182908,0.4146723,-0.4256736,0.80426913,0.1055509,0.90037495,0.42211843,,-0.0016276574,0.39795706,-0.36993426,0.14510366,-0.374573,-0.9157729,0.9555392,0.29317793,0.031487834,0.2566899,-0.8796259,0.40046036,,1.2177591332720918,0.5226513927288922,0.20288105161000003,3.747368980011935,0.07610653036935033,-1.1902065311803525,-0.414730583914935,,-0.7727520968606529,-0.31784451690445814,0.18624187317000002,3.346441808069524,-0.6464272803902987,0.8753962503471271,0.7182238587924258,,-0.055632369907319255,-0.0618370153981591,0.08432137115999999,-0.06574422517700301,,3.542751e-06,-1.1920929e-07,1.66893e-06,1.0,4.5076013e-06,3.963709e-06,-4.515052e-06,1.0,4.7683716e-07,-3.963709e-06,-5.066395e-07,1.0,213,0.647,0,0,0.0,False,-0.2621419889274632,0.8931836972348406
0.6743827890022658,16:06:45.781590,16:06:35.700186,0,,0.12379792,-0.0044691265,0.028248578,0.90538424,0.21323521,-0.36716446,0.30221942,0.28374827,0.91002774,0.29823217,-0.93488914,0.19245732,,0.0318723,-0.026116706,0.02366662,-0.21134402,0.3204614,0.923384,0.7051865,-0.6041629,0.37107834,0.67679065,0.72958326,-0.09829886,,0.1061206,1.3403041,0.44034845,0.9953697,0.013095164,-0.095224544,-0.052847467,-0.7529499,-0.6559524,-0.08028912,0.65794754,-0.7487715,,-0.09453808,0.25536716,-0.091580756,-0.9016541,-0.10690819,0.41903514,0.42304918,-0.41906893,0.8033745,0.08971729,0.90163845,0.42308265,,-0.0015917651,0.39794362,-0.36992964,0.14594515,-0.3754939,-0.9152619,0.95530283,0.29391947,0.031747013,0.25709248,-0.8789856,0.4016065,,1.2193886299085532,0.5223270379481747,0.20275271890000002,3.739610452103007,0.059573513897732036,-1.188731739633748,-0.4147305839149349,,-0.7725667512716715,-0.31784451690445814,0.18624187317000002,3.345183668408617,-0.6462906438905333,0.87520315370329,0.7182238587924258,,-0.055632369907319255,-0.0618370153981591,0.08432137115999999,-0.06574422517700301,,3.542751e-06,-1.1920929e-07,1.66893e-06,1.0,4.5076013e-06,3.963709e-06,-4.515052e-06,1.0,4.7683716e-07,-3.963709e-06,-5.066395e-07,1.0,221,0.671,0,0,0.0,False,-0.2616653671792948,0.8929905764317225
0.7004869400407188,16:06:45.811355,16:06:35.700186,0,,0.12360984,-0.004475206,0.028374285,0.9006665,0.22180039,-0.3736365,0.30640212,0.28550407,0.9080778,0.30808672,-0.93235826,0.1891838,,0.031863533,-0.026118897,0.023660898,-0.2113206,0.32043725,0.92339766,0.7051983,-0.60417,0.37104434,0.6767857,0.7295879,-0.09829823,,0.1061206,1.3403041,0.44034845,0.9953697,0.013095164,-0.095224544,-0.052847467,-0.7529499,-0.6559524,-0.08028912,0.65794754,-0.7487715,,-0.09436289,0.25544745,-0.091699414,-0.89751124,-0.11549901,0.4255979,0.43277854,-0.4160786,0.7997383,0.0847132,0.9019637,0.4234207,,-0.0015825214,0.39793825,-0.3699289,0.14592212,-0.3754702,-0.9152753,0.9553027,0.29392174,0.0317292,0.25710595,-0.87899494,0.40157735,,1.2207401081615425,0.521956346770212,0.20262438619000003,3.7284968850983273,0.053014961908990896,-1.1874676172633478,-0.41244376698905494,,-0.7725049694086777,-0.3178522396373324,0.18624316946000002,3.345183668408617,-0.6462906438905333,0.8752848324434306,0.7180605147262915,,-0.055632369907319255,-0.0618370153981591,0.08432137115999999,-0.06574422517700301,,3.542751e-06,-1.1920929e-07,1.66893e-06,1.0,4.5076013e-06,3.963709e-06,-4.515052e-06,1.0,4.7683716e-07,-3.963709e-06,-5.066395e-07,1.0,233,0.707,0,0,0.0,False,-0.2618441003348577,0.8926043348254873
0.7302438209881075,16:06:45.838705,16:06:35.700186,0,,0.12347196,-0.004480295,0.028416455,0.90050536,0.22299373,-0.37331432,0.30614567,0.28456125,0.9084602,0.30881166,-0.93236184,0.18798032,,0.03186375,-0.026120238,0.02366072,-0.21131885,0.32028386,0.9234513,0.70520365,-0.6042266,0.37094197,0.6767807,0.7296084,-0.098180935,,0.1061206,1.3403041,0.44034845,0.9953697,0.013095164,-0.095224544,-0.052847467,-0.7529499,-0.6559524,-0.08028912,0.65794754,-0.7487715,,-0.0942301,0.2554722,-0.09175008,-0.8974354,-0.1167577,0.42541423,0.43307653,-0.41678032,0.79921144,0.083990194,0.9014776,0.42459846,,-0.0015827119,0.39793742,-0.36992997,0.14592075,-0.3753186,-0.9153377,0.955301,0.29392263,0.031773638,0.25711322,-0.87905943,0.40143162,,1.2214969359832164,0.5216551601881172,0.20257512717,3.728077505211359,0.05164859691133649,-1.1857816870453997,-0.41391386358426385,,-0.7725126921415519,-0.31786768510308083,0.18624316946000002,3.345183668408617,-0.6462906438905333,0.8754481899237119,0.717733826594023,,-0.055632369907319255,-0.0618370153981591,0.08432137115999999,-0.06574422517700301,,3.542751e-06,-1.1920929e-07,1.66893e-06,1.0,4.5076013e-06,3.963709e-06,-4.515052e-06,1.0,4.7683716e-07,-3.963709e-06,-5.066395e-07,1.0,248,0.753,0,0,0.0,False,-0.2616653671792948,0.8913007694044417
0.7575920320232399,16:06:45.888411,16:06:35.895256,0,,0.12336673,-0.004461825,0.028434768,0.8951677,0.24562874,-0.37194228,0.30043656,0.2839127,0.91056657,0.32926044,-0.92685497,0.18035352,,0.031879697,-0.026125975,0.023663044,-0.20980667,0.31995007,0.92391175,0.70534325,-0.60486317,0.36963677,0.67710567,0.7292273,-0.09877031,,0.1061206,1.3403041,0.44034845,0.9953697,0.013095164,-0.095224544,-0.052847467,-0.7529499,-0.6559524,-0.08028912,0.65794754,-0.7487715,,-0.09412578,0.25549835,-0.09176363,-0.8943891,-0.13977137,0.42489067,0.4426117,-0.4135861,0.795639,0.06452131,0.89967245,0.43177137,,-0.0015987381,0.3979352,-0.3699355,0.1443851,-0.37494728,-0.91573334,0.9555321,0.29329854,0.030569063,0.25712144,-0.87942624,0.40062207,,1.2227480187088409,0.5206743731130906,0.20255309024,3.718641457754555,0.030196666448162338,-1.1777638100213668,-0.4142405517165322,,-0.7725358603401746,-0.317875407835955,0.18624446575000003,3.347070877899978,-0.645880734391237,0.8747872212520602,0.7164270740649489,,-0.055632369907319255,-0.0618370153981591,0.08432137115999999,-0.06574422517700301,,3.542751e-06,-1.1920929e-07,1.66893e-06,1.0,4.5076013e-06,3.963709e-06,-4.515052e-06,1.0,4.7683716e-07,-3.963709e-06,-5.066395e-07,1.0,256,0.778,0,0,0.0,False,-0.261427056305211,0.8897075227787195
0.8072637050063349,16:06:45.915371,16:06:35.895256,0,,0.123423144,-0.0044241846,0.028467834,0.88778,0.2693757,-0.37320673,0.2938363,0.29240918,0.91003144,0.35426942,-0.9175694,0.18044263,,0.031883746,-0.026129626,0.023658097,-0.20915498,0.31992304,0.9240688,0.7056747,-0.60479766,0.3691111,0.67696184,0.7292935,-0.0992652,,0.1061206,1.3403041,0.44034845,0.9953697,0.013095164,-0.095224544,-0.052847467,-0.7529499,-0.6559524,-0.08028912,0.65794754,-0.7487715,,-0.09418176,0.25554836,-0.09175611,-0.88977975,-0.163505,0.4260964,0.4545571,-0.40108427,0.79530454,0.040864307,0.90133095,0.431199,,-0.0016023162,0.39792883,-0.36993602,0.14374477,-0.37492663,-0.9158425,0.955526,0.29339075,0.029865239,0.25750244,-0.8794043,0.40042552,,1.2233503918730304,0.5200642772160269,0.20255309024,3.7068988209194216,0.005055550491321297,-1.178417709437631,-0.4121170788567867,,-0.7725281376073003,-0.317875407835955,0.18624705833000002,3.347699947730431,-0.6453341883921753,0.874423228377415,0.7152836656020088,,-0.055632369907319255,-0.0618370153981591,0.08432137115999999,-0.06574422517700301,,3.542751e-06,-1.1920929e-07,1.66893e-06,1.0,4.5076013e-06,3.963709e-06,-4.515052e-06,1.0,4.7683716e-07,-3.963709e-06,-5.066395e-07,1.0,264,0.802,0,0,0.0,False,-0.2622611443645053,0.8898040831802785
0.8342484210152179,16:06:45.940139,16:06:35.895256,0,,0.12338723,-0.0044350475,0.02844727,0.88541275,0.2742854,-0.3752485,0.2922434,0.29927355,0.9083111,0.36143845,-0.91389436,0.18482244,,0.031894952,-0.026139386,0.023655236,-0.20757665,0.31954816,0.9245544,0.7059205,-0.60535985,0.36771685,0.6771913,0.7289914,-0.09991706,,0.1061206,1.3403041,0.44034845,0.9953697,0.013095164,-0.095224544,-0.052847467,-0.7529499,-0.6559524,-0.08028912,0.65794754,-0.7487715,,-0.094145134,0.25552654,-0.09175252,-0.8881873,-0.168166,0.42760205,0.45820305,-0.39353916,0.79697984,0.03425323,0.90379596,0.42659065,,-0.00161314,0.39792055,-0.3699426,0.1421503,-0.37452182,-0.9162569,0.95572394,0.29287547,0.028559877,0.25765288,-0.87974846,0.3995718,,1.223682469386622,0.519585467777825,0.20255827540000002,3.7031244019367002,-0.0023228204960124878,-1.1835094512971405,-0.41440389578266634,,-0.7725204148744261,-0.31790629876745197,0.18624965091,3.349587157221792,-0.6447876423931135,0.8738141992823484,0.7149569774697404,,-0.055632369907319255,-0.0618370153981591,0.08432137115999999,-0.06574422517700301,,3.542751e-06,-1.1920929e-07,1.66893e-06,1.0,4.5076013e-06,3.963709e-06,-4.515052e-06,1.0,4.7683716e-07,-3.963709e-06,-5.066395e-07,1.0,276,0.838,0,0,0.0,False,-0.2621419889274632,0.8886453583615714
0.8589881040388718,16:06:45.977605,16:06:36.020738,0,,0.12326616,-0.0044778064,0.028368384,0.8803968,0.28597096,-0.37831447,0.2942482,0.29620928,0.90866834,0.371913,-0.9113071,0.17663515,,0.03189428,-0.026161559,0.023638606,-0.20825706,0.31977552,0.92432266,0.70619917,-0.6046773,0.36830425,0.67669165,0.729458,-0.09989691,,0.1061206,1.3403041,0.44034845,0.9953697,0.013095164,-0.095224544,-0.052847467,-0.7529499,-0.6559524,-0.08028912,0.65794754,-0.7487715,,-0.094021305,0.255442,-0.09173741,-0.8839741,-0.18023871,0.4313976,0.46673805,-0.3940821,0.79174167,0.027303567,0.9012288,0.4324826,,-0.0016108335,0.397895,-0.36995327,0.14286803,-0.37479484,-0.9160336,0.95549023,0.29360455,0.02889363,0.25812244,-0.8793891,0.4000595,,1.2243002880165599,0.5185583443055531,0.20258031233,3.693688354479897,-0.010930919981235236,-1.1768168383248283,-0.4134238313858607,,-0.7724972466758034,-0.31803758522631376,0.18626002123000002,3.3485387075043693,-0.6446510058933481,0.8740294963392141,0.7146302893374717,,-0.055632369907319255,-0.0618370153981591,0.08432137115999999,-0.06574422517700301,,3.542751e-06,-1.1920929e-07,1.66893e-06,1.0,4.5076013e-06,3.963709e-06,-4.515052e-06,1.0,4.7683716e-07,-3.963709e-06,-5.066395e-07,1.0,291,0.884,0,0,0.0,False,-0.2611887454311268,0.886521029527275
0.8965119710192084,16:06:46.019400,16:06:36.020738,0,,0.1232487,-0.004514858,0.028328404,0.87289315,0.30607247,-0.37996954,0.29290748,0.29409572,0.9097874,0.39020824,-0.9054432,0.16706309,,0.031821553,-0.026218258,0.023578525,-0.208256,0.31968117,0.92435557,0.70639104,-0.60450846,0.36821347,0.6764916,0.72963923,-0.099927425,,0.10609923,1.3403057,0.4403396,0.9953723,0.013132545,-0.09519198,-0.05279805,-0.75294924,-0.65595716,-0.08028912,0.65794754,-0.7487715,,-0.0939892,0.25539178,-0.09174452,-0.87826204,-0.20089796,0.4339306,0.47802773,-0.39173967,0.78614855,0.012052187,0.8978753,0.44008487,,-0.0015147568,0.39782906,-0.3699803,0.14283817,-0.37470016,-0.916077,0.9554203,0.2938428,0.028783115,0.25839758,-0.8793499,0.3999681,,1.224956720310869,0.5175775572305267,0.20260234926,3.6815263377577945,-0.02801048245191529,-1.168035360991631,-0.4109736703938467,,-0.7725358603401746,-0.3182692672125405,0.18628594703,3.348329017560885,-0.6446510058933481,0.8741928538194952,0.7120167842793232,,-0.055632369907319255,-0.0618370153981591,0.08432137115999999,-0.06574422517700301,,-1.7099082e-05,-7.3313713e-06,9.298325e-06,1.0,4.1682273e-05,3.663078e-05,-4.1689724e-05,1.0,4.4703484e-06,-3.663078e-05,-4.5001507e-06,1.0,299,0.909,0,0,0.0,False,-0.26112916771260597,0.8860382275194807
0.9383021719986573,16:06:46.040887,16:06:36.020738,0,,0.12323192,-0.0045072213,0.028324172,0.86810297,0.3158566,-0.38292503,0.29219618,0.29845208,0.9085967,0.40127102,-0.9006448,0.16679496,,0.03184691,-0.026237004,0.02356422,-0.20861337,0.31965563,0.9242838,0.7064173,-0.6043366,0.368445,0.6763541,0.7297927,-0.099737585,,0.10609923,1.3403057,0.4403396,0.9953723,0.013132545,-0.09519198,-0.05279805,-0.75294924,-0.65595716,-0.08028912,0.65794754,-0.7487715,,-0.09397156,0.2553946,-0.0917383,-0.8745381,-0.21069558,0.43679565,0.48494822,-0.38530168,0.785091,0.0028828955,0.89841527,0.43913743,,-0.0015386224,0.3978053,-0.36998832,0.14320569,-0.3746895,-0.91602397,0.95534366,0.2940637,0.029069189,0.25847748,-0.87928057,0.40006882,,1.2253196887559576,0.5171373614566959,0.20261142329,3.6739774997923518,-0.03812158343455788,-1.1687750975335576,-0.41522061611333794,,-0.7726362558675395,-0.31840827640427655,0.18630668767000003,3.3479096376739164,-0.6447876423931135,0.8743042717231917,0.7120167842793232,,-0.055632369907319255,-0.0618370153981591,0.08432137115999999,-0.06574422517700301,,-1.7099082e-05,-7.3313713e-06,9.298325e-06,1.0,4.1682273e-05,3.663078e-05,-4.1689724e-05,1.0,4.4703484e-06,-3.663078e-05,-4.5001507e-06,1.0,307,0.933,0,0,0.0,False,-0.2608908568385213,0.8860382275194807
