camera_matrix:
- - 3137.900958716764
  - 0.0
  - 747.1422817412047
- - 0.0
  - 3121.5712408253635
  - 475.84865970345794
- - 0.0
  - 0.0
  - 1.0
dist_coeff:
- - -0.6688451699334662
  - 21.178537299399764
  - 0.01568269407968704
  - 0.006007463323447927
  - -357.38606380047156
mean reprojection error:
- 0.06930585366755433
