Task Time,PC1 Time,PC2 Time,Gaze Calib,s_T_psm1,Tx,Ty,Tz,R00,R01,R02,R10,R11,R12,R20,R21,R22,s_T_psm3,Tx,Ty,Tz,R00,R01,R02,R10,R11,R12,R20,R21,R22,cart_T_ecm,Tx,Ty,Tz,R00,R01,R02,R10,R11,R12,R20,R21,R22,ecm_T_psm1,Tx,Ty,Tz,R00,R01,R02,R10,R11,R12,R20,R21,R22,ecm_T_psm3,Tx,Ty,Tz,R00,R01,R02,R10,R11,R12,R20,R21,R22,psm1_joints,q1,q2,q3,q4,q5,q6,jaw,psm3_joints,q1,q2,q3,q4,q5,q6,jaw,ecm_joints,q1,q2,q3,q4,ecmi_T_ecm,Tx,Ty,Tz,R00,R01,R02,R10,R11,R12,R20,R21,R22,Sample #,Task Duration (s),Collisions (binary),Collisions (increments),Cumulative Collision Time (s),Clutch Press,MTMR Angle,MTML Angle
""
lci_T_si,,,,,-0.060449902,0.028989637,0.2531565,0.99598145,-0.006817275,0.089299574,0.061369892,-0.674251,-0.7359479,0.065227486,0.7384708,-0.67112315
rci_T_si,,,,,-0.070302054,0.033551246,0.263737,0.9935428,-0.022055382,0.11129344,0.070708275,-0.6467685,-0.7594016,0.088729985,0.7623674,-0.6410327
ecm_T_lc,,,,,-4.4061628e-05,-0.00034663224,-0.01840835,-0.99912,0.030754527,0.028518902,-0.031987965,-0.99852574,-0.043852776,0.027128186,-0.04472645,0.9986309
ecm_T_rc,,,,,-0.0043358393,0.01870579,-0.007592615,-0.99555075,-0.052743673,-0.078081585,0.04863213,-0.9973746,0.053654674,-0.08070653,0.04961868,0.9955021
cart_T_ecmi,,,,,0.05789456,1.3372948,0.4464937,0.99692506,0.077136,-0.013802834,0.042921547,-0.6848879,-0.7273832,-0.065560825,0.72455406,-0.6860927
ecmac_T_ecmrep_psm1,,,,,-0.0025980123,-0.29326126,-0.2805022,0.9974786,0.061531033,0.035360787,-0.060258932,0.9975341,-0.035980776,-0.037487525,0.033759248,0.99872667
ecmac_T_ecmrep_psm3,,,,,-0.0114122145,-0.5209516,-0.5025674,0.9999053,0.010122195,-0.009323479,-0.0077519584,0.9740634,0.22614253,0.011370718,-0.22604884,0.9740496
""
0,14:00:01.150939,13:58:34.106823,0,,0.13089699,0.009471521,0.02131775,-0.7250253,-0.30355552,-0.61821705,-0.56322736,-0.25527692,0.7858807,-0.396375,0.9179801,0.014111429,,0.01835376,0.008233245,0.043531477,-0.7008535,-0.70349526,0.117893286,-0.12952602,0.28804445,0.9488167,-0.70144665,0.6497114,-0.2929979,,0.05793831,1.3372971,0.44648713,0.9969263,0.077115394,-0.013824713,0.04289156,-0.6848902,-0.7273828,-0.065560825,0.72455406,-0.6860927,,-0.088701114,0.28978688,-0.03180673,0.73615366,0.24064271,0.63258904,-0.6474479,0.5227144,0.55459976,-0.19720297,-0.8178391,0.54060173,,0.02934665,0.4883685,-0.27426618,0.7809966,0.6224989,-0.0503924,-0.6093984,0.77723974,0.15662663,0.13666688,-0.09161581,0.98637146,,1.1285615685747987,0.43679004863326404,0.19175499454000003,0.05284186575810013,-0.18295627318592475,0.9900712027965966,-0.4153839601794719,,-1.0208062767807442,0.2664342841607456,0.16964676859000002,1.1740539935698517,0.3313435119311931,0.5981382699704951,0.8747074741490652,,0.026284658535034606,0.02909900195387546,0.07078751784,-0.11578833687890082,,4.414469e-05,-2.861023e-06,2.2649765e-06,1.0,-2.0638108e-05,-2.1792948e-05,2.0638108e-05,0.99999994,-1.9669533e-06,2.1792948e-05,1.9669533e-06,0.99999994,33,0.099,1,1,0.076,False,-0.2599971910607066,1.048742504146256
0.12762603210285306,14:00:01.175303,13:58:34.106823,0,,0.13079245,0.009605765,0.021545827,-0.72398156,-0.30763832,-0.61742145,-0.56134105,-0.25747538,0.78651285,-0.4009323,0.9160049,0.013717413,,0.01835376,0.008233245,0.043531477,-0.7008535,-0.7035145,0.11777836,-0.12952602,0.28788945,0.94886374,-0.70144665,0.6497592,-0.29289174,,0.05793831,1.3372971,0.44648713,0.9969263,0.077115394,-0.013824713,0.04289156,-0.6848902,-0.7273828,-0.065560825,0.72455406,-0.6860927,,-0.08860811,0.29004955,-0.031864375,0.73543435,0.24479279,0.6318329,-0.6496151,0.5199088,0.55470264,-0.19270825,-0.8183956,0.54137987,,0.02934665,0.4883685,-0.27426618,0.7809966,0.62250715,-0.05029071,-0.6093984,0.77721417,0.1567536,0.13666688,-0.091776945,0.9863565,,1.1300983924167693,0.4372147989413464,0.19168758746000003,0.05032558643628584,-0.1787205416931961,0.9882508225848186,-0.4153839601794722,,-1.0208062767807442,0.2664342841607456,0.16964676859000002,1.1740539935698517,0.3313435119311931,0.5983016274507763,0.8747074741490652,,0.026284658535034606,0.02909900195387546,0.07078751784,-0.11578833687890082,,4.414469e-05,-2.861023e-06,2.2649765e-06,1.0,-2.0638108e-05,-2.1792948e-05,2.0638108e-05,0.99999994,-1.9669533e-06,2.1792948e-05,1.9669533e-06,0.99999994,41,0.124,1,1,0.101,False,-0.25975888018662197,1.048983905150153
0.15198967093601823,14:00:01.200622,13:58:34.106823,0,,0.13071744,0.009691849,0.021647543,-0.724084,-0.3068189,-0.61770904,-0.56061375,-0.2598808,0.78624046,-0.40176415,0.9156003,0.016168654,,0.018351458,0.00823329,0.043530703,-0.70086324,-0.7035159,0.11771231,-0.12953012,0.28780964,0.9488874,-0.70143616,0.6497931,-0.2928417,,0.05793831,1.3372971,0.44648713,0.9969263,0.077115394,-0.013824713,0.04289156,-0.6848902,-0.7273828,-0.065560825,0.72455406,-0.6860927,,-0.08853774,0.2901851,-0.031872183,0.73560345,0.24394946,0.6319622,-0.64974576,0.51797676,0.55635464,-0.19161932,-0.8198712,0.53953063,,0.02934903,0.48836812,-0.27426603,0.7810048,0.62250173,-0.050230946,-0.60939,0.7772083,0.15681532,0.13665771,-0.091863275,0.98634976,,1.1309710612315567,0.437407867263202,0.19167721714000002,0.05011589649280132,-0.17776408619483802,0.98983958072302,-0.4148939279810694,,-1.0207908313149956,0.2664342841607456,0.16964676859000002,1.1740539935698517,0.3313435119311931,0.598383306190917,0.8745441300829311,,0.026284658535034606,0.02909900195387546,0.07078751784,-0.11578833687890082,,4.414469e-05,-2.861023e-06,2.2649765e-06,1.0,-2.0638108e-05,-2.1792948e-05,2.0638108e-05,0.99999994,-1.9669533e-06,2.1792948e-05,1.9669533e-06,0.99999994,58,0.176,1,1,0.153,False,-0.2593418361569748,1.04927358635483
0.17722000391222537,14:00:01.249885,13:58:34.241529,0,,0.13062634,0.0097928345,0.021771595,-0.72516346,-0.3040272,-0.61782306,-0.5594351,-0.26298878,0.7860465,-0.4014601,0.9156441,0.020626307,,0.018353343,0.008236449,0.043528676,-0.70085806,-0.70351106,0.117771976,-0.12952447,0.2878819,0.9488663,-0.7014424,0.6497663,-0.29288626,,0.05793831,1.3372971,0.44648713,0.9969263,0.077115394,-0.013824713,0.04289156,-0.6848902,-0.7273828,-0.065560825,0.72455406,-0.6860927,,-0.0884524,0.29034773,-0.03188468,0.7366866,0.2410955,0.6317957,-0.64869857,0.5158465,0.55954677,-0.19100538,-0.8220556,0.5364155,,0.02934753,0.4883675,-0.27426213,0.7810007,0.62250257,-0.050285004,-0.6093935,0.77721673,0.15676025,0.136666,-0.091786504,0.9863557,,1.1320059074367028,0.43767044018092566,0.19166295795000002,0.05137403615370847,-0.1773541766955417,0.9927724766175532,-0.41326048731972664,,-1.02079855404787,0.2664420068936198,0.16965065746000002,1.1740539935698517,0.3313435119311931,0.5983016274507762,0.8743807860167967,,0.026284658535034606,0.02909900195387546,0.07078751784,-0.11578833687890082,,4.414469e-05,-2.861023e-06,2.2649765e-06,1.0,-2.0638108e-05,-2.1792948e-05,2.0638108e-05,0.99999994,-1.9669533e-06,2.1792948e-05,1.9669533e-06,0.99999994,66,0.202,0,1,0.159,False,-0.2599376133421849,1.048983905150153
0.2265714791137725,14:00:01.275123,13:58:34.241529,0,,0.13066445,0.009790048,0.021792933,-0.72390807,-0.30832782,-0.61716366,-0.55811155,-0.2641371,0.7866022,-0.40554717,0.9138738,0.019129694,,0.018352598,0.008238908,0.04352683,-0.7008626,-0.7035075,0.117765576,-0.12952287,0.28787443,0.94886875,-0.70143807,0.6497735,-0.2928807,,0.05793831,1.3372971,0.44648713,0.9969263,0.077115394,-0.013824713,0.04289156,-0.6848902,-0.7273828,-0.065560825,0.72455406,-0.6860927,,-0.088491805,0.2903605,-0.031898756,0.73571503,0.24547236,0.63124216,-0.650898,0.51390094,0.55878234,-0.18723032,-0.8219788,0.5378621,,0.029348562,0.4883671,-0.2742592,0.78100467,0.6224979,-0.050279297,-0.6093885,0.7772193,0.1567669,0.1366651,-0.09179606,0.98635495,,1.1319286801079607,0.4376858856466741,0.19164221731000003,0.0490674467753787,-0.17352835470210937,0.9915313863372863,-0.4160373364440092,,-1.0207908313149956,0.26644972962649405,0.16965325004,1.1740539935698517,0.3313435119311931,0.5983016274507762,0.8743807860167967,,0.026284658535034606,0.02909900195387546,0.07078751784,-0.11578833687890082,,4.414469e-05,-2.861023e-06,2.2649765e-06,1.0,-2.0638108e-05,-2.1792948e-05,2.0638108e-05,0.99999994,-1.9669533e-06,2.1792948e-05,1.9669533e-06,0.99999994,74,0.226,0,1,0.159,False,-0.2591631030014119,1.0487907843470352
0.2518058109562844,14:00:01.300133,13:58:34.241529,0,,0.13069901,0.009766579,0.021813005,-0.72382426,-0.30919993,-0.6168256,-0.5564723,-0.26694575,0.7868153,-0.4079423,0.9127624,0.021160603,,0.018352807,0.00823785,0.043526173,-0.70086294,-0.7035068,0.11776768,-0.12952653,0.28788078,0.9488663,-0.7014371,0.6497713,-0.29288775,,0.05793831,1.3372971,0.44648713,0.9969263,0.077115394,-0.013824713,0.04289156,-0.6848902,-0.7273828,-0.065560825,0.72455406,-0.6860927,,-0.08852803,0.2903587,-0.031927615,0.73581433,0.24635226,0.6307835,-0.6515899,0.51122814,0.5604252,-0.18441224,-0.82338107,0.53668964,,0.029348418,0.488366,-0.27425984,0.7810047,0.6224978,-0.050280545,-0.60938925,0.7772202,0.15675937,0.13666141,-0.09178939,0.9863561,,1.1317819481833504,0.43767816291379985,0.19160851377000002,0.048648066888409655,-0.17065898820703512,0.9934389048469707,-0.41391386358426374,,-1.0207908313149956,0.2664420068936198,0.16965325004,1.1740539935698517,0.3313435119311931,0.5983016274507762,0.8743807860167967,,0.026284658535034606,0.02909900195387546,0.07078751784,-0.11578833687890082,,4.414469e-05,-2.861023e-06,2.2649765e-06,1.0,-2.0638108e-05,-2.1792948e-05,2.0638108e-05,0.99999994,-1.9669533e-06,2.1792948e-05,1.9669533e-06,0.99999994,91,0.278,1,2,0.198,False,-0.26053339052739544,1.0491287457524916
0.276808399008587,14:00:01.356446,13:58:34.381492,0,,0.130733,0.009651899,0.02197215,-0.7244698,-0.30412602,-0.61858773,-0.55533415,-0.27411023,0.7851544,-0.40834713,0.9123435,0.029692978,,0.018352598,0.008238908,0.04352683,-0.7008626,-0.7035075,0.117765576,-0.12952287,0.28787443,0.94886875,-0.70143807,0.6497735,-0.2928807,,0.05793831,1.3372971,0.44648713,0.9969263,0.077115394,-0.013824713,0.04289156,-0.6848902,-0.7273828,-0.065560825,0.72455406,-0.6860927,,-0.08857422,0.29039955,-0.03211689,0.7365076,0.2411641,0.63197815,-0.65111125,0.5059742,0.56572455,-0.18333219,-0.82814854,0.5296785,,0.029348562,0.4883671,-0.2742592,0.78100467,0.6224979,-0.050279297,-0.6093885,0.7772193,0.1567669,0.1366651,-0.09179606,0.98635495,,1.1317587799847277,0.43795618129727193,0.19141666285000003,0.04948682666234775,-0.1698391692084425,1.0020817738008163,-0.4158739923778748,,-1.0207908313149956,0.26644972962649405,0.16965325004,1.1740539935698517,0.3313435119311931,0.5983016274507762,0.8743807860167967,,0.026284658535034606,0.02909900195387546,0.07078751784,-0.11578833687890082,,4.414469e-05,-2.861023e-06,2.2649765e-06,1.0,-2.0638108e-05,-2.1792948e-05,2.0638108e-05,0.99999994,-1.9669533e-06,2.1792948e-05,1.9669533e-06,0.99999994,103,0.316,1,2,0.236,False,-0.2596993024681016,1.048983905150153
0.3330910950899124,14:00:01.386304,13:58:34.381492,0,,0.13071024,0.009632364,0.022090346,-0.72458446,-0.30300456,-0.6190038,-0.5548944,-0.27619016,0.7847363,-0.40874147,0.91208935,0.031987578,,0.018353954,0.008237835,0.04352653,-0.70085806,-0.70351106,0.117771976,-0.12952447,0.2878819,0.9488663,-0.7014424,0.6497663,-0.29288626,,0.05793831,1.3372971,0.44648713,0.9969263,0.077115394,-0.013824713,0.04289156,-0.6848902,-0.7273828,-0.065560825,0.72455406,-0.6860927,,-0.08855925,0.29047522,-0.032211345,0.73665565,0.24001692,0.63224226,-0.65110767,0.50436157,0.56716686,-0.18274905,-0.8294645,0.52781767,,0.029347228,0.48836622,-0.2742599,0.7810007,0.62250257,-0.050285004,-0.6093935,0.77721673,0.15676025,0.136666,-0.091786504,0.9863557,,1.132144916628439,0.4381569723520018,0.19132073739000002,0.04948682666234775,-0.16942925970914616,1.0040345248136628,-0.41440389578266645,,-1.02079855404787,0.2664420068936198,0.16965325004,1.1740539935698517,0.3313435119311931,0.5983016274507762,0.8743807860167967,,0.026284658535034606,0.02909900195387546,0.07078751784,-0.11578833687890082,,4.414469e-05,-2.861023e-06,2.2649765e-06,1.0,-2.0638108e-05,-2.1792948e-05,2.0638108e-05,0.99999994,-1.9669533e-06,2.1792948e-05,1.9669533e-06,0.99999994,116,0.356,0,2,0.258,False,-0.25975888018662197,1.0490321853509326
0.3629384369123727,14:00:01.427238,13:58:34.381492,0,,0.130603,0.009720609,0.022434607,-0.7273378,-0.2963691,-0.6189872,-0.5502594,-0.2871498,0.78406596,-0.41011494,0.91088426,0.045774966,,0.018352918,0.008239608,0.043525815,-0.7008626,-0.7035075,0.117765576,-0.12952287,0.28787443,0.94886875,-0.70143807,0.6497735,-0.2928807,,0.05793831,1.3372971,0.44648713,0.9969263,0.077115394,-0.013824713,0.04289156,-0.6848902,-0.7273828,-0.065560825,0.72455406,-0.6860927,,-0.0884717,0.29079378,-0.03238066,0.739586,0.23323925,0.6313573,-0.6489497,0.4959406,0.5769811,-0.17854106,-0.8364463,0.5181512,,0.02934841,0.48836645,-0.27425808,0.78100467,0.6224979,-0.050279297,-0.6093885,0.7772193,0.1567669,0.1366651,-0.09179606,0.98635495,,1.1338516405936425,0.4388288501120593,0.19114314566,0.052632175814615614,-0.16574007421547926,1.0145849122771926,-0.41571064831174054,,-1.0207908313149956,0.26644972962649405,0.16965454633000002,1.1740539935698517,0.3313435119311931,0.5983016274507762,0.8743807860167967,,0.026284658535034606,0.02909900195387546,0.07078751784,-0.11578833687890082,,4.414469e-05,-2.861023e-06,2.2649765e-06,1.0,-2.0638108e-05,-2.1792948e-05,2.0638108e-05,0.99999994,-1.9669533e-06,2.1792948e-05,1.9669533e-06,0.99999994,124,0.382,0,2,0.258,False,-0.2599971910607066,1.0486942239454764
0.4039218139369041,14:00:01.463793,13:58:34.381492,0,,0.13050658,0.009809926,0.02264218,-0.728676,-0.29796326,-0.6166435,-0.546011,-0.29075673,0.78570503,-0.4134045,0.90921843,0.049176246,,0.018355422,0.008238535,0.043525875,-0.7008532,-0.7035151,0.117776275,-0.12952235,0.28788304,0.9488662,-0.7014476,0.6497613,-0.2928847,,0.05793831,1.3372971,0.44648713,0.9969263,0.077115394,-0.013824713,0.04289156,-0.6848902,-0.7273828,-0.065560825,0.72455406,-0.6860927,,-0.08838647,0.29101095,-0.03245769,0.7412147,0.23485716,0.6288425,-0.64852107,0.4923458,0.5805308,-0.17326616,-0.8381156,0.5172438,,0.029345885,0.4883658,-0.27425885,0.78099656,0.6225073,-0.050289463,-0.60939765,0.7772132,0.15676112,0.13667059,-0.09178362,0.98635536,,1.135141336983638,0.43906053209828605,0.19105759052000001,0.053680625532038236,-0.16054788722439253,1.0150883988648813,-0.414730583914935,,-1.0208062767807442,0.2664420068936198,0.16965454633000002,1.1740539935698517,0.3313435119311931,0.5983016274507762,0.8743807860167967,,0.026284658535034606,0.02909900195387546,0.07078751784,-0.11578833687890082,,4.414469e-05,-2.861023e-06,2.2649765e-06,1.0,-2.0638108e-05,-2.1792948e-05,2.0638108e-05,0.99999994,-1.9669533e-06,2.1792948e-05,1.9669533e-06,0.99999994,141,0.434,0,2,0.258,False,-0.25952056931253775,1.0491770259532711
0.4404773081187159,14:00:01.506269,13:58:34.381492,0,,0.13032946,0.009904563,0.022868797,-0.7285275,-0.29919946,-0.61622024,-0.5429278,-0.2963323,0.7857585,-0.41770452,0.9070097,0.053442568,,0.01835367,0.008241694,0.043527544,-0.70085716,-0.70350325,0.117823154,-0.12951353,0.28794038,0.94885004,-0.7014452,0.6497488,-0.29291826,,0.05793831,1.3372971,0.44648713,0.9969263,0.077115394,-0.013824713,0.04289156,-0.6848902,-0.7273828,-0.065560825,0.72455406,-0.6860927,,-0.08822179,0.29124844,-0.032548,0.741398,0.23610999,0.6281569,-0.64966965,0.48702225,0.5837283,-0.1681023,-0.8408694,0.5144708,,0.029347507,0.48836884,-0.2742569,0.7810005,0.62249887,-0.050332107,-0.60939115,0.7772268,0.15671937,0.13667709,-0.09172597,0.98635983,,1.1368712291474643,0.4390528093654118,0.19096036877000003,0.05242248587113109,-0.15521906373354036,1.0173590785721065,-0.41391386358426374,,-1.02079855404787,0.2664651750922425,0.16965454633000002,1.1740539935698517,0.3313435119311931,0.5982199487106357,0.8747074741490652,,0.026284658535034606,0.02909900195387546,0.07078751784,-0.11578833687890082,,4.414469e-05,-2.861023e-06,2.2649765e-06,1.0,-2.0638108e-05,-2.1792948e-05,2.0638108e-05,0.99999994,-1.9669533e-06,2.1792948e-05,1.9669533e-06,0.99999994,149,0.46,0,2,0.258,False,-0.26005676877922745,1.048549383343138
0.48292907094582915,14:00:01.535940,13:58:34.381492,0,,0.13017206,0.009932578,0.02299638,-0.7280269,-0.29676485,-0.6179865,-0.5434218,-0.29973865,0.7841233,-0.41793472,0.90669024,0.056949347,,0.018352821,0.00824241,0.043526113,-0.7008621,-0.70349914,0.11781885,-0.12951556,0.2879392,0.94885015,-0.7014399,0.6497538,-0.29291975,,0.05793831,1.3372971,0.44648713,0.9969263,0.077115394,-0.013824713,0.04289156,-0.6848902,-0.7273828,-0.065560825,0.72455406,-0.6860927,,-0.088072024,0.29136714,-0.03262095,0.74090236,0.23362856,0.62966764,-0.6501866,0.48443398,0.5853043,-0.1682886,-0.84305483,0.51082045,,0.029348547,0.488368,-0.27425572,0.7810046,0.62249416,-0.050327644,-0.6093869,0.77723026,0.15671849,0.13667251,-0.09172885,0.9863602,,1.1380141936128496,0.43891380017367576,0.19088907282,0.05137403615370847,-0.15521906373354036,1.020626228177729,-0.4152206161133377,,-1.0207908313149956,0.2664651750922425,0.16965584262000002,1.1740539935698517,0.3313435119311931,0.5982199487106358,0.8748708182151996,,0.026284658535034606,0.02909900195387546,0.07078751784,-0.11578833687890082,,4.414469e-05,-2.861023e-06,2.2649765e-06,1.0,-2.0638108e-05,-2.1792948e-05,2.0638108e-05,0.99999994,-1.9669533e-06,2.1792948e-05,1.9669533e-06,0.99999994,166,0.512,0,2,0.258,False,-0.2593418361569748,1.0492253061540504
0.5125775220803916,14:00:01.588302,13:58:34.604661,0,,0.12993121,0.009909406,0.023211643,-0.724914,-0.2949623,-0.62249243,-0.54478693,-0.30753615,0.7801465,-0.42155278,0.9046649,0.062245637,,0.018355891,0.008243199,0.043525994,-0.70105624,-0.7032622,0.11807787,-0.1292015,0.28810698,0.948842,-0.7013039,0.64993584,-0.29284173,,0.05793831,1.3372971,0.44648713,0.9969263,0.077115394,-0.013824713,0.04289156,-0.6848902,-0.7273828,-0.065560825,0.72455406,-0.6860927,,-0.08784553,0.29151964,-0.032795087,0.7379916,0.23179094,0.63375187,-0.65389013,0.4776671,0.5867383,-0.16672179,-0.847412,0.5040801,,0.029345555,0.48836794,-0.2742547,0.7811891,0.62224096,-0.050594673,-0.6091049,0.7774434,0.15675779,0.13687561,-0.09164001,0.9863403,,1.140060717824519,0.4384272680025996,0.19066999981000002,0.04340581830129654,-0.15180315123940433,1.0280506231028887,-0.41375051951812947,,-1.0208062767807442,0.2664728978251167,0.16965713891,1.174473373456821,0.3313435119311931,0.5982199487106358,0.8748708182151996,,0.026284658535034606,0.02909900195387546,0.07078751784,-0.11578833687890082,,4.414469e-05,-2.861023e-06,2.2649765e-06,1.0,-2.0638108e-05,-2.1792948e-05,2.0638108e-05,0.99999994,-1.9669533e-06,2.1792948e-05,1.9669533e-06,0.99999994,191,0.59,0,2,0.258,False,-0.259282258438454,1.0492253061540504
0.5649730740115047,14:00:01.657171,13:58:34.604661,0,,0.12957932,0.009921581,0.023622692,-0.72121435,-0.29180682,-0.6282505,-0.54343516,-0.32407424,0.7743733,-0.42956722,0.89990246,0.07514894,,0.01835484,0.008244958,0.04352522,-0.70106083,-0.70325875,0.11807147,-0.12919992,0.28809947,0.9488445,-0.7012996,0.64994293,-0.29283625,,0.05793831,1.3372971,0.44648713,0.9969263,0.077115394,-0.013824713,0.04289156,-0.6848902,-0.7273828,-0.065560825,0.72455406,-0.6860927,,-0.0875196,0.291845,-0.03307943,0.7348249,0.22858858,0.63857627,-0.6590724,0.46298897,0.592676,-0.1601748,-0.856381,0.49087226,,0.029346738,0.48836818,-0.2742529,0.7811931,0.6222364,-0.050588965,-0.60909986,0.777446,0.15676445,0.13687472,-0.09164957,0.9863395,,1.1425088241456482,0.4380874677561338,0.19042629729000002,0.03921201943160605,-0.14606441824925584,1.0406869640574383,-0.415383960179472,,-1.02079855404787,0.26648062055799093,0.1696584352,1.174473373456821,0.3313435119311931,0.5982199487106358,0.8748708182151996,,0.026284658535034606,0.02909900195387546,0.07078751784,-0.11578833687890082,,4.414469e-05,-2.861023e-06,2.2649765e-06,1.0,-2.0638108e-05,-2.1792948e-05,2.0638108e-05,0.99999994,-1.9669533e-06,2.1792948e-05,1.9669533e-06,0.99999994,195,0.603,0,2,0.258,False,-0.2596993024681016,1.049370146756389
0.633851510938257,14:00:01.671382,13:58:34.604661,0,,0.12948495,0.009956792,0.02376172,-0.72119695,-0.29505372,-0.6267522,-0.5398773,-0.32751465,0.77541375,-0.43405926,0.8975953,0.07690978,,0.018353686,0.008244958,0.04352486,-0.70106566,-0.70325464,0.11806717,-0.12920198,0.28809834,0.94884455,-0.70129436,0.64994794,-0.29283774,,0.05793831,1.3372971,0.44648713,0.9969263,0.077115394,-0.013824713,0.04289156,-0.6848902,-0.7273828,-0.065560825,0.72455406,-0.6860927,,-0.0874333,0.291975,-0.03315102,0.7351608,0.2318989,0.63699406,-0.660043,0.459081,0.5946325,-0.15453726,-0.857594,0.4905616,,0.029347928,0.48836797,-0.27425283,0.7811972,0.6222316,-0.050584506,-0.60909563,0.7774495,0.15676357,0.13687015,-0.09165245,0.98633987,,1.1434818884878004,0.4379407358315235,0.19034592731000002,0.038163569714183436,-0.14005241225957646,1.0408486581835106,-0.414077207650398,,-1.0207908313149956,0.26648062055799093,0.1696584352,1.174473373456821,0.3313435119311931,0.5982199487106358,0.8748708182151996,,0.026284658535034606,0.02909900195387546,0.07078751784,-0.11578833687890082,,4.414469e-05,-2.861023e-06,2.2649765e-06,1.0,-2.0638108e-05,-2.1792948e-05,2.0638108e-05,0.99999994,-1.9669533e-06,2.1792948e-05,1.9669533e-06,0.99999994,212,0.655,1,3,0.298,False,-0.25922268071993226,1.0491287457524916
0.6479802280664444,14:00:01.725195,13:58:34.604661,0,,0.12916398,0.009936377,0.02411455,-0.71779805,-0.29637474,-0.63002217,-0.5395655,-0.33510834,0.77238023,-0.4400397,0.8943513,0.08062649,,0.018353686,0.008244958,0.04352486,-0.70106566,-0.7032449,0.118124604,-0.12920198,0.2881758,0.94882107,-0.70129436,0.649924,-0.29289085,,0.05793831,1.3372971,0.44648713,0.9969263,0.077115394,-0.013824713,0.04289156,-0.6848902,-0.7273828,-0.065560825,0.72455406,-0.6860927,,-0.087135315,0.2922343,-0.033419147,0.7321464,0.23325798,0.6399628,-0.66439545,0.4516434,0.5954804,-0.15013443,-0.8611672,0.48564464,,0.029347928,0.48836797,-0.27425283,0.7811972,0.6222275,-0.05063533,-0.60909563,0.77746224,0.15670006,0.13687015,-0.09157189,0.9863474,,1.1458836584116843,0.4375005400576927,0.19008018786000003,0.032292251296616746,-0.13527013476778604,1.044545154387208,-0.41456723984880084,,-1.0207908313149956,0.26648062055799093,0.1696584352,1.174473373456821,0.3313435119311931,0.5981382699704951,0.8747074741490652,,0.026284658535034606,0.02909900195387546,0.07078751784,-0.11578833687890082,,4.414469e-05,-2.861023e-06,2.2649765e-06,1.0,-2.0638108e-05,-2.1792948e-05,2.0638108e-05,0.99999994,-1.9669533e-06,2.1792948e-05,1.9669533e-06,0.99999994,220,0.681,1,3,0.324,False,-0.259282258438454,1.048549383343138
0.7018740610219538,14:00:01.758376,13:58:34.765088,0,,0.12896012,0.009900615,0.024347588,-0.7177936,-0.2921184,-0.63201195,-0.53829646,-0.34289312,0.76984483,-0.44159845,0.8927995,0.08888027,,0.01835464,0.008246001,0.043525934,-0.70106053,-0.70325935,0.11806937,-0.12919629,0.2880931,0.94884694,-0.70130056,0.64994514,-0.29282922,,0.05793831,1.3372971,0.44648713,0.9969263,0.077115394,-0.013824713,0.04289156,-0.6848902,-0.7273828,-0.065560825,0.72455406,-0.6860927,,-0.08694709,0.29239044,-0.033612367,0.7322653,0.22894275,0.64138347,-0.6647092,0.44515866,0.5999962,-0.14815262,-0.8656899,0.47815457,,0.029346881,0.48836926,-0.27425227,0.7811931,0.6222365,-0.050587717,-0.6090991,0.7774451,0.15677197,0.13687842,-0.09165625,0.9863384,,1.1473664231235354,0.4372225216742206,0.18988833694,0.03166318146616318,-0.13294731427177356,1.0520441051405336,-0.4140772076503977,,-1.02079855404787,0.2664883432908652,0.1696584352,1.174473373456821,0.3313435119311931,0.5982199487106357,0.8745441300829309,,0.026284658535034606,0.02909900195387546,0.07078751784,-0.11578833687890082,,4.414469e-05,-2.861023e-06,2.2649765e-06,1.0,-2.0638108e-05,-2.1792948e-05,2.0638108e-05,0.99999994,-1.9669533e-06,2.1792948e-05,1.9669533e-06,0.99999994,233,0.721,1,3,0.364,False,-0.259580147031059,1.0482597021384612
0.7350430029910058,14:00:01.790970,13:58:34.765088,0,,0.12876435,0.009874821,0.024634585,-0.7167371,-0.29428324,-0.6322067,-0.5338023,-0.35182354,0.7689442,-0.44871265,0.8886041,0.095075935,,0.018354714,0.008244406,0.04352486,-0.70095897,-0.70337135,0.118004754,-0.12935674,0.28809744,0.94882375,-0.70137244,0.64982194,-0.2929303,,0.05793831,1.3372971,0.44648713,0.9969263,0.077115394,-0.013824713,0.04289156,-0.6848902,-0.7273828,-0.065560825,0.72455406,-0.6860927,,-0.086770065,0.29259315,-0.03383359,0.7317466,0.23117459,0.6411749,-0.6670403,0.43614835,0.60401314,-0.14001489,-0.869674,0.47335285,,0.029346894,0.48836756,-0.27425322,0.7810968,0.6223635,-0.050511368,-0.60924554,0.7773492,0.15667842,0.13677591,-0.0916072,0.98635715,,1.149034533424368,0.43685183049625786,0.18966148619,0.02893721220086436,-0.1243392147865508,1.0567048370477594,-0.41489392798106917,,-1.02079855404787,0.2664728978251167,0.1696584352,1.1742636835133364,0.3313435119311931,0.5981382699704954,0.8740540978845284,,0.026284658535034606,0.02909900195387546,0.07078751784,-0.11578833687890082,,4.414469e-05,-2.861023e-06,2.2649765e-06,1.0,-2.0638108e-05,-2.1792948e-05,2.0638108e-05,0.99999994,-1.9669533e-06,2.1792948e-05,1.9669533e-06,0.99999994,241,0.746,1,3,0.389,False,-0.2587460589717643,1.048549383343138
0.7676459879148751,14:00:01.819206,13:58:34.765088,0,,0.12868825,0.009851098,0.024765015,-0.7169638,-0.2944129,-0.6318891,-0.53261673,-0.35346448,0.76901376,-0.44975793,0.88790977,0.09661201,,0.018352926,0.008244049,0.043522358,-0.70096904,-0.7033625,0.11799826,-0.12936446,0.2881015,0.9488215,-0.70136094,0.64982975,-0.29294038,,0.05793831,1.3372971,0.44648713,0.9969263,0.077115394,-0.013824713,0.04289156,-0.6848902,-0.7273828,-0.065560825,0.72455406,-0.6860927,,-0.0867027,0.29267684,-0.033942323,0.7320626,0.2313124,0.6407643,-0.6670202,0.4345411,0.6051926,-0.13844988,-0.8704416,0.47240132,,0.02934898,0.48836544,-0.2742526,0.78110504,0.62235385,-0.050503697,-0.60923785,0.77735704,0.15666914,0.13676304,-0.09160629,0.98635906,,1.149690965718677,0.43681321683188673,0.18955259783000003,0.02893721220086436,-0.12269957678936552,1.057328111966776,-0.41489392798106917,,-1.0207831085821215,0.2664651750922425,0.16965973149000002,1.1742636835133364,0.3313435119311931,0.5981382699704952,0.8737274097522596,,0.026284658535034606,0.02909900195387546,0.07078751784,-0.11578833687890082,,4.414469e-05,-2.861023e-06,2.2649765e-06,1.0,-2.0638108e-05,-2.1792948e-05,2.0638108e-05,0.99999994,-1.9669533e-06,2.1792948e-05,1.9669533e-06,0.99999994,254,0.786,1,3,0.429,False,-0.2599376133421849,1.0482114219376817
0.7958811160642654,14:00:01.865752,13:58:34.765088,0,,0.12856027,0.0097132325,0.02504234,-0.7160597,-0.2911661,-0.6344139,-0.53459394,-0.35566133,0.7666253,-0.44885182,0.8881031,0.09901914,,0.018354185,0.008275274,0.043528616,-0.7009385,-0.70338774,0.11802894,-0.12934017,0.28810322,0.9488243,-0.701396,0.64980173,-0.29291892,,0.057929106,1.3372942,0.4464929,0.9969255,0.07712866,-0.013810627,0.042910866,-0.6848887,-0.727383,-0.065560825,0.72455406,-0.6860927,,-0.086588815,0.29278883,-0.034235742,0.7310734,0.22802071,0.64306945,-0.6676838,0.43311942,0.60547996,-0.1404639,-0.87201726,0.4688878,,0.029354906,0.4883802,-0.27422458,0.78108627,0.62237346,-0.050552715,-0.6092507,0.7773439,0.15668437,0.13681303,-0.091584735,0.9863541,,1.1508107619854395,0.4368672759620063,0.18928815467000001,0.02746938259647269,-0.12474912428584713,1.0601428828841901,-0.4152206161133378,,-1.0207908313149956,0.26645745235936824,0.16965973149000002,1.1742636835133364,0.3313435119311931,0.5981382699704954,0.8740540978845284,,0.026284658535034606,0.02909900195387546,0.07078751784,-0.11578833687890082,,3.4466386e-05,2.5629997e-06,4.7683716e-07,1.0,-7.3462725e-06,-7.763505e-06,7.3499978e-06,1.0,-6.854534e-07,7.763505e-06,7.1525574e-07,0.99999994,262,0.812,1,3,0.455,False,-0.2598184579051428,1.0482114219376817
0.8424363469239324,14:00:01.890753,13:58:34.919491,0,,0.12853052,0.009679377,0.025131434,-0.71612734,-0.29098952,-0.6344185,-0.5345058,-0.3558872,0.76658183,-0.44884872,0.8880705,0.09932503,,0.01835242,0.008273844,0.043530285,-0.7009434,-0.7033836,0.11802464,-0.12934226,0.2881021,0.94882435,-0.7013908,0.6498068,-0.29292044,,0.057929106,1.3372942,0.4464929,0.9969255,0.07712866,-0.013810627,0.042910866,-0.6848887,-0.727383,-0.065560825,0.72455406,-0.6860927,,-0.08656537,0.29283354,-0.03432189,0.7311426,0.2278418,0.6430542,-0.66762054,0.43293878,0.6056788,-0.14040413,-0.87215376,0.46865183,,0.0293564,0.48838124,-0.27422675,0.7810903,0.6223687,-0.05054825,-0.60924655,0.7773474,0.15668349,0.13680845,-0.09158762,0.9863545,,1.1511119485675343,0.4369367805578743,0.18920259953000002,0.02746938259647269,-0.12474912428584713,1.0601428828841901,-0.4152206161133378,,-1.0207831085821215,0.26645745235936824,0.16965713891,1.1742636835133364,0.3313435119311931,0.5981382699704951,0.8743807860167967,,0.026284658535034606,0.02909900195387546,0.07078751784,-0.11578833687890082,,3.4466386e-05,2.5629997e-06,4.7683716e-07,1.0,-7.3462725e-06,-7.763505e-06,7.3499978e-06,1.0,-6.854534e-07,7.763505e-06,7.1525574e-07,0.99999994,275,0.852,1,3,0.495,False,-0.2599971910607066,1.048549383343138
0.8673764599952847,14:00:01.920119,13:58:34.919491,0,,0.12852657,0.009653792,0.025162935,-0.7161364,-0.2909709,-0.63441676,-0.53449005,-0.3559194,0.7665779,-0.44885316,0.8880637,0.0993658,,0.018352613,0.0082728155,0.04352969,-0.7009437,-0.70339257,0.11796928,-0.1293459,0.28803092,0.9488455,-0.7013898,0.6498285,-0.2928744,,0.057929106,1.3372942,0.4464929,0.9969255,0.07712866,-0.013810627,0.042910866,-0.6848887,-0.727383,-0.065560825,0.72455406,-0.6860927,,-0.086563915,0.29284003,-0.03436212,0.7311522,0.22782293,0.6430499,-0.667613,0.4329117,0.60570645,-0.14039001,-0.8721721,0.46862188,,0.029356256,0.48838016,-0.27422738,0.7810904,0.6223726,-0.050498668,-0.6092473,0.77733546,0.15673946,0.13680476,-0.091661505,0.98634815,,1.1511505622319054,0.43695222602362277,0.18916241454000002,0.02746938259647269,-0.12474912428584713,1.0601428828841901,-0.4152206161133378,,-1.0207831085821215,0.26644972962649405,0.16965713891,1.1742636835133364,0.3313435119311931,0.5982199487106357,0.8742174419506625,,0.026284658535034606,0.02909900195387546,0.07078751784,-0.11578833687890082,,3.4466386e-05,2.5629997e-06,4.7683716e-07,1.0,-7.3462725e-06,-7.763505e-06,7.3499978e-06,1.0,-6.854534e-07,7.763505e-06,7.1525574e-07,0.99999994,283,0.877,1,3,0.52,False,-0.259580147031059,1.0485011031423586
0.896779271075502,14:00:01.949927,13:58:34.919491,0,,0.12852943,0.009611636,0.025199562,-0.7161323,-0.2909453,-0.63443315,-0.5344826,-0.35597476,0.7665574,-0.4488685,0.8880499,0.09941986,,0.018352814,0.0082717575,0.043528974,-0.700944,-0.70340157,0.117913924,-0.12934953,0.28795975,0.94886655,-0.70138884,0.6498503,-0.29282832,,0.057929106,1.3372942,0.4464929,0.9969255,0.07712866,-0.013810627,0.042910866,-0.6848887,-0.727383,-0.065560825,0.72455406,-0.6860927,,-0.08656993,0.29283908,-0.03441771,0.7311492,0.22779708,0.6430625,-0.66761965,0.43286365,0.6057335,-0.14037402,-0.8722027,0.46856973,,0.029356113,0.4883791,-0.274228,0.78109044,0.6223766,-0.05044908,-0.6092481,0.7773236,0.15679541,0.13680106,-0.09173539,0.9863418,,1.1511273940332827,0.4369676714893712,0.18910667407,0.02746938259647269,-0.12474912428584713,1.0602245616243304,-0.415383960179472,,-1.0207831085821215,0.2664342841607456,0.16965713891,1.1742636835133364,0.3313435119311931,0.5983016274507763,0.8740540978845281,,0.026284658535034606,0.02909900195387546,0.07078751784,-0.11578833687890082,,3.4466386e-05,2.5629997e-06,4.7683716e-07,1.0,-7.3462725e-06,-7.763505e-06,7.3499978e-06,1.0,-6.854534e-07,7.763505e-06,7.1525574e-07,0.99999994,296,0.917,1,3,0.56,False,-0.2602355019347904,1.0485976635439174
0.9266042630188167,14:00:01.990374,13:58:34.919491,0,,0.12854712,0.009552494,0.025265783,-0.71512336,-0.2933881,-0.63444626,-0.53335774,-0.3576414,0.7665651,-0.45180532,0.88657534,0.0992769,,0.01835341,0.008268613,0.043527007,-0.70094484,-0.70339006,0.11797767,-0.12936048,0.2880564,0.9488358,-0.701386,0.64981997,-0.29290247,,0.057929106,1.3372942,0.4464929,0.9969255,0.07712866,-0.013810627,0.042910866,-0.6848887,-0.727383,-0.065560825,0.72455406,-0.6860927,,-0.08659292,0.29284835,-0.034504764,0.7303481,0.23029089,0.6430845,-0.6690876,0.43073288,0.60563266,-0.13752596,-0.8726026,0.46866974,,0.02935568,0.48837584,-0.27422988,0.78109056,0.62237203,-0.050503656,-0.6092504,0.77733916,0.15670933,0.13678996,-0.091634795,0.9863527,,1.151096503101786,0.4369445032907485,0.18901593377,0.025791863048596493,-0.12187975779077288,1.0603351478509226,-0.4148939279810693,,-1.0207831085821215,0.26641883869499716,0.16965713891,1.1742636835133364,0.3313435119311931,0.5982199487106359,0.873890753818394,,0.026284658535034606,0.02909900195387546,0.07078751784,-0.11578833687890082,,3.4466386e-05,2.5629997e-06,4.7683716e-07,1.0,-7.3462725e-06,-7.763505e-06,7.3499978e-06,1.0,-6.854534e-07,7.763505e-06,7.1525574e-07,0.99999994,304,0.943,1,3,0.586,False,-0.25975888018662197,1.0489356249493738
0.9670202960260212,14:00:02.023713,13:58:35.036876,0,,0.1285474,0.009423837,0.025406986,-0.71479684,-0.29274338,-0.6351116,-0.5324268,-0.36101326,0.7656311,-0.45341724,0.88542116,0.1021868,,0.018353805,0.008266527,0.043525636,-0.7009453,-0.7033984,0.11792441,-0.12936777,0.28799158,0.9488544,-0.7013841,0.6498396,-0.29286343,,0.057929106,1.3372942,0.4464929,0.9969255,0.07712866,-0.013810627,0.042910866,-0.6848887,-0.727383,-0.065560825,0.72455406,-0.6860927,,-0.08660466,0.2928676,-0.034694463,0.7301418,0.22964804,0.6435485,-0.6696768,0.42760375,0.60719687,-0.13574217,-0.87430936,0.46600133,,0.029355394,0.48837367,-0.2742311,0.7810906,0.62237585,-0.05045532,-0.609252,0.77732813,0.15675774,0.13678257,-0.09170201,0.98634744,,1.1511582849647797,0.43695994875649696,0.18882408285000002,0.02516279321814292,-0.12010348329382216,1.0634607245507406,-0.4153839601794722,,-1.0207831085821215,0.26640339322924866,0.16965713891,1.1742636835133364,0.3313435119311931,0.5983016274507763,0.8740540978845281,,0.026284658535034606,0.02909900195387546,0.07078751784,-0.11578833687890082,,3.4466386e-05,2.5629997e-06,4.7683716e-07,1.0,-7.3462725e-06,-7.763505e-06,7.3499978e-06,1.0,-6.854534e-07,7.763505e-06,7.1525574e-07,0.99999994,317,0.983,1,3,0.626,False,-0.2608908568385213,1.0490321853509326
1.000350627116859,14:00:02.052700,13:58:35.036876,0,,0.12851194,0.009304166,0.02557519,-0.7158756,-0.28997737,-0.6351655,-0.53170526,-0.3632158,0.7650906,-0.4525612,0.88543046,0.1058349,,0.01835496,0.008266497,0.043525994,-0.7009405,-0.7034026,0.11792871,-0.1293657,0.28799278,0.9488543,-0.7013893,0.64983463,-0.29286194,,0.057929106,1.3372942,0.4464929,0.9969255,0.07712866,-0.013810627,0.042910866,-0.6848887,-0.727383,-0.065560825,0.72455406,-0.6860927,,-0.08658223,0.29291412,-0.03489745,0.7311804,0.22684099,0.64336485,-0.66852367,0.4260526,0.60955334,-0.13583559,-0.8757981,0.46316987,,0.029354203,0.48837388,-0.2742312,0.78108656,0.6223806,-0.05045978,-0.60925615,0.7773247,0.15675862,0.13678716,-0.09169912,0.9863471,,1.1514671942797485,0.43703717608523923,0.18862186161000002,0.026630622822534592,-0.12024011979358759,1.0664308983593567,-0.4132604873197264,,-1.0207908313149956,0.26640339322924866,0.16965713891,1.1742636835133364,0.3313435119311931,0.5983016274507763,0.8740540978845281,,0.026284658535034606,0.02909900195387546,0.07078751784,-0.11578833687890082,,3.4466386e-05,2.5629997e-06,4.7683716e-07,1.0,-7.3462725e-06,-7.763505e-06,7.3499978e-06,1.0,-6.854534e-07,7.763505e-06,7.1525574e-07,0.99999994,334,1.037,0,3,0.636,False,-0.2599376133421849,1.0486459437446969
1.029380562948063,14:00:02.102454,13:58:35.036876,0,,0.12845296,0.009165272,0.025812894,-0.71604234,-0.28947112,-0.63520855,-0.5310813,-0.36465278,0.7648405,-0.45302987,0.8850054,0.10737419,,0.018353604,0.00826757,0.04352635,-0.70094514,-0.703399,0.117922306,-0.12936413,0.28798524,0.9488569,-0.7013851,0.6498418,-0.29285643,,0.057929106,1.3372942,0.4464929,0.9969255,0.07712866,-0.013810627,0.042910866,-0.6848887,-0.727383,-0.065560825,0.72455406,-0.6860927,,-0.08654102,0.29300028,-0.03516233,0.731389,0.22633187,0.64330715,-0.6684509,0.42476138,0.61053354,-0.13506883,-0.8765567,0.46195754,,0.029355537,0.48837477,-0.2742305,0.7810906,0.62237597,-0.050454073,-0.6092512,0.77732724,0.15676528,0.13678627,-0.09170868,0.9863463,,1.1520463992453154,0.4371452943454784,0.18835741845,0.026630622822534592,-0.11955693729476038,1.0673440261634046,-0.4152206161133378,,-1.0207831085821215,0.2664111159621229,0.16965713891,1.1742636835133364,0.3313435119311931,0.5983016274507763,0.8740540978845281,,0.026284658535034606,0.02909900195387546,0.07078751784,-0.11578833687890082,,3.4466386e-05,2.5629997e-06,4.7683716e-07,1.0,-7.3462725e-06,-7.763505e-06,7.3499978e-06,1.0,-6.854534e-07,7.763505e-06,7.1525574e-07,0.99999994,343,1.065,0,3,0.636,False,-0.26041423509035333,1.048452822941579
1.0791408389341086,14:00:02.140170,13:58:35.143051,0,,0.12839085,0.009045333,0.026096895,-0.71618813,-0.28746527,-0.6359547,-0.52951306,-0.3697787,0.76346546,-0.45463234,0.8835311,0.11261448,,0.01835651,0.008264411,0.04352504,-0.7009362,-0.7034054,0.11793721,-0.12937093,0.28800663,0.94884944,-0.70139265,0.6498254,-0.29287446,,0.057929106,1.3372942,0.4464929,0.9969255,0.07712866,-0.013810627,0.042910866,-0.6848887,-0.727383,-0.065560825,0.72455406,-0.6860927,,-0.08649918,0.29313365,-0.035444017,0.73166674,0.2243137,0.64369804,-0.6685928,0.42018026,0.61354065,-0.13284363,-0.8792792,0.45740646,,0.029352725,0.4883719,-0.2742325,0.7810826,0.622385,-0.050466735,-0.60926193,0.77732307,0.15674444,0.13678434,-0.09168289,0.986349,,1.1528418407313605,0.43736153086595664,0.18807482723000002,0.026420932879050067,-0.1175073897982788,1.0719620205987817,-0.4147305839149351,,-1.02079855404787,0.2663879477635002,0.16965713891,1.1742636835133364,0.3313435119311931,0.5983016274507763,0.8740540978845281,,0.026284658535034606,0.02909900195387546,0.07078751784,-0.11578833687890082,,3.4466386e-05,2.5629997e-06,4.7683716e-07,1.0,-7.3462725e-06,-7.763505e-06,7.3499978e-06,1.0,-6.854534e-07,7.763505e-06,7.1525574e-07,0.99999994,356,1.106,0,3,0.636,False,-0.2587460589717643,1.0484045427407995
1.1168486149981618,14:00:02.172262,13:58:35.143051,0,,0.12837166,0.009008989,0.026317254,-0.71663064,-0.28846103,-0.6350046,-0.5253015,-0.3756898,0.763489,-0.45880163,0.88070846,0.11770183,,0.018355757,0.00826234,0.04352337,-0.7009416,-0.7034097,0.11787963,-0.12938029,0.2879407,0.94886816,-0.7013855,0.64985,-0.29283693,,0.057929106,1.3372942,0.4464929,0.9969255,0.07712866,-0.013810627,0.042910866,-0.6848887,-0.727383,-0.065560825,0.72455406,-0.6860927,,-0.08649444,0.29327404,-0.035618715,0.7324554,0.2253577,0.6424352,-0.66887236,0.41416818,0.6173123,-0.12696013,-0.8818609,0.45409524,,0.029353628,0.48836955,-0.27423367,0.78108674,0.6223841,-0.050413933,-0.60925925,0.77731556,0.15679199,0.13677236,-0.09175298,0.9863441,,1.1535059957585438,0.43757776738643495,0.18789464292000002,0.026420932879050067,-0.11176865680813029,1.0755320213977289,-0.4148939279810693,,-1.0207908313149956,0.2663725022977518,0.16965713891,1.1742636835133364,0.3313435119311931,0.5983833061909168,0.8742174419506623,,0.026284658535034606,0.02909900195387546,0.07078751784,-0.11578833687890082,,3.4466386e-05,2.5629997e-06,4.7683716e-07,1.0,-7.3462725e-06,-7.763505e-06,7.3499978e-06,1.0,-6.854534e-07,7.763505e-06,7.1525574e-07,0.99999994,369,1.148,0,3,0.636,False,-0.2588652144088064,1.0490321853509326
