Task Time,PC1 Time,PC2 Time,Gaze Calib,s_T_psm1,Tx,Ty,Tz,R00,R01,R02,R10,R11,R12,R20,R21,R22,s_T_psm3,Tx,Ty,Tz,R00,R01,R02,R10,R11,R12,R20,R21,R22,cart_T_ecm,Tx,Ty,Tz,R00,R01,R02,R10,R11,R12,R20,R21,R22,ecm_T_psm1,Tx,Ty,Tz,R00,R01,R02,R10,R11,R12,R20,R21,R22,ecm_T_psm3,Tx,Ty,Tz,R00,R01,R02,R10,R11,R12,R20,R21,R22,psm1_joints,q1,q2,q3,q4,q5,q6,jaw,psm3_joints,q1,q2,q3,q4,q5,q6,jaw,ecm_joints,q1,q2,q3,q4,ecmi_T_ecm,Tx,Ty,Tz,R00,R01,R02,R10,R11,R12,R20,R21,R22,Sample #,Task Duration (s),Collisions (binary),Collisions (increments),Cumulative Collision Time (s),Clutch Press,MTMR Angle,MTML Angle
""
lci_T_si,,,,,-0.060449902,0.028989637,0.2531565,0.99598145,-0.006817275,0.089299574,0.061369892,-0.674251,-0.7359479,0.065227486,0.7384708,-0.67112315
rci_T_si,,,,,-0.070302054,0.033551246,0.263737,0.9935428,-0.022055382,0.11129344,0.070708275,-0.6467685,-0.7594016,0.088729985,0.7623674,-0.6410327
ecm_T_lc,,,,,-4.4061628e-05,-0.00034663224,-0.01840835,-0.99912,0.030754527,0.028518902,-0.031987965,-0.99852574,-0.043852776,0.027128186,-0.04472645,0.9986309
ecm_T_rc,,,,,-0.0043358393,0.01870579,-0.007592615,-0.99555075,-0.052743673,-0.078081585,0.04863213,-0.9973746,0.053654674,-0.08070653,0.04961868,0.9955021
cart_T_ecmi,,,,,0.05789456,1.3372948,0.4464937,0.99692506,0.077136,-0.013802834,0.042921547,-0.6848879,-0.7273832,-0.065560825,0.72455406,-0.6860927
ecmac_T_ecmrep_psm1,,,,,-0.0025980123,-0.29326126,-0.2805022,0.9974786,0.061531033,0.035360787,-0.060258932,0.9975341,-0.035980776,-0.037487525,0.033759248,0.99872667
ecmac_T_ecmrep_psm3,,,,,-0.0114122145,-0.5209516,-0.5025674,0.9999053,0.010122195,-0.009323479,-0.0077519584,0.9740634,0.22614253,0.011370718,-0.22604884,0.9740496
""
0,14:01:28.686786,14:00:01.696893,0,,0.13319033,0.015187964,0.025770158,-0.6982814,-0.45427865,-0.55320364,-0.57221514,-0.11008847,0.81268096,-0.43008485,0.8840313,-0.18307242,,0.018249437,0.007263012,0.04407209,-0.60763437,-0.7297352,0.31347597,0.16323079,0.27152777,0.9484874,-0.77726203,0.6275024,-0.045874327,,0.057930693,1.3372952,0.4464868,0.99692637,0.07711462,-0.013825544,0.04289042,-0.68489033,-0.7273828,-0.065560825,0.72455406,-0.6860927,,-0.091137,0.29684,-0.030381363,0.7113655,0.3962076,0.58049864,-0.6793932,0.5991384,0.4236249,-0.17995563,-0.695739,0.6953871,,0.029358897,0.4884198,-0.27538237,0.7072268,0.65086466,-0.27605334,-0.5538918,0.75274986,0.3557689,0.4393565,-0.09870561,0.89287347,,1.1487333468422731,0.4737278799706799,0.19316795064000003,0.006500388248020255,-0.2020853831530864,0.7696181503078707,-0.41309714325359226,,-1.0057469476760064,0.26320618181931976,0.16978547162000002,1.3533388952491203,0.6192366169369762,0.6998154775211112,0.8647434861148742,,0.026284658535034606,0.02909900195387546,0.07078751784,-0.11578833687890082,,3.6492944e-05,-2.3841858e-06,4.053116e-06,1.0000001,-2.1416694e-05,-2.2623688e-05,2.142787e-05,1.0,-2.026558e-06,2.2623688e-05,2.0861626e-06,1.0,44,0.133,1,1,0.11,False,-0.2588652144088064,1.0375414975654216
0.12666302593424916,14:01:28.735695,14:00:01.696893,0,,0.13308942,0.0152166635,0.026216447,-0.700566,-0.44988364,-0.55390644,-0.5647738,-0.12488395,0.81574166,-0.43616277,0.88431257,-0.16659307,,0.01825022,0.0072633848,0.04406935,-0.60763395,-0.72978586,0.31335872,0.16322628,0.27137905,0.94853073,-0.7772634,0.6275078,-0.04577884,,0.057930693,1.3372952,0.4464868,0.99692637,0.07711462,-0.013825544,0.04289042,-0.68489033,-0.7273828,-0.065560825,0.72455406,-0.6860927,,-0.091063365,0.29719457,-0.030662516,0.7141787,0.39149258,0.5802434,-0.6788797,0.5893369,0.4379548,-0.17050277,-0.7066935,0.68666816,,0.029358493,0.48841745,-0.27538076,0.70722646,0.65090966,-0.2759481,-0.553895,0.7526927,0.35588497,0.43935308,-0.09884498,0.89285976,,1.1505868027320871,0.47436114406636626,0.19287887797000003,0.00817790779589645,-0.19306737416856737,0.782030823777923,-0.4124437669890551,,-1.0057469476760064,0.2631984590864455,0.1697880642,1.3533388952491203,0.6192366169369762,0.6999788350013924,0.8640901098503373,,0.026284658535034606,0.02909900195387546,0.07078751784,-0.11578833687890082,,3.6492944e-05,-2.3841858e-06,4.053116e-06,1.0000001,-2.1416694e-05,-2.2623688e-05,2.142787e-05,1.0,-2.026558e-06,2.2623688e-05,2.0861626e-06,1.0,56,0.171,1,1,0.148,False,-0.25880563669028556,1.0378311787700982
0.17557071102783084,14:01:28.776029,14:00:01.791648,0,,0.13297276,0.015220836,0.02647464,-0.701133,-0.4487948,-0.55407214,-0.5630418,-0.12830308,0.81640816,-0.43748885,0.8843764,-0.16273272,,0.018251792,0.007266484,0.044065475,-0.6077563,-0.7295519,0.3136661,0.16351485,0.27155483,0.9484308,-0.777107,0.6277038,-0.045746565,,0.057930693,1.3372952,0.4464868,0.99692637,0.07711462,-0.013825544,0.04289042,-0.68489033,-0.7273828,-0.065560825,0.72455406,-0.6860927,,-0.09096286,0.29739326,-0.030837739,0.71486324,0.39033002,0.5801836,-0.67869306,0.58706856,0.44127795,-0.16836354,-0.70922,0.684588,,0.029357526,0.48841527,-0.27537614,0.70733637,0.6506579,-0.27625993,-0.5536137,0.75292206,0.35583732,0.43953055,-0.09875541,0.89278233,,1.1518842218549568,0.4746391624498384,0.19270517511000002,0.008387597739380975,-0.1911544631718512,0.7841465164324983,-0.4126071110551893,,-1.0057469476760064,0.26321390455219396,0.16979324936,1.3537582751360893,0.6192366169369762,0.6999788350013924,0.8640901098503373,,0.026284658535034606,0.02909900195387546,0.07078751784,-0.11578833687890082,,3.6492944e-05,-2.3841858e-06,4.053116e-06,1.0000001,-2.1416694e-05,-2.2623688e-05,2.142787e-05,1.0,-2.026558e-06,2.2623688e-05,2.0861626e-06,1.0,64,0.195,1,1,0.172,False,-0.25868648125324345,1.0372518163607447
0.21586250513792038,14:01:28.803068,14:00:01.791648,0,,0.13293028,0.015208587,0.026562095,-0.7005127,-0.4493771,-0.55438477,-0.56325656,-0.12885684,0.8161727,-0.43820557,0.88400006,-0.16284871,,0.018252082,0.0072671697,0.044064403,-0.6077563,-0.7295519,0.3136661,0.16351485,0.27155483,0.9484308,-0.777107,0.6277038,-0.045746565,,0.057930693,1.3372952,0.4464868,0.99692637,0.07711462,-0.013825544,0.04289042,-0.68489033,-0.7273828,-0.065560825,0.72455406,-0.6860927,,-0.09092613,0.29745156,-0.03090745,0.71428406,0.3909227,0.5804978,-0.6793897,0.58643776,0.44104463,-0.16801149,-0.7094154,0.684472,,0.029357392,0.48841462,-0.27537504,0.70733637,0.6506579,-0.27625993,-0.5536137,0.75292206,0.35583732,0.43953055,-0.09875541,0.89278233,,1.152308972163039,0.4747086670457064,0.19263647174,0.007339148021958352,-0.1908811901723203,0.784005359365246,-0.41309714325359226,,-1.0057469476760064,0.26321390455219396,0.16979454565000002,1.3537582751360893,0.6192366169369762,0.6999788350013924,0.8640901098503373,,0.026284658535034606,0.02909900195387546,0.07078751784,-0.11578833687890082,,3.6492944e-05,-2.3841858e-06,4.053116e-06,1.0000001,-2.1416694e-05,-2.2623688e-05,2.142787e-05,1.0,-2.026558e-06,2.2623688e-05,2.0861626e-06,1.0,77,0.235,1,1,0.212,False,-0.25880563669028556,1.036865574754509
0.24294706992805004,14:01:28.844978,14:00:01.791648,0,,0.13285425,0.015177891,0.026728213,-0.70107114,-0.4468321,-0.5557343,-0.561896,-0.13368669,0.8163337,-0.4390583,0.88457274,-0.15734935,,0.01825469,0.007270701,0.044059515,-0.60775024,-0.72953033,0.31372815,0.1635168,0.2716335,0.9484078,-0.77711135,0.62769485,-0.045794845,,0.057930693,1.3372952,0.4464868,0.99692637,0.07711462,-0.013825544,0.04289042,-0.68489033,-0.7273828,-0.065560825,0.72455406,-0.6860927,,-0.090861216,0.29755718,-0.0310451,0.71492285,0.38824582,0.5815071,-0.6790989,0.5835604,0.44528854,-0.1664631,-0.7132478,0.680858,,0.029355543,0.4884116,-0.2753695,0.70733094,0.65064,-0.27631593,-0.5536173,0.7529475,0.3557779,0.43953472,-0.09867944,0.89278865,,1.1530503545189645,0.4747936171073229,0.19249906500000002,0.0077585279089274015,-0.18937818867490044,0.7886606317147058,-0.4130971432535922,,-1.0057546704088807,0.26321390455219396,0.16980102710000003,1.3537582751360893,0.6192366169369762,0.6998971562612516,0.8632733895196658,,0.026284658535034606,0.02909900195387546,0.07078751784,-0.11578833687890082,,3.6492944e-05,-2.3841858e-06,4.053116e-06,1.0000001,-2.1416694e-05,-2.2623688e-05,2.142787e-05,1.0,-2.026558e-06,2.2623688e-05,2.0861626e-06,1.0,85,0.26,1,1,0.237,False,-0.25856732581620134,1.0365276133490526
0.28480426012538373,14:01:28.865103,14:00:01.791648,0,,0.132808,0.015156075,0.026819885,-0.7022644,-0.44459578,-0.55602115,-0.56031895,-0.13661745,0.81693226,-0.43916678,0.8852515,-0.1531739,,0.018255278,0.007272117,0.04405743,-0.60775024,-0.72955596,0.31366858,0.1635168,0.27155608,0.94843006,-0.77711135,0.62769866,-0.045743585,,0.057930693,1.3372952,0.4464868,0.99692637,0.07711462,-0.013825544,0.04289042,-0.68489033,-0.7273828,-0.065560825,0.72455406,-0.6860927,,-0.09082119,0.29761234,-0.031124948,0.71615356,0.38591045,0.58154726,-0.67808926,0.58203876,0.44880483,-0.16528457,-0.71575415,0.6785109,,0.029355276,0.48841032,-0.27536726,0.70733094,0.65066254,-0.2762628,-0.5536173,0.7529185,0.3558394,0.43953472,-0.09875236,0.8927806,,1.1534519366284244,0.4747936171073229,0.19241869502000003,0.009226357513319072,-0.18814846017701148,0.7917418075884661,-0.41179039072451795,,-1.0057546704088807,0.26321390455219396,0.16980361968000002,1.3537582751360893,0.6192366169369762,0.6999788350013922,0.8631100454535315,,0.026284658535034606,0.02909900195387546,0.07078751784,-0.11578833687890082,,3.6492944e-05,-2.3841858e-06,4.053116e-06,1.0000001,-2.1416694e-05,-2.2623688e-05,2.142787e-05,1.0,-2.026558e-06,2.2623688e-05,2.0861626e-06,1.0,93,0.285,1,1,0.262,False,-0.2586269035347226,1.036865574754509
0.3049594790209085,14:01:28.893228,14:00:01.791648,0,,0.13272595,0.015125155,0.026972488,-0.7024067,-0.444593,-0.5558435,-0.5590367,-0.13878065,0.81744593,-0.440571,0.8849163,-0.1510633,,0.018257402,0.0072759762,0.04405421,-0.6077446,-0.7295605,0.31366903,0.16352318,0.27155107,0.94843036,-0.7771145,0.6276955,-0.0457336,,0.057930693,1.3372952,0.4464868,0.99692637,0.07711462,-0.013825544,0.04289042,-0.68489033,-0.7273828,-0.065560825,0.72455406,-0.6860927,,-0.09074945,0.29770792,-0.03125412,0.7164096,0.38588282,0.5812501,-0.6782745,0.58034617,0.4507127,-0.16340399,-0.71714205,0.6775001,,0.029353695,0.48840904,-0.27536222,0.70732594,0.6506673,-0.27626455,-0.5536178,0.7529139,0.35584834,0.4395423,-0.09875579,0.8927765,,1.1541855962514755,0.4747936171073229,0.19228906602,0.009016667569834547,-0.18623554918029533,0.7927956766212143,-0.411790390724518,,-1.0057623931417548,0.2632216272850682,0.16980880484000002,1.3537582751360893,0.6192366169369762,0.6999788350013922,0.8631100454535315,,0.026284658535034606,0.02909900195387546,0.07078751784,-0.11578833687890082,,3.6492944e-05,-2.3841858e-06,4.053116e-06,1.0000001,-2.1416694e-05,-2.2623688e-05,2.142787e-05,1.0,-2.026558e-06,2.2623688e-05,2.0861626e-06,1.0,106,0.325,1,1,0.302,False,-0.25922268071993226,1.0365758935498322
0.33309463900513947,14:01:28.926469,14:00:01.791648,0,,0.13264203,0.015088543,0.027172849,-0.7007039,-0.4464177,-0.5565299,-0.55754733,-0.14406794,0.8175484,-0.44514608,0.88315094,-0.14795002,,0.018256083,0.0072798207,0.04404998,-0.6077571,-0.7295274,0.3137217,0.16352388,0.2716199,0.9484105,-0.7771045,0.62770414,-0.04578376,,0.057930693,1.3372952,0.4464868,0.99692637,0.07711462,-0.013825544,0.04289042,-0.68489033,-0.7273828,-0.065560825,0.72455406,-0.6860927,,-0.09067889,0.29783532,-0.03141942,0.71502537,0.38770148,0.5817442,-0.68074095,0.57556385,0.4531203,-0.15915552,-0.72000957,0.675467,,0.029355668,0.48840714,-0.275357,0.7073371,0.6506355,-0.27631086,-0.55360734,0.7529493,0.3557896,0.4395374,-0.09869546,0.89278555,,1.1550891559977599,0.4748090625730713,0.19212054832000003,0.005871318417566682,-0.18199981768756668,0.7955493058573079,-0.4134238313858607,,-1.0057469476760064,0.2632293500179424,0.16981399000000003,1.3537582751360893,0.6192366169369762,0.6998971562612517,0.8627833573212631,,0.026284658535034606,0.02909900195387546,0.07078751784,-0.11578833687890082,,3.6492944e-05,-2.3841858e-06,4.053116e-06,1.0000001,-2.1416694e-05,-2.2623688e-05,2.142787e-05,1.0,-2.026558e-06,2.2623688e-05,2.0861626e-06,1.0,114,0.351,1,1,0.328,False,-0.2585077480976805,1.0352240479280073
0.3663277421146631,14:01:28.954069,14:00:01.791648,0,,0.13253687,0.015065581,0.027442828,-0.70024204,-0.44630814,-0.5571987,-0.55368537,-0.15317419,0.818517,-0.45065925,0.8816726,-0.13985527,,0.018259637,0.0072843954,0.044046104,-0.6077453,-0.7295359,0.31372464,0.16353221,0.27161616,0.94841015,-0.7771119,0.6276958,-0.045770824,,0.057930693,1.3372952,0.4464868,0.99692637,0.07711462,-0.013825544,0.04289042,-0.68489033,-0.7273828,-0.065560825,0.72455406,-0.6860927,,-0.09059117,0.29802433,-0.031622026,0.7149875,0.3874917,0.58193046,-0.682283,0.5683855,0.45981288,-0.15258718,-0.7258017,0.6707675,,0.029352771,0.48840544,-0.27535093,0.7073266,0.6506449,-0.27631548,-0.5536114,0.75294113,0.35580063,0.43954915,-0.09869584,0.89277977,,1.156324793257636,0.47487856716893934,0.19191314192000003,0.0041937988696904875,-0.1754412656988255,0.8019629850601206,-0.41309714325359226,,-1.0057623931417548,0.26323707275081665,0.16982047145,1.3537582751360893,0.6192366169369762,0.6998971562612518,0.8626200132551287,,0.026284658535034606,0.02909900195387546,0.07078751784,-0.11578833687890082,,3.6492944e-05,-2.3841858e-06,4.053116e-06,1.0000001,-2.1416694e-05,-2.2623688e-05,2.142787e-05,1.0,-2.026558e-06,2.2623688e-05,2.0861626e-06,1.0,127,0.391,1,1,0.368,False,-0.25826943722359585,1.035079207325669
0.3939483570866287,14:01:28.990320,14:00:01.984413,0,,0.13231534,0.015026733,0.027836248,-0.70266986,-0.44337353,-0.5564847,-0.54829603,-0.1610353,0.8206333,-0.4534608,0.8817525,-0.12994531,,0.018263891,0.0072920695,0.044039786,-0.60773385,-0.7294938,0.31384477,0.16354501,0.27176112,0.9483664,-0.7771182,0.6276821,-0.045853376,,0.057930693,1.3372952,0.4464868,0.99692637,0.07711462,-0.013825544,0.04289042,-0.68489033,-0.7273828,-0.065560825,0.72455406,-0.6860927,,-0.090395294,0.29829836,-0.031925198,0.7176973,0.38439268,0.5806486,-0.6806951,0.5631067,0.46857765,-0.14684929,-0.7315416,0.66579443,,0.02934961,0.48840284,-0.27534088,0.7073165,0.6506093,-0.27642527,-0.5536123,0.7529901,0.35569552,0.43956432,-0.09855686,0.89278764,,1.158363594736431,0.47488628990181353,0.19160981006000002,0.006500388248020255,-0.16956589620891158,0.807708572679307,-0.41293379918745804,,-1.0057778386075031,0.2632525182165651,0.16983084177000002,1.3537582751360893,0.6192366169369762,0.6997337987809705,0.860986572593786,,0.026284658535034606,0.02909900195387546,0.07078751784,-0.11578833687890082,,3.6492944e-05,-2.3841858e-06,4.053116e-06,1.0000001,-2.1416694e-05,-2.2623688e-05,2.142787e-05,1.0,-2.026558e-06,2.2623688e-05,2.0861626e-06,1.0,131,0.403,1,1,0.38,False,-0.25820985950507547,1.0351274875264485
0.4301967341452837,14:01:29.016938,14:00:01.984413,0,,0.13217744,0.015001029,0.02803865,-0.70335484,-0.4411677,-0.55737174,-0.54780495,-0.16327673,0.8205183,-0.45299202,0.8824464,-0.1268324,,0.018267557,0.0072984025,0.044035554,-0.6077225,-0.72950286,0.31384578,0.16355783,0.2717512,0.94836706,-0.7771244,0.6276759,-0.04583338,,0.057930693,1.3372952,0.4464868,0.99692637,0.07711462,-0.013825544,0.04289042,-0.68489033,-0.7273828,-0.065560825,0.72455406,-0.6860927,,-0.09027078,0.29843628,-0.032086797,0.71836215,0.38210133,0.5813384,-0.67999667,0.56205714,0.47084638,-0.14683437,-0.7335464,0.6635882,,0.029346716,0.48840156,-0.27533305,0.7073064,0.6506188,-0.27642882,-0.5536132,0.752981,0.35571343,0.4395795,-0.09856372,0.8927794,,1.1595065592018163,0.4749326262990589,0.19145295897000003,0.007129458078473829,-0.16956589620891158,0.8096688624426805,-0.41244376698905505,,-1.0057932840732517,0.26326796368231353,0.16983861951,1.3537582751360893,0.6192366169369762,0.6997337987809705,0.860986572593786,,0.026284658535034606,0.02909900195387546,0.07078751784,-0.11578833687890082,,3.6492944e-05,-2.3841858e-06,4.053116e-06,1.0000001,-2.1416694e-05,-2.2623688e-05,2.142787e-05,1.0,-2.026558e-06,2.2623688e-05,2.0861626e-06,1.0,148,0.456,1,1,0.433,False,-0.2590439475643693,1.0356102895342432
0.4568161400966346,14:01:29.059921,14:00:01.984413,0,,0.13185734,0.014951766,0.028579071,-0.7038444,-0.4354106,-0.5612673,-0.5473442,-0.17121512,0.8192067,-0.45278874,0.88380027,-0.11781067,,0.01827012,0.007314883,0.044021666,-0.60773045,-0.7295016,0.31383333,0.16357836,0.27171898,0.9483728,-0.7771138,0.62769127,-0.045801193,,0.057930693,1.3372952,0.4464868,0.99692637,0.07711462,-0.013825544,0.04289042,-0.68489033,-0.7273828,-0.065560825,0.72455406,-0.6860927,,-0.08998589,0.29881594,-0.032501094,0.71884775,0.37610528,0.584639,-0.6795222,0.55758446,0.4768114,-0.14665434,-0.74003,0.6563902,,0.029346453,0.48839647,-0.27531198,0.70731354,0.65061456,-0.27642044,-0.55359375,0.75298,0.3557458,0.43959245,-0.098599195,0.8927691,,1.1624334749611474,0.4752878720112732,0.19105240536,0.006919768134989304,-0.16970253270867705,0.8168046519984652,-0.41326048731972653,,-1.0057855613403774,0.26330657734668467,0.16985936015000003,1.3537582751360893,0.6192366169369762,0.6997337987809705,0.860986572593786,,0.026284658535034606,0.02909900195387546,0.07078751784,-0.11578833687890082,,3.6492944e-05,-2.3841858e-06,4.053116e-06,1.0000001,-2.1416694e-05,-2.2623688e-05,2.142787e-05,1.0,-2.026558e-06,2.2623688e-05,2.0861626e-06,1.0,156,0.482,1,1,0.459,False,-0.2583290149421176,1.0349343667233308
0.49977366509847343,14:01:29.087527,14:00:01.984413,0,,0.13174534,0.014936045,0.02878049,-0.70494705,-0.43282342,-0.5618841,-0.5465784,-0.17334178,0.81927085,-0.45199758,0.88465613,-0.114375144,,0.018271878,0.007319115,0.044015408,-0.60773045,-0.7295016,0.31383333,0.16357836,0.27171898,0.9483728,-0.7771138,0.62769127,-0.045801193,,0.057930693,1.3372952,0.4464868,0.99692637,0.07711462,-0.013825544,0.04289042,-0.68489033,-0.7273828,-0.065560825,0.72455406,-0.6860927,,-0.08988693,0.29895896,-0.03265313,0.7199153,0.37342575,0.5850429,-0.6783871,0.5567197,0.47943103,-0.14667304,-0.74203527,0.65411824,,0.029345654,0.48839262,-0.27530527,0.70731354,0.65061456,-0.27642044,-0.55359375,0.75298,0.3557458,0.43959245,-0.098599195,0.8927691,,1.1634914893649162,0.4754577721345062,0.19090592459000003,0.00817790779589645,-0.1698391692084425,0.8188763596655353,-0.41130035852611513,,-1.0057855613403774,0.26330657734668467,0.16986713789000002,1.3537582751360893,0.6192366169369762,0.6997337987809705,0.860986572593786,,0.026284658535034606,0.02909900195387546,0.07078751784,-0.11578833687890082,,3.6492944e-05,-2.3841858e-06,4.053116e-06,1.0000001,-2.1416694e-05,-2.2623688e-05,2.142787e-05,1.0,-2.026558e-06,2.2623688e-05,2.0861626e-06,1.0,169,0.522,1,1,0.499,False,-0.2589247921273281,1.0345481251170952
0.5273999359924346,14:01:29.126057,14:00:01.984413,0,,0.13155758,0.0149333775,0.029087022,-0.7030071,-0.43265203,-0.5644408,-0.5477506,-0.17680836,0.8177457,-0.4535972,0.8840537,-0.112687856,,0.018276818,0.0073282495,0.044002116,-0.6077243,-0.7294799,0.3138954,0.1635803,0.27179766,0.94834983,-0.7771182,0.6276824,-0.045849472,,0.057930693,1.3372952,0.4464868,0.99692637,0.07711462,-0.013825544,0.04289042,-0.68489033,-0.7273828,-0.065560825,0.72455406,-0.6860927,,-0.08971865,0.29919136,-0.032869667,0.7180538,0.37321895,0.5874575,-0.68042195,0.55395335,0.47975162,-0.14637166,-0.7442065,0.6517147,,0.029342735,0.4883845,-0.2752908,0.7073081,0.6505967,-0.27647644,-0.5535974,0.75300545,0.35568637,0.43959662,-0.09852322,0.8927754,,1.1652908861246105,0.4756894541207329,0.19069851819000003,0.00482286870014406,-0.1698391692084425,0.8205916132084871,-0.41211707885678656,,-1.0057932840732517,0.26330657734668467,0.16988398966,1.3537582751360893,0.6192366169369762,0.6996521200408299,0.8611499166599202,,0.026284658535034606,0.02909900195387546,0.07078751784,-0.11578833687890082,,3.6492944e-05,-2.3841858e-06,4.053116e-06,1.0000001,-2.1416694e-05,-2.2623688e-05,2.142787e-05,1.0,-2.026558e-06,2.2623688e-05,2.0861626e-06,1.0,173,0.534,1,1,0.511,False,-0.2593418361569748,1.0345481251170952
0.5658929760102183,14:01:29.149318,14:00:01.984413,0,,0.13145828,0.014942229,0.02920942,-0.70150644,-0.4337516,-0.5654631,-0.548081,-0.17879584,0.81709194,-0.4555173,0.8831147,-0.11230454,,0.018280298,0.007333897,0.04399413,-0.6077183,-0.7295096,0.3138383,0.1635822,0.2717214,0.9483714,-0.7771226,0.6276809,-0.04579526,,0.057930693,1.3372952,0.4464868,0.99692637,0.07711462,-0.013825544,0.04289042,-0.68489033,-0.7273828,-0.065560825,0.72455406,-0.6860927,,-0.08962694,0.29929155,-0.03295013,0.71666837,0.37433243,0.58844,-0.6821197,0.551964,0.47963366,-0.14525525,-0.7451248,0.65091467,,0.029340483,0.48837957,-0.2752819,0.7073027,0.6506239,-0.27642617,-0.55360097,0.7529727,0.35574993,0.43960077,-0.09859309,0.8927657,,1.1661558322065237,0.475658563189236,0.19062074079000002,0.002306589378329768,-0.16874607721031895,0.8210888085613053,-0.4132604873197264,,-1.0058010068061258,0.26330657734668467,0.16989435998000002,1.3537582751360893,0.6192366169369762,0.6997337987809705,0.860986572593786,,0.026284658535034606,0.02909900195387546,0.07078751784,-0.11578833687890082,,3.6492944e-05,-2.3841858e-06,4.053116e-06,1.0000001,-2.1416694e-05,-2.2623688e-05,2.142787e-05,1.0,-2.026558e-06,2.2623688e-05,2.0861626e-06,1.0,190,0.587,1,1,0.564,False,-0.2587460589717643,1.0341618835108592
0.5891521840821952,14:01:29.195022,14:00:02.184301,0,,0.13140061,0.014939204,0.029267624,-0.69956064,-0.43812895,-0.5644981,-0.5463964,-0.181126,0.8177067,-0.46050623,0.8804751,-0.112683386,,0.018281475,0.007341258,0.043989778,-0.6077194,-0.72958803,0.31365356,0.1635957,0.27147043,0.94844097,-0.77711886,0.6276983,-0.045620352,,0.057930693,1.3372952,0.4464868,0.99692637,0.07711462,-0.013825544,0.04289042,-0.68489033,-0.7273828,-0.065560825,0.72455406,-0.6860927,,-0.089573085,0.29933473,-0.032994382,0.71507144,0.3788148,0.58751357,-0.6847717,0.54858553,0.47973084,-0.14057231,-0.7453545,0.65167946,,0.029340096,0.48837894,-0.27527332,0.70730376,0.65069187,-0.27626342,-0.5535915,0.7528828,0.3559551,0.43961105,-0.0988313,0.8927343,,1.1666114734461028,0.47537282207288967,0.19057148177000002,-0.0010484497174226219,-0.16382716321876312,0.8203449136338565,-0.4126071110551894,,-1.0058010068061258,0.26332974554530736,0.16990213772,1.3537582751360893,0.6192366169369762,0.6999788350013922,0.8604965403953831,,0.026284658535034606,0.02909900195387546,0.07078751784,-0.11578833687890082,,3.6492944e-05,-2.3841858e-06,4.053116e-06,1.0000001,-2.1416694e-05,-2.2623688e-05,2.142787e-05,1.0,-2.026558e-06,2.2623688e-05,2.0861626e-06,1.0,198,0.613,1,1,0.59,False,-0.25826943722359585,1.0333411200976084
0.634888474131003,14:01:29.219131,14:00:02.184301,0,,0.13138634,0.014920026,0.02927871,-0.6987989,-0.44062528,-0.5634977,-0.54424536,-0.18369913,0.8185668,-0.4641952,0.8786945,-0.111439615,,0.01827871,0.007342167,0.043987095,-0.60782856,-0.7295615,0.31350374,0.16351667,0.2713479,0.9484896,-0.7770501,0.6277821,-0.04563752,,0.057930693,1.3372952,0.4464868,0.99692637,0.07711462,-0.013825544,0.04289042,-0.68489033,-0.7273828,-0.065560825,0.72455406,-0.6860927,,-0.08955992,0.29933065,-0.033016834,0.71458524,0.38136187,0.58645636,-0.686107,0.54562396,0.48119816,-0.13647403,-0.74622893,0.6515499,,0.029343212,0.4883772,-0.27527153,0.70740074,0.65065104,-0.27611127,-0.55355513,0.7528991,0.355977,0.43950075,-0.09897557,0.8927726,,1.1666655325762225,0.4750948036894176,0.19054296339000001,-0.0025162793218142924,-0.159454795226269,0.8210268352028802,-0.4126071110551895,,-1.0057855613403774,0.26332974554530736,0.16990343401000002,1.3537582751360893,0.6190999804372107,0.7000902529050886,0.8601698522631145,,0.026284658535034606,0.02909900195387546,0.07078751784,-0.11578833687890082,,3.6492944e-05,-2.3841858e-06,4.053116e-06,1.0000001,-2.1416694e-05,-2.2623688e-05,2.142787e-05,1.0,-2.026558e-06,2.2623688e-05,2.0861626e-06,1.0,211,0.653,1,1,0.63,False,-0.2598184579051428,1.032858318089814
0.658966408111155,14:01:29.258471,14:00:02.184301,0,,0.1313872,0.0148937255,0.0292968,-0.6959011,-0.44613063,-0.5627516,-0.54225206,-0.1873362,0.8190652,-0.47083372,0.8751415,-0.1115478,,0.018280849,0.0073460117,0.043983877,-0.60782284,-0.72951484,0.31362346,0.16352308,0.2714979,0.94844556,-0.77705324,0.6277715,-0.045730114,,0.057930693,1.3372952,0.4464868,0.99692637,0.07711462,-0.013825544,0.04289042,-0.68489033,-0.7273828,-0.065560825,0.72455406,-0.6860927,,-0.08956245,0.29932654,-0.033048406,0.712147,0.38699883,0.58572906,-0.68981147,0.54073006,0.48142615,-0.13040996,-0.7468888,0.65203553,,0.02934163,0.4883759,-0.2752665,0.7073957,0.6506107,-0.27621934,-0.5535556,0.7529527,0.35586295,0.43950832,-0.09883316,0.89278466,,1.166680978041971,0.4747858943744486,0.19050277840000002,-0.007129458078473829,-0.15316951623705874,0.8212107297419815,-0.41309714325359215,,-1.0057932840732517,0.26333746827818155,0.16990861917000002,1.3537582751360893,0.6190999804372107,0.6999268954248075,0.8591897878663087,,0.026284658535034606,0.02909900195387546,0.07078751784,-0.11578833687890082,,3.6492944e-05,-2.3841858e-06,4.053116e-06,1.0000001,-2.1416694e-05,-2.2623688e-05,2.142787e-05,1.0,-2.026558e-06,2.2623688e-05,2.0861626e-06,1.0,219,0.678,1,1,0.655,False,-0.2588652144088064,1.0331962794952703
0.6983444539364427,14:01:29.279615,14:00:02.184301,0,,0.13138443,0.014875233,0.029349998,-0.69361264,-0.45079923,-0.56185573,-0.53947127,-0.19180012,0.81986797,-0.47735977,0.8717756,-0.110158294,,0.018280856,0.0073505715,0.043983757,-0.607824,-0.72951645,0.31361747,0.16353656,0.27147928,0.94844866,-0.7770495,0.62777764,-0.045708984,,0.057930693,1.3372952,0.4464868,0.99692637,0.07711462,-0.013825544,0.04289042,-0.68489033,-0.7273828,-0.065560825,0.72455406,-0.6860927,,-0.08956338,0.29935387,-0.033097718,0.71032643,0.39177185,0.5847659,-0.6928873,0.53539705,0.48296702,-0.123869084,-0.7482411,0.65176046,,0.029341778,0.48837787,-0.2752624,0.70739675,0.6506109,-0.27621603,-0.5535461,0.7529499,0.35588363,0.4395186,-0.098852605,0.89277744,,1.1668354326994554,0.4745696578539704,0.19044574164000003,-0.010903877061195267,-0.14647432774855218,0.8222855516721018,-0.4137505195181294,,-1.0057932840732517,0.26336063647680424,0.16991121175,1.3537582751360893,0.6190999804372107,0.6999268954248076,0.8588630997340403,,0.026284658535034606,0.02909900195387546,0.07078751784,-0.11578833687890082,,3.6492944e-05,-2.3841858e-06,4.053116e-06,1.0000001,-2.1416694e-05,-2.2623688e-05,2.142787e-05,1.0,-2.026558e-06,2.2623688e-05,2.0861626e-06,1.0,232,0.718,1,1,0.695,False,-0.259580147031059,1.0332445596960498
0.7194756581448019,14:01:29.325150,14:00:02.184301,0,,0.13123351,0.014744148,0.029618427,-0.6903262,-0.45454997,-0.56288034,-0.53381705,-0.20513797,0.8203401,-0.4883536,0.8667772,-0.1010344,,0.018428631,0.0073489957,0.044003963,-0.6077771,-0.729584,0.31355113,0.16350812,0.27141243,0.9484726,-0.7770921,0.62772816,-0.045665324,,0.057921827,1.3372954,0.4464947,0.99692595,0.07712128,-0.013818463,0.042900126,-0.68488955,-0.7273829,-0.065560825,0.72455406,-0.6860927,,-0.0894246,0.29946572,-0.033377394,0.70785296,0.39554483,0.58522516,-0.69739896,0.522903,0.4901093,-0.11215584,-0.75506073,0.645991,,0.029200662,0.4883757,-0.27525422,0.7073555,0.65067786,-0.27616382,-0.553597,0.752887,0.35593748,0.4395208,-0.098890886,0.89277214,,1.1684494838701682,0.4736506526419376,0.19017870590000002,-0.01677519547876195,-0.13390376977013163,0.8298410698826737,-0.4121170788567865,,-1.0058010068061258,0.26343014107267226,0.16991769320000003,1.3537582751360893,0.6190999804372107,0.6998452166846669,0.8590264438001746,,0.026284658535034606,0.02909900195387546,0.07078751784,-0.11578833687890082,,2.7149916e-05,2.3841858e-06,-1.4305115e-06,1.0000001,-1.4744699e-05,-1.5571713e-05,1.4744699e-05,1.0,-1.4007092e-06,1.5567988e-05,1.4305115e-06,1.0,240,0.744,1,1,0.721,False,-0.2585077480976805,1.0336790815030648
0.7650252559687942,14:01:29.347025,14:00:02.184301,0,,0.13107063,0.014722988,0.029775873,-0.6888965,-0.45811713,-0.56173885,-0.5308804,-0.20878595,0.8213248,-0.49354613,0.8640238,-0.09937352,,0.018421732,0.007353019,0.044005394,-0.60771817,-0.7295807,0.31367308,0.16358994,0.27150035,0.9484334,-0.77712107,0.6276939,-0.045643628,,0.057921827,1.3372954,0.4464947,0.99692595,0.07712128,-0.013818463,0.042900126,-0.68488955,-0.7273829,-0.065560825,0.72455406,-0.6860927,,-0.08927227,0.29957402,-0.033507146,0.7068099,0.39919809,0.584004,-0.6993507,0.5185348,0.4919657,-0.10643459,-0.7561498,0.64568496,,0.029207442,0.48837948,-0.27525187,0.7073033,0.6506817,-0.27628866,-0.55359167,0.7528961,0.35592663,0.4396116,-0.09879698,0.8927378,,1.169607893801302,0.4731641204708615,0.19004778061000002,-0.019501164744060762,-0.12775512728068683,0.8298096673649089,-0.412933799187458,,-1.0057546704088807,0.26346103200416915,0.16991769320000003,1.3537582751360893,0.6192366169369762,0.6997337987809706,0.8590264438001746,,0.026284658535034606,0.02909900195387546,0.07078751784,-0.11578833687890082,,2.7149916e-05,2.3841858e-06,-1.4305115e-06,1.0000001,-1.4744699e-05,-1.5571713e-05,1.4744699e-05,1.0,-1.4007092e-06,1.5567988e-05,1.4305115e-06,1.0,253,0.784,1,1,0.761,False,-0.2599376133421849,1.033823922105403
0.7868904680944979,14:01:29.391929,14:00:02.406384,0,,0.13046795,0.014663577,0.030300334,-0.6835642,-0.46379986,-0.5635868,-0.5264689,-0.2215068,0.8208321,-0.5055401,0.85780203,-0.09276202,,0.018403746,0.0073680542,0.044006765,-0.6078083,-0.72955734,0.3135528,0.1636217,0.27132523,0.948478,-0.77704394,0.6277968,-0.04554227,,0.057921827,1.3372954,0.4464947,0.99692595,0.07712128,-0.013818463,0.042900126,-0.68488955,-0.7273829,-0.065560825,0.72455406,-0.6860927,,-0.08870463,0.2999441,-0.033934493,0.70232517,0.40498596,0.5854278,-0.70550627,0.50560075,0.49661732,-0.09486972,-0.7618098,0.6408163,,0.029225554,0.48838928,-0.27524057,0.70738363,0.65064,-0.27618116,-0.5534998,0.75290585,0.35604882,0.43959802,-0.09899689,0.89272237,,1.173770446820509,0.47171224669050726,0.18962907894000003,-0.02893721220086436,-0.11504793280250085,0.8336599031055996,-0.4142405517165322,,-1.0056465521486415,0.26356142753153405,0.16992028578,1.3537582751360893,0.6192366169369762,0.6998154775211112,0.8595164759985774,,0.026284658535034606,0.02909900195387546,0.07078751784,-0.11578833687890082,,2.7149916e-05,2.3841858e-06,-1.4305115e-06,1.0000001,-1.4744699e-05,-1.5571713e-05,1.4744699e-05,1.0,-1.4007092e-06,1.5567988e-05,1.4305115e-06,1.0,261,0.808,1,1,0.787,False,-0.2586269035347226,1.033823922105403
0.8318041660822928,14:01:29.419578,14:00:02.406384,0,,0.13021646,0.014647424,0.030476019,-0.68205005,-0.46466663,-0.56470597,-0.5264463,-0.22401083,0.8201667,-0.5076043,0.85668194,-0.09183547,,0.018401258,0.0073713623,0.04400587,-0.6077303,-0.7295649,0.31368616,0.16370025,0.27142924,0.9484347,-0.7770883,0.627743,-0.04552579,,0.057921827,1.3372954,0.4464947,0.99692595,0.07712128,-0.013818463,0.042900126,-0.68488955,-0.7273829,-0.065560825,0.72455406,-0.6860927,,-0.088464916,0.30007216,-0.034077685,0.7009427,0.4058675,0.5864733,-0.7070763,0.5031246,0.4968991,-0.09339395,-0.76297915,0.6396408,,0.029228238,0.48839024,-0.27523744,0.70731443,0.6506576,-0.2763168,-0.5535116,0.75290585,0.35603037,0.43969443,-0.09888086,0.89268774,,1.175392220724096,0.4711562099235631,0.18949296849000002,-0.03166318146616318,-0.11313502180578469,0.833896984736942,-0.4122804229229208,,-1.0056233839500188,0.2635768729972825,0.16992287836000003,1.3537582751360893,0.6193732534367417,0.6997040596174147,0.8595164759985774,,0.026284658535034606,0.02909900195387546,0.07078751784,-0.11578833687890082,,2.7149916e-05,2.3841858e-06,-1.4305115e-06,1.0000001,-1.4744699e-05,-1.5571713e-05,1.4744699e-05,1.0,-1.4007092e-06,1.5567988e-05,1.4305115e-06,1.0,274,0.849,1,1,0.826,False,-0.2589843698458485,1.0336308013022852
0.8594549889676273,14:01:29.454518,14:00:02.406384,0,,0.12958486,0.014567986,0.03100492,-0.6768293,-0.4697124,-0.5668092,-0.5245558,-0.23247167,0.8190227,-0.51647216,0.8516614,-0.08904672,,0.018399253,0.0073720627,0.044004083,-0.6077425,-0.729557,0.31368122,0.16369641,0.2714268,0.948436,-0.7770796,0.6277533,-0.04553166,,0.057921827,1.3372954,0.4464947,0.99692595,0.07712128,-0.013818463,0.042900126,-0.68488955,-0.7273829,-0.065560825,0.72455406,-0.6860927,,-0.08786912,0.30043313,-0.034524538,0.69632244,0.4110352,0.58837503,-0.71258324,0.49390584,0.49827915,-0.08579159,-0.7662291,0.63681453,,0.029230474,0.4883892,-0.2752362,0.7073252,0.6506483,-0.27631107,-0.5535044,0.7529131,0.35602626,0.43968612,-0.09888696,0.89269114,,1.179647446537794,0.46974294980758,0.18906389650000002,-0.04067984903599772,-0.10452692232056193,0.8344737796371398,-0.41244376698905505,,-1.0056079384842702,0.2635768729972825,0.16992417465,1.3537582751360893,0.6193732534367417,0.6997040596174147,0.8595164759985774,,0.026284658535034606,0.02909900195387546,0.07078751784,-0.11578833687890082,,2.7149916e-05,2.3841858e-06,-1.4305115e-06,1.0000001,-1.4744699e-05,-1.5571713e-05,1.4744699e-05,1.0,-1.4007092e-06,1.5567988e-05,1.4305115e-06,1.0,295,0.915,1,1,0.892,False,-0.2588652144088064,1.0337756419046236
0.8943940710742027,14:01:29.519780,14:00:02.406384,0,,0.12885818,0.01442714,0.03159441,-0.66739994,-0.47966066,-0.5696518,-0.5196142,-0.248016,0.8176119,-0.53345895,0.84167314,-0.08371264,,0.018399924,0.0073752515,0.04400164,-0.60774285,-0.72955745,0.31367925,0.16370092,0.27142063,0.94843704,-0.7770784,0.6277554,-0.045524627,,0.057921827,1.3372954,0.4464947,0.99692595,0.07712128,-0.013818463,0.042900126,-0.68488955,-0.7273829,-0.065560825,0.72455406,-0.6860927,,-0.08718348,0.30080128,-0.035062872,0.68807,0.42125332,0.5908513,-0.72223306,0.476422,0.5013995,-0.07027838,-0.7717303,0.6320548,,0.029230213,0.48838836,-0.2752322,0.7073256,0.65064836,-0.27631,-0.55350125,0.7529122,0.35603315,0.43968955,-0.09889344,0.89268875,,1.1843505908581966,0.4675728618699229,0.18854278792,-0.055777524966883485,-0.08758399634964732,0.8376471375280204,-0.4127704551213237,,-1.0056079384842702,0.26358459573015675,0.16992806352,1.3537582751360893,0.6193732534367417,0.6997040596174147,0.8595164759985774,,0.026284658535034606,0.02909900195387546,0.07078751784,-0.11578833687890082,,2.7149916e-05,2.3841858e-06,-1.4305115e-06,1.0000001,-1.4744699e-05,-1.5571713e-05,1.4744699e-05,1.0,-1.4007092e-06,1.5567988e-05,1.4305115e-06,1.0,299,0.927,1,1,0.904,False,-0.259282258438454,1.0340653231093004
0.9596414670813829,14:01:29.541936,14:00:02.559733,0,,0.1286262,0.01439026,0.031733736,-0.6623559,-0.48696074,-0.5693454,-0.51619524,-0.2541471,0.8178947,-0.5429801,0.8356306,-0.083031,,0.018400416,0.007374894,0.04399991,-0.6077425,-0.729557,0.31368122,0.16369641,0.2714268,0.948436,-0.7770796,0.6277533,-0.04553166,,0.057921827,1.3372954,0.4464947,0.99692595,0.07712128,-0.013818463,0.042900126,-0.68488955,-0.7273829,-0.065560825,0.72455406,-0.6860927,,-0.0869614,0.30088782,-0.03519623,0.6836987,0.42878294,0.5905093,-0.7272009,0.46806917,0.5020857,-0.06111342,-0.7726943,0.6318296,,0.029229943,0.48838663,-0.27523172,0.7073252,0.6506483,-0.27631107,-0.5535044,0.7529131,0.35602626,0.43968612,-0.09888696,0.89269114,,1.18570979184406,0.46652257019902843,0.18841186263,-0.06332636293232637,-0.07774616836653561,0.837302850035091,-0.41358717545199497,,-1.0056079384842702,0.2635768729972825,0.16992935981,1.3537582751360893,0.6193732534367417,0.6997040596174147,0.8595164759985774,,0.026284658535034606,0.02909900195387546,0.07078751784,-0.11578833687890082,,2.7149916e-05,2.3841858e-06,-1.4305115e-06,1.0000001,-1.4744699e-05,-1.5571713e-05,1.4744699e-05,1.0,-1.4007092e-06,1.5567988e-05,1.4305115e-06,1.0,316,0.981,1,1,0.958,False,-0.2594014138754961,1.0337273617038443
0.9818117739632726,14:01:29.588100,14:00:02.559733,0,,0.12810117,0.014222205,0.031930998,-0.65147066,-0.50043017,-0.57022446,-0.509884,-0.26775226,0.81751275,-0.56178683,0.82333374,-0.08072856,,0.018398292,0.007377755,0.044001162,-0.6076273,-0.7297886,0.31336546,0.16341957,0.27123117,0.94853973,-0.77722794,0.62756866,-0.045545697,,0.057921827,1.3372954,0.4464947,0.99692595,0.07712128,-0.013818463,0.042900126,-0.68488955,-0.7273829,-0.065560825,0.72455406,-0.6860927,,-0.086453274,0.3009394,-0.035482462,0.67413515,0.44269863,0.59123576,-0.7373385,0.4502737,0.5035728,-0.043286897,-0.77541703,0.62996405,,0.029231973,0.48838928,-0.2752299,0.70722175,0.6508957,-0.27599314,-0.55377257,0.75268453,0.3560926,0.43951494,-0.09899899,0.892763,,1.1881347299665665,0.46369604996706226,0.18813056770000003,-0.07905310869366569,-0.05793387590054675,0.8383814681687685,-0.4122804229229209,,-1.0056002157513961,0.26358459573015675,0.16992935981,1.3533388952491203,0.6193732534367417,0.6997040596174147,0.8595164759985774,,0.026284658535034606,0.02909900195387546,0.07078751784,-0.11578833687890082,,2.7149916e-05,2.3841858e-06,-1.4305115e-06,1.0000001,-1.4744699e-05,-1.5571713e-05,1.4744699e-05,1.0,-1.4007092e-06,1.5567988e-05,1.4305115e-06,1.0,329,1.021,1,1,0.998,False,-0.2598184579051428,1.0334376804991676
1.0279774609953165,14:01:29.629107,14:00:02.559733,0,,0.12781365,0.014142051,0.032014325,-0.6378153,-0.521011,-0.5672208,-0.503007,-0.2759235,0.8190544,-0.5832459,0.80772126,-0.08608395,,0.018397622,0.007377427,0.043999135,-0.60763305,-0.729784,0.31336498,0.16341312,0.27123618,0.9485394,-0.77722484,0.62757176,-0.04555568,,0.057921827,1.3372954,0.4464947,0.99692595,0.07712128,-0.013818463,0.042900126,-0.68488955,-0.7273829,-0.065560825,0.72455406,-0.6860927,,-0.086173214,0.3009572,-0.03561395,0.66198367,0.46403047,0.5886029,-0.74916166,0.43386376,0.50051874,-0.023117494,-0.7722939,0.63484454,,0.029232888,0.48838738,-0.27522933,0.7072268,0.65089095,-0.27599138,-0.55377215,0.75268906,0.35608366,0.43950734,-0.09899557,0.89276713,,1.1893703672264424,0.4615722984266505,0.18799964241000003,-0.09750582372030382,-0.036618581937138045,0.8316185114103998,-0.4122804229229209,,-1.0055924930185218,0.2635768729972825,0.16993065610000002,1.3533388952491203,0.6193732534367417,0.6997040596174147,0.8595164759985774,,0.026284658535034606,0.02909900195387546,0.07078751784,-0.11578833687890082,,2.7149916e-05,2.3841858e-06,-1.4305115e-06,1.0000001,-1.4744699e-05,-1.5571713e-05,1.4744699e-05,1.0,-1.4007092e-06,1.5567988e-05,1.4305115e-06,1.0,338,1.05,1,1,1.027,False,-0.259282258438454,1.0335342409007262
1.0689749571029097,14:01:29.662166,14:00:02.559733,0,,0.1276943,0.014140099,0.03216414,-0.62608856,-0.5402014,-0.56231284,-0.48828083,-0.29063675,0.8228682,-0.6079433,0.7897548,-0.08180565,,0.018398397,0.0073778145,0.043996394,-0.6076327,-0.72978354,0.31336698,0.16340864,0.27124238,0.9485384,-0.7772261,0.62756974,-0.045562685,,0.057921827,1.3372954,0.4464947,0.99692595,0.07712128,-0.013818463,0.042900126,-0.68488955,-0.7273829,-0.065560825,0.72455406,-0.6860927,,-0.08606344,0.30107126,-0.03572186,0.65212274,0.48398286,0.58352077,-0.7580973,0.411293,0.5060895,0.0049406122,-0.772398,0.6351196,,0.029232483,0.48838502,-0.27522773,0.70722646,0.6508909,-0.27599248,-0.5537753,0.75269,0.35607678,0.4395039,-0.098989084,0.8927696,,1.1902275905754813,0.4601281473791705,0.18789464292000002,-0.11260349965118958,-0.007924916986395546,0.8307640839129465,-0.4135871754519951,,-1.0055924930185218,0.2635691502644083,0.16993324868,1.3533388952491203,0.6193732534367417,0.6997040596174147,0.8595164759985774,,0.026284658535034606,0.02909900195387546,0.07078751784,-0.11578833687890082,,2.7149916e-05,2.3841858e-06,-1.4305115e-06,1.0000001,-1.4744699e-05,-1.5571713e-05,1.4744699e-05,1.0,-1.4007092e-06,1.5567988e-05,1.4305115e-06,1.0,352,1.095,1,1,1.072,False,-0.2593418361569748,1.0334859606999471
