Task Time,PC1 Time,PC2 Time,Gaze Calib,s_T_psm1,Tx,Ty,Tz,R00,R01,R02,R10,R11,R12,R20,R21,R22,s_T_psm3,Tx,Ty,Tz,R00,R01,R02,R10,R11,R12,R20,R21,R22,cart_T_ecm,Tx,Ty,Tz,R00,R01,R02,R10,R11,R12,R20,R21,R22,ecm_T_psm1,Tx,Ty,Tz,R00,R01,R02,R10,R11,R12,R20,R21,R22,ecm_T_psm3,Tx,Ty,Tz,R00,R01,R02,R10,R11,R12,R20,R21,R22,psm1_joints,q1,q2,q3,q4,q5,q6,jaw,psm3_joints,q1,q2,q3,q4,q5,q6,jaw,ecm_joints,q1,q2,q3,q4,ecmi_T_ecm,Tx,Ty,Tz,R00,R01,R02,R10,R11,R12,R20,R21,R22,Sample #,Task Duration (s),Collisions (binary),Collisions (increments),Cumulative Collision Time (s),Clutch Press,MTMR Angle,MTML Angle
""
lci_T_si,,,,,-0.060449902,0.028989637,0.2531565,0.99598145,-0.006817275,0.089299574,0.061369892,-0.674251,-0.7359479,0.065227486,0.7384708,-0.67112315
rci_T_si,,,,,-0.070302054,0.033551246,0.263737,0.9935428,-0.022055382,0.11129344,0.070708275,-0.6467685,-0.7594016,0.088729985,0.7623674,-0.6410327
ecm_T_lc,,,,,-4.4061628e-05,-0.00034663224,-0.01840835,-0.99912,0.030754527,0.028518902,-0.031987965,-0.99852574,-0.043852776,0.027128186,-0.04472645,0.9986309
ecm_T_rc,,,,,-0.0043358393,0.01870579,-0.007592615,-0.99555075,-0.052743673,-0.078081585,0.04863213,-0.9973746,0.053654674,-0.08070653,0.04961868,0.9955021
cart_T_ecmi,,,,,0.05789456,1.3372948,0.4464937,0.99692506,0.077136,-0.013802834,0.042921547,-0.6848879,-0.7273832,-0.065560825,0.72455406,-0.6860927
ecmac_T_ecmrep_psm1,,,,,-0.0025980123,-0.29326126,-0.2805022,0.9974786,0.061531033,0.035360787,-0.060258932,0.9975341,-0.035980776,-0.037487525,0.033759248,0.99872667
ecmac_T_ecmrep_psm3,,,,,-0.0114122145,-0.5209516,-0.5025674,0.9999053,0.010122195,-0.009323479,-0.0077519584,0.9740634,0.22614253,0.011370718,-0.22604884,0.9740496
""
0,13:58:53.007262,13:57:25.969556,0,,0.1257897,0.00519678,0.01865901,-0.4851677,-0.5563274,-0.6746201,-0.5304606,-0.42607176,0.73285365,-0.695143,0.71341616,-0.08839345,,0.020520732,0.008641373,0.043580472,-0.7170909,-0.65963507,0.22508271,-0.09838314,0.41550505,0.9042545,-0.6900011,0.62628835,-0.36285186,,0.057879247,1.3372922,0.4464892,0.9969239,0.077153385,-0.013784369,0.042946853,-0.6848859,-0.72738355,-0.065560825,0.72455406,-0.6860927,,-0.08348045,0.28511715,-0.03351867,0.5160442,0.501969,0.6940645,-0.8556477,0.26466593,0.44476843,0.03956472,-0.82339483,0.5660879,,0.027256388,0.48837867,-0.27374005,0.7965801,0.58587027,-0.14905119,-0.5835194,0.8095953,0.06372217,0.15800406,0.036214452,0.98677415,,1.1293570100608439,0.38470793812949394,0.19026944620000003,-0.2547732813336971,0.10562001431868547,0.9531542499911801,-0.4126071110551893,,-1.0341588819202783,0.26743051670152057,0.17036620954,1.2176695018146328,0.32300868544550126,0.4808647558224629,0.8627833573212631,,0.026284658535034606,0.02909900195387546,0.07078751784,-0.11578833687890082,,-1.5079975e-05,-2.6226044e-06,5.2452087e-06,1.0,1.7419457e-05,1.8391758e-05,-1.7415732e-05,1.0,1.6987324e-06,-1.8391758e-05,-1.6391277e-06,1.0,35,0.104,0,0,0.0,False,-0.2607121236829584,1.0359965311404788
0.12650406290777028,13:58:53.040727,13:57:26.049853,0,,0.12560089,0.005407989,0.018769875,-0.482548,-0.55725497,-0.6757324,-0.52460456,-0.4339187,0.7324648,-0.7013826,0.7079417,-0.08295196,,0.020522065,0.008642536,0.043581724,-0.7172766,-0.6593026,0.22546455,-0.09806131,0.41587043,0.9041216,-0.6898537,0.62639594,-0.3629462,,0.057879247,1.3372922,0.4464892,0.9969239,0.077153385,-0.013784369,0.042946853,-0.6848859,-0.72738355,-0.065560825,0.72455406,-0.6860927,,-0.08329448,0.28534663,-0.033445865,0.5139399,0.5030688,0.6948291,-0.85646963,0.25538665,0.448595,0.04822405,-0.82565093,0.56211656,,0.027254947,0.48838016,-0.27373946,0.796755,0.5855379,-0.14942157,-0.5832248,0.80982196,0.06353981,0.15820985,0.036520697,0.9867299,,1.1309556157658083,0.38448397887614144,0.19034851989,-0.257918630485965,0.11409147730414278,0.9560477887788694,-0.41260711105518943,,-1.0341666046531526,0.267445962167269,0.17036620954,1.218088881701602,0.32300868544550126,0.4806197196020412,0.860986572593786,,0.026284658535034606,0.02909900195387546,0.07078751784,-0.11578833687890082,,-1.5079975e-05,-2.6226044e-06,5.2452087e-06,1.0,1.7419457e-05,1.8391758e-05,-1.7415732e-05,1.0,1.6987324e-06,-1.8391758e-05,-1.6391277e-06,1.0,43,0.128,0,0,0.0,False,-0.26095043455704303,1.0366724539513914
0.15994997299276292,13:58:53.061851,13:57:26.049853,0,,0.12545836,0.005511418,0.018818453,-0.48331234,-0.55508536,-0.67697084,-0.52179223,-0.43826723,0.73188436,-0.7029524,0.7069668,-0.07781932,,0.020521462,0.008641925,0.04358065,-0.7174411,-0.65914094,0.22541401,-0.097988114,0.41585332,0.9041373,-0.68969315,0.62657744,-0.36293826,,0.057879247,1.3372922,0.4464892,0.9969239,0.077153385,-0.013784369,0.042946853,-0.6848859,-0.72738355,-0.065560825,0.72455406,-0.6860927,,-0.083153084,0.28545636,-0.03340926,0.514859,0.5008728,0.6957346,-0.85573745,0.25169048,0.45206782,0.05131871,-0.8281174,0.5582007,,0.027255666,0.488379,-0.27373958,0.79689956,0.5853538,-0.14937203,-0.58303267,0.80995876,0.06355912,0.15818976,0.036438532,0.9867362,,1.1319595710394574,0.38421368322554356,0.19039000117000002,-0.2572895606555114,0.1172341167987479,0.959774439984675,-0.4121170788567866,,-1.0341666046531526,0.267445962167269,0.17036620954,1.2182985716450865,0.3228720489457358,0.4807311375057376,0.8613132607260544,,0.026284658535034606,0.02909900195387546,0.07078751784,-0.11578833687890082,,-1.5079975e-05,-2.6226044e-06,5.2452087e-06,1.0,1.7419457e-05,1.8391758e-05,-1.7415732e-05,1.0,1.6987324e-06,-1.8391758e-05,-1.6391277e-06,1.0,51,0.152,0,0,0.0,False,-0.26160578946077395,1.0360930915420377
0.18109417287632823,13:58:53.081015,13:57:26.049853,0,,0.12529968,0.0055930465,0.018859163,-0.4806351,-0.55587274,-0.6782297,-0.5206639,-0.44144315,0.73077846,-0.7056196,0.70436734,-0.077249825,,0.020521462,0.008641925,0.04358065,-0.7174411,-0.65914094,0.22541401,-0.097988114,0.41585332,0.9041373,-0.68969315,0.62657744,-0.36293826,,0.057879247,1.3372922,0.4464892,0.9969239,0.077153385,-0.013784369,0.042946853,-0.6848859,-0.72738355,-0.065560825,0.72455406,-0.6860927,,-0.08299556,0.2855462,-0.03338461,0.5123765,0.50175273,0.6969322,-0.8570561,0.24766248,0.4517944,0.054085117,-0.82879883,0.55692667,,0.027255666,0.488379,-0.27373958,0.79689956,0.5853538,-0.14937203,-0.58303267,0.80995876,0.06355912,0.15818976,0.036438532,0.9867362,,1.1329249126487355,0.38381982384895813,0.19042111213000001,-0.2606445997512638,0.12010348329382216,0.9600483836915481,-0.4127704551213238,,-1.0341666046531526,0.267445962167269,0.17036620954,1.2182985716450865,0.3228720489457358,0.4807311375057376,0.8613132607260544,,0.026284658535034606,0.02909900195387546,0.07078751784,-0.11578833687890082,,-1.5079975e-05,-2.6226044e-06,5.2452087e-06,1.0,1.7419457e-05,1.8391758e-05,-1.7415732e-05,1.0,1.6987324e-06,-1.8391758e-05,-1.6391277e-06,1.0,58,0.174,0,0,0.0,False,-0.26148663402373185,1.0364793331482736
0.20025184890255332,13:58:53.105391,13:57:26.049853,0,,0.12507287,0.0056651086,0.018892765,-0.47553745,-0.55780536,-0.68023336,-0.52086306,-0.44460967,0.72871387,-0.7089188,0.7008391,-0.079111665,,0.020522371,0.008641686,0.04357916,-0.71763194,-0.6588394,0.22568749,-0.097675174,0.41608196,0.90406597,-0.68953884,0.62674266,-0.36294597,,0.057879247,1.3372922,0.4464892,0.9969239,0.077153385,-0.013784369,0.042946853,-0.6848859,-0.72738355,-0.065560825,0.72455406,-0.6860927,,-0.08276979,0.2856266,-0.0333662,0.50749004,0.5038332,0.6990036,-0.85980844,0.24298625,0.4490959,0.05642117,-0.82892084,0.55651313,,0.027254952,0.48837745,-0.27373904,0.79707843,0.5850406,-0.14964426,-0.5827353,0.8101779,0.06349236,0.15838408,0.036594607,0.9866992,,1.1341142135113662,0.3831402233560264,0.19044963051000002,-0.2669352980557995,0.12269957678936552,0.9588299096628623,-0.41375051951812936,,-1.0341666046531526,0.267445962167269,0.17036750583000002,1.2187179515320554,0.3228720489457358,0.48064945876559706,0.8614766047921887,,0.026284658535034606,0.02909900195387546,0.07078751784,-0.11578833687890082,,-1.5079975e-05,-2.6226044e-06,5.2452087e-06,1.0,1.7419457e-05,1.8391758e-05,-1.7415732e-05,1.0,1.6987324e-06,-1.8391758e-05,-1.6391277e-06,1.0,66,0.198,0,0,0.0,False,-0.26160578946077395,1.0367207341521705
0.22459513088688254,13:58:53.123912,13:57:26.049853,0,,0.1249544,0.0056888163,0.018914163,-0.47500658,-0.56013674,-0.6786868,-0.51814675,-0.4453448,0.73020005,-0.7112614,0.69850904,-0.078691304,,0.020524025,0.008640137,0.043578625,-0.71772283,-0.6587006,0.22580409,-0.09752004,0.41616654,0.9040438,-0.68946636,0.62683254,-0.3629287,,0.057879247,1.3372922,0.4464892,0.9969239,0.077153385,-0.013784369,0.042946853,-0.6848859,-0.72738355,-0.065560825,0.72455406,-0.6860927,,-0.08265241,0.28566214,-0.033369526,0.5071626,0.5062885,0.6974655,-0.8597571,0.24083655,0.4503504,0.06003206,-0.82805175,0.5574284,,0.027253339,0.48837614,-0.27374005,0.79716384,0.584894,-0.14976273,-0.5825918,0.8102817,0.063485876,0.1584825,0.03664189,0.98668164,,1.1346856957440588,0.38263052298632755,0.19045481567000003,-0.2675643678862531,0.12666203528256328,0.9569056502979152,-0.41326048731972653,,-1.0341743273860267,0.26743823943439476,0.17036750583000002,1.2189276414755401,0.3228720489457358,0.480649458765597,0.8618032929244573,,0.026284658535034606,0.02909900195387546,0.07078751784,-0.11578833687890082,,-1.5079975e-05,-2.6226044e-06,5.2452087e-06,1.0,1.7419457e-05,1.8391758e-05,-1.7415732e-05,1.0,1.6987324e-06,-1.8391758e-05,-1.6391277e-06,1.0,74,0.222,0,0,0.0,False,-0.26136747858668974,1.0368172945537295
0.24314928194507957,13:58:53.154014,13:57:26.180289,0,,0.124848045,0.005696714,0.018924475,-0.47317928,-0.562407,-0.67808545,-0.516392,-0.44654262,0.73071134,-0.71375126,0.69591516,-0.07912779,,0.020524971,0.008641195,0.043579638,-0.7177177,-0.65868676,0.22586054,-0.09751448,0.4162353,0.9040128,-0.68947244,0.6268013,-0.36297095,,0.057879247,1.3372922,0.4464892,0.9969239,0.077153385,-0.013784369,0.042946853,-0.6848859,-0.72738355,-0.065560825,0.72455406,-0.6860927,,-0.082546756,0.2856785,-0.033376556,0.50553036,0.50868946,0.6969032,-0.8604985,0.23817995,0.45034727,0.063098565,-0.82734835,0.5581337,,0.027252294,0.48837742,-0.2737395,0.79715973,0.5848864,-0.14981419,-0.58259517,0.8102837,0.063428685,0.15849057,0.03671823,0.9866775,,1.1351258915178895,0.3821208226166287,0.19045611196,-0.26966126732109835,0.13007794777669932,0.9552637050674726,-0.41358717545199486,,-1.034182050118901,0.267445962167269,0.17036750583000002,1.2189276414755401,0.3228720489457358,0.48056778002545647,0.8619666369905916,,0.026284658535034606,0.02909900195387546,0.07078751784,-0.11578833687890082,,-1.5079975e-05,-2.6226044e-06,5.2452087e-06,1.0,1.7419457e-05,1.8391758e-05,-1.7415732e-05,1.0,1.6987324e-06,-1.8391758e-05,-1.6391277e-06,1.0,85,0.256,0,0,0.0,False,-0.2599376133421849,1.0362862123451555
0.2732239819597453,13:58:53.186667,13:57:26.180289,0,,0.12468444,0.0056509823,0.018890843,-0.46902654,-0.5617352,-0.68151873,-0.51833385,-0.44970706,0.72738814,-0.71508324,0.69441855,-0.08024186,,0.020524308,0.00863969,0.043578386,-0.71781814,-0.65854055,0.22596768,-0.09736352,0.4163177,0.9039911,-0.68938917,0.6269003,-0.36295822,,0.057879247,1.3372922,0.4464892,0.9969239,0.077153385,-0.013784369,0.042946853,-0.6848859,-0.72738355,-0.065560825,0.72455406,-0.6860927,,-0.08238237,0.28562823,-0.033397563,0.50142825,0.50804526,0.7003283,-0.8629189,0.23493348,0.4474117,0.062774844,-0.8286714,0.55620414,,0.027253067,0.4883757,-0.27374032,0.79725313,0.5847312,-0.1499227,-0.58244306,0.8103938,0.06341933,0.15857969,0.03676017,0.9866616,,1.135550641825972,0.3812790447333383,0.19044574164000003,-0.2746938259647269,0.13035122077623018,0.9566744440628909,-0.412933799187458,,-1.0341743273860267,0.26743823943439476,0.17036750583000002,1.2191373314190246,0.3228720489457358,0.4805677800254564,0.86229332512286,,0.026284658535034606,0.02909900195387546,0.07078751784,-0.11578833687890082,,-1.5079975e-05,-2.6226044e-06,5.2452087e-06,1.0,1.7419457e-05,1.8391758e-05,-1.7415732e-05,1.0,1.6987324e-06,-1.8391758e-05,-1.6391277e-06,1.0,93,0.28,0,0,0.0,False,-0.2602950796533112,1.0369138549552883
0.3058480138424784,13:58:53.210965,13:57:26.180289,0,,0.12464839,0.005635962,0.018899828,-0.46846735,-0.5647197,-0.67943364,-0.5156797,-0.44966096,0.72930074,-0.71736515,0.69202363,-0.08056301,,0.020525753,0.008639183,0.043578565,-0.7179086,-0.65840256,0.2260822,-0.09720491,0.41639605,0.903972,-0.68931735,0.6269931,-0.36293426,,0.057879247,1.3372922,0.4464892,0.9969239,0.077153385,-0.013784369,0.042946853,-0.6848859,-0.72738355,-0.065560825,0.72455406,-0.6860927,,-0.082347274,0.28562605,-0.033416796,0.50106746,0.5111727,0.6983079,-0.8628648,0.23327772,0.44838142,0.06630067,-0.8272146,0.5579608,,0.027251601,0.48837546,-0.2737407,0.7973384,0.5845849,-0.15003987,-0.5822986,0.8104975,0.06342037,0.15868153,0.036800504,0.98664373,,1.1356278691547141,0.38094696721974664,0.19043277874000003,-0.27511320585169596,0.13417704276966252,0.9542081726805156,-0.4122804229229208,,-1.034182050118901,0.26743823943439476,0.17036750583000002,1.2193470213625093,0.3228720489457358,0.4805677800254564,0.86229332512286,,0.026284658535034606,0.02909900195387546,0.07078751784,-0.11578833687890082,,-1.5079975e-05,-2.6226044e-06,5.2452087e-06,1.0,1.7419457e-05,1.8391758e-05,-1.7415732e-05,1.0,1.6987324e-06,-1.8391758e-05,-1.6391277e-06,1.0,101,0.304,0,0,0.0,False,-0.26053339052739544,1.036431052947494
0.3301910508889705,13:58:53.232008,13:57:26.180289,0,,0.12462904,0.0056368113,0.018932253,-0.46473113,-0.5667007,-0.68034935,-0.51354325,-0.45342827,0.7284753,-0.7213171,0.68793386,-0.08030307,,0.020526052,0.008638706,0.043578327,-0.71800387,-0.6582609,0.226192,-0.09704836,0.41647333,0.90395325,-0.6892401,0.6270905,-0.36291263,,0.057879247,1.3372922,0.4464892,0.9969239,0.077153385,-0.013784369,0.042946853,-0.6848859,-0.72738355,-0.065560825,0.72455406,-0.6860927,,-0.08232996,0.2856514,-0.03343883,0.49762905,0.5133237,0.6991881,-0.8645011,0.2277843,0.44805366,0.07073249,-0.82741344,0.55712104,,0.02725133,0.48837498,-0.273741,0.79742765,0.58443433,-0.15015206,-0.5821498,0.8106044,0.06341996,0.15877871,0.03683816,0.9866267,,1.1357128192163306,0.3807616216307652,0.19041592697,-0.2790973147779019,0.13868604726192205,0.9546153188655617,-0.412933799187458,,-1.034182050118901,0.26743823943439476,0.17036750583000002,1.2195567113059935,0.3228720489457358,0.4805677800254564,0.86229332512286,,0.026284658535034606,0.02909900195387546,0.07078751784,-0.11578833687890082,,-1.5079975e-05,-2.6226044e-06,5.2452087e-06,1.0,1.7419457e-05,1.8391758e-05,-1.7415732e-05,1.0,1.6987324e-06,-1.8391758e-05,-1.6391277e-06,1.0,109,0.328,0,0,0.0,False,-0.259580147031059,1.0369138549552883
0.351223403820768,13:58:53.259833,13:57:26.180289,0,,0.1246489,0.005664766,0.01903294,-0.4598796,-0.5724462,-0.6788344,-0.50556874,-0.4596768,0.7301353,-0.7300075,0.67897177,-0.07801494,,0.020523824,0.008639272,0.04357797,-0.71810865,-0.6581129,0.22629029,-0.09689261,0.4165423,0.9039382,-0.68915296,0.6272,-0.36288887,,0.057879247,1.3372922,0.4464892,0.9969239,0.077153385,-0.013784369,0.042946853,-0.6848859,-0.72738355,-0.065560825,0.72455406,-0.6860927,,-0.08235543,0.28574434,-0.03348383,0.49349412,0.51948076,0.69756955,-0.8658059,0.21713036,0.4508154,0.08272641,-0.8264346,0.5569221,,0.027253594,0.4883752,-0.27374053,0.797525,0.58427554,-0.150253,-0.5819916,0.81071764,0.06342425,0.15887,0.03686356,0.98661107,,1.1357900465450728,0.3806380579047776,0.19038092714000002,-0.28371049353456146,0.1507100592412808,0.9537952047557385,-0.41130035852611513,,-1.0341666046531526,0.267445962167269,0.17036750583000002,1.2197664012494782,0.3228720489457358,0.4805677800254564,0.86229332512286,,0.026284658535034606,0.02909900195387546,0.07078751784,-0.11578833687890082,,-1.5079975e-05,-2.6226044e-06,5.2452087e-06,1.0,1.7419457e-05,1.8391758e-05,-1.7415732e-05,1.0,1.6987324e-06,-1.8391758e-05,-1.6391277e-06,1.0,128,0.387,0,0,0.0,False,-0.2594014138754961,1.0373483767623035
0.3790696158539504,13:58:53.322443,13:57:26.328343,0,,0.12460219,0.005654365,0.019188926,-0.4555881,-0.57437164,-0.68010056,-0.50383383,-0.46347472,0.7289326,-0.73388755,0.6747506,-0.078234345,,0.020528063,0.008637246,0.04357797,-0.7182847,-0.6578025,0.22663356,-0.096576616,0.41685367,0.9038285,-0.6890137,0.62731874,-0.36294797,,0.057879247,1.3372922,0.4464892,0.9969239,0.077153385,-0.013784369,0.042946853,-0.6848859,-0.72738355,-0.065560825,0.72455406,-0.6860927,,-0.0823187,0.285855,-0.03359797,0.4894887,0.52158374,0.6988213,-0.8676745,0.21151699,0.4498905,0.08684299,-0.82656574,0.55610013,,0.027249323,0.48837385,-0.273742,0.7976912,0.5839621,-0.15058897,-0.5817077,0.81093204,0.06328758,0.15907498,0.03711483,0.9865686,,1.1363151923805201,0.38069983976777144,0.19026944620000003,-0.2885333622347055,0.15453588123471315,0.9537792955775802,-0.4116270466583838,,-1.0341897728517753,0.26743823943439476,0.17036750583000002,1.2201857811364474,0.3228720489457358,0.48040442254517535,0.8626200132551286,,0.026284658535034606,0.02909900195387546,0.07078751784,-0.11578833687890082,,-1.5079975e-05,-2.6226044e-06,5.2452087e-06,1.0,1.7419457e-05,1.8391758e-05,-1.7415732e-05,1.0,1.6987324e-06,-1.8391758e-05,-1.6391277e-06,1.0,136,0.411,0,0,0.0,False,-0.2612483231496481,1.0373483767623035
0.44168497482314706,13:58:53.344586,13:57:26.328343,0,,0.12457887,0.0056841224,0.019264534,-0.45165575,-0.57933134,-0.6785148,-0.5010361,-0.46456057,0.7301688,-0.73822075,0.6697452,-0.080444485,,0.020529509,0.008636769,0.043578148,-0.7183751,-0.6576459,0.22680178,-0.09641793,0.4170057,0.90377533,-0.6889418,0.6273819,-0.36297536,,0.057879247,1.3372922,0.4464892,0.9969239,0.077153385,-0.013784369,0.042946853,-0.6848859,-0.72738355,-0.065560825,0.72455406,-0.6860927,,-0.08229949,0.28593186,-0.03362741,0.48589215,0.5268201,0.6974019,-0.8691599,0.20722668,0.44901913,0.09203202,-0.8243286,0.55858076,,0.027247857,0.4883736,-0.27374235,0.7977763,0.5838033,-0.1507538,-0.5815632,0.8110408,0.06322225,0.15917684,0.037235644,0.98654765,,1.1366086562297406,0.38067667156914875,0.19024481669,-0.292727161104396,0.15959143172603446,0.9499018693612342,-0.4121170788567867,,-1.0341974955846494,0.26743823943439476,0.17036750583000002,1.2203954710799318,0.3228720489457358,0.4803227438050347,0.8627833573212629,,0.026284658535034606,0.02909900195387546,0.07078751784,-0.11578833687890082,,-1.5079975e-05,-2.6226044e-06,5.2452087e-06,1.0,1.7419457e-05,1.8391758e-05,-1.7415732e-05,1.0,1.6987324e-06,-1.8391758e-05,-1.6391277e-06,1.0,144,0.435,0,0,0.0,False,-0.2611887454311268,1.0373483767623035
0.4638115088455379,13:58:53.372749,13:57:26.328343,0,,0.12453436,0.005716279,0.019367516,-0.4501703,-0.57993317,-0.67898774,-0.49706304,-0.4689417,0.73008364,-0.7418052,0.6661616,-0.07715967,,0.020528443,0.00863738,0.043578148,-0.7184748,-0.6575014,0.22690475,-0.09626001,0.41707563,0.9037599,-0.6888598,0.6274869,-0.36294943,,0.057879247,1.3372922,0.4464892,0.9969239,0.077153385,-0.013784369,0.042946853,-0.6848859,-0.72738355,-0.065560825,0.72455406,-0.6860927,,-0.08226078,0.2860314,-0.033674482,0.48471555,0.5275505,0.6976685,-0.86922526,0.2016562,0.45142242,0.09745894,-0.8252425,0.5563061,,0.027248928,0.48837402,-0.27374193,0.7978694,0.5836487,-0.15085967,-0.58140916,0.8111508,0.063227855,0.1592728,0.037263628,0.9865311,,1.137095188400817,0.3806380579047776,0.19020333541,-0.29419499070878763,0.1649202552168866,0.9517641553677565,-0.4127704551213237,,-1.0341897728517753,0.267445962167269,0.17036750583000002,1.2206051610234163,0.3228720489457358,0.4803227438050347,0.8627833573212629,,0.026284658535034606,0.02909900195387546,0.07078751784,-0.11578833687890082,,-1.5079975e-05,-2.6226044e-06,5.2452087e-06,1.0,1.7419457e-05,1.8391758e-05,-1.7415732e-05,1.0,1.6987324e-06,-1.8391758e-05,-1.6391277e-06,1.0,152,0.46,0,0,0.0,False,-0.26112916771260597,1.037396656963083
0.49199065286666155,13:58:53.393749,13:57:26.328343,0,,0.12450597,0.005756885,0.019464657,-0.44554922,-0.58239865,-0.6799248,-0.49284875,-0.47446668,0.72937065,-0.7473861,0.66007054,-0.07563621,,0.020528443,0.00863738,0.043578148,-0.7184748,-0.65751994,0.22685105,-0.09626001,0.41700178,0.90379393,-0.6888598,0.6275165,-0.36289817,,0.057879247,1.3372922,0.4464892,0.9969239,0.077153385,-0.013784369,0.042946853,-0.6848859,-0.72738355,-0.065560825,0.72455406,-0.6860927,,-0.082237616,0.2861317,-0.03371046,0.48053882,0.530272,0.69849414,-0.8707165,0.19351633,0.45211086,0.10457172,-0.82544714,0.5547087,,0.027248928,0.48837402,-0.27374193,0.7978694,0.583661,-0.150812,-0.58140916,0.8111456,0.063294105,0.1592728,0.03718305,0.9865341,,1.1374658795787795,0.38059944424040654,0.19017481703000003,-0.2990178594089317,0.17188871670492406,0.9525344627503434,-0.4122804229229209,,-1.0341897728517753,0.267445962167269,0.17036750583000002,1.2206051610234163,0.3228720489457358,0.48040442254517535,0.8626200132551286,,0.026284658535034606,0.02909900195387546,0.07078751784,-0.11578833687890082,,-1.5079975e-05,-2.6226044e-06,5.2452087e-06,1.0,1.7419457e-05,1.8391758e-05,-1.7415732e-05,1.0,1.6987324e-06,-1.8391758e-05,-1.6391277e-06,1.0,171,0.518,0,0,0.0,False,-0.2604738128088746,1.0377828985693187
0.512971956981346,13:58:53.449161,13:57:26.466012,0,,0.124413,0.0058492273,0.019652456,-0.43603477,-0.5917649,-0.67800295,-0.48155704,-0.48303086,0.7312893,-0.7602476,0.6453646,-0.07435039,,0.020529725,0.0086338185,0.04357618,-0.7187604,-0.6570926,0.2271845,-0.09579705,0.4172453,0.90373075,-0.6886264,0.6278024,-0.3628469,,0.057879247,1.3372922,0.4464892,0.9969239,0.077153385,-0.013784369,0.042946853,-0.6848859,-0.72738355,-0.065560825,0.72455406,-0.6860927,,-0.08215454,0.28633606,-0.033771865,0.47207916,0.54034925,0.6965371,-0.8730629,0.17715903,0.454286,0.12207528,-0.8225797,0.555392,,0.027247818,0.4883705,-0.27374408,0.7981365,0.58320796,-0.15115105,-0.58096427,0.8114657,0.063277274,0.15955769,0.037309453,0.98648334,,1.13830765746207,0.38023647579531794,0.19013722462000002,-0.30866359680921984,0.18937818867490044,0.9488095285553342,-0.4134238313858609,,-1.0341897728517753,0.26743051670152057,0.17036750583000002,1.22123423085387,0.3228720489457358,0.48040442254517535,0.8626200132551286,,0.026284658535034606,0.02909900195387546,0.07078751784,-0.11578833687890082,,-1.5079975e-05,-2.6226044e-06,5.2452087e-06,1.0,1.7419457e-05,1.8391758e-05,-1.7415732e-05,1.0,1.6987324e-06,-1.8391758e-05,-1.6391277e-06,1.0,179,0.543,0,0,0.0,False,-0.2607121236829584,1.0375414975654216
0.5684009559918195,13:58:53.473326,13:57:26.466012,0,,0.1243915,0.0058710873,0.019706622,-0.4332457,-0.59447235,-0.6774223,-0.47604287,-0.48728904,0.7320742,-0.76529825,0.6396499,-0.07187846,,0.02053067,0.008634847,0.043577194,-0.71875536,-0.6570971,0.22718716,-0.095791504,0.4172402,0.9037337,-0.6886325,0.6278009,-0.36283794,,0.057879247,1.3372922,0.4464892,0.9969239,0.077153385,-0.013784369,0.042946853,-0.6848859,-0.72738355,-0.065560825,0.72455406,-0.6860927,,-0.08213599,0.28639165,-0.033792812,0.46972498,0.5433154,0.695821,-0.87323344,0.17015214,0.45663077,0.1296991,-0.822105,0.5543659,,0.027246773,0.4883718,-0.27374354,0.7981324,0.58321255,-0.15115473,-0.58096766,0.8114625,0.06328627,0.15956575,0.037305184,0.9864822,,1.1384698348524287,0.38001251654196544,0.19012815059000002,-0.31117987613103415,0.19716646916153055,0.948993007255883,-0.4121170788567867,,-1.0341974955846494,0.26743823943439476,0.17036750583000002,1.22123423085387,0.3228720489457358,0.48040442254517535,0.8626200132551286,,0.026284658535034606,0.02909900195387546,0.07078751784,-0.11578833687890082,,-1.5079975e-05,-2.6226044e-06,5.2452087e-06,1.0,1.7419457e-05,1.8391758e-05,-1.7415732e-05,1.0,1.6987324e-06,-1.8391758e-05,-1.6391277e-06,1.0,187,0.566,0,0,0.0,False,-0.2602950796533112,1.0367207341521705
0.5925444129388779,13:58:53.495491,13:57:26.466012,0,,0.124360636,0.005886644,0.019762918,-0.4268422,-0.59962267,-0.67694795,-0.47097653,-0.49163422,0.73244584,-0.77200186,0.6314653,-0.072557956,,0.0205324,0.008633923,0.043577075,-0.7189404,-0.6568171,0.2274114,-0.09547615,0.41739526,0.90369546,-0.68848306,0.62799096,-0.36279267,,0.057879247,1.3372922,0.4464892,0.9969239,0.077153385,-0.013784369,0.042946853,-0.6848859,-0.72738355,-0.065560825,0.72455406,-0.6860927,,-0.082108356,0.28644493,-0.03382044,0.46385714,0.54887044,0.69539756,-0.87504923,0.1613274,0.45635763,0.13829453,-0.82019186,0.55512154,,0.02724504,0.4883711,-0.2737442,0.79830617,0.5829152,-0.151384,-0.5806741,0.8116726,0.06328646,0.15976489,0.037382785,0.98644704,,1.1386011213112905,0.37971132995987067,0.19011518769000002,-0.31768026437905444,0.20591120514651876,0.9465996283474646,-0.4134238313858607,,-1.0342052183175237,0.26743823943439476,0.17036750583000002,1.221653610740839,0.3228720489457358,0.48040442254517535,0.8629467013873973,,0.026284658535034606,0.02909900195387546,0.07078751784,-0.11578833687890082,,-1.5079975e-05,-2.6226044e-06,5.2452087e-06,1.0,1.7419457e-05,1.8391758e-05,-1.7415732e-05,1.0,1.6987324e-06,-1.8391758e-05,-1.6391277e-06,1.0,195,0.591,0,0,0.0,False,-0.2602950796533112,1.0371069757584064
0.6147329388186336,13:58:53.519046,13:57:26.466012,0,,0.12427711,0.0058482885,0.019786924,-0.4229391,-0.6018964,-0.6773797,-0.4674837,-0.4954418,0.7321178,-0.7762612,0.62630516,-0.07183513,,0.020531043,0.008634951,0.043577373,-0.718945,-0.6567957,0.22745827,-0.09547481,0.41746184,0.9036649,-0.68847847,0.62796885,-0.36283958,,0.057879247,1.3372922,0.4464892,0.9969239,0.077153385,-0.013784369,0.042946853,-0.6848859,-0.72738355,-0.065560825,0.72455406,-0.6860927,,-0.08202729,0.2864399,-0.03386971,0.46029976,0.55137897,0.6957768,-0.87601507,0.15501992,0.4566907,0.14395039,-0.8197256,0.55437195,,0.02724638,0.48837197,-0.2737435,0.7983102,0.5828989,-0.15142533,-0.5806689,0.811681,0.0632263,0.1597636,0.03745379,0.98644453,,1.1387710214345235,0.3790857885970585,0.19008148415,-0.3216643733052604,0.21205984763596358,0.9463231896092783,-0.41309714325359204,,-1.0341974955846494,0.267445962167269,0.17036750583000002,1.221653610740839,0.3228720489457358,0.4803227438050347,0.8627833573212629,,0.026284658535034606,0.02909900195387546,0.07078751784,-0.11578833687890082,,-1.5079975e-05,-2.6226044e-06,5.2452087e-06,1.0,1.7419457e-05,1.8391758e-05,-1.7415732e-05,1.0,1.6987324e-06,-1.8391758e-05,-1.6391277e-06,1.0,203,0.615,0,0,0.0,False,-0.26041423509035333,1.036865574754509
0.638286859029904,13:58:53.548923,13:57:26.466012,0,,0.12423234,0.0057654977,0.019824088,-0.41683397,-0.6072848,-0.6763539,-0.46350783,-0.498068,0.7328633,-0.781927,0.6189776,-0.073869646,,0.020535283,0.008649405,0.043572128,-0.7190725,-0.65662855,0.22753799,-0.0953259,0.41752815,0.90364987,-0.6883659,0.6280997,-0.36282676,,0.05787258,1.3372941,0.4464917,0.99692327,0.077164136,-0.013772952,0.0429625,-0.6848847,-0.72738373,-0.065560825,0.72455406,-0.6860927,,-0.08198264,0.28641298,-0.033956174,0.45465016,0.55716234,0.6948837,-0.87777156,0.14799425,0.45564768,0.15103094,-0.8171094,0.5563469,,0.027247876,0.48837405,-0.27372405,0.79843104,0.58270925,-0.15151836,-0.58048064,0.81181616,0.063220225,0.15984407,0.037476484,0.98643064,,1.1389486442906307,0.3783289607753845,0.19003741029000001,-0.3281647615532806,0.2198481281225937,0.9423410525626587,-0.41130035852611535,,-1.0342052183175237,0.26743823943439476,0.17036750583000002,1.2218633006843234,0.3228720489457358,0.4803227438050347,0.8627833573212629,,0.026284658535034606,0.02909900195387546,0.07078751784,-0.11578833687890082,,-2.180785e-05,-2.682209e-06,2.1457672e-06,1.0,2.8185546e-05,2.976507e-05,-2.8178096e-05,0.99999994,2.682209e-06,-2.976507e-05,-2.6524067e-06,0.99999994,218,0.661,0,0,0.0,False,-0.2604738128088746,1.0372518163607447
0.6681503979489207,13:58:53.586398,13:57:26.587957,0,,0.124115616,0.005723819,0.019872457,-0.41485515,-0.6086265,-0.67636454,-0.4590802,-0.5017862,0.7331138,-0.78558296,0.61464155,-0.0712398,,0.02053529,0.008656558,0.043576896,-0.71743363,-0.6587996,0.22643322,-0.09742612,0.4167356,0.90379167,-0.6897805,0.62635016,-0.36316442,,0.05787258,1.3372941,0.4464917,0.99692327,0.077164136,-0.013772952,0.0429625,-0.6848847,-0.72738373,-0.065560825,0.72455406,-0.6860927,,-0.08187004,0.28642496,-0.03402603,0.45299515,0.55869174,0.6947366,-0.8776027,0.14232977,0.45777252,0.15687205,-0.81707144,0.5547841,,0.027247462,0.4883815,-0.2737198,0.79692495,0.58506227,-0.15037555,-0.5828487,0.81012726,0.06309678,0.15873887,0.037362795,0.9866134,,1.1393270582014676,0.3776416375495785,0.18998685498,-0.3298422811011568,0.22613340711180394,0.942851662062322,-0.4121170788567866,,-1.034212941050398,0.26743051670152057,0.17036880212000002,1.2187179515320554,0.3232819584450321,0.479906811353805,0.86229332512286,,0.026284658535034606,0.02909900195387546,0.07078751784,-0.11578833687890082,,-2.180785e-05,-2.682209e-06,2.1457672e-06,1.0,2.8185546e-05,2.976507e-05,-2.8178096e-05,0.99999994,2.682209e-06,-2.976507e-05,-2.6524067e-06,0.99999994,226,0.686,0,0,0.0,False,-0.2612483231496481,1.0372518163607447
0.7056367078330368,13:58:53.619947,13:57:26.587957,0,,0.12393595,0.0057051033,0.019986078,-0.4106337,-0.60883325,-0.6787504,-0.45465124,-0.50854284,0.7312157,-0.790362,0.60885644,-0.06798193,,0.020542696,0.00865927,0.043586493,-0.7162017,-0.6596657,0.22780757,-0.09729758,0.41761455,0.9033997,-0.6910777,0.6248514,-0.36328012,,0.05787258,1.3372941,0.4464917,0.99692327,0.077164136,-0.013772952,0.0429625,-0.6848847,-0.72738373,-0.065560825,0.72455406,-0.6860927,,-0.0816982,0.2865028,-0.034125764,0.44917196,0.5591145,0.6968756,-0.8783412,0.13352342,0.4590079,0.16358876,-0.818268,0.55106825,,0.027238982,0.48839048,-0.273721,0.79587454,0.58614016,-0.15173483,-0.5840655,0.809283,0.06267812,0.15953459,0.03873916,0.98643196,,1.1401920042833809,0.37691570065940144,0.18990778129000002,-0.33445545985781633,0.23323850509960684,0.9453074838243049,-0.412933799187458,,-1.0342052183175237,0.2674227939686463,0.17036880212000002,1.2176695018146328,0.32478495994245193,0.47843617819272255,0.8621299810567258,,0.026284658535034606,0.02909900195387546,0.07078751784,-0.11578833687890082,,-2.180785e-05,-2.682209e-06,2.1457672e-06,1.0,2.8185546e-05,2.976507e-05,-2.8178096e-05,0.99999994,2.682209e-06,-2.976507e-05,-2.6524067e-06,0.99999994,234,0.709,0,0,0.0,False,-0.26106958999408425,1.0368172945537295
0.73918502102606,13:58:53.640483,13:57:26.587957,0,,0.12385161,0.0057089627,0.02007261,-0.4109168,-0.6097809,-0.6777275,-0.45263585,-0.50883555,0.73226154,-0.79137105,0.6076623,-0.066919625,,0.020542927,0.008657854,0.043586075,-0.71623313,-0.6595391,0.22807494,-0.09706348,0.41779175,0.903343,-0.691078,0.6248666,-0.36325344,,0.05787258,1.3372941,0.4464917,0.99692327,0.077164136,-0.013772952,0.0429625,-0.6848847,-0.72738373,-0.065560825,0.72455406,-0.6860927,,-0.08161932,0.28657252,-0.034185223,0.44955933,0.560128,0.6958111,-0.8777387,0.13246985,0.46046337,0.16574441,-0.8177459,0.551199,,0.027238762,0.48838943,-0.27372205,0.79591286,0.5860181,-0.15200502,-0.5839569,0.8093636,0.06264905,0.1597408,0.038901195,0.9863922,,1.140778931981822,0.37674580053616846,0.18985463340000003,-0.33424576991433186,0.2354246890958539,0.9443415847665677,-0.41309714325359215,,-1.0341974955846494,0.2674150712357721,0.17036880212000002,1.2178791917581173,0.32492159644221735,0.47832476028902626,0.8624566691889944,,0.026284658535034606,0.02909900195387546,0.07078751784,-0.11578833687890082,,-2.180785e-05,-2.682209e-06,2.1457672e-06,1.0,2.8185546e-05,2.976507e-05,-2.8178096e-05,0.99999994,2.682209e-06,-2.976507e-05,-2.6524067e-06,0.99999994,242,0.734,0,0,0.0,False,-0.26106958999408425,1.036865574754509
0.7596942458767444,13:58:53.661202,13:57:26.587957,0,,0.12376773,0.0057179034,0.020163745,-0.41067645,-0.6091196,-0.6784675,-0.45257488,-0.50979537,0.7316314,-0.7915306,0.6075211,-0.06631121,,0.020544082,0.008657839,0.043586433,-0.71622825,-0.65956134,0.2280258,-0.097061366,0.41771904,0.9033768,-0.6910833,0.6248917,-0.36320013,,0.05787258,1.3372941,0.4464917,0.99692327,0.077164136,-0.013772952,0.0429625,-0.6848847,-0.72738373,-0.065560825,0.72455406,-0.6860927,,-0.08154108,0.28664902,-0.034243956,0.4493307,0.5594566,0.6964986,-0.87782454,0.13170324,0.4605196,0.1659096,-0.81832916,0.550283,,0.027237568,0.48838964,-0.27372214,0.79590875,0.5860348,-0.15196213,-0.5839611,0.8093553,0.06271659,0.15974545,0.0388233,0.9863945,,1.1414199188103826,0.3767071868717974,0.18979759664,-0.3348748397447854,0.2354246890958539,0.944831657207411,-0.412933799187458,,-1.0342052183175237,0.2674150712357721,0.17036880212000002,1.2178791917581173,0.32492159644221735,0.4784064390291668,0.8626200132551286,,0.026284658535034606,0.02909900195387546,0.07078751784,-0.11578833687890082,,-2.180785e-05,-2.682209e-06,2.1457672e-06,1.0,2.8185546e-05,2.976507e-05,-2.8178096e-05,0.99999994,2.682209e-06,-2.976507e-05,-2.6524067e-06,0.99999994,250,0.759,0,0,0.0,False,-0.26106958999408425,1.0364793331482736
0.7804395649582148,13:58:53.687322,13:57:26.587957,0,,0.12369345,0.0057477057,0.020262018,-0.40788308,-0.6098566,-0.67948973,-0.452097,-0.5116691,0.7306182,-0.79324627,0.60520196,-0.067013144,,0.020544365,0.008657362,0.043586195,-0.71632373,-0.65943843,0.22808161,-0.09690505,0.4177228,0.90339184,-0.6910063,0.6250189,-0.36312768,,0.05787258,1.3372941,0.4464917,0.99692327,0.077164136,-0.013772952,0.0429625,-0.6848847,-0.72738373,-0.065560825,0.72455406,-0.6860927,,-0.08147242,0.28674442,-0.03429133,0.44665965,0.5602964,0.69754076,-0.8788726,0.12875088,0.45935416,0.16756551,-0.8182244,0.54993695,,0.027237294,0.4883892,-0.27372244,0.7959982,0.5858966,-0.15202631,-0.58381265,0.80945736,0.06278194,0.15984255,0.03878057,0.98638046,,1.1420454601731946,0.37673035507042,0.18975352278000002,-0.3382298788405378,0.23679105409350829,0.9442892293514309,-0.41309714325359226,,-1.0342052183175237,0.2674150712357721,0.17036880212000002,1.218088881701602,0.32492159644221735,0.47848811776930733,0.8624566691889943,,0.026284658535034606,0.02909900195387546,0.07078751784,-0.11578833687890082,,-2.180785e-05,-2.682209e-06,2.1457672e-06,1.0,2.8185546e-05,2.976507e-05,-2.8178096e-05,0.99999994,2.682209e-06,-2.976507e-05,-2.6524067e-06,0.99999994,261,0.792,0,0,0.0,False,-0.26053339052739544,1.0366724539513914
0.8065584199503064,13:58:53.720919,13:57:26.723662,0,,0.12357755,0.005832702,0.020510167,-0.40309268,-0.61262006,-0.67986244,-0.44473654,-0.51813793,0.73057675,-0.79982847,0.5968498,-0.063596904,,0.020545818,0.008656871,0.043586373,-0.7164143,-0.65928173,0.22824986,-0.09674658,0.41787523,0.9033384,-0.69093454,0.6250823,-0.36315507,,0.05787258,1.3372941,0.4464917,0.99692327,0.077164136,-0.013772952,0.0429625,-0.6848847,-0.72738373,-0.065560825,0.72455406,-0.6860927,,-0.08137035,0.28698954,-0.034399647,0.44244206,0.5634355,0.69770014,-0.87901586,0.11830811,0.46188122,0.17769669,-0.8176452,0.5476132,,0.027235826,0.48838896,-0.27372283,0.79608357,0.5857378,-0.15219119,-0.58366835,0.8095665,0.06271648,0.1599443,0.038901623,0.9863592,,1.1432810974330707,0.37679213693341385,0.18966278248000001,-0.34326243748416635,0.24649224557685456,0.9444647534629005,-0.4129337991874581,,-1.034212941050398,0.2674150712357721,0.17036880212000002,1.2182985716450865,0.32492159644221735,0.4784064390291668,0.8622933251228602,,0.026284658535034606,0.02909900195387546,0.07078751784,-0.11578833687890082,,-2.180785e-05,-2.682209e-06,2.1457672e-06,1.0,2.8185546e-05,2.976507e-05,-2.8178096e-05,0.99999994,2.682209e-06,-2.976507e-05,-2.6524067e-06,0.99999994,269,0.817,0,0,0.0,False,-0.2607121236829584,1.0358999707389198
0.840156571008265,13:58:53.748411,13:57:26.723662,0,,0.12353532,0.0058728307,0.020629585,-0.4024171,-0.6141402,-0.6788905,-0.43972808,-0.5207598,0.73174334,-0.80293185,0.5929932,-0.06049204,,0.020546108,0.008656379,0.043586135,-0.71650976,-0.65914,0.22835952,-0.09659022,0.41795275,0.90331924,-0.6908575,0.6251798,-0.3631337,,0.05787258,1.3372941,0.4464917,0.99692327,0.077164136,-0.013772952,0.0429625,-0.6848847,-0.72738373,-0.065560825,0.72455406,-0.6860927,,-0.08133477,0.28710654,-0.034451578,0.44206545,0.56513625,0.6965624,-0.87800646,0.11373755,0.46493912,0.18352865,-0.81711984,0.5464727,,0.027235553,0.4883885,-0.27372313,0.796173,0.58558714,-0.15230322,-0.5835198,0.8096736,0.062715665,0.16004139,0.038939428,0.98634195,,1.1438216887342663,0.3768153051320365,0.1896213012,-0.3436818173711354,0.25223097856700305,0.944604247175944,-0.4114637025922493,,-1.034212941050398,0.2674150712357721,0.17036880212000002,1.218508261588571,0.32492159644221735,0.4784064390291668,0.8622933251228602,,0.026284658535034606,0.02909900195387546,0.07078751784,-0.11578833687890082,,-2.180785e-05,-2.682209e-06,2.1457672e-06,1.0,2.8185546e-05,2.976507e-05,-2.8178096e-05,0.99999994,2.682209e-06,-2.976507e-05,-2.6524067e-06,0.99999994,277,0.84,0,0,0.0,False,-0.2607121236829584,1.0359965311404788
0.8676498970016837,13:58:53.766737,13:57:26.723662,0,,0.12349616,0.005880013,0.020711899,-0.4031769,-0.61416376,-0.67841816,-0.43779337,-0.521557,0.7323354,-0.8036076,0.59226763,-0.058597118,,0.020546108,0.008656379,0.043586135,-0.71650976,-0.65915877,0.2283057,-0.09659022,0.41787893,0.9033534,-0.6908575,0.62520945,-0.36308265,,0.05787258,1.3372941,0.4464917,0.99692327,0.077164136,-0.013772952,0.0429625,-0.6848847,-0.72738373,-0.065560825,0.72455406,-0.6860927,,-0.08130064,0.28717387,-0.034503207,0.4429062,0.565188,0.6959861,-0.8771944,0.11266655,0.46672928,0.18537542,-0.8172324,0.54568046,,0.027235553,0.4883885,-0.27372313,0.796173,0.5855996,-0.15225539,-0.5835198,0.8096685,0.0627818,0.16004139,0.038858864,0.9863452,,1.1442309935766002,0.3768307505977849,0.18957333847000002,-0.34284305759719735,0.2540072530639538,0.9450344254511236,-0.412933799187458,,-1.034212941050398,0.2674150712357721,0.17036880212000002,1.218508261588571,0.32492159644221735,0.47848811776930744,0.8621299810567259,,0.026284658535034606,0.02909900195387546,0.07078751784,-0.11578833687890082,,-2.180785e-05,-2.682209e-06,2.1457672e-06,1.0,2.8185546e-05,2.976507e-05,-2.8178096e-05,0.99999994,2.682209e-06,-2.976507e-05,-2.6524067e-06,0.99999994,285,0.865,0,0,0.0,False,-0.2608908568385213,1.0361896519435967
0.8859757629688829,13:58:53.792075,13:57:26.723662,0,,0.12343602,0.005860135,0.020806834,-0.40380216,-0.61335677,-0.6787763,-0.43759462,-0.5220769,0.73208374,-0.80340195,0.59264576,-0.057585806,,0.020546399,0.008655932,0.043585896,-0.71660507,-0.6589797,0.22852302,-0.09643383,0.41810402,0.90326595,-0.6907804,0.6252478,-0.3631634,,0.05787258,1.3372941,0.4464917,0.99692327,0.077164136,-0.013772952,0.0429625,-0.6848847,-0.72738373,-0.065560825,0.72455406,-0.6860927,,-0.08124692,0.2872332,-0.034584567,0.44352153,0.56434834,0.69627553,-0.87688863,0.11257519,0.4673256,0.18535107,-0.817825,0.54480016,,0.027235279,0.48838803,-0.2737234,0.7962623,0.58542407,-0.15246308,-0.5833712,0.8097859,0.0626487,0.1601385,0.039057773,0.9863215,,1.1447175257476765,0.3768153051320365,0.18949296849000002,-0.34242367771022825,0.25387061656418836,0.9457175945358038,-0.4121170788567865,,-1.034212941050398,0.2674150712357721,0.17036880212000002,1.2187179515320554,0.32492159644221735,0.47832476028902626,0.8611499166599202,,0.026284658535034606,0.02909900195387546,0.07078751784,-0.11578833687890082,,-2.180785e-05,-2.682209e-06,2.1457672e-06,1.0,2.8185546e-05,2.976507e-05,-2.8178096e-05,0.99999994,2.682209e-06,-2.976507e-05,-2.6524067e-06,0.99999994,293,0.89,0,0,0.0,False,-0.26041423509035333,1.0358516905381403
