camera_matrix:
- - 2677.6715587097788
  - 0.0
  - 500.31319239495065
- - 0.0
  - 2640.456791285302
  - 177.886227992047
- - 0.0
  - 0.0
  - 1.0
dist_coeff:
- - -0.2372280187814055
  - -1.478199222966514
  - 0.030107265197599212
  - -0.008828329933338121
  - 9.718497569633167
mean reprojection error:
- 0.03534448929406555
