Task Time,PC1 Time,PC2 Time,Gaze Calib,s_T_psm1,Tx,Ty,Tz,R00,R01,R02,R10,R11,R12,R20,R21,R22,s_T_psm3,Tx,Ty,Tz,R00,R01,R02,R10,R11,R12,R20,R21,R22,cart_T_ecm,Tx,Ty,Tz,R00,R01,R02,R10,R11,R12,R20,R21,R22,ecm_T_psm1,Tx,Ty,Tz,R00,R01,R02,R10,R11,R12,R20,R21,R22,ecm_T_psm3,Tx,Ty,Tz,R00,R01,R02,R10,R11,R12,R20,R21,R22,psm1_joints,q1,q2,q3,q4,q5,q6,jaw,psm3_joints,q1,q2,q3,q4,q5,q6,jaw,ecm_joints,q1,q2,q3,q4,ecmi_T_ecm,Tx,Ty,Tz,R00,R01,R02,R10,R11,R12,R20,R21,R22,Sample #,Task Duration (s),Collisions (binary),Collisions (increments),Cumulative Collision Time (s),Clutch Press,MTMR Angle,MTML Angle
""
lci_T_si,,,,,-0.05588401,0.033678196,0.22142315,0.99411887,-0.024834005,0.10540873,0.053824607,-0.7313092,-0.67991894,0.09397148,0.68159384,-0.7256715
rci_T_si,,,,,-0.06556821,0.037878036,0.23215216,0.98745227,-0.051865816,0.14915736,0.06880197,-0.7088702,-0.70197535,0.14214173,0.7034295,-0.69640696
ecm_T_lc,,,,,-4.4061628e-05,-0.00034663224,-0.01840835,-0.99912,0.030754527,0.028518902,-0.031987965,-0.99852574,-0.043852776,0.027128186,-0.04472645,0.9986309
ecm_T_rc,,,,,-0.0043358393,0.01870579,-0.007592615,-0.99555075,-0.052743673,-0.078081585,0.04863213,-0.9973746,0.053654674,-0.08070653,0.04961868,0.9955021
cart_T_ecmi,,,,,0.1049169,1.339891,0.44090196,0.9940074,0.014203176,-0.108386196,-0.061408322,-0.7477289,-0.66115844,-0.090434045,0.6638522,-0.74237585
ecmac_T_ecmrep_psm1,,,,,0.008075713,-0.26004106,-0.30289736,0.99667877,0.061445758,0.053440064,-0.058828812,0.9970531,-0.049237434,-0.056308012,0.04593009,0.9973564
ecmac_T_ecmrep_psm3,,,,,-0.012692571,-0.457308,-0.5458498,0.99509805,-0.029463936,0.094401784,0.014504567,0.9877462,0.15539348,-0.09782351,-0.1532625,0.9833317
""
0,11:18:09.959568,NaN,0,,0.12709805,0.013190575,0.02530931,-0.8927363,-0.06788257,-0.44543666,-0.3692884,-0.45618597,0.809642,-0.25816256,0.88729155,0.38218555,,0.04866198,-0.008215256,0.015901506,-0.70418334,-0.2699561,0.65669584,0.7050438,-0.15657163,0.6916635,-0.08389884,0.9500574,0.3005861,,0.10500059,1.3398885,0.4408991,0.99400204,0.01413826,-0.108443595,-0.06149462,-0.74773014,-0.661149,-0.090434045,0.6638522,-0.74237585,,-0.10389959,0.26165026,-0.087014474,0.89701253,-0.0039050328,0.4419878,-0.42453754,0.2707223,0.8639892,-0.12302986,-0.9626496,0.24118347,,-0.022560237,0.40799963,-0.34505495,0.66720974,0.18402544,-0.7217796,0.42066672,0.7065853,0.5690139,0.6147119,-0.6832802,0.3940272,,1.1885131438774037,0.5762934952732556,0.20313123558,0.6093589757660277,-0.13595331726661325,1.3767996076165134,-0.3925157909206731,,-0.865185486632246,-0.19977937672331383,0.19800051976000002,-3.714028278997896,-0.11381820430461188,1.3924832268957452,0.8745441300829311,,-0.06807438581247384,-0.050730176370780186,0.08427136484,-0.06737965366399314,,8.3610415e-05,1.1920929e-06,-5.364418e-06,0.99999994,-6.445497e-05,-5.763769e-05,6.444752e-05,1.0,-7.897615e-06,5.763769e-05,7.838011e-06,0.99999994,35,0.105,1,1,0.013,False,-0.2547543518308557,1.0482597021384612
0.1253228759742342,11:18:09.995070,11:18:01.531463,0,,0.12806047,0.01438912,0.026896864,-0.8905094,-0.080802694,-0.447732,-0.3636071,-0.46511358,0.8071301,-0.2734646,0.88155556,0.38480765,,0.04865054,-0.008219413,0.015895128,-0.7040179,-0.2699101,0.6568921,0.70520866,-0.15641809,0.6915301,-0.08390117,0.9500958,0.30046412,,0.10500059,1.3398885,0.4408991,0.99400204,0.01413826,-0.108443595,-0.06149462,-0.74773014,-0.661149,-0.090434045,0.6638522,-0.74237585,,-0.104930475,0.2635848,-0.087293684,0.8959644,0.009107525,0.44403255,-0.43083382,0.2605926,0.8639871,-0.10784281,-0.9654059,0.23740551,,-0.022548005,0.40799338,-0.34505475,0.6670361,0.1839671,-0.72195494,0.42074165,0.7067,0.5688159,0.614849,-0.68317723,0.39399183,,1.188976507849857,0.5871902713587863,0.20280197792000001,0.6045361070658837,-0.12912149227834124,1.3745775407774554,-0.3933325112513446,,-0.8651159820363781,-0.19978709945618806,0.19800051976000002,-3.7138185890544113,-0.11368156780484645,1.392371808992049,0.8745441300829311,,-0.06806129584308387,-0.05073672135547516,0.08427136484,-0.06737965366399314,,8.3610415e-05,1.1920929e-06,-5.364418e-06,0.99999994,-6.445497e-05,-5.763769e-05,6.444752e-05,1.0,-7.897615e-06,5.763769e-05,7.838011e-06,0.99999994,51,0.154,1,1,0.062,False,-0.2536223751789555,1.048549383343138
0.1608040879946202,11:18:10.030050,11:18:01.531463,0,,0.12706155,0.013434686,0.02639404,-0.88792187,-0.084674105,-0.45213407,-0.36669528,-0.46313936,0.80686826,-0.27772188,0.8822315,0.38018188,,0.04861826,-0.008187201,0.015895247,-0.7037273,-0.26992932,0.65719557,0.7055171,-0.1564686,0.6912041,-0.08374581,0.950082,0.30055106,,0.10501254,1.3398861,0.44090608,0.9940017,0.014133417,-0.10844788,-0.061501056,-0.74773026,-0.66114837,-0.090434045,0.6638522,-0.74237585,,-0.10393846,0.26256144,-0.08763789,0.8935748,0.012977345,0.44872677,-0.4360589,0.26259217,0.8607543,-0.10666183,-0.96481967,0.24030462,,-0.022528704,0.40800905,-0.3450242,0.6667191,0.18399093,-0.72224164,0.42101,0.70666057,0.5686664,0.6150091,-0.6832117,0.39368206,,1.1912933277121245,0.5798305069296504,0.20242864640000002,0.5971969590439253,-0.12051339279311848,1.3743375482762477,-0.3921891027884046,,-0.8651700411664976,-0.1997716539904396,0.19800181605000003,-3.713399209167442,-0.11368156780484645,1.392371808992049,0.8745441300829311,,-0.06804820587369392,-0.050723631386085204,0.08427136484,-0.06737965366399314,,9.499863e-05,7.867813e-06,-1.0251999e-05,1.0,-6.92606e-05,-6.1929226e-05,6.925315e-05,1.0,-8.434057e-06,6.1929226e-05,8.434057e-06,1.0,63,0.191,1,1,0.099,False,-0.2544564632382502,1.0483079823392407
0.19580018694978207,11:18:10.070885,11:18:01.622496,0,,0.1262297,0.011399753,0.025187,-0.8862076,-0.08908598,-0.45464262,-0.36883065,-0.45818746,0.80872005,-0.28035715,0.88438,0.3731915,,0.04867112,-0.008227181,0.015914023,-0.7037275,-0.27003804,0.6571507,0.7055153,-0.15656441,0.6911843,-0.083759665,0.9500353,0.3006947,,0.10501254,1.3398861,0.44090608,0.9940017,0.014133417,-0.10844788,-0.061501056,-0.74773026,-0.66114837,-0.090434045,0.6638522,-0.74237585,,-0.103086725,0.26026958,-0.08819629,0.8919786,0.017376285,0.45174354,-0.43945724,0.2677888,0.85741854,-0.10607312,-0.9633209,0.24649802,,-0.022580761,0.40799505,-0.3450671,0.6667207,0.18410905,-0.72221005,0.4209978,0.7065797,0.5687759,0.61501575,-0.6832635,0.39358178,,1.18914640797309,0.5670493840228088,0.20195550055000003,0.5936322300046885,-0.110129018810945,1.3765697025537333,-0.3969260807062984,,-0.8653476640226048,-0.19981026765481075,0.19800181605000003,-3.713399209167442,-0.11368156780484645,1.392371808992049,0.8745441300829311,,-0.0681463806441186,-0.05076944627895005,0.08427136484,-0.06737965366399314,,9.499863e-05,7.867813e-06,-1.0251999e-05,1.0,-6.92606e-05,-6.1929226e-05,6.925315e-05,1.0,-8.434057e-06,6.1929226e-05,8.434057e-06,1.0,71,0.215,1,1,0.123,False,-0.2543373078012081,1.0486942239454764
0.2366353189572692,11:18:10.099741,11:18:01.622496,0,,0.12570679,0.01095026,0.025018841,-0.8850928,-0.09157103,-0.45631737,-0.3687056,-0.46036384,0.80754024,-0.28401926,0.88299495,0.3737019,,0.048672937,-0.008229103,0.015915096,-0.7037469,-0.27000967,0.65714157,0.7054983,-0.15657178,0.6912,-0.08374083,0.9500422,0.30067825,,0.10501254,1.3398861,0.44090608,0.9940017,0.014133417,-0.10844788,-0.061501056,-0.74773026,-0.66114837,-0.090434045,0.6638522,-0.74237585,,-0.1025668,0.25983852,-0.08841452,0.8911124,0.0198847,0.45334676,-0.4418829,0.26531228,0.8569416,-0.10323844,-0.9639575,0.24520978,,-0.02258256,0.4079946,-0.34506926,0.6667391,0.1840806,-0.72220033,0.42100528,0.7065777,0.5687728,0.6149907,-0.6832732,0.39360407,,1.190760459143803,0.5635355405650367,0.20174290899000002,0.590277190908936,-0.10343383032243841,1.3787880268458212,-0.3926791349868075,,-0.8653322185568563,-0.19980254492193653,0.19800181605000003,-3.713399209167442,-0.11368156780484645,1.392371808992049,0.8745441300829311,,-0.06815292562881357,-0.05076944627895005,0.08427493672,-0.06737965366399314,,9.499863e-05,7.867813e-06,-1.0251999e-05,1.0,-6.92606e-05,-6.1929226e-05,6.925315e-05,1.0,-8.434057e-06,6.1929226e-05,8.434057e-06,1.0,79,0.241,1,1,0.149,False,-0.254218152364166,1.0486942239454764
0.26548844896024093,11:18:10.125076,11:18:01.622496,0,,0.12549213,0.010666244,0.02501382,-0.8832029,-0.09678742,-0.45889544,-0.36921525,-0.45986223,0.8075931,-0.2891935,0.88269985,0.37041622,,0.048665714,-0.008219074,0.015910447,-0.7037442,-0.27001783,0.6571411,0.70550364,-0.15660995,0.69118583,-0.083717704,0.95003355,0.30071193,,0.10501254,1.3398861,0.44090608,0.9940017,0.014133417,-0.10844788,-0.061501056,-0.74773026,-0.66114837,-0.090434045,0.6638522,-0.74237585,,-0.10236042,0.25963217,-0.088618495,0.889555,0.025121313,0.45613688,-0.44582072,0.26560554,0.8548085,-0.09967856,-0.9637544,0.24747033,,-0.0225755,0.40799746,-0.34505844,0.66673386,0.18409176,-0.7222023,0.42102677,0.7065496,0.5687918,0.61498165,-0.68329924,0.393573,,1.1913628323079923,0.56185970753133,0.20153809517000001,0.5858737020957611,-0.0979683703318208,1.3770267091226032,-0.39447591971428464,,-0.8653322185568563,-0.1997639312575654,0.19800311234,-3.713399209167442,-0.11368156780484645,1.392371808992049,0.8745441300829311,,-0.06813329067472865,-0.050775991263645036,0.08426779296,-0.06737965366399314,,9.499863e-05,7.867813e-06,-1.0251999e-05,1.0,-6.92606e-05,-6.1929226e-05,6.925315e-05,1.0,-8.434057e-06,6.1929226e-05,8.434057e-06,1.0,96,0.293,1,1,0.201,False,-0.2536819528974772,1.0488873447485942
0.29081897897413,11:18:10.170827,11:18:01.622496,0,,0.12601373,0.011329375,0.025987998,-0.87882006,-0.10565282,-0.4653095,-0.37008336,-0.46462214,0.80446535,-0.30118707,0.87918353,0.3692189,,0.048621725,-0.008228298,0.015888572,-0.70381284,-0.26972076,0.6571896,0.70544744,-0.15647864,0.6912729,-0.08361453,0.9501395,0.30040553,,0.10501254,1.3398861,0.44090608,0.9940017,0.014133417,-0.10844788,-0.061501056,-0.74773026,-0.66114837,-0.090434045,0.6638522,-0.74237585,,-0.10292627,0.26076794,-0.088843666,0.8859519,0.03406112,0.46252468,-0.45471886,0.2599412,0.8518576,-0.09121399,-0.9650235,0.24578361,,-0.022529125,0.40797946,-0.34505367,0.66679513,0.18377867,-0.7222255,0.42108524,0.70667756,0.5685895,0.61487514,-0.6832512,0.39382267,,1.1918570872119427,0.5681923484881941,0.20126587427000003,0.5768570345259265,-0.09400591183862303,1.3751024497576558,-0.3939858875158817,,-0.8650619229062585,-0.1997716539904396,0.19800181605000003,-3.713399209167442,-0.11368156780484645,1.3922901302519084,0.8743807860167969,,-0.06813329067472865,-0.05076944627895005,0.08427136484,-0.06737965366399314,,9.499863e-05,7.867813e-06,-1.0251999e-05,1.0,-6.92606e-05,-6.1929226e-05,6.925315e-05,1.0,-8.434057e-06,6.1929226e-05,8.434057e-06,1.0,104,0.319,1,1,0.227,False,-0.25439688551972894,1.048983905150153
0.33657950500492007,11:18:10.205343,11:18:01.751770,0,,0.12651058,0.012011267,0.02681993,-0.87634265,-0.11297513,-0.4682524,-0.368186,-0.46969223,0.8023891,-0.31058452,0.8755718,0.37001544,,0.048646085,-0.00822654,0.015904129,-0.7037597,-0.2699369,0.6571578,0.705492,-0.15657747,0.6912051,-0.08368564,0.9500619,0.30063128,,0.10501254,1.3398861,0.44090608,0.9940017,0.014133417,-0.10844788,-0.061501056,-0.74773026,-0.66114837,-0.090434045,0.6638522,-0.74237585,,-0.10345748,0.26182133,-0.08895392,0.8841561,0.04145935,0.46534836,-0.45977882,0.25394708,0.85094905,-0.082894064,-0.96632916,0.243591,,-0.02255495,0.40799025,-0.34506106,0.66674674,0.18400669,-0.7222121,0.42104766,0.7065821,0.56873596,0.61495334,-0.6832886,0.39363575,,1.1923050057186477,0.5740925164041016,0.20112328237000002,0.5720341658257825,-0.0901800898451907,1.37402471695767,-0.3939858875158815,,-0.8652318230294914,-0.1997716539904396,0.19800181605000003,-3.713399209167442,-0.11368156780484645,1.392371808992049,0.8742174419506626,,-0.06807438581247384,-0.050775991263645036,0.08427136484,-0.06737965366399314,,9.499863e-05,7.867813e-06,-1.0251999e-05,1.0,-6.92606e-05,-6.1929226e-05,6.925315e-05,1.0,-8.434057e-06,6.1929226e-05,8.434057e-06,1.0,117,0.359,1,1,0.267,False,-0.2539202637715605,1.0486459437446969
0.37104702496435493,11:18:10.238951,11:18:01.751770,0,,0.12686297,0.012342118,0.027277932,-0.8728337,-0.120433085,-0.47292423,-0.36866838,-0.47223216,0.8006749,-0.3197578,0.8732083,0.36778027,,0.048635833,-0.008219298,0.01591289,-0.7037931,-0.270112,0.6570501,0.7054392,-0.15656108,0.6912627,-0.08384991,0.9500148,0.30073416,,0.10501254,1.3398861,0.44090608,0.9940017,0.014133417,-0.10844788,-0.061501056,-0.74773026,-0.66114837,-0.090434045,0.6638522,-0.74237585,,-0.10382985,0.26236668,-0.08903954,0.88124907,0.04898215,0.47010723,-0.46645528,0.25065932,0.84828615,-0.076285884,-0.9668354,0.24374129,,-0.022546044,0.4080027,-0.34506038,0.6667991,0.18418431,-0.7221185,0.42088827,0.7065735,0.56886464,0.61500573,-0.68324965,0.39362156,,1.1920964919310437,0.5773206187455274,0.20102865320000002,0.5653240876342777,-0.08608099485222749,1.3724791121298698,-0.3939858875158815,,-0.8653399412897306,-0.19974848579181695,0.19800181605000003,-3.713608899110926,-0.11368156780484645,1.392371808992049,0.8742174419506626,,-0.06800893596552404,-0.050775991263645036,0.08427136484,-0.06737965366399314,,9.499863e-05,7.867813e-06,-1.0251999e-05,1.0,-6.92606e-05,-6.1929226e-05,6.925315e-05,1.0,-8.434057e-06,6.1929226e-05,8.434057e-06,1.0,125,0.384,1,1,0.292,False,-0.25493308498641865,1.048549383343138
0.40469944098731503,11:18:10.262945,11:18:01.751770,0,,0.12697032,0.012390055,0.02741079,-0.8692837,-0.12576815,-0.4780464,-0.3705517,-0.47428083,0.7985919,-0.32716566,0.87134385,0.36568093,,0.04861901,-0.008222114,0.01590252,-0.703816,-0.27001747,0.6570643,0.70541984,-0.15651566,0.69129276,-0.083820224,0.9500492,0.3006339,,0.10501254,1.3398861,0.44090608,0.9940017,0.014133417,-0.10844788,-0.061501056,-0.74773026,-0.66114837,-0.090434045,0.6638522,-0.74237585,,-0.10394436,0.26248956,-0.08909671,0.8781446,0.054368515,0.47529578,-0.4729588,0.24801949,0.84545624,-0.07191641,-0.96722823,0.24351105,,-0.022528147,0.4079946,-0.3450568,0.66682005,0.18408443,-0.7221246,0.4209036,0.7066168,0.5687995,0.6149725,-0.6832318,0.39370447,,1.1919883736708046,0.5780079419713334,0.20096513499000002,0.5584043194992884,-0.08198189985926427,1.3725670821048808,-0.3952926400449557,,-0.8652318230294914,-0.1997639312575654,0.19800181605000003,-3.713608899110926,-0.11368156780484645,1.392371808992049,0.8742174419506626,,-0.06800893596552404,-0.05076944627895005,0.08427136484,-0.06737965366399314,,9.499863e-05,7.867813e-06,-1.0251999e-05,1.0,-6.92606e-05,-6.1929226e-05,6.925315e-05,1.0,-8.434057e-06,6.1929226e-05,8.434057e-06,1.0,138,0.424,1,1,0.332,False,-0.254218152364166,1.0490321853509326
0.4286612029536627,11:18:10.306470,11:18:01.834299,0,,0.12675825,0.01218497,0.027316526,-0.86594796,-0.13444814,-0.481724,-0.37024015,-0.47522086,0.7981775,-0.33623874,0.8695337,0.36173838,,0.048634514,-0.008225318,0.015907824,-0.70391285,-0.2701082,0.6569233,0.7053067,-0.15648407,0.6914154,-0.08395895,0.9500286,0.30066025,,0.10501254,1.3398861,0.44090608,0.9940017,0.014133417,-0.10844788,-0.061501056,-0.74773026,-0.66114837,-0.090434045,0.6638522,-0.74237585,,-0.10373242,0.2622803,-0.08918167,0.87542623,0.06311901,0.47921276,-0.47898114,0.24630998,0.84256065,-0.064853296,-0.9671336,0.24585903,,-0.022543889,0.40799525,-0.34506235,0.66693646,0.18417476,-0.72199404,0.42073703,0.7066288,0.5689078,0.61496025,-0.683195,0.39378738,,1.192760646958227,0.576169931547268,0.20087828356,0.5516942413077837,-0.07269061787521432,1.3707081764633635,-0.39496595191268735,,-0.8653167730911079,-0.19977937672331383,0.19800440863000002,-3.7138185890544113,-0.11368156780484645,1.392371808992049,0.8745441300829311,,-0.06800893596552404,-0.050775991263645036,0.08427136484,-0.06737965366399314,,9.499863e-05,7.867813e-06,-1.0251999e-05,1.0,-6.92606e-05,-6.1929226e-05,6.925315e-05,1.0,-8.434057e-06,6.1929226e-05,8.434057e-06,1.0,146,0.449,1,1,0.357,False,-0.25540970673458663,1.049370146756389
0.47221203095978126,11:18:10.331691,11:18:01.834299,0,,0.12660873,0.012044542,0.027225718,-0.8641061,-0.13616574,-0.48454067,-0.37121207,-0.47769886,0.7962445,-0.33988574,0.8679071,0.36223614,,0.048631344,-0.008222919,0.015906692,-0.7039225,-0.27014443,0.6568981,0.70529914,-0.15655163,0.69140774,-0.08394146,0.9500072,0.3007329,,0.10501254,1.3398861,0.44090608,0.9940017,0.014133417,-0.10844788,-0.061501056,-0.74773026,-0.66114837,-0.090434045,0.6638522,-0.74237585,,-0.10358128,0.26211926,-0.089220956,0.8738027,0.06486938,0.48193437,-0.482218,0.24342957,0.8415509,-0.06272619,-0.96774685,0.2439906,,-0.022540767,0.40799612,-0.34505978,0.66694474,0.18421675,-0.7219757,0.42074788,0.7065764,0.56896484,0.61494386,-0.68323785,0.39373863,,1.1931853972663093,0.5749265715545179,0.20083939486000002,0.5479198223250622,-0.06913806888131287,1.3730387503362524,-0.3944759197142842,,-0.8653013276253594,-0.1997639312575654,0.19800440863000002,-3.7138185890544113,-0.11368156780484645,1.3924534877321895,0.8747074741490655,,-0.06800893596552404,-0.050775991263645036,0.08427136484,-0.06737965366399314,,9.499863e-05,7.867813e-06,-1.0251999e-05,1.0,-6.92606e-05,-6.1929226e-05,6.925315e-05,1.0,-8.434057e-06,6.1929226e-05,8.434057e-06,1.0,159,0.49,1,1,0.398,False,-0.2543373078012081,1.0492253061540504
0.49744289700174704,11:18:10.370034,11:18:01.834299,0,,0.12641218,0.011885785,0.027252749,-0.8602488,-0.14619143,-0.48846725,-0.36923206,-0.4820596,0.79453516,-0.35162455,0.8638557,0.36071265,,0.04861416,-0.008223932,0.015898943,-0.70393944,-0.27007407,0.65690887,0.7052866,-0.15653732,0.6914238,-0.08390483,0.9500295,0.30067247,,0.10501254,1.3398861,0.44090608,0.9940017,0.014133417,-0.10844788,-0.061501056,-0.74773026,-0.66114837,-0.090434045,0.6638522,-0.74237585,,-0.103391536,0.26202607,-0.089361936,0.87078774,0.075013176,0.48590297,-0.48884302,0.23772186,0.8393574,-0.052546896,-0.9684324,0.24367495,,-0.022522874,0.4079912,-0.34505624,0.6669587,0.18414384,-0.7219814,0.42077208,0.70659477,0.5689241,0.61491215,-0.6832385,0.39378694,,1.1942511344029525,0.5735364796371575,0.20069421038000002,0.5405806743031037,-0.056977420402188665,1.3734957569051225,-0.3944759197142844,,-0.8652163775637429,-0.19975620852469117,0.19800440863000002,-3.7138185890544113,-0.11368156780484645,1.3924534877321895,0.8747074741490655,,-0.0679631210726592,-0.050775991263645036,0.08427136484,-0.06737965366399314,,9.499863e-05,7.867813e-06,-1.0251999e-05,1.0,-6.92606e-05,-6.1929226e-05,6.925315e-05,1.0,-8.434057e-06,6.1929226e-05,8.434057e-06,1.0,167,0.514,1,1,0.422,False,-0.25427773008268684,1.049514987358727
0.5357826389954425,11:18:10.399995,11:18:01.935224,0,,0.12638173,0.011922054,0.027384087,-0.85738075,-0.15627876,-0.490383,-0.3662452,-0.48416585,0.79463685,-0.36161155,0.8609068,0.357878,,0.04860104,-0.008221995,0.015905738,-0.7038521,-0.27021164,0.65694577,0.70536554,-0.15653571,0.69134367,-0.083973646,0.9499907,0.300776,,0.10501254,1.3398861,0.44090608,0.9940017,0.014133417,-0.10844788,-0.061501056,-0.74773026,-0.66114837,-0.090434045,0.6638522,-0.74237585,,-0.10336879,0.2621427,-0.089435235,0.8686722,0.08520955,0.4880041,-0.49351507,0.23441747,0.83755076,-0.043029357,-0.96839446,0.24568413,,-0.022510616,0.4079993,-0.34505877,0.6668742,0.18428424,-0.72202367,0.4207524,0.70658,0.5689571,0.6150173,-0.683216,0.39366192,,1.195023407690375,0.5736137069658996,0.20061513669000003,0.5353384257159907,-0.04672968291978063,1.3710202834180112,-0.39496595191268735,,-0.8652936048924852,-0.19975620852469117,0.19800311234,-3.7138185890544113,-0.11368156780484645,1.3924534877321895,0.8747074741490655,,-0.06789112624101443,-0.050775991263645036,0.08427136484,-0.06737965366399314,,9.499863e-05,7.867813e-06,-1.0251999e-05,1.0,-6.92606e-05,-6.1929226e-05,6.925315e-05,1.0,-8.434057e-06,6.1929226e-05,8.434057e-06,1.0,180,0.555,1,1,0.463,False,-0.2547543518308557,1.0491770259532711
0.565735894953832,11:18:10.431940,11:18:01.935224,0,,0.12643066,0.012016676,0.02759622,-0.8506377,-0.1682075,-0.49811843,-0.3664426,-0.48970813,0.791142,-0.37700862,0.855507,0.3549258,,0.048606023,-0.008221086,0.015908599,-0.70384395,-0.27023965,0.65694296,0.70537215,-0.15654269,0.6913353,-0.08398661,0.9499816,0.30080122,,0.10501254,1.3398861,0.44090608,0.9940017,0.014133417,-0.10844788,-0.061501056,-0.74773026,-0.66114837,-0.090434045,0.6638522,-0.74237585,,-0.10342896,0.2623551,-0.0895225,0.8629591,0.09730707,0.49581546,-0.50429326,0.22697315,0.8331696,-0.031463504,-0.96902764,0.24493983,,-0.0225159,0.40800154,-0.34505963,0.6668669,0.18431339,-0.7220229,0.42074484,0.70657176,0.5689729,0.6150303,-0.68321663,0.39364043,,1.1956643945189356,0.5742238028629634,0.20051921123000002,0.5235957888808573,-0.03511558043971819,1.371106174200261,-0.39365919938361316,,-0.8653244958239821,-0.19975620852469117,0.19800311234,-3.7138185890544113,-0.11368156780484645,1.3924534877321895,0.8747074741490655,,-0.06789112624101443,-0.050775991263645036,0.08427136484,-0.06737965366399314,,9.499863e-05,7.867813e-06,-1.0251999e-05,1.0,-6.92606e-05,-6.1929226e-05,6.925315e-05,1.0,-8.434057e-06,6.1929226e-05,8.434057e-06,1.0,188,0.58,1,1,0.488,False,-0.25546928445310746,1.0489356249493738
0.597687313973438,11:18:10.461644,11:18:01.935224,0,,0.12646231,0.012087859,0.027770445,-0.84424335,-0.18092763,-0.5044983,-0.36496237,-0.49527144,0.7883581,-0.39249936,0.849689,0.3520978,,0.04860421,-0.008224394,0.01590681,-0.7038425,-0.27022907,0.656949,0.70537305,-0.15652457,0.69133854,-0.08399111,0.94998753,0.30078095,,0.10501254,1.3398861,0.44090608,0.9940017,0.014133417,-0.10844788,-0.061501056,-0.74773026,-0.66114837,-0.090434045,0.6638522,-0.74237585,,-0.103470005,0.26252496,-0.08959917,0.8576476,0.11022101,0.50228673,-0.51389736,0.21924816,0.8293611,-0.018712424,-0.9694233,0.24467994,,-0.022513738,0.40799844,-0.34506133,0.6668659,0.18430123,-0.722027,0.42074156,0.7065859,0.56895775,0.6150337,-0.68320525,0.39365485,,1.1963208268132446,0.5745481576436808,0.20043365609000002,0.5129016017631466,-0.021861839962470472,1.3708351950198407,-0.3925157909206731,,-0.8653090503582337,-0.1997716539904396,0.19800311234,-3.7138185890544113,-0.11368156780484645,1.3924534877321895,0.8747074741490655,,-0.06789112624101443,-0.050775991263645036,0.08427136484,-0.06737965366399314,,9.499863e-05,7.867813e-06,-1.0251999e-05,1.0,-6.92606e-05,-6.1929226e-05,6.925315e-05,1.0,-8.434057e-06,6.1929226e-05,8.434057e-06,1.0,201,0.621,1,1,0.529,False,-0.2544564632382502,1.0493218665556094
0.6273925559944473,11:18:10.501937,11:18:02.031681,0,,0.12633064,0.012150936,0.027963683,-0.83535117,-0.20172836,-0.51136506,-0.35964033,-0.5029812,0.785919,-0.41574916,0.84042585,0.34761626,,0.048600357,-0.008219104,0.015906096,-0.7038577,-0.27020824,0.65694124,0.70536137,-0.15655032,0.6913446,-0.08396265,0.9499893,0.30078363,,0.10501254,1.3398861,0.44090608,0.9940017,0.014133417,-0.10844788,-0.061501056,-0.74773026,-0.66114837,-0.090434045,0.6638522,-0.74237585,,-0.10334967,0.26270577,-0.089706324,0.8504667,0.13136147,0.5093628,-0.526023,0.2078033,0.8246925,0.0024855377,-0.96931005,0.24582894,,-0.022510137,0.4080013,-0.34505662,0.6668788,0.18428183,-0.72202,0.42075947,0.70656997,0.5689643,0.6150074,-0.683227,0.39365822,,1.1981125008400646,0.5741002391369758,0.20031439741,0.4988523755496834,0.0010930919981235235,1.3686160927072355,-0.39218910278840435,,-0.8652936048924852,-0.19974076305894273,0.19800311234,-3.7138185890544113,-0.11368156780484645,1.3924534877321895,0.8747074741490655,,-0.06789112624101443,-0.050775991263645036,0.08427136484,-0.06737965366399314,,9.499863e-05,7.867813e-06,-1.0251999e-05,1.0,-6.92606e-05,-6.1929226e-05,6.925315e-05,1.0,-8.434057e-06,6.1929226e-05,8.434057e-06,1.0,209,0.645,1,1,0.553,False,-0.25535012901606535,1.0496115477602863
0.6676914870040491,11:18:10.525240,11:18:02.031681,0,,0.12611306,0.012147687,0.028128877,-0.8228886,-0.22326571,-0.5225007,-0.35605332,-0.51401895,0.7803912,-0.44280985,0.82821316,0.3434857,,0.04860311,-0.008218374,0.015907645,-0.7036041,-0.27020147,0.65721565,0.7056365,-0.15663883,0.69104373,-0.08377552,0.94997656,0.3008758,,0.10501254,1.3398861,0.44090608,0.9940017,0.014133417,-0.10844788,-0.061501056,-0.74773026,-0.66114837,-0.090434045,0.6638522,-0.74237585,,-0.103143685,0.26282102,-0.08984391,0.8399275,0.15333718,0.5205858,-0.5420979,0.19193183,0.8181027,0.025528578,-0.9693554,0.24433258,,-0.022513073,0.4080027,-0.34505692,0.6665927,0.18428147,-0.72228426,0.42104122,0.7065077,0.56883323,0.61512476,-0.6832915,0.39336276,,1.200189915983231,0.5730036110688359,0.20017050922000001,0.47956090074910723,0.026780753954026328,1.3690693567291357,-0.3970894247724328,,-0.8653090503582337,-0.19974076305894273,0.19800311234,-3.713399209167442,-0.11368156780484645,1.3924534877321895,0.8747074741490655,,-0.06789112624101443,-0.050775991263645036,0.08427136484,-0.06737965366399314,,9.499863e-05,7.867813e-06,-1.0251999e-05,1.0,-6.92606e-05,-6.1929226e-05,6.925315e-05,1.0,-8.434057e-06,6.1929226e-05,8.434057e-06,1.0,222,0.686,1,1,0.594,False,-0.2555288621716292,1.0490321853509326
0.6909337809775025,11:18:10.563901,11:18:02.031681,0,,0.12587124,0.012192883,0.02831088,-0.8111729,-0.24382555,-0.5315523,-0.34919804,-0.5271591,0.7747024,-0.46910486,0.81403464,0.3424737,,0.048603788,-0.008221235,0.015907347,-0.7035986,-0.2702049,0.6572201,0.7056407,-0.15662423,0.69104266,-0.08378655,0.94997805,0.3008682,,0.10501254,1.3398861,0.44090608,0.9940017,0.014133417,-0.10844788,-0.061501056,-0.74773026,-0.66114837,-0.090434045,0.6638522,-0.74237585,,-0.10291324,0.26298377,-0.08996248,0.8301753,0.17440824,0.5295194,-0.5552392,0.17315918,0.813465,0.050183862,-0.96932846,0.24059077,,-0.022513552,0.40800074,-0.34505907,0.66658807,0.18428388,-0.7222879,0.42103413,0.7065177,0.568826,0.61513466,-0.68328047,0.39336643,,1.2025453495098695,0.571976487596564,0.20004995425000002,0.46299539521382976,0.053971417407348975,1.3714008159357165,-0.39414923158201565,,-0.8653090503582337,-0.19975620852469117,0.19800311234,-3.713399209167442,-0.11368156780484645,1.3924534877321895,0.8747074741490655,,-0.06789112624101443,-0.050775991263645036,0.08427136484,-0.06737965366399314,,9.499863e-05,7.867813e-06,-1.0251999e-05,1.0,-6.92606e-05,-6.1929226e-05,6.925315e-05,1.0,-8.434057e-06,6.1929226e-05,8.434057e-06,1.0,230,0.711,1,1,0.619,False,-0.2551713958605024,1.049418426957168
0.729649223969318,11:18:10.594261,11:18:02.125591,0,,0.12559983,0.012222029,0.028524086,-0.796537,-0.26653925,-0.54266554,-0.34451744,-0.53748614,0.7696858,-0.49682668,0.80004096,0.33630008,,0.04860311,-0.008218374,0.015907645,-0.7036041,-0.27020147,0.65721565,0.7056365,-0.15663883,0.69104373,-0.08377552,0.94997656,0.3008758,,0.10501254,1.3398861,0.44090608,0.9940017,0.014133417,-0.10844788,-0.061501056,-0.74773026,-0.66114837,-0.090434045,0.6638522,-0.74237585,,-0.10265579,0.26315668,-0.09011674,0.8175431,0.19769517,0.54086965,-0.571015,0.1566259,0.8058599,0.07460042,-0.96766984,0.24093533,,-0.022513073,0.4080027,-0.34505692,0.6665927,0.18428147,-0.72228426,0.42104122,0.7065077,0.56883323,0.61512476,-0.6832915,0.39336276,,1.205008901296747,0.5708953049941726,0.19989958461000001,0.4424457807523464,0.08116208086067163,1.3692399444345664,-0.3959460163094928,,-0.8653090503582337,-0.19974076305894273,0.19800311234,-3.713399209167442,-0.11368156780484645,1.3924534877321895,0.8747074741490655,,-0.06789112624101443,-0.050775991263645036,0.08427136484,-0.06737965366399314,,9.499863e-05,7.867813e-06,-1.0251999e-05,1.0,-6.92606e-05,-6.1929226e-05,6.925315e-05,1.0,-8.434057e-06,6.1929226e-05,8.434057e-06,1.0,247,0.764,1,1,0.672,False,-0.2544564632382502,1.049708108161845
0.759975527995266,11:18:10.643555,11:18:02.125591,0,,0.12521873,0.012321778,0.02894245,-0.7639144,-0.32181755,-0.55934644,-0.33001173,-0.55003995,0.767169,-0.5545513,0.7706423,0.3139798,,0.04860277,-0.008216944,0.015907764,-0.70360684,-0.2701461,0.65723544,0.7056344,-0.15658972,0.69105697,-0.08377004,0.9500004,0.300802,,0.10501254,1.3398861,0.44090608,0.9940017,0.014133417,-0.10844788,-0.061501056,-0.74773026,-0.66114837,-0.090434045,0.6638522,-0.74237585,,-0.10230052,0.2635235,-0.09038022,0.7892335,0.2544177,0.55891156,-0.600429,0.12877409,0.7892416,0.1288237,-0.95848256,0.2543926,,-0.022512833,0.4080037,-0.34505585,0.66659504,0.18422127,-0.72229743,0.42104474,0.7065491,0.5687791,0.6151198,-0.68326485,0.39341673,,1.2091019497200861,0.5689723445084908,0.19967273386,0.40155624177286414,0.14046232175887277,1.3513507443027493,-0.39741611290470136,,-0.8653090503582337,-0.1997330403260685,0.19800311234,-3.713399209167442,-0.11368156780484645,1.3923718089920492,0.8748708182151997,,-0.06789112624101443,-0.050775991263645036,0.08427136484,-0.06737965366399314,,9.499863e-05,7.867813e-06,-1.0251999e-05,1.0,-6.92606e-05,-6.1929226e-05,6.925315e-05,1.0,-8.434057e-06,6.1929226e-05,8.434057e-06,1.0,255,0.79,1,1,0.698,False,-0.2564821056679656,1.0496115477602863
0.8092979780049063,11:18:10.672407,11:18:02.214336,0,,0.12498738,0.012347452,0.029179618,-0.7416147,-0.35961848,-0.5662881,-0.32095307,-0.55106276,0.7702719,-0.58906436,0.7529969,0.2932555,,0.04860254,-0.008221459,0.015906632,-0.70360065,-0.27019787,0.6572209,0.705639,-0.15662247,0.6910448,-0.08378327,0.94998026,0.3008619,,0.10501254,1.3398861,0.44090608,0.9940017,0.014133417,-0.10844788,-0.061501056,-0.74773026,-0.66114837,-0.090434045,0.6638522,-0.74237585,,-0.102084704,0.2637092,-0.09055163,0.76953065,0.29325828,0.56729364,-0.61780035,0.11694117,0.7775908,0.16169497,-0.9488542,0.2711649,,-0.022512231,0.40800017,-0.34505886,0.66658986,0.1842766,-0.72228813,0.42103603,0.7065197,0.568822,0.6151314,-0.6832803,0.39337182,,1.2113415422536113,0.5675899753240046,0.19954051228000003,0.3753449988372986,0.1766709941967145,1.3310546974590811,-0.3956193281772242,,-0.8653013276253594,-0.19975620852469117,0.19800311234,-3.713399209167442,-0.11368156780484645,1.3924534877321895,0.8747074741490655,,-0.06789112624101443,-0.050775991263645036,0.08427136484,-0.06737965366399314,,9.499863e-05,7.867813e-06,-1.0251999e-05,1.0,-6.92606e-05,-6.1929226e-05,6.925315e-05,1.0,-8.434057e-06,6.1929226e-05,8.434057e-06,1.0,268,0.83,1,1,0.738,False,-0.2549926627049395,1.0492253061540504
0.8381374859600328,11:18:10.706196,11:18:02.214336,0,,0.1247252,0.012339018,0.029410347,-0.71335584,-0.3981962,-0.57668316,-0.31846064,-0.54882795,0.7728975,-0.62426466,0.7350018,0.2646997,,0.048605606,-0.008217942,0.015909076,-0.7036,-0.27021548,0.6572142,0.70563984,-0.1566424,0.69103956,-0.08378199,0.94997203,0.30088848,,0.10501254,1.3398861,0.44090608,0.9940017,0.014133417,-0.10844788,-0.061501056,-0.74773026,-0.66114837,-0.090434045,0.6638522,-0.74237585,,-0.10183871,0.26386625,-0.0907436,0.7437432,0.33298922,0.5796243,-0.64059514,0.10727652,0.7603483,0.19100773,-0.93680835,0.29309747,,-0.022515714,0.4080038,-0.34505737,0.6665891,0.18429604,-0.72228384,0.42103744,0.7065035,0.56884116,0.61513126,-0.68329185,0.393352,,1.213395789198155,0.5660840424135308,0.19939403151,0.3405364682188675,0.2097370271399511,1.3047449946856715,-0.3965993925740301,,-0.8653244958239821,-0.19974076305894273,0.19800311234,-3.713399209167442,-0.11368156780484645,1.3924534877321895,0.8747074741490655,,-0.06789112624101443,-0.050775991263645036,0.08427136484,-0.06737965366399314,,9.499863e-05,7.867813e-06,-1.0251999e-05,1.0,-6.92606e-05,-6.1929226e-05,6.925315e-05,1.0,-8.434057e-06,6.1929226e-05,8.434057e-06,1.0,289,0.895,1,1,0.803,False,-0.2556480176086704,1.049418426957168
0.8719308509607799,11:18:10.774444,11:18:02.313044,0,,0.124029875,0.012246765,0.030002251,-0.64154285,-0.49209696,-0.5884416,-0.30516243,-0.54007095,0.78434634,-0.7037747,0.682762,0.19630912,,0.04860402,-0.00821675,0.01590854,-0.7036049,-0.27020678,0.6572126,0.705636,-0.15664789,0.6910421,-0.083773285,0.9499736,0.30088592,,0.10501254,1.3398861,0.44090608,0.9940017,0.014133417,-0.10844788,-0.061501056,-0.74773026,-0.66114837,-0.090434045,0.6638522,-0.74237585,,-0.10118694,0.264218,-0.09128565,0.6777508,0.43034914,0.59619915,-0.6866577,0.08044459,0.7225163,0.26297328,-0.8990708,0.35002396,,-0.022514153,0.40800425,-0.3450561,0.6665932,0.18428755,-0.7222822,0.42104286,0.7065006,0.5688408,0.6151231,-0.68329716,0.39335555,,1.218114378984306,0.5620218849216887,0.19900644080000002,0.2587573902599031,0.2914456539996845,1.2328896489062156,-0.39692608070629865,,-0.8653167730911079,-0.1997330403260685,0.19800311234,-3.713399209167442,-0.11368156780484645,1.3924534877321895,0.8747074741490655,,-0.06789112624101443,-0.050775991263645036,0.08427136484,-0.06737965366399314,,9.499863e-05,7.867813e-06,-1.0251999e-05,1.0,-6.92606e-05,-6.1929226e-05,6.925315e-05,1.0,-8.434057e-06,6.1929226e-05,8.434057e-06,1.0,310,0.961,1,1,0.869,False,-0.25588632848275505,1.049370146756389
0.940198395983316,11:18:10.840098,11:18:02.313044,0,,0.12313982,0.012165941,0.0305527,-0.5619287,-0.570964,-0.59852856,-0.29798126,-0.535268,0.79037666,-0.7716497,0.62248564,0.13064581,,0.048600703,-0.008220535,0.015905857,-0.7038549,-0.27015626,0.65696555,0.7053634,-0.15648657,0.6913569,-0.08396813,0.9500145,0.3007022,,0.10501254,1.3398861,0.44090608,0.9940017,0.014133417,-0.10844788,-0.061501056,-0.74773026,-0.66114837,-0.090434045,0.6638522,-0.74237585,,-0.100337885,0.26455465,-0.09180286,0.6030347,0.51313347,0.6107726,-0.72948,0.04488598,0.6825278,0.3228127,-0.85713434,0.40138844,,-0.022510378,0.4080003,-0.3450577,0.6668765,0.18422405,-0.72203684,0.42075592,0.7066214,0.56890297,0.61501235,-0.68318933,0.39371586,,1.2228406915033316,0.5578438864367332,0.19866422024000002,0.16838102461807306,0.3615401783793554,1.1609484123445097,-0.39806948916923823,,-0.8652936048924852,-0.19974848579181695,0.19800311234,-3.7138185890544113,-0.11368156780484645,1.392371808992049,0.8745441300829311,,-0.06789112624101443,-0.050775991263645036,0.08427136484,-0.06737965366399314,,9.499863e-05,7.867813e-06,-1.0251999e-05,1.0,-6.92606e-05,-6.1929226e-05,6.925315e-05,1.0,-8.434057e-06,6.1929226e-05,8.434057e-06,1.0,327,1.014,1,1,0.922,False,-0.25683957197909146,1.049708108161845
1.0058495919802226,11:18:10.894396,11:18:02.406259,0,,0.12256324,0.012210362,0.030927107,-0.50232905,-0.61918,-0.6035575,-0.29120386,-0.53609806,0.7923378,-0.8141657,0.5737726,0.08898997,,0.048610024,-0.008218732,0.015909731,-0.70384055,-0.27020532,0.6569608,0.705375,-0.15649876,0.69134235,-0.08399081,0.9499986,0.30074632,,0.10501254,1.3398861,0.44090608,0.9940017,0.014133417,-0.10844788,-0.061501056,-0.74773026,-0.66114837,-0.090434045,0.6638522,-0.74237585,,-0.0997863,0.26485577,-0.09208512,0.546593,0.56442183,0.61859846,-0.75486875,0.012320224,0.65576017,0.3625041,-0.8253946,0.43279856,,-0.02252012,0.4080034,-0.34505835,0.6668638,0.18427506,-0.7220356,0.42074272,0.70660704,0.5689306,0.6150351,-0.68319046,0.39367828,,1.2256517662695492,0.5554961756429689,0.19852033205000003,0.10232869242044788,0.40799658829960517,1.1117946589483287,-0.3990495535660441,,-0.8653476640226048,-0.19974848579181695,0.19800440863000002,-3.7138185890544113,-0.11368156780484645,1.392371808992049,0.8745441300829311,,-0.06789112624101443,-0.050775991263645036,0.08427136484,-0.06737965366399314,,9.499863e-05,7.867813e-06,-1.0251999e-05,1.0,-6.92606e-05,-6.1929226e-05,6.925315e-05,1.0,-8.434057e-06,6.1929226e-05,8.434057e-06,1.0,336,1.043,1,1,0.951,False,-0.2568991496976123,1.0491770259532711
1.060129559948109,11:18:10.924596,11:18:02.406259,0,,0.12226729,0.0122569725,0.031122938,-0.4681795,-0.64790905,-0.60085106,-0.28522095,-0.53277475,0.7967434,-0.8363354,0.54439425,0.064636916,,0.048612513,-0.008218285,0.015911162,-0.70383656,-0.27021936,0.65695935,0.7053783,-0.15650222,0.6913381,-0.08399731,0.94999397,0.3007589,,0.10501254,1.3398861,0.44090608,0.9940017,0.014133417,-0.10844788,-0.061501056,-0.74773026,-0.66114837,-0.090434045,0.6638522,-0.74237585,,-0.099502735,0.26503026,-0.09221646,0.5141676,0.5951131,0.61763424,-0.76638746,-0.004526114,0.64236265,0.38507393,-0.8036292,0.45376006,,-0.02252276,0.4080045,-0.3450588,0.6668602,0.18428963,-0.72203517,0.42073894,0.70660293,0.56893855,0.6150416,-0.68319076,0.39366752,,1.2269723535910417,0.5542991520474642,0.19847625819000003,0.0654232623671716,0.4343674327543352,1.0783659074743976,-0.4003563060951185,,-0.8653631094883532,-0.19974848579181695,0.19800440863000002,-3.7138185890544113,-0.11368156780484645,1.392371808992049,0.8745441300829311,,-0.06789112624101443,-0.050775991263645036,0.08427136484,-0.06737965366399314,,9.499863e-05,7.867813e-06,-1.0251999e-05,1.0,-6.92606e-05,-6.1929226e-05,6.925315e-05,1.0,-8.434057e-06,6.1929226e-05,8.434057e-06,1.0,349,1.084,1,1,0.992,False,-0.256541683386486,1.0493218665556094
1.0903403819538653,11:18:10.971581,11:18:02.406259,0,,0.121839814,0.012334578,0.031457886,-0.3986414,-0.6963393,-0.5968222,-0.2731799,-0.5310657,0.80208594,-0.87547576,0.4827845,0.021478802,,0.048608564,-0.0082174055,0.015909314,-0.7037207,-0.27013254,0.6571191,0.7055072,-0.15649039,0.6912093,-0.08388531,0.9500207,0.30070603,,0.10501254,1.3398861,0.44090608,0.9940017,0.014133417,-0.10844788,-0.061501056,-0.74773026,-0.66114837,-0.090434045,0.6638522,-0.74237585,,-0.09909631,0.26532525,-0.09243725,0.44773942,0.64753985,0.616621,-0.7858643,-0.043995988,0.61683196,0.42655218,-0.7607604,0.48917973,,-0.022518706,0.40800396,-0.345057,0.6667267,0.18420011,-0.72218126,0.4208909,0.7066214,0.56880313,0.6150824,-0.68319577,0.39359525,,1.228262049981037,0.5523761915617823,0.19843348062000002,-0.009226357513319072,0.483010026670832,1.0168929101409412,-0.39855952136764117,,-0.8653399412897306,-0.19974076305894273,0.19800440863000002,-3.713608899110926,-0.11368156780484645,1.3922901302519084,0.8747074741490654,,-0.06789112624101443,-0.050775991263645036,0.08427136484,-0.06737965366399314,,9.499863e-05,7.867813e-06,-1.0251999e-05,1.0,-6.92606e-05,-6.1929226e-05,6.925315e-05,1.0,-8.434057e-06,6.1929226e-05,8.434057e-06,1.0,363,1.129,1,1,1.037,False,-0.25725661600873906,1.0498529487641832
1.1373288899776526,11:18:11.007197,11:18:02.406259,0,,0.12156179,0.012347944,0.031611964,-0.3529829,-0.7245635,-0.5919552,-0.26626095,-0.5287301,0.80594635,-0.8969438,0.4420999,-0.0062903464,,0.048608437,-0.00821754,0.015909135,-0.7038454,-0.27014294,0.6569813,0.70537126,-0.15644786,0.6913577,-0.08398208,0.9500247,0.30066618,,0.10501254,1.3398861,0.44090608,0.9940017,0.014133417,-0.10844788,-0.061501056,-0.74773026,-0.66114837,-0.090434045,0.6638522,-0.74237585,,-0.098828815,0.26544657,-0.09255953,0.4038151,0.6784472,0.61371225,-0.7964987,-0.06926686,0.60065955,0.4500257,-0.7313764,0.51241136,,-0.022518558,0.4080038,-0.34505707,0.666868,0.18420759,-0.72204894,0.42074814,0.70665056,0.5688726,0.61502695,-0.68316364,0.3937376,,1.2286790775562453,0.5510401587745415,0.19842440659000002,-0.05892287411915135,0.5111571456225127,0.9745829605661653,-0.3957826722433586,,-0.8653399412897306,-0.19974076305894273,0.19800440863000002,-3.7138185890544113,-0.11368156780484645,1.3922901302519084,0.8747074741490654,,-0.06789112624101443,-0.050775991263645036,0.08427136484,-0.06737965366399314,,9.499863e-05,7.867813e-06,-1.0251999e-05,1.0,-6.92606e-05,-6.1929226e-05,6.925315e-05,1.0,-8.434057e-06,6.1929226e-05,8.434057e-06,1.0,372,1.157,1,1,1.065,False,-0.2570778828531757,1.0493218665556094
1.172951494983863,11:18:11.040563,11:18:02.579615,0,,NaN,NaN,NaN,NaN,NaN,NaN,NaN,NaN,NaN,NaN,NaN,NaN,,0.048618667,-0.008214083,0.015913844,-0.7038318,-0.2701973,0.6569735,0.70538247,-0.1564692,0.69134146,-0.084002525,0.95000577,0.30072036,,0.10501254,1.3398861,0.44090608,0.9940017,0.014133417,-0.10844788,-0.061501056,-0.74773026,-0.66114837,-0.090434045,0.6638522,-0.74237585,,NaN,NaN,NaN,NaN,NaN,NaN,NaN,NaN,NaN,NaN,NaN,NaN,,-0.022529382,0.40800843,-0.34505686,0.6668558,0.18426467,-0.7220456,0.42073658,0.70662904,0.5689078,0.61504805,-0.6831705,0.3936928,,NaN,NaN,NaN,NaN,NaN,NaN,NaN,,-0.8654017231527243,-0.1997330403260685,0.19800570492000003,-3.7138185890544113,-0.11368156780484645,1.3922901302519084,0.8747074741490654,,-0.06789112624101443,-0.050775991263645036,0.08427136484,-0.06737965366399314,,9.499863e-05,7.867813e-06,-1.0251999e-05,1.0,-6.92606e-05,-6.1929226e-05,6.925315e-05,1.0,-8.434057e-06,6.1929226e-05,8.434057e-06,1.0,395,1.231,0,1,1.133,False,-0.256541683386486,1.0496115477602863
