Task Time,PC1 Time,PC2 Time,Gaze Calib,s_T_psm1,Tx,Ty,Tz,R00,R01,R02,R10,R11,R12,R20,R21,R22,s_T_psm3,Tx,Ty,Tz,R00,R01,R02,R10,R11,R12,R20,R21,R22,cart_T_ecm,Tx,Ty,Tz,R00,R01,R02,R10,R11,R12,R20,R21,R22,ecm_T_psm1,Tx,Ty,Tz,R00,R01,R02,R10,R11,R12,R20,R21,R22,ecm_T_psm3,Tx,Ty,Tz,R00,R01,R02,R10,R11,R12,R20,R21,R22,psm1_joints,q1,q2,q3,q4,q5,q6,jaw,psm3_joints,q1,q2,q3,q4,q5,q6,jaw,ecm_joints,q1,q2,q3,q4,ecmi_T_ecm,Tx,Ty,Tz,R00,R01,R02,R10,R11,R12,R20,R21,R22,Sample #,Task Duration (s),Collisions (binary),Collisions (increments),Cumulative Collision Time (s),Clutch Press,MTMR Angle,MTML Angle
""
lci_T_si,,,,,-0.05588401,0.033678196,0.22142315,0.99411887,-0.024834005,0.10540873,0.053824607,-0.7313092,-0.67991894,0.09397148,0.68159384,-0.7256715
rci_T_si,,,,,-0.06556821,0.037878036,0.23215216,0.98745227,-0.051865816,0.14915736,0.06880197,-0.7088702,-0.70197535,0.14214173,0.7034295,-0.69640696
ecm_T_lc,,,,,-4.4061628e-05,-0.00034663224,-0.01840835,-0.99912,0.030754527,0.028518902,-0.031987965,-0.99852574,-0.043852776,0.027128186,-0.04472645,0.9986309
ecm_T_rc,,,,,-0.0043358393,0.01870579,-0.007592615,-0.99555075,-0.052743673,-0.078081585,0.04863213,-0.9973746,0.053654674,-0.08070653,0.04961868,0.9955021
cart_T_ecmi,,,,,0.1049169,1.339891,0.44090196,0.9940074,0.014203176,-0.108386196,-0.061408322,-0.7477289,-0.66115844,-0.090434045,0.6638522,-0.74237585
ecmac_T_ecmrep_psm1,,,,,0.008075713,-0.26004106,-0.30289736,0.99667877,0.061445758,0.053440064,-0.058828812,0.9970531,-0.049237434,-0.056308012,0.04593009,0.9973564
ecmac_T_ecmrep_psm3,,,,,-0.012692571,-0.457308,-0.5458498,0.99509805,-0.029463936,0.094401784,0.014504567,0.9877462,0.15539348,-0.09782351,-0.1532625,0.9833317
""
0,11:12:25.551341,11:12:17.102948,0,,0.12566315,0.002012603,0.004878521,-0.8519774,0.054565296,-0.5207276,-0.50953597,-0.3152018,0.8006377,-0.1204472,0.9474547,0.2963478,,0.041633975,-0.025549263,0.011914372,-0.8669422,-0.11734484,0.48439783,0.49584165,-0.10455018,0.8620963,-0.05051869,0.9875725,0.14882344,,0.10502383,1.339887,0.44090092,0.9940014,0.014130409,-0.10845054,-0.061505053,-0.74773026,-0.6611479,-0.090434045,0.6638522,-0.74237585,,-0.101456456,0.2395987,-0.079788916,0.84326833,-0.12601581,0.5225118,-0.43465704,0.4119804,0.80084044,-0.31618318,-0.9024368,0.29263636,,-0.0142102,0.3955299,-0.35689443,0.83769906,0.025728144,-0.5455257,0.3448035,0.7497169,0.564832,0.42352194,-0.6612584,0.61916596,,1.140817545646193,0.48231555892681754,0.21277563318000003,0.5623884284254943,-0.27491263752806616,1.400183322781015,-0.39953958576444715,,-0.8139451540117664,-0.2854785434285832,0.19607164024,-3.9568492335529744,-0.2840672830123507,1.3961316199688558,0.8685003996359627,,-0.06813329067472865,-0.051181780314733714,0.08427136484,-0.06737965366399314,,0.00010663271,3.8146973e-06,-8.225441e-06,0.99999994,-7.2252005e-05,-6.4611435e-05,7.224083e-05,0.99999994,-8.821487e-06,6.4603984e-05,8.761883e-06,0.99999994,37,0.111,0,0,0.0,False,-0.2548735072678969,1.0442041652729868
0.1283709940034896,11:12:25.579423,11:12:17.102948,0,,0.1256571,0.002017483,0.0048961937,-0.8520651,0.054733496,-0.52056646,-0.509435,-0.31519443,0.80070484,-0.12025428,0.9474474,0.29644924,,0.04164474,-0.025545701,0.011915982,-0.86693656,-0.117396995,0.48439524,0.49584907,-0.104595214,0.86208653,-0.05054097,0.9875616,0.14888859,,0.10502383,1.339887,0.44090092,0.9940014,0.014130409,-0.10845054,-0.061505053,-0.74773026,-0.6611479,-0.090434045,0.6638522,-0.74237585,,-0.10145145,0.23961447,-0.079798914,0.8433459,-0.12618288,0.5223463,-0.4344497,0.41197675,0.8009548,-0.31626132,-0.9024151,0.29261878,,-0.014221261,0.39553204,-0.3568924,0.8376953,0.025783619,-0.54552895,0.3447892,0.74968785,0.56487924,0.423541,-0.66128916,0.61912006,,1.1408716047763126,0.4823696180569371,0.21276526286000003,0.5625981183689789,-0.2750492740278316,1.4001313832044302,-0.3992128976321786,,-0.8140069358747603,-0.28545537522996056,0.19607552911,-3.9568492335529744,-0.2840672830123507,1.3961316199688558,0.8688270877682313,,-0.06813329067472865,-0.0511883252994287,0.08427136484,-0.06737965366399314,,0.00010663271,3.8146973e-06,-8.225441e-06,0.99999994,-7.2252005e-05,-6.4611435e-05,7.224083e-05,0.99999994,-8.821487e-06,6.4603984e-05,8.761883e-06,0.99999994,45,0.135,0,0,0.0,False,-0.2555288621716292,1.0441558850722072
0.1564390740240924,11:12:25.617824,11:12:17.102948,0,,0.12565173,0.0020171404,0.0049123764,-0.85007656,0.05425343,-0.5238573,-0.5124187,-0.3149436,0.7988976,-0.121642545,0.9475584,0.29552668,,0.041658457,-0.025531322,0.011914134,-0.86702895,-0.11745713,0.48421538,0.49567983,-0.104605526,0.8621826,-0.05061792,0.98755324,0.14891714,,0.10502383,1.339887,0.44090092,0.9940014,0.014130409,-0.10845054,-0.061505053,-0.74773026,-0.6611479,-0.090434045,0.6638522,-0.74237585,,-0.10144718,0.23962535,-0.07981132,0.84136957,-0.12570429,0.52563834,-0.4376284,0.4122477,0.79908276,-0.31714132,-0.9023582,0.2918409,,-0.014235537,0.39553735,-0.3568795,0.8378043,0.025844771,-0.5453586,0.34463948,0.749682,0.56497836,0.42344725,-0.6612934,0.61917967,,1.140948832105055,0.48243912265280514,0.21275229996000003,0.5586140094427728,-0.27545918352712795,1.4006289943958006,-0.3992128976321785,,-0.8140841632035025,-0.28539359336696674,0.19608460314,-3.9570589234964593,-0.2840672830123507,1.3961316199688558,0.8688270877682313,,-0.06813329067472865,-0.0511883252994287,0.08427136484,-0.06737965366399314,,0.00010663271,3.8146973e-06,-8.225441e-06,0.99999994,-7.2252005e-05,-6.4611435e-05,7.224083e-05,0.99999994,-8.821487e-06,6.4603984e-05,8.761883e-06,0.99999994,64,0.193,0,0,0.0,False,-0.2552309735790237,1.0445421266784427
0.19483678799588233,11:12:25.664554,11:12:17.227868,0,,0.12564841,0.0020215213,0.0049355477,-0.8505928,0.05459575,-0.522983,-0.51166236,-0.3152179,0.7992741,-0.12121664,0.94744754,0.29605663,,0.04166788,-0.025514305,0.011904836,-0.86703974,-0.11759488,0.48416248,0.49566293,-0.10489863,0.86215675,-0.050597295,0.9875058,0.14923862,,0.10502383,1.339887,0.44090092,0.9940014,0.014130409,-0.10845054,-0.061505053,-0.74773026,-0.6611479,-0.090434045,0.6638522,-0.74237585,,-0.10144527,0.23964438,-0.07982549,0.8418778,-0.12604617,0.52474195,-0.43677202,0.411963,0.7996979,-0.31697312,-0.9024405,0.29176906,,-0.0142449625,0.39553863,-0.35686013,0.83781403,0.026003178,-0.5453361,0.34464756,0.7494894,0.5652288,0.4234214,-0.6615054,0.6189709,,1.140987445769426,0.4825009045157989,0.21273544819,0.5596624591601955,-0.27545918352712795,1.4007106731359413,-0.3993762416983129,,-0.8141227768678736,-0.2853163660382245,0.19609886233,-3.9570589234964593,-0.2840672830123507,1.3963766561892776,0.8693171199666342,,-0.06813329067472865,-0.0511883252994287,0.08427136484,-0.06737965366399314,,0.00010663271,3.8146973e-06,-8.225441e-06,0.99999994,-7.2252005e-05,-6.4611435e-05,7.224083e-05,0.99999994,-8.821487e-06,6.4603984e-05,8.761883e-06,0.99999994,72,0.217,0,0,0.0,False,-0.2552905512975445,1.0448318078831196
0.24154134199488908,11:12:25.693280,11:12:17.227868,0,,0.12564494,0.0020168275,0.0049446076,-0.8505936,0.05460924,-0.5229802,-0.5116629,-0.31522438,0.7992712,-0.12120852,0.9474446,0.29606932,,0.041669913,-0.025509357,0.011902094,-0.8670438,-0.11759703,0.48415488,0.4956569,-0.104922056,0.8621574,-0.050588667,0.98750293,0.14925972,,0.10502383,1.339887,0.44090092,0.9940014,0.014130409,-0.10845054,-0.061505053,-0.74773026,-0.6611479,-0.090434045,0.6638522,-0.74237585,,-0.10144253,0.23964718,-0.07983553,0.8418781,-0.1260596,0.52473825,-0.43676683,0.41195592,0.7997044,-0.31697944,-0.90244186,0.29175803,,-0.014247,0.39553905,-0.3568545,0.8378175,0.026006937,-0.54533064,0.3446515,0.74947387,0.56524706,0.42341143,-0.66152287,0.618959,,1.1410028912351744,0.4825009045157989,0.21272507787000003,0.5596624591601955,-0.27545918352712795,1.4007106731359413,-0.3993762416983129,,-0.8141304996007478,-0.28529319783960183,0.1961027512,-3.9570589234964593,-0.2840672830123507,1.3963766561892776,0.8693171199666342,,-0.06813329067472865,-0.0511883252994287,0.08427136484,-0.06737965366399314,,0.00010663271,3.8146973e-06,-8.225441e-06,0.99999994,-7.2252005e-05,-6.4611435e-05,7.224083e-05,0.99999994,-8.821487e-06,6.4603984e-05,8.761883e-06,0.99999994,80,0.241,0,0,0.0,False,-0.2552905512975445,1.04478352768234
0.270298604038544,11:12:25.717225,11:12:17.227868,0,,0.12564379,0.002014868,0.004951015,-0.85059446,0.05461239,-0.52297854,-0.51166105,-0.31523418,0.79926854,-0.12121077,0.9474412,0.2960795,,0.04167093,-0.025509074,0.011896789,-0.8670451,-0.11755033,0.48416373,0.495655,-0.10484952,0.86216724,-0.05058375,0.9875163,0.14917362,,0.10502383,1.339887,0.44090092,0.9940014,0.014130409,-0.10845054,-0.061505053,-0.74773026,-0.6611479,-0.090434045,0.6638522,-0.74237585,,-0.10144188,0.23965015,-0.07984163,0.8418791,-0.12606281,0.52473587,-0.43676698,0.41194633,0.7997092,-0.3169766,-0.9024458,0.29174894,,-0.01424751,0.39553484,-0.3568512,0.83781844,0.02595505,-0.5453316,0.3446545,0.7495214,0.56518227,0.42340702,-0.6614711,0.6190173,,1.1410106139680487,0.48250862724867316,0.21271859642000002,0.5596624591601955,-0.27545918352712795,1.4007106731359413,-0.3993762416983129,,-0.8141227768678736,-0.28529319783960183,0.19610793636,-3.9570589234964593,-0.2840672830123507,1.396294977449137,0.8694804640327685,,-0.06813329067472865,-0.0511883252994287,0.08427136484,-0.06737965366399314,,0.00010663271,3.8146973e-06,-8.225441e-06,0.99999994,-7.2252005e-05,-6.4611435e-05,7.224083e-05,0.99999994,-8.821487e-06,6.4603984e-05,8.761883e-06,0.99999994,91,0.275,0,0,0.0,False,-0.25535012901606535,1.0445904068792222
0.2942526040133089,11:12:25.743662,11:12:17.227868,0,,0.12564126,0.002014175,0.0049628913,-0.85059685,0.054621853,-0.5229737,-0.51165545,-0.3152636,0.79926044,-0.12121746,0.94743085,0.29610974,,0.041671492,-0.025508925,0.011895657,-0.8670451,-0.11755033,0.48416373,0.495655,-0.10484952,0.86216724,-0.05058375,0.9875163,0.14917362,,0.10502383,1.339887,0.44090092,0.9940014,0.014130409,-0.10845054,-0.061505053,-0.74773026,-0.6611479,-0.090434045,0.6638522,-0.74237585,,-0.101440154,0.23965777,-0.07985095,0.8418821,-0.1260724,0.5247288,-0.4367674,0.41191754,0.7997238,-0.31696808,-0.9024576,0.2917217,,-0.014247964,0.39553392,-0.3568504,0.83781844,0.02595505,-0.5453316,0.3446545,0.7495214,0.56518227,0.42340702,-0.6614711,0.6190173,,1.1410337821666714,0.4825317954472958,0.2127082261,0.5596624591601955,-0.27545918352712795,1.4007106731359413,-0.3993762416983129,,-0.8141227768678736,-0.28529319783960183,0.19610923265000002,-3.9570589234964593,-0.2840672830123507,1.396294977449137,0.8694804640327685,,-0.06813329067472865,-0.0511883252994287,0.08427136484,-0.06737965366399314,,0.00010663271,3.8146973e-06,-8.225441e-06,0.99999994,-7.2252005e-05,-6.4611435e-05,7.224083e-05,0.99999994,-8.821487e-06,6.4603984e-05,8.761883e-06,0.99999994,99,0.299,0,0,0.0,False,-0.25540970673458663,1.0446869672807815
0.3206349920365028,11:12:25.772575,11:12:17.308415,0,,0.12564033,0.0020150542,0.0049713105,-0.85059875,0.05458187,-0.52297467,-0.5116496,-0.31522444,0.79927963,-0.1212282,0.9474462,0.2960563,,0.041673295,-0.025508553,0.01189512,-0.8670438,-0.11759703,0.48415488,0.4956569,-0.104922056,0.8621574,-0.050588667,0.98750293,0.14925972,,0.10502383,1.339887,0.44090092,0.9940014,0.014130409,-0.10845054,-0.061505053,-0.74773026,-0.6611479,-0.090434045,0.6638522,-0.74237585,,-0.10143976,0.23966417,-0.079856545,0.8418849,-0.12603243,0.52473384,-0.4367704,0.41195762,0.7997015,-0.31695643,-0.9024449,0.29177368,,-0.014249724,0.3955335,-0.35684976,0.8378175,0.026006937,-0.54533064,0.3446515,0.74947387,0.56524706,0.42341143,-0.66152287,0.618959,,1.1410492276324198,0.4825549636459185,0.21270174465000002,0.5596624591601955,-0.27545918352712795,1.4006289943958006,-0.39953958576444715,,-0.8141304996007478,-0.28529319783960183,0.19611052894000003,-3.9570589234964593,-0.2840672830123507,1.3963766561892776,0.8696438080989026,,-0.06813329067472865,-0.0511883252994287,0.08427136484,-0.06737965366399314,,0.00010663271,3.8146973e-06,-8.225441e-06,0.99999994,-7.2252005e-05,-6.4611435e-05,7.224083e-05,0.99999994,-8.821487e-06,6.4603984e-05,8.761883e-06,0.99999994,107,0.324,0,0,0.0,False,-0.2556480176086704,1.043817923666751
0.34958793403347954,11:12:25.800470,11:12:17.308415,0,,0.1256366,0.0020129979,0.0049840957,-0.8505817,0.05476417,-0.5229833,-0.511705,-0.31527394,0.7992247,-0.12111418,0.94741917,0.29618937,,0.041676603,-0.025506347,0.011894107,-0.8670428,-0.11753061,0.48417273,0.49565807,-0.104792625,0.8621725,-0.050593957,0.9875247,0.14911464,,0.10502383,1.339887,0.44090092,0.9940014,0.014130409,-0.10845054,-0.061505053,-0.74773026,-0.6611479,-0.090434045,0.6638522,-0.74237585,,-0.10143695,0.23967144,-0.07986754,0.8418588,-0.12621386,0.5247321,-0.43673384,0.41189855,0.79975194,-0.31707618,-0.90244645,0.29163855,,-0.014253035,0.39553356,-0.35684732,0.83781695,0.02593135,-0.54533505,0.3446478,0.74955887,0.5651367,0.42341548,-0.6614296,0.6190559,,1.1410723958310425,0.4825781318445412,0.21269007804,0.5596624591601955,-0.2755958200268934,1.400740412299497,-0.39953958576444715,,-0.8141459450664963,-0.28528547510672764,0.19611312152000002,-3.9570589234964593,-0.2840672830123507,1.3962132987089966,0.8696438080989027,,-0.06813329067472865,-0.0511883252994287,0.08427136484,-0.06737965366399314,,0.00010663271,3.8146973e-06,-8.225441e-06,0.99999994,-7.2252005e-05,-6.4611435e-05,7.224083e-05,0.99999994,-8.821487e-06,6.4603984e-05,8.761883e-06,0.99999994,115,0.347,0,0,0.0,False,-0.2557075953271921,1.0443972860761046
0.3775001370231621,11:12:25.823355,11:12:17.308415,0,,0.12563325,0.0020131245,0.004993707,-0.8505646,0.05494645,-0.52299213,-0.51176035,-0.3153235,0.79916966,-0.12100014,0.9473921,0.2963224,,0.041677848,-0.025506124,0.011894703,-0.86704135,-0.11745867,0.4841927,0.49565998,-0.104653955,0.86218816,-0.050598815,0.9875479,0.14895883,,0.10502383,1.339887,0.44090092,0.9940014,0.014130409,-0.10845054,-0.061505053,-0.74773026,-0.6611479,-0.090434045,0.6638522,-0.74237585,,-0.10143424,0.23967814,-0.0798747,0.84183264,-0.1263953,0.52473044,-0.43669727,0.41183946,0.7998023,-0.31719595,-0.90244806,0.29150343,,-0.014254342,0.39553404,-0.35684747,0.83781594,0.025849612,-0.5453405,0.3446448,0.7496498,0.56501776,0.4234199,-0.6613296,0.61915964,,1.1410955640296652,0.4826013000431638,0.21268230030000002,0.5596624591601955,-0.2757324565266588,1.4008518302031936,-0.39953958576444715,,-0.8141536677993705,-0.28528547510672764,0.19611312152000002,-3.9570589234964593,-0.2840672830123507,1.3960499412287153,0.869317119966634,,-0.06813329067472865,-0.0511883252994287,0.08427136484,-0.06737965366399314,,0.00010663271,3.8146973e-06,-8.225441e-06,0.99999994,-7.2252005e-05,-6.4611435e-05,7.224083e-05,0.99999994,-8.821487e-06,6.4603984e-05,8.761883e-06,0.99999994,127,0.384,0,0,0.0,False,-0.25546928445310746,1.044735247481561
0.4003749039839022,11:12:25.851768,11:12:17.308415,0,,0.1256237,0.0020106882,0.0050103813,-0.8502432,0.05494302,-0.5235149,-0.5122614,-0.31523937,0.7988818,-0.12113954,0.94742024,0.2961753,,0.041677848,-0.025506124,0.011894703,-0.86704135,-0.11745867,0.4841927,0.49565998,-0.104653955,0.86218816,-0.050598815,0.9875479,0.14895883,,0.10502383,1.339887,0.44090092,0.9940014,0.014130409,-0.10845054,-0.061505053,-0.74773026,-0.6611479,-0.090434045,0.6638522,-0.74237585,,-0.101425886,0.23968793,-0.07988918,0.841507,-0.12639135,0.5252535,-0.43716702,0.4119203,0.79950404,-0.31741297,-0.9024117,0.2913797,,-0.014254342,0.39553404,-0.35684747,0.83781594,0.025849612,-0.5453405,0.3446448,0.7496498,0.56501776,0.4234199,-0.6613296,0.61915964,,1.141157345892659,0.4826244682417865,0.21266674482000003,0.5590333893297419,-0.27586909302642426,1.4008815693667493,-0.3997029298305814,,-0.8141536677993705,-0.28528547510672764,0.19611312152000002,-3.9570589234964593,-0.2840672830123507,1.3960499412287153,0.869317119966634,,-0.06813329067472865,-0.0511883252994287,0.08427136484,-0.06737965366399314,,0.00010663271,3.8146973e-06,-8.225441e-06,0.99999994,-7.2252005e-05,-6.4611435e-05,7.224083e-05,0.99999994,-8.821487e-06,6.4603984e-05,8.761883e-06,0.99999994,138,0.418,0,0,0.0,False,-0.25582675076423333,1.044011044469869
0.42879750300198793,11:12:25.885503,11:12:17.443376,0,,0.12560062,0.002010867,0.00504601,-0.84905124,0.05500609,-0.52543914,-0.514117,-0.31501237,0.79777855,-0.12163712,0.9474922,0.29574114,,0.041678406,-0.025505975,0.011893511,-0.86704135,-0.11745867,0.4841927,0.49565998,-0.104653955,0.86218816,-0.050598815,0.9875479,0.14895883,,0.10502383,1.339887,0.44090092,0.9940014,0.014130409,-0.10845054,-0.061505053,-0.74773026,-0.6611479,-0.090434045,0.6638522,-0.74237585,,-0.10140521,0.23971286,-0.07991664,0.8402984,-0.12645257,0.5271701,-0.43889403,0.41213405,0.79844695,-0.31823042,-0.90230554,0.2908163,,-0.014254796,0.39553314,-0.3568467,0.83781594,0.025849612,-0.5453405,0.3446448,0.7496498,0.56501776,0.4234199,-0.6613296,0.61915964,,1.1413195232830176,0.4827016955705288,0.21263693015000001,0.5567267999514122,-0.27641563902548605,1.4011638835012539,-0.40002961796284997,,-0.8141536677993705,-0.28528547510672764,0.19611441781000002,-3.9570589234964593,-0.2840672830123507,1.3960499412287153,0.869317119966634,,-0.06813329067472865,-0.0511883252994287,0.08427136484,-0.06737965366399314,,0.00010663271,3.8146973e-06,-8.225441e-06,0.99999994,-7.2252005e-05,-6.4611435e-05,7.224083e-05,0.99999994,-8.821487e-06,6.4603984e-05,8.761883e-06,0.99999994,146,0.443,0,0,0.0,False,-0.25636295023092304,1.04391448406831
0.4625329850241542,11:12:25.913913,11:12:17.443376,0,,0.12559153,0.00201492,0.005063668,-0.8491596,0.055064928,-0.5252579,-0.5139608,-0.31503728,0.7978694,-0.12154119,0.94748044,0.29581815,,0.041678116,-0.025504574,0.011893511,-0.86704314,-0.117457,0.48418993,0.49565732,-0.10466102,0.8621888,-0.0505943,0.9875474,0.14896399,,0.10502383,1.339887,0.44090092,0.9940014,0.014130409,-0.10845054,-0.061505053,-0.74773026,-0.6611479,-0.090434045,0.6638522,-0.74237585,,-0.101397194,0.23972805,-0.07992738,0.84040457,-0.12651119,0.52698684,-0.4387117,0.4121064,0.79856145,-0.3182016,-0.90230995,0.29083413,,-0.014254586,0.395534,-0.35684553,0.83781743,0.025848417,-0.5453383,0.3446471,0.7496451,0.56502265,0.4234151,-0.6613351,0.61915714,,1.1413890278788856,0.48274030923489986,0.21262396725000002,0.5569364898948967,-0.27641563902548605,1.4010822047611133,-0.40019296202898424,,-0.8141536677993705,-0.2852777523738534,0.19611441781000002,-3.9570589234964593,-0.2840672830123507,1.3960499412287153,0.869317119966634,,-0.06813329067472865,-0.0511883252994287,0.08427136484,-0.06737965366399314,,0.00010663271,3.8146973e-06,-8.225441e-06,0.99999994,-7.2252005e-05,-6.4611435e-05,7.224083e-05,0.99999994,-8.821487e-06,6.4603984e-05,8.761883e-06,0.99999994,154,0.467,0,0,0.0,False,-0.2564821056679656,1.043721363265192
0.4909392310073599,11:12:25.945620,11:12:17.443376,0,,0.12557082,0.00202246,0.00510183,-0.84915274,0.055333212,-0.52524084,-0.51400334,-0.3151939,0.79778016,-0.121408954,0.9474128,0.29608917,,0.041676573,-0.025503352,0.011892974,-0.86704624,-0.11744817,0.48418638,0.4956528,-0.104666024,0.86219084,-0.050584942,0.9875479,0.14896372,,0.10502383,1.339887,0.44090092,0.9940014,0.014130409,-0.10845054,-0.061505053,-0.74773026,-0.6611479,-0.090434045,0.6638522,-0.74237585,,-0.10137885,0.23976004,-0.07995153,0.84038776,-0.12677874,0.52694935,-0.43865314,0.41193908,0.79867995,-0.31832665,-0.9023488,0.29057667,,-0.01425307,0.39553443,-0.35684425,0.8378199,0.025839876,-0.5453349,0.3446524,0.74964166,0.565024,0.4234059,-0.66133934,0.6191589,,1.1415434825363702,0.4828252592965164,0.21259544887,0.5569364898948967,-0.27655227552525147,1.4011936226648098,-0.40019296202898424,,-0.8141459450664963,-0.28527002964097914,0.19611441781000002,-3.9570589234964593,-0.2840672830123507,1.3960499412287153,0.869317119966634,,-0.06813329067472865,-0.0511883252994287,0.08427136484,-0.06737965366399314,,0.00010663271,3.8146973e-06,-8.225441e-06,0.99999994,-7.2252005e-05,-6.4611435e-05,7.224083e-05,0.99999994,-8.821487e-06,6.4603984e-05,8.761883e-06,0.99999994,166,0.503,0,0,0.0,False,-0.2566012611050077,1.0444938464776636
0.5226283689844422,11:12:25.975519,11:12:17.443376,0,,0.12555853,0.002028808,0.0051226914,-0.84914094,0.05556191,-0.5252358,-0.51405245,-0.31529832,0.7977072,-0.121283814,0.94736457,0.2962944,,0.041680448,-0.025501043,0.011890769,-0.8670453,-0.11746082,0.4841851,0.495654,-0.10467744,0.86218876,-0.050590217,0.9875452,0.14897993,,0.10502383,1.339887,0.44090092,0.9940014,0.014130409,-0.10845054,-0.061505053,-0.74773026,-0.6611479,-0.090434045,0.6638522,-0.74237585,,-0.101367794,0.23977917,-0.07996329,0.8403663,-0.12700662,0.52692866,-0.4386043,0.41182426,0.79876596,-0.31845057,-0.90236914,0.2903776,,-0.014256834,0.39553353,-0.35684103,0.83781934,0.025853373,-0.54533505,0.34464872,0.74963427,0.565036,0.42340994,-0.66134715,0.6191478,,1.1416361553308607,0.4828793184266359,0.21258118968000003,0.5569364898948967,-0.2766889120250169,1.4013050405685061,-0.40019296202898424,,-0.8141613905322447,-0.28526230690810495,0.19611830668000002,-3.9570589234964593,-0.2840672830123507,1.3960499412287153,0.869317119966634,,-0.06813329067472865,-0.0511883252994287,0.08427136484,-0.06737965366399314,,0.00010663271,3.8146973e-06,-8.225441e-06,0.99999994,-7.2252005e-05,-6.4611435e-05,7.224083e-05,0.99999994,-8.821487e-06,6.4603984e-05,8.761883e-06,0.99999994,181,0.549,0,0,0.0,False,-0.2566608388235285,1.0443972860761046
0.5525506539852358,11:12:26.022864,11:12:17.443376,0,,0.12553608,0.0020240992,0.00518623,-0.84909624,0.05611871,-0.5252489,-0.5142083,-0.3154552,0.7975447,-0.120935306,0.9472796,0.2967084,,0.041684818,-0.025492579,0.011885226,-0.8670515,-0.1174668,0.48417264,0.49564457,-0.104717255,0.86218935,-0.05057746,0.98754025,0.14901695,,0.10502383,1.339887,0.44090092,0.9940014,0.014130409,-0.10845054,-0.061505053,-0.74773026,-0.6611479,-0.090434045,0.6638522,-0.74237585,,-0.101349734,0.23981945,-0.0800144,0.84029424,-0.12756081,0.5269097,-0.4384826,0.41163802,0.79892874,-0.31880805,-0.902376,0.28996387,,-0.014261121,0.39553347,-0.3568309,0.83782476,0.02586209,-0.54532635,0.34465426,0.7496079,0.56506765,0.4233948,-0.6613767,0.61912656,,1.1417906099883453,0.4829951594197493,0.21252544921000002,0.5569364898948967,-0.27709882152431325,1.401557615539455,-0.4003563060951185,,-0.8141768359979932,-0.2852236932437338,0.19612608442,-3.9570589234964593,-0.2840672830123507,1.3960499412287153,0.869317119966634,,-0.06813329067472865,-0.0511883252994287,0.08427136484,-0.06737965366399314,,0.00010663271,3.8146973e-06,-8.225441e-06,0.99999994,-7.2252005e-05,-6.4611435e-05,7.224083e-05,0.99999994,-8.821487e-06,6.4603984e-05,8.761883e-06,0.99999994,189,0.574,0,0,0.0,False,-0.25624379479388093,1.044011044469869
0.5998917589895427,11:12:26.047858,11:12:17.443376,0,,0.1255266,0.0020036846,0.005238697,-0.84729826,0.05558255,-0.528201,-0.5168811,-0.3150108,0.7959912,-0.12214577,0.9474591,0.29563755,,0.04168749,-0.025483817,0.01187855,-0.8670348,-0.117519505,0.4841897,0.49566323,-0.10459712,0.8621932,-0.050679713,0.98754674,0.14893934,,0.10502383,1.339887,0.44090092,0.9940014,0.014130409,-0.10845054,-0.061505053,-0.74773026,-0.6611479,-0.090434045,0.6638522,-0.74237585,,-0.10134433,0.23984042,-0.08006725,0.83850515,-0.12702529,0.5298809,-0.44130787,0.4120987,0.7971336,-0.31961936,-0.90224123,0.28948963,,-0.014263626,0.39553288,-0.35681984,0.83781713,0.025906892,-0.5453359,0.34458065,0.7496887,0.5650053,0.4234697,-0.6612834,0.6191751,,1.1418755600499617,0.48308010948136576,0.21247100503000002,0.5533717608556598,-0.27750873102360957,1.401728511770263,-0.4003563060951185,,-0.8141768359979932,-0.2851773568464885,0.19613386216000003,-3.9570589234964593,-0.28393064651258526,1.395938523325019,0.869317119966634,,-0.06813329067472865,-0.0511883252994287,0.08427136484,-0.06737965366399314,,0.00010663271,3.8146973e-06,-8.225441e-06,0.99999994,-7.2252005e-05,-6.4611435e-05,7.224083e-05,0.99999994,-8.821487e-06,6.4603984e-05,8.761883e-06,0.99999994,197,0.598,0,0,0.0,False,-0.2566012611050077,1.0440593246706484
0.6248892240109853,11:12:26.074653,11:12:17.443376,0,,0.1255089,0.0019897074,0.0052853227,-0.84755546,0.05633132,-0.5277088,-0.51661056,-0.3152278,0.79608095,-0.12150417,0.9473427,0.29627436,,0.04168686,-0.025477946,0.011877537,-0.8670418,-0.11751284,0.4841786,0.49565265,-0.10462549,0.86219585,-0.050661713,0.98754454,0.1489602,,0.10502383,1.339887,0.44090092,0.9940014,0.014130409,-0.10845054,-0.061505053,-0.74773026,-0.6611479,-0.090434045,0.6638522,-0.74237585,,-0.10133015,0.2398623,-0.08011198,0.8387269,-0.12777059,0.52935046,-0.44066715,0.4118424,0.7976204,-0.3199214,-0.90225303,0.289119,,-0.01426324,0.39553553,-0.3568145,0.83782303,0.025902113,-0.54532707,0.34458986,0.74966973,0.5650249,0.42345053,-0.66130507,0.61916494,,1.1419605101115782,0.4831264458786111,0.21242433859,0.5540008306861134,-0.2779186405229059,1.4020627654813522,-0.4003563060951185,,-0.8141768359979932,-0.2851464659149916,0.19613515845,-3.9570589234964593,-0.28393064651258526,1.395938523325019,0.869317119966634,,-0.06813329067472865,-0.0511883252994287,0.08427136484,-0.06737965366399314,,0.00010663271,3.8146973e-06,-8.225441e-06,0.99999994,-7.2252005e-05,-6.4611435e-05,7.224083e-05,0.99999994,-8.821487e-06,6.4603984e-05,8.761883e-06,0.99999994,205,0.622,0,0,0.0,False,-0.2559459062012759,1.04391448406831
0.6516750989831053,11:12:26.097434,11:12:17.443376,0,,0.12548736,0.0019742846,0.005351439,-0.84787494,0.05641857,-0.527186,-0.516153,-0.31516662,0.7964018,-0.12121959,0.9473578,0.29634246,,0.041686796,-0.025471956,0.011875391,-0.867049,-0.11750615,0.48416746,0.49564207,-0.104653895,0.8621985,-0.050643653,0.9875424,0.14898103,,0.10502383,1.339887,0.44090092,0.9940014,0.014130409,-0.10845054,-0.061505053,-0.74773026,-0.6611479,-0.090434045,0.6638522,-0.74237585,,-0.10131348,0.23989649,-0.08017222,0.8390397,-0.12785688,0.5288336,-0.4401306,0.4118954,0.79788923,-0.31983978,-0.9022166,0.28932285,,-0.014263308,0.39553726,-0.35680836,0.837829,0.025897332,-0.5453182,0.3445991,0.7496507,0.5650445,0.42343134,-0.6613268,0.6191549,,1.14209179657044,0.4831959504744791,0.21235952409000003,0.5546299005165669,-0.2779186405229059,1.4017360505207899,-0.40002961796284975,,-0.8141768359979932,-0.28511557498349466,0.19613775103000003,-3.9570589234964593,-0.28393064651258526,1.395938523325019,0.869317119966634,,-0.06813329067472865,-0.0511883252994287,0.08427136484,-0.06737965366399314,,0.00010663271,3.8146973e-06,-8.225441e-06,0.99999994,-7.2252005e-05,-6.4611435e-05,7.224083e-05,0.99999994,-8.821487e-06,6.4603984e-05,8.761883e-06,0.99999994,213,0.646,0,0,0.0,False,-0.25600548391979716,1.0443972860761046
0.6744164410047233,11:12:26.124615,11:12:17.665982,0,,0.12547238,0.0019528568,0.005397171,-0.847781,0.057226393,-0.52725005,-0.5164479,-0.31518787,0.7962022,-0.12061907,0.9473023,0.2967647,,0.041687973,-0.025465757,0.011873841,-0.86705476,-0.11750663,0.48415712,0.49563333,-0.10468447,0.8621998,-0.050630525,0.98753905,0.14900729,,0.10502383,1.339887,0.44090092,0.9940014,0.014130409,-0.10845054,-0.061505053,-0.74773026,-0.6611479,-0.090434045,0.6638522,-0.74237585,,-0.10130216,0.23991224,-0.08022118,0.83889794,-0.12865955,0.5288639,-0.43994057,0.41182247,0.7980317,-0.32047242,-0.9021358,0.28887448,,-0.014264681,0.39553946,-0.35680237,0.8378339,0.025899898,-0.54531056,0.34460533,0.7496304,0.56506765,0.42341655,-0.6613497,0.6191405,,1.1421458557005597,0.48323456413885024,0.21231026507000003,0.5546299005165669,-0.2786018230217331,1.402129782558991,-0.3997029298305812,,-0.8141845587308674,-0.28508468405199777,0.19614034361000002,-3.9570589234964593,-0.28393064651258526,1.395938523325019,0.869317119966634,,-0.06813329067472865,-0.0511883252994287,0.08427136484,-0.06737965366399314,,0.00010663271,3.8146973e-06,-8.225441e-06,0.99999994,-7.2252005e-05,-6.4611435e-05,7.224083e-05,0.99999994,-8.821487e-06,6.4603984e-05,8.761883e-06,0.99999994,228,0.692,0,0,0.0,False,-0.2561842170753601,1.0443972860761046
0.7016331549966708,11:12:26.165474,11:12:17.665982,0,,0.12545417,0.001918383,0.0055085868,-0.8474272,0.057517894,-0.52778673,-0.51703453,-0.3152127,0.79581153,-0.12059167,0.94727635,0.29685855,,0.041690007,-0.025460795,0.0118710995,-0.8670587,-0.117508784,0.48414952,0.49562734,-0.10470793,0.8622004,-0.050621897,0.98753625,0.14902842,,0.10502383,1.339887,0.44090092,0.9940014,0.014130409,-0.10845054,-0.061505053,-0.74773026,-0.6611479,-0.090434045,0.6638522,-0.74237585,,-0.10129236,0.23996319,-0.080327205,0.8385266,-0.12894927,0.52938193,-0.44036043,0.41177964,0.7978222,-0.3208673,-0.902114,0.28850403,,-0.01426672,0.39553988,-0.35679674,0.8378373,0.025903659,-0.54530513,0.34460923,0.74961483,0.5650859,0.4234066,-0.66136724,0.6191286,,1.1422694194265473,0.4833890187963347,0.21219878413,0.5540008306861134,-0.2790117325210294,1.4023006787897991,-0.40002961796284975,,-0.8141922814637416,-0.2850615158533751,0.19614423248,-3.9570589234964593,-0.28393064651258526,1.395938523325019,0.869317119966634,,-0.06813329067472865,-0.0511883252994287,0.08427136484,-0.06737965366399314,,0.00010663271,3.8146973e-06,-8.225441e-06,0.99999994,-7.2252005e-05,-6.4611435e-05,7.224083e-05,0.99999994,-8.821487e-06,6.4603984e-05,8.761883e-06,0.99999994,236,0.717,0,0,0.0,False,-0.2552309735790237,1.0444455662768841
0.742455437022727,11:12:26.185733,11:12:17.665982,0,,0.12544617,0.0019038767,0.005547762,-0.8464364,0.05742219,-0.52938473,-0.5185479,-0.31489316,0.79495287,-0.1210517,0.94738847,0.29631317,,0.041700423,-0.02546087,0.011870563,-0.8670761,-0.117484406,0.48412418,0.4955986,-0.10470995,0.8622166,-0.050604403,0.987539,0.14901662,,0.10502383,1.339887,0.44090092,0.9940014,0.014130409,-0.10845054,-0.061505053,-0.74773026,-0.6611479,-0.090434045,0.6638522,-0.74237585,,-0.101287365,0.23997939,-0.08036624,0.8375258,-0.12885216,0.53098744,-0.44180623,0.4120923,0.7968608,-0.3214931,-0.90198505,0.28821024,,-0.014277015,0.39553827,-0.3567964,0.83785456,0.025879286,-0.54527974,0.34460866,0.74961305,0.5650886,0.4233729,-0.6613702,0.61914843,,1.1423234785566667,0.48345080065932855,0.21215600656000003,0.5521136211947526,-0.2794216420203257,1.4023898962804666,-0.39953958576444704,,-0.8141922814637416,-0.2850615158533751,0.19614552877000002,-3.9570589234964593,-0.28393064651258526,1.395938523325019,0.869317119966634,,-0.06816601559820354,-0.0511883252994287,0.08427136484,-0.06737965366399314,,0.00010663271,3.8146973e-06,-8.225441e-06,0.99999994,-7.2252005e-05,-6.4611435e-05,7.224083e-05,0.99999994,-8.821487e-06,6.4603984e-05,8.761883e-06,0.99999994,244,0.742,0,0,0.0,False,-0.25558843989015,1.0443972860761046
0.7627575160004199,11:12:26.212828,11:12:17.745496,0,,0.12541245,0.0018684715,0.0056418777,-0.84618294,0.058590855,-0.5296617,-0.51916754,-0.3147678,0.79459804,-0.120164305,0.94735855,0.2967696,,0.041703008,-0.025459245,0.011871338,-0.86707944,-0.11748583,0.48411795,0.4955931,-0.10471961,0.8622186,-0.05060187,0.98753774,0.14902535,,0.10502383,1.339887,0.44090092,0.9940014,0.014130409,-0.10845054,-0.061505053,-0.74773026,-0.6611479,-0.090434045,0.6638522,-0.74237585,,-0.10126097,0.24001826,-0.08046131,0.83719677,-0.13001226,0.5312235,-0.441663,0.41213554,0.79691786,-0.32254517,-0.90179884,0.28761694,,-0.014279752,0.39553955,-0.35679552,0.8378579,0.025881376,-0.5452745,0.3446079,0.74960667,0.5650976,0.4233669,-0.6613774,0.6191449,,1.1424779332141513,0.4835434734538192,0.21205748852000003,0.5519039312512681,-0.28051473401844923,1.4027911670691946,-0.39888620949990994,,-0.8142000041966159,-0.2850537931205009,0.19614552877000002,-3.9570589234964593,-0.28393064651258526,1.395938523325019,0.869317119966634,,-0.06817910556759349,-0.0511883252994287,0.08427136484,-0.06737965366399314,,0.00010663271,3.8146973e-06,-8.225441e-06,0.99999994,-7.2252005e-05,-6.4611435e-05,7.224083e-05,0.99999994,-8.821487e-06,6.4603984e-05,8.761883e-06,0.99999994,252,0.765,0,0,0.0,False,-0.25558843989015,1.0444938464776636
0.7898549269884825,11:12:26.245146,11:12:17.745496,0,,0.1253877,0.0018478185,0.0057269186,-0.84638476,0.05887875,-0.52930725,-0.518908,-0.31485784,0.7947319,-0.119863704,0.9473108,0.29704344,,0.04170255,-0.025455788,0.011871815,-0.86707497,-0.117536746,0.48411348,0.49559972,-0.10478529,0.8622069,-0.050613046,0.98752475,0.14910787,,0.10502383,1.339887,0.44090092,0.9940014,0.014130409,-0.10845054,-0.061505053,-0.74773026,-0.6611479,-0.090434045,0.6638522,-0.74237585,,-0.10124249,0.24006157,-0.080539115,0.83738554,-0.13029881,0.5308556,-0.4412635,0.41203013,0.79719365,-0.32260188,-0.90180564,0.28753197,,-0.014279539,0.39554194,-0.356793,0.8378542,0.02593703,-0.54527754,0.34460223,0.7495638,0.56515783,0.42337883,-0.66142374,0.6190872,,1.1426323878716358,0.48364386898118417,0.21197322967,0.5523233111382371,-0.28065137051821465,1.40273922749261,-0.3992128976321784,,-0.8142077269294901,-0.2850537931205009,0.19614552877000002,-3.9570589234964593,-0.28393064651258526,1.3960202020651595,0.8694804640327686,,-0.06817256058289851,-0.051181780314733714,0.08427136484,-0.06737965366399314,,0.00010663271,3.8146973e-06,-8.225441e-06,0.99999994,-7.2252005e-05,-6.4611435e-05,7.224083e-05,0.99999994,-8.821487e-06,6.4603984e-05,8.761883e-06,0.99999994,260,0.79,0,0,0.0,False,-0.2561842170753601,1.0443972860761046
0.8221295530092902,11:12:26.273763,11:12:17.745496,0,,0.12535724,0.0018239766,0.005806148,-0.84630305,0.059785247,-0.5293363,-0.51918113,-0.3150262,0.79448676,-0.11925617,0.94719803,0.297647,,0.041696385,-0.025455937,0.011870801,-0.86706764,-0.11758132,0.4841158,0.49561214,-0.10485256,0.86219156,-0.050616875,0.98751223,0.14918897,,0.10502383,1.339887,0.44090092,0.9940014,0.014130409,-0.10845054,-0.061505053,-0.74773026,-0.6611479,-0.090434045,0.6638522,-0.74237585,,-0.10121802,0.24009869,-0.08061525,0.83725613,-0.13120028,0.53083766,-0.44105253,0.4118081,0.7974251,-0.32322565,-0.9017764,0.28692263,,-0.014273311,0.3955418,-0.3567926,0.8378466,0.02598641,-0.5452869,0.3446055,0.7495199,0.56521416,0.42339125,-0.6614716,0.6190276,,1.1427945652619944,0.48372881904280063,0.21189545227000003,0.5523233111382371,-0.28133455301704186,1.4032146382709514,-0.39937624169831265,,-0.8142000041966159,-0.2850537931205009,0.19614552877000002,-3.9570589234964593,-0.28393064651258526,1.3961018808053,0.8696438080989027,,-0.06815292562881357,-0.051181780314733714,0.08427136484,-0.06737965366399314,,0.00010663271,3.8146973e-06,-8.225441e-06,0.99999994,-7.2252005e-05,-6.4611435e-05,7.224083e-05,0.99999994,-8.821487e-06,6.4603984e-05,8.761883e-06,0.99999994,271,0.824,0,0,0.0,False,-0.25576717304571295,1.0445421266784427
0.85076898598345,11:12:26.298745,11:12:17.745496,0,,0.12531926,0.0017929748,0.005901426,-0.84508294,0.05984342,-0.5312754,-0.5210818,-0.3145265,0.7934397,-0.11961807,0.9473604,0.29698437,,0.041696947,-0.025455788,0.011869669,-0.86706764,-0.11758132,0.4841158,0.49561214,-0.10485256,0.86219156,-0.050616875,0.98751223,0.14918897,,0.10502383,1.339887,0.44090092,0.9940014,0.014130409,-0.10845054,-0.061505053,-0.74773026,-0.6611479,-0.090434045,0.6638522,-0.74237585,,-0.101187326,0.24014169,-0.080708474,0.83600914,-0.13125485,0.5327859,-0.44272098,0.41228324,0.79625416,-0.32417092,-0.90155125,0.28656328,,-0.014273765,0.39554086,-0.3567918,0.8378466,0.02598641,-0.5452869,0.3446055,0.7495199,0.56521416,0.42339125,-0.6614716,0.6190276,,1.143018524515347,0.48382921457016553,0.21179823052000002,0.5500167217599073,-0.28201773551586906,1.4031999766084495,-0.3998662738967156,,-0.8142000041966159,-0.2850537931205009,0.19614682506000003,-3.9570589234964593,-0.28393064651258526,1.3961018808053,0.8696438080989027,,-0.06815292562881357,-0.051181780314733714,0.08427136484,-0.06737965366399314,,0.00010663271,3.8146973e-06,-8.225441e-06,0.99999994,-7.2252005e-05,-6.4611435e-05,7.224083e-05,0.99999994,-8.821487e-06,6.4603984e-05,8.761883e-06,0.99999994,283,0.86,0,0,0.0,False,-0.2561842170753601,1.044638687080002
0.8757767549832352,11:12:26.328051,11:12:17.745496,0,,0.12527186,0.0017745048,0.006001696,-0.8447983,0.060937513,-0.5316037,-0.5218017,-0.3138123,0.79324937,-0.11848511,0.94752747,0.29690534,,0.04169875,-0.02545543,0.0118691325,-0.86706626,-0.11758849,0.48411655,0.49561408,-0.10485467,0.8621901,-0.050621748,0.9875113,0.14919448,,0.10502383,1.339887,0.44090092,0.9940014,0.014130409,-0.10845054,-0.061505053,-0.74773026,-0.6611479,-0.090434045,0.6638522,-0.74237585,,-0.1011472,0.24019748,-0.080797456,0.83562994,-0.13233687,0.5331131,-0.442485,0.41289377,0.7960689,-0.32546836,-0.90111357,0.2864693,,-0.014275526,0.39554045,-0.35679117,0.83784556,0.025993757,-0.5452881,0.3446025,0.7495186,0.56521773,0.42339566,-0.6614728,0.61902326,,1.1432810974330707,0.4839759464947758,0.21170489764000003,0.5498070318164229,-0.28338410051352353,1.4029256170630244,-0.4003563060951185,,-0.8142077269294901,-0.2850537931205009,0.19614812135,-3.9570589234964593,-0.28393064651258526,1.3961018808053,0.8696438080989027,,-0.06815292562881357,-0.051181780314733714,0.08427136484,-0.06737965366399314,,0.00010663271,3.8146973e-06,-8.225441e-06,0.99999994,-7.2252005e-05,-6.4611435e-05,7.224083e-05,0.99999994,-8.821487e-06,6.4603984e-05,8.761883e-06,0.99999994,291,0.885,0,0,0.0,False,-0.2561246393568388,1.0440593246706484
0.9050519189913757,11:12:26.357526,11:12:17.745496,0,,0.12523623,0.0017615333,0.0060650855,-0.84392536,0.061471254,-0.5329271,-0.5232936,-0.31307396,0.7925581,-0.118126035,0.9477372,0.29637858,,0.04169875,-0.02545543,0.0118691325,-0.86706626,-0.11758849,0.48411655,0.49561408,-0.10485467,0.8621901,-0.050621748,0.9875113,0.14919448,,0.10502383,1.339887,0.44090092,0.9940014,0.014130409,-0.10845054,-0.061505053,-0.74773026,-0.6611479,-0.090434045,0.6638522,-0.74237585,,-0.101116225,0.24023195,-0.080854975,0.83469313,-0.13286215,0.5344483,-0.44335523,0.4135645,0.7952362,-0.32668567,-0.90072864,0.28629434,,-0.014275526,0.39554045,-0.35679117,0.83784556,0.025993757,-0.5452881,0.3446025,0.7495186,0.56521773,0.42339566,-0.6614728,0.61902326,,1.1434818884878004,0.4840686192892665,0.21164526830000002,0.5483392022120313,-0.284477192511647,1.4027551366707685,-0.40019296202898413,,-0.8142077269294901,-0.2850537931205009,0.19614812135,-3.9570589234964593,-0.28393064651258526,1.3961018808053,0.8696438080989027,,-0.06815292562881357,-0.051181780314733714,0.08427136484,-0.06737965366399314,,0.00010663271,3.8146973e-06,-8.225441e-06,0.99999994,-7.2252005e-05,-6.4611435e-05,7.224083e-05,0.99999994,-8.821487e-06,6.4603984e-05,8.761883e-06,0.99999994,299,0.909,0,0,0.0,False,-0.2561842170753601,1.0448318078831196
0.9344987460062839,11:12:26.386899,11:12:17.745496,0,,0.12519325,0.0017388016,0.0061822236,-0.8432863,0.06218866,-0.5338546,-0.52440953,-0.31279916,0.79192865,-0.11774027,0.9477812,0.2963915,,0.04169875,-0.02545543,0.0118691325,-0.86706626,-0.11758849,0.48411655,0.49561408,-0.10485467,0.8621901,-0.050621748,0.9875113,0.14919448,,0.10502383,1.339887,0.44090092,0.9940014,0.014130409,-0.10845054,-0.061505053,-0.74773026,-0.6611479,-0.090434045,0.6638522,-0.74237585,,-0.10108175,0.24029599,-0.08095888,0.83399856,-0.13357279,0.53535473,-0.44392613,0.41377842,0.79480624,-0.32768273,-0.9005253,0.28579417,,-0.014275526,0.39554045,-0.35679117,0.83784556,0.025993757,-0.5452881,0.3446025,0.7495186,0.56521773,0.42339566,-0.6614728,0.61902326,,1.1437521841383984,0.48424624214537365,0.21153508365,0.5472907524946086,-0.2854336480100051,1.4028816320755189,-0.4005196501612528,,-0.8142077269294901,-0.2850537931205009,0.19614812135,-3.9570589234964593,-0.28393064651258526,1.3961018808053,0.8696438080989027,,-0.06815292562881357,-0.051181780314733714,0.08427136484,-0.06737965366399314,,0.00010663271,3.8146973e-06,-8.225441e-06,0.99999994,-7.2252005e-05,-6.4611435e-05,7.224083e-05,0.99999994,-8.821487e-06,6.4603984e-05,8.761883e-06,0.99999994,307,0.933,0,0,0.0,False,-0.2559459062012759,1.0450249286862374
