Task Time,PC1 Time,PC2 Time,Gaze Calib,s_T_psm1,Tx,Ty,Tz,R00,R01,R02,R10,R11,R12,R20,R21,R22,s_T_psm3,Tx,Ty,Tz,R00,R01,R02,R10,R11,R12,R20,R21,R22,cart_T_ecm,Tx,Ty,Tz,R00,R01,R02,R10,R11,R12,R20,R21,R22,ecm_T_psm1,Tx,Ty,Tz,R00,R01,R02,R10,R11,R12,R20,R21,R22,ecm_T_psm3,Tx,Ty,Tz,R00,R01,R02,R10,R11,R12,R20,R21,R22,psm1_joints,q1,q2,q3,q4,q5,q6,jaw,psm3_joints,q1,q2,q3,q4,q5,q6,jaw,ecm_joints,q1,q2,q3,q4,ecmi_T_ecm,Tx,Ty,Tz,R00,R01,R02,R10,R11,R12,R20,R21,R22,Sample #,Task Duration (s),Collisions (binary),Collisions (increments),Cumulative Collision Time (s),Clutch Press,MTMR Angle,MTML Angle
""
lci_T_si,,,,,-0.05588401,0.033678196,0.22142315,0.99411887,-0.024834005,0.10540873,0.053824607,-0.7313092,-0.67991894,0.09397148,0.68159384,-0.7256715
rci_T_si,,,,,-0.06556821,0.037878036,0.23215216,0.98745227,-0.051865816,0.14915736,0.06880197,-0.7088702,-0.70197535,0.14214173,0.7034295,-0.69640696
ecm_T_lc,,,,,-4.4061628e-05,-0.00034663224,-0.01840835,-0.99912,0.030754527,0.028518902,-0.031987965,-0.99852574,-0.043852776,0.027128186,-0.04472645,0.9986309
ecm_T_rc,,,,,-0.0043358393,0.01870579,-0.007592615,-0.99555075,-0.052743673,-0.078081585,0.04863213,-0.9973746,0.053654674,-0.08070653,0.04961868,0.9955021
cart_T_ecmi,,,,,0.1049169,1.339891,0.44090196,0.9940074,0.014203176,-0.108386196,-0.061408322,-0.7477289,-0.66115844,-0.090434045,0.6638522,-0.74237585
ecmac_T_ecmrep_psm1,,,,,0.008075713,-0.26004106,-0.30289736,0.99667877,0.061445758,0.053440064,-0.058828812,0.9970531,-0.049237434,-0.056308012,0.04593009,0.9973564
ecmac_T_ecmrep_psm3,,,,,-0.012692571,-0.457308,-0.5458498,0.99509805,-0.029463936,0.094401784,0.014504567,0.9877462,0.15539348,-0.09782351,-0.1532625,0.9833317
""
0,11:16:56.495185,NaN,0,,0.12297826,0.0032832623,0.01094088,-0.8793386,-0.14087051,-0.4548839,-0.35714063,-0.43675703,0.8256474,-0.31498313,0.88848114,0.33374667,,0.044206303,-0.0022523738,0.004227698,-0.03219959,0.7540887,0.6559827,0.27914456,-0.6234209,0.73035914,0.95970905,0.20663126,-0.19042581,,0.10499911,1.3398888,0.4409056,0.9940012,0.014127797,-0.10845285,-0.061508525,-0.7477303,-0.66114753,-0.090434045,0.6638522,-0.74237585,,-0.09911773,0.24471627,-0.08353159,0.8877457,0.069360524,0.4550788,-0.45460832,0.28753528,0.8430034,-0.07238006,-0.95525527,0.28679007,,-0.017328758,0.40253475,-0.3334517,-0.078237586,-0.73354375,-0.67512405,0.93994385,-0.2799619,0.19526096,-0.33224148,-0.619302,0.7113935,,1.1704960080818378,0.48698781231572336,0.20785750892000002,0.5865027719262146,-0.017352835470210937,1.392887207342136,-0.39953958576444704,,-0.7893250816087387,-0.19154694347939052,0.21120193712000002,-2.282894414716017,-0.9668398723402566,0.015303811125456285,0.8750341622813339,,-0.06819874052167843,-0.05069090646261031,0.08427136484,-0.06770673936139116,,8.152425e-05,5.1259995e-06,-1.0251999e-05,1.0,-7.484108e-05,-6.6921115e-05,7.483363e-05,1.0,-9.119511e-06,6.6921115e-05,9.089708e-06,0.99999994,36,0.109,1,1,0.084,False,-0.25481392954937654,1.0502391903704191
0.1260717730037868,11:16:56.519226,NaN,0,,0.12286668,0.0034442246,0.0111601055,-0.8781356,-0.14215791,-0.4568033,-0.35812187,-0.43778807,0.8246758,-0.31721723,0.8877684,0.3335274,,0.04420547,-0.0022620894,0.0042263865,-0.032189794,0.7541337,0.65593135,0.27918914,-0.6233635,0.73039114,0.9596965,0.20664008,-0.19048001,,0.10499911,1.3398888,0.4409056,0.9940012,0.014127797,-0.10845285,-0.061508525,-0.7477303,-0.66114753,-0.090434045,0.6638522,-0.74237585,,-0.09901636,0.244986,-0.08358981,0.88666564,0.07066245,0.45698014,-0.45687574,0.2863262,0.8421887,-0.071334265,-0.95552295,0.28615957,,-0.01732724,0.40252817,-0.3334588,-0.07824865,-0.7335926,-0.6750696,0.9399584,-0.27992663,0.19524157,-0.33219776,-0.61925995,0.71145046,,1.171739368074588,0.48782959019901384,0.20776547233000003,0.5835671127174313,-0.016123106972321975,1.3920478036891495,-0.39953958576444726,,-0.7893096361429902,-0.19159327987663585,0.21120064083,-2.282894414716017,-0.9668398723402566,0.01522213238531575,0.8751975063474683,,-0.06819874052167843,-0.05069090646261031,0.08427136484,-0.06770673936139116,,8.152425e-05,5.1259995e-06,-1.0251999e-05,1.0,-7.484108e-05,-6.6921115e-05,7.483363e-05,1.0,-9.119511e-06,6.6921115e-05,9.089708e-06,0.99999994,40,0.121,1,1,0.096,False,-0.25481392954937654,1.049804668563404
0.15011132002109662,11:16:56.549921,NaN,0,,0.12269834,0.0038574785,0.011629775,-0.87759244,-0.14414158,-0.45722538,-0.35696375,-0.44016212,0.8239138,-0.32001358,0.8862733,0.33482963,,0.04420306,-0.002271939,0.0042238235,-0.032172933,0.7541328,0.6559333,0.27921635,-0.62336266,0.7303814,0.9596891,0.20664577,-0.19051082,,0.10499911,1.3398888,0.4409056,0.9940012,0.014127797,-0.10845285,-0.061508525,-0.7477303,-0.66114753,-0.090434045,0.6638522,-0.74237585,,-0.098867774,0.2456123,-0.08366322,0.88634163,0.07267242,0.45729342,-0.45794177,0.2836179,0.8425261,-0.06846819,-0.9561797,0.2846621,,-0.017324029,0.40252066,-0.33346534,-0.07826625,-0.73359233,-0.6750679,0.9399663,-0.27992144,0.19521087,-0.33217117,-0.61926264,0.71146053,,1.1742106425943397,0.4900460145339163,0.20761639898000003,0.5816799032260705,-0.013800286476309485,1.390562093027013,-0.398396177301507,,-0.7892864679443675,-0.19162417080813277,0.21120064083,-2.282894414716017,-0.9668398723402566,0.01522213238531575,0.8751975063474683,,-0.06819874052167843,-0.05069745144730529,0.08427136484,-0.06770673936139116,,8.152425e-05,5.1259995e-06,-1.0251999e-05,1.0,-7.484108e-05,-6.6921115e-05,7.483363e-05,1.0,-9.119511e-06,6.6921115e-05,9.089708e-06,0.99999994,65,0.199,0,1,0.105,False,-0.2546351963938136,1.0495632675595068
0.18080041400389746,11:16:56.614107,11:16:48.154283,0,,0.122725144,0.0054709315,0.012938574,-0.8775111,-0.14697662,-0.4564783,-0.35196114,-0.44915158,0.82121,-0.32572666,0.88128346,0.34240538,,0.044199478,-0.0022772886,0.004221797,-0.032154795,0.75424606,0.6558039,0.2792235,-0.62323934,0.7304839,0.9596876,0.20660447,-0.19056313,,0.10499911,1.3398888,0.4409056,0.9940012,0.014127797,-0.10845285,-0.061508525,-0.7477303,-0.66114753,-0.090434045,0.6638522,-0.74237585,,-0.09893525,0.24768399,-0.0835202,0.88678026,0.07557482,0.4559706,-0.4581628,0.27370596,0.8456783,-0.060889877,-0.95883965,0.27734262,,-0.017319959,0.4025163,-0.33346853,-0.07828454,-0.7337079,-0.67494017,0.9399672,-0.27989617,0.19524269,-0.3321643,-0.61913717,0.71157295,,1.1796628920035424,0.49912022566113007,0.20751788094,0.5800023836781943,-0.011204192980766118,1.389343618998327,-0.3992128976321785,,-0.7892632997457449,-0.191631893541007,0.21120064083,-2.282894414716017,-0.9668398723402566,0.015058774905034517,0.8751975063474682,,-0.06819874052167843,-0.05070399643200027,0.08427136484,-0.06770673936139116,,8.152425e-05,5.1259995e-06,-1.0251999e-05,1.0,-7.484108e-05,-6.6921115e-05,7.483363e-05,1.0,-9.119511e-06,6.6921115e-05,9.089708e-06,0.99999994,73,0.224,0,1,0.105,False,-0.25546928445310746,1.049418426957168
0.24499355402076617,11:16:56.640495,11:16:48.154283,0,,0.12275117,0.005923718,0.013280362,-0.8776297,-0.14844108,-0.45577577,-0.3496101,-0.4522739,0.8205004,-0.3279315,0.8794393,0.34503257,,0.044197276,-0.0022766925,0.0042212605,-0.032060146,0.75432414,0.6557188,0.27932018,-0.6231543,0.73051953,0.9596627,0.20657605,-0.19071952,,0.10499911,1.3398888,0.4409056,0.9940012,0.014127797,-0.10845285,-0.061508525,-0.7477303,-0.66114753,-0.090434045,0.6638522,-0.74237585,,-0.09897094,0.24824756,-0.08346017,0.8871111,0.07706876,0.45507607,-0.4579364,0.27019927,0.84692776,-0.05768955,-0.95971495,0.27498937,,-0.017317755,0.40251648,-0.33346775,-0.07838169,-0.7337876,-0.6748423,0.93999237,-0.27987865,0.19514675,-0.3320702,-0.6190507,0.7116921,,1.1811070430510222,0.5015992229137561,0.20751528836000002,0.5800023836781943,-0.009427918483815391,1.3894470823129446,-0.3997029298305814,,-0.7892555770128706,-0.19162417080813277,0.21119934454000003,-2.282894414716017,-0.9667032358404912,0.014947357001338285,0.8756875385458711,,-0.06819874052167843,-0.05070399643200027,0.08427136484,-0.06770673936139116,,8.152425e-05,5.1259995e-06,-1.0251999e-05,1.0,-7.484108e-05,-6.6921115e-05,7.483363e-05,1.0,-9.119511e-06,6.6921115e-05,9.089708e-06,0.99999994,81,0.248,0,1,0.105,False,-0.2557075953271921,1.0498529487641832
0.27136821998283267,11:16:56.659868,11:16:48.154283,0,,0.12279146,0.0062618256,0.013546199,-0.87757164,-0.14808576,-0.45600313,-0.34896085,-0.4549302,0.81930745,-0.32877737,0.8781282,0.3475577,,0.044189226,-0.0022781976,0.004217148,-0.032023102,0.754287,0.6557633,0.27933374,-0.6232016,0.730474,0.95965993,0.20656888,-0.19074094,,0.10499911,1.3398888,0.4409056,0.9940012,0.014127797,-0.10845285,-0.061508525,-0.7477303,-0.66114753,-0.090434045,0.6638522,-0.74237585,,-0.09901911,0.24867514,-0.083421715,0.8871276,0.07672564,0.45510203,-0.45803726,0.26735258,0.8477762,-0.056626536,-0.96053934,0.27231905,,-0.017309263,0.40251318,-0.33346668,-0.078419015,-0.73374724,-0.67488176,0.93999386,-0.27990764,0.19509801,-0.3320572,-0.6190853,0.711668,,1.182056939194552,0.5035839652624319,0.20750751062000003,0.5795830037912253,-0.00956455498358083,1.3904569663581872,-0.3998662738967156,,-0.7892092406156254,-0.19162417080813277,0.21119934454000003,-2.282894414716017,-0.9667032358404912,0.015029035741478819,0.8756875385458711,,-0.06819874052167843,-0.05070399643200027,0.08427136484,-0.06770673936139116,,8.152425e-05,5.1259995e-06,-1.0251999e-05,1.0,-7.484108e-05,-6.6921115e-05,7.483363e-05,1.0,-9.119511e-06,6.6921115e-05,9.089708e-06,0.99999994,98,0.301,0,1,0.105,False,-0.25546928445310746,1.050046069567301
0.2907519119908102,11:16:56.719483,11:16:48.242835,0,,0.12285932,0.006414488,0.013719261,-0.87721777,-0.14750627,-0.45687094,-0.34945258,-0.45635116,0.818307,-0.32919902,0.87748814,0.34877288,,0.04414706,-0.0022913702,0.0041981936,-0.031832084,0.7543698,0.6556774,0.27940425,-0.62314,0.7304996,0.95964575,0.20645237,-0.1909383,,0.10499911,1.3398888,0.4409056,0.9940012,0.014127797,-0.10845285,-0.061508525,-0.7477303,-0.66114753,-0.090434045,0.6638522,-0.74237585,,-0.0990939,0.24890305,-0.083439685,0.88678855,0.07614962,0.45585883,-0.4586929,0.26586202,0.84789044,-0.056629002,-0.9609988,0.27069268,,-0.017264754,0.40249503,-0.33346677,-0.07861147,-0.73382163,-0.6747785,0.94000167,-0.27997535,0.19496334,-0.33198968,-0.6189665,0.71180284,,1.1822886211807786,0.5047732661250623,0.20746732563000003,0.5787442440172872,-0.010384373982173473,1.3912888312606466,-0.40019296202898413,,-0.7889698358965244,-0.191631893541007,0.21119675196,-2.282894414716017,-0.9667032358404912,0.015029035741478819,0.8753608504136025,,-0.06819874052167843,-0.050710541416695246,0.08427136484,-0.06770673936139116,,8.152425e-05,5.1259995e-06,-1.0251999e-05,1.0,-7.484108e-05,-6.6921115e-05,7.483363e-05,1.0,-9.119511e-06,6.6921115e-05,9.089708e-06,0.99999994,106,0.326,0,1,0.105,False,-0.256541683386486,1.0499495091657423
0.350366803992074,11:16:56.744001,11:16:48.242835,0,,0.122872934,0.0063889697,0.013760567,-0.87542236,-0.14755112,-0.46028736,-0.35245952,-0.45678654,0.81677306,-0.33076885,0.877254,0.34787542,,0.044134233,-0.0023044832,0.004195392,-0.031863958,0.75432456,0.6557278,0.27929172,-0.6232069,0.7304855,0.95967746,0.2064155,-0.19081874,,0.10499911,1.3398888,0.4409056,0.9940012,0.014127797,-0.10845285,-0.061508525,-0.7477303,-0.66114753,-0.090434045,0.6638522,-0.74237585,,-0.09911094,0.24891211,-0.083486274,0.88501626,0.07619747,0.4592822,-0.46200737,0.26538485,0.8462388,-0.05740529,-0.96112686,0.2700737,,-0.017250981,0.40248662,-0.33347595,-0.078576416,-0.7337693,-0.67483956,0.9399656,-0.28003877,0.19504593,-0.33209994,-0.61899996,0.7117223,,1.1822036711191621,0.5048582161866789,0.20742843693000002,0.5749698250345658,-0.010930919981235236,1.3917345028754324,-0.40019296202898413,,-0.7889003313006563,-0.19162417080813277,0.21119545567000003,-2.282894414716017,-0.9668398723402566,0.015140453645175106,0.8753608504136025,,-0.06819874052167843,-0.05073672135547516,0.08427136484,-0.06770673936139116,,8.152425e-05,5.1259995e-06,-1.0251999e-05,1.0,-7.484108e-05,-6.6921115e-05,7.483363e-05,1.0,-9.119511e-06,6.6921115e-05,9.089708e-06,0.99999994,123,0.379,0,1,0.105,False,-0.2568991496976123,1.0505288715750958
0.37484223500359803,11:16:56.795440,11:16:48.342838,0,,0.12289262,0.006343335,0.01386413,-0.8751586,-0.15062237,-0.459794,-0.3511064,-0.45614612,0.81771314,-0.33289918,0.87706524,0.34631574,,0.044123624,-0.00231478,0.004190743,-0.031806894,0.7541908,0.65588444,0.27930626,-0.6233665,0.7303438,0.95967513,0.20642261,-0.19082287,,0.10499911,1.3398888,0.4409056,0.9940012,0.014127797,-0.10845285,-0.061508525,-0.7477303,-0.66114753,-0.090434045,0.6638522,-0.74237585,,-0.099138714,0.24894862,-0.083591595,0.8849324,0.07929144,0.4589199,-0.46247086,0.26580015,0.8458552,-0.054911908,-0.9607617,0.27188516,,-0.01723939,0.4024781,-0.3334817,-0.078633726,-0.73362786,-0.6749866,0.9399657,-0.28011033,0.19494273,-0.33208615,-0.6191352,0.71161115,,1.1822036711191621,0.5049431662482954,0.20732084486000002,0.5747601350910813,-0.008471462985457307,1.3898106593490374,-0.4003563060951183,,-0.7888308267047883,-0.191631893541007,0.21119415938000002,-2.282894414716017,-0.9668398723402566,0.015385489865596874,0.8755241944797368,,-0.0682052855063734,-0.05074981132486512,0.08427136484,-0.06770673936139116,,8.152425e-05,5.1259995e-06,-1.0251999e-05,1.0,-7.484108e-05,-6.6921115e-05,7.483363e-05,1.0,-9.119511e-06,6.6921115e-05,9.089708e-06,0.99999994,131,0.404,0,1,0.105,False,-0.25677999426057063,1.0499977893665218
0.42632414400577545,11:16:56.822058,11:16:48.342838,0,,0.12288758,0.006306857,0.013915926,-0.87455636,-0.15070976,-0.46090993,-0.35201046,-0.45642614,0.81716806,-0.33352658,0.87690455,0.346119,,0.044122033,-0.0023123361,0.004190564,-0.031897474,0.7543025,0.6557515,0.2793725,-0.6232061,0.7304554,0.95965284,0.20649862,-0.19085267,,0.10499911,1.3398888,0.4409056,0.9940012,0.014127797,-0.10845285,-0.061508525,-0.7477303,-0.66114753,-0.090434045,0.6638522,-0.74237585,,-0.09913815,0.24895723,-0.08365456,0.88434756,0.07938127,0.46003047,-0.46357456,0.26548782,0.84534895,-0.05502762,-0.9608407,0.27158263,,-0.017237935,0.4024796,-0.33347964,-0.07854536,-0.7337555,-0.6748581,0.93999636,-0.2799687,0.19499838,-0.33202028,-0.61904794,0.7117178,,1.1822113938520364,0.5049508889811696,0.20725732665000002,0.5735019954301741,-0.008471462985457307,1.390055695569459,-0.40084633829352123,,-0.7888308267047883,-0.19162417080813277,0.21119415938000002,-2.283104104659501,-0.9668398723402566,0.015385489865596874,0.8755241944797368,,-0.0682052855063734,-0.05074981132486512,0.08427136484,-0.06770673936139116,,8.152425e-05,5.1259995e-06,-1.0251999e-05,1.0,-7.484108e-05,-6.6921115e-05,7.483363e-05,1.0,-9.119511e-06,6.6921115e-05,9.089708e-06,0.99999994,148,0.457,0,1,0.105,False,-0.2566012611050077,1.0502874705711984
0.4528961530304514,11:16:56.872009,11:16:48.342838,0,,0.12289219,0.0062262863,0.014068663,-0.8743895,-0.15197146,-0.46081212,-0.3515292,-0.4562286,0.81748545,-0.33447015,0.8767896,0.3454991,,0.044120573,-0.002314303,0.004190862,-0.031891722,0.7543565,0.6556898,0.27938145,-0.6231454,0.7305036,0.9596504,0.20648459,-0.19087997,,0.10499911,1.3398888,0.4409056,0.9940012,0.014127797,-0.10845285,-0.061508525,-0.7477303,-0.66114753,-0.090434045,0.6638522,-0.74237585,,-0.099155135,0.24900194,-0.08382056,0.8842572,0.08065291,0.4599829,-0.4638676,0.26558495,0.8451577,-0.054000113,-0.96070796,0.2722577,,-0.017236402,0.40247884,-0.33348146,-0.07855135,-0.73381126,-0.6747968,0.9399989,-0.279951,0.19501133,-0.33201155,-0.6189899,0.7117723,,1.1822268393177848,0.5050744527071571,0.20708751266000003,0.5732923054866895,-0.0075150074870992244,1.389275770243584,-0.4010096823596556,,-0.7888231039719141,-0.191631893541007,0.21119286309000002,-2.283104104659501,-0.9668398723402566,0.01530381112545623,0.875687538545871,,-0.0682052855063734,-0.05074981132486512,0.08427136484,-0.06770673936139116,,8.152425e-05,5.1259995e-06,-1.0251999e-05,1.0,-7.484108e-05,-6.6921115e-05,7.483363e-05,1.0,-9.119511e-06,6.6921115e-05,9.089708e-06,0.99999994,156,0.482,0,1,0.105,False,-0.25582675076423333,1.0501909101696396
0.502870618016459,11:16:56.899230,11:16:48.440074,0,,0.12290492,0.0061697885,0.014176756,-0.8726769,-0.15621671,-0.46263537,-0.35198975,-0.45541275,0.8177421,-0.33843508,0.8764676,0.3424415,,0.044121914,-0.0023140647,0.0041915774,-0.0318979,0.7543002,0.6557542,0.27937916,-0.6232072,0.7304519,0.9596509,0.20650394,-0.19085675,,0.10499911,1.3398888,0.4409056,0.9940012,0.014127797,-0.10845285,-0.061508525,-0.7477303,-0.66114753,-0.090434045,0.6638522,-0.74237585,,-0.09917658,0.24903372,-0.08393703,0.88279814,0.08493162,0.46201086,-0.46694276,0.26606664,0.8433107,-0.051301938,-0.9602058,0.27454135,,-0.017237818,0.40247938,-0.33348164,-0.07854513,-0.7337537,-0.6748601,0.9399987,-0.27996477,0.19499278,-0.33201373,-0.61905193,0.71171737,,1.1822577302492818,0.5050976209057798,0.20696825398000002,0.5701469563344217,-0.004509004492259535,1.3867428976221223,-0.40068299422738707,,-0.7888231039719141,-0.19162417080813277,0.21119286309000002,-2.283104104659501,-0.9668398723402566,0.015467168605737353,0.8760142266781396,,-0.0682052855063734,-0.05074981132486512,0.08427136484,-0.06770673936139116,,8.152425e-05,5.1259995e-06,-1.0251999e-05,1.0,-7.484108e-05,-6.6921115e-05,7.483363e-05,1.0,-9.119511e-06,6.6921115e-05,9.089708e-06,0.99999994,173,0.535,0,1,0.105,False,-0.2556480176086704,1.0502874705711984
0.5301135460031219,11:16:56.953923,11:16:48.440074,0,,0.1228877,0.006012723,0.014439151,-0.871078,-0.15830234,-0.46493414,-0.35338086,-0.45541766,0.81713927,-0.34109426,0.8760908,0.3407632,,0.04411565,-0.002313856,0.004190147,-0.031872768,0.75420636,0.6558634,0.27938154,-0.6233172,0.73035705,0.959651,0.20651463,-0.19084446,,0.10499911,1.3398888,0.4409056,0.9940012,0.014127797,-0.10845285,-0.061508525,-0.7477303,-0.66114753,-0.090434045,0.6638522,-0.74237585,,-0.09918121,0.24909747,-0.08423658,0.88133967,0.087036595,0.46439752,-0.46980914,0.26585737,0.84178334,-0.05019755,-0.96007526,0.27520123,,-0.017231464,0.40247908,-0.33348072,-0.07857025,-0.73365515,-0.6749643,0.9399973,-0.28000927,0.19493538,-0.3320116,-0.61914855,0.7116343,,1.1823581257766467,0.5051980164331448,0.20666362583000003,0.5670016071821539,-0.00314263949460513,1.3857920760654392,-0.40068299422738685,,-0.7887999357732914,-0.19162417080813277,0.2111915668,-2.283104104659501,-0.9668398723402566,0.015548847345877997,0.8758508826120054,,-0.0682052855063734,-0.05074981132486512,0.08427136484,-0.06770673936139116,,8.152425e-05,5.1259995e-06,-1.0251999e-05,1.0,-7.484108e-05,-6.6921115e-05,7.483363e-05,1.0,-9.119511e-06,6.6921115e-05,9.089708e-06,0.99999994,181,0.56,0,1,0.105,False,-0.25600548391979716,1.0500943497680806
0.5847283659968525,11:16:56.977070,11:16:48.541358,0,,0.12290288,0.0059598386,0.014556825,-0.869097,-0.16320603,-0.46694168,-0.35378945,-0.45463687,0.8173972,-0.3456931,0.8755963,0.33738297,,0.04411509,-0.0023170896,0.0041891336,-0.031867452,0.75420445,0.6558659,0.2793972,-0.62331724,0.7303511,0.95964664,0.20652145,-0.19085902,,0.10499911,1.3398888,0.4409056,0.9940012,0.014127797,-0.10845285,-0.061508525,-0.7477303,-0.66114753,-0.090434045,0.6638522,-0.74237585,,-0.09920563,0.24913839,-0.084357426,0.8796562,0.09198244,0.46663073,-0.47328383,0.26621205,0.83972234,-0.046983007,-0.9595157,0.2777089,,-0.017230622,0.40247643,-0.33348274,-0.078576006,-0.7336539,-0.674965,0.94000226,-0.28000358,0.19491987,-0.33199632,-0.6191526,0.7116379,,1.1824121849067661,0.50524435283039,0.20653918199000001,0.563436878142917,0.0004099094992963213,1.3829768893094727,-0.40019296202898436,,-0.7887922130404172,-0.1916396162738812,0.2111915668,-2.283104104659501,-0.9668398723402566,0.015548847345877997,0.8758508826120054,,-0.0682052855063734,-0.05074981132486512,0.08427136484,-0.06770673936139116,,8.152425e-05,5.1259995e-06,-1.0251999e-05,1.0,-7.484108e-05,-6.6921115e-05,7.483363e-05,1.0,-9.119511e-06,6.6921115e-05,9.089708e-06,0.99999994,198,0.613,0,1,0.105,False,-0.2564821056679656,1.0497563883626244
0.6079362180316821,11:16:57.026259,11:16:48.541358,0,,0.12281817,0.0057919547,0.014876738,-0.86707014,-0.16729066,-0.46925816,-0.35442254,-0.4548139,0.81702435,-0.35010573,0.87473315,0.3350641,,0.044043746,-0.0023326315,0.0041808486,-0.031839006,0.75410235,0.6559846,0.2793913,-0.62343895,0.7302494,0.9596493,0.20652676,-0.19083992,,0.105061576,1.3398844,0.44089687,0.99399817,0.014090895,-0.108485475,-0.061557584,-0.74773103,-0.6611422,-0.090434045,0.6638522,-0.74237585,,-0.09920386,0.24923964,-0.08471141,0.87788963,0.09608682,0.46912378,-0.47682986,0.2655864,0.8379124,-0.044080555,-0.9592868,0.2789726,,-0.01721737,0.40246937,-0.33349514,-0.07858063,-0.7335766,-0.67504853,0.93999916,-0.28003415,0.19489084,-0.332004,-0.6192304,0.7115666,,1.1826052532286218,0.5053524710906292,0.20617622079000003,0.5596624591601955,0.003689185493666892,1.3812830045024453,-0.40084633829352123,,-0.7887999357732914,-0.19162417080813277,0.2111915668,-2.283104104659501,-0.9668398723402566,0.01563052608601853,0.875687538545871,,-0.0682052855063734,-0.05074981132486512,0.08427136484,-0.06770673936139116,,0.00014467537,3.695488e-06,-7.6293945e-06,0.99999994,-0.00011147931,-9.968877e-05,0.00011147186,1.0,-1.3619661e-05,9.968877e-05,1.3560057e-05,0.99999994,206,0.637,0,1,0.105,False,-0.2570778828531757,1.0499977893665218
0.6571349159930833,11:16:57.057720,11:16:48.541358,0,,0.12280391,0.005684264,0.015097544,-0.86535096,-0.1709165,-0.4711214,-0.35496154,-0.4545967,0.8169112,-0.3537939,0.8741449,0.33271694,,0.0440422,-0.0023332424,0.004180908,-0.03192956,0.75421435,0.6558515,0.27945116,-0.6232797,0.7303624,0.95962894,0.20659858,-0.19086502,,0.105061576,1.3398844,0.44089687,0.99399817,0.014090895,-0.108485475,-0.061557584,-0.74773103,-0.6611422,-0.090434045,0.6638522,-0.74237585,,-0.09920731,0.24931121,-0.08494682,0.8764034,0.09974834,0.47113416,-0.4797744,0.26543322,0.8362785,-0.041637253,-0.9589554,0.28048328,,-0.017215805,0.40246925,-0.3334957,-0.078492105,-0.73370403,-0.6749203,0.94002765,-0.2798966,0.19495116,-0.33194435,-0.6191416,0.7116717,,1.1827905988176033,0.5054605893508684,0.20593640714000003,0.5565171100079277,0.0064219154889757005,1.379381361389079,-0.4011730264257898,,-0.7887999357732914,-0.19161644807525854,0.2111915668,-2.283313794602986,-0.9668398723402566,0.01563052608601853,0.875687538545871,,-0.0682052855063734,-0.0507563563095601,0.08427136484,-0.06770673936139116,,0.00014467537,3.695488e-06,-7.6293945e-06,0.99999994,-0.00011147931,-9.968877e-05,0.00011147186,1.0,-1.3619661e-05,9.968877e-05,1.3560057e-05,0.99999994,219,0.678,0,1,0.105,False,-0.25588632848275505,1.0499977893665218
0.6886064659920521,11:16:57.097524,11:16:48.641925,0,,0.122812346,0.0055680424,0.015410081,-0.8630081,-0.17887959,-0.47246078,-0.35356018,-0.4541486,0.81776774,-0.36084938,0.87278354,0.32868922,,0.043985683,-0.0022854395,0.0041890144,-0.038252667,0.75460476,0.6550636,0.2810612,-0.62095386,0.73172444,0.95892733,0.2121033,-0.18833694,,0.105061576,1.3398844,0.44089687,0.99399817,0.014090895,-0.108485475,-0.061557584,-0.74773103,-0.6611422,-0.090434045,0.6638522,-0.74237585,,-0.09923969,0.24943838,-0.085253485,0.87457293,0.10779352,0.47276074,-0.48360196,0.26502845,0.83419967,-0.035373736,-0.95819646,0.28391588,,-0.017163206,0.40250993,-0.33346215,-0.072233886,-0.73476577,-0.6744639,0.94111055,-0.27415034,0.19787003,-0.33029264,-0.62045217,0.7112987,,1.1830686172010754,0.5056999940699693,0.20561881609000002,0.5527426910252061,0.012980467477716843,1.3753401618538998,-0.4005196501612527,,-0.7888153812390398,-0.19165506173962965,0.2111915668,-2.293798291777212,-0.9695726023355654,0.023331359749364733,0.8753608504136026,,-0.0682052855063734,-0.0507563563095601,0.08427136484,-0.06770673936139116,,0.00014467537,3.695488e-06,-7.6293945e-06,0.99999994,-0.00011147931,-9.968877e-05,0.00011147186,1.0,-1.3619661e-05,9.968877e-05,1.3560057e-05,0.99999994,231,0.715,0,1,0.105,False,-0.2568991496976123,1.049418426957168
0.7284078500233591,11:16:57.128399,11:16:48.641925,0,,0.12283501,0.005508058,0.015704855,-0.8604705,-0.1850035,-0.4747255,-0.35281894,-0.4558356,0.817149,-0.3675723,0.8706247,0.32696038,,0.043990307,-0.0022920258,0.0041782856,-0.037205536,0.7539333,0.65589654,0.28194115,-0.6217667,0.730695,0.95871013,0.21211009,-0.18943164,,0.105061576,1.3398844,0.44089687,0.99399817,0.014090895,-0.108485475,-0.061557584,-0.74773103,-0.6611422,-0.090434045,0.6638522,-0.74237585,,-0.09928349,0.24959432,-0.08550796,0.8725075,0.11399632,0.47511634,-0.48769182,0.26247227,0.8326253,-0.02978864,-0.9581822,0.2846041,,-0.017166361,0.40249687,-0.33346123,-0.07330359,-0.7340525,-0.6751248,0.9413267,-0.2745399,0.19629562,-0.32943997,-0.62112385,0.7111079,,1.1833620810502958,0.5061479125766744,0.20535048406000003,0.5485488921555157,0.01871920046786534,1.3740094382444132,-0.4003563060951183,,-0.7888231039719141,-0.19166278447250387,0.2111915668,-2.293378911890243,-0.968206237337911,0.024014112995492803,0.8755241944797365,,-0.0682052855063734,-0.0507563563095601,0.08427136484,-0.06770673936139116,,0.00014467537,3.695488e-06,-7.6293945e-06,0.99999994,-0.00011147931,-9.968877e-05,0.00011147186,1.0,-1.3619661e-05,9.968877e-05,1.3560057e-05,0.99999994,244,0.756,0,1,0.105,False,-0.25588632848275505,1.0499977893665218
0.7592734249774367,11:16:57.165814,11:16:48.641925,0,,0.12288265,0.005509533,0.01620157,-0.8574531,-0.19714208,-0.475299,-0.34922487,-0.45543468,0.81891453,-0.3779102,0.86816716,0.32166708,,0.043989796,-0.002292309,0.0041794777,-0.037205536,0.7539333,0.65589654,0.28194115,-0.6217667,0.730695,0.95871013,0.21211009,-0.18943164,,0.105061576,1.3398844,0.44089687,0.99399817,0.014090895,-0.108485475,-0.061557584,-0.74773103,-0.6611422,-0.090434045,0.6638522,-0.74237585,,-0.09936381,0.24993202,-0.08586644,0.8702837,0.1262773,0.4760885,-0.49216092,0.26138842,0.8303335,-0.019591741,-0.9569379,0.28963083,,-0.017165957,0.40249774,-0.33346212,-0.07330359,-0.7340525,-0.6751248,0.9413267,-0.2745399,0.19629562,-0.32943997,-0.62112385,0.7111079,,1.1840725724747245,0.5072908770420596,0.20495511561000002,0.5439357133988562,0.028966937950273376,1.3674500277502741,-0.40133637049192394,,-0.7888231039719141,-0.19166278447250387,0.21119027051000003,-2.293378911890243,-0.968206237337911,0.024014112995492803,0.8755241944797365,,-0.0682052855063734,-0.0507563563095601,0.08427136484,-0.06770673936139116,,0.00014467537,3.695488e-06,-7.6293945e-06,0.99999994,-0.00011147931,-9.968877e-05,0.00011147186,1.0,-1.3619661e-05,9.968877e-05,1.3560057e-05,0.99999994,252,0.781,0,1,0.105,False,-0.25767366003838577,1.0496115477602863
0.7966568730189465,11:16:57.195061,11:16:48.726135,0,,0.122925326,0.0055474117,0.016492724,-0.85521644,-0.2049877,-0.47600937,-0.34656557,-0.45671454,0.8193314,-0.38535333,0.86567414,0.3195482,,0.043992877,-0.0022932626,0.00418067,-0.037218276,0.7539789,0.6558433,0.28194335,-0.6217121,0.7307406,0.958709,0.21210752,-0.18944031,,0.105061576,1.3398844,0.44089687,0.99399817,0.014090895,-0.108485475,-0.061557584,-0.74773103,-0.6611422,-0.090434045,0.6638522,-0.74237585,,-0.09942454,0.25015673,-0.086050406,0.8686206,0.134231,0.47694898,-0.49532768,0.258945,0.8292153,-0.012197149,-0.9565195,0.29141328,,-0.017169075,0.40249777,-0.33346355,-0.073290944,-0.73410076,-0.67507374,0.94132847,-0.2745155,0.19632107,-0.32943767,-0.62107754,0.71114945,,1.1845282137143038,0.5080322593979851,0.20475807953000003,0.5410000541900728,0.03593539943831084,1.3647898280469573,-0.40149971455805833,,-0.7888385494376625,-0.1916705072053781,0.21119027051000003,-2.293378911890243,-0.968206237337911,0.023932434255352242,0.8753608504136023,,-0.0682052855063734,-0.0507563563095601,0.08427136484,-0.06770673936139116,,0.00014467537,3.695488e-06,-7.6293945e-06,0.99999994,-0.00011147931,-9.968877e-05,0.00011147186,1.0,-1.3619661e-05,9.968877e-05,1.3560057e-05,0.99999994,269,0.834,0,1,0.105,False,-0.25672041654204936,1.0495632675595068
0.8259269850095734,11:16:57.248541,11:16:48.726135,0,,0.12313095,0.0058061555,0.017390281,-0.8475267,-0.23170537,-0.47750515,-0.3376359,-0.45879042,0.8218961,-0.40951258,0.8578018,0.3106051,,0.043992274,-0.0022934414,0.0041793585,-0.03721297,0.7539768,0.655846,0.28196526,-0.6217109,0.73073316,0.9587027,0.21211848,-0.18945955,,0.105061576,1.3398844,0.44089687,0.99399817,0.014090895,-0.108485475,-0.061557584,-0.74773103,-0.6611422,-0.090434045,0.6638522,-0.74237585,,-0.09968162,0.2509517,-0.08651596,0.8628021,0.16134083,0.47910511,-0.5053986,0.25271663,0.82504946,0.012036335,-0.95399344,0.29958588,,-0.017168341,0.40249673,-0.33346295,-0.07329686,-0.7340998,-0.6750741,0.9413355,-0.27450573,0.19630092,-0.32941616,-0.62108296,0.71115464,,1.185941473830287,0.51102095702031,0.20422530434000002,0.5307252469593312,0.05916360439843572,1.3531998710312165,-0.40149971455805855,,-0.7888308267047883,-0.19168595267112656,0.21119027051000003,-2.293378911890243,-0.968206237337911,0.023932434255352242,0.8753608504136023,,-0.0682052855063734,-0.05074981132486512,0.08427136484,-0.06770673936139116,,0.00014467537,3.695488e-06,-7.6293945e-06,0.99999994,-0.00011147931,-9.968877e-05,0.00011147186,1.0,-1.3619661e-05,9.968877e-05,1.3560057e-05,0.99999994,277,0.859,0,1,0.105,False,-0.2571374605716965,1.049418426957168
0.879368097987026,11:16:57.271380,11:16:48.815246,0,,0.123331934,0.006041907,0.017999142,-0.83902395,-0.25265712,-0.48187482,-0.33398297,-0.46000424,0.8227097,-0.42952794,0.85121113,0.3015715,,0.043990932,-0.0022936799,0.004178703,-0.03720681,0.7539796,0.65584314,0.28196752,-0.62170887,0.73073405,0.9587023,0.21211472,-0.18946593,,0.105061576,1.3398844,0.44089687,0.99399817,0.014090895,-0.108485475,-0.061557584,-0.74773103,-0.6611422,-0.090434045,0.6638522,-0.74237585,,-0.09991563,0.25153366,-0.086786665,0.8557486,0.18263946,0.48408383,-0.516538,0.24785203,0.81960833,0.029711677,-0.9514264,0.30643925,,-0.017166927,0.4024962,-0.33346277,-0.073303066,-0.7341023,-0.6750707,0.9413358,-0.2745079,0.1962966,-0.32941404,-0.6210791,0.71115905,,1.1867446380492062,0.5133454996154516,0.20391160216,0.5185632302372287,0.07624316686911577,1.3436016062966134,-0.40133637049192417,,-0.7888231039719141,-0.19168595267112656,0.21119027051000003,-2.293378911890243,-0.968206237337911,0.023932434255352242,0.8753608504136023,,-0.0682052855063734,-0.05074981132486512,0.08427136484,-0.06770673936139116,,0.00014467537,3.695488e-06,-7.6293945e-06,0.99999994,-0.00011147931,-9.968877e-05,0.00011147186,1.0,-1.3619661e-05,9.968877e-05,1.3560057e-05,0.99999994,294,0.912,0,1,0.105,False,-0.256541683386486,1.0496598279610654
0.9022160730091855,11:16:57.325452,11:16:48.815246,0,,0.12378964,0.006517306,0.019026741,-0.82072645,-0.29459924,-0.4895093,-0.32857862,-0.45752966,0.8262582,-0.46738014,0.83897424,0.27870774,,0.04399526,-0.0022986867,0.0041804314,-0.037128083,0.7539166,0.65592,0.2818916,-0.62181526,0.7306727,0.9587277,0.21202683,-0.18943596,,0.105061576,1.3398844,0.44089687,0.99399817,0.014090895,-0.108485475,-0.061557584,-0.74773103,-0.6611422,-0.090434045,0.6638522,-0.74237585,,-0.10042658,0.25256974,-0.087182805,0.840155,0.22535229,0.49331117,-0.5387601,0.2423584,0.80684566,0.062266406,-0.9436518,0.32502946,,-0.017171113,0.4024942,-0.3334678,-0.07337941,-0.734025,-0.6751465,0.9413034,-0.27463335,0.19627659,-0.32948968,-0.621115,0.7110926,,1.1876868114598615,0.5177088436893884,0.20345271550000002,0.49340043701908576,0.10753292531540162,1.3196388024128036,-0.40117302642578956,,-0.7888385494376625,-0.19169367540400079,0.21119027051000003,-2.293169221946758,-0.968206237337911,0.02385075551521168,0.8750341622813338,,-0.0682052855063734,-0.0507563563095601,0.08427136484,-0.06770673936139116,,0.00014467537,3.695488e-06,-7.6293945e-06,0.99999994,-0.00011147931,-9.968877e-05,0.00011147186,1.0,-1.3619661e-05,9.968877e-05,1.3560057e-05,0.99999994,302,0.936,0,1,0.105,False,-0.2566012611050077,1.0496115477602863
0.9563359430176206,11:16:57.360118,11:16:48.902651,0,,0.12407865,0.0067583695,0.019714892,-0.8041774,-0.329307,-0.494829,-0.32389873,-0.45525333,0.82935745,-0.49838585,0.8272251,0.25944233,,0.043997,-0.0022998936,0.004180908,-0.03713465,0.75391144,0.65592563,0.28189608,-0.62181836,0.7306684,0.9587261,0.21203594,-0.18943366,,0.105061576,1.3398844,0.44089687,0.99399817,0.014090895,-0.108485475,-0.061557584,-0.74773103,-0.6611422,-0.090434045,0.6638522,-0.74237585,,-0.10075347,0.25320736,-0.08750183,0.82583195,0.26081157,0.49997896,-0.55681515,0.23687625,0.7961448,0.08921062,-0.9358777,0.3408438,,-0.017172815,0.4024937,-0.33346906,-0.073372975,-0.7340206,-0.67515194,0.9413054,-0.2746272,0.19627531,-0.3294852,-0.6211229,0.7110878,,1.1882969073569254,0.5200642772160269,0.20311049494000002,0.4720120627836643,0.1344503157691934,1.2997314438881227,-0.4010096823596554,,-0.7888462721705368,-0.19169367540400079,0.21119027051000003,-2.293169221946758,-0.968206237337911,0.02385075551521168,0.875197506347468,,-0.0682052855063734,-0.0507563563095601,0.08427136484,-0.06770673936139116,,0.00014467537,3.695488e-06,-7.6293945e-06,0.99999994,-0.00011147931,-9.968877e-05,0.00011147186,1.0,-1.3619661e-05,9.968877e-05,1.3560057e-05,0.99999994,315,0.977,0,1,0.105,False,-0.25677999426057063,1.0496115477602863
0.9910050380276516,11:16:57.391726,11:16:48.902651,0,,0.124167785,0.0067666993,0.020028472,-0.7939873,-0.34623143,-0.499708,-0.32439053,-0.45389146,0.8299116,-0.5141547,0.82103974,0.24806988,,0.043997835,-0.0022957362,0.0041817427,-0.03722959,0.75408,0.65572643,0.28195232,-0.6215948,0.730837,0.9587059,0.21209231,-0.18947288,,0.105061576,1.3398844,0.44089687,0.99399817,0.014090895,-0.108485475,-0.061557584,-0.74773103,-0.6611422,-0.090434045,0.6638522,-0.74237585,,-0.100862876,0.25342453,-0.0877191,0.8166969,0.2781398,0.50561297,-0.568145,0.23407744,0.78893536,0.10108175,-0.9315825,0.34919405,,-0.017173966,0.40249667,-0.33346617,-0.07327992,-0.73420644,-0.67495996,0.94133246,-0.2744712,0.19636388,-0.3294287,-0.6209722,0.7112456,,1.1885054211445294,0.5206589276473422,0.20289142193,0.4581725265136858,0.1470208737476139,1.2893993180079115,-0.4011730264257898,,-0.7888462721705368,-0.19168595267112656,0.21119027051000003,-2.293378911890243,-0.968206237337911,0.023769076775071035,0.8753608504136023,,-0.06821183049106838,-0.0507563563095601,0.08427136484,-0.06770673936139116,,0.00014467537,3.695488e-06,-7.6293945e-06,0.99999994,-0.00011147931,-9.968877e-05,0.00011147186,1.0,-1.3619661e-05,9.968877e-05,1.3560057e-05,0.99999994,323,1.002,0,1,0.105,False,-0.2568991496976123,1.0493218665556094
1.0226087759947404,11:16:57.420025,11:16:48.902651,0,,0.124207914,0.0067092404,0.020215824,-0.7890561,-0.35648507,-0.5003088,-0.32282385,-0.45227993,0.8314009,-0.5226617,0.8175336,0.24179241,,0.043996066,-0.002298046,0.0041803718,-0.037315715,0.7541869,0.6555985,0.28203973,-0.62143487,0.73093915,0.9586769,0.21218032,-0.1895214,,0.105061576,1.3398844,0.44089687,0.99399817,0.014090895,-0.108485475,-0.061557584,-0.74773103,-0.6611422,-0.090434045,0.6638522,-0.74237585,,-0.10091693,0.25350887,-0.08789224,0.81238556,0.2886445,0.50666964,-0.572901,0.23312211,0.78577256,0.10869302,-0.9286218,0.35474974,,-0.017171944,0.40249443,-0.33346725,-0.07319653,-0.73433053,-0.674834,0.9413694,-0.27431968,0.19639842,-0.32934162,-0.6208924,0.71135557,,1.1885672030075232,0.5207516004418329,0.20272290423000003,0.45230120809611907,0.1550824272337749,1.2828256616898224,-0.4011730264257898,,-0.7888462721705368,-0.191701398136875,0.21119027051000003,-2.2935886018337275,-0.968206237337911,0.023769076775071035,0.8753608504136023,,-0.06821183049106838,-0.0507563563095601,0.08427136484,-0.06770673936139116,,0.00014467537,3.695488e-06,-7.6293945e-06,0.99999994,-0.00011147931,-9.968877e-05,0.00011147186,1.0,-1.3619661e-05,9.968877e-05,1.3560057e-05,0.99999994,332,1.031,0,1,0.105,False,-0.2564821056679656,1.0496115477602863
1.0508851219783537,11:16:57.450104,11:16:48.984572,0,,0.12422535,0.006694071,0.020306095,-0.78677374,-0.35964203,-0.501642,-0.32323897,-0.45229557,0.83123106,-0.5258361,0.816141,0.239604,,0.043994654,-0.0023031272,0.004180908,-0.03730993,0.75418764,0.65559816,0.28204235,-0.62143505,0.73093796,0.9586763,0.21217766,-0.18952712,,0.105061576,1.3398844,0.44089687,0.99399817,0.014090895,-0.108485475,-0.061557584,-0.74773103,-0.6611422,-0.090434045,0.6638522,-0.74237585,,-0.10094072,0.2535587,-0.08796729,0.81030715,0.2918849,0.50813925,-0.57541907,0.23224002,0.7841922,0.11088361,-0.9278296,0.3561419,,-0.017170299,0.40249205,-0.3334717,-0.07320238,-0.7343309,-0.674833,0.94136983,-0.27432197,0.19639316,-0.32933906,-0.620891,0.71135795,,1.1885980939390202,0.5208983323664432,0.20264901570000002,0.44915585894385124,0.1574052477297874,1.2810132360671238,-0.4010096823596554,,-0.7888385494376625,-0.19170912086974923,0.21118897422000002,-2.2935886018337275,-0.968206237337911,0.023769076775071035,0.8753608504136023,,-0.06821183049106838,-0.05076290129425508,0.08427136484,-0.06770673936139116,,0.00014467537,3.695488e-06,-7.6293945e-06,0.99999994,-0.00011147931,-9.968877e-05,0.00011147186,1.0,-1.3619661e-05,9.968877e-05,1.3560057e-05,0.99999994,345,1.072,0,1,0.105,False,-0.25672041654204936,1.0497563883626244
1.080986769986339,11:16:57.492603,11:16:48.984572,0,,0.12429854,0.0067250356,0.020384043,-0.7857261,-0.35898238,-0.5037522,-0.32489562,-0.4535008,0.8299275,-0.5263815,0.8157625,0.23969564,,0.04399387,-0.002300147,0.004181266,-0.0373091,0.7540852,0.655716,0.282029,-0.6215524,0.73084337,0.9586802,0.21219799,-0.1894843,,0.105061576,1.3398844,0.44089687,0.99399817,0.014090895,-0.108485475,-0.061557584,-0.74773103,-0.6611422,-0.090434045,0.6638522,-0.74237585,,-0.10101799,0.25363263,-0.087998204,0.8092511,0.29121774,0.5102008,-0.5770292,0.23108347,0.7833503,0.11022653,-0.92832786,0.3550457,,-0.017169727,0.40249416,-0.33346948,-0.07320282,-0.7342244,-0.6749488,0.9413652,-0.27436197,0.19635954,-0.32935226,-0.6209993,0.71125734,,1.1883664119527932,0.5214466464005131,0.20261142329,0.4472686494524904,0.15631215573166388,1.2820679367769765,-0.4010096823596554,,-0.7888385494376625,-0.19169367540400079,0.21118897422000002,-2.2935886018337275,-0.968206237337911,0.023932434255352103,0.8750341622813338,,-0.06821183049106838,-0.05076290129425508,0.08427136484,-0.06770673936139116,,0.00014467537,3.695488e-06,-7.6293945e-06,0.99999994,-0.00011147931,-9.968877e-05,0.00011147186,1.0,-1.3619661e-05,9.968877e-05,1.3560057e-05,0.99999994,354,1.1,0,1,0.105,False,-0.2561842170753601,1.049804668563404
1.1234310920117423,11:16:57.519852,11:16:48.984572,0,,0.12435308,0.006767884,0.020422906,-0.7854245,-0.35896415,-0.5042352,-0.32511473,-0.45396054,0.8295903,-0.5266961,0.8155149,0.23984727,,0.043995213,-0.0022998936,0.0041819215,-0.03731526,0.7540824,0.65571886,0.28202683,-0.6215545,0.7308425,0.9586807,0.21220179,-0.18947792,,0.105061576,1.3398844,0.44089687,0.99399817,0.014090895,-0.108485475,-0.061557584,-0.74773103,-0.6611422,-0.090434045,0.6638522,-0.74237585,,-0.101073734,0.25368914,-0.08799376,0.8089649,0.29120284,0.510663,-0.57741106,0.23057772,0.78321797,0.110327795,-0.92845833,0.35467303,,-0.017171143,0.40249473,-0.33346966,-0.07319661,-0.7342219,-0.67495227,0.94136494,-0.2743598,0.19636385,-0.32935438,-0.6210032,0.7112529,,1.1882351254939316,0.5218482285099728,0.20261142329,0.44684926956552135,0.15603888273213298,1.2823724513245098,-0.40084633829352123,,-0.7888462721705368,-0.19169367540400079,0.21118897422000002,-2.2935886018337275,-0.968206237337911,0.023932434255352103,0.8750341622813338,,-0.06821183049106838,-0.05076290129425508,0.08427136484,-0.06770673936139116,,0.00014467537,3.695488e-06,-7.6293945e-06,0.99999994,-0.00011147931,-9.968877e-05,0.00011147186,1.0,-1.3619661e-05,9.968877e-05,1.3560057e-05,0.99999994,367,1.141,0,1,0.105,False,-0.2566012611050077,1.0492253061540504
