Task Time,PC1 Time,PC2 Time,Gaze Calib,s_T_psm1,Tx,Ty,Tz,R00,R01,R02,R10,R11,R12,R20,R21,R22,s_T_psm3,Tx,Ty,Tz,R00,R01,R02,R10,R11,R12,R20,R21,R22,cart_T_ecm,Tx,Ty,Tz,R00,R01,R02,R10,R11,R12,R20,R21,R22,ecm_T_psm1,Tx,Ty,Tz,R00,R01,R02,R10,R11,R12,R20,R21,R22,ecm_T_psm3,Tx,Ty,Tz,R00,R01,R02,R10,R11,R12,R20,R21,R22,psm1_joints,q1,q2,q3,q4,q5,q6,jaw,psm3_joints,q1,q2,q3,q4,q5,q6,jaw,ecm_joints,q1,q2,q3,q4,ecmi_T_ecm,Tx,Ty,Tz,R00,R01,R02,R10,R11,R12,R20,R21,R22,Sample #,Task Duration (s),Collisions (binary),Collisions (increments),Cumulative Collision Time (s),Clutch Press,MTMR Angle,MTML Angle
""
lci_T_si,,,,,-0.05588401,0.033678196,0.22142315,0.99411887,-0.024834005,0.10540873,0.053824607,-0.7313092,-0.67991894,0.09397148,0.68159384,-0.7256715
rci_T_si,,,,,-0.06556821,0.037878036,0.23215216,0.98745227,-0.051865816,0.14915736,0.06880197,-0.7088702,-0.70197535,0.14214173,0.7034295,-0.69640696
ecm_T_lc,,,,,-4.4061628e-05,-0.00034663224,-0.01840835,-0.99912,0.030754527,0.028518902,-0.031987965,-0.99852574,-0.043852776,0.027128186,-0.04472645,0.9986309
ecm_T_rc,,,,,-0.0043358393,0.01870579,-0.007592615,-0.99555075,-0.052743673,-0.078081585,0.04863213,-0.9973746,0.053654674,-0.08070653,0.04961868,0.9955021
cart_T_ecmi,,,,,0.1049169,1.339891,0.44090196,0.9940074,0.014203176,-0.108386196,-0.061408322,-0.7477289,-0.66115844,-0.090434045,0.6638522,-0.74237585
ecmac_T_ecmrep_psm1,,,,,0.008075713,-0.26004106,-0.30289736,0.99667877,0.061445758,0.053440064,-0.058828812,0.9970531,-0.049237434,-0.056308012,0.04593009,0.9973564
ecmac_T_ecmrep_psm3,,,,,-0.012692571,-0.457308,-0.5458498,0.99509805,-0.029463936,0.094401784,0.014504567,0.9877462,0.15539348,-0.09782351,-0.1532625,0.9833317
""
0,11:15:51.760213,11:15:43.236279,0,,0.12242548,-0.00065356493,0.0108029395,-0.86244893,0.041893363,-0.5044075,-0.48711383,-0.33940047,0.80469096,-0.13748491,0.9397086,0.3131223,,0.044562884,-0.012429886,0.0011225939,-0.13046867,0.67076284,0.73010623,0.26183775,-0.6869448,0.67789954,0.9562526,0.2796141,-0.086006284,,0.10499565,1.339888,0.44090393,0.9940021,0.0141387535,-0.108443156,-0.061493963,-0.74773014,-0.66114914,-0.090434045,0.6638522,-0.74237585,,-0.0986676,0.24175036,-0.0861476,0.8554814,-0.11354794,0.50523114,-0.4295509,0.38928708,0.81482613,-0.2892018,-0.91409105,0.28425324,,-0.016789773,0.39409083,-0.3399151,0.020722853,-0.6542486,-0.7559956,0.9382586,-0.24844137,0.24072337,-0.34531352,-0.71430784,0.60870594,,1.1577843897708642,0.4800296299960471,0.20593640714000003,0.5714050959953288,-0.23802078259139725,1.4003216226349893,-0.4067267246743551,,-0.7754396079008831,-0.24589181471530838,0.21313470551000002,-2.359640934031353,-1.0877631746326715,0.1808035440719097,0.8765042588765425,,-0.06819874052167843,-0.05078253624834001,0.08427136484,-0.06770673936139116,,7.8294426e-05,4.7683716e-06,-8.106232e-06,1.0,-6.3963234e-05,-5.7190657e-05,6.3955784e-05,1.0,-7.8082085e-06,5.7190657e-05,7.8082085e-06,1.0,35,0.107,1,1,0.082,False,-0.25451604095677105,1.0508668329805522
0.12698841898236424,11:15:51.792256,11:15:43.332523,0,,0.1223322,-0.0008195862,0.011205912,-0.8625705,0.03722426,-0.50456566,-0.48548478,-0.34158596,0.8047506,-0.14239633,0.9391131,0.31271374,,0.04457279,-0.012427844,0.0011261106,-0.13051197,0.6706795,0.7301751,0.26182342,-0.6870145,0.67783433,0.95625067,0.27964246,-0.08593604,,0.10499565,1.339888,0.44090393,0.9940021,0.0141387535,-0.108443156,-0.061493963,-0.74773014,-0.66114914,-0.090434045,0.6638522,-0.74237585,,-0.098605916,0.24190499,-0.086561024,0.8559736,-0.108913586,0.50541764,-0.43169403,0.38739368,0.8145959,-0.28451616,-0.9154583,0.28458142,,-0.016800078,0.39409372,-0.33991536,0.020766903,-0.65416455,-0.7560671,0.9382536,-0.24844946,0.24073452,-0.34532446,-0.71438193,0.6086127,,1.1584871584624188,0.48012230279053775,0.20549437225000003,0.5701469563344217,-0.2326919591005451,1.3995701889570136,-0.4057466602775497,,-0.7754936670310026,-0.24589181471530838,0.21313600180000003,-2.359640934031353,-1.0877631746326715,0.18088522281205036,0.8763409148104081,,-0.06819874052167843,-0.05078253624834001,0.08427136484,-0.06770673936139116,,7.8294426e-05,4.7683716e-06,-8.106232e-06,1.0,-6.3963234e-05,-5.7190657e-05,6.3955784e-05,1.0,-7.8082085e-06,5.7190657e-05,7.8082085e-06,1.0,43,0.131,1,1,0.106,False,-0.2544564632382502,1.05105995378367
0.15901759202824906,11:15:51.815265,11:15:43.332523,0,,0.12226345,-0.0008973554,0.011414364,-0.86217463,0.034805935,-0.50541437,-0.48549137,-0.34181604,0.804649,-0.14475217,0.9391221,0.31160304,,0.04458082,-0.012425445,0.0011299849,-0.130547,0.6704639,0.73036677,0.26164427,-0.6872575,0.6776572,0.9562949,0.2795624,-0.08570361,,0.10499565,1.339888,0.44090393,0.9940021,0.0141387535,-0.108443156,-0.061493963,-0.74773014,-0.66114914,-0.090434045,0.6638522,-0.74237585,,-0.09855333,0.2419914,-0.086770795,0.8557343,-0.10650866,0.5063346,-0.43331045,0.38728982,0.8137866,-0.28277355,-0.9157852,0.2852659,,-0.016808575,0.39409736,-0.3399156,0.02080769,-0.6539285,-0.7562702,0.93818945,-0.24863045,0.24079767,-0.34549624,-0.7145351,0.6083354,,1.1589659679006206,0.4801763619206573,0.20527011408,0.5686791267300301,-0.23050577510429804,1.3984409324189953,-0.40541997214528114,,-0.7755322806953737,-0.24588409198243416,0.21313729809,-2.359431244087868,-1.0878998111324367,0.18099664071574664,0.8763409148104081,,-0.06819874052167843,-0.05078253624834001,0.08427136484,-0.06770673936139116,,7.8294426e-05,4.7683716e-06,-8.106232e-06,1.0,-6.3963234e-05,-5.7190657e-05,6.3955784e-05,1.0,-7.8082085e-06,5.7190657e-05,7.8082085e-06,1.0,51,0.156,0,1,0.106,False,-0.25535012901606535,1.0507219923782136
0.18202501302585006,11:15:51.838507,11:15:43.332523,0,,0.12219022,-0.0009480044,0.011592969,-0.86152595,0.03226793,-0.50668734,-0.48575276,-0.34272462,0.8041045,-0.14770736,0.93888164,0.31094027,,0.044590216,-0.012424789,0.0011344552,-0.13050711,0.67032045,0.7305056,0.261578,-0.68742085,0.6775171,0.95631844,0.27950504,-0.085627794,,0.10499565,1.339888,0.44090393,0.9940021,0.0141387535,-0.108443156,-0.061493963,-0.74773014,-0.66114914,-0.090434045,0.6638522,-0.74237585,,-0.098493546,0.24207753,-0.08694059,0.8552753,-0.10398711,0.5076327,-0.4355273,0.386522,0.81296784,-0.28074935,-0.9163992,0.28529346,,-0.016818382,0.39410025,-0.33991754,0.020769572,-0.6537709,-0.75640744,0.93816555,-0.24875511,0.240762,-0.3455634,-0.7146359,0.6081788,,1.1595142819346906,0.4802226983179027,0.20508474461,0.5665822272951848,-0.22790968160875466,1.3979575670515745,-0.4057466602775497,,-0.7755786170926191,-0.24588409198243416,0.21313729809,-2.3592215541443835,-1.0878998111324367,0.18099664071574664,0.8763409148104081,,-0.06819874052167843,-0.05078253624834001,0.08427136484,-0.06770673936139116,,7.8294426e-05,4.7683716e-06,-8.106232e-06,1.0,-6.3963234e-05,-5.7190657e-05,6.3955784e-05,1.0,-7.8082085e-06,5.7190657e-05,7.8082085e-06,1.0,72,0.22,1,2,0.133,False,-0.2551713958605024,1.0508668329805522
0.20528551400639117,11:15:51.897404,11:15:43.332523,0,,0.1220414,-0.0010418221,0.012102455,-0.8610881,0.020208232,-0.50805426,-0.48261267,-0.34699008,0.80416596,-0.160039,0.9376511,0.3085417,,0.044595532,-0.012420632,0.0011369586,-0.1305319,0.6703067,0.73051375,0.26157606,-0.6874274,0.6775112,0.9563156,0.27952182,-0.085605025,,0.10499565,1.339888,0.44090393,0.9940021,0.0141387535,-0.108443156,-0.061493963,-0.74773014,-0.66114914,-0.090434045,0.6638522,-0.74237585,,-0.09838145,0.24235883,-0.08738649,0.855743,-0.091998346,0.5091564,-0.44162253,0.3828517,0.8114149,-0.26958022,-0.9192175,0.2869941,,-0.016824152,0.3941041,-0.3399156,0.020794595,-0.6537585,-0.75641745,0.93816495,-0.24874385,0.24077599,-0.34556356,-0.71465117,0.6081608,,1.1610279375780386,0.48046210303700365,0.20457789522000003,0.5623884284254943,-0.21520248713056872,1.3951918248408797,-0.4062366924759524,,-0.775609508024116,-0.24588409198243416,0.21313729809,-2.3592215541443835,-1.0878998111324367,0.18099664071574664,0.8763409148104081,,-0.06819874052167843,-0.050775991263645036,0.08427136484,-0.06770673936139116,,7.8294426e-05,4.7683716e-06,-8.106232e-06,1.0,-6.3963234e-05,-5.7190657e-05,6.3955784e-05,1.0,-7.8082085e-06,5.7190657e-05,7.8082085e-06,1.0,80,0.246,1,2,0.159,False,-0.2551713958605024,1.050335750771978
0.264135689008981,11:15:51.924249,11:15:43.473662,0,,0.12196766,-0.0010393485,0.012286752,-0.8602772,0.016256046,-0.5095677,-0.48252574,-0.34864697,0.80350125,-0.16459742,0.93711317,0.3077768,,0.04459419,-0.0124209,0.0011362433,-0.13052571,0.6703101,0.7305117,0.26157814,-0.6874254,0.67751247,0.9563159,0.27951875,-0.08561179,,0.10499565,1.339888,0.44090393,0.9940021,0.0141387535,-0.108443156,-0.061493963,-0.74773014,-0.66114914,-0.090434045,0.6638522,-0.74237585,,-0.098320015,0.24248776,-0.087524384,0.855238,-0.08806785,0.51069754,-0.44467825,0.3813675,0.81044436,-0.26613754,-0.92021894,0.28699812,,-0.016822739,0.39410353,-0.33991542,0.0207883,-0.6537617,-0.7564149,0.93816566,-0.2487455,0.2407715,-0.34556198,-0.7146477,0.60816574,,1.16176159720109,0.48065517135885927,0.20441585897000003,0.5596624591601955,-0.21110339213760548,1.3945446861546253,-0.40640003654208656,,-0.7756017852912417,-0.24588409198243416,0.21313729809,-2.3592215541443835,-1.0878998111324367,0.18099664071574664,0.8763409148104081,,-0.06819874052167843,-0.050775991263645036,0.08427136484,-0.06770673936139116,,7.8294426e-05,4.7683716e-06,-8.106232e-06,1.0,-6.3963234e-05,-5.7190657e-05,6.3955784e-05,1.0,-7.8082085e-06,5.7190657e-05,7.8082085e-06,1.0,101,0.31,1,2,0.223,False,-0.2551118181419816,1.050963393382111
0.2910288569983095,11:15:51.986117,11:15:43.473662,0,,0.12181605,-0.00088991225,0.012421221,-0.8607688,0.009935722,-0.50889933,-0.4795333,-0.35105413,0.8042442,-0.17066044,0.9363025,0.3069408,,0.044591874,-0.0124229565,0.0011348128,-0.13051389,0.67031425,0.7305101,0.26158923,-0.6874215,0.67751217,0.95631444,0.27951837,-0.085629016,,0.10499565,1.339888,0.44090393,0.9940021,0.0141387535,-0.108443156,-0.061493963,-0.74773014,-0.66114914,-0.090434045,0.6638522,-0.74237585,,-0.098173454,0.24269238,-0.08753125,0.8562142,-0.081778616,0.51010734,-0.44659644,0.3792054,0.8104041,-0.25970918,-0.92169166,0.288159,,-0.016820176,0.39410144,-0.3399163,0.020776039,-0.65376604,-0.7564115,0.9381696,-0.24874403,0.24075764,-0.345552,-0.71464425,0.6081755,,1.163244361912941,0.4809177442765829,0.20436789624,0.5588236993862574,-0.20386165765003716,1.3923150805650404,-0.4068900687404897,,-0.7755863398254933,-0.24589181471530838,0.21313729809,-2.3592215541443835,-1.0878998111324367,0.18099664071574664,0.8763409148104081,,-0.06819874052167843,-0.050775991263645036,0.08427136484,-0.06770673936139116,,7.8294426e-05,4.7683716e-06,-8.106232e-06,1.0,-6.3963234e-05,-5.7190657e-05,6.3955784e-05,1.0,-7.8082085e-06,5.7190657e-05,7.8082085e-06,1.0,109,0.336,1,2,0.249,False,-0.25546928445310746,1.05105995378367
0.3528971769846976,11:15:52.019696,11:15:43.556711,0,,0.12171144,-0.000795193,0.012446836,-0.8607193,0.010682926,-0.5089677,-0.4794639,-0.35304198,0.803415,-0.17110412,0.9355465,0.30899206,,0.04459414,-0.0124178305,0.0011361241,-0.13052575,0.67030984,0.73051196,0.26158434,-0.6874237,0.6775117,0.9563141,0.27952334,-0.08561614,,0.10499565,1.339888,0.44090393,0.9940021,0.0141387535,-0.108443156,-0.061493963,-0.74773014,-0.66114914,-0.090434045,0.6638522,-0.74237585,,-0.098068126,0.24278173,-0.087492645,0.8561962,-0.08253031,0.5100164,-0.44684845,0.37721652,0.81119305,-0.25933462,-0.92244047,0.28609285,,-0.01682285,0.3941052,-0.33991286,0.020788148,-0.653762,-0.75641465,0.93816787,-0.24874084,0.24076752,-0.34555587,-0.714649,0.60816765,,1.1640475261318604,0.4810490307354447,0.20439122946000002,0.5584043194992884,-0.20317847515120993,1.393881638290213,-0.40656338060822095,,-0.7756017852912417,-0.24588409198243416,0.21313729809,-2.3592215541443835,-1.0878998111324367,0.18099664071574664,0.8763409148104081,,-0.06819874052167843,-0.05076944627895005,0.08427136484,-0.06770673936139116,,7.8294426e-05,4.7683716e-06,-8.106232e-06,1.0,-6.3963234e-05,-5.7190657e-05,6.3955784e-05,1.0,-7.8082085e-06,5.7190657e-05,7.8082085e-06,1.0,122,0.376,1,2,0.289,False,-0.2561246393568388,1.0506737121774343
0.38647580600809306,11:15:52.060228,11:15:43.556711,0,,0.12161239,-0.0006233677,0.012430668,-0.86099344,0.010555409,-0.5085068,-0.47888726,-0.35362664,0.80350184,-0.17134023,0.93532705,0.30952492,,0.044591088,-0.012416832,0.001134932,-0.13051285,0.6703192,0.7305057,0.2615815,-0.6874194,0.67751724,0.95631665,0.27951154,-0.085626096,,0.10499565,1.339888,0.44090393,0.9940021,0.0141387535,-0.108443156,-0.061493963,-0.74773014,-0.66114914,-0.090434045,0.6638522,-0.74237585,,-0.097963385,0.24289906,-0.08737073,0.8565015,-0.0824052,0.50952387,-0.4465798,0.376642,0.81160784,-0.25878876,-0.9226864,0.28579393,,-0.016819755,0.39410514,-0.33991137,0.020775232,-0.6537704,-0.75640774,0.9381668,-0.2487489,0.24076341,-0.34555957,-0.71463853,0.6081779,,1.1649510858781447,0.48135021731753946,0.20449493266000002,0.5586140094427728,-0.20249529265238275,1.3934062275118715,-0.40672672467435533,,-0.7755863398254933,-0.24587636924955994,0.21313729809,-2.3592215541443835,-1.0878998111324367,0.18099664071574664,0.8763409148104081,,-0.06819874052167843,-0.05076944627895005,0.08427136484,-0.06770673936139116,,7.8294426e-05,4.7683716e-06,-8.106232e-06,1.0,-6.3963234e-05,-5.7190657e-05,6.3955784e-05,1.0,-7.8082085e-06,5.7190657e-05,7.8082085e-06,1.0,143,0.441,1,2,0.354,False,-0.25588632848275505,1.0507702725789931
0.4270080869900994,11:15:52.118667,11:15:43.647383,0,,0.12149064,-0.00027499348,0.0122192055,-0.8606162,0.011188723,-0.5091312,-0.4795214,-0.35441455,0.80277616,-0.1714614,0.9350215,0.31038004,,0.0445928,-0.012418114,0.0011354685,-0.13051957,0.67043257,0.7304004,0.2615864,-0.68731105,0.6776253,0.9563144,0.27950633,-0.085668564,,0.10499565,1.339888,0.44090393,0.9940021,0.0141387535,-0.108443156,-0.061493963,-0.74773014,-0.66114914,-0.090434045,0.6638522,-0.74237585,,-0.097818084,0.2430135,-0.08698773,0.8561154,-0.08303904,0.51006955,-0.447136,0.37584147,0.8116727,-0.2591058,-0.922956,0.2846339,,-0.016821437,0.39410466,-0.3399127,0.020781854,-0.65388876,-0.7563052,0.9381686,-0.24870315,0.24080366,-0.3455543,-0.7145462,0.60828936,,1.1661403867407751,0.48172090849550225,0.20485919015,0.5575655597253503,-0.20249529265238275,1.393487906252012,-0.4068900687404895,,-0.7755940625583675,-0.24588409198243416,0.21313729809,-2.3592215541443835,-1.0878998111324367,0.18083328323546546,0.8766676029426769,,-0.06819874052167843,-0.05076944627895005,0.08427136484,-0.06770673936139116,,7.8294426e-05,4.7683716e-06,-8.106232e-06,1.0,-6.3963234e-05,-5.7190657e-05,6.3955784e-05,1.0,-7.8082085e-06,5.7190657e-05,7.8082085e-06,1.0,151,0.467,1,2,0.38,False,-0.25588632848275505,1.051108233984449
0.4854451310238801,11:15:52.139970,11:15:43.647383,0,,0.12141027,-7.366389e-05,0.012082666,-0.86079717,0.011828788,-0.50881076,-0.4793292,-0.35491553,0.80266964,-0.17109019,0.93482363,0.31118,,0.04459011,-0.012418635,0.0011341572,-0.1305072,0.6704393,0.73039645,0.26159057,-0.6873069,0.6776279,0.9563149,0.2795002,-0.08568218,,0.10499565,1.339888,0.44090393,0.9940021,0.0141387535,-0.108443156,-0.061493963,-0.74773014,-0.66114914,-0.090434045,0.6638522,-0.74237585,,-0.097723186,0.24307014,-0.08675659,0.85627675,-0.083678566,0.5096941,-0.4467384,0.37532425,0.81213087,-0.25925848,-0.9231087,0.283999,,-0.016818607,0.3941036,-0.33991238,0.020769266,-0.65389514,-0.7563001,0.93817,-0.24870645,0.24079467,-0.34555116,-0.71453923,0.6082994,,1.1668508781652038,0.4818676404201125,0.20508085574,0.5577752496688348,-0.20249529265238275,1.3935695849921526,-0.4070534128066239,,-0.7755786170926191,-0.24588409198243416,0.21313729809,-2.3592215541443835,-1.0878998111324367,0.18083328323546546,0.8766676029426769,,-0.06819874052167843,-0.05076944627895005,0.08427136484,-0.06770673936139116,,7.8294426e-05,4.7683716e-06,-8.106232e-06,1.0,-6.3963234e-05,-5.7190657e-05,6.3955784e-05,1.0,-7.8082085e-06,5.7190657e-05,7.8082085e-06,1.0,164,0.507,1,2,0.42,False,-0.2566012611050077,1.0506737121774343
0.5067189069814049,11:15:52.186364,11:15:43.647383,0,,0.12131793,0.00018703192,0.011906147,-0.860964,0.011637464,-0.5085328,-0.4789368,-0.35531875,0.80272543,-0.17134957,0.9346727,0.31149024,,0.04459011,-0.012418635,0.0011341572,-0.1305072,0.6703797,0.7304512,0.26159057,-0.6873622,0.6775718,0.9563149,0.2795072,-0.085659325,,0.10499565,1.339888,0.44090393,0.9940021,0.0141387535,-0.108443156,-0.061493963,-0.74773014,-0.66114914,-0.090434045,0.6638522,-0.74237585,,-0.097612016,0.24314338,-0.086456716,0.8564714,-0.0834892,0.5093979,-0.44662315,0.3749308,0.81237596,-0.2588136,-0.92328566,0.2838293,,-0.016818607,0.3941036,-0.33991238,0.020769266,-0.6538333,-0.7563535,0.93817,-0.24872611,0.24077436,-0.34555116,-0.7145889,0.608241,,1.1677312697128654,0.4820607087419681,0.20536733583000003,0.5577752496688348,-0.20181211015355555,1.3930124954736705,-0.4070534128066239,,-0.7755786170926191,-0.24588409198243416,0.21313729809,-2.3592215541443835,-1.0878998111324367,0.180914961975606,0.8765042588765425,,-0.06819874052167843,-0.05076944627895005,0.08427136484,-0.06770673936139116,,7.8294426e-05,4.7683716e-06,-8.106232e-06,1.0,-6.3963234e-05,-5.7190657e-05,6.3955784e-05,1.0,-7.8082085e-06,5.7190657e-05,7.8082085e-06,1.0,172,0.533,0,2,0.439,False,-0.25630337251240265,1.0506737121774343
0.5531398709863424,11:15:52.215301,11:15:43.747210,0,,0.12123707,0.0003445074,0.011834651,-0.8610973,0.01169429,-0.50830585,-0.47862482,-0.3559619,0.8026266,-0.17155135,0.9344273,0.31211495,,0.04459011,-0.012418635,0.0011341572,-0.1305072,0.6703797,0.7304512,0.26159057,-0.6873622,0.6775718,0.9563149,0.2795072,-0.085659325,,0.10499565,1.339888,0.44090393,0.9940021,0.0141387535,-0.108443156,-0.061493963,-0.74773014,-0.66114914,-0.090434045,0.6638522,-0.74237585,,-0.09752217,0.24321212,-0.08630293,0.8566266,-0.083547905,0.5091274,-0.44652852,0.37429124,0.8127228,-0.2584632,-0.9235398,0.2833213,,-0.016818607,0.3941036,-0.33991238,0.020769266,-0.6538333,-0.7563535,0.93817,-0.24872611,0.24077436,-0.34555116,-0.7145889,0.608241,,1.1684340384044198,0.4822074406665784,0.20550992773,0.5577752496688348,-0.2012655641544938,1.3929752175595875,-0.40721675687275827,,-0.7755786170926191,-0.24588409198243416,0.21313729809,-2.3592215541443835,-1.0878998111324367,0.180914961975606,0.8765042588765425,,-0.06819874052167843,-0.05076944627895005,0.08427136484,-0.06770673936139116,,7.8294426e-05,4.7683716e-06,-8.106232e-06,1.0,-6.3963234e-05,-5.7190657e-05,6.3955784e-05,1.0,-7.8082085e-06,5.7190657e-05,7.8082085e-06,1.0,189,0.585,0,2,0.439,False,-0.2566012611050077,1.0503840309727575
0.5820603970205411,11:15:52.266102,11:15:43.747210,0,,0.121086255,0.0005756989,0.01187627,-0.8614858,0.011562146,-0.50765014,-0.4777067,-0.35740697,0.8025313,-0.17215869,0.93387717,0.3134243,,0.044591773,-0.012416832,0.0011345744,-0.13051395,0.67031384,0.7305105,0.26160178,-0.68741816,0.6775106,0.9563109,0.2795275,-0.08563766,,0.10499565,1.339888,0.44090393,0.9940021,0.0141387535,-0.108443156,-0.061493963,-0.74773014,-0.66114914,-0.090434045,0.6638522,-0.74237585,,-0.097367935,0.2434135,-0.08618636,0.8570803,-0.08342074,0.5083841,-0.44625932,0.3728614,0.8135275,-0.25742185,-0.92412955,0.28234485,,-0.016820401,0.39410478,-0.33991113,0.020775734,-0.6537667,-0.75641096,0.93817407,-0.2487347,0.2407497,-0.34553978,-0.7146469,0.60817933,,1.1698164075889061,0.4827248637691514,0.20559548287,0.5579849396123193,-0.20003583565660482,1.3927892438277254,-0.40721675687275805,,-0.7755863398254933,-0.24589181471530838,0.21313729809,-2.3592215541443835,-1.0878998111324367,0.18099664071574664,0.8763409148104081,,-0.06819874052167843,-0.05076290129425508,0.08427136484,-0.06770673936139116,,7.8294426e-05,4.7683716e-06,-8.106232e-06,1.0,-6.3963234e-05,-5.7190657e-05,6.3955784e-05,1.0,-7.8082085e-06,5.7190657e-05,7.8082085e-06,1.0,197,0.61,0,2,0.439,False,-0.25600548391979716,1.0504805913743163
0.6328668019850738,11:15:52.290372,11:15:43.747210,0,,0.120973036,0.0007062927,0.011961281,-0.8602738,0.011585131,-0.5097009,-0.47950673,-0.35804114,0.801174,-0.17321214,0.9336339,0.31356847,,0.04458872,-0.012415819,0.0011333823,-0.13050105,0.6703828,0.7304494,0.26159889,-0.6873585,0.67757225,0.9563135,0.2795087,-0.08567041,,0.10499565,1.339888,0.44090393,0.9940021,0.0141387535,-0.108443156,-0.061493963,-0.74773014,-0.66114914,-0.090434045,0.6638522,-0.74237585,,-0.097256914,0.24356975,-0.08616731,0.8558899,-0.08344558,0.51038146,-0.44832414,0.3722307,0.8126806,-0.25779426,-0.9243815,0.28117785,,-0.016817305,0.39410472,-0.33990964,0.02076282,-0.65383685,-0.75635064,0.938173,-0.2487231,0.2407659,-0.3455435,-0.71458673,0.6082479,,1.1708203628625553,0.483157336810108,0.20559418658000003,0.5552589703470204,-0.20003583565660482,1.392870922567866,-0.40738010093889243,,-0.7755708943597448,-0.24588409198243416,0.21313729809,-2.3592215541443835,-1.0878998111324367,0.180914961975606,0.8765042588765425,,-0.06819874052167843,-0.05076290129425508,0.08427136484,-0.06770673936139116,,7.8294426e-05,4.7683716e-06,-8.106232e-06,1.0,-6.3963234e-05,-5.7190657e-05,6.3955784e-05,1.0,-7.8082085e-06,5.7190657e-05,7.8082085e-06,1.0,210,0.65,0,2,0.439,False,-0.2555288621716292,1.0508185527797727
0.6571339209913276,11:15:52.330310,11:15:43.881855,0,,0.1208726,0.00082873553,0.012061238,-0.8602837,0.012274541,-0.5096681,-0.4795034,-0.35905915,0.8007203,-0.17317249,0.93323404,0.3147783,,0.044586454,-0.012420945,0.001132071,-0.13048917,0.6704469,0.7303927,0.26160374,-0.68730086,0.6776289,0.95631385,0.27949673,-0.085706115,,0.10499565,1.339888,0.44090393,0.9940021,0.0141387535,-0.108443156,-0.061493963,-0.74773014,-0.66114914,-0.090434045,0.6638522,-0.74237585,,-0.097159885,0.24372986,-0.086163856,0.85589725,-0.084135644,0.51025593,-0.4482945,0.3711961,0.81317,-0.2578216,-0.9247349,0.27998817,,-0.01681463,0.39410096,-0.33991307,0.02075071,-0.65390265,-0.7562941,0.9381747,-0.24870664,0.24077633,-0.34553963,-0.71453226,0.6083141,,1.171739368074588,0.4836207007825615,0.20557863110000002,0.555049280403536,-0.20003583565660482,1.393197637528428,-0.40672672467435533,,-0.7755554488939964,-0.24589181471530838,0.21313729809,-2.3592215541443835,-1.0878998111324367,0.18083328323546544,0.8763409148104082,,-0.06819874052167843,-0.05076944627895005,0.08427136484,-0.06770673936139116,,7.8294426e-05,4.7683716e-06,-8.106232e-06,1.0,-6.3963234e-05,-5.7190657e-05,6.3955784e-05,1.0,-7.8082085e-06,5.7190657e-05,7.8082085e-06,1.0,218,0.676,1,3,0.448,False,-0.25546928445310746,1.0508185527797727
0.6970531870028935,11:15:52.357219,11:15:43.881855,0,,0.12080705,0.0009256229,0.012164235,-0.85944915,0.012229316,-0.5110751,-0.48068732,-0.359657,0.7997415,-0.17403139,0.93300444,0.31498528,,0.044589456,-0.012418874,0.0011330843,-0.13050212,0.6704373,0.73039925,0.2616129,-0.68730354,0.67762256,0.95630956,0.2795131,-0.08570048,,0.10499565,1.339888,0.44090393,0.9940021,0.0141387535,-0.108443156,-0.061493963,-0.74773014,-0.66114914,-0.090434045,0.6638522,-0.74237585,,-0.09709856,0.24387251,-0.086177655,0.8550881,-0.08409232,0.5116178,-0.44976637,0.37060294,0.8126276,-0.2579428,-0.9249767,0.27907628,,-0.01681784,0.3941027,-0.33991197,0.020763472,-0.65389454,-0.75630075,0.93817806,-0.2486939,0.24077648,-0.3455298,-0.71454406,0.60830575,,1.1724421367661424,0.48409178748788917,0.20554492756,0.5531620709121753,-0.20003583565660482,1.3932793162685688,-0.40656338060822117,,-0.7755708943597448,-0.2458995374481826,0.21313729809,-2.3592215541443835,-1.0878998111324367,0.18083328323546552,0.8760142266781396,,-0.06819874052167843,-0.05076290129425508,0.08427136484,-0.06770673936139116,,7.8294426e-05,4.7683716e-06,-8.106232e-06,1.0,-6.3963234e-05,-5.7190657e-05,6.3955784e-05,1.0,-7.8082085e-06,5.7190657e-05,7.8082085e-06,1.0,235,0.729,1,3,0.501,False,-0.25558843989015,1.0505288715750958
0.7239842310082167,11:15:52.401885,11:15:43.881855,0,,0.1207169,0.0010451451,0.012365162,-0.8593605,0.012793511,-0.5112104,-0.4807987,-0.36068588,0.7992111,-0.17416155,0.93259966,0.3161102,,0.044589695,-0.012414046,0.0011340976,-0.1305067,0.6703821,0.7304491,0.26158983,-0.68736035,0.6775739,0.9563153,0.27950603,-0.08566004,,0.10499565,1.339888,0.44090393,0.9940021,0.0141387535,-0.108443156,-0.061493963,-0.74773014,-0.66114914,-0.090434045,0.6638522,-0.74237585,,-0.09701853,0.2440989,-0.08624922,0.85500515,-0.08465749,0.51166326,-0.44993863,0.36956003,0.8130072,-0.25791743,-0.9253424,0.27788508,,-0.016818453,0.39410627,-0.33990866,0.020768786,-0.6538357,-0.7563515,0.9381698,-0.24872622,0.24077526,-0.3455519,-0.7145867,0.60824317,,1.1734306465740432,0.4848486153095632,0.20544511323000003,0.5527426910252061,-0.20017247215637027,1.3933907341722653,-0.40656338060822117,,-0.7755786170926191,-0.24587636924955994,0.21313729809,-2.3592215541443835,-1.0878998111324367,0.18091496197560608,0.8761775707442738,,-0.06819874052167843,-0.05076290129425508,0.08427136484,-0.06770673936139116,,7.8294426e-05,4.7683716e-06,-8.106232e-06,1.0,-6.3963234e-05,-5.7190657e-05,6.3955784e-05,1.0,-7.8082085e-06,5.7190657e-05,7.8082085e-06,1.0,256,0.794,1,3,0.566,False,-0.2557075953271921,1.0507219923782136
0.7686350140138529,11:15:52.471976,11:15:43.969425,0,,0.12062841,0.0010898784,0.012693763,-0.85833466,0.009676352,-0.51299924,-0.48126572,-0.36182606,0.7984142,-0.17789069,0.9321954,0.3152246,,0.044589456,-0.012418874,0.0011330843,-0.13050212,0.67031795,0.73050874,0.2616129,-0.6874143,0.67751026,0.95630956,0.27952707,-0.085654855,,0.10499565,1.339888,0.44090393,0.9940021,0.0141387535,-0.108443156,-0.061493963,-0.74773014,-0.66114914,-0.090434045,0.6638522,-0.74237585,,-0.09695073,0.24435727,-0.08646475,0.85421526,-0.08155403,0.51348346,-0.45284158,0.3685252,0.8118643,-0.2554424,-0.92603356,0.27786878,,-0.01681784,0.3941027,-0.33991197,0.020763472,-0.653771,-0.75640756,0.93817806,-0.24873324,0.24073584,-0.3455298,-0.7146434,0.60818905,,1.174496383710686,0.48559772039836296,0.20519363297,0.5498070318164229,-0.19743974216106144,1.3921425209800236,-0.4075434450050268,,-0.7755708943597448,-0.2458995374481826,0.21313729809,-2.3592215541443835,-1.0878998111324367,0.18099664071574664,0.8763409148104081,,-0.06819874052167843,-0.05076290129425508,0.08427136484,-0.06770673936139116,,7.8294426e-05,4.7683716e-06,-8.106232e-06,1.0,-6.3963234e-05,-5.7190657e-05,6.3955784e-05,1.0,-7.8082085e-06,5.7190657e-05,7.8082085e-06,1.0,264,0.819,1,3,0.591,False,-0.2564821056679656,1.0505288715750958
0.8387181769940071,11:15:52.500393,11:15:44.057618,0,,0.120595194,0.0010744557,0.012789711,-0.8577746,0.01003091,-0.51392823,-0.48197764,-0.36320403,0.7973583,-0.17866254,0.93165565,0.3163818,,0.04458872,-0.012415819,0.0011333823,-0.13050105,0.6703231,0.73050416,0.26159889,-0.6874138,0.6775161,0.9563135,0.2795157,-0.08564758,,0.10499565,1.339888,0.44090393,0.9940021,0.0141387535,-0.108443156,-0.061493963,-0.74773014,-0.66114914,-0.090434045,0.6638522,-0.74237585,,-0.09692439,0.24441202,-0.08654755,0.8536875,-0.08191109,0.51430357,-0.4539017,0.36713973,0.8119,-0.25532487,-0.9265522,0.27624303,,-0.016817305,0.39410472,-0.33990964,0.02076282,-0.65377504,-0.75640404,0.938173,-0.24874276,0.24074559,-0.3455435,-0.7146364,0.6081895,,1.1747666793612839,0.48572128412435056,0.20510418896000002,0.5485488921555157,-0.19716646916153055,1.3935532599754419,-0.40591000434368385,,-0.7755708943597448,-0.24588409198243416,0.21313729809,-2.3592215541443835,-1.0878998111324367,0.18099664071574664,0.8763409148104081,,-0.06819874052167843,-0.05076290129425508,0.08427136484,-0.06770673936139116,,7.8294426e-05,4.7683716e-06,-8.106232e-06,1.0,-6.3963234e-05,-5.7190657e-05,6.3955784e-05,1.0,-7.8082085e-06,5.7190657e-05,7.8082085e-06,1.0,277,0.859,1,3,0.632,False,-0.25636295023092304,1.050335750771978
0.8671548209968023,11:15:52.533199,11:15:44.057618,0,,0.120586365,0.0010856465,0.01299566,-0.85825694,0.005331382,-0.51319283,-0.47971758,-0.36369875,0.79849494,-0.18239047,0.9315014,0.31470445,,0.044589695,-0.012414046,0.0011340976,-0.1305067,0.6703223,0.73050386,0.26158983,-0.6874157,0.6775177,0.9563153,0.27951306,-0.08563718,,0.10499565,1.339888,0.44090393,0.9940021,0.0141387535,-0.108443156,-0.061493963,-0.74773014,-0.66114914,-0.090434045,0.6638522,-0.74237585,,-0.09692888,0.24456048,-0.086690925,0.85447913,-0.07722758,0.51371324,-0.4547689,0.36678615,0.8115745,-0.25109884,-0.9270943,0.27829042,,-0.016818453,0.39410627,-0.33990866,0.020768786,-0.6537739,-0.7564049,0.9381698,-0.24874589,0.24075495,-0.3455519,-0.7146364,0.60818475,,1.175214597867989,0.4861383116995587,0.20493567126,0.5485488921555157,-0.1929307376688019,1.3909977711023989,-0.40721675687275827,,-0.7755786170926191,-0.24587636924955994,0.21313729809,-2.3592215541443835,-1.0878998111324367,0.18099664071574664,0.8763409148104081,,-0.06819874052167843,-0.05076290129425508,0.08427136484,-0.06770673936139116,,7.8294426e-05,4.7683716e-06,-8.106232e-06,1.0,-6.3963234e-05,-5.7190657e-05,6.3955784e-05,1.0,-7.8082085e-06,5.7190657e-05,7.8082085e-06,1.0,298,0.925,1,3,0.697,False,-0.25558843989015,1.0512047943860081
0.8999791879905388,11:15:52.599265,11:15:44.148724,0,,0.12054304,0.0009830967,0.013284311,-0.85675746,0.0014304519,-0.51571786,-0.48066518,-0.3646002,0.7975134,-0.18688999,0.9311631,0.31306142,,0.04459141,-0.012415297,0.0011346936,-0.13051343,0.6703164,0.73050815,0.26159477,-0.687418,0.6775136,0.95631295,0.2795218,-0.08563405,,0.10499565,1.339888,0.44090393,0.9940021,0.0141387535,-0.108443156,-0.061493963,-0.74773014,-0.66114914,-0.090434045,0.6638522,-0.74237585,,-0.09690767,0.2446827,-0.08697436,0.8532542,-0.07333997,0.5163125,-0.45855936,0.36599004,0.80979913,-0.24835587,-0.92772436,0.2786518,,-0.016820135,0.3941058,-0.33990997,0.020775406,-0.6537687,-0.75640917,0.93817157,-0.24873947,0.24075457,-0.34554663,-0.71464336,0.60817957,,1.1756779618404425,0.48635454822003693,0.20463363569,0.5447744731727943,-0.18965146167443137,1.3900389949566367,-0.40591000434368407,,-0.7755863398254933,-0.24588409198243416,0.21313729809,-2.3592215541443835,-1.0878998111324367,0.18099664071574664,0.8763409148104081,,-0.06819874052167843,-0.05076290129425508,0.08427136484,-0.06770673936139116,,7.8294426e-05,4.7683716e-06,-8.106232e-06,1.0,-6.3963234e-05,-5.7190657e-05,6.3955784e-05,1.0,-7.8082085e-06,5.7190657e-05,7.8082085e-06,1.0,302,0.938,1,3,0.71,False,-0.2552309735790237,1.050963393382111
0.9660439110011794,11:15:52.622561,11:15:44.148724,0,,0.12052594,0.00094665587,0.013438538,-0.8568268,-0.00040315837,-0.5156043,-0.47960103,-0.36650008,0.7972833,-0.18929042,0.93041795,0.3138336,,0.044590432,-0.012417071,0.0011338592,-0.13050777,0.6703172,0.73050845,0.2616038,-0.68741614,0.67751193,0.9563113,0.27952445,-0.085644424,,0.10499565,1.339888,0.44090393,0.9940021,0.0141387535,-0.108443156,-0.061493963,-0.74773014,-0.66114914,-0.090434045,0.6638522,-0.74237585,,-0.09690184,0.24476126,-0.08711292,0.8535123,-0.071515754,0.5161417,-0.4594102,0.3641356,0.81015277,-0.24588425,-0.92859614,0.27793914,,-0.016818987,0.39410424,-0.33991095,0.02076944,-0.65376985,-0.7564084,0.9381748,-0.24873635,0.2407452,-0.34553823,-0.7146434,0.6081843,,1.1759482574910403,0.4865090028775214,0.20448196976000002,0.5443550932858252,-0.18705536817888796,1.3906174532110431,-0.406073348409818,,-0.7755786170926191,-0.24589181471530838,0.21313729809,-2.3592215541443835,-1.0878998111324367,0.18099664071574664,0.8763409148104081,,-0.06819874052167843,-0.05076290129425508,0.08427136484,-0.06770673936139116,,7.8294426e-05,4.7683716e-06,-8.106232e-06,1.0,-6.3963234e-05,-5.7190657e-05,6.3955784e-05,1.0,-7.8082085e-06,5.7190657e-05,7.8082085e-06,1.0,319,0.99,1,3,0.762,False,-0.2555288621716292,1.0509151131813312
0.9893331999774091,11:15:52.663518,11:15:44.148724,0,,0.12050292,0.00096751004,0.013715968,-0.85568565,-0.004321005,-0.5174779,-0.4797235,-0.3684022,0.7963323,-0.19408092,0.92965645,0.3131635,,0.04459141,-0.012415297,0.0011346936,-0.13051343,0.6703164,0.73050815,0.26159477,-0.687418,0.6775136,0.95631295,0.2795218,-0.08563405,,0.10499565,1.339888,0.44090393,0.9940021,0.0141387535,-0.108443156,-0.061493963,-0.74773014,-0.66114914,-0.090434045,0.6638522,-0.74237585,,-0.096896626,0.24496576,-0.08730288,0.8526874,-0.06761169,0.5180278,-0.4627852,0.36231884,0.8090457,-0.24239217,-0.9295987,0.27765504,,-0.016820135,0.3941058,-0.33990997,0.020775406,-0.6537687,-0.75640917,0.93817157,-0.24873947,0.24075457,-0.34554663,-0.71464336,0.60817957,,1.1765969670524752,0.4871577124389563,0.20426160046000003,0.5412097441335574,-0.18336618268522106,1.390059532015457,-0.40672672467435533,,-0.7755863398254933,-0.24588409198243416,0.21313729809,-2.3592215541443835,-1.0878998111324367,0.18099664071574664,0.8763409148104081,,-0.06819874052167843,-0.05076290129425508,0.08427136484,-0.06770673936139116,,7.8294426e-05,4.7683716e-06,-8.106232e-06,1.0,-6.3963234e-05,-5.7190657e-05,6.3955784e-05,1.0,-7.8082085e-06,5.7190657e-05,7.8082085e-06,1.0,332,1.032,1,3,0.804,False,-0.25588632848275505,1.0506254319766548
1.0302555930102244,11:15:52.709423,11:15:44.240820,0,,0.12044779,0.0009906963,0.01401104,-0.8545168,-0.005506426,-0.5193947,-0.48088944,-0.36957353,0.7950853,-0.19633256,0.92918515,0.31315872,,0.044593118,-0.012416549,0.0011351705,-0.13052014,0.6703104,0.7305124,0.26159975,-0.68742025,0.6775093,0.9563107,0.27953056,-0.085630864,,0.10499565,1.339888,0.44090393,0.9940021,0.0141387535,-0.108443156,-0.061493963,-0.74773014,-0.66114914,-0.090434045,0.6638522,-0.74237585,,-0.0968605,0.24518475,-0.08750632,0.85163736,-0.066431426,0.5199045,-0.46519908,0.36116868,0.8081751,-0.24146144,-0.9301312,0.27668092,,-0.016821817,0.39410532,-0.33991128,0.020782027,-0.6537635,-0.7564135,0.93817335,-0.24873304,0.24075419,-0.34554133,-0.7146504,0.6081743,,1.1773615176070233,0.4878913720620076,0.20403086084000002,0.5384837748682585,-0.182409727186863,1.3900147153508469,-0.40721675687275805,,-0.7755940625583675,-0.24589181471530838,0.21313729809,-2.3592215541443835,-1.0878998111324367,0.18099664071574664,0.8763409148104081,,-0.06819874052167843,-0.05076290129425508,0.08427136484,-0.06770673936139116,,7.8294426e-05,4.7683716e-06,-8.106232e-06,1.0,-6.3963234e-05,-5.7190657e-05,6.3955784e-05,1.0,-7.8082085e-06,5.7190657e-05,7.8082085e-06,1.0,341,1.06,1,3,0.832,False,-0.25636295023092304,1.0502874705711984
1.0761994519853033,11:15:52.736947,11:15:44.240820,0,,0.12041309,0.0010595918,0.014233857,-0.8545125,-0.005378183,-0.519403,-0.48075092,-0.37045535,0.7947587,-0.19668995,0.92883474,0.31397307,,0.044591773,-0.012416832,0.0011345744,-0.13051395,0.67037344,0.73045564,0.26160178,-0.68736285,0.67756677,0.9563109,0.2795205,-0.08566049,,0.10499565,1.339888,0.44090393,0.9940021,0.0141387535,-0.108443156,-0.061493963,-0.74773014,-0.66114914,-0.090434045,0.6638522,-0.74237585,,-0.09683866,0.2453876,-0.087624535,0.85166067,-0.066561185,0.51984966,-0.4653407,0.3602811,0.8084897,-0.24110605,-0.9304661,0.27586362,,-0.016820401,0.39410478,-0.33991113,0.020775734,-0.65382844,-0.75635755,0.93817407,-0.24871503,0.24077001,-0.34553978,-0.7145972,0.6082377,,1.1779947817027099,0.4886636453494301,0.20388826894000003,0.538274084924774,-0.182409727186863,1.3900147153508469,-0.40721675687275805,,-0.7755863398254933,-0.24589181471530838,0.21313729809,-2.3592215541443835,-1.0878998111324367,0.180914961975606,0.8765042588765425,,-0.06819874052167843,-0.05076290129425508,0.08427136484,-0.06770673936139116,,7.8294426e-05,4.7683716e-06,-8.106232e-06,1.0,-6.3963234e-05,-5.7190657e-05,6.3955784e-05,1.0,-7.8082085e-06,5.7190657e-05,7.8082085e-06,1.0,354,1.102,1,3,0.874,False,-0.2561842170753601,1.0509151131813312
1.1037097310181707,11:15:52.781736,11:15:44.240820,0,,0.12039788,0.0011493042,0.014562607,-0.8544262,-0.008935913,-0.519496,-0.47928876,-0.37246332,0.7947033,-0.20059459,0.92800385,0.31395948,,0.044591915,-0.0124151185,0.0011335015,-0.13051343,0.6703164,0.73050815,0.26159477,-0.687418,0.6775136,0.95631295,0.2795218,-0.08563405,,0.10499565,1.339888,0.44090393,0.9940021,0.0141387535,-0.108443156,-0.061493963,-0.74773014,-0.66114914,-0.090434045,0.6638522,-0.74237585,,-0.09684268,0.24567726,-0.08780462,0.85187423,-0.063014716,0.51994175,-0.46692652,0.35833085,0.8084421,-0.2372549,-0.93146557,0.27582958,,-0.016820535,0.39410487,-0.33990914,0.020775406,-0.6537687,-0.75640917,0.93817157,-0.24873947,0.24075457,-0.34554663,-0.71464336,0.60817957,,1.1788211141202518,0.4897139370203246,0.20366789964,0.5372256352073513,-0.17885717819296154,1.3889964608779728,-0.4073801009388922,,-0.7755863398254933,-0.24588409198243416,0.21313859438000002,-2.3592215541443835,-1.0878998111324367,0.18099664071574664,0.8763409148104081,,-0.06819874052167843,-0.05076290129425508,0.08427136484,-0.06770673936139116,,7.8294426e-05,4.7683716e-06,-8.106232e-06,1.0,-6.3963234e-05,-5.7190657e-05,6.3955784e-05,1.0,-7.8082085e-06,5.7190657e-05,7.8082085e-06,1.0,363,1.13,1,3,0.902,False,-0.2552309735790237,1.0507702725789931
1.1484100589877926,11:15:52.810349,11:15:44.240820,0,,0.12040244,0.001196377,0.014778078,-0.8541799,-0.0116430335,-0.51984733,-0.47851235,-0.37361845,0.7946289,-0.20347641,0.9275094,0.31356597,,0.044591915,-0.0124151185,0.0011335015,-0.13051343,0.6703164,0.73050815,0.26159477,-0.687418,0.6775136,0.95631295,0.2795218,-0.08563405,,0.10499565,1.339888,0.44090393,0.9940021,0.0141387535,-0.108443156,-0.061493963,-0.74773014,-0.66114914,-0.090434045,0.6638522,-0.74237585,,-0.09686013,0.24585818,-0.087929666,0.85184115,-0.060314696,0.52031606,-0.46832323,0.3572137,0.80812854,-0.23460604,-0.93207324,0.27604255,,-0.016820535,0.39410487,-0.33990914,0.020775406,-0.6537687,-0.75640917,0.93817157,-0.24873947,0.24075457,-0.34554663,-0.71464336,0.60817957,,1.1792690326269568,0.4903935375132564,0.20351753000000003,0.5361771854899288,-0.1763977211971836,1.388134440973405,-0.40738010093889243,,-0.7755863398254933,-0.24588409198243416,0.21313859438000002,-2.3592215541443835,-1.0878998111324367,0.18099664071574664,0.8763409148104081,,-0.06819874052167843,-0.05076290129425508,0.08427136484,-0.06770673936139116,,7.8294426e-05,4.7683716e-06,-8.106232e-06,1.0,-6.3963234e-05,-5.7190657e-05,6.3955784e-05,1.0,-7.8082085e-06,5.7190657e-05,7.8082085e-06,1.0,376,1.171,1,3,0.943,False,-0.2551713958605024,1.0507702725789931
1.1771252600010484,11:15:52.845720,11:15:44.375894,0,,0.120395884,0.0011580884,0.015043169,-0.8538175,-0.013867781,-0.5203879,-0.4778795,-0.3755873,0.7940815,-0.2064632,0.9266833,0.3140558,,0.04459414,-0.012416191,0.0011328459,-0.13052014,0.67037016,0.7304577,0.26159975,-0.6873649,0.67756546,0.9563107,0.27952355,-0.08565369,,0.10499565,1.339888,0.44090393,0.9940021,0.0141387535,-0.108443156,-0.061493963,-0.74773014,-0.66114914,-0.090434045,0.6638522,-0.74237585,,-0.09687222,0.24601053,-0.0881497,0.85169506,-0.058096964,0.5208073,-0.4698993,0.35526308,0.8080735,-0.23197025,-0.9329592,0.2752761,,-0.016822618,0.3941035,-0.3399096,0.020782027,-0.6538253,-0.7563601,0.93817335,-0.24871339,0.24077451,-0.34554133,-0.71460074,0.6082327,,1.1796397238049197,0.4908800696843325,0.20327642006000002,0.5349190458290216,-0.17380162770164026,1.38846786300739,-0.40672672467435533,,-0.7755940625583675,-0.24589181471530838,0.21313989067000003,-2.3592215541443835,-1.0878998111324367,0.18091496197560608,0.8761775707442738,,-0.06819874052167843,-0.05076290129425508,0.08427136484,-0.06770673936139116,,7.8294426e-05,4.7683716e-06,-8.106232e-06,1.0,-6.3963234e-05,-5.7190657e-05,6.3955784e-05,1.0,-7.8082085e-06,5.7190657e-05,7.8082085e-06,1.0,385,1.199,1,3,0.971,False,-0.2544564632382502,1.0506737121774343
