Task Time,PC1 Time,PC2 Time,Gaze Calib,s_T_psm1,Tx,Ty,Tz,R00,R01,R02,R10,R11,R12,R20,R21,R22,s_T_psm3,Tx,Ty,Tz,R00,R01,R02,R10,R11,R12,R20,R21,R22,cart_T_ecm,Tx,Ty,Tz,R00,R01,R02,R10,R11,R12,R20,R21,R22,ecm_T_psm1,Tx,Ty,Tz,R00,R01,R02,R10,R11,R12,R20,R21,R22,ecm_T_psm3,Tx,Ty,Tz,R00,R01,R02,R10,R11,R12,R20,R21,R22,psm1_joints,q1,q2,q3,q4,q5,q6,jaw,psm3_joints,q1,q2,q3,q4,q5,q6,jaw,ecm_joints,q1,q2,q3,q4,ecmi_T_ecm,Tx,Ty,Tz,R00,R01,R02,R10,R11,R12,R20,R21,R22,Sample #,Task Duration (s),Collisions (binary),Collisions (increments),Cumulative Collision Time (s),Clutch Press,MTMR Angle,MTML Angle
""
lci_T_si,,,,,-0.05843888,0.035118133,0.23779936,0.9970082,0.016813569,0.075444825,0.061249502,-0.76723903,-0.6384299,0.047149926,0.6411408,-0.76597345
rci_T_si,,,,,-0.06818321,0.03876071,0.24761088,0.996384,0.0016606578,0.08494798,0.05701089,-0.7543842,-0.6539527,0.06299742,0.656431,-0.75175107
ecm_T_lc,,,,,-4.4061628e-05,-0.00034663224,-0.01840835,-0.99912,0.030754527,0.028518902,-0.031987965,-0.99852574,-0.043852776,0.027128186,-0.04472645,0.9986309
ecm_T_rc,,,,,-0.0043358393,0.01870579,-0.007592615,-0.99555075,-0.052743673,-0.078081585,0.04863213,-0.9973746,0.053654674,-0.08070653,0.04961868,0.9955021
cart_T_ecmi,,,,,0.077176295,1.3265349,0.45219132,0.99781317,0.046582375,-0.046892695,0.0054881787,-0.76538974,-0.64354366,-0.06586898,0.64187896,-0.7639716
ecmac_T_ecmrep_psm1,,,,,0.011581071,-0.24422047,-0.31388107,0.99918455,0.03945311,0.008580942,-0.0387743,0.99689597,-0.06852016,-0.011257639,0.068131566,0.99761283
ecmac_T_ecmrep_psm3,,,,,0.00032986852,-0.4435548,-0.5434704,0.9997429,-0.0075566242,-0.021376874,0.008153117,0.9995759,0.027955532,0.021156559,-0.028122634,0.9993806
""
0,11:48:48.400352,11:47:44.468392,0,,0.090453744,0.018121451,0.045814633,-0.39339975,0.69486284,-0.6019986,0.105293304,0.68454087,0.72133005,0.913318,0.2203845,-0.34246278,,0.06321945,-0.00095261633,0.041699886,-0.7466076,-0.41471124,0.52018416,-0.45232487,0.88982,0.06018865,-0.4878312,-0.190355,-0.8519306,,0.0772326,1.3265395,0.4521898,0.9978136,0.04653057,-0.046936255,0.005420642,-0.7653929,-0.64354044,-0.06586898,0.64187896,-0.7639716,,-0.059721984,0.26499644,-0.101562664,0.31462228,-0.71111345,0.6287531,0.66952443,0.635797,0.38405615,-0.6728669,0.30013296,0.67614377,,-0.02621618,0.4382108,-0.33443663,0.8126113,0.4254567,-0.39830834,-0.5817984,0.55201924,-0.59731513,-0.03425787,0.7171202,0.6961071,,1.2208173354902847,0.3262854639359855,0.17488766906000003,1.8664501869557513,-0.6177336154395563,-0.16334992811645072,-0.4101569500631752,,-1.4083407351422044,0.12978052595134287,0.18305040719000001,1.5015896852926789,-0.12133321179171111,-0.3654045392166741,0.8727473453554541,,-0.03301944778616772,-0.08405069345291694,0.08364271396,-0.06607131087440103,,5.6296587e-05,-1.9073486e-06,-4.4107437e-06,1.0,-5.171448e-05,-4.3444335e-05,5.170703e-05,1.0,-4.440546e-06,4.3444335e-05,4.5001507e-06,1.0,37,0.112,0,0,0.0,False,-0.2589843698458485,1.0479700209337843
0.12241004896350205,11:48:48.435664,11:47:44.468392,0,,0.09047519,0.018446252,0.045933217,-0.3930702,0.69544643,-0.6015398,0.10508555,0.6838863,0.721981,0.91348386,0.22057597,-0.34189677,,0.06321941,-0.00095561147,0.041706383,-0.7466021,-0.41470334,0.5201984,-0.45232007,0.88982254,0.060187012,-0.48784405,-0.19036049,-0.851922,,0.0772326,1.3265395,0.4521898,0.9978136,0.04653057,-0.046936255,0.005420642,-0.7653929,-0.64354044,-0.06586898,0.64187896,-0.7639716,,-0.059753425,0.26532307,-0.1014516,0.31427988,-0.7117111,0.6282479,0.66944724,0.6353725,0.38489243,-0.6731037,0.2996149,0.6761378,,-0.026216997,0.4382131,-0.33444333,0.8126075,0.42544958,-0.3983236,-0.58180434,0.5520165,-0.5973119,-0.034244895,0.71712655,0.6961011,,1.221890795359802,0.32799991063406336,0.17499266855,1.8672889467296894,-0.6166405234414327,-0.164241271346022,-0.4101569500631752,,-1.4083561806079528,0.12977280321846865,0.18304392574000003,1.5015896852926789,-0.12133321179171111,-0.3654045392166741,0.8730740334877226,,-0.03301944778616772,-0.08405069345291694,0.08364271396,-0.06607131087440103,,5.6296587e-05,-1.9073486e-06,-4.4107437e-06,1.0,-5.171448e-05,-4.3444335e-05,5.170703e-05,1.0,-4.440546e-06,4.3444335e-05,4.5001507e-06,1.0,48,0.145,0,0,0.0,False,-0.2589843698458485,1.0479217407330053
0.157708570943214,11:48:48.470747,11:47:44.587127,0,,0.090477064,0.018713757,0.04602167,-0.39315012,0.69549274,-0.601434,0.104546934,0.68367726,0.722257,0.91351116,0.2210772,-0.3414996,,0.06321755,-0.0009585172,0.041715145,-0.7465959,-0.41474232,0.52017623,-0.45231587,0.8898194,0.060265332,-0.48785746,-0.19029015,-0.85193,,0.0772326,1.3265395,0.4521898,0.9978136,0.04653057,-0.046936255,0.005420642,-0.7653929,-0.64354044,-0.06586898,0.64187896,-0.7639716,,-0.059762813,0.2655872,-0.10135397,0.31435728,-0.7117997,0.62810886,0.6690469,0.6355173,0.38534918,-0.6734655,0.29909694,0.67600685,,-0.026216332,0.43821725,-0.3344518,0.8126032,0.42547855,-0.39830154,-0.58181125,0.5520667,-0.5972588,-0.034231827,0.7170707,0.6961593,,1.222817523304709,0.3293513888870527,0.17508989030000002,1.8672889467296894,-0.6158207044428401,-0.16490977876820062,-0.4101569500631752,,-1.4083716260737011,0.12977280321846865,0.18303485171000003,1.5015896852926789,-0.12133321179171111,-0.3653228604765335,0.8732373775538569,,-0.03301944778616772,-0.08405069345291694,0.08364271396,-0.06607131087440103,,5.6296587e-05,-1.9073486e-06,-4.4107437e-06,1.0,-5.171448e-05,-4.3444335e-05,5.170703e-05,1.0,-4.440546e-06,4.3444335e-05,4.5001507e-06,1.0,60,0.182,0,0,0.0,False,-0.25910352528289105,1.0474389387252105
0.19280861201696098,11:48:48.507913,11:47:44.587127,0,,0.0904863,0.019033596,0.046106383,-0.39270303,0.69612896,-0.60098994,0.103919506,0.6828907,0.72309124,0.913775,0.22150545,-0.34051475,,0.06321336,-0.00096319616,0.04171866,-0.7467221,-0.41456687,0.5201349,-0.45215103,0.8899097,0.060168833,-0.4878171,-0.19025022,-0.8519621,,0.0772326,1.3265395,0.4521898,0.9978136,0.04653057,-0.046936255,0.005420642,-0.7653929,-0.64354044,-0.06586898,0.64187896,-0.7639716,,-0.059779245,0.2658896,-0.10122041,0.31388953,-0.71246976,0.62758285,0.66869575,0.63513356,0.3865894,-0.67403215,0.29831558,0.67578727,,-0.026212605,0.43821672,-0.33445787,0.8127205,0.4252981,-0.39825493,-0.58165175,0.55214053,-0.5973458,-0.034157347,0.7171209,0.6961113,,1.2238137558454838,0.330911380927646,0.17522340817,1.867918016560143,-0.6152741584437783,-0.1653554503829862,-0.4101569500631752,,-1.4083561806079528,0.12976508048559443,0.18302837026000002,1.5017993752361634,-0.12133321179171111,-0.3654045392166741,0.8734007216199913,,-0.03301944778616772,-0.08405069345291694,0.08364271396,-0.06607131087440103,,5.6296587e-05,-1.9073486e-06,-4.4107437e-06,1.0,-5.171448e-05,-4.3444335e-05,5.170703e-05,1.0,-4.440546e-06,4.3444335e-05,4.5001507e-06,1.0,68,0.205,0,0,0.0,False,-0.25910352528289105,1.0471975377213132
0.22994139697402716,11:48:48.528714,11:47:44.587127,0,,0.09049809,0.019194618,0.0461241,-0.3928193,0.69616646,-0.60087055,0.103642374,0.68274444,0.7232691,0.91375655,0.22183833,-0.3403476,,0.06321266,-0.00096553564,0.041718602,-0.74660665,-0.41473857,0.5201638,-0.4523211,0.8898183,0.060242563,-0.48783615,-0.19030356,-0.8519392,,0.0772326,1.3265395,0.4521898,0.9978136,0.04653057,-0.046936255,0.005420642,-0.7653929,-0.64354044,-0.06586898,0.64187896,-0.7639716,,-0.059792507,0.26602602,-0.10113321,0.31400695,-0.7125353,0.6274497,0.6684735,0.6352235,0.386826,-0.6741979,0.2979674,0.6757755,,-0.026211873,0.4382151,-0.33445957,0.8126109,0.42547667,-0.39828765,-0.5817992,0.55205625,-0.5972802,-0.03425161,0.7170799,0.69614893,,1.2242076152220693,0.33166820874932,0.17530766702000003,1.867918016560143,-0.614864248944482,-0.16568970409407552,-0.4101569500631752,,-1.4083484578750785,0.1297573577527202,0.18302707397,1.5013799953491944,-0.12133321179171111,-0.3653228604765335,0.8732373775538569,,-0.03301944778616772,-0.08405069345291694,0.08364271396,-0.06607131087440103,,5.6296587e-05,-1.9073486e-06,-4.4107437e-06,1.0,-5.171448e-05,-4.3444335e-05,5.170703e-05,1.0,-4.440546e-06,4.3444335e-05,4.5001507e-06,1.0,75,0.227,0,0,0.0,False,-0.2589247921273281,1.0472458179220927
0.25077572895679623,11:48:48.555678,11:47:44.696278,0,,0.09051917,0.019375592,0.046150595,-0.3927722,0.6964102,-0.60061884,0.10295105,0.68229663,0.72379017,0.91385496,0.2224502,-0.3396834,,0.06321208,-0.00096806884,0.041718602,-0.74637187,-0.41504213,0.5202587,-0.4526596,0.88964033,0.06032735,-0.48788154,-0.1904735,-0.85187525,,0.0772326,1.3265395,0.4521898,0.9978136,0.04653057,-0.046936255,0.005420642,-0.7653929,-0.64354044,-0.06586898,0.64187896,-0.7639716,,-0.059815772,0.266183,-0.101039864,0.3139518,-0.7128299,0.6271426,0.66799086,0.63523954,0.38763243,-0.67470175,0.29722765,0.67559844,,-0.026211267,0.43821332,-0.33446136,0.812389,0.4258031,-0.39839157,-0.5820983,0.5518435,-0.5971853,-0.03443353,0.71704984,0.69617087,,1.224609197331529,0.3325563230298558,0.17539840732,1.867918016560143,-0.614864248944482,-0.16568970409407552,-0.4101569500631752,,-1.4083407351422044,0.129749635019846,0.18302577768000003,1.50117030540571,-0.12133321179171111,-0.365241181736393,0.8730740334877226,,-0.03301944778616772,-0.08405069345291694,0.08364271396,-0.06607131087440103,,5.6296587e-05,-1.9073486e-06,-4.4107437e-06,1.0,-5.171448e-05,-4.3444335e-05,5.170703e-05,1.0,-4.440546e-06,4.3444335e-05,4.5001507e-06,1.0,87,0.264,0,0,0.0,False,-0.2590439475643693,1.0474389387252105
0.2776833079988137,11:48:48.582211,11:47:44.696278,0,,0.09055338,0.019554213,0.04614173,-0.39315003,0.69634044,-0.6004524,0.10292503,0.6822634,0.7238252,0.91369545,0.22277018,-0.33990285,,0.06321354,-0.0009676963,0.041721165,-0.7463656,-0.41503868,0.5202704,-0.4526554,0.8896421,0.060332954,-0.48789495,-0.19047275,-0.8518677,,0.0772326,1.3265395,0.4521898,0.9978136,0.04653057,-0.046936255,0.005420642,-0.7653929,-0.64354044,-0.06586898,0.64187896,-0.7639716,,-0.05984913,0.26631552,-0.10091953,0.31434178,-0.7127875,0.6269954,0.66789156,0.6354156,0.387515,-0.67461854,0.29695275,0.6758024,,-0.026213067,0.43821523,-0.3344628,0.81238467,0.42579955,-0.39840424,-0.58210516,0.55184495,-0.5971773,-0.034420464,0.71705085,0.69617045,,1.2248640475163783,0.3333981009131463,0.17550859197000002,1.867918016560143,-0.6141810664456548,-0.16624679361255762,-0.4101569500631752,,-1.4083561806079528,0.129749635019846,0.18302448139000002,1.50117030540571,-0.12133321179171111,-0.365241181736393,0.8730740334877226,,-0.03301944778616772,-0.08405069345291694,0.08364271396,-0.06607131087440103,,5.6296587e-05,-1.9073486e-06,-4.4107437e-06,1.0,-5.171448e-05,-4.3444335e-05,5.170703e-05,1.0,-4.440546e-06,4.3444335e-05,4.5001507e-06,1.0,95,0.288,0,0,0.0,False,-0.2585077480976805,1.0472458179220927
0.3042306510033086,11:48:48.611029,11:47:44.696278,0,,0.09059335,0.019674882,0.046138108,-0.39292482,0.6969487,-0.5998938,0.10294515,0.68160063,0.7244465,0.91379,0.22289674,-0.33956546,,0.063213825,-0.0009660572,0.04172218,-0.7463618,-0.41504145,0.5202736,-0.45265386,0.88964224,0.060342968,-0.4879022,-0.19046628,-0.851865,,0.0772326,1.3265395,0.4521898,0.9978136,0.04653057,-0.046936255,0.005420642,-0.7653929,-0.64354044,-0.06586898,0.64187896,-0.7639716,,-0.059888676,0.2664056,-0.10083896,0.31410939,-0.71340424,0.6264101,0.667954,0.6349432,0.38818103,-0.67466486,0.29648188,0.67596287,,-0.026213512,0.43821704,-0.33446237,0.81238186,0.42580137,-0.398408,-0.58210945,0.5518498,-0.5971686,-0.034413837,0.717046,0.69617575,,1.2249489975779948,0.33400819681021005,0.17557988792,1.8685470863905964,-0.6140444299458894,-0.16619485403597284,-0.40983026193090655,,-1.4083639033408268,0.1297573577527202,0.18302448139000002,1.50117030540571,-0.12133321179171111,-0.365241181736393,0.8730740334877226,,-0.03301944778616772,-0.08405069345291694,0.08364271396,-0.06607131087440103,,5.6296587e-05,-1.9073486e-06,-4.4107437e-06,1.0,-5.171448e-05,-4.3444335e-05,5.170703e-05,1.0,-4.440546e-06,4.3444335e-05,4.5001507e-06,1.0,110,0.333,0,0,0.0,False,-0.25826943722359585,1.0469078565166363
0.3330640390049666,11:48:48.649980,11:47:44.696278,0,,0.09068671,0.019896388,0.046147525,-0.3929741,0.69770014,-0.5989874,0.102093875,0.6804691,0.72562975,0.9138644,0.22400068,-0.33863774,,0.0632157,-0.0009649098,0.041723788,-0.74647486,-0.4148636,0.5202532,-0.45248112,0.88973534,0.060264856,-0.48788935,-0.19041866,-0.85188305,,0.0772326,1.3265395,0.4521898,0.9978136,0.04653057,-0.046936255,0.005420642,-0.7653929,-0.64354044,-0.06586898,0.64187896,-0.7639716,,-0.059982512,0.2665799,-0.10070229,0.3141523,-0.71424633,0.62542826,0.66733634,0.6347023,0.38963467,-0.6752559,0.2949664,0.6760357,,-0.026215598,0.43821874,-0.33446252,0.81248987,0.42561746,-0.39838424,-0.5819646,0.5519307,-0.59723496,-0.03431312,0.71709293,0.6961324,,1.2250185021738629,0.3352592795358344,0.17569785031000001,1.868756776334081,-0.6143177029454203,-0.16564530326801769,-0.40917688566636945,,-1.4083793488065754,0.1297573577527202,0.18302448139000002,1.5013799953491944,-0.12133321179171111,-0.36532286047653356,0.8729106894215883,,-0.03301944778616772,-0.08405069345291694,0.08364271396,-0.06607131087440103,,5.6296587e-05,-1.9073486e-06,-4.4107437e-06,1.0,-5.171448e-05,-4.3444335e-05,5.170703e-05,1.0,-4.440546e-06,4.3444335e-05,4.5001507e-06,1.0,117,0.354,0,0,0.0,False,-0.25791197091247,1.0470526971189749
0.37202117301058024,11:48:48.677659,11:47:44.696278,0,,0.09078716,0.020100906,0.046153218,-0.39333433,0.6979826,-0.5984217,0.101439,0.67985845,0.7262937,0.91378224,0.22497283,-0.33821443,,0.063213564,-0.00096566975,0.041722238,-0.7466004,-0.41469264,0.5202094,-0.45231688,0.8898249,0.06017548,-0.4878496,-0.19037253,-0.85191613,,0.0772326,1.3265395,0.4521898,0.9978136,0.04653057,-0.046936255,0.005420642,-0.7653929,-0.64354044,-0.06586898,0.64187896,-0.7639716,,-0.06008311,0.2667382,-0.1005728,0.31451824,-0.71461,0.62482864,0.6667919,0.63481224,0.39038694,-0.6756233,0.29384688,0.67615616,,-0.026213262,0.43821737,-0.33446217,0.8126066,0.4254406,-0.3983351,-0.58180606,0.5520088,-0.59731734,-0.034238543,0.71713775,0.6960899,,1.2250107794409886,0.3364640258642134,0.17580544238,1.868756776334081,-0.6143177029454203,-0.16564530326801769,-0.40917688566636945,,-1.4083639033408268,0.1297573577527202,0.18302448139000002,1.5015896852926789,-0.12133321179171111,-0.3654045392166741,0.8727473453554541,,-0.03301944778616772,-0.08405069345291694,0.08364271396,-0.06607131087440103,,5.6296587e-05,-1.9073486e-06,-4.4107437e-06,1.0,-5.171448e-05,-4.3444335e-05,5.170703e-05,1.0,-4.440546e-06,4.3444335e-05,4.5001507e-06,1.0,128,0.387,0,0,0.0,False,-0.2583290149421176,1.0471975377213132
0.39972214691806585,11:48:48.709736,11:47:44.842280,0,,0.09090388,0.020306885,0.04618424,-0.3940115,0.69811606,-0.59782016,0.10052392,0.6792671,0.7269739,0.9135916,0.22634076,-0.33781654,,0.06321229,-0.0009651333,0.04172349,-0.74659973,-0.41473958,0.52017295,-0.45231745,0.88981926,0.06025535,-0.4878502,-0.19029665,-0.85193276,,0.0772326,1.3265395,0.4521898,0.9978136,0.04653057,-0.046936255,0.005420642,-0.7653929,-0.64354044,-0.06586898,0.64187896,-0.7639716,,-0.06020206,0.26691252,-0.100461066,0.31520924,-0.7148588,0.6241955,0.66599315,0.63519055,0.39113438,-0.6760889,0.29242077,0.676309,,-0.026212191,0.4382188,-0.3344628,0.812606,0.42547673,-0.39829776,-0.5818069,0.5520618,-0.5972675,-0.034238454,0.7170755,0.696154,,1.2249953339752402,0.3378077813843285,0.17589229381000002,1.8683373964471122,-0.6143177029454203,-0.16548194578773656,-0.4091768856663695,,-1.4083639033408268,0.12976508048559443,0.1830231851,1.5015896852926789,-0.12133321179171111,-0.3653228604765335,0.8725840012893198,,-0.03301944778616772,-0.08405069345291694,0.08364271396,-0.06607131087440103,,5.6296587e-05,-1.9073486e-06,-4.4107437e-06,1.0,-5.171448e-05,-4.3444335e-05,5.170703e-05,1.0,-4.440546e-06,4.3444335e-05,4.5001507e-06,1.0,139,0.419,0,0,0.0,False,-0.2587460589717643,1.0475837793275489
0.4317968579707667,11:48:48.733231,11:47:44.842280,0,,0.09101997,0.02054803,0.046219975,-0.39800122,0.69586027,-0.5978073,0.096521914,0.6797895,0.72702795,0.91229284,0.2316564,-0.3377229,,0.06321401,-0.00096575916,0.041724026,-0.7465973,-0.4147334,0.52018136,-0.45231476,0.88982093,0.060250968,-0.48785633,-0.19030255,-0.8519279,,0.0772326,1.3265395,0.4521898,0.9978136,0.04653057,-0.046936255,0.005420642,-0.7653929,-0.64354044,-0.06586898,0.64187896,-0.7639716,,-0.06032079,0.26711732,-0.10033117,0.3192951,-0.7130614,0.6241747,0.6622659,0.63901466,0.39123407,-0.6778307,0.28845054,0.6762705,,-0.026213957,0.43821853,-0.33446348,0.81260437,0.42547137,-0.3983067,-0.58180946,0.55205834,-0.5972682,-0.034232013,0.7170814,0.6961483,,1.2250030567081145,0.33946044621941257,0.17600118217000002,1.8624660780295454,-0.614864248944482,-0.16332102062999915,-0.4093402297325037,,-1.4083716260737011,0.1297573577527202,0.1830231851,1.5015896852926789,-0.12133321179171111,-0.3653228604765335,0.8725840012893198,,-0.03301944778616772,-0.08405069345291694,0.08364271396,-0.06607131087440103,,5.6296587e-05,-1.9073486e-06,-4.4107437e-06,1.0,-5.171448e-05,-4.3444335e-05,5.170703e-05,1.0,-4.440546e-06,4.3444335e-05,4.5001507e-06,1.0,150,0.452,0,0,0.0,False,-0.259282258438454,1.04748721892599
0.45521718892268836,11:48:48.773150,11:47:44.842280,0,,0.091188416,0.020830482,0.04626231,-0.39769033,0.6983131,-0.5951481,0.09633407,0.6768429,0.72979677,0.91244835,0.23289995,-0.3364454,,0.06321557,-0.0009647608,0.041723788,-0.7465942,-0.41473165,0.5201872,-0.45231268,0.88982177,0.0602538,-0.487863,-0.1903022,-0.8519242,,0.0772326,1.3265395,0.4521898,0.9978136,0.04653057,-0.046936255,0.005420642,-0.7653929,-0.64354044,-0.06586898,0.64187896,-0.7639716,,-0.06049225,0.26735574,-0.10017727,0.31897217,-0.7156104,0.62141657,0.66219884,0.63734984,0.3940531,-0.67804825,0.28580937,0.67717326,,-0.026215473,0.43821892,-0.33446243,0.8126022,0.4254696,-0.39831305,-0.5818129,0.552059,-0.59726423,-0.03422548,0.7170819,0.6961481,,1.2249644430437432,0.3412675657119811,0.17611914456000002,1.8639339076339372,-0.6147276124447165,-0.1615538275104627,-0.4098302619309067,,-1.4083793488065754,0.1297573577527202,0.18302448139000002,1.5015896852926789,-0.12133321179171111,-0.3653228604765335,0.8725840012893198,,-0.03301944778616772,-0.08405069345291694,0.08364271396,-0.06607131087440103,,5.6296587e-05,-1.9073486e-06,-4.4107437e-06,1.0,-5.171448e-05,-4.3444335e-05,5.170703e-05,1.0,-4.440546e-06,4.3444335e-05,4.5001507e-06,1.0,161,0.485,0,0,0.0,False,-0.2588652144088064,1.047390658524431
0.4951844959286973,11:48:48.804431,11:47:44.842280,0,,0.09140392,0.021125063,0.046332985,-0.39604494,0.7011283,-0.59293145,0.09816706,0.67436117,0.73184705,0.9129685,0.23163787,-0.3359051,,0.06321557,-0.0009647608,0.041723788,-0.7465942,-0.41473165,0.5201872,-0.45231268,0.88982177,0.0602538,-0.487863,-0.1903022,-0.8519242,,0.0772326,1.3265395,0.4521898,0.9978136,0.04653057,-0.046936255,0.005420642,-0.7653929,-0.64354044,-0.06586898,0.64187896,-0.7639716,,-0.060712997,0.26761878,-0.100034796,0.31728843,-0.7183082,0.61916184,0.66386926,0.634476,0.39587596,-0.6772043,0.28543565,0.6781746,,-0.026215473,0.43821892,-0.33446243,0.8126022,0.4254696,-0.39831305,-0.5818129,0.552059,-0.59726423,-0.03422548,0.7170819,0.6961481,,1.2248717702492526,0.3432831989921537,0.17621118115,1.8683373964471122,-0.6136345204465931,-0.16260852822031518,-0.41015695006317515,,-1.4083793488065754,0.1297573577527202,0.18302448139000002,1.5015896852926789,-0.12133321179171111,-0.36532286047653356,0.8732373775538569,,-0.03301944778616772,-0.08405069345291694,0.08364271396,-0.06607131087440103,,5.6296587e-05,-1.9073486e-06,-4.4107437e-06,1.0,-5.171448e-05,-4.3444335e-05,5.170703e-05,1.0,-4.440546e-06,4.3444335e-05,4.5001507e-06,1.0,172,0.518,0,0,0.0,False,-0.25815028178655464,1.0475837793275489
0.5264645309653133,11:48:48.842201,11:47:44.981869,0,,0.09166317,0.021500498,0.04640323,-0.39663061,0.70198315,-0.59152675,0.09830809,0.67315567,0.7329371,0.91269904,0.23255327,-0.33600485,,0.06321398,-0.00096425414,0.04172319,-0.74647725,-0.4148698,0.52024484,-0.45248383,0.8897337,0.060269207,-0.4878832,-0.19041279,-0.8518878,,0.0772326,1.3265395,0.4521898,0.9978136,0.04653057,-0.046936255,0.005420642,-0.7653929,-0.64354044,-0.06586898,0.64187896,-0.7639716,,-0.06097731,0.26794252,-0.09983878,0.3178948,-0.7192374,0.61777055,0.6638435,0.6340549,0.3965932,-0.67694515,0.28402808,0.6790238,,-0.026213832,0.43821904,-0.33446184,0.8124914,0.42562282,-0.39837533,-0.58196205,0.5519342,-0.59723425,-0.03431956,0.71708703,0.69613814,,1.224717315591768,0.34587031450501887,0.17634858789000002,1.8695955361080192,-0.6125414284484696,-0.16366322893016766,-0.4104836381954438,,-1.4083716260737011,0.12976508048559443,0.18302448139000002,1.5013799953491944,-0.12133321179171111,-0.3653228604765335,0.8732373775538569,,-0.03301944778616772,-0.08405069345291694,0.08364271396,-0.06607131087440103,,5.6296587e-05,-1.9073486e-06,-4.4107437e-06,1.0,-5.171448e-05,-4.3444335e-05,5.170703e-05,1.0,-4.440546e-06,4.3444335e-05,4.5001507e-06,1.0,183,0.55,0,0,0.0,False,-0.2580311263495121,1.0477769001306665
0.5642566869501024,11:48:48.873911,11:47:44.981869,0,,0.09190477,0.021774605,0.04645005,-0.39258754,0.7070212,-0.58821434,0.10442269,0.6696917,0.7352611,0.91376734,0.22723134,-0.33674175,,0.06321312,-0.0009649545,0.041722417,-0.746361,-0.41500345,0.52030504,-0.45265442,0.8896463,0.06027749,-0.48790285,-0.19052958,-0.85185045,,0.0772326,1.3265395,0.4521898,0.9978136,0.04653057,-0.046936255,0.005420642,-0.7653929,-0.64354044,-0.06586898,0.64187896,-0.7639716,,-0.06122204,0.26817337,-0.099688716,0.31377503,-0.7238062,0.6145322,0.6690787,0.62777734,0.3977805,-0.6737054,0.2863568,0.68126416,,-0.026212852,0.4382181,-0.3344618,0.8123812,0.42577243,-0.3984402,-0.58211035,0.5518052,-0.597209,-0.03441374,0.7170975,0.6961227,,1.2245242472699125,0.3477006021962101,0.17643155045000003,1.8792412735083073,-0.609262152454099,-0.16690900979986567,-0.4099936059970408,,-1.4083639033408268,0.12976508048559443,0.18302448139000002,1.50117030540571,-0.12133321179171111,-0.3653228604765335,0.8732373775538569,,-0.03301944778616772,-0.08405069345291694,0.08364271396,-0.06607131087440103,,5.6296587e-05,-1.9073486e-06,-4.4107437e-06,1.0,-5.171448e-05,-4.3444335e-05,5.170703e-05,1.0,-4.440546e-06,4.3444335e-05,4.5001507e-06,1.0,194,0.583,0,0,0.0,False,-0.25785239319394915,1.0472458179220927
0.595950721995905,11:48:48.909942,11:47:44.981869,0,,0.0922042,0.022118136,0.04649864,-0.38922226,0.71184075,-0.5846271,0.10695639,0.6653068,0.73886883,0.9149132,0.22505449,-0.33508822,,0.063213825,-0.0009660572,0.04172218,-0.7463618,-0.41499895,0.52030754,-0.45265386,0.8896471,0.06027034,-0.4879022,-0.19053587,-0.85184944,,0.0772326,1.3265395,0.4521898,0.9978136,0.04653057,-0.046936255,0.005420642,-0.7653929,-0.64354044,-0.06586898,0.64187896,-0.7639716,,-0.061524555,0.26845658,-0.09949298,0.3103245,-0.7284236,0.6108173,0.6715948,0.62274075,0.40144038,-0.67279947,0.28564495,0.6824572,,-0.026213512,0.43821704,-0.33446237,0.81238186,0.42576882,-0.39844278,-0.58210945,0.551801,-0.5972137,-0.034413837,0.7171029,0.6961172,,1.224060883297459,0.3500560357228486,0.17656247574000003,1.886370731586781,-0.6087156064550372,-0.16751803889493244,-0.4096669178647723,,-1.4083639033408268,0.1297573577527202,0.18302448139000002,1.50117030540571,-0.12133321179171111,-0.3653228604765335,0.8732373775538569,,-0.03301944778616772,-0.08405069345291694,0.08364271396,-0.06607131087440103,,5.6296587e-05,-1.9073486e-06,-4.4107437e-06,1.0,-5.171448e-05,-4.3444335e-05,5.170703e-05,1.0,-4.440546e-06,4.3444335e-05,4.5001507e-06,1.0,209,0.628,0,0,0.0,False,-0.2590439475643693,1.047390658524431
0.632002233993262,11:48:48.947384,11:47:44.981869,0,,0.09253579,0.022388399,0.046507925,-0.38788414,0.71491295,-0.5817605,0.110004455,0.66257215,0.74087584,0.91512,0.22337763,-0.33564496,,0.06321583,-0.0009651184,0.04172373,-0.74635553,-0.4149955,0.5203193,-0.45264968,0.8896489,0.060275912,-0.48791566,-0.19053513,-0.8518419,,0.0772326,1.3265395,0.4521898,0.9978136,0.04653057,-0.046936255,0.005420642,-0.7653929,-0.64354044,-0.06586898,0.64187896,-0.7639716,,-0.06185577,0.26865637,-0.09931009,0.3089733,-0.7313424,0.608008,0.67403835,0.6193982,0.40251482,-0.6709752,0.28545442,0.68433034,,-0.026215723,0.43821856,-0.33446264,0.81237745,0.42576528,-0.39845547,-0.58211637,0.5518024,-0.5972057,-0.03440077,0.7171039,0.6961168,,1.2231804917497975,0.35219523272900877,0.17666488265000002,1.8916129801738941,-0.6069393319580865,-0.1689664716429859,-0.4096669178647723,,-1.4083793488065754,0.1297573577527202,0.18302448139000002,1.50117030540571,-0.12133321179171111,-0.3653228604765335,0.8732373775538569,,-0.03301944778616772,-0.08405069345291694,0.08364271396,-0.06607131087440103,,5.6296587e-05,-1.9073486e-06,-4.4107437e-06,1.0,-5.171448e-05,-4.3444335e-05,5.170703e-05,1.0,-4.440546e-06,4.3444335e-05,4.5001507e-06,1.0,220,0.661,0,0,0.0,False,-0.25815028178655464,1.0479217407330053
0.669445566018112,11:48:48.980457,11:47:44.981869,0,,0.09280856,0.022568747,0.04650393,-0.3910568,0.7134501,-0.5814325,0.11112848,0.6637203,0.73967946,0.91363275,0.22464286,-0.3388371,,0.063214116,-0.00096443295,0.041723132,-0.7463579,-0.41500172,0.5203109,-0.45265234,0.88964725,0.060280323,-0.48790953,-0.19052929,-0.8518467,,0.0772326,1.3265395,0.4521898,0.9978136,0.04653057,-0.046936255,0.005420642,-0.7653929,-0.64354044,-0.06586898,0.64187896,-0.7639716,,-0.06212724,0.26878068,-0.09917667,0.31226042,-0.729992,0.60795164,0.67416346,0.6211587,0.39958164,-0.6693258,0.28508523,0.6860972,,-0.026213957,0.43821886,-0.33446193,0.81237906,0.42577067,-0.39844656,-0.5821138,0.5518059,-0.597205,-0.03440721,0.71709806,0.6961225,,1.2223155456678843,0.35393284762570926,0.17672580828,1.890354840512987,-0.6043432384625431,-0.1709200543329369,-0.40966691786477244,,-1.4083716260737011,0.12976508048559443,0.18302448139000002,1.50117030540571,-0.12133321179171111,-0.3653228604765335,0.8732373775538569,,-0.03301944778616772,-0.08405069345291694,0.08364271396,-0.06607131087440103,,5.6296587e-05,-1.9073486e-06,-4.4107437e-06,1.0,-5.171448e-05,-4.3444335e-05,5.170703e-05,1.0,-4.440546e-06,4.3444335e-05,4.5001507e-06,1.0,227,0.681,0,0,0.0,False,-0.25826943722359585,1.04748721892599
0.7025050310185179,11:48:49.005241,11:47:44.981869,0,,0.09303287,0.022700608,0.04650539,-0.3903682,0.71598685,-0.57877064,0.11342618,0.6612611,0.7415309,0.9136449,0.22382222,-0.3393471,,0.06321312,-0.0009649545,0.041722417,-0.746361,-0.41500345,0.52030504,-0.45265442,0.8896463,0.06027749,-0.48790285,-0.19052958,-0.85185045,,0.0772326,1.3265395,0.4521898,0.9978136,0.04653057,-0.046936255,0.005420642,-0.7653929,-0.64354044,-0.06586898,0.64187896,-0.7639716,,-0.062350888,0.26887295,-0.0990809,0.31157294,-0.73244995,0.6053423,0.6759332,0.61859095,0.4005741,-0.6678598,0.2843629,0.6878234,,-0.026212852,0.4382181,-0.3344618,0.8123812,0.42577243,-0.3984402,-0.58211035,0.5518052,-0.597209,-0.03441374,0.7170975,0.6961227,,1.2215896087777072,0.3551684848855852,0.17676599327,1.8937098796087395,-0.6029768734648887,-0.1708090522677927,-0.4091768856663696,,-1.4083639033408268,0.12976508048559443,0.18302448139000002,1.50117030540571,-0.12133321179171111,-0.3653228604765335,0.8732373775538569,,-0.03301944778616772,-0.08405069345291694,0.08364271396,-0.06607131087440103,,5.6296587e-05,-1.9073486e-06,-4.4107437e-06,1.0,-5.171448e-05,-4.3444335e-05,5.170703e-05,1.0,-4.440546e-06,4.3444335e-05,4.5001507e-06,1.0,238,0.714,0,0,0.0,False,-0.25910352528289105,1.0479700209337843
0.7272769929841161,11:48:49.044107,11:47:45.176573,0,,0.09354367,0.022982672,0.0464997,-0.38932714,0.72074085,-0.5735479,0.120031804,0.65706646,0.744215,0.9132451,0.22089902,-0.34232575,,0.063214116,-0.00096443295,0.041723132,-0.7463579,-0.41500172,0.5203109,-0.45265234,0.88964725,0.060280323,-0.48790953,-0.19052929,-0.8518467,,0.0772326,1.3265395,0.4521898,0.9978136,0.04653057,-0.046936255,0.005420642,-0.7653929,-0.64354044,-0.06586898,0.64187896,-0.7639716,,-0.06285941,0.26906323,-0.0988671,0.31056872,-0.7369387,0.60039026,0.68080086,0.6132439,0.4005523,-0.6633681,0.28434718,0.6921629,,-0.026213957,0.43821886,-0.33446193,0.81237906,0.42577067,-0.39844656,-0.5821138,0.5518059,-0.597205,-0.03440721,0.71709806,0.6961225,,1.219936943942623,0.3579023323230607,0.17684636325000003,1.9014684075176667,-0.5983312324728638,-0.17255529248995682,-0.4093402297325038,,-1.4083716260737011,0.12976508048559443,0.18302448139000002,1.50117030540571,-0.12133321179171111,-0.3653228604765335,0.8732373775538569,,-0.03301944778616772,-0.08405069345291694,0.08364271396,-0.06607131087440103,,5.6296587e-05,-1.9073486e-06,-4.4107437e-06,1.0,-5.171448e-05,-4.3444335e-05,5.170703e-05,1.0,-4.440546e-06,4.3444335e-05,4.5001507e-06,1.0,253,0.759,0,0,0.0,False,-0.25785239319394915,1.0477769001306665
0.766166809014976,11:48:49.077315,11:47:45.176573,0,,0.094137385,0.023291677,0.04651946,-0.3910816,0.72338086,-0.56901264,0.123578966,0.6539272,0.7463963,0.9120215,0.22158375,-0.34513372,,0.063215114,-0.000963971,0.041723967,-0.7463548,-0.415,0.5203167,-0.45265022,0.8896481,0.060283095,-0.48791623,-0.19052896,-0.85184294,,0.0772326,1.3265395,0.4521898,0.9978136,0.04653057,-0.046936255,0.005420642,-0.7653929,-0.64354044,-0.06586898,0.64187896,-0.7639716,,-0.06345269,0.269286,-0.09865088,0.31242007,-0.7396269,0.59610885,0.68291134,0.6110718,0.40027907,-0.6603225,0.2820343,0.6960107,,-0.026215062,0.43821964,-0.33446208,0.81237686,0.42576888,-0.3984529,-0.5821172,0.55180657,-0.597201,-0.034400675,0.71709853,0.6961223,,1.2178981424638278,0.3612076619932288,0.17692025178,1.9048234466134193,-0.5949153199787277,-0.17305373535843172,-0.4086868534679667,,-1.4083793488065754,0.12976508048559443,0.18302448139000002,1.50117030540571,-0.12133321179171111,-0.3653228604765335,0.8732373775538569,,-0.03301944778616772,-0.08405069345291694,0.08364271396,-0.06607131087440103,,5.6296587e-05,-1.9073486e-06,-4.4107437e-06,1.0,-5.171448e-05,-4.3444335e-05,5.170703e-05,1.0,-4.440546e-06,4.3444335e-05,4.5001507e-06,1.0,264,0.792,0,0,0.0,False,-0.257435349164302,1.04748721892599
0.7993749669985846,11:48:49.113088,11:47:45.176573,0,,0.09463265,0.023526445,0.046526015,-0.39522022,0.72256994,-0.5671805,0.1273228,0.6545801,0.7451937,0.9097196,0.22230053,-0.35070306,,0.063216835,-0.0009646565,0.041724443,-0.74635243,-0.41499376,0.5203251,-0.4526475,0.88964975,0.060278744,-0.48792237,-0.19053474,-0.8518381,,0.0772326,1.3265395,0.4521898,0.9978136,0.04653057,-0.046936255,0.005420642,-0.7653929,-0.64354044,-0.06586898,0.64187896,-0.7639716,,-0.06394677,0.26944768,-0.0984771,0.31673834,-0.7388796,0.5947552,0.68463296,0.6120702,0.39578754,-0.65647125,0.28182793,0.6997275,,-0.026216827,0.43821934,-0.33446276,0.8123753,0.42576352,-0.39846182,-0.58211976,0.5518031,-0.5972017,-0.034394234,0.71710443,0.69611657,,1.21618369576575,0.3639492321635785,0.17696562193,1.9050331365569038,-0.5898597694874064,-0.17611437417337195,-0.4081968212695638,,-1.4083870715394495,0.1297573577527202,0.18302448139000002,1.50117030540571,-0.12133321179171111,-0.3653228604765335,0.8732373775538569,,-0.03301944778616772,-0.08405069345291694,0.08364271396,-0.06607131087440103,,5.6296587e-05,-1.9073486e-06,-4.4107437e-06,1.0,-5.171448e-05,-4.3444335e-05,5.170703e-05,1.0,-4.440546e-06,4.3444335e-05,4.5001507e-06,1.0,271,0.812,0,0,0.0,False,-0.2579715486309908,1.0478251803314462
0.835151141975075,11:48:49.137308,11:47:45.176573,0,,0.094997585,0.023700237,0.046532273,-0.3962903,0.72301525,-0.5658649,0.13083914,0.6545088,0.744647,0.9087546,0.221059,-0.35397434,,0.06321583,-0.0009651184,0.04172373,-0.74635553,-0.4149955,0.5203193,-0.45264968,0.8896489,0.060275912,-0.48791566,-0.19053513,-0.8518419,,0.0772326,1.3265395,0.4521898,0.9978136,0.04653057,-0.046936255,0.005420642,-0.7653929,-0.64354044,-0.06586898,0.64187896,-0.7639716,,-0.064310946,0.26956835,-0.09834965,0.31788585,-0.73921824,0.59372133,0.6868436,0.611221,0.3932617,-0.65360117,0.28278136,0.70202583,,-0.026215723,0.43821856,-0.33446264,0.81237745,0.42576528,-0.39845547,-0.58211637,0.5518024,-0.5972057,-0.03440077,0.7171039,0.6961168,,1.2149326130401257,0.36589536084788304,0.17700191805,1.9077591058222025,-0.5865804934930359,-0.17936015504307,-0.4095035737986381,,-1.4083793488065754,0.1297573577527202,0.18302448139000002,1.50117030540571,-0.12133321179171111,-0.3653228604765335,0.8732373775538569,,-0.03301944778616772,-0.08405069345291694,0.08364271396,-0.06607131087440103,,5.6296587e-05,-1.9073486e-06,-4.4107437e-06,1.0,-5.171448e-05,-4.3444335e-05,5.170703e-05,1.0,-4.440546e-06,4.3444335e-05,4.5001507e-06,1.0,282,0.845,0,0,0.0,False,-0.2579715486309908,1.0473423783236515
0.8593697280157357,11:48:49.167330,11:47:45.176573,0,,0.095535405,0.023970217,0.046552747,-0.39615905,0.72434473,-0.5642541,0.1344367,0.6536702,0.7447428,0.9082866,0.21918005,-0.35633612,,0.06321482,-0.00096558034,0.041722953,-0.74635863,-0.41499722,0.5203134,-0.45265174,0.8896481,0.06027308,-0.48790893,-0.19053549,-0.8518456,,0.0772326,1.3265395,0.4521898,0.9978136,0.04653057,-0.046936255,0.005420642,-0.7653929,-0.64354044,-0.06586898,0.64187896,-0.7639716,,-0.0648486,0.26976398,-0.098162,0.31779432,-0.7403837,0.59231645,0.68936247,0.6093293,0.39178714,-0.6509886,0.283813,0.70403415,,-0.026214616,0.43821782,-0.3344625,0.81237966,0.42576706,-0.39844912,-0.5821129,0.55180174,-0.5972097,-0.034407303,0.7171034,0.696117,,1.213055988951689,0.36878366294284304,0.17706932513,1.912791664465831,-0.5841210364972579,-0.18381603951382255,-0.4093402297325039,,-1.4083716260737011,0.1297573577527202,0.18302448139000002,1.50117030540571,-0.12133321179171111,-0.3653228604765335,0.8732373775538569,,-0.03301944778616772,-0.08405069345291694,0.08364271396,-0.06607131087440103,,5.6296587e-05,-1.9073486e-06,-4.4107437e-06,1.0,-5.171448e-05,-4.3444335e-05,5.170703e-05,1.0,-4.440546e-06,4.3444335e-05,4.5001507e-06,1.0,297,0.89,0,0,0.0,False,-0.257435349164302,1.0476320595283284
0.8893617020221427,11:48:49.212926,11:47:45.353930,0,,0.09642418,0.024407238,0.046569824,-0.39489624,0.725736,-0.5633509,0.14163005,0.6539461,0.7431657,0.9077433,0.2136859,-0.36102694,,0.063144974,-0.000996016,0.04171157,-0.7463976,-0.4149263,0.5203139,-0.4525953,0.88968,0.060224205,-0.48790154,-0.1905404,-0.8518488,,0.077208586,1.3265402,0.4521906,0.99781334,0.046560623,-0.046910986,0.005459818,-0.76539105,-0.6435423,-0.06586898,0.64187896,-0.7639716,,-0.0657173,0.2700693,-0.09784546,0.31657666,-0.74133015,0.5917845,0.6946006,0.60604197,0.38761216,-0.6459948,0.28834486,0.70678705,,-0.026124187,0.43819687,-0.33448136,0.8124349,0.42566246,-0.3984482,-0.5820387,0.55182475,-0.5972608,-0.034357898,0.71714777,0.6960737,,1.2099360048705023,0.37345591633174885,0.17718210236,1.9228567817530884,-0.579475395505233,-0.19462861989158914,-0.41032029412930937,,-1.4083716260737011,0.1297573577527202,0.18302448139000002,1.50117030540571,-0.12133321179171111,-0.3653228604765335,0.8732373775538569,,-0.03301944778616772,-0.08405069345291694,0.08364271396,-0.06607131087440103,,3.2290816e-05,-3.2186508e-06,-4.4107437e-06,1.0,-2.1714717e-05,-1.8239021e-05,2.1710992e-05,1.0,-1.8775463e-06,1.8246472e-05,1.9073486e-06,1.0,308,0.923,0,0,0.0,False,-0.25815028178655464,1.0479217407330053
0.9349879069486633,11:48:49.236959,11:47:45.353930,0,,0.09677041,0.024587378,0.04657103,-0.39374155,0.7272876,-0.5621569,0.1431728,0.6526161,0.7440387,0.90800285,0.21247335,-0.36108994,,0.06314706,-0.0009966567,0.041713715,-0.7463491,-0.41482565,0.5204638,-0.45254156,0.8897104,0.06017849,-0.4880257,-0.19061735,-0.85176045,,0.077208586,1.3265402,0.4521906,0.99781334,0.046560623,-0.046910986,0.005459818,-0.76539105,-0.6435423,-0.06586898,0.64187896,-0.7639716,,-0.06606243,0.27019277,-0.09771135,0.31540385,-0.74277323,0.59059995,0.6959081,0.60416704,0.3881934,-0.6451607,0.2885656,0.7074585,,-0.02612655,0.43819767,-0.33448318,0.81240326,0.42557302,-0.39860824,-0.58209056,0.55178314,-0.5972487,-0.03422762,0.7172328,0.69599247,,1.208654031213381,0.37526303582431736,0.17724821315000003,1.9268408906792942,-0.579202122505702,-0.1968934242024961,-0.40754344500502676,,-1.4083793488065754,0.129749635019846,0.1830231851,1.50117030540571,-0.12119657529194568,-0.3654342783802299,0.8732373775538569,,-0.03301944778616772,-0.08405069345291694,0.08364271396,-0.06607131087440103,,3.2290816e-05,-3.2186508e-06,-4.4107437e-06,1.0,-2.1714717e-05,-1.8239021e-05,2.1710992e-05,1.0,-1.8775463e-06,1.8246472e-05,1.9073486e-06,1.0,312,0.935,0,0,0.0,False,-0.257435349164302,1.0475354991267694
0.9590202559484169,11:48:49.265402,11:47:45.353930,0,,0.097301036,0.02486147,0.046571925,-0.39536864,0.7257644,-0.56298274,0.14262319,0.6539956,0.7429322,0.9073821,0.21343766,-0.36208028,,0.063158184,-0.0009908751,0.041719437,-0.746318,-0.41480836,0.52052224,-0.45252043,0.88971925,0.060206532,-0.48809284,-0.1906138,-0.8517228,,0.077208586,1.3265402,0.4521906,0.99781334,0.046560623,-0.046910986,0.005459818,-0.76539105,-0.6435423,-0.06586898,0.64187896,-0.7639716,,-0.06659126,0.27037984,-0.097506374,0.3170778,-0.7413375,0.5915069,0.6951789,0.60592526,0.3867568,-0.6451263,0.28857115,0.70748764,,-0.026138425,0.4382046,-0.3344822,0.81238145,0.4255553,-0.39867166,-0.5821248,0.5517901,-0.5972088,-0.034162287,0.717238,0.6959904,,1.206584338803089,0.37815133791927735,0.17735450893000002,1.9276796504532323,-0.5796120320049984,-0.20129653741955936,-0.40885019753410096,,-1.4084565761353176,0.129749635019846,0.18302577768000003,1.50117030540571,-0.12119657529194568,-0.3654342783802299,0.8732373775538569,,-0.03301944778616772,-0.08405069345291694,0.08364271396,-0.06607131087440103,,3.2290816e-05,-3.2186508e-06,-4.4107437e-06,1.0,-2.1714717e-05,-1.8239021e-05,2.1710992e-05,1.0,-1.8775463e-06,1.8246472e-05,1.9073486e-06,1.0,323,0.968,0,0,0.0,False,-0.2584481703791588,1.0479217407330053
0.9874566289363429,11:48:49.288876,11:47:45.353930,0,,0.097643845,0.025037885,0.04656993,-0.39364818,0.72757006,-0.5618567,0.14420488,0.6525122,0.7439305,0.90787995,0.21182434,-0.36177957,,0.06316155,-0.0009879097,0.041722894,-0.74634784,-0.41489863,0.5204074,-0.45256162,0.88969415,0.060269117,-0.48800895,-0.19053474,-0.8517885,,0.077208586,1.3265402,0.4521906,0.99781334,0.046560623,-0.046910986,0.005459818,-0.76539105,-0.6435423,-0.06586898,0.64187896,-0.7639716,,-0.0669327,0.27049857,-0.09737232,0.3153211,-0.74299973,0.5903592,0.6966349,0.60366833,0.3876652,-0.64441633,0.2890258,0.7079489,,-0.02614228,0.43820876,-0.33448234,0.8124,0.42563412,-0.39854968,-0.5820936,0.5518359,-0.59719694,-0.034253366,0.71715605,0.6960704,,1.2052946424130935,0.3798966755488521,0.17742450859000003,1.932292829209892,-0.5796120320049984,-0.2037468996237762,-0.40983026193090666,,-1.4084951897996887,0.1297573577527202,0.18302577768000003,1.50117030540571,-0.12133321179171111,-0.3653228604765335,0.8732373775538569,,-0.03301944778616772,-0.08405069345291694,0.08364271396,-0.06607131087440103,,3.2290816e-05,-3.2186508e-06,-4.4107437e-06,1.0,-2.1714717e-05,-1.8239021e-05,2.1710992e-05,1.0,-1.8775463e-06,1.8246472e-05,1.9073486e-06,1.0,334,1.001,0,0,0.0,False,-0.2589843698458485,1.047390658524431
