Task Time,PC1 Time,PC2 Time,Gaze Calib,s_T_psm1,Tx,Ty,Tz,R00,R01,R02,R10,R11,R12,R20,R21,R22,s_T_psm3,Tx,Ty,Tz,R00,R01,R02,R10,R11,R12,R20,R21,R22,cart_T_ecm,Tx,Ty,Tz,R00,R01,R02,R10,R11,R12,R20,R21,R22,ecm_T_psm1,Tx,Ty,Tz,R00,R01,R02,R10,R11,R12,R20,R21,R22,ecm_T_psm3,Tx,Ty,Tz,R00,R01,R02,R10,R11,R12,R20,R21,R22,psm1_joints,q1,q2,q3,q4,q5,q6,jaw,psm3_joints,q1,q2,q3,q4,q5,q6,jaw,ecm_joints,q1,q2,q3,q4,ecmi_T_ecm,Tx,Ty,Tz,R00,R01,R02,R10,R11,R12,R20,R21,R22,Sample #,Task Duration (s),Collisions (binary),Collisions (increments),Cumulative Collision Time (s),Clutch Press,MTMR Angle,MTML Angle
""
lci_T_si,,,,,-0.05844233,0.035165705,0.2376954,0.9966917,0.01703488,0.07946972,0.06403218,-0.76677525,-0.638714,0.050054993,0.6416896,-0.7653293
rci_T_si,,,,,-0.06812765,0.03966638,0.2481097,0.996245,0.0002454029,0.08657847,0.056614123,-0.75842214,-0.6493002,0.06550369,0.6517636,-0.7555881
ecm_T_lc,,,,,-4.4061628e-05,-0.00034663224,-0.01840835,-0.99912,0.030754527,0.028518902,-0.031987965,-0.99852574,-0.043852776,0.027128186,-0.04472645,0.9986309
ecm_T_rc,,,,,-0.0043358393,0.01870579,-0.007592615,-0.99555075,-0.052743673,-0.078081585,0.04863213,-0.9973746,0.053654674,-0.08070653,0.04961868,0.9955021
cart_T_ecmi,,,,,0.077116005,1.3264961,0.4522238,0.997811,0.046645723,-0.046876296,0.0055057476,-0.7649841,-0.6440257,-0.06590066,0.6423578,-0.7635663
ecmac_T_ecmrep_psm1,,,,,0.011581071,-0.24422047,-0.31388107,0.99918455,0.03945311,0.008580942,-0.0387743,0.99689597,-0.06852016,-0.011257639,0.068131566,0.99761283
ecmac_T_ecmrep_psm3,,,,,0.00032986852,-0.4435548,-0.5434704,0.9997429,-0.0075566242,-0.021376874,0.008153117,0.9995759,0.027955532,0.021156559,-0.028122634,0.9993806
""
0,12:07:09.790456,12:06:05.947781,0,,0.08181699,0.0108409375,0.022876486,-0.41207358,0.7262697,-0.5502069,0.116061956,0.64077955,0.75890124,0.90372837,0.24886516,-0.34834048,,0.05671443,0.018317677,0.031188965,-0.41583452,-0.38631,0.8233141,-0.4219504,0.883914,0.20162815,-0.80562997,-0.26355365,-0.5305657,,0.07722114,1.3264987,0.4522185,0.9978115,0.046577204,-0.046933983,0.0054163733,-0.76498824,-0.64402145,-0.06590066,0.6423578,-0.7635663,,-0.04928307,0.24525975,-0.08861406,0.33024848,-0.74568266,0.5786997,0.6743501,0.61538124,0.408115,-0.6604452,0.25546685,0.70607984,,-0.01871407,0.4452951,-0.31405014,0.53156686,0.40821072,-0.7421595,-0.8119364,0.4951246,-0.3092102,0.24123847,0.76695216,0.594633,,1.1804660562224616,0.21802047177223213,0.19065444433,1.7980912653797962,-0.6644632983593369,0.019898116177504588,-0.4132604873197266,,-1.366367681970794,0.2150781105471526,0.19799014944,1.252478032433064,0.3021033009813888,-0.5523952243794743,0.8750341622813339,,-0.03301944778616772,-0.08312785061092492,0.08364271396,-0.06607131087440103,,0.00010526553,-4.172325e-07,-2.6226044e-06,1.0,-6.838888e-05,-5.7540834e-05,6.839633e-05,1.0,-5.930662e-06,5.753711e-05,5.90086e-06,0.99999994,32,0.096,0,0,0.0,False,-0.26232072208302704,1.049804668563404
0.1288074350450188,12:07:09.811413,12:06:05.947781,0,,0.08188431,0.010800898,0.023073182,-0.40184206,0.7289203,-0.5542546,0.11505303,0.64066726,0.7591497,0.9084524,0.24128976,-0.3413114,,0.056710377,0.018317305,0.031186879,-0.4158509,-0.38638836,0.823269,-0.42195666,0.8838941,0.20170239,-0.8056183,-0.26350567,-0.53060734,,0.07722114,1.3264987,0.4522185,0.9978115,0.046577204,-0.046933983,0.0054163733,-0.76498824,-0.64402145,-0.06590066,0.6423578,-0.7635663,,-0.049367547,0.24534671,-0.08878762,0.3196386,-0.74765074,0.58210784,0.6759238,0.6104464,0.4128949,-0.6640468,0.2614834,0.7004772,,-0.018709758,0.44529384,-0.3140493,0.53158146,0.4082817,-0.74210995,-0.8119311,0.49515176,-0.3091807,0.24122421,0.76689684,0.5947101,,1.180272987900606,0.21805908543660327,0.19048333405,1.8096242122714452,-0.6737545803433869,0.011628858041592194,-0.409503573798638,,-1.3663445137721715,0.2150858332800268,0.19799014944,1.252478032433064,0.3021033009813888,-0.5523135456393338,0.8751975063474682,,-0.03301944778616772,-0.08312785061092492,0.08364271396,-0.06607131087440103,,0.00010526553,-4.172325e-07,-2.6226044e-06,1.0,-6.838888e-05,-5.7540834e-05,6.839633e-05,1.0,-5.930662e-06,5.753711e-05,5.90086e-06,0.99999994,40,0.12,0,0,0.0,False,-0.26285692154971585,1.0499977893665218
0.14976054104045033,12:07:09.833316,12:06:06.009057,0,,0.08202114,0.010760009,0.023450643,-0.3818884,0.73375493,-0.5619296,0.11604732,0.6412697,0.7584895,0.91689384,0.22444804,-0.33004364,,0.056708,0.018317915,0.031186163,-0.41539913,-0.38695887,0.82322913,-0.42234796,0.88358974,0.20221578,-0.80564624,-0.26368886,-0.5304738,,0.07722114,1.3264987,0.4522185,0.9978115,0.046577204,-0.046933983,0.0054163733,-0.76498824,-0.64402145,-0.06590066,0.6423578,-0.7635663,,-0.049537316,0.24554132,-0.08909775,0.29901448,-0.7509726,0.5887533,0.6808315,0.60020053,0.419795,-0.6686246,0.27531695,0.6907545,,-0.018707313,0.44529402,-0.3140486,0.5311434,0.40887642,-0.7420962,-0.8122801,0.4948691,-0.30871597,0.24101378,0.76676244,0.5949687,,1.18013397870887,0.21820581736121353,0.19021629831000003,1.830383516676413,-0.6861885018220419,-0.004941060747997383,-0.4114637025922494,,-1.3663367910392972,0.2150858332800268,0.19799014944,1.2518489626026104,0.3021033009813888,-0.5520685094189122,0.875034162281334,,-0.03301944778616772,-0.08312785061092492,0.08364271396,-0.06607131087440103,,0.00010526553,-4.172325e-07,-2.6226044e-06,1.0,-6.838888e-05,-5.7540834e-05,6.839633e-05,1.0,-5.930662e-06,5.753711e-05,5.90086e-06,0.99999994,51,0.154,0,0,0.0,False,-0.2622015666459845,1.0496598279610654
0.171651536016725,12:07:09.860042,12:06:06.009057,0,,0.0820799,0.010771751,0.023626804,-0.37131903,0.73572505,-0.5664192,0.11525297,0.6418369,0.75813067,0.9213245,0.2162269,-0.32312068,,0.0567067,0.018318988,0.031186283,-0.4149419,-0.38759422,0.8231608,-0.42273605,0.88326967,0.20280282,-0.80567837,-0.26382825,-0.5303557,,0.07722114,1.3264987,0.4522185,0.9978115,0.046577204,-0.046933983,0.0054163733,-0.76498824,-0.64402145,-0.06590066,0.6423578,-0.7635663,,-0.04961147,0.24565654,-0.089223646,0.28809398,-0.7522059,0.59261125,0.6823724,0.5954344,0.42405865,-0.67184055,0.28221285,0.68482566,,-0.018706057,0.44529504,-0.31404802,0.5307005,0.40952927,-0.7420531,-0.8126303,0.49461213,-0.3082059,0.2408091,0.7665798,0.5952868,,1.180103087777373,0.2183525492858238,0.19011000253000002,1.8412873937376086,-0.6941134188084375,-0.013997782960311733,-0.41113701445998097,,-1.3663367910392972,0.2150858332800268,0.19799014944,1.2512198927721567,0.3021033009813888,-0.5517417944583499,0.8756875385458711,,-0.03301944778616772,-0.08312785061092492,0.08364271396,-0.06607131087440103,,0.00010526553,-4.172325e-07,-2.6226044e-06,1.0,-6.838888e-05,-5.7540834e-05,6.839633e-05,1.0,-5.930662e-06,5.753711e-05,5.90086e-06,0.99999994,55,0.165,0,0,0.0,False,-0.2616653671792948,1.0496115477602863
0.19839410204440355,12:07:09.883226,12:06:06.009057,0,,0.08219373,0.010811672,0.023842618,-0.354751,0.7376042,-0.574536,0.11764255,0.6448337,0.755215,0.92753,0.20032349,-0.315529,,0.056704544,0.018317975,0.031184673,-0.41495246,-0.38786757,0.8230267,-0.42274216,0.88320106,0.20308837,-0.80566967,-0.26365608,-0.5304545,,0.07722114,1.3264987,0.4522185,0.9978115,0.046577204,-0.046933983,0.0054163733,-0.76498824,-0.64402145,-0.06590066,0.6423578,-0.7635663,,-0.04974401,0.24581534,-0.08935907,0.27104008,-0.7526679,0.60002357,0.68717223,0.5878079,0.4269381,-0.6740412,0.29660222,0.67653203,,-0.018703679,0.44529343,-0.31404778,0.5307098,0.40977624,-0.74191004,-0.81262755,0.49471092,-0.3080544,0.24079764,0.76638407,0.59554344,,1.1800181377157566,0.21855334034055363,0.18998296611,1.8614176283121227,-0.7034047007924874,-0.033375349755340566,-0.4075434450050268,,-1.3663213455735488,0.2150858332800268,0.19799014944,1.2512198927721567,0.3021033009813888,-0.5514150794977877,0.8750341622813339,,-0.03301944778616772,-0.08312785061092492,0.08364271396,-0.06607131087440103,,0.00010526553,-4.172325e-07,-2.6226044e-06,1.0,-6.838888e-05,-5.7540834e-05,6.839633e-05,1.0,-5.930662e-06,5.753711e-05,5.90086e-06,0.99999994,70,0.211,0,0,0.0,False,-0.26243987752006825,1.0501909101696396
0.22152268898207694,12:07:09.921206,12:06:06.009057,0,,0.082306504,0.010842621,0.023993775,-0.34242624,0.7368936,-0.58286524,0.12179464,0.6499504,0.7501537,0.931617,0.1858826,-0.31230965,,0.056703895,0.018319942,0.031185567,-0.41433716,-0.3884208,0.8230758,-0.4232561,0.8828463,0.20355982,-0.8057165,-0.2640294,-0.5301976,,0.07722114,1.3264987,0.4522185,0.9978115,0.046577204,-0.046933983,0.0054163733,-0.76498824,-0.64402145,-0.06590066,0.6423578,-0.7635663,,-0.049869753,0.24592708,-0.08944978,0.2584001,-0.75068074,0.608036,0.6922721,0.5828908,0.42543817,-0.6737868,0.3109931,0.6702944,,-0.018703192,0.44529554,-0.31404713,0.5301142,0.41038153,-0.7420013,-0.81309533,0.49425936,-0.30754456,0.24053049,0.7663515,0.59569323,,1.1799177421883917,0.2187309631966608,0.18987926291,1.878402513734369,-0.7081869782842778,-0.05332591524700997,-0.4122804229229208,,-1.3663290683064229,0.2150858332800268,0.19799014944,1.2503811329982188,0.3021033009813888,-0.5513334007576471,0.8748708182151996,,-0.03301944778616772,-0.08312785061092492,0.08364271396,-0.06607131087440103,,0.00010526553,-4.172325e-07,-2.6226044e-06,1.0,-6.838888e-05,-5.7540834e-05,6.839633e-05,1.0,-5.930662e-06,5.753711e-05,5.90086e-06,0.99999994,78,0.236,0,0,0.0,False,-0.26249945523859,1.0496115477602863
0.2595140370540321,12:07:09.950225,12:06:06.123956,0,,0.082425684,0.010877863,0.024154156,-0.32879007,0.74071515,-0.58586514,0.12382358,0.6488108,0.75080776,0.9362504,0.17431435,-0.30504048,,0.056704707,0.01831878,0.03118521,-0.41433668,-0.38868523,0.8229512,-0.42325908,0.88277984,0.20384167,-0.8057152,-0.26386243,-0.5302828,,0.07722114,1.3264987,0.4522185,0.9978115,0.046577204,-0.046933983,0.0054163733,-0.76498824,-0.64402145,-0.06590066,0.6423578,-0.7635663,,-0.050002705,0.24604753,-0.089544564,0.24440603,-0.75346076,0.61037904,0.6959772,0.5746102,0.43062618,-0.6751899,0.31956226,0.66482973,,-0.018703934,0.44529438,-0.3140476,0.5301136,0.4106204,-0.74186957,-0.8130966,0.4943551,-0.3073873,0.24052753,0.7661618,0.59593844,,1.1797401193322845,0.21893175425139064,0.18978333745,1.8953873991566157,-0.7154287127718462,-0.06506337422146113,-0.411790390724518,,-1.3663290683064229,0.2150781105471526,0.19799014944,1.2503811329982188,0.3021033009813888,-0.5510066857970849,0.8755241944797367,,-0.03301944778616772,-0.08312785061092492,0.08364271396,-0.06607131087440103,,0.00010526553,-4.172325e-07,-2.6226044e-06,1.0,-6.838888e-05,-5.7540834e-05,6.839633e-05,1.0,-5.930662e-06,5.753711e-05,5.90086e-06,0.99999994,86,0.26,0,0,0.0,False,-0.26160578946077395,1.049418426957168
0.28855828603263944,12:07:09.971940,12:06:06.123956,0,,0.08250652,0.010883868,0.024234936,-0.32264495,0.74087834,-0.5890666,0.12553802,0.65034723,0.74919194,0.93815804,0.16777283,-0.30283958,,0.056704707,0.01831878,0.03118521,-0.41433668,-0.38868523,0.8229512,-0.42325908,0.88277984,0.20384167,-0.8057152,-0.26386243,-0.5302828,,0.07722114,1.3264987,0.4522185,0.9978115,0.046577204,-0.046933983,0.0054163733,-0.76498824,-0.64402145,-0.06590066,0.6423578,-0.7635663,,-0.050090387,0.24609786,-0.08959816,0.23811539,-0.7530435,0.61337316,0.6981609,0.5717447,0.43090528,-0.67518324,0.32562798,0.6618867,,-0.018703934,0.44529438,-0.3140476,0.5301136,0.4106204,-0.74186957,-0.8130966,0.4943551,-0.3073873,0.24052753,0.7661618,0.59593844,,1.1795702192090516,0.21906304071025245,0.18971852295000002,1.9037749968959967,-0.7180248062673895,-0.07372802774978332,-0.41309714325359215,,-1.3663290683064229,0.2150781105471526,0.19799014944,1.2503811329982188,0.3021033009813888,-0.5510066857970849,0.8755241944797367,,-0.03301944778616772,-0.08312785061092492,0.08364271396,-0.06607131087440103,,0.00010526553,-4.172325e-07,-2.6226044e-06,1.0,-6.838888e-05,-5.7540834e-05,6.839633e-05,1.0,-5.930662e-06,5.753711e-05,5.90086e-06,0.99999994,94,0.284,0,0,0.0,False,-0.2623802998015474,1.0494667071579475
0.31026694900356233,12:07:09.993956,12:06:06.123956,0,,0.082617536,0.0109074265,0.024346337,-0.3123561,0.7438121,-0.59091216,0.12613487,0.64900184,0.7502577,0.94155383,0.15981302,-0.29654026,,0.056703623,0.01832112,0.031186163,-0.41356835,-0.38956165,0.8229233,-0.42390168,0.8822893,0.20462874,-0.8057721,-0.26421055,-0.53002286,,0.07722114,1.3264987,0.4522185,0.9978115,0.046577204,-0.046933983,0.0054163733,-0.76498824,-0.64402145,-0.06590066,0.6423578,-0.7635663,,-0.050210856,0.24617925,-0.08966262,0.22756568,-0.75525916,0.61465234,0.70016366,0.5655909,0.4357496,-0.67674565,0.33119556,0.6575141,,-0.018703027,0.44529682,-0.31404677,0.52936965,0.41154376,-0.7418892,-0.81368023,0.49385837,-0.3066405,0.24019219,0.76598674,0.59629864,,1.1792922008255795,0.21924838629923382,0.18965241216,1.9161467035615838,-0.7241734487568343,-0.0817011417657938,-0.410646982261578,,-1.3663367910392972,0.2150781105471526,0.19799014944,1.249332683280796,0.3021033009813888,-0.5506799708365226,0.8748708182151996,,-0.03301944778616772,-0.08312785061092492,0.08364271396,-0.06607131087440103,,0.00010526553,-4.172325e-07,-2.6226044e-06,1.0,-6.838888e-05,-5.7540834e-05,6.839633e-05,1.0,-5.930662e-06,5.753711e-05,5.90086e-06,0.99999994,105,0.318,0,0,0.0,False,-0.2626186106756321,1.0499012289649627
0.3323054440552369,12:07:10.024405,12:06:06.123956,0,,0.082732454,0.010928303,0.024387896,-0.3075575,0.74176055,-0.5959862,0.12987691,0.6532085,0.7459562,0.9426242,0.15201965,-0.29723668,,0.05670336,0.018319435,0.031185031,-0.41357327,-0.38989544,0.8227628,-0.4239077,0.88220465,0.20498095,-0.8057664,-0.26400077,-0.530136,,0.07722114,1.3264987,0.4522185,0.9978115,0.046577204,-0.046933983,0.0054163733,-0.76498824,-0.64402145,-0.06590066,0.6423578,-0.7635663,,-0.050329015,0.24621499,-0.08967404,0.22268988,-0.75252575,0.6197695,0.7034888,0.5641606,0.43223408,-0.6749168,0.3397468,0.6550263,,-0.01870258,0.44529486,-0.31404713,0.5293737,0.41184545,-0.7417188,-0.8136801,0.49397793,-0.30644807,0.2401835,0.7657474,0.5966094,,1.1790064597092331,0.21949551375120901,0.18960574572000002,1.9247439912444493,-0.7241734487568343,-0.0942796677474404,-0.41326048731972653,,-1.3663290683064229,0.21507038781427837,0.19799014944,1.249332683280796,0.3021033009813888,-0.5502715771358198,0.8753608504136026,,-0.03301944778616772,-0.08312785061092492,0.08364271396,-0.06607131087440103,,0.00010526553,-4.172325e-07,-2.6226044e-06,1.0,-6.838888e-05,-5.7540834e-05,6.839633e-05,1.0,-5.930662e-06,5.753711e-05,5.90086e-06,0.99999994,113,0.343,0,0,0.0,False,-0.2622611443645053,1.0497563883626244
0.36273268901277333,12:07:10.053558,12:06:06.123956,0,,0.08281361,0.010967523,0.02443692,-0.30149853,0.7429152,-0.5976416,0.13330299,0.65349674,0.7450988,0.94410217,0.14497891,-0.29606107,,0.056702547,0.018320598,0.031185389,-0.41357362,-0.3898999,0.8227604,-0.42390478,0.88220453,0.20498751,-0.8057678,-0.26399454,-0.5301371,,0.07722114,1.3264987,0.4522185,0.9978115,0.046577204,-0.046933983,0.0054163733,-0.76498824,-0.64402145,-0.06590066,0.6423578,-0.7635663,,-0.050414212,0.24627158,-0.08968221,0.21652263,-0.75305146,0.62131435,0.7067498,0.55995387,0.43238455,-0.67351514,0.34549275,0.65346164,,-0.018701838,0.44529602,-0.31404665,0.5293743,0.41184896,-0.74171644,-0.81367886,0.49398264,-0.30644387,0.24018645,0.7657425,0.59661454,,1.1789215096476167,0.21968858207306463,0.18957463476000003,1.9343897286447373,-0.724993267755427,-0.1024324642604425,-0.41195373479065234,,-1.3663290683064229,0.2150781105471526,0.19799014944,1.249332683280796,0.3021033009813888,-0.5502715771358198,0.8753608504136026,,-0.03301944778616772,-0.08312785061092492,0.08364271396,-0.06607131087440103,,0.00010526553,-4.172325e-07,-2.6226044e-06,1.0,-6.838888e-05,-5.7540834e-05,6.839633e-05,1.0,-5.930662e-06,5.753711e-05,5.90086e-06,0.99999994,121,0.366,0,0,0.0,False,-0.2622015666459845,1.049370146756389
0.391889960039407,12:07:10.079724,12:06:06.123956,0,,0.08290759,0.011024147,0.02453199,-0.2927622,0.74414504,-0.6004484,0.13588294,0.6539675,0.7442193,0.9464809,0.1362887,-0.2925735,,0.056700118,0.018320747,0.031184316,-0.41281492,-0.39077568,0.8227259,-0.42455587,0.8817103,0.2057647,-0.805814,-0.26435038,-0.5298894,,0.07722114,1.3264987,0.4522185,0.9978115,0.046577204,-0.046933983,0.0054163733,-0.76498824,-0.64402145,-0.06590066,0.6423578,-0.7635663,,-0.05051627,0.24636963,-0.089714505,0.20760891,-0.7535057,0.623801,0.70975906,0.5548623,0.43401602,-0.6731572,0.3526428,0.6500019,,-0.018699292,0.4452957,-0.31404606,0.5286384,0.4127728,-0.7417277,-0.81426024,0.49347794,-0.30571187,0.23983674,0.76557046,0.5969759,,1.1788828959832456,0.21997432318941093,0.18952537574000003,1.9465517453668395,-0.7279992707502667,-0.11288651132133015,-0.4099936059970408,,-1.3663213455735488,0.21507038781427837,0.19799014944,1.2482842335633735,0.3021033009813888,-0.5499448621752575,0.8747074741490655,,-0.03301944778616772,-0.08312785061092492,0.08364271396,-0.06607131087440103,,0.00010526553,-4.172325e-07,-2.6226044e-06,1.0,-6.838888e-05,-5.7540834e-05,6.839633e-05,1.0,-5.930662e-06,5.753711e-05,5.90086e-06,0.99999994,129,0.391,0,0,0.0,False,-0.2631548101423209,1.049418426957168
0.41807444603182375,12:07:10.104496,12:06:06.284774,0,,0.0830037,0.011094153,0.024580896,-0.28524753,0.7451737,-0.60278505,0.1422025,0.65485716,0.74225366,0.9478462,0.12600857,-0.29276186,,0.056700762,0.018321611,0.03118515,-0.41265678,-0.39102966,0.8226846,-0.42468178,0.8815925,0.20600967,-0.8058287,-0.26436785,-0.5298584,,0.07722114,1.3264987,0.4522185,0.9978115,0.046577204,-0.046933983,0.0054163733,-0.76498824,-0.64402145,-0.06590066,0.6423578,-0.7635663,,-0.05061637,0.24644943,-0.08970236,0.2000008,-0.75361866,0.6261458,0.7151329,0.54912335,0.43249106,-0.66976464,0.3612789,0.6487626,,-0.018700061,0.44529682,-0.31404597,0.52848566,0.4130282,-0.7416944,-0.8143778,0.49340886,-0.30551022,0.23977426,0.76547724,0.5971205,,1.1789215096476167,0.220252341572883,0.18949685736000002,1.9599719017498491,-0.7269061787521433,-0.125049520690299,-0.4129337991874581,,-1.3663290683064229,0.21507038781427837,0.19799014944,1.2480745436198888,0.3021033009813888,-0.5497815046949763,0.8748708182151996,,-0.03301944778616772,-0.08312785061092492,0.08364271396,-0.06607131087440103,,0.00010526553,-4.172325e-07,-2.6226044e-06,1.0,-6.838888e-05,-5.7540834e-05,6.839633e-05,1.0,-5.930662e-06,5.753711e-05,5.90086e-06,0.99999994,148,0.449,0,0,0.0,False,-0.2630356547052788,1.0499495091657423
0.4428447469836101,12:07:10.153245,12:06:06.284774,0,,0.08309083,0.011206806,0.024691135,-0.27687803,0.7427567,-0.6096318,0.14396814,0.6593395,0.7379327,0.9500588,0.11654994,-0.2894898,,0.05669836,0.018321209,0.031185508,-0.4123565,-0.3915441,0.82259053,-0.42494273,0.88135326,0.20649499,-0.8058449,-0.26440424,-0.5298156,,0.07722114,1.3264987,0.4522185,0.9978115,0.046577204,-0.046933983,0.0054163733,-0.76498824,-0.64402145,-0.06590066,0.6423578,-0.7635663,,-0.050712958,0.24660109,-0.08971206,0.19146745,-0.7503736,0.6326766,0.7174224,0.54689574,0.4315207,-0.6698099,0.37127423,0.6430476,,-0.01869772,0.445297,-0.31404668,0.5281941,0.4135457,-0.74161375,-0.81460875,0.49326771,-0.3051222,0.23963213,0.7652888,0.5974191,,1.1790759643051012,0.2208083783398272,0.18946704269000003,1.9712951586980134,-0.7299121817469829,-0.14048597089976095,-0.41309714325359226,,-1.3663213455735488,0.21507038781427837,0.19798885315000003,1.2476551637329198,0.3021033009813888,-0.5494547897344142,0.8753608504136025,,-0.03301944778616772,-0.08312785061092492,0.08364271396,-0.06607131087440103,,0.00010526553,-4.172325e-07,-2.6226044e-06,1.0,-6.838888e-05,-5.7540834e-05,6.839633e-05,1.0,-5.930662e-06,5.753711e-05,5.90086e-06,0.99999994,152,0.461,0,0,0.0,False,-0.2626186106756321,1.0495632675595068
0.4915939620696008,12:07:10.172619,12:06:06.284774,0,,0.083156064,0.011289522,0.024757266,-0.2716344,0.74528635,-0.6089031,0.14497927,0.65716034,0.7396765,0.95141774,0.11264339,-0.28655827,,0.056700088,0.018322594,0.031187117,-0.41219303,-0.39186296,0.8225206,-0.4250654,0.8812194,0.20681334,-0.8058638,-0.26437795,-0.5297999,,0.07722114,1.3264987,0.4522185,0.9978115,0.046577204,-0.046933983,0.0054163733,-0.76498824,-0.64402145,-0.06590066,0.6423578,-0.7635663,,-0.05078383,0.24670322,-0.08970758,0.18612362,-0.752546,0.6316902,0.71876556,0.5426269,0.4346632,-0.66987616,0.37313604,0.6418998,,-0.01869968,0.44529894,-0.31404674,0.52803665,0.4138593,-0.7415509,-0.81472754,0.4932242,-0.30487528,0.23957539,0.76514727,0.597623,,1.1791454689009693,0.22123312864790953,0.18945537608000002,1.9784246167764872,-0.731825092743699,-0.14350012969588255,-0.41179039072451795,,-1.3663367910392972,0.21507038781427837,0.19798885315000003,1.2474454737894354,0.3021033009813888,-0.5492097535139925,0.8748708182151997,,-0.03301944778616772,-0.08312785061092492,0.08364271396,-0.06607131087440103,,0.00010526553,-4.172325e-07,-2.6226044e-06,1.0,-6.838888e-05,-5.7540834e-05,6.839633e-05,1.0,-5.930662e-06,5.753711e-05,5.90086e-06,0.99999994,160,0.485,0,0,0.0,False,-0.26297607698675796,1.049514987358727
0.510968561982736,12:07:10.202285,12:06:06.394779,0,,0.08327504,0.011421695,0.02480039,-0.2693561,0.7470003,-0.6078139,0.14889988,0.6558546,0.7400564,0.95146,0.1088354,-0.2878866,,0.05670362,0.018319584,0.03118682,-0.4121864,-0.39191455,0.8224993,-0.4250712,0.881204,0.20686716,-0.8058641,-0.26435292,-0.529812,,0.07722114,1.3264987,0.4522185,0.9978115,0.046577204,-0.046933983,0.0054163733,-0.76498824,-0.64402145,-0.06590066,0.6423578,-0.7635663,,-0.050906215,0.24682678,-0.08965061,0.18384933,-0.7539151,0.630723,0.72173244,0.5391478,0.43407592,-0.6673093,0.37540868,0.64324695,,-0.018703097,0.4452962,-0.31404832,0.5280302,0.41390702,-0.74152887,-0.8147327,0.49323595,-0.30484262,0.2395722,0.7651139,0.59766704,,1.1791609143667177,0.22208262926407424,0.18945278350000003,1.9845056251375386,-0.7293656357479211,-0.14722090550536987,-0.4127704551213236,,-1.3663367910392972,0.2150472196156557,0.19798885315000003,1.247235783845951,0.3021033009813888,-0.5490463960337113,0.8751975063474683,,-0.03301944778616772,-0.08312785061092492,0.08364271396,-0.06607131087440103,,0.00010526553,-4.172325e-07,-2.6226044e-06,1.0,-6.838888e-05,-5.7540834e-05,6.839633e-05,1.0,-5.930662e-06,5.753711e-05,5.90086e-06,0.99999994,172,0.522,0,0,0.0,False,-0.2632143878608417,1.049804668563404
0.5406119860708714,12:07:10.234008,12:06:06.394779,0,,0.0833922,0.011581406,0.024868935,-0.26825964,0.74621534,-0.6092613,0.14910126,0.6569829,0.7390144,0.9517382,0.10740614,-0.2875036,,0.056700803,0.018320508,0.031186163,-0.41157997,-0.39273927,0.8224096,-0.4255895,0.8807759,0.20762298,-0.80590045,-0.26455536,-0.5296556,,0.07722114,1.3264987,0.4522185,0.9978115,0.046577204,-0.046933983,0.0054163733,-0.76498824,-0.64402145,-0.06590066,0.6423578,-0.7635663,,-0.05102904,0.24698775,-0.089596435,0.18273246,-0.75300676,0.63213104,0.7220018,0.5391873,0.43357867,-0.6673247,0.37717086,0.6421993,,-0.018700225,0.4452967,-0.31404743,0.527442,0.41475767,-0.7414722,-0.8151954,0.49287868,-0.30418277,0.23929368,0.76488346,0.5980734,,1.179168637099592,0.2231715345993399,0.18945926495,1.9868122145158682,-0.7293656357479211,-0.15122316377225742,-0.4127704551213236,,-1.3663367910392972,0.2150472196156557,0.19798885315000003,1.2466067140154973,0.3021033009813888,-0.5487196810731492,0.8751975063474682,,-0.03301944778616772,-0.08312785061092492,0.08364271396,-0.06607131087440103,,0.00010526553,-4.172325e-07,-2.6226044e-06,1.0,-6.838888e-05,-5.7540834e-05,6.839633e-05,1.0,-5.930662e-06,5.753711e-05,5.90086e-06,0.99999994,180,0.546,0,0,0.0,False,-0.26255903295711036,1.0496115477602863
0.5723358530085534,12:07:10.253853,12:06:06.394779,0,,0.0834854,0.0117165,0.024925202,-0.2676849,0.745712,-0.6101297,0.14887458,0.6576457,0.73847044,0.9519355,0.10684472,-0.28705922,,0.05670162,0.01831936,0.031185865,-0.4115796,-0.39286914,0.8223477,-0.42559248,0.8807421,0.20776032,-0.80589914,-0.2644751,-0.5296977,,0.07722114,1.3264987,0.4522185,0.9978115,0.046577204,-0.046933983,0.0054163733,-0.76498824,-0.64402145,-0.06590066,0.6423578,-0.7635663,,-0.0511269,0.24712315,-0.08954968,0.18214256,-0.7524558,0.63295686,0.7219149,0.53938544,0.43347698,-0.66757995,0.37798637,0.64145404,,-0.018700968,0.44529554,-0.31404793,0.52744144,0.41487527,-0.7414068,-0.81519663,0.49292365,-0.30410647,0.2392907,0.76479065,0.5981933,,1.1791840825653404,0.22409053981137259,0.18946833898,1.9880703541767752,-0.7295022722476866,-0.1536437868129184,-0.412933799187458,,-1.3663367910392972,0.21503949688278148,0.19798885315000003,1.2466067140154973,0.3021033009813888,-0.548556323592868,0.8745441300829311,,-0.03301944778616772,-0.08312785061092492,0.08364271396,-0.06607131087440103,,0.00010526553,-4.172325e-07,-2.6226044e-06,1.0,-6.838888e-05,-5.7540834e-05,6.839633e-05,1.0,-5.930662e-06,5.753711e-05,5.90086e-06,0.99999994,184,0.559,0,0,0.0,False,-0.26243987752006825,1.049514987358727
0.5921997569967061,12:07:10.276489,12:06:06.394779,0,,0.08365425,0.011950433,0.025007993,-0.26428592,0.7482416,-0.6085125,0.15020066,0.65518016,0.7403909,0.95267653,0.10427609,-0.28554118,,0.05670075,0.018320076,0.031185865,-0.41127363,-0.39324668,0.8223204,-0.4258499,0.8805367,0.20810293,-0.80591935,-0.26459783,-0.5296057,,0.07722114,1.3264987,0.4522185,0.9978115,0.046577204,-0.046933983,0.0054163733,-0.76498824,-0.64402145,-0.06590066,0.6423578,-0.7635663,,-0.051302504,0.24734816,-0.08945681,0.17869084,-0.7547468,0.6312107,0.7232235,0.5357226,0.4358315,-0.6670962,0.37862727,0.64157933,,-0.018700128,0.4452962,-0.31404755,0.52714485,0.41526905,-0.7413973,-0.81542844,0.49273267,-0.30379426,0.23915431,0.7647,0.5983637,,1.1791995280310887,0.22555785905747525,0.18949426478000003,1.9941513625378269,-0.729638908747452,-0.1560644098535795,-0.41244376698905505,,-1.3663367910392972,0.21503949688278148,0.19798885315000003,1.2461873341285281,0.3021033009813888,-0.5483929661125869,0.8751975063474683,,-0.03301944778616772,-0.08312785061092492,0.08364271396,-0.06607131087440103,,0.00010526553,-4.172325e-07,-2.6226044e-06,1.0,-6.838888e-05,-5.7540834e-05,6.839633e-05,1.0,-5.930662e-06,5.753711e-05,5.90086e-06,0.99999994,195,0.592,0,0,0.0,False,-0.26297607698675796,1.0499012289649627
0.614766673068516,12:07:10.301850,12:06:06.394779,0,,0.08375515,0.012120098,0.025065094,-0.262054,0.7494751,-0.60795945,0.15044108,0.6539991,0.7413856,0.95325506,0.10282114,-0.28413484,,0.05670176,0.018319182,0.031187415,-0.41111484,-0.39336157,0.8223449,-0.42597857,0.8804522,0.20819722,-0.8059324,-0.26470822,-0.52953064,,0.07722114,1.3264987,0.4522185,0.9978115,0.046577204,-0.046933983,0.0054163733,-0.76498824,-0.64402145,-0.06590066,0.6423578,-0.7635663,,-0.051408123,0.24751072,-0.08938862,0.17641632,-0.755846,0.63053477,0.7236466,0.53382754,0.43745148,-0.66724277,0.37911072,0.6411413,,-0.018701328,0.44529647,-0.31404915,0.52699125,0.41539955,-0.7414334,-0.81554693,0.49260852,-0.30367762,0.23908886,0.7647091,0.5983782,,1.1792767553598311,0.22656953706399866,0.18952278316,1.9977160915770635,-0.7301854547465138,-0.15790574296272952,-0.41244376698905516,,-1.3663445137721715,0.21503177414990723,0.19798755686000002,1.2459776441850439,0.3021033009813888,-0.5483929661125869,0.8751975063474683,,-0.03301944778616772,-0.08312785061092492,0.08364271396,-0.06607131087440103,,0.00010526553,-4.172325e-07,-2.6226044e-06,1.0,-6.838888e-05,-5.7540834e-05,6.839633e-05,1.0,-5.930662e-06,5.753711e-05,5.90086e-06,0.99999994,203,0.617,0,0,0.0,False,-0.262797343831195,1.049418426957168
0.6401883530197665,12:07:10.332114,12:06:06.520880,0,,0.08389565,0.012403831,0.02516839,-0.2578587,0.7500445,-0.6090501,0.14944372,0.65374327,0.7418128,0.9545551,0.10026428,-0.28066275,,0.05670701,0.018317543,0.031188786,-0.41094464,-0.3937317,0.8222528,-0.42610693,0.8803021,0.20856912,-0.80595136,-0.2646572,-0.5295273,,0.07722114,1.3264987,0.4522185,0.9978115,0.046577204,-0.046933983,0.0054163733,-0.76498824,-0.64402145,-0.06590066,0.6423578,-0.7635663,,-0.05155732,0.24778897,-0.089282654,0.17212255,-0.7561863,0.631313,0.7234401,0.5320095,0.44000036,-0.66858673,0.38098314,0.63862634,,-0.018706704,0.4452957,-0.3140508,0.5268271,0.41576067,-0.7413476,-0.81567055,0.4925759,-0.30339837,0.23902889,0.7645339,0.5986261,,1.1795007146131835,0.22818358823471158,0.18957852363000002,2.003168030107661,-0.7325082752425263,-0.16279097403155696,-0.41195373479065234,,-1.366367681970794,0.21500860595128457,0.19798755686000002,1.2457679542415592,0.3021033009813888,-0.5480662511520247,0.8751975063474682,,-0.03301944778616772,-0.08312785061092492,0.08364271396,-0.06607131087440103,,0.00010526553,-4.172325e-07,-2.6226044e-06,1.0,-6.838888e-05,-5.7540834e-05,6.839633e-05,1.0,-5.930662e-06,5.753711e-05,5.90086e-06,0.99999994,211,0.64,0,0,0.0,False,-0.2626186106756321,1.049514987358727
0.670465735020116,12:07:10.354606,12:06:06.520880,0,,0.08397767,0.012599528,0.025224209,-0.25560755,0.7500173,-0.6100318,0.14904833,0.65402055,0.74164796,0.9552222,0.09864667,-0.27896136,,0.056708477,0.018317215,0.031189263,-0.4107858,-0.3941152,0.8221485,-0.42623538,0.88014925,0.20895101,-0.80596435,-0.2645946,-0.5295388,,0.07722114,1.3264987,0.4522185,0.9978115,0.046577204,-0.046933983,0.0054163733,-0.76498824,-0.64402145,-0.06590066,0.6423578,-0.7635663,,-0.051644024,0.24797215,-0.08919859,0.16982122,-0.7560158,0.6321399,0.7234197,0.5312243,0.44098142,-0.669197,0.3824145,0.6371299,,-0.018708214,0.44529563,-0.3140512,0.52667344,0.4161333,-0.7412477,-0.8157889,0.49255073,-0.30312082,0.23896343,0.7643473,0.59889036,,1.1797015056679134,0.22924932537135456,0.18962907894000003,2.006313379259929,-0.7334647307408843,-0.16625834319299132,-0.41391386358426363,,-1.3663754047036683,0.21500088321841035,0.19798755686000002,1.2455582642980747,0.3021033009813888,-0.5477395361914624,0.8751975063474683,,-0.03301944778616772,-0.08312785061092492,0.08364271396,-0.06607131087440103,,0.00010526553,-4.172325e-07,-2.6226044e-06,1.0,-6.838888e-05,-5.7540834e-05,6.839633e-05,1.0,-5.930662e-06,5.753711e-05,5.90086e-06,0.99999994,219,0.665,0,0,0.0,False,-0.26255903295711036,1.0500943497680806
0.6929401149973273,12:07:10.378603,12:06:06.520880,0,,0.0841122,0.012924179,0.025315583,-0.2525657,0.7507644,-0.61037964,0.14967409,0.6535527,0.7419343,0.9559332,0.09602925,-0.27743495,,0.056709938,0.018316977,0.03118974,-0.41062695,-0.39443144,0.8220761,-0.42636395,0.88001335,0.20926093,-0.8059772,-0.26457533,-0.5295287,,0.07722114,1.3264987,0.4522185,0.9978115,0.046577204,-0.046933983,0.0054163733,-0.76498824,-0.64402145,-0.06590066,0.6423578,-0.7635663,,-0.051786233,0.24827535,-0.08905824,0.16672812,-0.75652766,0.6323509,0.72418153,0.529193,0.44217175,-0.6691508,0.3842144,0.63609475,,-0.018709727,0.4452956,-0.3140516,0.5265198,0.41644537,-0.7411816,-0.8159073,0.49250063,-0.30288354,0.23889796,0.7642096,0.5990921,,1.180095365044499,0.23103327666530044,0.18970556005000003,2.0115556278470423,-0.7334647307408843,-0.17083235264086277,-0.4122804229229209,,-1.3663831274365426,0.21499316048553613,0.19798755686000002,1.24534857435459,0.3021033009813888,-0.5474944999710407,0.8756875385458711,,-0.03301944778616772,-0.08312785061092492,0.08364271396,-0.06607131087440103,,0.00010526553,-4.172325e-07,-2.6226044e-06,1.0,-6.838888e-05,-5.7540834e-05,6.839633e-05,1.0,-5.930662e-06,5.753711e-05,5.90086e-06,0.99999994,227,0.69,0,0,0.0,False,-0.26255903295711036,1.05014262996886
0.7169229610590264,12:07:10.404698,12:06:06.520880,0,,0.08419377,0.013141006,0.025370002,-0.25185186,0.7511118,-0.6102472,0.15001324,0.6532512,0.74213135,0.9560683,0.09536207,-0.27719915,,0.056711327,0.018315189,0.031190872,-0.41031456,-0.3949318,0.82199186,-0.42662403,0.87977445,0.20973548,-0.8059988,-0.26462388,-0.52947176,,0.07722114,1.3264987,0.4522185,0.9978115,0.046577204,-0.046933983,0.0054163733,-0.76498824,-0.64402145,-0.06590066,0.6423578,-0.7635663,,-0.051872384,0.24847421,-0.08895996,0.16600497,-0.75681436,0.63219804,0.7244911,0.5285239,0.44246477,-0.66899544,0.38457054,0.6360429,,-0.018711247,0.445295,-0.31405354,0.52621704,0.41695064,-0.74111253,-0.81614256,0.49234983,-0.3024946,0.23876132,0.7640313,0.59937406,,1.1803811061608451,0.23224574572655368,0.18976000423000003,2.0134428373384026,-0.7327815482420571,-0.17261462326145327,-0.41309714325359226,,-1.3663908501694166,0.21497771501978769,0.19798626057000002,1.244929194467621,0.3021033009813888,-0.5471677850104785,0.8756875385458711,,-0.03301944778616772,-0.08312785061092492,0.08364271396,-0.06607131087440103,,0.00010526553,-4.172325e-07,-2.6226044e-06,1.0,-6.838888e-05,-5.7540834e-05,6.839633e-05,1.0,-5.930662e-06,5.753711e-05,5.90086e-06,0.99999994,238,0.723,0,0,0.0,False,-0.262797343831195,1.049708108161845
0.7430016690632328,12:07:10.433611,12:06:06.520880,0,,0.0843626,0.013515368,0.025473982,-0.24974474,0.7528057,-0.60902476,0.15226534,0.6516621,0.74306905,0.9562651,0.09284434,-0.27737534,,0.056714974,0.018309705,0.031189203,-0.41015926,-0.39516526,0.82195723,-0.42676735,0.87965465,0.2099457,-0.8060019,-0.2646733,-0.5294422,,0.07722114,1.3264987,0.4522185,0.9978115,0.046577204,-0.046933983,0.0054163733,-0.76498824,-0.64402145,-0.06590066,0.6423578,-0.7635663,,-0.052049886,0.24882223,-0.0887961,0.163888,-0.7582777,0.63099575,0.7262581,0.52562475,0.44302127,-0.66760015,0.38565987,0.6368489,,-0.018714538,0.44528946,-0.3140558,0.52606565,0.4171903,-0.7410852,-0.81626445,0.49225515,-0.30231965,0.23867817,0.76396143,0.5994961,,1.1808367474004244,0.2343926654655881,0.18983518905000002,2.0188947758690006,-0.7305953642458101,-0.17611256326354785,-0.41326048731972653,,-1.3663908501694166,0.21493910135541655,0.19798626057000002,1.2447195045241366,0.3021033009813888,-0.5470044275301973,0.8753608504136023,,-0.03301944778616772,-0.08312785061092492,0.08364271396,-0.06607131087440103,,0.00010526553,-4.172325e-07,-2.6226044e-06,1.0,-6.838888e-05,-5.7540834e-05,6.839633e-05,1.0,-5.930662e-06,5.753711e-05,5.90086e-06,0.99999994,250,0.759,0,0,0.0,False,-0.2631548101423209,1.0495632675595068
0.7719601360149682,12:07:10.467081,12:06:06.520880,0,,0.08458743,0.014056757,0.025625184,-0.24891478,0.75295734,-0.609177,0.15495613,0.651832,0.7423636,0.9560491,0.09038967,-0.2789259,,0.056725264,0.01830805,0.03119278,-0.40935346,-0.39593118,0.8219903,-0.42740613,0.8791811,0.21062905,-0.8060731,-0.2651019,-0.5291194,,0.07722114,1.3264987,0.4522185,0.9978115,0.046577204,-0.046933983,0.0054163733,-0.76498824,-0.64402145,-0.06590066,0.6423578,-0.7635663,,-0.05228741,0.24932708,-0.088561155,0.16307962,-0.75821114,0.63128513,0.7281831,0.52422625,0.4415158,-0.6656984,0.38768893,0.63760716,,-0.018725215,0.44528967,-0.31405857,0.52528656,0.41801548,-0.74117273,-0.8168592,0.49170333,-0.3016106,0.23835921,0.76386577,0.599745,,1.1815704070234758,0.2375435404782717,0.18994407741000002,2.0237176445691443,-0.7266329057526123,-0.18203908089538268,-0.41375051951812925,,-1.3664449092995363,0.2148927649581712,0.19798626057000002,1.243671054806714,0.3021033009813888,-0.5467593913097756,0.8755241944797367,,-0.03301944778616772,-0.08312785061092492,0.08364271396,-0.06607131087440103,,0.00010526553,-4.172325e-07,-2.6226044e-06,1.0,-6.838888e-05,-5.7540834e-05,6.839633e-05,1.0,-5.930662e-06,5.753711e-05,5.90086e-06,0.99999994,258,0.784,0,0,0.0,False,-0.26196325577190027,1.0495632675595068
0.8054065960459411,12:07:10.496331,12:06:06.689300,0,,0.0847057,0.014337614,0.025694236,-0.24906793,0.7525015,-0.6096775,0.15646845,0.6525116,0.74144876,0.9557629,0.08927593,-0.28026235,,0.056730114,0.018306263,0.031195521,-0.40948996,-0.39592862,0.82192355,-0.42727435,0.8792365,0.21066476,-0.8060736,-0.26492167,-0.5292088,,0.07722114,1.3264987,0.4522185,0.9978115,0.046577204,-0.046933983,0.0054163733,-0.76498824,-0.64402145,-0.06590066,0.6423578,-0.7635663,,-0.05241143,0.24958308,-0.08843184,0.16325708,-0.7576585,0.6319025,0.7291971,0.52409226,0.43999875,-0.664544,0.3889486,0.6380441,,-0.018730378,0.4452897,-0.3140613,0.52542,0.41798663,-0.74109447,-0.81675017,0.49186677,-0.30163923,0.23843858,0.7637763,0.5998273,,1.18192565273569,0.2391884825804815,0.19000629933000002,2.0256048540605054,-0.7241734487568343,-0.18543314174430786,-0.41260711105518943,,-1.366468077498159,0.21487731949242275,0.19798496428,1.2438807447501985,0.3021033009813888,-0.5465960338294945,0.8755241944797367,,-0.03301944778616772,-0.08312785061092492,0.08364271396,-0.06607131087440103,,0.00010526553,-4.172325e-07,-2.6226044e-06,1.0,-6.838888e-05,-5.7540834e-05,6.839633e-05,1.0,-5.930662e-06,5.753711e-05,5.90086e-06,0.99999994,266,0.808,0,0,0.0,False,-0.2626781883941529,1.0496115477602863
0.8346683679847047,12:07:10.525375,12:06:06.689300,0,,0.084903985,0.014838472,0.025832146,-0.24727517,0.7548312,-0.60752356,0.1574677,0.64996517,0.74347097,0.95606434,0.0881767,-0.27958167,,0.056735285,0.018310405,0.031200409,-0.40899834,-0.39654765,0.8218699,-0.4276411,0.87891567,0.211259,-0.80612874,-0.26506072,-0.5290552,,0.07722114,1.3264987,0.4522185,0.9978115,0.046577204,-0.046933983,0.0054163733,-0.76498824,-0.64402145,-0.06590066,0.6423578,-0.7635663,,-0.05262132,0.25004947,-0.08821359,0.16144435,-0.75988066,0.629696,0.7300663,0.52128893,0.4418835,-0.66403234,0.38838026,0.6389224,,-0.01873625,0.4452955,-0.31406143,0.52494603,0.4186233,-0.741071,-0.8171046,0.49160776,-0.3011012,0.23826826,0.7635944,0.60012656,,1.182582085029999,0.24203044827819614,0.19012426172000002,2.030218032817165,-0.7223971742598836,-0.1872899681930641,-0.4127704551213237,,-1.3665144138954044,0.21487731949242275,0.19798496428,1.2432516749197449,0.3021033009813888,-0.5462693188689323,0.8748708182151996,,-0.03301944778616772,-0.08312785061092492,0.08364271396,-0.06607131087440103,,0.00010526553,-4.172325e-07,-2.6226044e-06,1.0,-6.838888e-05,-5.7540834e-05,6.839633e-05,1.0,-5.930662e-06,5.753711e-05,5.90086e-06,0.99999994,285,0.867,0,0,0.0,False,-0.262797343831195,1.0499495091657423
0.8637253950582817,12:07:10.577503,12:06:06.689300,0,,0.08528501,0.015779078,0.026096731,-0.24335797,0.76040494,-0.6021306,0.15925178,0.6436938,0.74853003,0.95677364,0.08627048,-0.2777438,,0.056737885,0.018319942,0.03120792,-0.4050415,-0.40008408,0.8221155,-0.4307397,0.8766389,0.21440026,-0.8064767,-0.2672768,-0.5274073,,0.07722114,1.3264987,0.4522185,0.9978115,0.046577204,-0.046933983,0.0054163733,-0.76498824,-0.64402145,-0.06590066,0.6423578,-0.7635663,,-0.053024597,0.2509283,-0.0878075,0.15747912,-0.7652614,0.6241597,0.7316847,0.5148908,0.44668218,-0.6632027,0.38634497,0.64101464,,-0.01874001,0.44530722,-0.31405988,0.5211198,0.42246822,-0.74158937,-0.8199966,0.4888321,-0.29773945,0.23672724,0.7632587,0.60116255,,1.1837868313583781,0.24737457942715949,0.19034592731000002,2.039444390330484,-0.7193911712650439,-0.18925108963354204,-0.4132604873197264,,-1.3665839184912723,0.21484642856092587,0.19798496428,1.2380094263326318,0.3022399374811543,-0.545563949371223,0.8755241944797367,,-0.03301944778616772,-0.08312785061092492,0.08364271396,-0.06607131087440103,,0.00010526553,-4.172325e-07,-2.6226044e-06,1.0,-6.838888e-05,-5.7540834e-05,6.839633e-05,1.0,-5.930662e-06,5.753711e-05,5.90086e-06,0.99999994,293,0.891,0,0,0.0,False,-0.2629164992682367,1.05014262996886
