Task Time,PC1 Time,PC2 Time,Gaze Calib,s_T_psm1,Tx,Ty,Tz,R00,R01,R02,R10,R11,R12,R20,R21,R22,s_T_psm3,Tx,Ty,Tz,R00,R01,R02,R10,R11,R12,R20,R21,R22,cart_T_ecm,Tx,Ty,Tz,R00,R01,R02,R10,R11,R12,R20,R21,R22,ecm_T_psm1,Tx,Ty,Tz,R00,R01,R02,R10,R11,R12,R20,R21,R22,ecm_T_psm3,Tx,Ty,Tz,R00,R01,R02,R10,R11,R12,R20,R21,R22,psm1_joints,q1,q2,q3,q4,q5,q6,jaw,psm3_joints,q1,q2,q3,q4,q5,q6,jaw,ecm_joints,q1,q2,q3,q4,ecmi_T_ecm,Tx,Ty,Tz,R00,R01,R02,R10,R11,R12,R20,R21,R22,Sample #,Task Duration (s),Collisions (binary),Collisions (increments),Cumulative Collision Time (s),Clutch Press,MTMR Angle,MTML Angle
""
lci_T_si,,,,,-0.05843888,0.035118133,0.23779936,0.9970082,0.016813569,0.075444825,0.061249502,-0.76723903,-0.6384299,0.047149926,0.6411408,-0.76597345
rci_T_si,,,,,-0.06818321,0.03876071,0.24761088,0.996384,0.0016606578,0.08494798,0.05701089,-0.7543842,-0.6539527,0.06299742,0.656431,-0.75175107
ecm_T_lc,,,,,-4.4061628e-05,-0.00034663224,-0.01840835,-0.99912,0.030754527,0.028518902,-0.031987965,-0.99852574,-0.043852776,0.027128186,-0.04472645,0.9986309
ecm_T_rc,,,,,-0.0043358393,0.01870579,-0.007592615,-0.99555075,-0.052743673,-0.078081585,0.04863213,-0.9973746,0.053654674,-0.08070653,0.04961868,0.9955021
cart_T_ecmi,,,,,0.077176295,1.3265349,0.45219132,0.99781317,0.046582375,-0.046892695,0.0054881787,-0.76538974,-0.64354366,-0.06586898,0.64187896,-0.7639716
ecmac_T_ecmrep_psm1,,,,,0.011581071,-0.24422047,-0.31388107,0.99918455,0.03945311,0.008580942,-0.0387743,0.99689597,-0.06852016,-0.011257639,0.068131566,0.99761283
ecmac_T_ecmrep_psm3,,,,,0.00032986852,-0.4435548,-0.5434704,0.9997429,-0.0075566242,-0.021376874,0.008153117,0.9995759,0.027955532,0.021156559,-0.028122634,0.9993806
""
0,11:56:50.522393,11:55:46.628179,0,,0.08045269,0.016022146,0.033160463,-0.6198972,0.33875525,-0.707794,0.23618072,0.94073343,0.24339095,0.7482954,-0.016290039,-0.6631655,,0.060410984,0.0057148933,0.045256913,-0.49693605,0.28524357,0.8195674,-0.10780603,0.91682506,-0.38446036,-0.8610647,-0.27940652,-0.42485243,,0.07720026,1.326541,0.45218536,0.99781346,0.04654347,-0.046925407,0.0054374617,-0.7653921,-0.6435413,-0.06586898,0.64187896,-0.7639716,,-0.0486552,0.25603956,-0.093665905,0.5542628,-0.33628735,0.76138264,0.6816164,0.708373,-0.1833214,-0.47769424,0.6205791,0.6218438,,-0.02398256,0.44574782,-0.33259216,0.6124243,-0.25580376,-0.7479979,-0.61720765,0.4365004,-0.65461606,0.49395463,0.8625728,0.10943944,,1.240989113757759,0.2616693579773491,0.18427669753,1.6781486177066482,-0.32943060093447696,-0.527902508038691,-0.4090135416002353,,-1.3925168554829181,0.17299693911550323,0.18291300045000003,1.576448995116654,0.4608749137088306,-0.9991847339208004,0.8758508826120053,,-0.03301944778616772,-0.08405069345291694,0.08364271396,-0.06607131087440103,,2.4329871e-05,-7.390976e-06,-4.7683716e-07,1.0,-3.8832426e-05,-3.2626092e-05,3.88287e-05,1.0,-3.33786e-06,3.2626092e-05,3.3974648e-06,1.0,37,0.111,0,0,0.0,False,-0.26095043455704303,1.0503840309727575
0.12368848698679358,11:56:50.551713,11:55:46.692975,0,,0.080691606,0.01583907,0.034052357,-0.59201854,0.34130207,-0.7300869,0.23419401,0.9396635,0.24937013,0.77114654,-0.023350358,-0.6362292,,0.06041733,0.0057294965,0.045235097,-0.4970409,0.28514546,0.819538,-0.10787794,0.91683173,-0.3844241,-0.8609952,-0.27948454,-0.42494187,,0.07720026,1.326541,0.45218536,0.99781346,0.04654347,-0.046925407,0.0054374617,-0.7653921,-0.6435413,-0.06586898,0.64187896,-0.7639716,,-0.048968773,0.25643668,-0.094459675,0.5245493,-0.33822688,0.78131336,0.69275856,0.7030231,-0.16076104,-0.49490762,0.62558866,0.60307986,,-0.02398603,0.44574267,-0.33256593,0.61251944,-0.2556959,-0.74795693,-0.6172005,0.43646193,-0.6546484,0.49384564,0.8626242,0.10952579,,1.2407188181071613,0.26295905436734457,0.18349633095,1.704359860642214,-0.3563479913882687,-0.5404216093498131,-0.4109736703938466,,-1.392509132750044,0.17302010731412593,0.18293892625000002,1.576448995116654,0.46073827720906524,-0.9991549947572446,0.8760142266781397,,-0.03301944778616772,-0.08405069345291694,0.08364271396,-0.06607131087440103,,2.4329871e-05,-7.390976e-06,-4.7683716e-07,1.0,-3.8832426e-05,-3.2626092e-05,3.88287e-05,1.0,-3.33786e-06,3.2626092e-05,3.3974648e-06,1.0,44,0.133,0,0,0.0,False,-0.2604738128088746,1.0507219923782136
0.15298158302903175,11:56:50.581341,11:55:46.692975,0,,0.08098811,0.015658647,0.034876868,-0.56539106,0.34844252,-0.74761003,0.23532242,0.93686026,0.2586813,0.79054165,-0.029673368,-0.6116888,,0.060425803,0.00573352,0.045223832,-0.4971318,0.28528422,0.8194345,-0.107726276,0.91680205,-0.38453752,-0.8609617,-0.27944046,-0.42503875,,0.07720026,1.326541,0.45218536,0.99781346,0.04654347,-0.046925407,0.0054374617,-0.7653921,-0.6435413,-0.06586898,0.64187896,-0.7639716,,-0.04933402,0.25679106,-0.09519538,0.49637473,-0.3448058,0.79669386,0.70426214,0.6965309,-0.13733011,-0.5075696,0.6292485,0.588574,,-0.023992907,0.44573689,-0.33255428,0.6126029,-0.25583905,-0.7478396,-0.61705893,0.43645626,-0.65478563,0.49391901,0.86258465,0.10950661,,1.240263176867582,0.26427191895596275,0.18274837162000002,1.7314098633517174,-0.37848310435027005,-0.5493258931973783,-0.41130035852611524,,-1.3925168554829181,0.17300466184837746,0.18295318544000003,1.5766586850601387,0.46073827720906524,-0.9991549947572446,0.8760142266781397,,-0.03301944778616772,-0.08405069345291694,0.08364271396,-0.06607131087440103,,2.4329871e-05,-7.390976e-06,-4.7683716e-07,1.0,-3.8832426e-05,-3.2626092e-05,3.88287e-05,1.0,-3.33786e-06,3.2626092e-05,3.3974648e-06,1.0,56,0.169,0,0,0.0,False,-0.26053339052739544,1.05014262996886
0.1826718560187146,11:56:50.616668,11:55:46.692975,0,,0.081262454,0.015487313,0.03561546,-0.5412686,0.35444644,-0.7624933,0.23280627,0.93453443,0.26915866,0.8079786,-0.031826198,-0.58835155,,0.06042823,0.005736962,0.0452165,-0.49722517,0.2851358,0.8194296,-0.107803196,0.9168325,-0.38444328,-0.86089814,-0.27949205,-0.4251335,,0.07720026,1.326541,0.45218536,0.99781346,0.04654347,-0.046925407,0.0054374617,-0.7653921,-0.6435413,-0.06586898,0.64187896,-0.7639716,,-0.04966991,0.25710046,-0.095859915,0.47086248,-0.35060552,0.80954576,0.711831,0.6930583,-0.113871805,-0.5211383,0.6298777,0.57590705,,-0.023994345,0.44573408,-0.33254647,0.6126876,-0.25568533,-0.7478228,-0.61706066,0.43645832,-0.6547826,0.4938118,0.86262923,0.10963923,,1.2396839719020152,0.26541488342134795,0.18208337485,1.7538466873045617,-0.40089149031180227,-0.5550669065924906,-0.4132604873197263,,-1.3925168554829181,0.17300466184837746,0.18296096318000002,1.5766586850601387,0.46060164070929976,-0.9990435768535482,0.8760142266781397,,-0.03301944778616772,-0.08405069345291694,0.08364271396,-0.06607131087440103,,2.4329871e-05,-7.390976e-06,-4.7683716e-07,1.0,-3.8832426e-05,-3.2626092e-05,3.88287e-05,1.0,-3.33786e-06,3.2626092e-05,3.3974648e-06,1.0,64,0.193,0,0,0.0,False,-0.26095043455704303,1.0503840309727575
0.21800721599720418,11:56:50.641830,11:55:46.692975,0,,0.081475936,0.01533927,0.036392346,-0.51338476,0.35608676,-0.7807934,0.21949059,0.9340693,0.28167057,0.8296143,-0.026771545,-0.5576947,,0.060430948,0.0057374686,0.04521495,-0.4972175,0.28514293,0.8194318,-0.10780266,0.9168305,-0.38444823,-0.8609026,-0.27949134,-0.42512485,,0.07720026,1.326541,0.45218536,0.99781346,0.04654347,-0.046925407,0.0054374617,-0.7653921,-0.6435413,-0.06586898,0.64187896,-0.7639716,,-0.0499484,0.25745502,-0.09654385,0.44124827,-0.35266796,0.82518196,0.71335137,0.69574183,-0.08410169,-0.5444537,0.6257544,0.55857104,,-0.023996834,0.4457331,-0.33254474,0.61268055,-0.25569245,-0.7478261,-0.6170642,0.43645665,-0.6547804,0.49381608,0.8626279,0.10962985,,1.2390043714090835,0.26645745235936824,0.18146245194000002,1.7733478520486223,-0.43491397875339693,-0.5596686296677443,-0.4119537347906521,,-1.3925245782157925,0.17299693911550323,0.18296355576,1.5766586850601387,0.46060164070929976,-0.9990435768535482,0.8760142266781397,,-0.03301944778616772,-0.08405069345291694,0.08364271396,-0.06607131087440103,,2.4329871e-05,-7.390976e-06,-4.7683716e-07,1.0,-3.8832426e-05,-3.2626092e-05,3.88287e-05,1.0,-3.33786e-06,3.2626092e-05,3.3974648e-06,1.0,75,0.227,0,0,0.0,False,-0.2599376133421849,1.0504805913743163
0.24314360006246716,11:56:50.665976,11:55:46.817464,0,,0.08159258,0.015256271,0.03692399,-0.49485502,0.35091335,-0.7949707,0.205271,0.9361511,0.28545523,0.84438276,-0.021925598,-0.5352915,,0.06042978,0.0057394505,0.04521054,-0.49723095,0.28513345,0.8194269,-0.107806504,0.9168316,-0.38444448,-0.8608943,-0.27949724,-0.42513776,,0.07720026,1.326541,0.45218536,0.99781346,0.04654347,-0.046925407,0.0054374617,-0.7653921,-0.6435413,-0.06586898,0.64187896,-0.7639716,,-0.05010964,0.25771356,-0.097002454,0.4215363,-0.34792385,0.8374104,0.7104,0.70064956,-0.06649866,-0.56359476,0.6229279,0.5425143,,-0.023995092,0.4457316,-0.33254036,0.61269283,-0.25568226,-0.74781954,-0.6170598,0.43645436,-0.65478605,0.49380627,0.8626321,0.1096412,,1.2385641756352526,0.26717566651667113,0.18107356494000001,1.7829935894489106,-0.46155809620765786,-0.5665296974961389,-0.4103202941293095,,-1.392509132750044,0.17300466184837746,0.18296744463000003,1.5766586850601387,0.46060164070929976,-0.9990435768535482,0.8760142266781397,,-0.03301944778616772,-0.08405069345291694,0.08364271396,-0.06607131087440103,,2.4329871e-05,-7.390976e-06,-4.7683716e-07,1.0,-3.8832426e-05,-3.2626092e-05,3.88287e-05,1.0,-3.33786e-06,3.2626092e-05,3.3974648e-06,1.0,83,0.251,0,0,0.0,False,-0.2602950796533112,1.0505288715750958
0.2672921040793881,11:56:50.688748,11:55:46.817464,0,,0.081724584,0.015195817,0.037442237,-0.47582334,0.34680384,-0.80828166,0.1928007,0.9377573,0.28885815,0.8581492,-0.018391907,-0.5130709,,0.06042978,0.0057394505,0.04521054,-0.49723095,0.28513345,0.8194269,-0.107806504,0.9168316,-0.38444448,-0.8608943,-0.27949724,-0.42513776,,0.07720026,1.326541,0.45218536,0.99781346,0.04654347,-0.046925407,0.0054374617,-0.7653921,-0.6435413,-0.06586898,0.64187896,-0.7639716,,-0.05028505,0.2579806,-0.09743554,0.4014088,-0.34412858,0.8487912,0.7081699,0.704315,-0.049353365,-0.5808325,0.62089926,0.52641976,,-0.023995092,0.4457316,-0.33254036,0.61269283,-0.25568226,-0.74781954,-0.6170598,0.43645436,-0.65478605,0.49380627,0.8626321,0.1096412,,1.2381703162586672,0.2679711080027163,0.18070412229000002,1.794316846397075,-0.48656257566473343,-0.5743193864681877,-0.4114637025922494,,-1.392509132750044,0.17300466184837746,0.18296744463000003,1.5766586850601387,0.46060164070929976,-0.9990435768535482,0.8760142266781397,,-0.03301944778616772,-0.08405069345291694,0.08364271396,-0.06607131087440103,,2.4329871e-05,-7.390976e-06,-4.7683716e-07,1.0,-3.8832426e-05,-3.2626092e-05,3.88287e-05,1.0,-3.33786e-06,3.2626092e-05,3.3974648e-06,1.0,87,0.264,0,0,0.0,False,-0.2599971910607066,1.0505288715750958
0.2900690040551126,11:56:50.710994,11:55:46.817464,0,,0.0819901,0.015111357,0.03810613,-0.45695543,0.34619012,-0.8193559,0.18240297,0.93804705,0.29461262,0.8705864,-0.014828205,-0.4917919,,0.060432248,0.0057409555,0.045211136,-0.4972193,0.2850043,0.81947887,-0.10779989,0.91689616,-0.38429245,-0.86090195,-0.2794174,-0.42517498,,0.07720026,1.326541,0.45218536,0.99781346,0.04654347,-0.046925407,0.0054374617,-0.7653921,-0.6435413,-0.06586898,0.64187896,-0.7639716,,-0.050605834,0.25831217,-0.09798832,0.38155678,-0.34381893,0.8580227,0.70674676,0.70678407,-0.031069426,-0.5957545,0.6182595,0.5126712,,-0.023997629,0.4457328,-0.33253947,0.6126823,-0.2555662,-0.7478679,-0.6170615,0.43656924,-0.6547079,0.49381733,0.8626084,0.109778166,,1.2376451704232199,0.26939209085157356,0.18017264339000003,1.8073176228931154,-0.5092442346257966,-0.5805726727171723,-0.41244376698905505,,-1.3925245782157925,0.17300466184837746,0.18296874092,1.5766586850601387,0.46060164070929976,-0.9988802193732671,0.8760142266781396,,-0.03301944778616772,-0.08405069345291694,0.08364271396,-0.06607131087440103,,2.4329871e-05,-7.390976e-06,-4.7683716e-07,1.0,-3.8832426e-05,-3.2626092e-05,3.88287e-05,1.0,-3.33786e-06,3.2626092e-05,3.3974648e-06,1.0,98,0.296,0,0,0.0,False,-0.26059296824591627,1.050335750771978
0.3122952460544184,11:56:50.736157,11:55:46.817464,0,,0.08219437,0.0151011795,0.03849803,-0.4464038,0.35675216,-0.820641,0.18082938,0.9341339,0.30772454,0.8763699,-0.01102671,-0.48151225,,0.060432248,0.0057409555,0.045211136,-0.4972193,0.2850043,0.81947887,-0.10779989,0.91689616,-0.38429245,-0.86090195,-0.2794174,-0.42517498,,0.07720026,1.326541,0.45218536,0.99781346,0.04654347,-0.046925407,0.0054374617,-0.7653921,-0.6435413,-0.06586898,0.64187896,-0.7639716,,-0.050842553,0.25853643,-0.098286785,0.37055343,-0.35466444,0.8584307,0.70854396,0.70552045,-0.01436387,-0.60054606,0.6135585,0.5127284,,-0.023997629,0.4457328,-0.33253947,0.6126823,-0.2555662,-0.7478679,-0.6170615,0.43656924,-0.6547079,0.49381733,0.8626084,0.109778166,,1.2374366566356159,0.2705350553169588,0.17985375605,1.8175924301238569,-0.5179889706107847,-0.5749121442031314,-0.40999360599704093,,-1.3925245782157925,0.17300466184837746,0.18296874092,1.5766586850601387,0.46060164070929976,-0.9988802193732669,0.8756875385458711,,-0.03301944778616772,-0.08405069345291694,0.08364271396,-0.06607131087440103,,2.4329871e-05,-7.390976e-06,-4.7683716e-07,1.0,-3.8832426e-05,-3.2626092e-05,3.88287e-05,1.0,-3.33786e-06,3.2626092e-05,3.3974648e-06,1.0,106,0.321,0,0,0.0,False,-0.2617249448978165,1.0503840309727575
0.3374813690315932,11:56:50.761683,11:55:46.817464,0,,0.08248147,0.015158817,0.039083466,-0.4367759,0.36516994,-0.82211787,0.17495117,0.930933,0.32055533,0.8823938,-0.0038197637,-0.47049606,,0.06043326,0.0057421327,0.04520899,-0.4972193,0.2850043,0.81947887,-0.10779989,0.91689616,-0.38429245,-0.86090195,-0.2794174,-0.42517498,,0.07720026,1.326541,0.45218536,0.99781346,0.04654347,-0.046925407,0.0054374617,-0.7653921,-0.6435413,-0.06586898,0.64187896,-0.7639716,,-0.051178217,0.2589294,-0.09868852,0.36045077,-0.36366194,0.85896754,0.7071696,0.70703924,0.0025884907,-0.6082651,0.6065027,0.5120235,,-0.023998363,0.44573212,-0.33253706,0.6126823,-0.2555662,-0.7478679,-0.6170615,0.43656924,-0.6547079,0.49381733,0.8626084,0.109778166,,1.2374134884369932,0.2727205887203643,0.17941820261000002,1.824721888202331,-0.5291931635915509,-0.5689613469655068,-0.4108103263277123,,-1.3925245782157925,0.17300466184837746,0.18297133350000003,1.5766586850601387,0.46060164070929976,-0.9988802193732669,0.8756875385458711,,-0.03301944778616772,-0.08405069345291694,0.08364271396,-0.06607131087440103,,2.4329871e-05,-7.390976e-06,-4.7683716e-07,1.0,-3.8832426e-05,-3.2626092e-05,3.88287e-05,1.0,-3.33786e-06,3.2626092e-05,3.3974648e-06,1.0,114,0.346,0,0,0.0,False,-0.2608312791200009,1.0504805913743163
0.3629837960470468,11:56:50.787615,11:55:46.817464,0,,0.08269282,0.015272588,0.039540246,-0.4265899,0.36724806,-0.8265288,0.1687254,0.9301229,0.3261946,0.88856775,-0.00030520558,-0.4587452,,0.06043326,0.0057421327,0.04520899,-0.4972193,0.2850043,0.81947887,-0.10779989,0.91689616,-0.38429245,-0.86090195,-0.2794174,-0.42517498,,0.07720026,1.326541,0.45218536,0.99781346,0.04654347,-0.046925407,0.0054374617,-0.7653921,-0.6435413,-0.06586898,0.64187896,-0.7639716,,-0.0514275,0.25929052,-0.098960005,0.34977934,-0.36603013,0.86236674,0.7055868,0.7084747,0.014522133,-0.61628056,0.603395,0.50607586,,-0.023998363,0.44573212,-0.33253706,0.6126823,-0.2555662,-0.7478679,-0.6170615,0.43656924,-0.6547079,0.49381733,0.8626084,0.109778166,,1.2374907157657353,0.2745972128088009,0.17913690768,1.832061036224289,-0.5409439025713787,-0.570651073387012,-0.41179039072451806,,-1.3925245782157925,0.17300466184837746,0.18297133350000003,1.5766586850601387,0.46060164070929976,-0.9988802193732669,0.8756875385458711,,-0.03301944778616772,-0.08405069345291694,0.08364271396,-0.06607131087440103,,2.4329871e-05,-7.390976e-06,-4.7683716e-07,1.0,-3.8832426e-05,-3.2626092e-05,3.88287e-05,1.0,-3.33786e-06,3.2626092e-05,3.3974648e-06,1.0,122,0.37,0,0,0.0,False,-0.2607121236829584,1.0504805913743163
0.3889230480417609,11:56:50.812762,11:55:46.817464,0,,0.08305246,0.015575886,0.040255204,-0.41422695,0.36442742,-0.8340315,0.15744796,0.9312191,0.32869565,0.89645183,0.00483793,-0.44311452,,0.060432106,0.005741939,0.045208275,-0.49702233,0.2846859,0.819709,-0.108113825,0.9169735,-0.38401967,-0.86097634,-0.2794882,-0.42497772,,0.07720026,1.326541,0.45218536,0.99781346,0.04654347,-0.046925407,0.0054374617,-0.7653921,-0.6435413,-0.06586898,0.64187896,-0.7639716,,-0.05184644,0.25995228,-0.09930508,0.33679464,-0.36365533,0.86851835,0.70099515,0.7126709,0.02656844,-0.62862957,0.5998791,0.4949444,,-0.023997115,0.4457316,-0.3325368,0.6125015,-0.25524214,-0.74812657,-0.6173589,0.4366096,-0.6544005,0.4936698,0.8626839,0.10984804,,1.2378150705464528,0.27829640185555443,0.17876098358,1.8394001842462477,-0.5576135555427625,-0.5778861678718921,-0.4109736703938466,,-1.3925168554829181,0.17299693911550323,0.18297133350000003,1.5762393051731696,0.46060164070929976,-0.9987985406331263,0.8758508826120054,,-0.03301944778616772,-0.08405069345291694,0.08364271396,-0.06607131087440103,,2.4329871e-05,-7.390976e-06,-4.7683716e-07,1.0,-3.8832426e-05,-3.2626092e-05,3.88287e-05,1.0,-3.33786e-06,3.2626092e-05,3.3974648e-06,1.0,130,0.395,0,0,0.0,False,-0.26136747858668974,1.0504805913743163
0.41410415002610534,11:56:50.833385,11:55:46.997527,0,,0.08333418,0.01583992,0.04065132,-0.40764856,0.37045777,-0.8346158,0.15694025,0.9288309,0.33562285,0.89955115,0.0058312416,-0.4367764,,0.06043312,0.005743146,0.04520625,-0.49702233,0.2846859,0.819709,-0.108113825,0.9169735,-0.38401967,-0.86097634,-0.2794882,-0.42497772,,0.07720026,1.326541,0.45218536,0.99781346,0.04654347,-0.046925407,0.0054374617,-0.7653921,-0.6435413,-0.06586898,0.64187896,-0.7639716,,-0.05216074,0.2603897,-0.099431045,0.32997745,-0.36974782,0.8685628,0.7021721,0.71109897,0.035951726,-0.63092726,0.59801733,0.49427325,,-0.023997849,0.44573092,-0.3325344,0.6125015,-0.25524214,-0.74812657,-0.6173589,0.4366096,-0.6544005,0.4936698,0.8626839,0.10984804,,1.2380930889299249,0.2809916356286588,0.17856913266000002,1.8473684020986596,-0.5614393775361948,-0.5780336161740147,-0.41195373479065234,,-1.3925168554829181,0.17299693911550323,0.18297392608000002,1.5762393051731696,0.46060164070929976,-0.9987985406331263,0.8758508826120054,,-0.03301944778616772,-0.08405069345291694,0.08364271396,-0.06607131087440103,,2.4329871e-05,-7.390976e-06,-4.7683716e-07,1.0,-3.8832426e-05,-3.2626092e-05,3.88287e-05,1.0,-3.33786e-06,3.2626092e-05,3.3974648e-06,1.0,138,0.418,0,0,0.0,False,-0.2617249448978165,1.0511565141852286
0.43472478399053216,11:56:50.857251,11:55:46.997527,0,,0.083667874,0.016156286,0.041039318,-0.4059199,0.37361905,-0.83404905,0.15816876,0.9275659,0.33853218,0.9001175,0.005496323,-0.43561235,,0.06043312,0.005743146,0.04520625,-0.49702233,0.2846859,0.819709,-0.108113825,0.9169735,-0.38401967,-0.86097634,-0.2794882,-0.42497772,,0.07720026,1.326541,0.45218536,0.99781346,0.04654347,-0.046925407,0.0054374617,-0.7653921,-0.6435413,-0.06586898,0.64187896,-0.7639716,,-0.05252613,0.2608603,-0.09951469,0.32820687,-0.37286922,0.86789906,0.70339364,0.70973414,0.0389209,-0.63049,0.5977006,0.49521345,,-0.023997849,0.44573092,-0.3325344,0.6125015,-0.25524214,-0.74812657,-0.6173589,0.4366096,-0.6544005,0.4936698,0.8626839,0.10984804,,1.2384097209777682,0.28422746070295885,0.1783824669,1.8517718909118346,-0.5603462855380713,-0.580068461765554,-0.41260711105518943,,-1.3925168554829181,0.17299693911550323,0.18297392608000002,1.5762393051731696,0.46060164070929976,-0.9987985406331263,0.8758508826120054,,-0.03301944778616772,-0.08405069345291694,0.08364271396,-0.06607131087440103,,2.4329871e-05,-7.390976e-06,-4.7683716e-07,1.0,-3.8832426e-05,-3.2626092e-05,3.88287e-05,1.0,-3.33786e-06,3.2626092e-05,3.3974648e-06,1.0,149,0.452,0,0,0.0,False,-0.26005676877922745,1.0508668329805522
0.4585909410379827,11:56:50.894444,11:55:46.997527,0,,0.0842617,0.016885817,0.041776985,-0.4012711,0.38213497,-0.8324388,0.15178478,0.92399275,0.35099646,0.90329546,0.014493048,-0.428774,,0.060434207,0.005742386,0.045205653,-0.49710798,0.28454456,0.81970614,-0.10819018,0.9170018,-0.3839304,-0.8609172,-0.27953905,-0.42506385,,0.07720026,1.326541,0.45218536,0.99781346,0.04654347,-0.046925407,0.0054374617,-0.7653921,-0.6435413,-0.06586898,0.64187896,-0.7639716,,-0.053180408,0.2618574,-0.09959671,0.32330653,-0.382116,0.8657137,0.70012164,0.71206623,0.05283271,-0.63663375,0.58902377,0.49774337,,-0.023998844,0.44572988,-0.33253443,0.61257917,-0.2550955,-0.748113,-0.61736417,0.4366099,-0.65439534,0.49356687,0.8627271,0.109971285,,1.2391047669364483,0.2908072291117981,0.17815691244,1.8561753797250096,-0.5663582915277506,-0.5754927889634738,-0.4116270466583837,,-1.3925245782157925,0.172989216382629,0.18297392608000002,1.5762393051731696,0.4604650042095343,-0.9986871227294298,0.8758508826120054,,-0.03301944778616772,-0.08405069345291694,0.08364271396,-0.06607131087440103,,2.4329871e-05,-7.390976e-06,-4.7683716e-07,1.0,-3.8832426e-05,-3.2626092e-05,3.88287e-05,1.0,-3.33786e-06,3.2626092e-05,3.3974648e-06,1.0,157,0.477,0,0,0.0,False,-0.26011634649774784,1.0503840309727575
0.49576355901081115,11:56:50.919202,11:55:46.997527,0,,0.084545314,0.017277047,0.04210174,-0.39945745,0.38596192,-0.83154505,0.14789265,0.92230546,0.35704374,0.9047438,0.01964429,-0.42550278,,0.060434796,0.0057409704,0.04520613,-0.49719352,0.28440326,0.8197032,-0.10826662,0.9170302,-0.38384113,-0.8608582,-0.27958983,-0.42515004,,0.07720026,1.326541,0.45218536,0.99781346,0.04654347,-0.046925407,0.0054374617,-0.7653921,-0.6435413,-0.06586898,0.64187896,-0.7639716,,-0.053490557,0.26235002,-0.09958775,0.32137725,-0.38636523,0.8645453,0.69787735,0.71373755,0.05954748,-0.64006555,0.5842094,0.49901456,,-0.023999473,0.44572914,-0.33253568,0.6126568,-0.2549489,-0.7480994,-0.6173695,0.4366102,-0.65439016,0.4934639,0.8627703,0.11009454,,1.2394291217171658,0.29408939058334355,0.17810117197000003,1.8574335193859168,-0.5696375675221212,-0.5728187592747596,-0.4116270466583837,,-1.3925323009486668,0.1729814936497548,0.18297262979,1.5762393051731696,0.46032836770976887,-0.9985757048257335,0.8758508826120054,,-0.03301944778616772,-0.08405069345291694,0.08364271396,-0.06607131087440103,,2.4329871e-05,-7.390976e-06,-4.7683716e-07,1.0,-3.8832426e-05,-3.2626092e-05,3.88287e-05,1.0,-3.33786e-06,3.2626092e-05,3.3974648e-06,1.0,165,0.501,0,0,0.0,False,-0.26106958999408425,1.0508668329805522
0.520538778975606,11:56:50.944950,11:55:46.997527,0,,0.084974445,0.017878264,0.042557582,-0.39584935,0.39267147,-0.83012795,0.14246729,0.91928303,0.366908,0.9071969,0.026974142,-0.4198405,,0.060436964,0.0057396293,0.045206487,-0.49728644,0.28447038,0.81962365,-0.10811216,0.91703475,-0.38387364,-0.860824,-0.27950644,-0.42527413,,0.07720026,1.326541,0.45218536,0.99781346,0.04654347,-0.046925407,0.0054374617,-0.7653921,-0.6435413,-0.06586898,0.64187896,-0.7639716,,-0.053956836,0.26308063,-0.09954074,0.3175751,-0.393671,0.8626524,0.6949612,0.7155626,0.07070503,-0.64511627,0.57705575,0.5008309,,-0.024001645,0.44572818,-0.33253667,0.612742,-0.25502694,-0.748003,-0.61722517,0.4366638,-0.6544905,0.49353856,0.8627201,0.1101532,,1.2398384265594997,0.29897788049272767,0.17805450553000002,1.8605788685381845,-0.5748297545132081,-0.5686665576744362,-0.41179039072451806,,-1.3925400236815408,0.17297377091688057,0.18297262979,1.576448995116654,0.46032836770976887,-0.9984940260855929,0.8760142266781397,,-0.03301944778616772,-0.08405069345291694,0.08364271396,-0.06607131087440103,,2.4329871e-05,-7.390976e-06,-4.7683716e-07,1.0,-3.8832426e-05,-3.2626092e-05,3.88287e-05,1.0,-3.33786e-06,3.2626092e-05,3.3974648e-06,1.0,173,0.526,0,0,0.0,False,-0.2620824112089424,1.0507219923782136
0.5462294940371066,11:56:50.970406,11:55:46.997527,0,,0.08523847,0.018227845,0.042798474,-0.39464432,0.39583513,-0.82919866,0.14078087,0.91784,0.37114736,0.90798485,0.029735774,-0.4179464,,0.060437806,0.0057373047,0.045204878,-0.49737597,0.28426453,0.8196407,-0.10819465,0.9170908,-0.3837166,-0.8607619,-0.2795322,-0.4253829,,0.07720026,1.326541,0.45218536,0.99781346,0.04654347,-0.046925407,0.0054374617,-0.7653921,-0.6435413,-0.06586898,0.64187896,-0.7639716,,-0.054240365,0.2634897,-0.099493556,0.31630787,-0.39705703,0.8615655,0.6940661,0.7159783,0.07514886,-0.64670056,0.5742132,0.5020534,,-0.024002226,0.4457253,-0.33253706,0.61282325,-0.25482026,-0.74800694,-0.6172323,0.436708,-0.6544543,0.4934288,0.8627588,0.110341504,,1.240023772148481,0.30192796445068143,0.17803635747000002,1.8624660780295454,-0.5761961195108624,-0.5675523786374721,-0.41179039072451806,,-1.3925400236815408,0.17295832545113213,0.18297262979,1.576448995116654,0.4601917312100034,-0.998300929441756,0.8761775707442739,,-0.03301944778616772,-0.08405069345291694,0.08364271396,-0.06607131087440103,,2.4329871e-05,-7.390976e-06,-4.7683716e-07,1.0,-3.8832426e-05,-3.2626092e-05,3.88287e-05,1.0,-3.33786e-06,3.2626092e-05,3.3974648e-06,1.0,181,0.549,0,0,0.0,False,-0.26106958999408425,1.0503840309727575
0.571699841064401,11:56:50.994354,11:55:47.148527,0,,0.0856265,0.018739685,0.043148994,-0.39024395,0.40161353,-0.82850236,0.13676593,0.91515267,0.37919703,0.9104969,0.034668297,-0.41205996,,0.060441375,0.0057327747,0.045203328,-0.4973536,0.28408223,0.81971747,-0.10843611,0.917101,-0.3836239,-0.8607444,-0.2796837,-0.4253187,,0.07720026,1.326541,0.45218536,0.99781346,0.04654347,-0.046925407,0.0054374617,-0.7653921,-0.6435413,-0.06586898,0.64187896,-0.7639716,,-0.054656755,0.2640872,-0.09942274,0.3117111,-0.40323207,0.86037207,0.69224864,0.71662825,0.08506309,-0.6508671,0.5690763,0.5025179,,-0.024005491,0.44572064,-0.3325388,0.6128018,-0.25461894,-0.748093,-0.6173961,0.43663037,-0.65435153,0.49325043,0.8628575,0.11036712,,1.2401396131415945,0.30592834007952974,0.17802857973000003,1.8670792567862047,-0.5809783970026529,-0.5656130417714706,-0.4121170788567867,,-1.3925477464144151,0.172919711786761,0.18297262979,1.5762393051731696,0.460055094710238,-0.9982711902782002,0.8763409148104081,,-0.03301944778616772,-0.08405069345291694,0.08364271396,-0.06607131087440103,,2.4329871e-05,-7.390976e-06,-4.7683716e-07,1.0,-3.8832426e-05,-3.2626092e-05,3.88287e-05,1.0,-3.33786e-06,3.2626092e-05,3.3974648e-06,1.0,196,0.595,0,0,0.0,False,-0.26106958999408425,1.0505771517758753
0.5956596200121567,11:56:51.033657,11:55:47.148527,0,,0.085990205,0.019214123,0.04347478,-0.38533163,0.4046452,-0.8293261,0.13169414,0.9136426,0.38459557,0.91333234,0.03897935,-0.40534484,,0.06044514,0.00572598,0.045200646,-0.4974358,0.28389543,0.81973237,-0.10852978,0.9171456,-0.383491,-0.8606851,-0.27972752,-0.4254098,,0.07720026,1.326541,0.45218536,0.99781346,0.04654347,-0.046925407,0.0054374617,-0.7653921,-0.6435413,-0.06586898,0.64187896,-0.7639716,,-0.0550468,0.26464137,-0.099357486,0.30657703,-0.40661773,0.86062336,0.68977743,0.7179593,0.09349624,-0.6559097,0.5649748,0.50058556,,-0.024008758,0.4457135,-0.33254126,0.6128762,-0.25442848,-0.7480969,-0.617414,0.4366519,-0.6543203,0.49313563,0.8629028,0.11052583,,1.2401627813402172,0.30971247918789974,0.17803117231,1.87148274559938,-0.587263675991863,-0.5662053300112746,-0.4121170788567865,,-1.3925477464144151,0.17287337538951564,0.18297262979,1.5762393051731696,0.45991845821047256,-0.9980780936343631,0.8761775707442739,,-0.03301944778616772,-0.08405069345291694,0.08364271396,-0.06607131087440103,,2.4329871e-05,-7.390976e-06,-4.7683716e-07,1.0,-3.8832426e-05,-3.2626092e-05,3.88287e-05,1.0,-3.33786e-06,3.2626092e-05,3.3974648e-06,1.0,204,0.62,0,0,0.0,False,-0.2607717014014801,1.0509151131813312
0.6349891569698229,11:56:51.055862,11:55:47.148527,0,,0.08636673,0.01968868,0.04376112,-0.38341105,0.40725222,-0.82894,0.12889019,0.9123423,0.3886113,0.9145398,0.042155474,-0.40229303,,0.060451806,0.0057262033,0.04520589,-0.49719414,0.28360295,0.81998014,-0.10882604,0.91722274,-0.38322237,-0.8607874,-0.27977112,-0.42517427,,0.07720026,1.326541,0.45218536,0.99781346,0.04654347,-0.046925407,0.0054374617,-0.7653921,-0.6435413,-0.06586898,0.64187896,-0.7639716,,-0.055446297,0.26517048,-0.09926056,0.30456144,-0.4094842,0.8599796,0.68823,0.71877325,0.09851161,-0.6584693,0.561861,0.5007299,,-0.024016086,0.44571656,-0.33254424,0.6126548,-0.25413382,-0.74837834,-0.6177226,0.43670815,-0.65399146,0.49302426,0.8629612,0.11056714,,1.2401627813402172,0.3135429546935151,0.17804543150000002,1.8742087148646789,-0.5897231329876409,-0.5668135274292372,-0.4121170788567866,,-1.3925940828116605,0.17285020719089297,0.18297133350000003,1.5758199252862004,0.45991845821047256,-0.9979964148942225,0.8763409148104082,,-0.03301944778616772,-0.08405069345291694,0.08364271396,-0.06607131087440103,,2.4329871e-05,-7.390976e-06,-4.7683716e-07,1.0,-3.8832426e-05,-3.2626092e-05,3.88287e-05,1.0,-3.33786e-06,3.2626092e-05,3.3974648e-06,1.0,208,0.632,0,0,0.0,False,-0.2608312791200009,1.0508185527797727
0.6572043100604787,11:56:51.084613,11:55:47.148527,0,,0.08676027,0.020185173,0.044038624,-0.3819949,0.4116518,-0.8274193,0.12814832,0.91026086,0.3937042,0.9152365,0.04436052,-0.40046754,,0.06045778,0.005721897,0.045205772,-0.4972606,0.28348538,0.81998044,-0.108906984,0.9172413,-0.38315502,-0.86073875,-0.2798295,-0.42523438,,0.07720026,1.326541,0.45218536,0.99781346,0.04654347,-0.046925407,0.0054374617,-0.7653921,-0.6435413,-0.06586898,0.64187896,-0.7639716,,-0.05586199,0.26571044,-0.09914197,0.30309147,-0.41405442,0.8583091,0.6880064,0.71827894,0.10354975,-0.65938056,0.5591371,0.5025763,,-0.024021938,0.44571277,-0.33254662,0.612715,-0.25400957,-0.7483712,-0.6177403,0.4366937,-0.6539844,0.49292728,0.86300504,0.11065684,,1.2402091177374626,0.3175047166579923,0.17806876472000002,1.8777734439039155,-0.5899964059871718,-0.5665906916218442,-0.4121170788567866,,-1.3926172510102832,0.17281159352652187,0.18297133350000003,1.5758199252862004,0.45978182171070714,-0.9978849969905262,0.8763409148104082,,-0.03301944778616772,-0.08405069345291694,0.08364271396,-0.06607131087440103,,2.4329871e-05,-7.390976e-06,-4.7683716e-07,1.0,-3.8832426e-05,-3.2626092e-05,3.88287e-05,1.0,-3.33786e-06,3.2626092e-05,3.3974648e-06,1.0,220,0.669,0,0,0.0,False,-0.26101001227556386,1.050963393382111
0.6859437529928982,11:56:51.114518,11:55:47.148527,0,,0.08713089,0.020712703,0.044328704,-0.38190067,0.41576862,-0.82540196,0.12635502,0.90819806,0.39901188,0.9155251,0.048089147,-0.39937595,,0.0604694,0.0057188123,0.04520929,-0.49729618,0.2833174,0.820017,-0.10897401,0.9172926,-0.3830131,-0.86070967,-0.2798316,-0.42529175,,0.07720026,1.326541,0.45218536,0.99781346,0.04654347,-0.046925407,0.0054374617,-0.7653921,-0.6435413,-0.06586898,0.64187896,-0.7639716,,-0.056255914,0.26628366,-0.09901538,0.30297336,-0.41847196,0.85620576,0.6867767,0.71875894,0.10827469,-0.66071546,0.5552178,0.5051616,,-0.024033887,0.44571176,-0.33255023,0.6127471,-0.25384358,-0.7484013,-0.6177647,0.43674684,-0.6539258,0.49285674,0.86302704,0.110799745,,1.240463967922312,0.3216054878142055,0.17810894971000002,1.8792412735083073,-0.5901330424869373,-0.564927377655477,-0.4122804229229208,,-1.392679032873277,0.1727652571292765,0.18297133350000003,1.5758199252862004,0.45964518521094166,-0.9976919003466893,0.876177570744274,,-0.03301944778616772,-0.08405069345291694,0.08364271396,-0.06607131087440103,,2.4329871e-05,-7.390976e-06,-4.7683716e-07,1.0,-3.8832426e-05,-3.2626092e-05,3.88287e-05,1.0,-3.33786e-06,3.2626092e-05,3.3974648e-06,1.0,228,0.693,0,0,0.0,False,-0.2616653671792948,1.050963393382111
0.7158500200603157,11:56:51.135306,11:55:47.148527,0,,0.08741176,0.021069467,0.04453613,-0.3818888,0.41943604,-0.8235499,0.12520912,0.90635145,0.40354627,0.91568744,0.05099377,-0.39864278,,0.060368016,0.005679086,0.045203865,-0.4973974,0.28327656,0.81996965,-0.10903433,0.9172766,-0.38303408,-0.86064357,-0.27992496,-0.42536405,,0.07717125,1.3265393,0.45219022,0.9978131,0.046593025,-0.046883743,0.0055020624,-0.7653891,-0.64354426,-0.06586898,0.64187896,-0.7639716,,-0.056533203,0.26667133,-0.09893644,0.30294153,-0.42243043,0.854271,0.68599755,0.71889764,0.11222093,-0.66153896,0.55203146,0.5075702,,-0.023911167,0.44568735,-0.33258092,0.61284906,-0.2538475,-0.74831647,-0.6177237,0.4366592,-0.65402305,0.49278137,0.8630702,0.11079855,,1.2407728772372808,0.32455557177215927,0.17815950502000003,1.8802897232257298,-0.5899964059871718,-0.5628334695753783,-0.41244376698905505,,-1.3926944783390254,0.1727343661977796,0.18297133350000003,1.5758199252862004,0.45950854871117625,-0.9975804824429929,0.876177570744274,,-0.03301944778616772,-0.08405069345291694,0.08364271396,-0.06607131087440103,,-4.94346e-06,-4.4107437e-06,-1.7881393e-06,1.0,1.0628253e-05,8.933246e-06,-1.06319785e-05,1.0,9.23872e-07,-8.929521e-06,-8.940697e-07,1.0,243,0.739,0,0,0.0,False,-0.26196325577190027,1.05105995378367
0.7366118649952114,11:56:51.179591,11:55:47.148527,0,,0.0879097,0.022031903,0.04492542,-0.38346088,0.4259892,-0.8194456,0.121614516,0.90283525,0.41242966,0.91551495,0.05849403,-0.3980085,,0.060391136,0.005679041,0.04520327,-0.49755812,0.2825071,0.8201376,-0.109470695,0.9174694,-0.38244757,-0.8604952,-0.2800709,-0.42556798,,0.07717125,1.3265393,0.45219022,0.9978131,0.046593025,-0.046883743,0.0055020624,-0.7653891,-0.64354426,-0.06586898,0.64187896,-0.7639716,,-0.05706251,0.26763976,-0.09860817,0.30452326,-0.42959458,0.8501259,0.68316,0.7204497,0.11935076,-0.6637454,0.544427,0.5128755,,-0.023933986,0.4456845,-0.33257845,0.6129934,-0.25306785,-0.74846226,-0.61791825,0.4367784,-0.6537596,0.49235767,0.8632389,0.11136703,,1.2417150506479362,0.3311585083796212,0.17837857803,1.8800800332822456,-0.5893132234883447,-0.5580814409847239,-0.41260711105518943,,-1.392818042065013,0.17265713886903736,0.18297911124000002,1.5756102353427162,0.45896200271211446,-0.9969714533479259,0.8761775707442739,,-0.03301944778616772,-0.08405069345291694,0.08364271396,-0.06607131087440103,,-4.94346e-06,-4.4107437e-06,-1.7881393e-06,1.0,1.0628253e-05,8.933246e-06,-1.06319785e-05,1.0,9.23872e-07,-8.929521e-06,-8.940697e-07,1.0,251,0.763,0,0,0.0,False,-0.260652545964438,1.0507219923782136
0.7809251040453091,11:56:51.206381,11:55:47.348527,0,,0.08825532,0.022854209,0.045189083,-0.38436097,0.4321671,-0.8157808,0.11833513,0.89943504,0.42072928,0.9155673,0.06517631,-0.39684838,,0.06041667,0.0056780875,0.045212686,-0.49733412,0.28220218,0.8203784,-0.109592736,0.9176057,-0.3820853,-0.8606093,-0.2799315,-0.42542928,,0.07717125,1.3265393,0.45219022,0.9978131,0.046593025,-0.046883743,0.0055020624,-0.7653891,-0.64354426,-0.06586898,0.64187896,-0.7639716,,-0.057429392,0.26842865,-0.0982792,0.30541638,-0.4363155,0.8463744,0.68067306,0.7216052,0.12637296,-0.66588664,0.5375079,0.5173783,,-0.023960557,0.44568762,-0.33258352,0.6127889,-0.2527869,-0.74872464,-0.6181079,0.4370043,-0.6534293,0.49237424,0.8632068,0.11154181,,1.2426881149900886,0.33633273940535163,0.17864042861,1.8798703433387607,-0.5891765869885792,-0.5528837407792839,-0.41244376698905516,,-1.392957051256749,0.17257991154029512,0.18298170382,1.5754005453992312,0.45896200271211446,-0.9966447383873637,0.8755241944797368,,-0.03301944778616772,-0.08405069345291694,0.08364271396,-0.06607131087440103,,-4.94346e-06,-4.4107437e-06,-1.7881393e-06,1.0,1.0628253e-05,8.933246e-06,-1.06319785e-05,1.0,9.23872e-07,-8.929521e-06,-8.940697e-07,1.0,259,0.788,0,0,0.0,False,-0.261427056305211,1.0511565141852286
0.8077017599716783,11:56:51.226934,11:55:47.348527,0,,0.08848886,0.023450494,0.045343727,-0.3855922,0.43598908,-0.81316185,0.11599338,0.89722824,0.42605975,0.91534925,0.06996387,-0.39653605,,0.060429666,0.0056747645,0.045214176,-0.49728033,0.28225204,0.8203939,-0.10958895,0.91759187,-0.3821197,-0.86064076,-0.27992663,-0.42536864,,0.07717125,1.3265393,0.45219022,0.9978131,0.046593025,-0.046883743,0.0055020624,-0.7653891,-0.64354426,-0.06586898,0.64187896,-0.7639716,,-0.05767531,0.26897892,-0.09801326,0.30666208,-0.44052878,0.84373736,0.67876995,0.7226444,0.13060063,-0.6672554,0.5326533,0.5206253,,-0.02397359,0.44568485,-0.33258572,0.61274,-0.25283676,-0.7487478,-0.61813253,0.43699244,-0.65341395,0.4924042,0.8631982,0.1114761,,1.2433754382158946,0.3399469783904887,0.17886209420000002,1.8790315835648228,-0.5887666774892829,-0.549297414963626,-0.4127704551213238,,-1.3930111103868685,0.17252585241017554,0.18298429640000002,1.5754005453992312,0.45896200271211446,-0.9966447383873637,0.8761775707442739,,-0.03301944778616772,-0.08405069345291694,0.08364271396,-0.06607131087440103,,-4.94346e-06,-4.4107437e-06,-1.7881393e-06,1.0,1.0628253e-05,8.933246e-06,-1.06319785e-05,1.0,9.23872e-07,-8.929521e-06,-8.940697e-07,1.0,267,0.812,0,0,0.0,False,-0.26106958999408425,1.05105995378367
0.828234440064989,11:56:51.258205,11:55:47.348527,0,,0.08885521,0.024351448,0.04555005,-0.3861338,0.44219896,-0.80954367,0.11389917,0.8937484,0.43386704,0.9153838,0.07532427,-0.39547265,,0.06044684,0.005674824,0.04521984,-0.49719933,0.2823759,0.8204003,-0.109565765,0.917554,-0.38221726,-0.8606905,-0.27992594,-0.42526847,,0.07717125,1.3265393,0.45219022,0.9978131,0.046593025,-0.046883743,0.0055020624,-0.7653891,-0.64354426,-0.06586898,0.64187896,-0.7639716,,-0.058057994,0.26979274,-0.097589254,0.30719924,-0.4471696,0.84004045,0.6771808,0.7229162,0.13717994,-0.66862154,0.5267177,0.524894,,-0.023991378,0.44568697,-0.33258817,0.6126663,-0.25295904,-0.7487668,-0.61815864,0.43695265,-0.65341586,0.49246308,0.86318254,0.11133737,,1.2443021661608014,0.3453065550052005,0.17921727766,1.8800800332822456,-0.5878102219909248,-0.545421652101489,-0.4122804229229209,,-1.3931037831813593,0.1724795160129302,0.18298688898,1.5754005453992312,0.45896200271211446,-0.9967264171275043,0.8763409148104081,,-0.03301944778616772,-0.08405069345291694,0.08364271396,-0.06607131087440103,,-4.94346e-06,-4.4107437e-06,-1.7881393e-06,1.0,1.0628253e-05,8.933246e-06,-1.06319785e-05,1.0,9.23872e-07,-8.929521e-06,-8.940697e-07,1.0,275,0.836,0,0,0.0,False,-0.26059296824591627,1.0507219923782136
0.8595478180795908,11:56:51.280894,11:55:47.348527,0,,0.08912139,0.024962693,0.04567574,-0.38608506,0.44630468,-0.8073107,0.11397287,0.89154184,0.43836418,0.91539526,0.07723427,-0.39507765,,0.0604532,0.005674854,0.045223176,-0.4971665,0.2824642,0.8203898,-0.10955471,0.9175215,-0.38229868,-0.86071086,-0.27994362,-0.4252156,,0.07717125,1.3265393,0.45219022,0.9978131,0.046593025,-0.046883743,0.0055020624,-0.7653891,-0.64354426,-0.06586898,0.64187896,-0.7639716,,-0.058333978,0.27033505,-0.097289294,0.3071497,-0.45142192,0.8377812,0.677243,0.7221563,0.14082699,-0.66858137,0.52412647,0.5275324,,-0.023998147,0.44568866,-0.33258995,0.6126365,-0.25304362,-0.7487626,-0.6181681,0.43690777,-0.6534369,0.49248824,0.86318046,0.11124214,,1.2448582029277455,0.3489285167232118,0.17946357276000002,1.8821769327170905,-0.5861705839937394,-0.5443899834817697,-0.41440389578266645,,-1.3931423968457304,0.17246407054718174,0.18298688898,1.5754005453992312,0.45896200271211446,-0.9968080958676448,0.8765042588765425,,-0.03301944778616772,-0.08405069345291694,0.08364271396,-0.06607131087440103,,-4.94346e-06,-4.4107437e-06,-1.7881393e-06,1.0,1.0628253e-05,8.933246e-06,-1.06319785e-05,1.0,9.23872e-07,-8.929521e-06,-8.940697e-07,1.0,286,0.87,0,0,0.0,False,-0.2608908568385213,1.0506737121774343
