Task Time,PC1 Time,PC2 Time,Gaze Calib,s_T_psm1,Tx,Ty,Tz,R00,R01,R02,R10,R11,R12,R20,R21,R22,s_T_psm3,Tx,Ty,Tz,R00,R01,R02,R10,R11,R12,R20,R21,R22,cart_T_ecm,Tx,Ty,Tz,R00,R01,R02,R10,R11,R12,R20,R21,R22,ecm_T_psm1,Tx,Ty,Tz,R00,R01,R02,R10,R11,R12,R20,R21,R22,ecm_T_psm3,Tx,Ty,Tz,R00,R01,R02,R10,R11,R12,R20,R21,R22,psm1_joints,q1,q2,q3,q4,q5,q6,jaw,psm3_joints,q1,q2,q3,q4,q5,q6,jaw,ecm_joints,q1,q2,q3,q4,ecmi_T_ecm,Tx,Ty,Tz,R00,R01,R02,R10,R11,R12,R20,R21,R22,Sample #,Task Duration (s),Collisions (binary),Collisions (increments),Cumulative Collision Time (s),Clutch Press,MTMR Angle,MTML Angle
""
lci_T_si,,,,,-0.05741252,0.03306167,0.23964758,0.99439466,0.06102388,0.08634416,0.10237931,-0.7597365,-0.64212066,0.026414111,0.6473612,-0.7617255
rci_T_si,,,,,-0.067677386,0.037969604,0.25228155,0.9957965,0.04637849,0.07898321,0.0866763,-0.7558923,-0.64893305,0.029606264,0.6530512,-0.7567348
ecm_T_lc,,,,,-4.4061628e-05,-0.00034663224,-0.01840835,-0.99912,0.030754527,0.028518902,-0.031987965,-0.99852574,-0.043852776,0.027128186,-0.04472645,0.9986309
ecm_T_rc,,,,,-0.0043358393,0.01870579,-0.007592615,-0.99555075,-0.052743673,-0.078081585,0.04863213,-0.9973746,0.053654674,-0.08070653,0.04961868,0.9955021
cart_T_ecmi,,,,,0.07732047,1.3283298,0.45411256,0.9978804,0.045562778,-0.046462853,0.0050814142,-0.7663648,-0.64238554,-0.06487636,0.64078784,-0.7649719
ecmac_T_ecmrep_psm1,,,,,0.011581071,-0.24422047,-0.31388107,0.99918455,0.03945311,0.008580942,-0.0387743,0.99689597,-0.06852016,-0.011257639,0.068131566,0.99761283
ecmac_T_ecmrep_psm3,,,,,0.00032986852,-0.4435548,-0.5434704,0.9997429,-0.0075566242,-0.021376874,0.008153117,0.9995759,0.027955532,0.021156559,-0.028122634,0.9993806
""
0,10:59:07.274085,10:58:03.349409,0,,0.120920904,0.00076919794,0.029319882,-0.81272286,-0.11521013,-0.57114637,-0.57810825,0.037288517,0.8151076,-0.07261148,0.99264103,-0.096909136,,0.053541005,-0.033957563,0.03894669,0.69129705,-0.30060425,0.65707326,-0.5971088,0.27442828,0.7537575,-0.40690205,-0.9134146,0.010217845,,0.07729179,1.3283308,0.45411754,0.9978803,0.045576826,-0.04645108,0.0050997036,-0.766364,-0.6423864,-0.06487636,0.64078784,-0.7649719,,-0.089697994,0.23674981,-0.09792554,0.8407778,0.018131582,0.5410766,-0.4169508,0.6591768,0.6258098,-0.34531826,-0.7517693,0.5617812,,-0.015530145,0.41383412,-0.3556037,-0.58811563,0.41723266,-0.69284695,-0.80419296,-0.3927554,0.44611308,-0.08598643,0.8195487,0.56652117,,0.9847333915252414,0.3181457034865529,0.17179990628000003,0.4978039258322608,-0.24403278858107663,1.02582626244472,-0.4016630586241927,,-1.2843445361136556,-0.04092276150051568,0.16991380433000003,-0.09960272315514906,0.5077412331283767,-1.0209019693802794,0.8758508826120052,,-0.03261365873507904,-0.08598146393793565,0.08100309464,-0.06541713947960498,,-2.894178e-05,1.1324883e-06,-3.0994415e-06,1.0,1.4021993e-05,1.174584e-05,-1.4021993e-05,1.0,1.1920929e-06,-1.1742115e-05,-1.1920929e-06,1.0,33,0.098,0,0,0.0,False,-0.25695872741613357,1.050432311173537
0.13187081599608064,10:59:07.292984,10:58:03.349409,0,,0.12099296,0.00077949464,0.029528737,-0.813103,-0.11736216,-0.57016623,-0.57731843,0.03703904,0.8156786,-0.074611396,0.99239826,-0.0978719,,0.053541206,-0.033955775,0.038954973,0.69115186,-0.3004211,0.6573098,-0.597353,0.2744639,0.7535509,-0.4067902,-0.9134642,0.010238618,,0.07729179,1.3283308,0.45411754,0.9978803,0.045576826,-0.04645108,0.0050997036,-0.766364,-0.6423864,-0.06487636,0.64078784,-0.7649719,,-0.08979005,0.23688132,-0.098077685,0.8413119,0.020305892,0.5401685,-0.41755003,0.6590352,0.6255594,-0.34328756,-0.7518379,0.56293285,,-0.015531671,0.41384107,-0.35560828,-0.5879751,0.4170572,-0.6930719,-0.8042678,-0.39279088,0.44594678,-0.08624702,0.819621,0.5663769,,0.984717946059493,0.3189102540411011,0.17162231455000002,0.4978039258322608,-0.2425297870836568,1.0244373080237783,-0.40198974675646126,,-1.2843677043122783,-0.040899593301893,0.16990602659,-0.09939303321166454,0.5074679601288459,-1.0209241697933082,0.8763409148104081,,-0.03261365873507904,-0.08598146393793565,0.08100309464,-0.06541713947960498,,-2.894178e-05,1.1324883e-06,-3.0994415e-06,1.0,1.4021993e-05,1.174584e-05,-1.4021993e-05,1.0,1.1920929e-06,-1.1742115e-05,-1.1920929e-06,1.0,40,0.12,0,0,0.0,False,-0.25695872741613357,1.0503840309727575
0.1507511039962992,10:59:07.316505,10:58:03.349409,0,,0.12111017,0.0008428842,0.029847577,-0.81302667,-0.122005105,-0.5692998,-0.5768515,0.036240518,0.81604475,-0.07892993,0.99186766,-0.09984332,,0.053574517,-0.03394439,0.038980007,0.68944854,-0.30017033,0.6592103,-0.59886277,0.2757331,0.75188744,-0.4074603,-0.91316426,0.010342836,,0.07729179,1.3283308,0.45411754,0.9978803,0.045576826,-0.04645108,0.0050997036,-0.766364,-0.6423864,-0.06487636,0.64078784,-0.7649719,,-0.08993988,0.23711835,-0.09827965,0.8416276,0.02500911,0.53947896,-0.4198896,0.6585235,0.62453145,-0.3396406,-0.7521445,0.5647326,,-0.015568926,0.41386157,-0.3556158,-0.5861084,0.41669318,-0.69486964,-0.8055539,-0.39172065,0.4445648,-0.086947665,0.82031804,0.5652596,,0.9848106188539837,0.3203003459584615,0.17137472316000002,0.4963360962278691,-0.23966042058858256,1.0220158533060129,-0.40215309082259554,,-1.2845530499012596,-0.04091503876764145,0.16989824885000002,-0.09666706394636573,0.5069214141297841,-1.020560176918663,0.8765042588765425,,-0.03261365873507904,-0.08598146393793565,0.08100309464,-0.06541713947960498,,-2.894178e-05,1.1324883e-06,-3.0994415e-06,1.0,1.4021993e-05,1.174584e-05,-1.4021993e-05,1.0,1.1920929e-06,-1.1742115e-05,-1.1920929e-06,1.0,52,0.156,0,0,0.0,False,-0.2570183051346544,1.0506737121774343
0.1742407300043851,10:59:07.355478,10:58:03.419602,0,,0.121226884,0.0009640455,0.030151457,-0.8131893,-0.12402719,-0.56863016,-0.57627404,0.034885824,0.81651163,-0.08143255,0.9916654,-0.0998424,,0.053590693,-0.03394123,0.03899598,0.68946344,-0.300097,0.65922827,-0.5990233,0.27541903,0.7518747,-0.40719914,-0.91328317,0.010126144,,0.07729179,1.3283308,0.45411754,0.9978803,0.045576826,-0.04645108,0.0050997036,-0.766364,-0.6423864,-0.06487636,0.64078784,-0.7649719,,-0.09009032,0.2373909,-0.09843365,0.8420027,0.027099362,0.5387922,-0.4209878,0.6575375,0.6248309,-0.33734357,-0.7529343,0.56505686,,-0.01558745,0.4138725,-0.35562378,-0.58615285,0.41665626,-0.69485426,-0.8054895,-0.39203596,0.44440356,-0.08724435,0.8201862,0.5654052,,0.9849727962443424,0.3219916244579167,0.17117379821,0.4959167163409001,-0.23856732859045904,1.0211245100764417,-0.40215309082259554,,-1.2846843363601215,-0.0409304842333899,0.16989047111000002,-0.09666706394636573,0.5066481411302531,-1.0202556623711296,0.8763409148104081,,-0.03261365873507904,-0.08598146393793565,0.08100309464,-0.06541713947960498,,-2.894178e-05,1.1324883e-06,-3.0994415e-06,1.0,1.4021993e-05,1.174584e-05,-1.4021993e-05,1.0,1.1920929e-06,-1.1742115e-05,-1.1920929e-06,1.0,60,0.18,0,0,0.0,False,-0.256541683386486,1.0504805913743163
0.2132417280226946,10:59:07.376795,10:58:03.419602,0,,0.12138033,0.0011204928,0.03041254,-0.81099755,-0.1344599,-0.5693888,-0.57795155,0.032985926,0.8154041,-0.09085739,0.9903699,-0.10446277,,0.05359626,-0.033943735,0.03900397,0.68808943,-0.3000686,0.66067517,-0.6002833,0.2761327,0.7506069,-0.4076675,-0.91307694,0.009877682,,0.07729179,1.3283308,0.45411754,0.9978803,0.045576826,-0.04645108,0.0050997036,-0.766364,-0.6423864,-0.06487636,0.64078784,-0.7649719,,-0.09027479,0.23766068,-0.098530546,0.84079736,0.037682034,0.5400369,-0.4283769,0.65624136,0.6211606,-0.33098796,-0.75360954,0.5679081,,-0.015593994,0.41387543,-0.35563084,-0.58465534,0.41655716,-0.696174,-0.80650693,-0.3913919,0.44312412,-0.087890334,0.820544,0.5647856,,0.985165864566198,0.32367518022449765,0.17101565083,0.4892066381493953,-0.23241868610101418,1.01717252803193,-0.4005196501612527,,-1.2846688908943729,-0.04093820696626413,0.16988269337,-0.09457016451152048,0.5061015951311915,-1.019809990756344,0.8763409148104081,,-0.03261365873507904,-0.08598146393793565,0.08100309464,-0.06541713947960498,,-2.894178e-05,1.1324883e-06,-3.0994415e-06,1.0,1.4021993e-05,1.174584e-05,-1.4021993e-05,1.0,1.1920929e-06,-1.1742115e-05,-1.1920929e-06,1.0,71,0.214,0,0,0.0,False,-0.25731619372725945,1.050963393382111
0.23454868595581502,10:59:07.405804,10:58:03.419602,0,,0.121472865,0.0012116581,0.030539379,-0.810155,-0.1395326,-0.5693676,-0.57818997,0.030028969,0.81534934,-0.09667033,0.98976207,-0.1050044,,0.053600498,-0.033948414,0.039006233,0.68683636,-0.2998938,0.6620569,-0.6014587,0.27688056,0.7493894,-0.40804783,-0.9129079,0.009797722,,0.07729179,1.3283308,0.45411754,0.9978803,0.045576826,-0.04645108,0.0050997036,-0.766364,-0.6423864,-0.06487636,0.64078784,-0.7649719,,-0.090382956,0.23780178,-0.09856722,0.8405252,0.042915728,0.54007,-0.43226853,0.65404767,0.6207782,-0.3265904,-0.75523496,0.5682947,,-0.015598246,0.41387308,-0.35563543,-0.58329517,0.41631714,-0.6974574,-0.8074212,-0.3907705,0.4420061,-0.088531055,0.8209619,0.5640778,,0.9852199236963176,0.32449378990916544,0.17094824375,0.48627097894061194,-0.228319591108051,1.0169337830463787,-0.4023164348887299,,-1.2846302772300018,-0.04095365243201257,0.1698788045,-0.09268295502015976,0.5055550491321297,-1.01960935536198,0.8761775707442739,,-0.03261365873507904,-0.08598146393793565,0.08100309464,-0.06541713947960498,,-2.894178e-05,1.1324883e-06,-3.0994415e-06,1.0,1.4021993e-05,1.174584e-05,-1.4021993e-05,1.0,1.1920929e-06,-1.1742115e-05,-1.1920929e-06,1.0,79,0.238,0,0,0.0,False,-0.2557075953271921,1.050963393382111
0.26357208599802107,10:59:07.436687,10:58:03.508426,0,,0.12161965,0.0013183355,0.030671641,-0.80733544,-0.15062784,-0.5705442,-0.57971853,0.021955907,0.8145209,-0.11016275,0.98834676,-0.105047494,,0.05359394,-0.033984713,0.039019585,0.68549687,-0.29950547,0.6636191,-0.60298073,0.27729893,0.7480104,-0.408054,-0.91290843,0.009491384,,0.07729179,1.3283308,0.45411754,0.9978803,0.045576826,-0.04645108,0.0050997036,-0.766364,-0.6423864,-0.06487636,0.64078784,-0.7649719,,-0.09054629,0.23795319,-0.09859584,0.8390775,0.054442476,0.54128087,-0.44213936,0.6479507,0.6202198,-0.31695703,-0.7597341,0.567752,,-0.015591718,0.41385752,-0.3556709,-0.5818858,0.41591012,-0.698876,-0.80831015,-0.39053056,0.4405912,-0.089686096,0.8212823,0.5634286,,0.9852430918949403,0.3253355677924559,0.17087046635000003,0.47767369125774645,-0.21807185362564296,1.0185422465662957,-0.4028064670871325,,-1.2844912680382659,-0.04108493889087439,0.16985028612000003,-0.09079574552879904,0.5045985936337716,-1.0194011812170891,0.8766676029426766,,-0.03261365873507904,-0.08598146393793565,0.08100309464,-0.06541713947960498,,-2.894178e-05,1.1324883e-06,-3.0994415e-06,1.0,1.4021993e-05,1.174584e-05,-1.4021993e-05,1.0,1.1920929e-06,-1.1742115e-05,-1.1920929e-06,1.0,91,0.274,0,0,0.0,False,-0.25588632848275505,1.0505288715750958
0.2944615950109437,10:59:07.467405,10:58:03.508426,0,,0.12177351,0.001346007,0.030817613,-0.80420005,-0.16589655,-0.570737,-0.5802618,0.011245728,0.81435233,-0.12867993,0.98607904,-0.10530719,,0.053592212,-0.034019224,0.03902948,0.68447626,-0.2988848,0.6649511,-0.603992,0.27830398,0.74682033,-0.40827167,-0.912806,0.009968311,,0.07729179,1.3283308,0.45411754,0.9978803,0.045576826,-0.04645108,0.0050997036,-0.766364,-0.6423864,-0.06487636,0.64078784,-0.7649719,,-0.09071447,0.2380512,-0.098684505,0.8377517,0.07031786,0.54150486,-0.45441103,0.63967067,0.6199452,-0.30279154,-0.7654259,0.5678384,,-0.015589531,0.41384017,-0.35570228,-0.5807886,0.4152253,-0.70019466,-0.8090294,-0.3898374,0.43988436,-0.090310946,0.8219579,0.5623426,,0.9851890327648207,0.32562130890880225,0.17073176332,0.4673988840270048,-0.20249529265238275,1.0203794212899238,-0.3997029298305811,,-1.2843831497780267,-0.04124711628123311,0.16982954548,-0.08932791592440738,0.5041886841344753,-1.019965393647546,0.8758508826120053,,-0.03261365873507904,-0.08598146393793565,0.08100309464,-0.06541713947960498,,-2.894178e-05,1.1324883e-06,-3.0994415e-06,1.0,1.4021993e-05,1.174584e-05,-1.4021993e-05,1.0,1.1920929e-06,-1.1742115e-05,-1.1920929e-06,1.0,98,0.296,0,0,0.0,False,-0.2568991496976123,1.0505771517758753
0.3251730129122734,10:59:07.495056,10:58:03.508426,0,,0.12178718,0.0012948215,0.030900925,-0.80402327,-0.16742207,-0.5705405,-0.580052,0.009910375,0.8145191,-0.13071424,0.98583555,-0.10508165,,0.05360139,-0.034049623,0.039042234,0.6828987,-0.2986413,0.6666802,-0.60560596,0.27892035,0.7452818,-0.40852246,-0.91269755,0.009615213,,0.07729179,1.3283308,0.45411754,0.9978803,0.045576826,-0.04645108,0.0050997036,-0.766364,-0.6423864,-0.06487636,0.64078784,-0.7649719,,-0.090733744,0.23806219,-0.09878072,0.83776087,0.07191738,0.54128057,-0.45553434,0.638627,0.62019676,-0.30107346,-0.76614845,0.5677775,,-0.015598771,0.41382608,-0.35573208,-0.5791025,0.4149339,-0.70176214,-0.810118,-0.38936102,0.43829992,-0.09137335,0.8223308,0.56162536,,0.985165864566198,0.32557497251155687,0.17063065270000002,0.4665601242530667,-0.20058238165566658,1.0207798604015472,-0.40198974675646115,,-1.284321367915033,-0.041401570938717595,0.16981010113000003,-0.08702132654607761,0.5033688651358826,-1.0195419224457891,0.876340914810408,,-0.03261365873507904,-0.08598146393793565,0.08100309464,-0.06541713947960498,,-2.894178e-05,1.1324883e-06,-3.0994415e-06,1.0,1.4021993e-05,1.174584e-05,-1.4021993e-05,1.0,1.1920929e-06,-1.1742115e-05,-1.1920929e-06,1.0,106,0.319,0,0,0.0,False,-0.25672041654204936,1.0512047943860081
0.3528389239218086,10:59:07.523832,10:58:03.579457,0,,0.1218022,0.0012016743,0.031071216,-0.80336,-0.17146583,-0.57027376,-0.5802669,0.010228515,0.8143621,-0.13380224,0.98513705,-0.10771304,,0.05359666,-0.034115545,0.039053082,0.68253696,-0.2977822,0.6674346,-0.6060326,0.27982923,0.744594,-0.40849447,-0.91270006,0.010527939,,0.07729179,1.3283308,0.45411754,0.9978803,0.045576826,-0.04645108,0.0050997036,-0.766364,-0.6423864,-0.06487636,0.64078784,-0.7649719,,-0.090760805,0.23809476,-0.098970726,0.8374057,0.075991236,0.5412736,-0.45769045,0.6388201,0.6184079,-0.29878289,-0.765594,0.569732,,-0.01559198,0.4137875,-0.3557864,-0.5787254,0.41403472,-0.7026038,-0.81034863,-0.38884294,0.43833357,-0.09171722,0.8230288,0.56054574,,0.9851890327648207,0.32555952704580843,0.17043232033000003,0.46467291476170597,-0.1979862881601232,1.018499562751034,-0.40133637049192417,,-1.2841514677918,-0.04174137118518347,0.16978028646,-0.08660194665910856,0.5033688651358826,-1.0207671035478976,0.8761775707442738,,-0.03261365873507904,-0.08598146393793565,0.08100309464,-0.06541713947960498,,-2.894178e-05,1.1324883e-06,-3.0994415e-06,1.0,1.4021993e-05,1.174584e-05,-1.4021993e-05,1.0,1.1920929e-06,-1.1742115e-05,-1.1920929e-06,1.0,117,0.352,0,0,0.0,False,-0.25695872741613357,1.0511565141852286
0.381617664010264,10:59:07.546636,10:58:03.579457,0,,0.12182851,0.001167193,0.031198025,-0.8036704,-0.17511664,-0.5687248,-0.5792208,0.011063784,0.81509566,-0.13644458,0.98448557,-0.1103228,,0.053593345,-0.034185193,0.039043427,0.6814639,-0.29740483,0.6686981,-0.6070227,0.28070703,0.7434561,-0.40881556,-0.91255355,0.010760039,,0.07729179,1.3283308,0.45411754,0.9978803,0.045576826,-0.04645108,0.0050997036,-0.766364,-0.6423864,-0.06487636,0.64078784,-0.7649719,,-0.09079755,0.23814465,-0.09908958,0.8379203,0.07964692,0.5399499,-0.4584983,0.6394066,0.61720216,-0.2960893,-0.76473236,0.57228976,,-0.015583338,0.41373202,-0.3558288,-0.5775623,0.4135907,-0.7038214,-0.81111676,-0.38817436,0.43750462,-0.09225758,0.8235675,0.5596652,,0.9852199236963176,0.3257062589704187,0.17030139504000003,0.46446322481822144,-0.19525355816481438,1.0156177747559814,-0.40133637049192417,,-1.2838888948740763,-0.04210433963027203,0.16976732356000002,-0.08513411705471688,0.5032322286361172,-1.021227436825185,0.8766676029426765,,-0.03261365873507904,-0.08598146393793565,0.08100309464,-0.06541713947960498,,-2.894178e-05,1.1324883e-06,-3.0994415e-06,1.0,1.4021993e-05,1.174584e-05,-1.4021993e-05,1.0,1.1920929e-06,-1.1742115e-05,-1.1920929e-06,1.0,124,0.374,0,0,0.0,False,-0.25761408231986493,1.051108233984449
0.4044223679229617,10:59:07.577123,10:58:03.653887,0,,0.121893376,0.0011552572,0.03141962,-0.803123,-0.18299918,-0.56701374,-0.57842946,0.011271417,0.8156545,-0.14287306,0.9830485,-0.11490446,,0.053575166,-0.034314595,0.039018393,0.68081075,-0.29730907,0.6694055,-0.6078733,0.28053373,0.7428262,-0.4086397,-0.912638,0.010264009,,0.07729179,1.3283308,0.45411754,0.9978803,0.045576826,-0.04645108,0.0050997036,-0.766364,-0.6423864,-0.06487636,0.64078784,-0.7649719,,-0.09088269,0.23826753,-0.099265955,0.8379547,0.087613665,0.53866106,-0.4619473,0.639416,0.61461526,-0.29057983,-0.7638528,0.5762745,,-0.0155543415,0.41362566,-0.35590327,-0.5768956,0.41351855,-0.7044103,-0.8115036,-0.38836932,0.43661332,-0.09302366,0.8235118,0.5596203,,0.985335764689431,0.3262082366072433,0.17009658122000001,0.4619469454964072,-0.18965146167443137,1.0109679619642873,-0.4011730264257898,,-1.2833791945043775,-0.04274532645883266,0.16974528663000002,-0.08450504722426332,0.5030955921363518,-1.0213610551419103,0.8765042588765424,,-0.03261365873507904,-0.08598146393793565,0.08100309464,-0.06541713947960498,,-2.894178e-05,1.1324883e-06,-3.0994415e-06,1.0,1.4021993e-05,1.174584e-05,-1.4021993e-05,1.0,1.1920929e-06,-1.1742115e-05,-1.1920929e-06,1.0,135,0.406,0,0,0.0,False,-0.25731619372725945,1.0513013547875674
0.4349075199570507,10:59:07.605399,10:58:03.653887,0,,0.12198893,0.0011669844,0.03170389,-0.80191654,-0.19042188,-0.5662767,-0.5783743,0.009923637,0.81571114,-0.14970973,0.98165226,-0.11809304,,0.053543217,-0.03449332,0.03897363,0.6808746,-0.29712296,0.6694233,-0.60828495,0.279662,0.74281806,-0.40792042,-0.9129661,0.009679198,,0.07729179,1.3283308,0.45411754,0.9978803,0.045576826,-0.04645108,0.0050997036,-0.766364,-0.6423864,-0.06487636,0.64078784,-0.7649719,,-0.09100538,0.23844497,-0.09947461,0.83740526,0.09518821,0.53823006,-0.4662843,0.63820076,0.61259997,-0.28518656,-0.7639627,0.5788174,,-0.015506027,0.41347268,-0.35599944,-0.57704234,0.41343293,-0.7043404,-0.8113078,-0.38924062,0.4362011,-0.093818,0.8231433,0.5600297,,0.9854361602167959,0.32714268728502444,0.16984510096000002,0.4581725265136858,-0.18432263818357916,1.0078478448222354,-0.4014997145580582,,-1.2826532576142005,-0.04361799527362003,0.16972195341000001,-0.08513411705471688,0.5030955921363518,-1.0218511275827535,0.8771576351410796,,-0.03261365873507904,-0.08598146393793565,0.08100309464,-0.06541713947960498,,-2.894178e-05,1.1324883e-06,-3.0994415e-06,1.0,1.4021993e-05,1.174584e-05,-1.4021993e-05,1.0,1.1920929e-06,-1.1742115e-05,-1.1920929e-06,1.0,146,0.439,0,0,0.0,False,-0.25779281547542787,1.050963393382111
0.4631722189951688,10:59:07.635767,10:58:03.653887,0,,0.12214145,0.0012539625,0.03198172,-0.7997999,-0.20304921,-0.5648814,-0.57788336,0.005871862,0.8160983,-0.16239122,0.97915095,-0.122035,,0.053519487,-0.034690402,0.03892398,0.6805352,-0.29678938,0.6699162,-0.6088889,0.279522,0.74237573,-0.4075854,-0.91311747,0.009512663,,0.07729179,1.3283308,0.45411754,0.9978803,0.045576826,-0.04645108,0.0050997036,-0.766364,-0.6423864,-0.06487636,0.64078784,-0.7649719,,-0.091187425,0.23867138,-0.09962826,0.8364896,0.108163886,0.53720176,-0.47401613,0.6346904,0.6103088,-0.27494344,-0.76515925,0.5821833,,-0.015464052,0.41330215,-0.35610443,-0.576723,0.4131341,-0.7047771,-0.8114554,-0.38949263,0.43570128,-0.09450244,0.8231742,0.5598692,,0.9855520012099093,0.32827020628466125,0.16964417601,0.4520915181526345,-0.17421153720093657,1.0042586081367122,-0.4018264026903269,,-1.281888707059652,-0.044629673280143445,0.16970250906,-0.08513411705471688,0.5033688651358826,-1.022727393311271,0.8761775707442738,,-0.03261365873507904,-0.08598146393793565,0.08100309464,-0.06541713947960498,,-2.894178e-05,1.1324883e-06,-3.0994415e-06,1.0,1.4021993e-05,1.174584e-05,-1.4021993e-05,1.0,1.1920929e-06,-1.1742115e-05,-1.1920929e-06,1.0,157,0.472,0,0,0.0,False,-0.2571374605716965,1.0510116735828905
0.4935457039391622,10:59:07.669580,10:58:03.653887,0,,0.12237122,0.0014553517,0.03229186,-0.79487485,-0.22532089,-0.56338674,-0.57650185,-0.009165496,0.8170444,-0.18926091,0.9742415,-0.122612506,,0.05351431,-0.03492724,0.03887725,0.6802836,-0.2964829,0.67030734,-0.6096566,0.27876484,0.7420304,-0.4068573,-0.91344845,0.008886248,,0.07729179,1.3283308,0.45411754,0.9978803,0.045576826,-0.04645108,0.0050997036,-0.766364,-0.6423864,-0.06487636,0.64078784,-0.7649719,,-0.09145447,0.23899938,-0.09973138,0.83409625,0.13144748,0.5357285,-0.49017543,0.62206715,0.61054116,-0.253005,-0.77185106,0.5832962,,-0.015438584,0.4131028,-0.35623825,-0.5765396,0.41292363,-0.70505047,-0.8114602,-0.39030215,0.43496737,-0.095574416,0.8228963,0.5600957,,0.9859458605864947,0.3296680209348959,0.16945362138000003,0.438671361769625,-0.15139324174010801,1.0046012859320204,-0.4024797789548642,,-1.281124156505104,-0.04590392420439048,0.16967658326,-0.08534380699820142,0.503505501635648,-1.0232472049156702,0.8766676029426766,,-0.03261365873507904,-0.08598146393793565,0.08100309464,-0.06541713947960498,,-2.894178e-05,1.1324883e-06,-3.0994415e-06,1.0,1.4021993e-05,1.174584e-05,-1.4021993e-05,1.0,1.1920929e-06,-1.1742115e-05,-1.1920929e-06,1.0,168,0.505,0,0,0.0,False,-0.25731619372725945,1.0508668329805522
0.5273385099135339,10:59:07.707917,10:58:03.765823,0,,0.12249222,0.0015995353,0.03249426,-0.7927004,-0.24028382,-0.56025875,-0.572978,-0.020115137,0.81932384,-0.20813996,0.9704943,-0.12173203,,0.053524725,-0.035051428,0.038858414,0.6801065,-0.29649284,0.6704825,-0.6100798,0.27824327,0.7418783,-0.40651864,-0.91360426,0.008350641,,0.07729179,1.3283308,0.45411754,0.9978803,0.045576826,-0.04645108,0.0050997036,-0.766364,-0.6423864,-0.06487636,0.64078784,-0.7649719,,-0.09160052,0.2392261,-0.09979196,0.8335804,0.14717065,0.53243273,-0.49942708,0.6126492,0.61256313,-0.23604316,-0.7765319,0.58419335,,-0.015439042,0.4130003,-0.3563116,-0.5763913,0.41298613,-0.7051351,-0.81150067,-0.3907779,0.43446437,-0.09612347,0.8226391,0.5603795,,0.9864401154904451,0.3304016805579472,0.16933565899000003,0.4317515936346356,-0.1337671332703662,1.0049305495804832,-0.4011730264257899,,-1.2807998017243865,-0.04661441562881914,0.16966362036000002,-0.08534380699820142,0.5036421381354135,-1.0231952653390854,0.8766676029426768,,-0.03261365873507904,-0.08598146393793565,0.08100309464,-0.06541713947960498,,-2.894178e-05,1.1324883e-06,-3.0994415e-06,1.0,1.4021993e-05,1.174584e-05,-1.4021993e-05,1.0,1.1920929e-06,-1.1742115e-05,-1.1920929e-06,1.0,179,0.538,0,0,0.0,False,-0.25779281547542787,1.0508668329805522
0.5657014399766922,10:59:07.730113,10:58:03.765823,0,,0.12244101,0.0016027242,0.032683134,-0.79000384,-0.2434633,-0.5626895,-0.5751562,-0.023567498,0.8177041,-0.21234214,0.9696238,-0.121411026,,0.053544052,-0.035103105,0.038865805,0.67884004,-0.2963475,0.671829,-0.6111153,0.27921987,0.7406581,-0.40707996,-0.91335344,0.008442968,,0.07729179,1.3283308,0.45411754,0.9978803,0.045576826,-0.04645108,0.0050997036,-0.766364,-0.6423864,-0.06487636,0.64078784,-0.7649719,,-0.09156777,0.23935126,-0.09993884,0.8313967,0.1505687,0.5348912,-0.5039935,0.60972846,0.61173666,-0.23402998,-0.77817756,0.5828119,,-0.0154562965,0.41296598,-0.35635188,-0.5749988,0.41275007,-0.7064091,-0.8124387,-0.38993368,0.43346858,-0.09653852,0.823158,0.5595455,,0.9871351614491253,0.33070286714004193,0.16917362274000003,0.4267190349910071,-0.13130767627458828,1.0057837832188672,-0.4023164348887296,,-1.2807302971285184,-0.04695421587528502,0.16965065746000002,-0.0834565975068407,0.5036421381354135,-1.0231952653390854,0.8766676029426768,,-0.03261365873507904,-0.08598146393793565,0.08100309464,-0.06541713947960498,,-2.894178e-05,1.1324883e-06,-3.0994415e-06,1.0,1.4021993e-05,1.174584e-05,-1.4021993e-05,1.0,1.1920929e-06,-1.1742115e-05,-1.1920929e-06,1.0,187,0.561,0,0,0.0,False,-0.2574949268828224,1.0507702725789931
0.587899019010365,10:59:07.759479,10:58:03.835375,0,,0.12240296,0.0015975386,0.032787755,-0.78799695,-0.24924877,-0.56297046,-0.57615876,-0.023793936,0.8169913,-0.21702944,0.96814716,-0.12485728,,0.053549103,-0.035108946,0.03887725,0.67818266,-0.29635063,0.6724912,-0.61150897,0.2799571,0.74005467,-0.40758422,-0.9131267,0.008640856,,0.07729179,1.3283308,0.45411754,0.9978803,0.045576826,-0.04645108,0.0050997036,-0.766364,-0.6423864,-0.06487636,0.64078784,-0.7649719,,-0.09153969,0.23941612,-0.100025006,0.829893,0.15647306,0.5355313,-0.5078856,0.60917825,0.60906005,-0.23093252,-0.7774433,0.58502316,,-0.015462657,0.41296902,-0.35636374,-0.5742525,0.4126777,-0.70705813,-0.81297076,-0.38925415,0.43308172,-0.096502155,0.82351583,0.55902505,,0.9876216936202015,0.33069514440716774,0.16907769728000002,0.42273492606480106,-0.12761849078092136,1.0026121423387828,-0.40264312302099825,,-1.280745742594267,-0.04700827500540459,0.16964158343000002,-0.08240814778941807,0.503778774635179,-1.0232250045026414,0.8765042588765424,,-0.03261365873507904,-0.08598146393793565,0.08100309464,-0.06541713947960498,,-2.894178e-05,1.1324883e-06,-3.0994415e-06,1.0,1.4021993e-05,1.174584e-05,-1.4021993e-05,1.0,1.1920929e-06,-1.1742115e-05,-1.1920929e-06,1.0,198,0.594,0,0,0.0,False,-0.25815028178655464,1.0506254319766548
0.6172477529617026,10:59:07.789966,10:58:03.835375,0,,0.12235492,0.0015986115,0.032888785,-0.7849002,-0.2594175,-0.56270266,-0.57706046,-0.02472645,0.816327,-0.22568317,0.96544874,-0.13029182,,0.053547338,-0.035103135,0.038884163,0.6784671,-0.2966203,0.6720853,-0.6112993,0.27942815,0.7404277,-0.4074253,-0.9132011,0.008258849,,0.07729179,1.3283308,0.45411754,0.9978803,0.045576826,-0.04645108,0.0050997036,-0.766364,-0.6423864,-0.06487636,0.64078784,-0.7649719,,-0.091501616,0.23948452,-0.10010491,0.8276797,0.16688432,0.53581333,-0.5142773,0.6077322,0.60512847,-0.22464456,-0.7764092,0.5888324,,-0.015462288,0.4129782,-0.3563647,-0.57456875,0.41298497,-0.70662165,-0.8127536,-0.38964134,0.43314102,-0.09644829,0.8231786,0.5595308,,0.9882781259145105,0.3304943533524379,0.1689843644,0.41644422776026535,-0.12024011979358759,0.9975757204208626,-0.4010096823596555,,-1.280784356258638,-0.04696966134103347,0.16963639827000002,-0.08282752767638712,0.503778774635179,-1.0228166108019385,0.8756875385458711,,-0.03261365873507904,-0.08598146393793565,0.08100309464,-0.06541713947960498,,-2.894178e-05,1.1324883e-06,-3.0994415e-06,1.0,1.4021993e-05,1.174584e-05,-1.4021993e-05,1.0,1.1920929e-06,-1.1742115e-05,-1.1920929e-06,1.0,205,0.614,0,0,0.0,False,-0.25767366003838577,1.050963393382111
0.6477294309297577,10:59:07.810972,10:58:03.835375,0,,0.12234117,0.0016014427,0.032982454,-0.78338534,-0.26682353,-0.5613489,-0.5760641,-0.027400404,0.8169451,-0.23336141,0.96335584,-0.13224235,,0.053542443,-0.035095774,0.038886547,0.67859775,-0.2963703,0.6720636,-0.61125433,0.27948174,0.74044454,-0.40727514,-0.9132659,0.008497894,,0.07729179,1.3283308,0.45411754,0.9978803,0.045576826,-0.04645108,0.0050997036,-0.766364,-0.6423864,-0.06487636,0.64078784,-0.7649719,,-0.09149701,0.23954645,-0.1001764,0.8268623,0.1745676,0.534626,-0.5184384,0.605052,0.60426295,-0.21799178,-0.7768129,0.5907972,,-0.015458222,0.41298577,-0.35636154,-0.57472265,0.41274473,-0.70663685,-0.812637,-0.38968435,0.43332118,-0.0965143,0.8232787,0.55937207,,0.9887105989554671,0.3303707896264503,0.16889880926,0.41287949872102847,-0.11286174880625381,0.9953980544078624,-0.4041132196162067,,-1.2807920789915122,-0.04690787947803967,0.16963380569000003,-0.08303721761987165,0.5036421381354135,-1.023113586598945,0.8765042588765425,,-0.03261365873507904,-0.08598146393793565,0.08100309464,-0.06541713947960498,,-2.894178e-05,1.1324883e-06,-3.0994415e-06,1.0,1.4021993e-05,1.174584e-05,-1.4021993e-05,1.0,1.1920929e-06,-1.1742115e-05,-1.1920929e-06,1.0,216,0.647,0,0,0.0,False,-0.25695872741613357,1.0506737121774343
0.6687475319486111,10:59:07.840914,10:58:03.907651,0,,0.12227948,0.0016323328,0.03314215,-0.78065354,-0.27668777,-0.5603783,-0.574577,-0.034975678,0.8177029,-0.24584797,0.9603232,-0.13167453,,0.053482525,-0.035099603,0.0388757,0.6785569,-0.2962384,0.672163,-0.61128664,0.27965537,0.7403523,-0.4072947,-0.91325545,0.008675396,,0.07731941,1.3283263,0.45411053,0.99788034,0.045568474,-0.04645808,0.0050888285,-0.76636446,-0.6423859,-0.06487636,0.64078784,-0.7649719,,-0.09147898,0.23967652,-0.10029016,0.82526624,0.18500206,0.5335821,-0.52534103,0.59821355,0.60510933,-0.20724957,-0.7796889,0.5908747,,-0.015424282,0.412984,-0.35636762,-0.5746851,0.41260564,-0.70674866,-0.8126627,-0.38957608,0.43337026,-0.096521355,0.82339966,0.5591928,,0.9893361403182792,0.33030128503058226,0.16874973591,0.4065888004164927,-0.10056446382736416,0.9955802855927548,-0.3998662738967156,,-1.2807998017243865,-0.046884711279417,0.16963250940000002,-0.08303721761987165,0.5036421381354135,-1.0233586228193667,0.8766676029426766,,-0.03261365873507904,-0.08598146393793565,0.08100309464,-0.06541713947960498,,-9.3504786e-07,1.1920929e-06,3.8146973e-06,1.0,5.6885183e-06,4.760921e-06,-5.684793e-06,1.0,4.7683716e-07,-4.760921e-06,-5.066395e-07,1.0,227,0.68,0,0,0.0,False,-0.2566608388235285,1.0507702725789931
0.6986756379483268,10:59:07.870971,10:58:03.907651,0,,0.12231012,0.0016566366,0.033301055,-0.7767113,-0.29097134,-0.558619,-0.5731543,-0.041252077,0.8184085,-0.2611776,0.9558421,-0.13473052,,0.05348728,-0.035105236,0.03887695,0.6782713,-0.2963727,0.672392,-0.61157537,0.27956527,0.7401478,-0.40733695,-0.91323954,0.008366704,,0.07731941,1.3283263,0.45411053,0.99788034,0.045568474,-0.04645808,0.0050888285,-0.76636446,-0.6423859,-0.06487636,0.64078784,-0.7649719,,-0.09152571,0.23979163,-0.10039666,0.8227466,0.19991243,0.5320931,-0.5341749,0.59189856,0.6035837,-0.19428128,-0.7808272,0.59377074,,-0.015428842,0.41298017,-0.35637212,-0.57438046,0.41274098,-0.7069172,-0.8128552,-0.38960946,0.43297908,-0.09671344,0.8233161,0.5592827,,0.9898226724893554,0.33025494863333693,0.16862140320000002,0.3988302725075653,-0.08703745035058556,0.9926361084007247,-0.40019296202898413,,-1.2807998017243865,-0.04692332494378812,0.16963121311,-0.0826178377329026,0.503505501635648,-1.0230021686952484,0.8761775707442739,,-0.03261365873507904,-0.08598146393793565,0.08100309464,-0.06541713947960498,,-9.3504786e-07,1.1920929e-06,3.8146973e-06,1.0,5.6885183e-06,4.760921e-06,-5.684793e-06,1.0,4.7683716e-07,-4.760921e-06,-5.066395e-07,1.0,238,0.713,0,0,0.0,False,-0.2564821056679656,1.0503840309727575
0.7287571629276499,10:59:07.901992,10:58:03.981325,0,,0.12235373,0.0016993731,0.03347303,-0.7693696,-0.31086248,-0.5580635,-0.5727903,-0.051052064,0.8181106,-0.2828102,0.94908285,-0.13878107,,0.05350823,-0.0351137,0.038885713,0.6748618,-0.29631555,0.675839,-0.6148453,0.28067064,0.7370138,-0.4080767,-0.912919,0.0072255135,,0.07731941,1.3283263,0.45411053,0.99788034,0.045568474,-0.04645808,0.0050888285,-0.76636446,-0.6423859,-0.06487636,0.64078784,-0.7649719,,-0.0915874,0.23992796,-0.10050115,0.81749517,0.22077298,0.5319407,-0.5480842,0.5819587,0.6007727,-0.17693314,-0.78267705,0.5967506,,-0.015450349,0.41297722,-0.35638288,-0.5707194,0.41257432,-0.70997304,-0.81518984,-0.38861305,0.42947114,-0.098716035,0.82387036,0.5581154,,0.9904482138521676,0.3301159394416009,0.16848529275000002,0.3854101161245557,-0.06804497688318935,0.9891557945875848,-0.4010096823596556,,-1.2807611880600154,-0.04695421587528502,0.16962213908,-0.07758527908927401,0.5017292271386973,-1.0214720572070546,0.8760142266781396,,-0.03261365873507904,-0.08598146393793565,0.08100309464,-0.06541713947960498,,-9.3504786e-07,1.1920929e-06,3.8146973e-06,1.0,5.6885183e-06,4.760921e-06,-5.684793e-06,1.0,4.7683716e-07,-4.760921e-06,-5.066395e-07,1.0,249,0.745,0,0,0.0,False,-0.25725661600873906,1.05105995378367
0.7597205559723079,10:59:07.934558,10:58:03.981325,0,,0.12241317,0.0017293245,0.033604473,-0.76318556,-0.3273804,-0.5571086,-0.5707705,-0.06264874,0.8187161,-0.3029338,0.9428135,-0.13904649,,0.05351104,-0.035111256,0.038892567,0.6742777,-0.29579517,0.67664945,-0.61551833,0.28115493,0.736267,-0.40802747,-0.9129387,0.007509023,,0.07731941,1.3283263,0.45411053,0.99788034,0.045568474,-0.04645808,0.0050888285,-0.76636446,-0.6423859,-0.06487636,0.64078784,-0.7649719,,-0.09166038,0.24002759,-0.10058148,0.81317747,0.2383119,0.5309895,-0.55965793,0.570612,0.6009866,-0.15976672,-0.7858813,0.59738195,,-0.015454286,0.41298327,-0.35638583,-0.5701121,0.41203612,-0.7107731,-0.8155483,-0.38835874,0.42902035,-0.09926307,0.8242595,0.5574434,,0.9908420732287531,0.32985336652387726,0.16838029326,0.3745062390633605,-0.049462412915089446,0.9889501691305943,-0.4014997145580582,,-1.2807766335257638,-0.04692332494378812,0.16961565763000003,-0.07674651931533592,0.5011826811396356,-1.0217614942535338,0.876830947008811,,-0.03261365873507904,-0.08598146393793565,0.08100309464,-0.06541713947960498,,-9.3504786e-07,1.1920929e-06,3.8146973e-06,1.0,5.6885183e-06,4.760921e-06,-5.684793e-06,1.0,4.7683716e-07,-4.760921e-06,-5.066395e-07,1.0,260,0.778,0,0,0.0,False,-0.25624379479388093,1.0507702725789931
0.7923214099137112,10:59:07.970919,10:58:03.981325,0,,0.1224339,0.0017290264,0.033720136,-0.7583609,-0.3382742,-0.55718875,-0.5686221,-0.07459527,0.81920964,-0.31868118,0.93808645,-0.1357801,,0.053525284,-0.035112448,0.038899362,0.6724178,-0.29527617,0.6787238,-0.6173476,0.28214052,0.734356,-0.4083332,-0.91280264,0.0074281394,,0.07731941,1.3283263,0.45411053,0.99788034,0.045568474,-0.04645808,0.0050888285,-0.76636446,-0.6423859,-0.06487636,0.64078784,-0.7649719,,-0.09169202,0.24009758,-0.10067042,0.80978805,0.25012627,0.5307355,-0.56827295,0.55942476,0.6034151,-0.14597662,-0.79024094,0.5951555,,-0.015469298,0.4129851,-0.35639054,-0.5681269,0.41144773,-0.7127009,-0.8167865,-0.38764146,0.42731,-0.100456685,0.8248908,0.55629456,,0.991251378071087,0.329467229880166,0.16827659006,0.36632833126746406,-0.034432397940890994,0.9921314816105543,-0.4016630586241926,,-1.280784356258638,-0.04692332494378812,0.16961047247000002,-0.07402055005003709,0.500089589141512,-1.0215235809450869,0.8761775707442738,,-0.03261365873507904,-0.08598146393793565,0.08100309464,-0.06541713947960498,,-9.3504786e-07,1.1920929e-06,3.8146973e-06,1.0,5.6885183e-06,4.760921e-06,-5.684793e-06,1.0,4.7683716e-07,-4.760921e-06,-5.066395e-07,1.0,271,0.811,0,0,0.0,False,-0.25672041654204936,1.05105995378367
0.8287001089192927,10:59:08.001976,10:58:03.981325,0,,0.122379646,0.0016867816,0.03379117,-0.7549847,-0.3446684,-0.5578546,-0.5695269,-0.07700318,0.81835794,-0.3250187,0.935561,-0.13816172,,0.053527035,-0.035120286,0.038902104,0.672684,-0.2949762,0.6785904,-0.6171996,0.28215188,0.734476,-0.40811843,-0.9128961,0.0077397227,,0.07731941,1.3283263,0.45411053,0.99788034,0.045568474,-0.04645808,0.0050888285,-0.76636446,-0.6423859,-0.06487636,0.64078784,-0.7649719,,-0.09164299,0.24011424,-0.10075461,0.8070759,0.2568328,0.5316628,-0.5732482,0.5565853,0.60133123,-0.14147414,-0.79009473,0.5964356,,-0.015470992,0.41298118,-0.3563979,-0.56843007,0.41116488,-0.7126224,-0.8165719,-0.38774136,0.42762953,-0.100486934,0.8249849,0.55614954,,0.9916915738449177,0.32903475683920946,0.16819233121000002,0.36087639273686645,-0.028966937950273376,0.9901251276669144,-0.4003563060951184,,-1.2807920789915122,-0.04696966134103347,0.16960658360000003,-0.07443992993700614,0.500089589141512,-1.0219319746457898,0.8769942910749453,,-0.03261365873507904,-0.08598146393793565,0.08100309464,-0.06541713947960498,,-9.3504786e-07,1.1920929e-06,3.8146973e-06,1.0,5.6885183e-06,4.760921e-06,-5.684793e-06,1.0,4.7683716e-07,-4.760921e-06,-5.066395e-07,1.0,282,0.845,0,0,0.0,False,-0.25624379479388093,1.0506737121774343
0.8597467240178958,10:59:08.032994,10:58:04.090173,0,,0.12235959,0.0016876608,0.033913553,-0.7465808,-0.36315495,-0.55743665,-0.57005966,-0.082788736,0.81742156,-0.34300017,0.9280434,-0.14521152,,0.053529896,-0.035141684,0.03890562,0.67265856,-0.2950482,0.6785844,-0.6172836,0.28194773,0.73448384,-0.4080334,-0.912936,0.0075259805,,0.07731941,1.3283263,0.45411053,0.99788034,0.045568474,-0.04645808,0.0050888285,-0.76636446,-0.6423859,-0.06487636,0.64078784,-0.7649719,,-0.09163476,0.24019319,-0.1008499,0.8004593,0.27619097,0.53196186,-0.5856753,0.5491537,0.5961667,-0.12747297,-0.78876406,0.60133344,,-0.015473126,0.412968,-0.35641524,-0.56841284,0.41125345,-0.71258503,-0.816569,-0.38790312,0.42748833,-0.10060792,0.8248647,0.55630594,,0.9923480061392268,0.3285096110037622,0.16808603543000003,0.3476659262973414,-0.013253740477247724,0.9833562955122274,-0.40084633829352145,,-1.2807611880600154,-0.04709322506702106,0.16959880586,-0.07443992993700614,0.500089589141512,-1.0217686171655087,0.875687538545871,,-0.03261365873507904,-0.08598146393793565,0.08100309464,-0.06541713947960498,,-9.3504786e-07,1.1920929e-06,3.8146973e-06,1.0,5.6885183e-06,4.760921e-06,-5.684793e-06,1.0,4.7683716e-07,-4.760921e-06,-5.066395e-07,1.0,293,0.878,0,0,0.0,False,-0.25642252794944387,1.0510116735828905
0.8907113169552758,10:59:08.064669,10:58:04.090173,0,,0.12242465,0.0017725974,0.034067333,-0.7385125,-0.38178757,-0.5557315,-0.5649813,-0.09940261,0.8190942,-0.3679611,0.9188893,-0.14229277,,0.053553715,-0.03515575,0.03891301,0.6706204,-0.2949153,0.68065625,-0.6194198,0.28223327,0.73257315,-0.40815076,-0.9128906,0.0065948963,,0.07731941,1.3283263,0.45411053,0.99788034,0.045568474,-0.04645808,0.0050888285,-0.76636446,-0.6423859,-0.06487636,0.64078784,-0.7649719,,-0.09171791,0.24034889,-0.100912705,0.79459417,0.29633078,0.5299133,-0.59807277,0.5323149,0.5991242,-0.104541846,-0.79298735,0.6002017,,-0.015496942,0.41295967,-0.35642877,-0.5662624,0.4110993,-0.7143838,-0.81786895,-0.3876887,0.4251915,-0.10216259,0.8250423,0.55575895,,0.9929349338376678,0.32824703808603856,0.16800048029,0.335503909575239,0.011067556481000676,0.9848420598309511,-0.4036231874178039,,-1.2807766335257638,-0.04717817512863753,0.16959232441000002,-0.07150427072822281,0.4985865876440922,-1.0204613414847075,0.8763409148104082,,-0.03261365873507904,-0.08598146393793565,0.08100309464,-0.06541713947960498,,-9.3504786e-07,1.1920929e-06,3.8146973e-06,1.0,5.6885183e-06,4.760921e-06,-5.684793e-06,1.0,4.7683716e-07,-4.760921e-06,-5.066395e-07,1.0,304,0.91,0,0,0.0,False,-0.25588632848275505,1.0505771517758753
0.9224350770236924,10:59:08.107995,10:58:04.090173,0,,0.12249705,0.0018963516,0.034296572,-0.72672933,-0.4061322,-0.5540046,-0.5573147,-0.12288615,0.8211573,-0.40157795,0.9055141,-0.1370385,,0.053560093,-0.03516657,0.03891629,0.6708749,-0.29442117,0.6806195,-0.61936986,0.2822641,0.7326035,-0.40780833,-0.9130405,0.007008195,,0.07731941,1.3283263,0.45411053,0.99788034,0.045568474,-0.04645808,0.0050888285,-0.76636446,-0.6423859,-0.06487636,0.64078784,-0.7649719,,-0.09181728,0.24058107,-0.101009235,0.7857465,0.3228585,0.5276029,-0.61421454,0.5080531,0.6038398,-0.07309545,-0.7985264,0.59750533,,-0.015503113,0.41295335,-0.35643828,-0.5665674,0.4106321,-0.7144107,-0.8176339,-0.38784194,0.4255037,-0.10235295,0.82520294,0.5554853,,0.9938462163168263,0.3279149605724469,0.16787733274000002,0.318728714096477,0.044680135423299024,0.9874910318933583,-0.40264312302099836,,-1.2807998017243865,-0.047247679724505554,0.16958843554000003,-0.07192365061519186,0.4985865876440922,-1.0211964501459725,0.8760142266781397,,-0.03261365873507904,-0.08598146393793565,0.08100309464,-0.06541713947960498,,-9.3504786e-07,1.1920929e-06,3.8146973e-06,1.0,5.6885183e-06,4.760921e-06,-5.684793e-06,1.0,4.7683716e-07,-4.760921e-06,-5.066395e-07,1.0,315,0.943,0,0,0.0,False,-0.25636295023092304,1.0507702725789931
