Task Time,PC1 Time,PC2 Time,Gaze Calib,s_T_psm1,Tx,Ty,Tz,R00,R01,R02,R10,R11,R12,R20,R21,R22,s_T_psm3,Tx,Ty,Tz,R00,R01,R02,R10,R11,R12,R20,R21,R22,cart_T_ecm,Tx,Ty,Tz,R00,R01,R02,R10,R11,R12,R20,R21,R22,ecm_T_psm1,Tx,Ty,Tz,R00,R01,R02,R10,R11,R12,R20,R21,R22,ecm_T_psm3,Tx,Ty,Tz,R00,R01,R02,R10,R11,R12,R20,R21,R22,psm1_joints,q1,q2,q3,q4,q5,q6,jaw,psm3_joints,q1,q2,q3,q4,q5,q6,jaw,ecm_joints,q1,q2,q3,q4,ecmi_T_ecm,Tx,Ty,Tz,R00,R01,R02,R10,R11,R12,R20,R21,R22,Sample #,Task Duration (s),Collisions (binary),Collisions (increments),Cumulative Collision Time (s),Clutch Press,MTMR Angle,MTML Angle
""
lci_T_si,,,,,-0.05716041,0.03275584,0.23713137,0.994629,0.0609184,0.083678454,0.10083557,-0.7527042,-0.65059096,0.023352161,0.6555344,-0.75480413
rci_T_si,,,,,-0.06778313,0.037861038,0.2520986,0.9957384,0.04780823,0.078863226,0.08774167,-0.7544281,-0.6504919,0.028397763,0.65463936,-0.75540775
ecm_T_lc,,,,,-4.4061628e-05,-0.00034663224,-0.01840835,-0.99912,0.030754527,0.028518902,-0.031987965,-0.99852574,-0.043852776,0.027128186,-0.04472645,0.9986309
ecm_T_rc,,,,,-0.0043358393,0.01870579,-0.007592615,-0.99555075,-0.052743673,-0.078081585,0.04863213,-0.9973746,0.053654674,-0.08070653,0.04961868,0.9955021
cart_T_ecmi,,,,,0.07735911,1.3283129,0.4541247,0.9978648,0.045891095,-0.046474215,0.005311808,-0.7662209,-0.6425553,-0.06509708,0.64093643,-0.7648287
ecmac_T_ecmrep_psm1,,,,,0.011581071,-0.24422047,-0.31388107,0.99918455,0.03945311,0.008580942,-0.0387743,0.99689597,-0.06852016,-0.011257639,0.068131566,0.99761283
ecmac_T_ecmrep_psm3,,,,,0.00032986852,-0.4435548,-0.5434704,0.9997429,-0.0075566242,-0.021376874,0.008153117,0.9995759,0.027955532,0.021156559,-0.028122634,0.9993806
""
0,11:09:35.830713,11:08:31.907845,0,,0.121258736,0.0018892065,0.020226344,-0.71951556,-0.39817974,-0.5689905,-0.45124972,-0.35472864,0.8188658,-0.52789307,0.84594357,0.07555419,,0.057676926,-0.04314439,0.026327908,0.69303524,-0.30698106,0.65227664,-0.64777625,0.1318931,0.75032663,-0.3163669,-0.9425322,-0.10744852,,0.077379905,1.3283154,0.45412594,0.997865,0.045862246,-0.04649841,0.0052742353,-0.76622266,-0.6425535,-0.06509708,0.64093643,-0.7648287,,-0.08952878,0.23250343,-0.09289179,0.7845193,0.33334866,0.5228844,-0.61398476,0.29939952,0.7303305,0.08690336,-0.8940014,0.4395557,,-0.017639508,0.3991254,-0.35563383,-0.6021539,0.43363187,-0.6703537,-0.7742342,-0.5220978,0.35773638,-0.19486432,0.7344231,0.65011585,,0.9828335992381823,0.27730016931477947,0.17732728684000001,0.3373911190665997,0.24881506607286705,1.2014922553456437,-0.4050932840130126,,-1.2503027296040738,-0.10570104484951086,0.17750228599,-0.1411213319650849,0.4560926362170402,-0.9627769687154819,0.8761775707442738,,-0.03261365873507904,-0.08565421470318672,0.08101381028,-0.06541713947960498,,2.0682812e-05,-1.7881393e-07,-3.5762787e-06,1.0,-2.880022e-05,-2.4136156e-05,2.880022e-05,1.0,-2.503395e-06,2.4136156e-05,2.4437904e-06,1.0,34,0.101,0,0,0.0,False,-0.2559459062012759,1.0506737121774343
0.1252317320322618,11:09:35.858130,11:08:31.907845,0,,0.12124008,0.0019069687,0.02031219,-0.71642727,-0.40419173,-0.56864834,-0.44945616,-0.35599837,0.81930107,-0.53359264,0.8425522,0.07338041,,0.05767911,-0.043144718,0.026327372,0.69303566,-0.3069712,0.6522807,-0.6477798,0.1318923,0.75032365,-0.31635863,-0.9425355,-0.10744369,,0.077379905,1.3283154,0.45412594,0.997865,0.045862246,-0.04649841,0.0052742353,-0.76622266,-0.6425535,-0.06509708,0.64093643,-0.7648287,,-0.08951895,0.23257312,-0.092947274,0.7818963,0.33969912,0.52272624,-0.6164983,0.29683703,0.7292583,0.09256389,-0.89246416,0.44151968,,-0.017641565,0.39912444,-0.35563353,-0.6021554,0.43362263,-0.6703583,-0.77423096,-0.5221021,0.35773712,-0.19487257,0.7344255,0.65011066,,0.9831733994846481,0.27723066471891145,0.17727543524000003,0.33403607997084733,0.2549637085623119,1.198275381962397,-0.40509328401301237,,-1.2503104523369482,-0.1057087675823851,0.17750358228000002,-0.1411213319650849,0.4560926362170402,-0.9627769687154819,0.8761775707442738,,-0.03261365873507904,-0.08565421470318672,0.08101381028,-0.06541713947960498,,2.0682812e-05,-1.7881393e-07,-3.5762787e-06,1.0,-2.880022e-05,-2.4136156e-05,2.880022e-05,1.0,-2.503395e-06,2.4136156e-05,2.4437904e-06,1.0,42,0.126,0,0,0.0,False,-0.25642252794944387,1.0507702725789931
0.15264561399817467,11:09:35.877214,11:08:31.907845,0,,0.12120208,0.0019274577,0.020410419,-0.71347606,-0.40927255,-0.5687248,-0.44803473,-0.3575772,0.819392,-0.5387177,0.83942515,0.07175434,,0.057678614,-0.043145016,0.026325583,0.693034,-0.30697754,0.6522796,-0.64778066,0.13188851,0.75032365,-0.31636068,-0.942534,-0.10745099,,0.077379905,1.3283154,0.45412594,0.997865,0.045862246,-0.04649841,0.0052742353,-0.76622266,-0.6425535,-0.06509708,0.64093643,-0.7648287,,-0.08949115,0.23265456,-0.09301139,0.77937275,0.3451124,0.5229489,-0.6189218,0.29411745,0.7283067,0.09753928,-0.8912869,0.44282475,,-0.017640807,0.3991231,-0.35563254,-0.60215336,0.4336289,-0.67035615,-0.77423275,-0.52210283,0.35773218,-0.19487183,0.7344213,0.65011567,,0.9836290407242273,0.2771843283216661,0.17721321332,0.3306810408750949,0.2604291685529295,1.1956972768377732,-0.40460325181460965,,-1.2503027296040738,-0.1057087675823851,0.17750487857000002,-0.1411213319650849,0.4560926362170402,-0.9627769687154819,0.8761775707442738,,-0.03261365873507904,-0.08565421470318672,0.08101381028,-0.06541713947960498,,2.0682812e-05,-1.7881393e-07,-3.5762787e-06,1.0,-2.880022e-05,-2.4136156e-05,2.880022e-05,1.0,-2.503395e-06,2.4136156e-05,2.4437904e-06,1.0,49,0.146,0,0,0.0,False,-0.25630337251240265,1.050335750771978
0.17170759802684188,11:09:35.900488,11:08:31.907845,0,,0.12114313,0.0019407049,0.020534724,-0.71131784,-0.4133322,-0.5684921,-0.44681746,-0.35843617,0.8196814,-0.54256886,0.8370663,0.07027793,,0.057679024,-0.043143347,0.02632624,0.6930369,-0.30697474,0.65227765,-0.6477754,0.13189694,0.75032663,-0.3163648,-0.94253373,-0.107441306,,0.077379905,1.3283154,0.45412594,0.997865,0.045862246,-0.04649841,0.0052742353,-0.76622266,-0.6425535,-0.06509708,0.64093643,-0.7648287,,-0.08944461,0.23274885,-0.09310108,0.77752906,0.34940705,0.5228415,-0.6206227,0.2923424,0.72757363,0.1013706,-0.890197,0.44415465,,-0.017641392,0.39912465,-0.35563174,-0.602156,0.4336256,-0.67035586,-0.7742324,-0.5220971,0.3577413,-0.19486508,0.7344273,0.6501109,,0.9842082456897941,0.27717660558879187,0.17712247302,0.3281647615532806,0.2646649000456581,1.1931417879647301,-0.4047665958807438,,-1.2503181750698222,-0.10569332211663664,0.17750487857000002,-0.1411213319650849,0.4560926362170402,-0.9627769687154819,0.8761775707442738,,-0.03261365873507904,-0.08565421470318672,0.08101381028,-0.06541713947960498,,2.0682812e-05,-1.7881393e-07,-3.5762787e-06,1.0,-2.880022e-05,-2.4136156e-05,2.880022e-05,1.0,-2.503395e-06,2.4136156e-05,2.4437904e-06,1.0,57,0.171,0,0,0.0,False,-0.25588632848275505,1.0504805913743163
0.19498188293073326,11:09:35.926539,11:08:31.907845,0,,0.1210428,0.0019747838,0.020724565,-0.70811546,-0.4207923,-0.5670152,-0.44433397,-0.3585405,0.8209847,-0.54876196,0.8332962,0.06691569,,0.057677783,-0.043141022,0.02632624,0.6930395,-0.30698177,0.6522717,-0.6477667,0.13190618,0.7503326,-0.3163771,-0.9425301,-0.10743642,,0.077379905,1.3283154,0.45412594,0.997865,0.045862246,-0.04649841,0.0052742353,-0.76622266,-0.6425535,-0.06509708,0.64093643,-0.7648287,,-0.089363895,0.23290448,-0.09322967,0.7748078,0.35718167,0.52162635,-0.62292856,0.29057103,0.72631156,0.10785567,-0.88768786,0.44763538,,-0.017640293,0.39912644,-0.35563016,-0.6021572,0.4336315,-0.67035097,-0.77423525,-0.5220871,0.3577497,-0.19485007,0.7344309,0.6501113,,0.9851967554976949,0.2771688828559177,0.17699284402,0.3246000325140437,0.271769998033461,1.1875114144527976,-0.4047665958807438,,-1.2503104523369482,-0.10568559938376242,0.17750487857000002,-0.1411213319650849,0.4560926362170402,-0.9627769687154819,0.8761775707442738,,-0.03261365873507904,-0.08565421470318672,0.08101381028,-0.06541713947960498,,2.0682812e-05,-1.7881393e-07,-3.5762787e-06,1.0,-2.880022e-05,-2.4136156e-05,2.880022e-05,1.0,-2.503395e-06,2.4136156e-05,2.4437904e-06,1.0,65,0.196,0,0,0.0,False,-0.25677999426057063,1.0502874705711984
0.22100762196350843,11:09:35.951224,11:08:31.907845,0,,0.12097779,0.00202965,0.02084802,-0.7043235,-0.42835993,-0.56607085,-0.44203332,-0.35930923,0.8218901,-0.5554593,0.8290987,0.063720495,,0.0576784,-0.043142155,0.02632618,0.6930382,-0.30697826,0.6522747,-0.6477711,0.13190159,0.7503296,-0.31637102,-0.9425319,-0.10743886,,0.077379905,1.3283154,0.45412594,0.997865,0.045862246,-0.04649841,0.0052742353,-0.76622266,-0.6425535,-0.06509708,0.64093643,-0.7648287,,-0.08931308,0.2330308,-0.09329242,0.7715548,0.3651321,0.5209431,-0.62574875,0.28802848,0.7248987,0.11463731,-0.8852786,0.4507107,,-0.017640842,0.39912555,-0.35563093,-0.6021566,0.43362856,-0.6703534,-0.7742338,-0.5220921,0.3577455,-0.19485757,0.7344291,0.6501111,,0.9859381378536205,0.2771688828559177,0.17693191839000003,0.3204062336443532,0.2791483690207948,1.182393313794737,-0.40443990774847527,,-1.2503104523369482,-0.10569332211663664,0.17750487857000002,-0.1411213319650849,0.4560926362170402,-0.9627769687154819,0.8761775707442738,,-0.03261365873507904,-0.08565421470318672,0.08101381028,-0.06541713947960498,,2.0682812e-05,-1.7881393e-07,-3.5762787e-06,1.0,-2.880022e-05,-2.4136156e-05,2.880022e-05,1.0,-2.503395e-06,2.4136156e-05,2.4437904e-06,1.0,76,0.228,0,0,0.0,False,-0.25600548391979716,1.0507219923782136
0.24574203696101904,11:09:35.981015,11:08:32.041636,0,,0.12085053,0.0021001175,0.02106297,-0.6988503,-0.4361834,-0.56687933,-0.43918288,-0.36387587,0.8214089,-0.56455857,0.8230057,0.06273043,,0.057680096,-0.04314278,0.026323915,0.6930369,-0.30697474,0.65227765,-0.6477754,0.13189694,0.75032663,-0.3163648,-0.94253373,-0.107441306,,0.077379905,1.3283154,0.45412594,0.997865,0.045862246,-0.04649841,0.0052742353,-0.76622266,-0.6425535,-0.06509708,0.64093643,-0.7648287,,-0.089209534,0.2332328,-0.09341827,0.76682794,0.37368008,0.52186024,-0.629822,0.28139052,0.7239776,0.12368949,-0.8838453,0.45113006,,-0.017642142,0.39912325,-0.35562968,-0.602156,0.4336256,-0.67035586,-0.7742324,-0.5220971,0.3577413,-0.19486508,0.7344273,0.6501109,,0.9872046660449934,0.2771611601230434,0.17680747455,0.3141155353398175,0.289122833503672,1.179323888713613,-0.40607334840981824,,-1.2503104523369482,-0.10570104484951086,0.17750747115,-0.1411213319650849,0.4560926362170402,-0.9627769687154819,0.8761775707442738,,-0.03261365873507904,-0.08565421470318672,0.08101381028,-0.06541713947960498,,2.0682812e-05,-1.7881393e-07,-3.5762787e-06,1.0,-2.880022e-05,-2.4136156e-05,2.880022e-05,1.0,-2.503395e-06,2.4136156e-05,2.4437904e-06,1.0,84,0.253,0,0,0.0,False,-0.2566608388235285,1.050432311173537
0.2755203639389947,11:09:36.006962,11:08:32.041636,0,,0.12072782,0.0021946505,0.02127093,-0.69285655,-0.44634774,-0.5663246,-0.4345341,-0.36831123,0.8219044,-0.57543886,0.81554925,0.06123349,,0.057679564,-0.043141738,0.026318073,0.69303477,-0.30699092,0.65227246,-0.6477728,0.13189387,0.7503295,-0.31637514,-0.94252884,-0.107453346,,0.077379905,1.3283154,0.45412594,0.997865,0.045862246,-0.04649841,0.0052742353,-0.76622266,-0.6425535,-0.06509708,0.64093643,-0.7648287,,-0.089110896,0.23344843,-0.0935232,0.76166874,0.38467714,0.52142525,-0.6336875,0.2742086,0.72336006,0.13528079,-0.8813814,0.4526212,,-0.017640827,0.39912003,-0.35562488,-0.60215247,0.43364108,-0.67034906,-0.7742374,-0.52209353,0.35773563,-0.19485606,0.73442066,0.65012103,,0.9885329760993599,0.27713026919154654,0.17670895651000001,0.30782483703528174,0.3016933914820925,1.1747909533833818,-0.4039498755500728,,-1.2502950068711998,-0.10569332211663664,0.17751265631000002,-0.1411213319650849,0.4560926362170402,-0.9627769687154819,0.8761775707442738,,-0.03261365873507904,-0.08565421470318672,0.08101381028,-0.06541713947960498,,2.0682812e-05,-1.7881393e-07,-3.5762787e-06,1.0,-2.880022e-05,-2.4136156e-05,2.880022e-05,1.0,-2.503395e-06,2.4136156e-05,2.4437904e-06,1.0,92,0.278,0,0,0.0,False,-0.2559459062012759,1.050963393382111
0.30148305103648454,11:09:36.032369,11:08:32.041636,0,,0.12058793,0.0022678524,0.0214248,-0.6874689,-0.45413718,-0.56669736,-0.4328351,-0.37036335,0.8218787,-0.58312964,0.8103026,0.05804673,,0.057679884,-0.04313861,0.026317537,0.693039,-0.30699167,0.6522676,-0.6477632,0.13190699,0.75033545,-0.3163854,-0.9425268,-0.10744125,,0.077379905,1.3283154,0.45412594,0.997865,0.045862246,-0.04649841,0.0052742353,-0.76622266,-0.6425535,-0.06509708,0.64093643,-0.7648287,,-0.08898923,0.23361507,-0.09360088,0.7569471,0.393002,0.5220924,-0.63774717,0.27003625,0.72135913,0.14251171,-0.87899363,0.45503908,,-0.017641237,0.39912176,-0.35562226,-0.6021557,0.43364075,-0.6703464,-0.77423847,-0.52208287,0.35774896,-0.1948418,0.7344285,0.6501165,,0.9897608906263616,0.27702987366418164,0.17663506798,0.301114758843777,0.31002821796778435,1.1694646785804301,-0.4054199721452809,,-1.2503027296040738,-0.1056778766508882,0.17751395260000002,-0.1411213319650849,0.4560926362170402,-0.9627769687154819,0.8761775707442738,,-0.03261365873507904,-0.08565421470318672,0.08101381028,-0.06541713947960498,,2.0682812e-05,-1.7881393e-07,-3.5762787e-06,1.0,-2.880022e-05,-2.4136156e-05,2.880022e-05,1.0,-2.503395e-06,2.4136156e-05,2.4437904e-06,1.0,107,0.323,0,0,0.0,False,-0.2561842170753601,1.0505771517758753
0.32688889803830534,11:09:36.080294,11:08:32.041636,0,,0.12045589,0.0023890063,0.02159731,-0.6792559,-0.4691725,-0.5643479,-0.4267978,-0.37303704,0.8238246,-0.5970385,0.8004502,0.053145736,,0.057683103,-0.04313709,0.026310623,0.693039,-0.30699167,0.6522676,-0.6477632,0.13190699,0.75033545,-0.3163854,-0.9425268,-0.10744125,,0.077379905,1.3283154,0.45412594,0.997865,0.045862246,-0.04649841,0.0052742353,-0.76622266,-0.6425535,-0.06509708,0.64093643,-0.7648287,,-0.088879205,0.23382962,-0.09366198,0.7497998,0.40898862,0.5201236,-0.64266723,0.26314628,0.71953654,0.15741368,-0.87377477,0.4601506,,-0.017643489,0.39911756,-0.35561612,-0.6021557,0.43364075,-0.6703464,-0.77423847,-0.52208287,0.35774896,-0.1948418,0.7344285,0.6501165,,0.9911355370779735,0.27681363714370333,0.17659488299,0.29293685104788053,0.32615132494010635,1.1600745879907182,-0.40525662807914675,,-1.2503027296040738,-0.1056778766508882,0.17752173034000002,-0.1411213319650849,0.4560926362170402,-0.9627769687154819,0.8761775707442738,,-0.03261365873507904,-0.08565421470318672,0.08101381028,-0.06541713947960498,,2.0682812e-05,-1.7881393e-07,-3.5762787e-06,1.0,-2.880022e-05,-2.4136156e-05,2.880022e-05,1.0,-2.503395e-06,2.4136156e-05,2.4437904e-06,1.0,115,0.347,0,0,0.0,False,-0.25636295023092304,1.0506254319766548
0.37476829800289124,11:09:36.103782,11:08:32.041636,0,,0.12037547,0.002471432,0.021696866,-0.67281276,-0.47773373,-0.5648835,-0.42177418,-0.37961358,0.8234076,-0.607807,0.7922524,0.053913087,,0.057683423,-0.04313396,0.026310086,0.69304323,-0.30699238,0.6522627,-0.6477537,0.13192004,0.7503414,-0.31639564,-0.94252473,-0.10742912,,0.077379905,1.3283154,0.45412594,0.997865,0.045862246,-0.04649841,0.0052742353,-0.76622266,-0.6425535,-0.06509708,0.64093643,-0.7648287,,-0.08881206,0.23396346,-0.09368944,0.74416685,0.41855407,0.52060366,-0.6462156,0.2537001,0.7197511,0.16917756,-0.8720371,0.4592714,,-0.017643899,0.39911932,-0.3556135,-0.6021589,0.43364042,-0.67034364,-0.77423954,-0.52207214,0.35776228,-0.19482756,0.73443633,0.6501119,,0.9920159286256351,0.27655878695885394,0.17658840154000002,0.28664615274334476,0.33899515591805773,1.1584226089784353,-0.4055833162114153,,-1.2503104523369482,-0.10566243118513974,0.17752302663000002,-0.1411213319650849,0.4560926362170402,-0.9627769687154819,0.8761775707442738,,-0.03261365873507904,-0.08565421470318672,0.08101381028,-0.06541713947960498,,2.0682812e-05,-1.7881393e-07,-3.5762787e-06,1.0,-2.880022e-05,-2.4136156e-05,2.880022e-05,1.0,-2.503395e-06,2.4136156e-05,2.4437904e-06,1.0,127,0.384,0,0,0.0,False,-0.25636295023092304,1.0505771517758753
0.3982968039344996,11:09:36.134761,11:08:32.200086,0,,0.12028882,0.002519168,0.021761343,-0.66654074,-0.48600182,-0.5652659,-0.41940853,-0.38239783,0.82332754,-0.6162951,0.7858588,0.051050395,,0.057684492,-0.043133423,0.026307762,0.69304323,-0.30699238,0.6522627,-0.6477537,0.13192004,0.7503414,-0.31639564,-0.94252473,-0.10742912,,0.077379905,1.3283154,0.45412594,0.997865,0.045862246,-0.04649841,0.0052742353,-0.76622266,-0.6425535,-0.06509708,0.64093643,-0.7648287,,-0.08873395,0.23404899,-0.09371233,0.73860997,0.42749363,0.5212528,-0.6503493,0.2482837,0.7179143,0.17748521,-0.86925507,0.461405,,-0.01764465,0.39911792,-0.35561144,-0.6021589,0.43364042,-0.67034364,-0.77423954,-0.52207214,0.35776228,-0.19482756,0.73443633,0.6501119,,0.9927186973171896,0.2762035412466396,0.17658580896,0.27972638460835547,0.34842307440187315,1.153593529528302,-0.40541997214528114,,-1.2503104523369482,-0.10566243118513974,0.17752561921,-0.1411213319650849,0.4560926362170402,-0.9627769687154819,0.8761775707442738,,-0.03261365873507904,-0.08565421470318672,0.08101381028,-0.06541713947960498,,2.0682812e-05,-1.7881393e-07,-3.5762787e-06,1.0,-2.880022e-05,-2.4136156e-05,2.880022e-05,1.0,-2.503395e-06,2.4136156e-05,2.4437904e-06,1.0,135,0.409,0,0,0.0,False,-0.2570778828531757,1.0504805913743163
0.4292501889867708,11:09:36.157689,11:08:32.200086,0,,0.12025581,0.0025453866,0.021803781,-0.66266304,-0.49414733,-0.5627575,-0.4156314,-0.38243234,0.82522476,-0.6229993,0.78074574,0.04804054,,0.05768346,-0.04313402,0.026307166,0.69304156,-0.30699867,0.6522616,-0.64775443,0.13191617,0.7503414,-0.31639773,-0.9425232,-0.10743642,,0.077379905,1.3283154,0.45412594,0.997865,0.045862246,-0.04649841,0.0052742353,-0.76622266,-0.6425535,-0.06509708,0.64093643,-0.7648287,,-0.08870621,0.23409908,-0.09372967,0.73520726,0.43607137,0.51895285,-0.65204656,0.2457803,0.71723586,0.18521763,-0.86569846,0.4650383,,-0.017643517,0.39911726,-0.3556115,-0.6021569,0.43364665,-0.6703415,-0.7742413,-0.52207285,0.35775733,-0.1948268,0.7344321,0.6501169,,0.9930893884951524,0.2759100773974191,0.17658840154000002,0.27637134551260306,0.35689453738733046,1.1479108006012322,-0.405256628079147,,-1.2503027296040738,-0.10566243118513974,0.17752561921,-0.1411213319650849,0.4560926362170402,-0.9627769687154819,0.8761775707442738,,-0.03261365873507904,-0.08565421470318672,0.08101381028,-0.06541713947960498,,2.0682812e-05,-1.7881393e-07,-3.5762787e-06,1.0,-2.880022e-05,-2.4136156e-05,2.880022e-05,1.0,-2.503395e-06,2.4136156e-05,2.4437904e-06,1.0,154,0.466,0,0,0.0,False,-0.25731619372725945,1.0506254319766548
0.4522044350160286,11:09:36.210398,11:08:32.200086,0,,0.12019858,0.0026124343,0.021926627,-0.65129685,-0.5125975,-0.55951416,-0.40478855,-0.38897854,0.8275517,-0.64184,0.7654668,0.04584679,,0.057685032,-0.043133184,0.02630663,0.69304323,-0.30699238,0.6522627,-0.6477537,0.13192004,0.7503414,-0.31639564,-0.94252473,-0.10742912,,0.077379905,1.3283154,0.45412594,0.997865,0.045862246,-0.04649841,0.0052742353,-0.76622266,-0.6425535,-0.06509708,0.64093643,-0.7648287,,-0.08866361,0.23423366,-0.093783855,0.7251684,0.45612827,0.5158273,-0.65668464,0.23279765,0.7173357,0.20711373,-0.85892504,0.46834993,,-0.017645026,0.3991172,-0.35561043,-0.6021589,0.43364042,-0.67034364,-0.77423954,-0.52207214,0.35776228,-0.19482756,0.73443633,0.6501119,,0.9939079981798201,0.2751609723086193,0.17659229041000002,0.266725608112315,0.38080592484628256,1.1397660123338964,-0.40607334840981824,,-1.2503104523369482,-0.10566243118513974,0.17752691550000002,-0.1411213319650849,0.4560926362170402,-0.9627769687154819,0.8761775707442738,,-0.03261365873507904,-0.08565421470318672,0.08101381028,-0.06541713947960498,,2.0682812e-05,-1.7881393e-07,-3.5762787e-06,1.0,-2.880022e-05,-2.4136156e-05,2.880022e-05,1.0,-2.503395e-06,2.4136156e-05,2.4437904e-06,1.0,158,0.478,0,0,0.0,False,-0.25731619372725945,1.0505771517758753
0.5049049590015784,11:09:36.232303,11:08:32.200086,0,,0.12014592,0.002636291,0.021964341,-0.64679843,-0.5170111,-0.5606704,-0.4030499,-0.3923828,0.82679284,-0.6474585,0.7607465,0.04541126,,0.05768556,-0.043132916,0.026305497,0.69304323,-0.30699238,0.6522627,-0.6477537,0.13192004,0.7503414,-0.31639564,-0.94252473,-0.10742912,,0.077379905,1.3283154,0.45412594,0.997865,0.045862246,-0.04649841,0.0052742353,-0.76622266,-0.6425535,-0.06509708,0.64093643,-0.7648287,,-0.088615775,0.23428077,-0.093799904,0.7211376,0.46110594,0.51705116,-0.6593202,0.22760463,0.71658427,0.21273804,-0.8576581,0.4681507,,-0.0176454,0.39911652,-0.35560942,-0.6021589,0.43364042,-0.67034364,-0.77423954,-0.52207214,0.35776228,-0.19482756,0.73443633,0.6501119,,0.9943018575564057,0.2748829539251472,0.17659358670000003,0.2619027394121709,0.3872278403352582,1.1382865929066308,-0.40640003654208656,,-1.2503104523369482,-0.10566243118513974,0.17752821179000003,-0.1411213319650849,0.4560926362170402,-0.9627769687154819,0.8761775707442738,,-0.03261365873507904,-0.08565421470318672,0.08101381028,-0.06541713947960498,,2.0682812e-05,-1.7881393e-07,-3.5762787e-06,1.0,-2.880022e-05,-2.4136156e-05,2.880022e-05,1.0,-2.503395e-06,2.4136156e-05,2.4437904e-06,1.0,166,0.503,0,0,0.0,False,-0.25672041654204936,1.050432311173537
0.5268148080212995,11:09:36.258415,11:08:32.200086,0,,0.12005882,0.0026918277,0.02204834,-0.6416494,-0.52646476,-0.5577821,-0.3982057,-0.39288056,0.82890105,-0.6555289,0.753976,0.04245025,,0.05768664,-0.04313244,0.026303113,0.69304323,-0.30699238,0.6522627,-0.6477537,0.13192004,0.7503414,-0.31639564,-0.94252473,-0.10742912,,0.077379905,1.3283154,0.45412594,0.997865,0.045862246,-0.04649841,0.0052742353,-0.76622266,-0.6425535,-0.06509708,0.64093643,-0.7648287,,-0.08853937,0.2343847,-0.09383284,0.7165498,0.4711589,0.5143595,-0.6611795,0.22381817,0.7160636,0.22225673,-0.8531792,0.47189745,,-0.01764615,0.3991151,-0.35560736,-0.6021589,0.43364042,-0.67034364,-0.77423954,-0.52207214,0.35776228,-0.19482756,0.73443633,0.6501119,,0.9950895763095765,0.2745740446101782,0.17658580896,0.2572895606555114,0.39774885081719713,1.1314226678649582,-0.4062366924759526,,-1.2503104523369482,-0.10566243118513974,0.17753080437000002,-0.1411213319650849,0.4560926362170402,-0.9627769687154819,0.8761775707442738,,-0.03261365873507904,-0.08565421470318672,0.08101381028,-0.06541713947960498,,2.0682812e-05,-1.7881393e-07,-3.5762787e-06,1.0,-2.880022e-05,-2.4136156e-05,2.880022e-05,1.0,-2.503395e-06,2.4136156e-05,2.4437904e-06,1.0,174,0.527,0,0,0.0,False,-0.2571374605716965,1.0505771517758753
0.5529352319426835,11:09:36.283737,11:08:32.348478,0,,0.11991137,0.0027410388,0.022128686,-0.6408991,-0.52664876,-0.5584705,-0.39797306,-0.39415422,0.828408,-0.65640354,0.7531823,0.043020934,,0.05769009,-0.043130532,0.02629584,0.693028,-0.3069908,0.6522796,-0.6478226,0.1317684,0.7503085,-0.3162877,-0.9425464,-0.10755643,,0.077379905,1.3283154,0.45412594,0.997865,0.045862246,-0.04649841,0.0052742353,-0.76622266,-0.6425535,-0.06509708,0.64093643,-0.7648287,,-0.088402316,0.23448707,-0.09386963,0.71587425,0.47147164,0.51501316,-0.6616237,0.2223539,0.7161095,0.22311012,-0.85338926,0.47111425,,-0.017648602,0.39911082,-0.35560068,-0.6021558,0.43365052,-0.6703399,-0.77421033,-0.5221938,0.35764787,-0.19495316,0.7343438,0.65017873,,0.9961244225147227,0.2745199854800586,0.17654821655000003,0.2558217310511197,0.3989785793150861,1.1310733366528147,-0.40591000434368385,,-1.2503104523369482,-0.10565470845226552,0.17753858211,-0.1411213319650849,0.4559559997172748,-0.9626655508117855,0.8761775707442738,,-0.03261365873507904,-0.08565421470318672,0.08101381028,-0.06541713947960498,,2.0682812e-05,-1.7881393e-07,-3.5762787e-06,1.0,-2.880022e-05,-2.4136156e-05,2.880022e-05,1.0,-2.503395e-06,2.4136156e-05,2.4437904e-06,1.0,186,0.564,0,0,0.0,False,-0.25642252794944387,1.0501909101696396
0.5782429480459541,11:09:36.310218,11:08:32.348478,0,,0.119814046,0.00280077,0.022236288,-0.6379708,-0.52997804,-0.5586738,-0.39744225,-0.39478558,0.8283621,-0.6595702,0.7505115,0.04122588,,0.05769009,-0.043130532,0.02629584,0.693028,-0.30693755,0.6523047,-0.6478226,0.13182971,0.7502977,-0.3162877,-0.9425552,-0.10747945,,0.077379905,1.3283154,0.45412594,0.997865,0.045862246,-0.04649841,0.0052742353,-0.76622266,-0.6425535,-0.06509708,0.64093643,-0.7648287,,-0.088318095,0.23461011,-0.09391849,0.7132313,0.47505865,0.5153837,-0.663491,0.2204886,0.71495765,0.22601059,-0.8518827,0.47245649,,-0.017648602,0.39911082,-0.35560068,-0.6021558,0.43359578,-0.67037535,-0.77421033,-0.5221646,0.3576905,-0.19495316,0.73439693,0.65011877,,0.9969353094665162,0.27461265827454934,0.17649895753000003,0.25204731206839825,0.4022578553094566,1.127745877042976,-0.40525662807914675,,-1.2503104523369482,-0.10565470845226552,0.17753858211,-0.1411213319650849,0.4559559997172748,-0.962747229551926,0.8760142266781396,,-0.03261365873507904,-0.08565421470318672,0.08101381028,-0.06541713947960498,,2.0682812e-05,-1.7881393e-07,-3.5762787e-06,1.0,-2.880022e-05,-2.4136156e-05,2.880022e-05,1.0,-2.503395e-06,2.4136156e-05,2.4437904e-06,1.0,197,0.597,0,0,0.0,False,-0.25624379479388093,1.0505771517758753
0.6047001830302179,11:09:36.343903,11:08:32.348478,0,,0.11963086,0.002943024,0.022477359,-0.63667065,-0.534502,-0.5558399,-0.39362144,-0.39457124,0.83028644,-0.66310835,0.7474095,0.04082048,,0.057691835,-0.043131247,0.026290655,0.69302505,-0.30694038,0.65230656,-0.6478278,0.13182124,0.7502948,-0.31628364,-0.9425554,-0.10748914,,0.077379905,1.3283154,0.45412594,0.997865,0.045862246,-0.04649841,0.0052742353,-0.76622266,-0.6425535,-0.06509708,0.64093643,-0.7648287,,-0.088164486,0.23488903,-0.09402106,0.7120974,0.47983664,0.51251745,-0.66291213,0.21911187,0.7159173,0.23122469,-0.8495568,0.4741185,,-0.017649518,0.39910644,-0.35559744,-0.6021532,0.43359905,-0.6703756,-0.7742107,-0.5221703,0.3576814,-0.19495991,0.7343909,0.65012354,,0.9987115380275878,0.2750914677127513,0.17638618030000003,0.2507891724074911,0.40758667880030885,1.1232372213185347,-0.4055833162114155,,-1.2503027296040738,-0.10566243118513974,0.17754376727,-0.1411213319650849,0.4559559997172748,-0.962747229551926,0.8760142266781396,,-0.03261365873507904,-0.08565421470318672,0.08101381028,-0.06541713947960498,,2.0682812e-05,-1.7881393e-07,-3.5762787e-06,1.0,-2.880022e-05,-2.4136156e-05,2.880022e-05,1.0,-2.503395e-06,2.4136156e-05,2.4437904e-06,1.0,205,0.622,0,0,0.0,False,-0.2568991496976123,1.0502391903704191
0.6384062679717317,11:09:36.371368,11:08:32.348478,0,,0.11954346,0.0030124858,0.0225842,-0.63603204,-0.53429514,-0.55676913,-0.39400285,-0.39552358,0.82965213,-0.6634944,0.74705416,0.041051805,,0.05769134,-0.043131545,0.026288867,0.69302326,-0.3069467,0.65230536,-0.64782864,0.13181734,0.7502947,-0.31628567,-0.94255394,-0.10749641,,0.077379905,1.3283154,0.45412594,0.997865,0.045862246,-0.04649841,0.0052742353,-0.76622266,-0.6425535,-0.06509708,0.64093643,-0.7648287,,-0.08809051,0.23501815,-0.09406269,0.7115148,0.47970572,0.5134483,-0.6635091,0.21813558,0.7156623,0.23130596,-0.84988195,0.47349578,,-0.01764876,0.3991051,-0.35559645,-0.6021511,0.4336053,-0.6703734,-0.7742125,-0.522171,0.35767645,-0.19495916,0.7343867,0.65012854,,0.9994992567807587,0.27542354522634294,0.17633173612000003,0.24932134280309945,0.40758667880030885,1.1229105063579725,-0.405256628079147,,-1.2502950068711998,-0.10566243118513974,0.17754506356000002,-0.1411213319650849,0.4559559997172748,-0.962747229551926,0.8760142266781396,,-0.03261365873507904,-0.08565421470318672,0.08101381028,-0.06541713947960498,,2.0682812e-05,-1.7881393e-07,-3.5762787e-06,1.0,-2.880022e-05,-2.4136156e-05,2.880022e-05,1.0,-2.503395e-06,2.4136156e-05,2.4437904e-06,1.0,213,0.646,0,0,0.0,False,-0.25677999426057063,1.0502391903704191
0.6658901509363204,11:09:36.402149,11:08:32.348478,0,,0.1194384,0.0031493679,0.022763878,-0.6363773,-0.5345228,-0.55615574,-0.3933046,-0.39539054,0.8300469,-0.6635777,0.7469616,0.04138726,,0.0576934,-0.043130443,0.02629006,0.6930267,-0.306934,0.65230775,-0.64782697,0.13182509,0.7502948,-0.31628156,-0.94255704,-0.1074819,,0.077379905,1.3283154,0.45412594,0.997865,0.045862246,-0.04649841,0.0052742353,-0.76622266,-0.6425535,-0.06509708,0.64093643,-0.7648287,,-0.08800869,0.23524682,-0.094118096,0.7118351,0.4799349,0.51278967,-0.6629927,0.2182005,0.71612096,0.23180047,-0.84973586,0.47351614,,-0.017651027,0.3991064,-0.35559636,-0.6021552,0.4335928,-0.6703778,-0.7742089,-0.5221696,0.3576863,-0.19496067,0.73439515,0.6501186,,1.0006962803762636,0.2762035412466396,0.17625006985000002,0.24911165285961492,0.40758667880030885,1.1215219677755828,-0.4057466602775497,,-1.2503104523369482,-0.10566243118513974,0.17754506356000002,-0.1411213319650849,0.4559559997172748,-0.962747229551926,0.8760142266781396,,-0.03261365873507904,-0.08565421470318672,0.08101381028,-0.06541713947960498,,2.0682812e-05,-1.7881393e-07,-3.5762787e-06,1.0,-2.880022e-05,-2.4136156e-05,2.880022e-05,1.0,-2.503395e-06,2.4136156e-05,2.4437904e-06,1.0,221,0.671,0,0,0.0,False,-0.25683957197909146,1.0499977893665218
0.6966637319419533,11:09:36.423212,11:08:32.348478,0,,0.11940935,0.0032448843,0.022860408,-0.6371054,-0.5349145,-0.5549442,-0.39220947,-0.39481252,0.83083975,-0.6635272,0.746987,0.04173863,,0.05769134,-0.043131545,0.026288867,0.69302326,-0.3069467,0.65230536,-0.64782864,0.13181734,0.7502947,-0.31628567,-0.94255394,-0.10749641,,0.077379905,1.3283154,0.45412594,0.997865,0.045862246,-0.04649841,0.0052742353,-0.76622266,-0.6425535,-0.06509708,0.64093643,-0.7648287,,-0.087992944,0.23538402,-0.09413266,0.7125064,0.4802967,0.51151705,-0.6620511,0.21869741,0.7168402,0.23242852,-0.8494036,0.47380424,,-0.01764876,0.3991051,-0.35559645,-0.6021511,0.4336053,-0.6703734,-0.7742125,-0.522171,0.35767645,-0.19495916,0.7343867,0.65012854,,1.0012677626089561,0.2767981916779549,0.17621766260000002,0.24995041263355305,0.40772331530007433,1.1205937624704807,-0.406073348409818,,-1.2502950068711998,-0.10566243118513974,0.17754506356000002,-0.1411213319650849,0.4559559997172748,-0.962747229551926,0.8760142266781396,,-0.03261365873507904,-0.08565421470318672,0.08101381028,-0.06541713947960498,,2.0682812e-05,-1.7881393e-07,-3.5762787e-06,1.0,-2.880022e-05,-2.4136156e-05,2.880022e-05,1.0,-2.503395e-06,2.4136156e-05,2.4437904e-06,1.0,229,0.695,0,0,0.0,False,-0.25677999426057063,1.0505288715750958
0.7177272019907832,11:09:36.444928,11:08:32.510902,0,,0.1194004,0.003354393,0.02295202,-0.6375997,-0.5355535,-0.5537589,-0.39106736,-0.3943056,0.83161855,-0.66372645,0.74679685,0.041971505,,0.057689607,-0.04312949,0.026287198,0.6930241,-0.30690682,0.6523233,-0.6478208,0.13188404,0.7502898,-0.3163001,-0.94255763,-0.107421815,,0.077379905,1.3283154,0.45412594,0.997865,0.045862246,-0.04649841,0.0052742353,-0.76622266,-0.6425535,-0.06509708,0.64093643,-0.7648287,,-0.08799735,0.23552701,-0.094133645,0.7129662,0.48092765,0.5102821,-0.661253,0.21902639,0.71747607,0.23328884,-0.8489618,0.47417325,,-0.017646905,0.39910555,-0.3555939,-0.60215026,0.43356273,-0.6704017,-0.7742171,-0.5221326,0.35772255,-0.1949434,0.7344392,0.65007395,,1.0017542947800322,0.2774932376366351,0.17619692196000003,0.2505794824640066,0.40799658829960517,1.1195541392616821,-0.40607334840981846,,-1.2502872841383255,-0.1056469857193913,0.17754635985000003,-0.1411213319650849,0.4559559997172748,-0.9628289082920666,0.8758508826120053,,-0.03261365873507904,-0.08565421470318672,0.08101381028,-0.06541713947960498,,2.0682812e-05,-1.7881393e-07,-3.5762787e-06,1.0,-2.880022e-05,-2.4136156e-05,2.880022e-05,1.0,-2.503395e-06,2.4136156e-05,2.4437904e-06,1.0,244,0.74,0,0,0.0,False,-0.2568991496976123,1.0507219923782136
0.7394471259322017,11:09:36.490933,11:08:32.510902,0,,0.1194604,0.0036257282,0.023140997,-0.63839644,-0.53713036,-0.5513084,-0.3885725,-0.39338523,0.83322227,-0.66442555,0.7461494,0.04242161,,0.057687335,-0.04312776,0.026286542,0.69302493,-0.30692023,0.6523162,-0.64781284,0.13188946,0.75029564,-0.31631452,-0.9425525,-0.10742417,,0.077379905,1.3283154,0.45412594,0.997865,0.045862246,-0.04649841,0.0052742353,-0.76622266,-0.6425535,-0.06509708,0.64093643,-0.7648287,,-0.0880865,0.2358496,-0.094103284,0.71371347,0.4825155,0.5077321,-0.65970284,0.21947114,0.71876603,0.2353832,-0.8479453,0.47495636,,-0.017644674,0.39910668,-0.35559237,-0.60214937,0.43357491,-0.67039466,-0.7742218,-0.5221233,0.357726,-0.19492763,0.7344386,0.6500793,,1.0024416180058382,0.2793621389921974,0.17617618132,0.2518376221249138,0.40840649779890154,1.117504632007641,-0.4062366924759524,,-1.2502795614054512,-0.10563154025364284,0.17754635985000003,-0.1411213319650849,0.4559559997172748,-0.9628289082920666,0.8758508826120053,,-0.03261365873507904,-0.08565421470318672,0.08101381028,-0.06541713947960498,,2.0682812e-05,-1.7881393e-07,-3.5762787e-06,1.0,-2.880022e-05,-2.4136156e-05,2.880022e-05,1.0,-2.503395e-06,2.4136156e-05,2.4437904e-06,1.0,252,0.765,0,0,0.0,False,-0.25677999426057063,1.050432311173537
0.7854504910064861,11:09:36.515357,11:08:32.510902,0,,0.11950673,0.0037256703,0.02320227,-0.6384688,-0.5377079,-0.55066127,-0.38788438,-0.39316118,0.83364856,-0.6647581,0.7458515,0.042452544,,0.057686843,-0.04312803,0.026284814,0.69302315,-0.30687326,0.65234005,-0.6478137,0.13194689,0.7502848,-0.31631657,-0.9425597,-0.10735446,,0.077379905,1.3283154,0.45412594,0.997865,0.045862246,-0.04649841,0.0052742353,-0.76622266,-0.6425535,-0.06509708,0.64093643,-0.7648287,,-0.08814267,0.23596089,-0.09408465,0.7137859,0.4831078,0.50706667,-0.65937734,0.21950862,0.7190532,0.2360747,-0.84759825,0.47523248,,-0.017643915,0.39910534,-0.3555914,-0.6021473,0.4335264,-0.67042786,-0.77422357,-0.5220948,0.3577637,-0.19492689,0.7344875,0.6500243,,1.0025420135332033,0.28010352134812294,0.17617488503,0.25204731206839825,0.40840649779890154,1.1168512020865167,-0.4062366924759524,,-1.250271838672577,-0.10563154025364284,0.17754765614,-0.1411213319650849,0.4559559997172748,-0.9629105870322071,0.8760142266781397,,-0.03261365873507904,-0.08565421470318672,0.08101381028,-0.06541713947960498,,2.0682812e-05,-1.7881393e-07,-3.5762787e-06,1.0,-2.880022e-05,-2.4136156e-05,2.880022e-05,1.0,-2.503395e-06,2.4136156e-05,2.4437904e-06,1.0,260,0.79,0,0,0.0,False,-0.25683957197909146,1.0505771517758753
0.8098612179746851,11:09:36.541147,11:08:32.510902,0,,0.1195775,0.0038763061,0.023288548,-0.63832545,-0.5385531,-0.55000097,-0.38693503,-0.39318806,0.834077,-0.66544855,0.7452272,0.042596787,,0.057685807,-0.043128595,0.026284218,0.6930214,-0.3068796,0.6523389,-0.6478145,0.13194308,0.7502848,-0.31631866,-0.9425582,-0.10736176,,0.077379905,1.3283154,0.45412594,0.997865,0.045862246,-0.04649841,0.0052742353,-0.76622266,-0.6425535,-0.06509708,0.64093643,-0.7648287,,-0.088227704,0.23612472,-0.09405184,0.7136655,0.48400754,0.50637764,-0.6590975,0.2191717,0.71941245,0.2372174,-0.847172,0.47542346,,-0.017642781,0.39910468,-0.35559142,-0.60214525,0.43353266,-0.67042565,-0.77422535,-0.5220955,0.35775876,-0.19492613,0.7344833,0.6500293,,1.002673299992065,0.28120014941626287,0.17617877390000003,0.25204731206839825,0.40854313429866695,1.1160863542616957,-0.4062366924759524,,-1.2502641159397028,-0.10563154025364284,0.17754765614,-0.1411213319650849,0.4559559997172748,-0.9629105870322071,0.8760142266781397,,-0.03261365873507904,-0.08565421470318672,0.08101381028,-0.06541713947960498,,2.0682812e-05,-1.7881393e-07,-3.5762787e-06,1.0,-2.880022e-05,-2.4136156e-05,2.880022e-05,1.0,-2.503395e-06,2.4136156e-05,2.4437904e-06,1.0,268,0.814,0,0,0.0,False,-0.25672041654204936,1.0510116735828905
0.8356646409956738,11:09:36.567472,11:08:32.510902,0,,0.119647264,0.0040252283,0.023370445,-0.63821334,-0.5392574,-0.54944056,-0.38609636,-0.3932479,0.83443725,-0.6660429,0.7446862,0.042770684,,0.057683133,-0.043128535,0.026283026,0.69301915,-0.30689576,0.6523337,-0.6478119,0.13193995,0.7502877,-0.31632903,-0.94255334,-0.10737383,,0.077379905,1.3283154,0.45412594,0.997865,0.045862246,-0.04649841,0.0052742353,-0.76622266,-0.6425535,-0.06509708,0.64093643,-0.7648287,,-0.08831126,0.23628455,-0.0940168,0.7135721,0.4847609,0.5057882,-0.65883905,0.21884891,0.71974736,0.23821418,-0.84682465,0.4755439,,-0.017639967,0.39910427,-0.35559073,-0.6021417,0.4335481,-0.67041886,-0.77423036,-0.522092,0.3577531,-0.19491711,0.7344767,0.6500395,,1.0027968637180527,0.2822813320186543,0.17618525535000001,0.25204731206839825,0.40854313429866695,1.1154329243405712,-0.4055833162114155,,-1.2502486704739544,-0.10562381752076862,0.17754765614,-0.1411213319650849,0.4559559997172748,-0.9629105870322071,0.8760142266781397,,-0.03261365873507904,-0.08565421470318672,0.08101381028,-0.06541713947960498,,2.0682812e-05,-1.7881393e-07,-3.5762787e-06,1.0,-2.880022e-05,-2.4136156e-05,2.880022e-05,1.0,-2.503395e-06,2.4136156e-05,2.4437904e-06,1.0,276,0.839,0,0,0.0,False,-0.256541683386486,1.0505771517758753
0.8619861819315702,11:09:36.587424,11:08:32.510902,0,,0.11968232,0.004122488,0.023425639,-0.63820636,-0.539518,-0.54919297,-0.38564998,-0.39336297,0.8345895,-0.66630816,0.7444366,0.042981535,,0.057680055,-0.043130204,0.026281238,0.693014,-0.3069148,0.6523302,-0.64781433,0.13192835,0.75028753,-0.31633532,-0.9425488,-0.10739559,,0.077379905,1.3283154,0.45412594,0.997865,0.045862246,-0.04649841,0.0052742353,-0.76622266,-0.6425535,-0.06509708,0.64093643,-0.7648287,,-0.08835553,0.236391,-0.09399567,0.71357,0.4850483,0.50551564,-0.6586643,0.21862683,0.71997476,0.23870325,-0.8467175,0.47548953,,-0.017636567,0.3991023,-0.35559085,-0.60213554,0.43356687,-0.67041224,-0.7742358,-0.5220942,0.3577383,-0.19491486,0.73446405,0.6500544,,1.0029358729097886,0.28296865524446024,0.17618784793000003,0.25204731206839825,0.40840649779890154,1.1151359485435648,-0.40607334840981846,,-1.2502255022753317,-0.10562381752076862,0.17754765614,-0.1411213319650849,0.4559559997172748,-0.9629105870322071,0.8760142266781397,,-0.03261365873507904,-0.08565421470318672,0.08101381028,-0.06541713947960498,,2.0682812e-05,-1.7881393e-07,-3.5762787e-06,1.0,-2.880022e-05,-2.4136156e-05,2.880022e-05,1.0,-2.503395e-06,2.4136156e-05,2.4437904e-06,1.0,291,0.884,0,0,0.0,False,-0.25636295023092304,1.0506254319766548
0.8819433730095625,11:09:36.637255,11:08:32.701478,0,,0.11974038,0.004320897,0.02354291,-0.6382679,-0.54011035,-0.5485389,-0.38483334,-0.39326942,0.8350103,-0.6667213,0.7440564,0.04315868,,0.057677586,-0.043132976,0.02627945,0.6930076,-0.3067704,0.65240496,-0.64782125,0.13209611,0.7502521,-0.31633538,-0.9425723,-0.10718882,,0.077379905,1.3283154,0.45412594,0.997865,0.045862246,-0.04649841,0.0052742353,-0.76622266,-0.6425535,-0.06509708,0.64093643,-0.7648287,,-0.08843289,0.23661232,-0.093956776,0.7136334,0.4856686,0.50483006,-0.658292,0.2185133,0.7203496,0.23953912,-0.84639114,0.47565013,,-0.017633718,0.39909944,-0.35559174,-0.60212874,0.43341836,-0.67051435,-0.7742397,-0.52201366,0.3578472,-0.19492011,0.7346089,0.6498892,,1.0032988413548771,0.28435102442894644,0.17618914422,0.25204731206839825,0.40799658829960517,1.1141633424124051,-0.406400036542087,,-1.250202334076709,-0.10563154025364284,0.17754765614,-0.1411213319650849,0.4559559997172748,-0.9631556232526288,0.8755241944797368,,-0.03261365873507904,-0.08565421470318672,0.08101381028,-0.06541713947960498,,2.0682812e-05,-1.7881393e-07,-3.5762787e-06,1.0,-2.880022e-05,-2.4136156e-05,2.880022e-05,1.0,-2.503395e-06,2.4136156e-05,2.4437904e-06,1.0,299,0.908,0,0,0.0,False,-0.25636295023092304,1.0506254319766548
