camera_matrix:
- - 4098.955916719439
  - 0.0
  - 1056.6141413756363
- - 0.0
  - 4107.164280825461
  - 642.798693443497
- - 0.0
  - 0.0
  - 1.0
dist_coeff:
- - -0.4149927161998289
  - -11.808775585952878
  - 0.01207244057859746
  - -0.03929419986029016
  - 193.08568935143936
mean reprojection error:
- 0.06931258146664127
