Task Time,PC1 Time,PC2 Time,Gaze Calib,s_T_psm1,Tx,Ty,Tz,R00,R01,R02,R10,R11,R12,R20,R21,R22,s_T_psm3,Tx,Ty,Tz,R00,R01,R02,R10,R11,R12,R20,R21,R22,cart_T_ecm,Tx,Ty,Tz,R00,R01,R02,R10,R11,R12,R20,R21,R22,ecm_T_psm1,Tx,Ty,Tz,R00,R01,R02,R10,R11,R12,R20,R21,R22,ecm_T_psm3,Tx,Ty,Tz,R00,R01,R02,R10,R11,R12,R20,R21,R22,psm1_joints,q1,q2,q3,q4,q5,q6,jaw,psm3_joints,q1,q2,q3,q4,q5,q6,jaw,ecm_joints,q1,q2,q3,q4,ecmi_T_ecm,Tx,Ty,Tz,R00,R01,R02,R10,R11,R12,R20,R21,R22,Sample #,Task Duration (s),Collisions (binary),Collisions (increments),Cumulative Collision Time (s),Clutch Press,MTMR Angle,MTML Angle
""
lci_T_si,,,,,-0.06456479,0.007406022,0.24720375,0.9973357,0.020147903,0.070111655,0.061827518,-0.74354374,-0.66582286,0.038716145,0.6683837,-0.74280834
rci_T_si,,,,,-0.0744026,0.011494783,0.25608665,0.9940877,0.004322488,0.1084939,0.07677014,-0.7345955,-0.67414826,0.07678513,0.6784916,-0.73058414
ecm_T_lc,,,,,-4.4061628e-05,-0.00034663224,-0.01840835,-0.99912,0.030754527,0.028518902,-0.031987965,-0.99852574,-0.043852776,0.027128186,-0.04472645,0.9986309
ecm_T_rc,,,,,-0.0043358393,0.01870579,-0.007592615,-0.99555075,-0.052743673,-0.078081585,0.04863213,-0.9973746,0.053654674,-0.08070653,0.04961868,0.9955021
cart_T_ecmi,,,,,0.107823744,1.3464102,0.44466496,0.99667186,-0.0035817337,-0.081439786,-0.054998454,-0.76694757,-0.63934857,-0.06017007,0.64169973,-0.76459205
ecmac_T_ecmrep_psm1,,,,,0.0019077883,-0.24418817,-0.31129345,0.9990406,0.03670117,0.023893757,-0.03487346,0.99673134,-0.072872825,-0.026490174,0.07196965,0.997055
ecmac_T_ecmrep_psm3,,,,,-0.025437847,-0.43631262,-0.5392238,0.9997681,0.02112905,0.0041644988,-0.020983119,0.99925387,-0.03242474,-0.0048464956,0.032329835,0.9994655
""
0,17:01:31.906068,17:01:16.157242,0,,0.11679551,0.007137969,0.021263808,0.75426877,0.6549533,-0.045987844,-0.022782624,0.09610945,0.99511003,0.65617037,-0.7495327,0.08741385,,0.050373994,-0.02730897,0.022229135,0.586898,0.13875262,0.7976831,-0.37554514,-0.82616735,0.42001593,0.7172981,-0.5460725,-0.4327681,,0.107924566,1.3464038,0.44467115,0.9966658,-0.003665887,-0.08150994,-0.055107813,-0.7669472,-0.6393396,-0.06017007,0.64169973,-0.76459205,,-0.07139697,0.26892686,-0.07770392,-0.79741997,-0.6029329,0.024358686,0.36305502,-0.44713908,0.8174703,-0.48198795,0.6607107,0.5754554,,0.014974812,0.4414081,-0.3242469,-0.6473685,-0.07641328,-0.758337,0.16412668,-0.9855953,-0.040797003,-0.74429595,-0.15087403,0.6505848,,0.9976998600210644,0.3518863234140398,0.20584437055000002,3.7972751865612513,-0.662003841363559,-0.9960672861939706,-0.4031331552194011,,-0.7793395880023664,0.10352323417897956,0.19021111315000003,-1.0975171641980006,-0.5733267530157882,-0.3605495436348357,0.8706238724957085,,-0.04375976767062783,-0.08274169651392119,0.07694186708,-0.052660797281082014,,0.00010046363,8.46386e-06,-8.940697e-06,1.0,-8.389354e-05,-7.041544e-05,8.389354e-05,1.0,-6.6161156e-06,7.041171e-05,6.645918e-06,1.0,38,0.115,1,1,0.091,False,-0.26053339052739544,1.043817923666751
0.1210597199969925,17:01:31.950616,17:01:16.239182,0,,0.116837494,0.0072252452,0.021308735,0.75298476,0.6566181,-0.043202847,-0.025053918,0.094213516,0.9952367,0.6575608,-0.74831575,0.08739206,,0.050379418,-0.027347133,0.02224058,0.5869641,0.13922052,0.797553,-0.37529263,-0.8260866,0.4204003,0.71737623,-0.5460755,-0.4326347,,0.107924566,1.3464038,0.44467115,0.9966658,-0.003665887,-0.08150994,-0.055107813,-0.7669472,-0.6393396,-0.06017007,0.64169973,-0.76459205,,-0.07144332,0.26902,-0.077679835,-0.79620016,-0.6046483,0.021580236,0.36229303,-0.44789374,0.8173952,-0.48457098,0.6586286,0.5756729,,0.014968805,0.4413873,-0.32428077,-0.6474447,-0.076879755,-0.7582248,0.16436024,-0.9855721,-0.040414963,-0.7441781,-0.15078846,0.65073943,,0.9978311464799262,0.3523574101193675,0.20586381490000003,3.7976945664482202,-0.6645999348591023,-0.9941953822441604,-0.40329649928553546,,-0.7793550334681149,0.10332244312424972,0.19019166880000002,-1.097726854141485,-0.5731901165160227,-0.36098767649909436,0.8696438080989026,,-0.04375976767062783,-0.08274169651392119,0.07694186708,-0.052660797281082014,,0.00010046363,8.46386e-06,-8.940697e-06,1.0,-8.389354e-05,-7.041544e-05,8.389354e-05,1.0,-6.6161156e-06,7.041171e-05,6.645918e-06,1.0,50,0.152,1,1,0.128,False,-0.26101001227556386,1.043093720655059
0.1656328359968029,17:01:31.982719,17:01:16.239182,0,,0.11728067,0.007173583,0.021256953,0.74793094,0.6628277,-0.03547851,-0.030145586,0.087313294,0.9957247,0.66309166,-0.7436638,0.085285515,,0.0503861,-0.027391285,0.022244036,0.5869271,0.13960835,0.7975125,-0.37503308,-0.8260945,0.42061633,0.7175422,-0.54596454,-0.43249947,,0.107924566,1.3464038,0.44467115,0.9966658,-0.003665887,-0.08150994,-0.055107813,-0.7669472,-0.6393396,-0.06017007,0.64169973,-0.76459205,,-0.07188099,0.26892212,-0.07765492,-0.79146266,-0.61105686,0.014013532,0.36226457,-0.45050508,0.81597155,-0.49229184,0.6508876,0.5779222,,0.014962366,0.44135666,-0.3243128,-0.6474268,-0.07727621,-0.7581998,0.16466564,-0.98553145,-0.04016199,-0.7441262,-0.1508514,0.6507842,,0.9957305631381371,0.3529288923520601,0.20591177763000001,3.7985333262221586,-0.6719783058464361,-0.9885055304051156,-0.4029698111532669,,-0.7793473107352407,0.10308303840514875,0.19017870590000002,-1.0979365440849695,-0.5731901165160227,-0.3613143914596566,0.8689904318343655,,-0.04375976767062783,-0.08274169651392119,0.07694186708,-0.052660797281082014,,0.00010046363,8.46386e-06,-8.940697e-06,1.0,-8.389354e-05,-7.041544e-05,8.389354e-05,1.0,-6.6161156e-06,7.041171e-05,6.645918e-06,1.0,63,0.192,1,1,0.168,False,-0.26112916771260597,1.0434799622612947
0.19778303000202868,17:01:32.018690,17:01:16.239182,0,,0.11771737,0.0071602315,0.021221548,0.74303335,0.66846824,-0.032429107,-0.032862067,0.084839135,0.9958526,0.66844714,-0.73888606,0.0850054,,0.050390124,-0.027427629,0.022247314,0.586771,0.13966542,0.79761726,-0.3756146,-0.8256843,0.4209028,0.7173656,-0.5465702,-0.43202722,,0.107924566,1.3464038,0.44467115,0.9966658,-0.003665887,-0.08150994,-0.055107813,-0.7669472,-0.6393396,-0.06017007,0.64169973,-0.76459205,,-0.072313935,0.2688644,-0.07761795,-0.78690577,-0.61697537,0.0109891975,0.3639246,-0.44962943,0.8157158,-0.49833548,0.6458907,0.57834846,,0.014958498,0.44133186,-0.32433963,-0.6472476,-0.07728086,-0.7583523,0.16413037,-0.98564184,-0.039640866,-0.74440026,-0.1501261,0.65063846,,0.9936685934607192,0.35367799744085987,0.20595714778000002,3.7970654966177673,-0.6775804023368193,-0.9857343286366549,-0.403623187417804,,-0.7793473107352407,0.10291313828191581,0.19016703929,-1.0970977843110314,-0.5731901165160227,-0.3623762150814839,0.8688270877682313,,-0.04375976767062783,-0.08274169651392119,0.07694186708,-0.052660797281082014,,0.00010046363,8.46386e-06,-8.940697e-06,1.0,-8.389354e-05,-7.041544e-05,8.389354e-05,1.0,-6.6161156e-06,7.041171e-05,6.645918e-06,1.0,71,0.217,1,1,0.193,False,-0.26005676877922745,1.0425143582457057
0.2337518709973665,17:01:32.048454,17:01:16.239182,0,,0.118116975,0.007233113,0.02123037,0.74054706,0.6711003,-0.034848467,-0.03266087,0.087739974,0.99560785,0.6712103,-0.7361563,0.086894155,,0.05040127,-0.02746743,0.022262812,0.585842,0.14005345,0.7982319,-0.37565237,-0.82582384,0.42059514,0.7181047,-0.5462599,-0.43119088,,0.107924566,1.3464038,0.44467115,0.9966658,-0.003665887,-0.08150994,-0.055107813,-0.7669472,-0.6393396,-0.06017007,0.64169973,-0.76459205,,-0.072714284,0.26890302,-0.07756045,-0.78462005,-0.6198348,0.013275578,0.3660005,-0.4458071,0.8168841,-0.5004148,0.6458025,0.576649,,0.014946427,0.44131222,-0.32437727,-0.64639217,-0.077694714,-0.75903934,0.16466822,-0.9855638,-0.03934862,-0.7450245,-0.1504243,0.6498546,,0.991907810365396,0.35489046650211314,0.20598436987000002,3.7949685971829217,-0.6784002213354118,-0.9875161834186932,-0.40296981115326713,,-0.7793550334681149,0.10272779269293443,0.19015148381000002,-1.0970977843110314,-0.5742832085141462,-0.3626283742138805,0.868173711503694,,-0.04375976767062783,-0.08274169651392119,0.07694186708,-0.052660797281082014,,0.00010046363,8.46386e-06,-8.940697e-06,1.0,-8.389354e-05,-7.041544e-05,8.389354e-05,1.0,-6.6161156e-06,7.041171e-05,6.645918e-06,1.0,79,0.242,1,1,0.218,False,-0.2602950796533112,1.0415970344308958
0.26351021499431226,17:01:32.075987,17:01:16.357450,0,,0.11845353,0.007452458,0.02134949,0.7388255,0.67297834,-0.035172503,-0.03343311,0.08873284,0.9954942,0.673067,-0.73432064,0.08805767,,0.05041378,-0.027504727,0.022270977,0.58578026,0.14112131,0.7980891,-0.37541598,-0.8254652,0.42150933,0.71827865,-0.5465272,-0.43056202,,0.107924566,1.3464038,0.44467115,0.9966658,-0.003665887,-0.08150994,-0.055107813,-0.7669472,-0.6393396,-0.06017007,0.64169973,-0.76459205,,-0.07306164,0.26912796,-0.07749479,-0.7830193,-0.6218505,0.013520051,0.36670655,-0.44397292,0.8175661,-0.50240135,0.64512795,0.57567596,,0.014933664,0.44128937,-0.32440773,-0.64635,-0.078736864,-0.7589678,0.1649638,-0.985558,-0.038242225,-0.74499565,-0.14992008,0.65000415,,0.9909424687561179,0.3567825360562981,0.20599214761,3.793710457522015,-0.6788101308347082,-0.9872636084477445,-0.4028064670871325,,-0.7793936471324859,0.10251927890533037,0.19013852091000003,-1.097307474254516,-0.5742832085141462,-0.36377187657584836,0.8668669589746201,,-0.04375976767062783,-0.08274169651392119,0.07694186708,-0.052660797281082014,,0.00010046363,8.46386e-06,-8.940697e-06,1.0,-8.389354e-05,-7.041544e-05,8.389354e-05,1.0,-6.6161156e-06,7.041171e-05,6.645918e-06,1.0,96,0.294,1,1,0.27,False,-0.26053339052739544,1.0411625126238806
0.29105393300415017,17:01:32.116451,17:01:16.357450,0,,0.11876504,0.007930383,0.021624386,0.7391575,0.67269987,-0.033483796,-0.036624044,0.08978295,0.9952878,0.67253625,-0.7344481,0.09100053,,0.050425112,-0.02755101,0.022282362,0.5857893,0.14120562,0.7980675,-0.37531263,-0.82549566,0.42154175,0.7183253,-0.54645944,-0.43057024,,0.107924566,1.3464038,0.44467115,0.9966658,-0.003665887,-0.08150994,-0.055107813,-0.7669472,-0.6393396,-0.06017007,0.64169973,-0.76459205,,-0.07339881,0.2696519,-0.07738146,-0.7832641,-0.62158024,0.011635168,0.3639133,-0.4432389,0.8192108,-0.5040481,0.6458926,0.57337445,,0.014921879,0.44126216,-0.3244467,-0.64636475,-0.07882682,-0.75894594,0.16507053,-0.98554087,-0.03822238,-0.7449593,-0.14998521,0.65003085,,0.9909424687561179,0.36005697479496934,0.20599344390000002,3.79580735695686,-0.6777170388365846,-0.9880732729371753,-0.40296981115326713,,-0.7794322607968571,0.10227215145335518,0.19011907656000002,-1.097307474254516,-0.5741465720143808,-0.36396497321968524,0.8670303030407542,,-0.04375976767062783,-0.08274169651392119,0.07694186708,-0.052660797281082014,,0.00010046363,8.46386e-06,-8.940697e-06,1.0,-8.389354e-05,-7.041544e-05,8.389354e-05,1.0,-6.6161156e-06,7.041171e-05,6.645918e-06,1.0,104,0.32,1,1,0.296,False,-0.260652545964438,1.0400520680059533
0.3314681640040362,17:01:32.148740,17:01:16.357450,0,,0.11893229,0.008369327,0.02189155,0.7397156,0.6721085,-0.033028975,-0.03922373,0.09206483,0.9949802,0.67177546,-0.73470694,0.0944643,,0.050430745,-0.027584895,0.022287905,0.5858656,0.14167356,0.79792863,-0.37506443,-0.8254065,0.42193708,0.7183927,-0.54647297,-0.43044055,,0.107924566,1.3464038,0.44467115,0.9966658,-0.003665887,-0.08150994,-0.055107813,-0.7669472,-0.6393396,-0.06017007,0.64169973,-0.76459205,,-0.07359095,0.27014926,-0.07729362,-0.7837278,-0.6210079,0.010946594,0.3614096,-0.44163302,0.82118416,-0.5051275,0.64754105,0.5705583,,0.014916159,0.44124058,-0.3244734,-0.6464501,-0.079292454,-0.75882477,0.16529295,-0.9855186,-0.037834104,-0.7448359,-0.14988624,0.65019506,,0.9915216737216848,0.362798544965319,0.20598566616000002,3.7972751865612513,-0.6767605833382265,-0.9897516644045965,-0.40296981115326713,,-0.7794399835297313,0.1020868058643738,0.19010611366000002,-1.0975171641980006,-0.5740099355146153,-0.3644031060839439,0.86572355051168,,-0.04375976767062783,-0.08274169651392119,0.07694186708,-0.052660797281082014,,0.00010046363,8.46386e-06,-8.940697e-06,1.0,-8.389354e-05,-7.041544e-05,8.389354e-05,1.0,-6.6161156e-06,7.041171e-05,6.645918e-06,1.0,117,0.36,1,1,0.336,False,-0.2611887454311268,1.0395209857973793
0.36378768700524233,17:01:32.181957,17:01:16.357450,0,,0.119083256,0.008727834,0.022133201,0.7391179,0.6727486,-0.033375822,-0.041591465,0.09503806,0.9946044,0.6722908,-0.7337418,0.09822485,,0.05043509,-0.027619362,0.022292018,0.5858444,0.14187868,0.7979078,-0.37482622,-0.8254877,0.4219898,0.71853435,-0.546297,-0.43042746,,0.107924566,1.3464038,0.44467115,0.9966658,-0.003665887,-0.08150994,-0.055107813,-0.7669472,-0.6393396,-0.06017007,0.64169973,-0.76459205,,-0.073763825,0.2705698,-0.07723912,-0.78313047,-0.6217595,0.01103819,0.359971,-0.43878067,0.82334226,-0.5070775,0.6487578,0.5674378,,0.014911875,0.44121766,-0.3244995,-0.6464453,-0.07951225,-0.7588059,0.16556512,-0.98547477,-0.037784986,-0.74477965,-0.1500577,0.6502199,,0.9919695922283899,0.365069028430341,0.20596751810000002,3.7974848765047358,-0.6773071293372883,-0.9916746762538872,-0.40329649928553546,,-0.7794322607968571,0.1019014602753924,0.19009444705000003,-1.097726854141485,-0.5740099355146153,-0.3644847848240844,0.8655602064455458,,-0.04375976767062783,-0.08274169651392119,0.07694186708,-0.052660797281082014,,0.00010046363,8.46386e-06,-8.940697e-06,1.0,-8.389354e-05,-7.041544e-05,8.389354e-05,1.0,-6.6161156e-06,7.041171e-05,6.645918e-06,1.0,125,0.385,1,1,0.361,False,-0.2612483231496481,1.0387967827856874
0.39695999400282744,17:01:32.214022,17:01:16.357450,0,,0.11923275,0.008936629,0.022319585,0.7368888,0.67522484,-0.032655008,-0.04535207,0.09757474,0.9941943,0.674491,-0.7311297,0.10252446,,0.050454624,-0.02765356,0.022300482,0.58583313,0.14199446,0.7978954,-0.3747523,-0.82548714,0.4220565,0.7185821,-0.54626775,-0.43038493,,0.107924566,1.3464038,0.44467115,0.9966658,-0.003665887,-0.08150994,-0.055107813,-0.7669472,-0.6393396,-0.06017007,0.64169973,-0.76459205,,-0.07392909,0.27084067,-0.07723948,-0.7810008,-0.62444955,0.010028048,0.35864946,-0.43530294,0.82576144,-0.5112811,0.64851683,0.56393045,,0.014892045,0.4411968,-0.32452765,-0.64643943,-0.07963026,-0.7587984,0.16565241,-0.9854631,-0.0377064,-0.7447653,-0.1500717,0.65023315,,0.9920931559543774,0.3665517931421921,0.20593640714000003,3.797904256391705,-0.6809963148309552,-0.9938938322230796,-0.4042765636823409,,-0.7795172108584736,0.10170066922066257,0.19008407673000002,-1.097726854141485,-0.5738732990148498,-0.36467788146792146,0.8653968623794115,,-0.04375976767062783,-0.08274169651392119,0.07694186708,-0.052660797281082014,,0.00010046363,8.46386e-06,-8.940697e-06,1.0,-8.389354e-05,-7.041544e-05,8.389354e-05,1.0,-6.6161156e-06,7.041171e-05,6.645918e-06,1.0,138,0.425,1,1,0.401,False,-0.2604738128088746,1.0386036619825694
0.42905429399979766,17:01:32.249312,17:01:16.357450,0,,0.11932813,0.0089401305,0.022479683,0.73345387,0.67898244,-0.03206607,-0.050628453,0.101611525,0.99353504,0.6778512,-0.7270887,0.10890311,,0.050469138,-0.027668267,0.022306383,0.5857556,0.14219894,0.79791594,-0.37473178,-0.8254258,0.42219472,0.71865606,-0.5463072,-0.4302113,,0.107924566,1.3464038,0.44467115,0.9966658,-0.003665887,-0.08150994,-0.055107813,-0.7669472,-0.6393396,-0.06017007,0.64169973,-0.76459205,,-0.074035354,0.27094117,-0.07735501,-0.777725,-0.6285401,0.0090094665,0.35698885,-0.42983294,0.82933867,-0.5174,0.6482137,0.5586736,,0.014877217,0.4411889,-0.32454106,-0.6463695,-0.07983084,-0.7588369,0.16572303,-0.9854595,-0.037489276,-0.7448103,-0.14998867,0.6502008,,0.9920777104886289,0.3669842661831487,0.20583788910000003,3.7991623960526124,-0.6876915033194617,-0.9988075549398064,-0.40411321961620694,,-0.7795867154543416,0.10160799642617187,0.19008018786000003,-1.097726854141485,-0.5738732990148498,-0.36492291768834323,0.8639267657842029,,-0.04375976767062783,-0.08274169651392119,0.07694186708,-0.052660797281082014,,0.00010046363,8.46386e-06,-8.940697e-06,1.0,-8.389354e-05,-7.041544e-05,8.389354e-05,1.0,-6.6161156e-06,7.041171e-05,6.645918e-06,1.0,146,0.451,1,1,0.427,False,-0.2604738128088746,1.038024299573216
0.46437778700783383,17:01:32.283847,17:01:16.581116,0,,0.11928785,0.008801296,0.022593737,0.7332513,0.6791894,-0.03231685,-0.050325453,0.10160589,0.993551,0.6780929,-0.72689617,0.10868302,,0.050475314,-0.027673617,0.022310197,0.58574855,0.14245589,0.79787517,-0.37456125,-0.82542217,0.42235303,0.7187506,-0.5462458,-0.43013144,,0.107924566,1.3464038,0.44467115,0.9966658,-0.003665887,-0.08150994,-0.055107813,-0.7669472,-0.6393396,-0.06017007,0.64169973,-0.76459205,,-0.07400091,0.2709112,-0.077533394,-0.7775443,-0.62875974,0.009274593,0.35738716,-0.42972484,0.8292231,-0.51739657,0.64807236,0.55884075,,0.014870773,0.44118708,-0.32454714,-0.64637357,-0.080092475,-0.7588059,0.16591257,-0.9854342,-0.03731606,-0.7447645,-0.15001555,0.650247,,0.9921394923516228,0.36658268407368905,0.20567066769000003,3.798743016165643,-0.6881014128187581,-0.9987183374491387,-0.403623187417804,,-0.7796176063858384,0.10156938276180075,0.19007759528,-1.0979365440849695,-0.5738732990148498,-0.3650045964284838,0.8637634217180686,,-0.04375976767062783,-0.08274169651392119,0.07694186708,-0.052660797281082014,,0.00010046363,8.46386e-06,-8.940697e-06,1.0,-8.389354e-05,-7.041544e-05,8.389354e-05,1.0,-6.6161156e-06,7.041171e-05,6.645918e-06,1.0,163,0.503,1,1,0.479,False,-0.2607717014014801,1.0375414975654216
0.49890017199504655,17:01:32.319919,17:01:16.581116,0,,0.11918372,0.008622572,0.02286394,0.73154086,0.68108857,-0.031085834,-0.050946027,0.10007262,0.993675,0.6798916,-0.7253301,0.107905805,,0.050481044,-0.027672753,0.02231437,0.5857205,0.1423427,0.7979161,-0.3745704,-0.8254864,0.42221925,0.7187687,-0.5461781,-0.4301869,,0.107924566,1.3464038,0.44467115,0.9966658,-0.003665887,-0.08150994,-0.055107813,-0.7669472,-0.6393396,-0.06017007,0.64169973,-0.76459205,,-0.07391297,0.2709551,-0.07785917,-0.77595305,-0.6307387,0.00809853,0.3581708,-0.42999122,0.8287468,-0.5192404,0.6459692,0.5595652,,0.014864664,0.44119015,-0.32454926,-0.64634717,-0.07998542,-0.7588397,0.16592017,-0.9854276,-0.037454795,-0.7447858,-0.15011561,0.65019953,,0.9926878063856927,0.36611932010123555,0.20536474325,3.7970654966177673,-0.6911074158135978,-0.9962671435678174,-0.403623187417804,,-0.7796562200502096,0.10156938276180075,0.19007629899000003,-1.0979365440849695,-0.5738732990148498,-0.3648412389482027,0.8637634217180687,,-0.04375976767062783,-0.08274169651392119,0.07694186708,-0.052660797281082014,,0.00010046363,8.46386e-06,-8.940697e-06,1.0,-8.389354e-05,-7.041544e-05,8.389354e-05,1.0,-6.6161156e-06,7.041171e-05,6.645918e-06,1.0,167,0.516,1,1,0.492,False,-0.2607717014014801,1.0369621351560678
0.5349890030047391,17:01:32.351435,17:01:16.581116,0,,0.11910106,0.0085531175,0.023171961,0.72646624,0.6865821,-0.029183887,-0.052355796,0.09764159,0.99384356,0.68520486,-0.7204659,0.10687971,,0.050482787,-0.027671754,0.022314727,0.585818,0.14312668,0.7977042,-0.37456045,-0.82503945,0.42310095,0.7186945,-0.54664844,-0.42971337,,0.107924566,1.3464038,0.44467115,0.9966658,-0.003665887,-0.08150994,-0.055107813,-0.7669472,-0.6393396,-0.06017007,0.64169973,-0.76459205,,-0.07385076,0.27110544,-0.078142114,-0.771237,-0.6365172,0.0062697507,0.36080962,-0.4290186,0.8281059,-0.5244139,0.64092815,0.56053656,,0.014862885,0.44119096,-0.32454872,-0.64643735,-0.080726884,-0.75868434,0.16587037,-0.9854729,-0.03647188,-0.7447186,-0.14942004,0.6504367,,0.9934369114744924,0.3660343700396191,0.20510678154000003,3.7918232480306537,-0.6982125138014007,-0.9906367700558848,-0.40394987555007256,,-0.779671665515958,0.10156938276180075,0.19007629899000003,-1.0979365440849695,-0.5737366625150844,-0.36585112299344524,0.8616399488583231,,-0.04375976767062783,-0.08274169651392119,0.07694186708,-0.052660797281082014,,0.00010046363,8.46386e-06,-8.940697e-06,1.0,-8.389354e-05,-7.041544e-05,8.389354e-05,1.0,-6.6161156e-06,7.041171e-05,6.645918e-06,1.0,184,0.568,1,1,0.544,False,-0.26154621174225356,1.0373000965615242
0.5664983129972825,17:01:32.390222,17:01:16.581116,0,,0.11897044,0.008477926,0.02365303,0.7225167,0.69075555,-0.028745309,-0.05409345,0.09793371,0.9937217,0.689234,-0.71642566,0.10812399,,0.050495386,-0.02768302,0.022325277,0.5843834,0.14250813,0.79886633,-0.3753717,-0.8253273,0.4218188,0.71943873,-0.5463757,-0.42881402,,0.107924566,1.3464038,0.44467115,0.9966658,-0.003665887,-0.08150994,-0.055107813,-0.7669472,-0.6393396,-0.06017007,0.64169973,-0.76459205,,-0.07375257,0.27136573,-0.078562535,-0.7675492,-0.64096427,0.0057480712,0.36230686,-0.4264269,0.8287906,-0.528774,0.63822013,0.55952936,,0.014849482,0.44118887,-0.32456335,-0.64506966,-0.08013339,-0.7599104,0.16587971,-0.98545563,-0.036893904,-0.7459015,-0.14985284,0.64898,,0.9946725487343684,0.36624288382722314,0.20469326503000002,3.7876294491609634,-0.70422451979108,-0.988021387017178,-0.40394987555007256,,-0.7796948337145807,0.1015539372960523,0.19007629899000003,-1.0970977843110314,-0.5753763005122697,-0.3655759317709155,0.8627833573212629,,-0.04375976767062783,-0.08274169651392119,0.07694186708,-0.052660797281082014,,0.00010046363,8.46386e-06,-8.940697e-06,1.0,-8.389354e-05,-7.041544e-05,8.389354e-05,1.0,-6.6161156e-06,7.041171e-05,6.645918e-06,1.0,192,0.594,1,1,0.57,False,-0.2612483231496481,1.0362862123451555
0.6052916670014383,17:01:32.418179,17:01:16.581116,0,,0.11886009,0.008381367,0.02406545,0.71885943,0.69459474,-0.02791496,-0.056212187,0.09810701,0.9935871,0.69287896,-0.7126803,0.1095697,,0.050494395,-0.027686968,0.022323668,0.58480436,0.14313723,0.7984457,-0.37530702,-0.8248746,0.42276067,0.71913034,-0.5468945,-0.4286698,,0.107924566,1.3464038,0.44467115,0.9966658,-0.003665887,-0.08150994,-0.055107813,-0.7669472,-0.6393396,-0.06017007,0.64169973,-0.76459205,,-0.07366954,0.27156433,-0.078943655,-0.7641204,-0.6450556,0.00482187,0.36324933,-0.424097,0.82957315,-0.53307587,0.63564533,0.5583772,,0.01485068,0.4411849,-0.32456484,-0.6454603,-0.08071618,-0.75951684,0.16568883,-0.9855181,-0.036073335,-0.7456059,-0.14912736,0.6494866,,0.9957073949395144,0.36628922022446847,0.20431734093,3.7844841000086955,-0.7102365257807595,-0.9861411126397363,-0.40378653148393817,,-0.7797025564474549,0.1015230463645554,0.19007370641000002,-1.0970977843110314,-0.5748297545132081,-0.36651167582654454,0.8618032929244572,,-0.04375976767062783,-0.08274169651392119,0.07694186708,-0.052660797281082014,,0.00010046363,8.46386e-06,-8.940697e-06,1.0,-8.389354e-05,-7.041544e-05,8.389354e-05,1.0,-6.6161156e-06,7.041171e-05,6.645918e-06,1.0,205,0.634,1,1,0.61,False,-0.26059296824591627,1.0365276133490526
0.633245438002632,17:01:32.455822,17:01:16.745541,0,,0.118776605,0.008263499,0.024487063,0.7134608,0.7001403,-0.027877724,-0.05772513,0.09838086,0.9934732,0.69831336,-0.70719504,0.11060649,,0.05050321,-0.027702495,0.022329807,0.58477616,0.1433196,0.79843366,-0.37511683,-0.824934,0.42281353,0.7192526,-0.5467571,-0.42864007,,0.107924566,1.3464038,0.44467115,0.9966658,-0.003665887,-0.08150994,-0.055107813,-0.7669472,-0.6393396,-0.06017007,0.64169973,-0.76459205,,-0.07361361,0.27175108,-0.07934444,-0.7590879,-0.650971,0.0047147586,0.36590594,-0.42066512,0.8301528,-0.5384221,0.63188416,0.557516,,0.014841512,0.441177,-0.32457936,-0.6454461,-0.080909975,-0.7595083,0.16591306,-0.9854826,-0.036013525,-0.74556834,-0.14925714,0.6494999,,0.9965028364255596,0.3662506065600974,0.20394919457000002,3.7788224715346135,-0.7174782602683277,-0.9828496834283239,-0.40411321961620694,,-0.7797411701118261,0.10143037357006471,0.19006722496000003,-1.097307474254516,-0.5748297545132081,-0.36651167582654454,0.8618032929244572,,-0.04375976767062783,-0.08274169651392119,0.07694186708,-0.052660797281082014,,0.00010046363,8.46386e-06,-8.940697e-06,1.0,-8.389354e-05,-7.041544e-05,8.389354e-05,1.0,-6.6161156e-06,7.041171e-05,6.645918e-06,1.0,213,0.66,1,1,0.636,False,-0.2613079008681689,1.0366724539513914
0.6708924319973448,17:01:32.484508,17:01:16.745541,0,,0.118725166,0.0081115365,0.024934635,0.7078217,0.7058323,-0.02809124,-0.059752256,0.09945068,0.99324685,0.7038594,-0.7013632,0.11256832,,0.05050829,-0.02771373,0.022338688,0.58476245,0.14357105,0.7983985,-0.3749372,-0.8249429,0.4229556,0.7193573,-0.54667777,-0.4285655,,0.107924566,1.3464038,0.44467115,0.9966658,-0.003665887,-0.08150994,-0.055107813,-0.7669472,-0.6393396,-0.06017007,0.64169973,-0.76459205,,-0.07359091,0.27192676,-0.07978564,-0.7538153,-0.65706885,0.004795506,0.36825627,-0.41641137,0.8312574,-0.5441964,0.62838054,0.555867,,0.014835748,0.44117436,-0.32459316,-0.64544463,-0.08116766,-0.7594821,0.16611676,-0.98545396,-0.035856247,-0.7455243,-0.14930592,0.6495393,,0.9971515459869945,0.36621199289572626,0.20353438177000002,3.7735802229475004,-0.725266540754958,-0.9807461574049371,-0.40443990774847527,,-0.779772061043323,0.10136859170707091,0.19005815093000003,-1.0975171641980006,-0.5748297545132081,-0.3665933545666852,0.8619666369905918,,-0.04375976767062783,-0.08274169651392119,0.07694186708,-0.052660797281082014,,0.00010046363,8.46386e-06,-8.940697e-06,1.0,-8.389354e-05,-7.041544e-05,8.389354e-05,1.0,-6.6161156e-06,7.041171e-05,6.645918e-06,1.0,226,0.7,1,1,0.676,False,-0.2603546573718325,1.0366241737506119
0.6995737520046532,17:01:32.523911,17:01:16.745541,0,,0.11868264,0.00789389,0.025548995,0.7000074,0.71369064,-0.02520704,-0.06516582,0.098986834,0.9929527,0.71115625,-0.69343156,0.115799636,,0.050517924,-0.027747393,0.022357047,0.5846738,0.1435549,0.7984663,-0.37488186,-0.82502913,0.42283636,0.71945816,-0.54655176,-0.42855677,,0.107924566,1.3464038,0.44467115,0.9966658,-0.003665887,-0.08150994,-0.055107813,-0.7669472,-0.6393396,-0.06017007,0.64169973,-0.76459205,,-0.07358762,0.27215943,-0.08039597,-0.74644136,-0.665449,0.0016995431,0.3692775,-0.4120952,0.8329536,-0.5535878,0.6223786,0.55334026,,0.014824845,0.44116125,-0.32462883,-0.64536655,-0.08116241,-0.75954896,0.16623187,-0.98543143,-0.03594305,-0.7455662,-0.1494577,0.64945626,,0.9979933238702849,0.366204270162852,0.20296919933000002,3.769176734134325,-0.7374271892340821,-0.9777726568879034,-0.40394987555007233,,-0.7798261201734425,0.10119869158383797,0.190036114,-1.0975171641980006,-0.5748297545132081,-0.3665933545666852,0.8619666369905918,,-0.04375976767062783,-0.08274169651392119,0.07694186708,-0.052660797281082014,,0.00010046363,8.46386e-06,-8.940697e-06,1.0,-8.389354e-05,-7.041544e-05,8.389354e-05,1.0,-6.6161156e-06,7.041171e-05,6.645918e-06,1.0,234,0.725,1,1,0.701,False,-0.2607121236829584,1.0361413717428172
0.7389785419945838,17:01:32.553356,17:01:16.745541,0,,0.118627235,0.007774502,0.026014894,0.69171023,0.7217174,-0.025707318,-0.06877485,0.10126713,0.9924792,0.71889293,-0.68474,0.119683474,,0.050437756,-0.027784362,0.022337973,0.58469206,0.14368875,0.7984289,-0.37470597,-0.8250845,0.4228842,0.71953505,-0.5464329,-0.42857927,,0.10793043,1.3464036,0.44466993,0.9966659,-0.0036641276,-0.08150847,-0.055105526,-0.7669472,-0.6393398,-0.06017007,0.64169973,-0.76459205,,-0.07356902,0.27237234,-0.08083089,-0.73864424,-0.6740927,0.0019348888,0.3719839,-0.40520814,0.8351253,-0.5621679,0.61758024,0.5500563,,0.014900668,0.44112766,-0.32464528,-0.6453933,-0.081304245,-0.7595111,0.16641065,-0.985402,-0.035921726,-0.7455032,-0.14957437,0.64950174,,0.9987501516919589,0.3661965474299778,0.20258160862000002,3.7622569659993363,-0.7489046552143791,-0.9759279970703358,-0.4023164348887296,,-0.7798647338378136,0.10105195965922771,0.19001407707,-1.097726854141485,-0.5748297545132081,-0.3666750333068257,0.8618032929244575,,-0.04375976767062783,-0.08274169651392119,0.07694186708,-0.052660797281082014,,0.00010639243,7.987022e-06,-8.34465e-06,1.0,-8.2138926e-05,-6.89365e-05,8.2138926e-05,1.0,-6.467104e-06,6.894022e-05,6.4969063e-06,1.0,247,0.765,0,1,0.704,False,-0.2598184579051428,1.0355620093334637
0.7684255649946863,17:01:32.585733,17:01:16.745541,0,,0.118559845,0.0076910853,0.026489109,0.6791674,0.7335773,-0.024411011,-0.073387,0.100960255,0.9921802,0.73030543,-0.67206496,0.12240389,,0.05046747,-0.027815908,0.022378743,0.58454746,0.1444362,0.7983999,-0.37435776,-0.8250109,0.42333588,0.7198337,-0.54634696,-0.42818725,,0.10793043,1.3464036,0.44466993,0.9966659,-0.0036641276,-0.08150847,-0.055105526,-0.7669472,-0.6393398,-0.06017007,0.64169973,-0.76459205,,-0.07353332,0.27261835,-0.081248716,-0.72685105,-0.686795,0.0004582535,0.37653756,-0.3979402,0.8365782,-0.5743754,0.60824025,0.54784733,,0.014867624,0.44112974,-0.32469475,-0.64528185,-0.08205731,-0.7595248,0.16687848,-0.9853445,-0.035323307,-0.7454951,-0.14954184,0.64951855,,0.9996846023697401,0.3660961519026129,0.20223549919000003,3.751143398994656,-0.7654376716859974,-0.9689807299343136,-0.4049299399468782,,-0.7800655248925435,0.10087433680312055,0.18998037353000002,-1.098146234028454,-0.5748297545132081,-0.3670834270075284,0.8613132607260545,,-0.04375976767062783,-0.08274169651392119,0.07694186708,-0.052660797281082014,,0.00010639243,7.987022e-06,-8.34465e-06,1.0,-8.2138926e-05,-6.89365e-05,8.2138926e-05,1.0,-6.467104e-06,6.894022e-05,6.4969063e-06,1.0,255,0.791,0,1,0.704,False,-0.26148663402373185,1.035706849935802
0.800803204998374,17:01:32.616957,17:01:16.907936,0,,0.118352726,0.0076512545,0.026909798,0.6698925,0.74178344,-0.031642742,-0.070507675,0.105984986,0.9918648,0.7391026,-0.66221184,0.12329993,,0.050501652,-0.02784665,0.022415161,0.58444124,0.14468442,0.79843265,-0.37432605,-0.8249461,0.42349026,0.7199364,-0.5463792,-0.42797345,,0.10793043,1.3464036,0.44466993,0.9966659,-0.0036641276,-0.08150847,-0.055105526,-0.7669472,-0.6393398,-0.06017007,0.64169973,-0.76459205,,-0.07335521,0.272871,-0.08160356,-0.71825296,-0.6957404,0.007614672,0.38492998,-0.38822117,0.83732504,-0.5796047,0.60434234,0.5466523,,0.014830543,0.44112915,-0.32474014,-0.64518625,-0.08230216,-0.7595795,0.16697873,-0.98533666,-0.03506815,-0.74555534,-0.14945911,0.6494684,,1.0009974669583583,0.365825856252015,0.20191401927000002,3.735206963289832,-0.7741824076709856,-0.9635652376406945,-0.4034598433516696,,-0.780289484145896,0.10069671394701338,0.18995185515000002,-1.098146234028454,-0.5746931180134426,-0.36735820239150613,0.8606598844615176,,-0.04375976767062783,-0.08274169651392119,0.07694186708,-0.052660797281082014,,0.00010639243,7.987022e-06,-8.34465e-06,1.0,-8.2138926e-05,-6.89365e-05,8.2138926e-05,1.0,-6.467104e-06,6.894022e-05,6.4969063e-06,1.0,272,0.843,1,2,0.704,False,-0.26017592421626956,1.0353206083295663
0.8320223420014372,17:01:32.668146,17:01:16.907936,0,,0.117921725,0.0076682568,0.027538821,0.6498804,0.75926244,-0.034291975,-0.06897047,0.10384691,0.992199,0.7569006,-0.6424457,0.11985466,,0.050561726,-0.0278918,0.02247566,0.58424085,0.1452244,0.7984813,-0.37396786,-0.825012,0.42367828,0.7202851,-0.5461364,-0.4276965,,0.10793043,1.3464036,0.44466993,0.9966659,-0.0036641276,-0.08150847,-0.055105526,-0.7669472,-0.6393398,-0.06017007,0.64169973,-0.76459205,,-0.07296908,0.27331397,-0.08208978,-0.6995467,-0.71450984,0.010490434,0.3987112,-0.37809452,0.83550817,-0.59301245,0.58865964,0.54937786,,0.01476558,0.4411323,-0.3248114,-0.6450241,-0.082861826,-0.75965637,0.1674917,-0.98526096,-0.03474684,-0.7455806,-0.1496487,0.64939576,,1.0036927007314627,0.36509991936183794,0.20152772485,3.705850371201999,-0.7952244286348634,-0.9419962285038552,-0.4029698111532667,,-0.7806756207896073,0.1004186955635413,0.18990778129000002,-1.0985656139154232,-0.5745564815136771,-0.3674696202952026,0.8606598844615176,,-0.04375976767062783,-0.08274169651392119,0.07694186708,-0.052660797281082014,,0.00010639243,7.987022e-06,-8.34465e-06,1.0,-8.2138926e-05,-6.89365e-05,8.2138926e-05,1.0,-6.467104e-06,6.894022e-05,6.4969063e-06,1.0,293,0.908,1,2,0.769,False,-0.26017592421626956,1.035803410337361
0.8831790520052891,17:01:32.734199,17:01:16.907936,0,,0.11709791,0.007764235,0.028142482,0.623974,0.7803665,-0.041041836,-0.06804788,0.1065813,0.99197274,0.7784767,-0.6161725,0.11960611,,0.0505862,-0.02792786,0.022536337,0.58306056,0.14477867,0.7994244,-0.37488586,-0.8250262,0.42283848,0.7207641,-0.5462333,-0.4267648,,0.10793043,1.3464036,0.44466993,0.9966659,-0.0036641276,-0.08150847,-0.055105526,-0.7669472,-0.6393398,-0.06017007,0.64169973,-0.76459205,,-0.072190605,0.27382302,-0.08252236,-0.67521286,-0.73742133,0.01724402,0.4147939,-0.36026326,0.8355575,-0.6099456,0.5713319,0.5491323,,0.014735929,0.44114485,-0.3248788,-0.64388317,-0.08240878,-0.76067287,0.16722524,-0.9853042,-0.03480577,-0.74662584,-0.14961456,0.6482016,,1.0082259449286324,0.3632927998692694,0.2012619854,3.667267421600846,-0.8230982745870132,-0.9184501887483797,-0.40345984335166984,,-0.7808686891114629,0.10030285457042794,0.18985852227000002,-1.0975171641980006,-0.5756495735118006,-0.367721779427599,0.8603331963292489,,-0.04375976767062783,-0.08274169651392119,0.07694186708,-0.052660797281082014,,0.00010639243,7.987022e-06,-8.34465e-06,1.0,-8.2138926e-05,-6.89365e-05,8.2138926e-05,1.0,-6.467104e-06,6.894022e-05,6.4969063e-06,1.0,301,0.934,1,2,0.795,False,-0.2617249448978165,1.0353206083295663
0.9492582389939344,17:01:32.755445,17:01:16.907936,0,,0.11685112,0.0078116655,0.028285265,0.6138898,0.78811324,-0.04490848,-0.06716886,0.108834594,0.99178797,0.7865288,-0.60583216,0.1197491,,0.050575852,-0.027932882,0.022555292,0.5828639,0.14491238,0.79954356,-0.3749134,-0.82501346,0.42283893,0.7209089,-0.5462171,-0.42654106,,0.10793043,1.3464036,0.44466993,0.9966659,-0.0036641276,-0.08150847,-0.055105526,-0.7669472,-0.6393398,-0.06017007,0.64169973,-0.76459205,,-0.071955055,0.2739652,-0.08261089,-0.6657249,-0.7458991,0.021093907,0.42122704,-0.35231653,0.83572775,-0.6159368,0.5652501,0.5487387,,0.014744497,0.4411547,-0.32489672,-0.6437008,-0.08254356,-0.76081264,0.16731688,-0.9852936,-0.034663413,-0.74676263,-0.14960967,0.6480452,,1.0094461367227598,0.3626363675749603,0.20123605960000002,3.651960055726476,-0.8329361025701251,-0.9101830634618157,-0.4036231874178038,,-0.7808455209128402,0.10031830003617638,0.18983778163,-1.0975171641980006,-0.5759228465113315,-0.3678256585807682,0.860986572593786,,-0.04375976767062783,-0.08274169651392119,0.07694186708,-0.052660797281082014,,0.00010639243,7.987022e-06,-8.34465e-06,1.0,-8.2138926e-05,-6.89365e-05,8.2138926e-05,1.0,-6.467104e-06,6.894022e-05,6.4969063e-06,1.0,314,0.974,1,2,0.835,False,-0.2598184579051428,1.0353206083295663
0.9704538679943653,17:01:32.799615,17:01:17.078524,0,,0.11624799,0.007848799,0.028573439,0.59132904,0.8051708,-0.045054555,-0.06958529,0.10660568,0.9918634,0.8034226,-0.5833826,0.11906704,,0.050559677,-0.02794592,0.02260071,0.5825714,0.1449163,0.7997561,-0.3747927,-0.82522,0.42254296,0.72120804,-0.54590404,-0.42643598,,0.10793043,1.3464036,0.44466993,0.9966659,-0.0036641276,-0.08150847,-0.055105526,-0.7669472,-0.6393398,-0.06017007,0.64169973,-0.76459205,,-0.07137396,0.2742135,-0.08283198,-0.6443523,-0.76443243,0.021285634,0.4315559,-0.34050494,0.83535373,-0.63132364,0.5474481,0.5493005,,0.014756471,0.44117686,-0.32493988,-0.64343923,-0.08257451,-0.7610305,0.16762856,-0.9852349,-0.03482581,-0.7469181,-0.14997873,0.64778066,,1.0123576070163425,0.36070568435640415,0.20119068945000002,3.621974393808189,-0.8576673090276697,-0.887239345727984,-0.40329649928553546,,-0.7808377981799659,0.1003260227690506,0.18978981890000002,-1.097726854141485,-0.5763327560106278,-0.367491404869679,0.860986572593786,,-0.04375976767062783,-0.08274169651392119,0.07694186708,-0.052660797281082014,,0.00010639243,7.987022e-06,-8.34465e-06,1.0,-8.2138926e-05,-6.89365e-05,8.2138926e-05,1.0,-6.467104e-06,6.894022e-05,6.4969063e-06,1.0,327,1.015,1,2,0.876,False,-0.26101001227556386,1.0354654489319046
1.0146640919992933,17:01:32.846376,17:01:17.078524,0,,0.11575351,0.007850096,0.028802335,0.5706721,0.81993806,-0.045110248,-0.07179183,0.104539156,0.9919262,0.8180338,-0.5628261,0.118522435,,0.050539754,-0.027961478,0.022659898,0.5825367,0.14542016,0.7996898,-0.37432158,-0.82532394,0.4227574,0.72148067,-0.54561275,-0.42634758,,0.10793043,1.3464036,0.44466993,0.9966659,-0.0036641276,-0.08150847,-0.055105526,-0.7669472,-0.6393398,-0.06017007,0.64169973,-0.76459205,,-0.07089659,0.27439007,-0.08302651,-0.62472415,-0.7805528,0.0213779,0.44046515,-0.32966062,0.8350535,-0.6447559,0.5310943,0.54975325,,0.014770903,0.44120678,-0.32499504,-0.64343625,-0.08310231,-0.76097554,0.1681612,-0.98515195,-0.034603752,-0.7468009,-0.15023187,0.64785707,,1.0145276949539996,0.3589140103295841,0.2011582822,3.594295321268232,-0.8793925124903748,-0.8657666769937874,-0.40460325181460965,,-0.7808455209128402,0.1003260227690506,0.18972630069000002,-1.0983559239719385,-0.5764693925103933,-0.3673799869659826,0.860986572593786,,-0.04375976767062783,-0.08274169651392119,0.07694186708,-0.052660797281082014,,0.00010639243,7.987022e-06,-8.34465e-06,1.0,-8.2138926e-05,-6.89365e-05,8.2138926e-05,1.0,-6.467104e-06,6.894022e-05,6.4969063e-06,1.0,340,1.056,1,2,0.917,False,-0.26136747858668974,1.0353206083295663
1.061442676000297,17:01:32.881065,17:01:17.078524,0,,0.11527113,0.007839829,0.02900739,0.5488864,0.834809,-0.04263322,-0.075556636,0.10034342,0.9920799,0.8324752,-0.54131794,0.11815241,,0.050528497,-0.027973637,0.022690952,0.58232176,0.14529382,0.79986936,-0.37434345,-0.82545996,0.42247227,0.72164273,-0.54544055,-0.4262936,,0.10793043,1.3464036,0.44466993,0.9966659,-0.0036641276,-0.08150847,-0.055105526,-0.7669472,-0.6393398,-0.06017007,0.64169973,-0.76459205,,-0.07042945,0.27454177,-0.083209835,-0.6039341,-0.79680943,0.01893032,0.448141,-0.31983152,0.83479184,-0.6591155,0.51264274,0.55024016,,0.014779329,0.44121954,-0.32502666,-0.6432374,-0.08299114,-0.7611558,0.16826996,-0.98512685,-0.03479018,-0.7469477,-0.150458,0.64763534,,1.0165201600355496,0.3570296635082733,0.20115309704,3.5661968688413053,-0.9024840809507342,-0.8416279331599557,-0.4031331552194013,,-0.7808377981799659,0.10031830003617638,0.18969259715000003,-1.0983559239719385,-0.576742665509924,-0.3671571511585898,0.860986572593786,,-0.04375976767062783,-0.08274169651392119,0.07694186708,-0.052660797281082014,,0.00010639243,7.987022e-06,-8.34465e-06,1.0,-8.2138926e-05,-6.89365e-05,8.2138926e-05,1.0,-6.467104e-06,6.894022e-05,6.4969063e-06,1.0,349,1.085,1,2,0.946,False,-0.26148663402373185,1.0353688885303458
1.0961100700078532,17:01:32.916077,17:01:17.208036,0,,0.11494563,0.0077914894,0.029133797,0.53306043,0.8450441,-0.041797377,-0.0792636,0.099062204,0.9919194,0.84235615,-0.52544,0.119787365,,0.050513804,-0.027984768,0.022726595,0.58229744,0.14510867,0.79992074,-0.37450862,-0.8254427,0.42235976,0.7215767,-0.54551613,-0.42630872,,0.10793043,1.3464036,0.44466993,0.9966659,-0.0036641276,-0.08150847,-0.055105526,-0.7669472,-0.6393398,-0.06017007,0.64169973,-0.76459205,,-0.070112765,0.27460486,-0.08335125,-0.5887741,-0.80809754,0.017985957,0.45258293,-0.31114888,0.83567643,-0.6697117,0.50016475,0.54892755,,0.014790724,0.44123644,-0.32506126,-0.64320487,-0.082799904,-0.7612041,0.1681058,-0.9851514,-0.03488686,-0.7470127,-0.15040222,0.64757335,,1.0177171836310543,0.35553145333067376,0.20115050446000002,3.5466957040972447,-0.9195636434214143,-0.8264755140957943,-0.40460325181460965,,-0.7808377981799659,0.1003260227690506,0.18965241216,-1.098146234028454,-0.576742665509924,-0.3671571511585898,0.860986572593786,,-0.04375976767062783,-0.08274169651392119,0.07694186708,-0.052660797281082014,,0.00010639243,7.987022e-06,-8.34465e-06,1.0,-8.2138926e-05,-6.89365e-05,8.2138926e-05,1.0,-6.467104e-06,6.894022e-05,6.4969063e-06,1.0,362,1.126,1,2,0.987,False,-0.2618441003348577,1.0350309271248894
