Task Time,PC1 Time,PC2 Time,Gaze Calib,s_T_psm1,Tx,Ty,Tz,R00,R01,R02,R10,R11,R12,R20,R21,R22,s_T_psm3,Tx,Ty,Tz,R00,R01,R02,R10,R11,R12,R20,R21,R22,cart_T_ecm,Tx,Ty,Tz,R00,R01,R02,R10,R11,R12,R20,R21,R22,ecm_T_psm1,Tx,Ty,Tz,R00,R01,R02,R10,R11,R12,R20,R21,R22,ecm_T_psm3,Tx,Ty,Tz,R00,R01,R02,R10,R11,R12,R20,R21,R22,psm1_joints,q1,q2,q3,q4,q5,q6,jaw,psm3_joints,q1,q2,q3,q4,q5,q6,jaw,ecm_joints,q1,q2,q3,q4,ecmi_T_ecm,Tx,Ty,Tz,R00,R01,R02,R10,R11,R12,R20,R21,R22,Sample #,Task Duration (s),Collisions (binary),Collisions (increments),Cumulative Collision Time (s),Clutch Press,MTMR Angle,MTML Angle
""
lci_T_si,,,,,-0.062389474,-0.0010951007,0.25930017,0.99593616,0.0017670981,0.09004503,0.05772532,-0.7799611,-0.62316006,0.069130436,0.6258255,-0.77689344
rci_T_si,,,,,-0.072285615,0.0035915847,0.2678278,0.9913835,-0.02220903,0.12909488,0.06891292,-0.74969065,-0.65819067,0.111399,0.66141564,-0.7417005
ecm_T_lc,,,,,-4.4061628e-05,-0.00034663224,-0.01840835,-0.99912,0.030754527,0.028518902,-0.031987965,-0.99852574,-0.043852776,0.027128186,-0.04472645,0.9986309
ecm_T_rc,,,,,-0.0043358393,0.01870579,-0.007592615,-0.99555075,-0.052743673,-0.078081585,0.04863213,-0.9973746,0.053654674,-0.08070653,0.04961868,0.9955021
cart_T_ecmi,,,,,0.10892019,1.3552758,0.4526434,0.99635094,0.028806036,-0.08034339,-0.027260283,-0.78462213,-0.6193747,-0.08088093,0.6193047,-0.78097373
ecmac_T_ecmrep_psm1,,,,,0.020639513,-0.23766407,-0.31952974,0.9991728,0.040656675,0.00084931776,-0.040573046,0.9980905,-0.046573985,-0.0027412393,0.046501,0.9989145
ecmac_T_ecmrep_psm3,,,,,-0.018134806,-0.43550184,-0.5747026,0.99898165,-0.022027466,0.039375085,0.018065983,0.9949952,0.09827628,-0.041342795,-0.09746485,0.9943799
""
0,17:05:01.284120,17:04:43.655252,0,,0.1257929,0.026255384,0.017425388,-0.43405855,-0.7881496,-0.43636376,-0.80559045,0.12275571,0.5796163,-0.4032583,0.6031179,-0.688209,,0.066245735,-0.0089610815,0.024506092,-0.43644926,-0.41941932,0.79598963,-0.010203987,0.88694996,0.4617528,-0.8996711,0.19340941,-0.39138845,,0.10885108,1.3552808,0.45264354,0.99635327,0.02887301,-0.080290526,-0.027175236,-0.7846197,-0.61938155,-0.08088093,0.6193047,-0.78097373,,-0.09420139,0.27677208,-0.053904217,0.4567833,0.72288704,0.51844317,-0.8591667,0.50958306,0.046450574,-0.23061135,-0.46664694,0.85384953,,-0.019602077,0.43130362,-0.3358667,0.53686213,0.35347044,-0.7660533,-0.6070222,0.79243416,-0.05976762,0.58592075,0.49709836,0.6399923,,1.2594696135257784,0.3054726988399505,0.19929810605,-0.07548837965442877,-0.0121606484791242,0.41708471302968425,-0.39414923158201576,,-0.9068573532215615,-0.3239377531422213,0.19356331909000002,1.6804552070849783,0.5613027410364293,0.4955678277956027,0.8178637391343362,,-0.03987859174650544,-0.11159198904938746,0.0651689506,-0.08471519562608845,,-6.89961e-05,-5.7816505e-06,2.2649765e-06,1.0,6.666407e-05,5.286187e-05,-6.666407e-05,1.0,6.914139e-06,-5.286187e-05,-6.914139e-06,1.0,39,0.117,0,0,0.0,False,-0.2551713958605024,0.9924960702381866
0.1276378910006315,17:05:01.323893,17:04:43.766072,0,,0.12595367,0.026061773,0.0179822,-0.4508219,-0.78623813,-0.42259824,-0.7935126,0.13619584,0.5931177,-0.40877563,0.6027275,-0.68528986,,0.06624807,-0.008964002,0.024506927,-0.43631446,-0.41895297,0.796309,-0.009671271,0.8871225,0.4614326,-0.89974225,0.19362837,-0.39111632,,0.10885108,1.3552808,0.45264354,0.99635327,0.02887301,-0.080290526,-0.027175236,-0.7846197,-0.61938155,-0.08088093,0.6193047,-0.78097373,,-0.09442383,0.27695915,-0.054441713,0.47428626,0.72131324,0.5047373,-0.85233647,0.51975167,0.058144562,-0.22039762,-0.4577832,0.8613126,,-0.019604348,0.43130195,-0.33586925,0.5367122,0.35297465,-0.76638687,-0.60672617,0.7926564,-0.059825864,0.58636445,0.49709627,0.6395874,,1.2591607042108095,0.305696658093303,0.19870699781,-0.0576647344582442,-0.0004099094992963213,0.40995313551600887,-0.3944759197142844,,-0.9068650759544358,-0.3239377531422213,0.19356461538000003,1.6810842769154317,0.5614393775361948,0.49553808863204685,0.8177003950682018,,-0.03987859174650544,-0.11159198904938746,0.0651689506,-0.08471519562608845,,-6.89961e-05,-5.7816505e-06,2.2649765e-06,1.0,6.666407e-05,5.286187e-05,-6.666407e-05,1.0,6.914139e-06,-5.286187e-05,-6.914139e-06,1.0,51,0.152,0,0,0.0,False,-0.2552309735790237,0.9918684276280536
0.16764931799843907,17:05:01.363184,17:04:43.766072,0,,0.1261712,0.025900275,0.018649414,-0.4659459,-0.785819,-0.406673,-0.77729946,0.1439465,0.61244184,-0.4227293,0.6014715,-0.6778879,,0.06625009,-0.008968517,0.024509907,-0.4360515,-0.41815358,0.79687303,-0.008604497,0.88738835,0.46094245,-0.89988065,0.1941379,-0.39054504,,0.10885108,1.3552808,0.45264354,0.99635327,0.02887301,-0.080290526,-0.027175236,-0.7846197,-0.61938155,-0.08088093,0.6193047,-0.78097373,,-0.09471359,0.27723715,-0.05503947,0.49113315,0.7211932,0.48853722,-0.8476004,0.52500814,0.0770716,-0.20090252,-0.45193675,0.8691325,,-0.019606497,0.4313008,-0.3358745,0.5364184,0.35211074,-0.7669898,-0.60612947,0.7931139,-0.059811845,0.5872499,0.4969793,0.63886553,,1.258836349430092,0.3059901219425235,0.1980342233,-0.042147678640389395,0.020495474964816067,0.4050763285314002,-0.39529264004495573,,-0.90687279868731,-0.32393003040934704,0.19356461538000003,1.6823424165763388,0.5617126505357257,0.4956419677852163,0.8173737069359335,,-0.03987859174650544,-0.11159198904938746,0.0651689506,-0.08471519562608845,,-6.89961e-05,-5.7816505e-06,2.2649765e-06,1.0,6.666407e-05,5.286187e-05,-6.666407e-05,1.0,6.914139e-06,-5.286187e-05,-6.914139e-06,1.0,59,0.177,0,0,0.0,False,-0.25588632848275505,0.9927857514428635
0.20696805999978096,17:05:01.394330,17:04:43.766072,0,,0.12629008,0.02574578,0.019089371,-0.4744874,-0.7839873,-0.40028206,-0.7684443,0.14710715,0.62277836,-0.4293659,0.60309494,-0.672251,,0.066251054,-0.008964762,0.024511158,-0.43569258,-0.41872185,0.79677093,-0.008782893,0.88714266,0.46141165,-0.9000527,0.19403565,-0.3901991,,0.10885108,1.3552808,0.45264354,0.99635327,0.02887301,-0.080290526,-0.027175236,-0.7846197,-0.61938155,-0.08088093,0.6193047,-0.78097373,,-0.09488127,0.27738416,-0.055465903,0.50051063,0.7192687,0.48181084,-0.8443877,0.5283984,0.088343024,-0.1910457,-0.45105177,0.8718107,,-0.019607767,0.43130416,-0.3358726,0.53609014,0.3526976,-0.76694965,-0.6064167,0.79293793,-0.05923032,0.5872531,0.49684387,0.63896793,,1.2586510038411105,0.30607507200413997,0.19757015148,-0.03313101107055485,0.031153121946520423,0.4053703934585412,-0.3959460163094929,,-0.9068650759544358,-0.3239145849435986,0.19356591167,1.6821327266328545,0.562122560035022,0.4960428227353921,0.8181904272666046,,-0.03987859174650544,-0.11159198904938746,0.0651689506,-0.08471519562608845,,-6.89961e-05,-5.7816505e-06,2.2649765e-06,1.0,6.666407e-05,5.286187e-05,-6.666407e-05,1.0,6.914139e-06,-5.286187e-05,-6.914139e-06,1.0,74,0.222,0,0,0.0,False,-0.25624379479388093,0.9932202732498787
0.2381047060007404,17:05:01.425549,17:04:43.766072,0,,0.1264048,0.025567055,0.019580439,-0.48465532,-0.78407353,-0.3877343,-0.75808764,0.15538251,0.63337153,-0.43636286,0.60090345,-0.66970336,,0.066248655,-0.008986026,0.024505496,-0.43637586,-0.415916,0.79786587,-0.005039841,0.88786566,0.46007514,-0.89975035,0.19674453,-0.38953933,,0.10885108,1.3552808,0.45264354,0.99635327,0.02887301,-0.080290526,-0.027175236,-0.7846197,-0.61938155,-0.08088093,0.6193047,-0.78097373,,-0.0950507,0.27754423,-0.055947483,0.5115749,0.71976054,0.46929294,-0.84014577,0.533508,0.09759253,-0.18012826,-0.44420037,0.8776331,,-0.019603765,0.43128583,-0.33588436,0.53656244,0.3495692,-0.76805085,-0.6035689,0.7950658,-0.059790146,0.58975023,0.49565277,0.63759154,,1.258527440115123,0.30609824020276266,0.19705163548000001,-0.02222713400935958,0.043040497426113745,0.39918922166299664,-0.39643604850789566,,-0.90687279868731,-0.3239145849435986,0.19356591167,1.6865362154460295,0.5613027410364293,0.4968746876378517,0.8185171153988732,,-0.03987859174650544,-0.11159198904938746,0.0651689506,-0.08471519562608845,,-6.89961e-05,-5.7816505e-06,2.2649765e-06,1.0,6.666407e-05,5.286187e-05,-6.666407e-05,1.0,6.914139e-06,-5.286187e-05,-6.914139e-06,1.0,82,0.247,0,0,0.0,False,-0.2550522404234603,0.9942341574662472
0.2693286169997009,17:05:01.454763,17:04:43.766072,0,,0.12651667,0.025359944,0.020173043,-0.49733934,-0.78287196,-0.3738516,-0.74553734,0.16530445,0.6456381,-0.44365266,0.59982157,-0.6658727,,0.06624529,-0.008997977,0.02449596,-0.43755788,-0.41502532,0.79768217,-0.0028777719,0.88775367,0.46030986,-0.89918566,0.19911665,-0.38963804,,0.10885108,1.3552808,0.45264354,0.99635327,0.02887301,-0.080290526,-0.027175236,-0.7846197,-0.61938155,-0.08088093,0.6193047,-0.78097373,,-0.09522856,0.27774537,-0.05652582,0.52521825,0.71889037,0.45534864,-0.8342483,0.5405316,0.10888251,-0.16785572,-0.43706092,0.88363016,,-0.01959878,0.4312712,-0.33588672,0.5375718,0.34841815,-0.76786804,-0.6015515,0.7966016,-0.059680395,0.5908912,0.49399465,0.637822,,1.2585428855808714,0.3061368538671338,0.19643330515000001,-0.008387597739380975,0.056430874403126906,0.3932526702493217,-0.39627270444176144,,-0.9068882441530584,-0.3239145849435986,0.19356591167,1.6890524947678438,0.559936376038775,0.4984789391156594,0.819497179795679,,-0.03987859174650544,-0.11159198904938746,0.0651689506,-0.08471519562608845,,-6.89961e-05,-5.7816505e-06,2.2649765e-06,1.0,6.666407e-05,5.286187e-05,-6.666407e-05,1.0,6.914139e-06,-5.286187e-05,-6.914139e-06,1.0,93,0.28,0,0,0.0,False,-0.25624379479388093,0.994765239674821
0.29853882899988093,17:05:01.479228,17:04:43.766072,0,,0.12663642,0.02515167,0.02080752,-0.5073675,-0.7814517,-0.36319628,-0.7331435,0.1699529,0.65849566,-0.4528563,0.60037434,-0.6591449,,0.066250354,-0.009000763,0.024500787,-0.43704414,-0.41483417,0.7980632,-0.002351284,0.8878129,0.46019852,-0.89943695,0.19925061,-0.38898894,,0.10885108,1.3552808,0.45264354,0.99635327,0.02887301,-0.080290526,-0.027175236,-0.7846197,-0.61938155,-0.08088093,0.6193047,-0.78097373,,-0.09541867,0.27797124,-0.057136647,0.5364186,0.717519,0.44432145,-0.8297932,0.544439,0.12259405,-0.15394239,-0.43445668,0.88743967,,-0.019604243,0.43127224,-0.33589184,0.5370668,0.34821036,-0.76831555,-0.6014334,0.7967168,-0.059330944,0.59147024,0.4939553,0.6373155,,1.258596944710991,0.306214081195876,0.19576571580000002,0.0025162793218142924,0.0715975258770908,0.39166687663757305,-0.38892222146571903,,-0.9069036896188069,-0.3239145849435986,0.19356720796000002,1.6896815645982974,0.5604829220378368,0.49868669742199817,0.820150556060216,,-0.03987859174650544,-0.11159198904938746,0.0651689506,-0.08471519562608845,,-6.89961e-05,-5.7816505e-06,2.2649765e-06,1.0,6.666407e-05,5.286187e-05,-6.666407e-05,1.0,6.914139e-06,-5.286187e-05,-6.914139e-06,1.0,105,0.316,1,1,0.011,False,-0.25588632848275505,0.9942824376670267
0.3230132880016754,17:05:01.524254,17:04:43.968195,0,,0.12681738,0.024961993,0.021662667,-0.51637745,-0.78231883,-0.3483268,-0.71276784,0.16717172,0.681187,-0.474675,0.6000258,-0.6439353,,0.06624852,-0.008999586,0.02450031,-0.43693522,-0.4157546,0.7976438,-0.002354771,0.88729614,0.46119407,-0.8994899,0.19963363,-0.38867003,,0.10885108,1.3552808,0.45264354,0.99635327,0.02887301,-0.080290526,-0.027175236,-0.7846197,-0.61938155,-0.08088093,0.6193047,-0.78097373,,-0.09569242,0.27834588,-0.05790132,0.5481011,0.71835864,0.42842272,-0.82699376,0.54209095,0.14905956,-0.12516585,-0.4360026,0.89119875,,-0.019602424,0.4312729,-0.33589077,0.53696495,0.3491034,-0.7679814,-0.60148656,0.7967474,-0.058373787,0.5915087,0.4932752,0.6378064,,1.2587900130328467,0.30627586305886983,0.19495423826000002,0.011952326778617888,0.10083773682689505,0.3937156058710971,-0.3931691671852101,,-0.9068882441530584,-0.3239068622107244,0.19356720796000002,1.6896815645982974,0.5606195585376021,0.49980046062041006,0.8186804594650076,,-0.03987859174650544,-0.11159198904938746,0.0651689506,-0.08471519562608845,,-6.89961e-05,-5.7816505e-06,2.2649765e-06,1.0,6.666407e-05,5.286187e-05,-6.666407e-05,1.0,6.914139e-06,-5.286187e-05,-6.914139e-06,1.0,130,0.394,1,1,0.089,False,-0.2548735072678969,0.9943789980685855
0.36798964899935527,17:05:01.592016,17:04:43.968195,0,,0.1268974,0.02448517,0.023036122,-0.5353656,-0.77272445,-0.34099936,-0.68648225,0.16288248,0.7086688,-0.49206305,0.6134869,-0.6176632,,0.066253304,-0.00900358,0.024506629,-0.4364282,-0.41641557,0.79757655,-0.002373457,0.886983,0.46179602,-0.8997359,0.19964775,-0.38809282,,0.10885108,1.3552808,0.45264354,0.99635327,0.02887301,-0.080290526,-0.027175236,-0.7846197,-0.61938155,-0.08088093,0.6193047,-0.78097373,,-0.09592635,0.27882335,-0.059256848,0.5693646,0.7073148,0.41896272,-0.8163312,0.5466392,0.18651797,-0.09709455,-0.44820908,0.8886401,,-0.019607708,0.43127418,-0.33589774,0.5364909,0.34977198,-0.76800853,-0.6017355,0.7966202,-0.057538673,0.59168565,0.49300694,0.6378497,,1.2598094137722442,0.30596695374390087,0.19355294877,0.0335503909575239,0.1307611302755265,0.41007277629172145,-0.39529264004495585,,-0.9069036896188069,-0.32393003040934704,0.19356720796000002,1.6896815645982974,0.5611661045366639,0.5004982913675923,0.8196605238618133,,-0.03987859174650544,-0.11159198904938746,0.0651689506,-0.08471519562608845,,-6.89961e-05,-5.7816505e-06,2.2649765e-06,1.0,6.666407e-05,5.286187e-05,-6.666407e-05,1.0,6.914139e-06,-5.286187e-05,-6.914139e-06,1.0,138,0.419,1,1,0.114,False,-0.25576717304571295,0.9932685534506578
0.43579681900155265,17:05:01.625843,17:04:43.968195,0,,0.12684825,0.024233446,0.023550421,-0.5466215,-0.76277053,-0.3455227,-0.67635727,0.15889546,0.7192309,-0.4937063,0.6268438,-0.6027611,,0.06625229,-0.009005159,0.024505973,-0.43643403,-0.41654235,0.79750717,-0.0023799539,0.88691026,0.46193564,-0.8997332,0.1997064,-0.38806924,,0.10885108,1.3552808,0.45264354,0.99635327,0.02887301,-0.080290526,-0.027175236,-0.7846197,-0.61938155,-0.08088093,0.6193047,-0.78097373,,-0.095936835,0.2789488,-0.05981759,0.5809435,0.6959308,0.4221196,-0.8088881,0.55134135,0.20426162,-0.09058004,-0.46011195,0.8832283,,-0.01960656,0.43127277,-0.33589852,0.53649664,0.34989437,-0.76794875,-0.6017372,0.7966276,-0.05741852,0.59167874,0.49290815,0.6379325,,1.2604581233336791,0.30550358977144737,0.19299554407000002,0.04676085739704893,0.13854941076215663,0.4256935368788366,-0.39741611290470147,,-0.9068959668859327,-0.3239377531422213,0.19356720796000002,1.6896815645982974,0.5611661045366639,0.5006616488478735,0.8190071475972764,,-0.03987859174650544,-0.11159198904938746,0.0651689506,-0.08471519562608845,,-6.89961e-05,-5.7816505e-06,2.2649765e-06,1.0,6.666407e-05,5.286187e-05,-6.666407e-05,1.0,6.914139e-06,-5.286187e-05,-6.914139e-06,1.0,155,0.472,1,1,0.167,False,-0.2557075953271921,0.9936547950568937
0.469605391001096,17:05:01.671916,17:04:43.968195,0,,0.1267345,0.023949116,0.024234235,-0.5681678,-0.73676735,-0.36655033,-0.65429115,0.13430661,0.744221,-0.49908763,0.66267306,-0.55836904,,0.06625229,-0.009005159,0.024505973,-0.43643403,-0.41660747,0.7974732,-0.0023799539,0.88687253,0.46200812,-0.8997332,0.19973803,-0.38805294,,0.10885108,1.3552808,0.45264354,0.99635327,0.02887301,-0.080290526,-0.027175236,-0.7846197,-0.61938155,-0.08088093,0.6193047,-0.78097373,,-0.09590161,0.27915737,-0.06053637,0.60339993,0.66579205,0.43889567,-0.79393214,0.5531289,0.2524285,-0.07470098,-0.5007687,0.8623517,,-0.01960656,0.43127277,-0.33589852,0.53649664,0.3499571,-0.76792014,-0.6017372,0.79663223,-0.05735345,0.59167874,0.49285603,0.6379728,,1.2617864333880457,0.3045845845594147,0.19229425118000001,0.07255272044564542,0.15685870173072564,0.47643324485652816,-0.39512929597882157,,-0.9068959668859327,-0.3239377531422213,0.19356720796000002,1.6896815645982974,0.5611661045366639,0.500743327588014,0.8188438035311421,,-0.03987859174650544,-0.11159198904938746,0.0651689506,-0.08471519562608845,,-6.89961e-05,-5.7816505e-06,2.2649765e-06,1.0,6.666407e-05,5.286187e-05,-6.666407e-05,1.0,6.914139e-06,-5.286187e-05,-6.914139e-06,1.0,163,0.496,1,1,0.191,False,-0.2566608388235285,0.9931237128483195
0.5156982830012566,17:05:01.708209,17:04:44.124039,0,,0.12661324,0.023779407,0.024443388,-0.5791735,-0.72089005,-0.38062546,-0.64421976,0.11863169,0.7555842,-0.49953887,0.6828208,-0.5331198,,0.066253066,-0.009008005,0.024507284,-0.43630967,-0.41654038,0.79757625,-0.002390951,0.8869298,0.46189803,-0.89979345,0.1996235,-0.387972,,0.10885108,1.3552808,0.45264354,0.99635327,0.02887301,-0.080290526,-0.027175236,-0.7846197,-0.61938155,-0.08088093,0.6193047,-0.78097373,,-0.09580661,0.2791607,-0.060816042,0.6146037,0.64755714,0.4504798,-0.7858019,0.5526283,0.2777003,-0.06912107,-0.5246635,0.84849894,,-0.019607354,0.4312717,-0.33590147,0.53638065,0.34990105,-0.7680267,-0.6018026,0.7965808,-0.057381812,0.5917174,0.49297896,0.6378419,,1.2624892020796001,0.3036501338816335,0.19204795608000003,0.08597287682865498,0.16410043621829398,0.5067117778428869,-0.3962727044417615,,-0.9068959668859327,-0.32395319860796973,0.19356720796000002,1.6896815645982974,0.5613027410364293,0.5006319096843177,0.8188438035311421,,-0.03987859174650544,-0.11159198904938746,0.0651689506,-0.08471519562608845,,-6.89961e-05,-5.7816505e-06,2.2649765e-06,1.0,6.666407e-05,5.286187e-05,-6.666407e-05,1.0,6.914139e-06,-5.286187e-05,-6.914139e-06,1.0,176,0.537,1,1,0.232,False,-0.2575545046013441,0.993171993049099
0.5519701740013261,17:05:01.742357,17:04:44.124039,0,,0.1264553,0.023501053,0.024568737,-0.5913656,-0.7018211,-0.3971573,-0.63573444,0.10274795,0.7650389,-0.49611342,0.7049043,-0.5069334,,0.06625183,-0.009006724,0.02450645,-0.43631703,-0.41641343,0.79763854,-0.002389282,0.887002,0.4617594,-0.89978987,0.19956765,-0.38800898,,0.10885108,1.3552808,0.45264354,0.99635327,0.02887301,-0.080290526,-0.027175236,-0.7846197,-0.61938155,-0.08088093,0.6193047,-0.78097373,,-0.095668666,0.27902883,-0.061101902,0.6265463,0.6259413,0.46436757,-0.7764425,0.5530119,0.3021835,-0.06765163,-0.5498867,0.832495,,-0.01960608,0.43127212,-0.3359,0.53638744,0.3497782,-0.76807797,-0.601798,0.796575,-0.057510186,0.5917159,0.49307552,0.6377686,,1.2629834569835505,0.3021596464369082,0.19181851275000003,0.10107055275954074,0.16778962171196088,0.5398871763253525,-0.3957826722433586,,-0.9068882441530584,-0.32394547587509553,0.19356720796000002,1.6896815645982974,0.5613027410364293,0.5004685522040364,0.8188438035311418,,-0.03987859174650544,-0.11159198904938746,0.0651689506,-0.08471519562608845,,-6.89961e-05,-5.7816505e-06,2.2649765e-06,1.0,6.666407e-05,5.286187e-05,-6.666407e-05,1.0,6.914139e-06,-5.286187e-05,-6.914139e-06,1.0,193,0.591,1,1,0.286,False,-0.2566608388235285,0.99307543264754
0.5860654669995711,17:05:01.790915,17:04:44.124039,0,,0.12638816,0.023193344,0.024626926,-0.6080484,-0.6794401,-0.41065595,-0.6219906,0.0862526,0.7782595,-0.4933607,0.7286438,-0.47505116,,0.06619932,-0.009009097,0.02449572,-0.43629307,-0.41643643,0.79763967,-0.0023455024,0.88698196,0.46179792,-0.8998016,0.19960839,-0.38796094,,0.10883115,1.3552792,0.45263022,0.9963543,0.028902695,-0.08026709,-0.02713754,-0.78461856,-0.6193845,-0.08088093,0.6193047,-0.78097373,,-0.09560262,0.27883285,-0.061359655,0.64316016,0.6008427,0.47469258,-0.76315236,0.55380446,0.3330151,-0.06279718,-0.5764448,0.8147195,,-0.019538777,0.43127686,-0.33590895,0.536367,0.34976217,-0.76809955,-0.60176533,0.7966023,-0.05747391,0.59176767,0.49304274,0.6377459,,1.262998902449299,0.30049153613607565,0.19162277296000002,0.12245892699496222,0.17516799269929464,0.577160341800244,-0.39545598411108995,,-0.9069500260160522,-0.32394547587509553,0.19356591167,1.6896815645982974,0.5613027410364293,0.5005502309441769,0.8186804594650074,,-0.03987859174650544,-0.11159198904938746,0.0651689506,-0.08471519562608845,,-8.773804e-05,-1.347065e-05,1.5258789e-05,1.0,9.620562e-05,7.6286495e-05,-9.621307e-05,1.0,9.894371e-06,-7.6286495e-05,-9.983778e-06,1.0,201,0.615,1,1,0.31,False,-0.25683957197909146,0.992737471242084
0.6346981479982787,17:05:01.826938,17:04:44.124039,0,,0.1264027,0.022899762,0.024673864,-0.63109046,-0.65108246,-0.42168292,-0.59885734,0.06341168,0.7983413,-0.49304646,0.75635356,-0.42992395,,0.06620631,-0.009009872,0.024499595,-0.43613648,-0.4165687,0.79765624,-0.002340436,0.8869244,0.4619085,-0.89987755,0.19958833,-0.38779515,,0.10883115,1.3552792,0.45263022,0.9963543,0.028902695,-0.08026709,-0.02713754,-0.78461856,-0.6193845,-0.08088093,0.6193047,-0.78097373,,-0.095628224,0.27863187,-0.06157771,0.6665275,0.56925374,0.48134324,-0.7437466,0.5517932,0.37731326,-0.05081497,-0.60948706,0.7911658,,-0.01954612,0.43127832,-0.3359118,0.5362201,0.34989834,-0.7681401,-0.6018348,0.7965638,-0.057280622,0.5918302,0.4930084,0.63771445,,1.2627208840658268,0.2987307530407525,0.19145944042000002,0.15307365874370277,0.18992473467396223,0.6255694759050464,-0.3964360485078957,,-0.9069886396804233,-0.32395319860796973,0.19356720796000002,1.6896815645982974,0.5614393775361948,0.5006838492609024,0.8178637391343362,,-0.03987859174650544,-0.11159198904938746,0.0651689506,-0.08471519562608845,,-8.773804e-05,-1.347065e-05,1.5258789e-05,1.0,9.620562e-05,7.6286495e-05,-9.621307e-05,1.0,9.894371e-06,-7.6286495e-05,-9.983778e-06,1.0,214,0.656,1,1,0.351,False,-0.25695872741613357,0.9916753068249358
0.6707216690010682,17:05:01.857590,17:04:44.299969,0,,0.12641245,0.02268134,0.024713084,-0.6493054,-0.6280981,-0.42883027,-0.5817048,0.0469265,0.8120452,-0.4899206,0.77671796,-0.39583722,,0.06621082,-0.009009335,0.024502575,-0.4361102,-0.41656905,0.7976704,-0.0023308694,0.88692546,0.46190658,-0.8998903,0.1995829,-0.3877683,,0.10883115,1.3552792,0.45263022,0.9963543,0.028902695,-0.08026709,-0.02713754,-0.78461856,-0.6193845,-0.08088093,0.6193047,-0.78097373,,-0.09564669,0.27848506,-0.061743397,0.68467325,0.5439133,0.48516068,-0.72750366,0.5504453,0.409571,-0.044283323,-0.63337845,0.77257407,,-0.019550966,0.43128031,-0.33591324,0.536195,0.34989926,-0.7681572,-0.6018405,0.79656065,-0.057264157,0.59184706,0.49301288,0.6376954,,1.262550983942594,0.2975646203767446,0.19133110771000003,0.17781707207487665,0.1982595611596541,0.6621443947942032,-0.3962727044417613,,-0.9070195306119202,-0.32395319860796973,0.19356720796000002,1.6896815645982974,0.5614393775361948,0.5006838492609024,0.8178637391343362,,-0.03987859174650544,-0.11159198904938746,0.0651689506,-0.08471519562608845,,-8.773804e-05,-1.347065e-05,1.5258789e-05,1.0,9.620562e-05,7.6286495e-05,-9.621307e-05,1.0,9.894371e-06,-7.6286495e-05,-9.983778e-06,1.0,222,0.681,0,1,0.354,False,-0.2568991496976123,0.9911925048171413
0.7013576099998318,17:05:01.891712,17:04:44.299969,0,,0.12640397,0.022437245,0.024792358,-0.66754043,-0.60680765,-0.4314791,-0.5656976,0.036539346,0.8238028,-0.484124,0.79400843,-0.3676611,,0.066214785,-0.009007487,0.024503589,-0.43609118,-0.41676816,0.79757684,-0.0023195744,0.88681006,0.46212816,-0.8998996,0.19967997,-0.38769686,,0.10883115,1.3552792,0.45263022,0.9963543,0.028902695,-0.08026709,-0.02713754,-0.78461856,-0.6193845,-0.08088093,0.6193047,-0.78097373,,-0.09565175,0.27834398,-0.061957903,0.7025343,0.52070934,0.4850849,-0.7104942,0.5520352,0.43641162,-0.040540315,-0.6512441,0.75778466,,-0.019555092,0.43128183,-0.3359124,0.5361767,0.350091,-0.7680826,-0.6018417,0.79657507,-0.057050757,0.5918625,0.4928534,0.6378043,,1.2624737566138517,0.2964371013771078,0.19114573824000003,0.20381862506695766,0.20372502115027172,0.6926461794265069,-0.3961093603756273,,-0.9070426988105429,-0.32394547587509553,0.19356850425000002,1.6896815645982974,0.5614393775361948,0.500928885481324,0.8167203306713963,,-0.03987859174650544,-0.11159198904938746,0.0651689506,-0.08471519562608845,,-8.773804e-05,-1.347065e-05,1.5258789e-05,1.0,9.620562e-05,7.6286495e-05,-9.621307e-05,1.0,9.894371e-06,-7.6286495e-05,-9.983778e-06,1.0,235,0.722,0,1,0.354,False,-0.25636295023092304,0.9908545434116851
0.7354912500013597,17:05:01.924280,17:04:44.299969,0,,0.12633586,0.022064403,0.02493979,-0.687531,-0.5777169,-0.43993673,-0.5503841,0.019381106,0.8346865,-0.47368616,0.81600714,-0.33129126,,0.066217035,-0.009007234,0.024505079,-0.436078,-0.41670322,0.797618,-0.002314806,0.88684833,0.46205473,-0.8999059,0.19964555,-0.38769972,,0.10883115,1.3552792,0.45263022,0.9963543,0.028902695,-0.08026709,-0.02713754,-0.78461856,-0.6193845,-0.08088093,0.6193047,-0.78097373,,-0.09560743,0.27814758,-0.06231124,0.7216386,0.48911175,0.4899055,-0.6910548,0.55087835,0.467949,-0.040998977,-0.67624164,0.7355381,,-0.019557515,0.43128285,-0.33591312,0.5361641,0.35002875,-0.76811975,-0.60184455,0.7965688,-0.05710759,0.5918709,0.49290773,0.6377545,,1.2625046475453485,0.29502384126112474,0.19084888783,0.2308686277764613,0.20495474964816068,0.7322377521430987,-0.3954559841110902,,-0.9070581442762914,-0.32394547587509553,0.19356850425000002,1.6896815645982974,0.5614393775361948,0.5008472067411834,0.8165569866052621,,-0.03987859174650544,-0.11159198904938746,0.0651689506,-0.08471519562608845,,-8.773804e-05,-1.347065e-05,1.5258789e-05,1.0,9.620562e-05,7.6286495e-05,-9.621307e-05,1.0,9.894371e-06,-7.6286495e-05,-9.983778e-06,1.0,243,0.746,0,1,0.354,False,-0.25636295023092304,0.9909511038132439
0.7680510159989353,17:05:01.957145,17:04:44.299969,0,,0.12632433,0.02180098,0.02514489,-0.7015811,-0.561223,-0.43910444,-0.5352605,0.008268774,0.84464645,-0.4704043,0.82762337,-0.3062016,,0.06621829,-0.0090085305,0.024505854,-0.43607062,-0.4166999,0.79762363,-0.0023165047,0.88685155,0.46204844,-0.8999095,0.19963804,-0.3876953,,0.10883115,1.3552792,0.45263022,0.9963543,0.028902695,-0.08026709,-0.02713754,-0.78461856,-0.6193845,-0.08088093,0.6193047,-0.78097373,,-0.09562308,0.2780698,-0.06263572,0.73558414,0.47125712,0.48665458,-0.67650485,0.548608,0.49129468,-0.03545649,-0.69061273,0.72235507,,-0.01955879,0.43128243,-0.33591458,0.5361573,0.35002616,-0.76812565,-0.60184914,0.79656523,-0.05710934,0.59187245,0.49291536,0.63774717,,1.2626050430727136,0.2940430541860982,0.19055463000000003,0.25141824223794473,0.21164993813666727,0.7569177299738414,-0.3946392637804187,,-0.9070658670091656,-0.32395319860796973,0.19356850425000002,1.6896815645982974,0.5614393775361948,0.5008472067411834,0.8165569866052621,,-0.03987859174650544,-0.11159198904938746,0.0651689506,-0.08471519562608845,,-8.773804e-05,-1.347065e-05,1.5258789e-05,1.0,9.620562e-05,7.6286495e-05,-9.621307e-05,1.0,9.894371e-06,-7.6286495e-05,-9.983778e-06,1.0,260,0.8,0,1,0.354,False,-0.25540970673458663,0.9898406591953166
0.8009293169998273,17:05:02.008037,17:04:44.299969,0,,0.12631446,0.021397695,0.025504991,-0.7077829,-0.562116,-0.4278655,-0.51467055,-0.0045658946,0.85737574,-0.4838984,0.8270458,-0.2860729,,0.066219285,-0.009007964,0.024506569,-0.4360617,-0.41693735,0.7975045,-0.0021325648,0.8866743,0.46238953,-0.89991426,0.19992962,-0.3875339,,0.10883115,1.3552792,0.45263022,0.9963543,0.028902695,-0.08026709,-0.02713754,-0.78461856,-0.6193845,-0.08088093,0.6193047,-0.78097373,,-0.09565964,0.277979,-0.06316752,0.7436042,0.4719334,0.4736367,-0.66849875,0.5382609,0.5132101,-0.012739089,-0.6982507,0.7157399,,-0.019559875,0.43128315,-0.33591458,0.53614056,0.35023642,-0.7680415,-0.60172826,0.7966825,-0.056746576,0.59201044,0.49257642,0.6378809,,1.2627981113945692,0.2919270253785607,0.19009315076000002,0.26295118912959353,0.23651778109397742,0.7702096336988637,-0.39414923158201587,,-0.9070735897420398,-0.32394547587509553,0.19356850425000002,1.6898912545417817,0.5614393775361948,0.5013372791820268,0.8149235459439194,,-0.03987859174650544,-0.11159198904938746,0.0651689506,-0.08471519562608845,,-8.773804e-05,-1.347065e-05,1.5258789e-05,1.0,9.620562e-05,7.6286495e-05,-9.621307e-05,1.0,9.894371e-06,-7.6286495e-05,-9.983778e-06,1.0,268,0.824,0,1,0.354,False,-0.2561246393568388,0.9893095769867424
0.851822404001723,17:05:02.029356,17:04:44.299969,0,,0.12631324,0.021159992,0.025828525,-0.7002826,-0.57611,-0.4215467,-0.5008508,-0.024270147,0.86519325,-0.5086776,0.8170118,-0.27154914,,0.06622267,-0.009007592,0.024508774,-0.43604192,-0.41687247,0.7975492,-0.0021253228,0.8867128,0.46231562,-0.8999239,0.19989395,-0.38753006,,0.10883115,1.3552792,0.45263022,0.9963543,0.028902695,-0.08026709,-0.02713754,-0.78461856,-0.6193845,-0.08088093,0.6193047,-0.78097373,,-0.095697455,0.27799442,-0.063566916,0.73904234,0.48648244,0.46599492,-0.6734732,0.5173059,0.52804214,0.015821304,-0.7040805,0.70994383,,-0.019563511,0.43128467,-0.33591565,0.5361217,0.3501744,-0.7680829,-0.60173255,0.79667544,-0.0567993,0.59202313,0.49263185,0.6378263,,1.2631224661752867,0.29015079681748907,0.18976130052,0.2558217310511197,0.2668510840419052,0.7768394952922342,-0.39414923158201576,,-0.9070967579406625,-0.32394547587509553,0.19356850425000002,1.6898912545417817,0.5614393775361948,0.5012556004418862,0.8150868900100536,,-0.03987859174650544,-0.11159198904938746,0.0651689506,-0.08471519562608845,,-8.773804e-05,-1.347065e-05,1.5258789e-05,1.0,9.620562e-05,7.6286495e-05,-9.621307e-05,1.0,9.894371e-06,-7.6286495e-05,-9.983778e-06,1.0,281,0.865,0,1,0.354,False,-0.25582675076423333,0.9886819343766093
0.8731182279989298,17:05:02.077962,17:04:44.522616,0,,0.12621862,0.020827636,0.026330814,-0.6847354,-0.6002291,-0.4133552,-0.4807542,-0.054260373,0.8751749,-0.5477343,0.79798555,-0.25140864,,0.06622391,-0.009008858,0.024509609,-0.43603462,-0.41680405,0.79758894,-0.0021270812,0.8867538,0.46223694,-0.89992744,0.19985479,-0.38754204,,0.10883115,1.3552792,0.45263022,0.9963543,0.028902695,-0.08026709,-0.02713754,-0.78461856,-0.6193845,-0.08088093,0.6193047,-0.78097373,,-0.09566317,0.27805164,-0.06417293,0.7281126,0.5118243,0.45594734,-0.68281406,0.48321575,0.54796666,0.06014172,-0.7103087,0.7013163,,-0.019564785,0.43128425,-0.33591712,0.53611493,0.35010907,-0.7681174,-0.60173714,0.7966672,-0.056866124,0.5920246,0.49269158,0.6377788,,1.2640569168530678,0.2872702174554033,0.18928685838,0.2403046752332649,0.3141273129607476,0.7833755651708627,-0.39447591971428453,,-0.9071044806735367,-0.32395319860796973,0.19356850425000002,1.6898912545417817,0.5614393775361948,0.5011739217017456,0.814923545943919,,-0.03987859174650544,-0.11159198904938746,0.0651689506,-0.08471519562608845,,-8.773804e-05,-1.347065e-05,1.5258789e-05,1.0,9.620562e-05,7.6286495e-05,-9.621307e-05,1.0,9.894371e-06,-7.6286495e-05,-9.983778e-06,1.0,302,0.931,0,1,0.354,False,-0.2555288621716292,0.9887784947781684
0.9217078750007204,17:05:02.132304,17:04:44.522616,0,,0.12582733,0.020467266,0.026930809,-0.64462405,-0.6515776,-0.39988306,-0.4613872,-0.08549023,0.88307023,-0.609575,0.75374943,-0.24552047,,0.06622379,-0.009007428,0.02450955,-0.4360354,-0.41674232,0.79762083,-0.0021229982,0.8867886,0.46217027,-0.89992714,0.19982928,-0.38755602,,0.10883115,1.3552792,0.45263022,0.9963543,0.028902695,-0.08026709,-0.02713754,-0.78461856,-0.6193845,-0.08088093,0.6193047,-0.78097373,,-0.09534479,0.27816224,-0.06490052,0.69513714,0.56685996,0.44210193,-0.7080967,0.43381447,0.55713916,0.12402967,-0.7003391,0.7029522,,-0.019564722,0.43128517,-0.335916,0.53611547,0.35004917,-0.76814437,-0.60173404,0.7966654,-0.056925327,0.59202737,0.49273714,0.6377411,,1.2661497774619825,0.28256707313500057,0.18882278656,0.19459226755363862,0.3827188358429987,0.7626473145158414,-0.39627270444176144,,-0.9071044806735367,-0.32394547587509553,0.19356850425000002,1.6898912545417817,0.5614393775361948,0.5010922429616051,0.8141068256132478,,-0.03987859174650544,-0.11159198904938746,0.0651689506,-0.08471519562608845,,-8.773804e-05,-1.347065e-05,1.5258789e-05,1.0,9.620562e-05,7.6286495e-05,-9.621307e-05,1.0,9.894371e-06,-7.6286495e-05,-9.983778e-06,1.0,310,0.955,0,1,0.354,False,-0.2561246393568388,0.9883439729711534
0.9760621409986925,17:05:02.158887,17:04:44.522616,0,,0.12550479,0.02029404,0.027435824,-0.61004823,-0.6863667,-0.3959066,-0.44703364,-0.11440638,0.8871708,-0.6542187,0.71820056,-0.23703551,,0.06622492,-0.009007279,0.024510264,-0.43602875,-0.41674238,0.79762435,-0.0021205842,0.88678885,0.4621698,-0.8999303,0.19982785,-0.38754928,,0.10883115,1.3552792,0.45263022,0.9963543,0.028902695,-0.08026709,-0.02713754,-0.78461856,-0.6193845,-0.08088093,0.6193047,-0.78097373,,-0.095080815,0.27835667,-0.06543117,0.665753,0.6045683,0.43734437,-0.726333,0.3908123,0.5654256,0.17091879,-0.69409144,0.6993024,,-0.019565934,0.43128568,-0.33591637,0.53610915,0.35004938,-0.76814866,-0.6017355,0.79666454,-0.05692121,0.5920316,0.49273828,0.6377363,,1.2678642241600604,0.2795706527798015,0.18849612148000003,0.15538024812203255,0.432454521757619,0.7494535755174325,-0.3938225434497472,,-0.9071122034064109,-0.32394547587509553,0.19356850425000002,1.6898912545417817,0.5614393775361948,0.5010922429616051,0.8141068256132478,,-0.03987859174650544,-0.11159198904938746,0.0651689506,-0.08471519562608845,,-8.773804e-05,-1.347065e-05,1.5258789e-05,1.0,9.620562e-05,7.6286495e-05,-9.621307e-05,1.0,9.894371e-06,-7.6286495e-05,-9.983778e-06,1.0,327,1.008,0,1,0.354,False,-0.25576717304571295,0.9882474125695941
1.0026724730014394,17:05:02.211513,17:04:44.649768,0,,0.12482459,0.020042896,0.028335258,-0.53908944,-0.7438633,-0.3950317,-0.42130536,-0.1679644,0.8912293,-0.7293041,0.6468813,-0.22284573,,0.0662273,-0.009008426,0.024511874,-0.43601483,-0.41686943,0.7975656,-0.0021198988,0.88671684,0.46230793,-0.89993703,0.1998823,-0.38750556,,0.10883115,1.3552792,0.45263022,0.9963543,0.028902695,-0.08026709,-0.02713754,-0.78461856,-0.6193845,-0.08088093,0.6193047,-0.78097373,,-0.09450431,0.278753,-0.066350564,0.60363346,0.66808707,0.43507048,-0.7563911,0.30741894,0.57737863,0.25199026,-0.6776085,0.6909035,,-0.019568421,0.43128577,-0.3359182,0.5360961,0.35017252,-0.7681017,-0.60174143,0.7966695,-0.056788705,0.5920373,0.49264282,0.63780475,,1.27080658538514,0.2744118672198195,0.1879879758,0.07423023999352162,0.5178523341110194,0.7191865384549201,-0.39284247905294145,,-0.9071276488721594,-0.32395319860796973,0.19356850425000002,1.6898912545417817,0.5614393775361948,0.5012556004418862,0.8137801374809791,,-0.03987859174650544,-0.11159198904938746,0.0651689506,-0.08471519562608845,,-8.773804e-05,-1.347065e-05,1.5258789e-05,1.0,9.620562e-05,7.6286495e-05,-9.621307e-05,1.0,9.894371e-06,-7.6286495e-05,-9.983778e-06,1.0,336,1.037,0,1,0.354,False,-0.25683957197909146,0.9881508521680356
1.0552841319986328,17:05:02.243499,17:04:44.649768,0,,0.124372534,0.019758955,0.028851494,-0.5085486,-0.7692766,-0.38677093,-0.40482998,-0.18282543,0.89592826,-0.7599284,0.61219954,-0.21845058,,0.06622492,-0.009007279,0.024510264,-0.43602875,-0.41687268,0.79755634,-0.0021205842,0.8867134,0.46231464,-0.8999303,0.19989118,-0.38751665,,0.10883115,1.3552792,0.45263022,0.9963543,0.028902695,-0.08026709,-0.02713754,-0.78461856,-0.6193845,-0.08088093,0.6193047,-0.78097373,,-0.0941151,0.27887425,-0.06697128,0.57683396,0.6966809,0.42649543,-0.76405346,0.2754822,0.5833797,0.2889376,-0.6623785,0.6912089,,-0.019565934,0.43128568,-0.33591637,0.53610915,0.35017487,-0.7680915,-0.6017355,0.79667383,-0.05679107,0.5920316,0.4926341,0.6378168,,1.2725210320832179,0.2711683194126452,0.18761853315000002,0.04005077920554415,0.5578868285422933,0.6963425414887361,-0.3983961773015069,,-0.9071122034064109,-0.32394547587509553,0.19356850425000002,1.6898912545417817,0.5614393775361948,0.5012556004418862,0.8137801374809791,,-0.03987859174650544,-0.11159198904938746,0.0651689506,-0.08471519562608845,,-8.773804e-05,-1.347065e-05,1.5258789e-05,1.0,9.620562e-05,7.6286495e-05,-9.621307e-05,1.0,9.894371e-06,-7.6286495e-05,-9.983778e-06,1.0,349,1.078,0,1,0.354,False,-0.25725661600873906,0.9872335283532256
1.0872105359994748,17:05:02.281049,17:04:44.649768,0,,0.12375178,0.019343793,0.02973546,-0.45874512,-0.8084015,-0.36883575,-0.37836522,-0.19786102,0.90426254,-0.8039855,0.5543807,-0.21510324,,0.066225626,-0.009008575,0.024510026,-0.43614435,-0.41692957,0.79746336,-0.0021195114,0.8866652,0.46240696,-0.8998743,0.19998598,-0.38759783,,0.10883115,1.3552792,0.45263022,0.9963543,0.028902695,-0.08026709,-0.02713754,-0.78461856,-0.6193845,-0.08088093,0.6193047,-0.78097373,,-0.09359955,0.27912986,-0.06797527,0.5325053,0.74133325,0.40848878,-0.77320486,0.22969341,0.5910966,0.34437236,-0.6306076,0.69551545,,-0.019566542,0.43128452,-0.3359171,0.5362174,0.35022265,-0.76799417,-0.60168093,0.7967161,-0.056776155,0.591989,0.49253178,0.63793534,,1.2746833972880007,0.2667818071400857,0.18697946218000003,-0.017404265309215523,0.618280161438618,0.6488927603380104,-0.39937624169831276,,-0.9071199261392852,-0.32395319860796973,0.19356850425000002,1.6898912545417817,0.5613027410364293,0.5013670183455827,0.8134534493487107,,-0.03987859174650544,-0.11159198904938746,0.0651689506,-0.08471519562608845,,-8.773804e-05,-1.347065e-05,1.5258789e-05,1.0,9.620562e-05,7.6286495e-05,-9.621307e-05,1.0,9.894371e-06,-7.6286495e-05,-9.983778e-06,1.0,358,1.107,0,1,0.354,False,-0.25767366003838577,0.9866058857430928
1.1248300929983088,17:05:02.313937,17:04:44.649768,0,,0.12328134,0.018886909,0.030399933,-0.431525,-0.8291152,-0.35546342,-0.35827368,-0.20411412,0.9110309,-0.8279047,0.5204858,-0.20896971,,0.06622617,-0.009008575,0.024511099,-0.43602136,-0.41693446,0.79752797,-0.002122283,0.8866788,0.46238083,-0.8999338,0.19991532,-0.38749593,,0.10883115,1.3552792,0.45263022,0.9963543,0.028902695,-0.08026709,-0.02713754,-0.78461856,-0.6193845,-0.08088093,0.6193047,-0.78097373,,-0.093211286,0.279209,-0.068820596,0.50837994,0.7653544,0.39469296,-0.77370864,0.20474371,0.59954566,0.37805396,-0.6101743,0.6962489,,-0.019567208,0.43128526,-0.33591783,0.53610235,0.35023502,-0.7680688,-0.60174,0.7966749,-0.05672775,0.5920331,0.49258962,0.63784975,,1.2761429938012292,0.2633220228124331,0.18642983522,-0.04759961717098703,0.654898743375756,0.621319766871305,-0.39872286543377566,,-0.9071199261392852,-0.32395319860796973,0.19356850425000002,1.6898912545417817,0.5614393775361948,0.5013372791820268,0.8129634171503077,,-0.03987859174650544,-0.11159198904938746,0.0651689506,-0.08471519562608845,,-8.773804e-05,-1.347065e-05,1.5258789e-05,1.0,9.620562e-05,7.6286495e-05,-9.621307e-05,1.0,9.894371e-06,-7.6286495e-05,-9.983778e-06,1.0,367,1.135,0,1,0.354,False,-0.25773323775690704,0.9855920015267241
1.157705805999285,17:05:02.342829,17:04:44.649768,0,,0.1228214,0.018360242,0.031015724,-0.41264006,-0.84522724,-0.33958662,-0.3397753,-0.2030751,0.9183209,-0.8451515,0.49431923,-0.20339036,,0.06622802,-0.009006415,0.024510741,-0.436021,-0.4173135,0.7973299,-0.0024748147,0.8865374,0.4626503,-0.8999331,0.199752,-0.3875818,,0.10883115,1.3552792,0.45263022,0.9963543,0.028902695,-0.08026709,-0.02713754,-0.78461856,-0.6193845,-0.08088093,0.6193047,-0.78097373,,-0.09282984,0.2792028,-0.06967062,0.49180737,0.78414357,0.37847632,-0.7709,0.19007397,0.6079351,0.4047699,-0.5907544,0.6979761,,-0.019569099,0.43128625,-0.33591592,0.53611803,0.35063633,-0.7678747,-0.6019798,0.796504,-0.0565834,0.5917751,0.49258044,0.63809615,,1.2775948675815834,0.2596923383615476,0.18585168988000003,-0.06877830146292399,0.6860518653222765,0.5951813761672557,-0.39921289763217827,,-0.9071276488721594,-0.32395319860796973,0.19356980054000003,1.6894718746548125,0.5614393775361948,0.5014189579221673,0.8118200086873677,,-0.03987859174650544,-0.11159198904938746,0.0651689506,-0.08471519562608845,,-8.773804e-05,-1.347065e-05,1.5258789e-05,1.0,9.620562e-05,7.6286495e-05,-9.621307e-05,1.0,9.894371e-06,-7.6286495e-05,-9.983778e-06,1.0,380,1.176,0,1,0.354,False,-0.25826943722359585,0.9864610451407545
