camera_matrix:
- - 1563.72900390625
  - 0.0
  - 595.9703979492188
- - 0.0
  - 1563.6148681640625
  - 510.9926452636719
- - 0.0
  - 0.0
  - 1.0
dist_coeff:
- - -0.28486377000808716
  - 0.4779002070426941
  - -0.0031170991715043783
  - -0.0029741977341473103
  - -0.2808195650577545
mean reprojection error:
- 0.2127672074362231
