camera_matrix:
- - 3149.887965419187
  - 0.0
  - 599.1424615508442
- - 0.0
  - 3125.992339921918
  - 406.7419096281591
- - 0.0
  - 0.0
  - 1.0
dist_coeff:
- - -0.31615096030636347
  - 5.706789739257632
  - 0.013430060753932991
  - -0.007903587726775284
  - -92.80872702344348
mean reprojection error:
- 0.04187661711581017
