camera_matrix:
- - 3157.4755838598744
  - 0.0
  - 544.7864349033716
- - 0.0
  - 3128.2387048796686
  - 345.0059062872683
- - 0.0
  - 0.0
  - 1.0
dist_coeff:
- - -0.21677630252011196
  - -1.3633574007727278
  - 0.010736670926829601
  - -0.008252096404126658
  - 18.589495082048366
mean reprojection error:
- 0.04180033663700107
