camera_matrix:
- - 1764.1429565367011
  - 0.0
  - 584.9064015142794
- - 0.0
  - 1766.5400143663117
  - 573.0776298382864
- - 0.0
  - 0.0
  - 1.0
dist_coeff:
- - -0.18175080825732798
  - -0.6448493093096737
  - -0.007866874914740236
  - -0.0065718187473330445
  - 4.340034534632451
mea reprojection error:
- 0.0432977949181067
