Task Time,PC1 Time,PC2 Time,Gaze Calib,s_T_psm1,Tx,Ty,Tz,R00,R01,R02,R10,R11,R12,R20,R21,R22,s_T_psm3,Tx,Ty,Tz,R00,R01,R02,R10,R11,R12,R20,R21,R22,cart_T_ecm,Tx,Ty,Tz,R00,R01,R02,R10,R11,R12,R20,R21,R22,ecm_T_psm1,Tx,Ty,Tz,R00,R01,R02,R10,R11,R12,R20,R21,R22,ecm_T_psm3,Tx,Ty,Tz,R00,R01,R02,R10,R11,R12,R20,R21,R22,psm1_joints,q1,q2,q3,q4,q5,q6,jaw,psm3_joints,q1,q2,q3,q4,q5,q6,jaw,ecm_joints,q1,q2,q3,q4,ecmi_T_ecm,Tx,Ty,Tz,R00,R01,R02,R10,R11,R12,R20,R21,R22,Sample #,Task Duration (s),Collisions (binary),Collisions (increments),Cumulative Collision Time (s),Clutch Press,MTMR Angle,MTML Angle
""
lci_T_si,,,,,-0.06325326,0.014099291,0.23646986,0.99321187,-0.021149708,0.11438049,0.061731156,-0.73758954,-0.6724217,0.09858737,0.67491806,-0.7312771
rci_T_si,,,,,-0.0730827,0.018441333,0.2456533,0.991962,-0.042163182,0.11930484,0.052885953,-0.7184059,-0.6936109,0.114954144,0.6943452,-0.71040154
ecm_T_lc,,,,,-4.4061628e-05,-0.00034663224,-0.01840835,-0.99912,0.030754527,0.028518902,-0.031987965,-0.99852574,-0.043852776,0.027128186,-0.04472645,0.9986309
ecm_T_rc,,,,,-0.0043358393,0.01870579,-0.007592615,-0.99555075,-0.052743673,-0.078081585,0.04863213,-0.9973746,0.053654674,-0.08070653,0.04961868,0.9955021
cart_T_ecmi,,,,,0.10635596,1.3404362,0.44018698,0.9956651,0.012106441,-0.09221999,-0.051438015,-0.7544026,-0.6543935,-0.07749338,0.65630037,-0.75050956
ecmac_T_ecmrep_psm1,,,,,0.01038242,-0.2501324,-0.30762842,0.998145,0.0496832,0.035188068,-0.04731537,0.99675006,-0.06519635,-0.03831287,0.06341047,0.99725187
ecmac_T_ecmrep_psm3,,,,,-0.018947443,-0.4527795,-0.5580277,0.99342906,-0.031421527,0.110051684,0.0051236153,0.97282016,0.23150527,-0.11433475,-0.2294202,0.9665888
""
0,13:52:05.460271,13:51:55.223895,0,,0.1129275,0.0033417195,0.017563567,0.957791,-0.121003926,-0.2607574,0.26223266,-0.0038513243,0.964997,-0.11777273,-0.99264455,0.028042376,,0.07353815,-0.022258334,0.046759665,-0.18985508,0.31754974,0.9290409,0.021620661,-0.9446697,0.32730997,0.981574,0.082228035,0.1724847,,0.10633207,1.3404377,0.4401787,0.9956674,0.012140717,-0.09219026,-0.05139278,-0.75440204,-0.6543977,-0.07749338,0.65630037,-0.75050956,,-0.079887025,0.26144844,-0.07752283,-0.9342842,0.21600777,0.28364345,0.07813257,-0.65218174,0.7540254,0.34786242,0.7266358,0.5924459,,-0.0409118,0.41898966,-0.37198156,0.093076535,-0.256874,-0.96195245,0.8628887,-0.46121404,0.20665115,-0.49674925,-0.8492923,0.17872545,,1.1750524204776303,0.37252146565396765,0.21492877087,4.014723657954703,0.24143669508553328,-1.1035911301319579,-0.4081968212695637,,-1.002812309183801,-0.25795472346484705,0.19254573144,-1.9830377955331469,-1.0605725111793487,0.17782588516935383,0.8750341622813339,,-0.04931645967666478,-0.06459899893944013,0.08431779928,-0.06509005378220696,,-2.322346e-05,-6.7949295e-06,7.6293945e-06,1.0,3.4097582e-05,2.9820949e-05,-3.4101307e-05,1.0,3.5464764e-06,-2.9820949e-05,-3.516674e-06,1.0,37,0.11,0,0,0.0,False,-0.254694774112334,1.0495632675595068
0.13317662896588445,13:52:05.486492,13:51:55.223895,0,,0.11290857,0.003367588,0.017724022,0.9582994,-0.11329468,-0.26234818,0.2636066,-0.003996253,0.964622,-0.11033499,-0.9935534,0.026035547,,0.07356111,-0.022194467,0.046659827,-0.18844354,0.31722906,0.9294378,0.018134058,-0.9451082,0.32625422,0.98191655,0.07833511,0.17234686,,0.10633207,1.3404377,0.4401787,0.9956674,0.012140717,-0.09219026,-0.05139278,-0.75440204,-0.6543977,-0.07749338,0.65630037,-0.75050956,,-0.07988294,0.26157448,-0.07762713,-0.935469,0.20842105,0.28540924,0.08404602,-0.65322024,0.7524889,0.34326965,0.72791755,0.5935503,,-0.040929534,0.41893592,-0.3718749,0.091886885,-0.25615233,-0.96225923,0.8611911,-0.46469337,0.20593667,-0.49990663,-0.84761196,0.17789687,,1.1756393481760714,0.37276087037306865,0.21478747526000003,4.0099007892545595,0.235151416096323,-1.1019780923879667,-0.405419972145281,,-1.0024570634715868,-0.25745274582802247,0.1926546198,-1.9763277173416418,-1.0611190571784106,0.17345251111584653,0.8748708182151996,,-0.04931645967666478,-0.06459899893944013,0.08431779928,-0.06509005378220696,,-2.322346e-05,-6.7949295e-06,7.6293945e-06,1.0,3.4097582e-05,2.9820949e-05,-3.4101307e-05,1.0,3.5464764e-06,-2.9820949e-05,-3.516674e-06,1.0,45,0.135,0,0,0.0,False,-0.2539202637715605,1.0499012289649627
0.15946967696072534,13:52:05.510747,13:51:55.223895,0,,0.112831734,0.0034329146,0.017925724,0.9588874,-0.10927825,-0.26190317,0.26318395,-0.0027923882,0.9647416,-0.10615662,-0.9940073,0.026082635,,0.073578425,-0.022097163,0.046516657,-0.18578373,0.31770512,0.9298106,0.014418542,-0.94530153,0.32587913,0.9824848,0.073949635,0.17104076,,0.10633207,1.3404377,0.4401787,0.9956674,0.012140717,-0.09219026,-0.05139278,-0.75440204,-0.6543977,-0.07749338,0.65630037,-0.75050956,,-0.07982412,0.2617598,-0.07774137,-0.9364687,0.20450225,0.2849653,0.08645846,-0.652788,0.7525907,0.33992842,0.7294153,0.59363455,,-0.04093986,0.41886374,-0.37171698,0.08945226,-0.25619185,-0.96247804,0.859417,-0.46855506,0.20459352,-0.5033892,-0.8454714,0.17826232,,1.1765351851894814,0.37311611608528295,0.21463321675000002,4.008223269706683,0.23077904810382893,-1.1015981903351633,-0.40656338060822095,,-1.0019396403690137,-0.25674225440359383,0.19279332283000003,-1.9683594994892302,-1.0607091476791142,0.16740074559491788,0.8751975063474682,,-0.04931645967666478,-0.06459899893944013,0.08431779928,-0.06509005378220696,,-2.322346e-05,-6.7949295e-06,7.6293945e-06,1.0,3.4097582e-05,2.9820949e-05,-3.4101307e-05,1.0,3.5464764e-06,-2.9820949e-05,-3.516674e-06,1.0,56,0.167,0,0,0.0,False,-0.25481392954937654,1.0497563883626244
0.1837312380084768,13:52:05.536028,13:51:55.223895,0,,0.1127913,0.0034709424,0.018030584,0.9583943,-0.10292289,-0.26624626,0.26719242,-0.004737258,0.9636316,-0.10044105,-0.99467814,0.022960007,,0.07359495,-0.022006892,0.04639852,-0.18427086,0.3191409,0.9296199,0.012969226,-0.94494486,0.32697278,0.98278993,0.07230812,0.16998672,,0.10633207,1.3404377,0.4401787,0.9956674,0.012140717,-0.09219026,-0.05139278,-0.75440204,-0.6543977,-0.07749338,0.65630037,-0.75050956,,-0.07979294,0.2618592,-0.07779813,-0.9364176,0.19818944,0.28955662,0.09325693,-0.6549626,0.7498848,0.33826798,0.72920847,0.59483594,,-0.040951293,0.41880912,-0.37157816,0.08802259,-0.25748545,-0.96226466,0.85873926,-0.46992534,0.2042966,-0.50479597,-0.84431714,0.17974882,,1.1770912219564256,0.373324629872887,0.21455284677000003,4.0017228814586625,0.2273631356096929,-1.0989761002230338,-0.40656338060822117,,-1.0015921173896736,-0.25624027676676925,0.19290998893000003,-1.9652141503369622,-1.0601626016800523,0.1638512818547908,0.8751975063474682,,-0.04931645967666478,-0.06459899893944013,0.08431779928,-0.06509005378220696,,-2.322346e-05,-6.7949295e-06,7.6293945e-06,1.0,3.4097582e-05,2.9820949e-05,-3.4101307e-05,1.0,3.5464764e-06,-2.9820949e-05,-3.516674e-06,1.0,64,0.192,0,0,0.0,False,-0.2550522404234603,1.04927358635483
0.20900505996542051,13:52:05.559854,13:51:55.223895,0,,0.112752825,0.0034939796,0.018130332,0.9588426,-0.099435166,-0.26595753,0.26680458,-0.0049257874,0.963738,-0.09713954,-0.9950319,0.021806598,,0.073636845,-0.021932222,0.04619676,-0.17765312,0.31954628,0.9307682,0.008773476,-0.9452613,0.32619655,0.9840541,0.066116005,0.16512501,,0.10633207,1.3404377,0.4401787,0.9956674,0.012140717,-0.09219026,-0.05139278,-0.75440204,-0.6543977,-0.07749338,0.65630037,-0.75050956,,-0.07976363,0.2619439,-0.07786079,-0.9371928,0.1947482,0.28938353,0.095123336,-0.6554869,0.7491919,0.33559087,0.7296644,0.5957925,,-0.040978838,0.41867274,-0.37140885,0.08162512,-0.2572733,-0.96288514,0.85683405,-0.475369,0.19964886,-0.50909007,-0.84132916,0.18163846,,1.1775623086617533,0.37343274813312616,0.21446988421000002,4.000464741797756,0.2239472231155569,-1.0977425486932941,-0.407053412806624,,-1.0009820214926097,-0.2555066171437179,0.19307721034000003,-1.9526327537278907,-1.0564734161863856,0.15422702050360196,0.8747074741490655,,-0.04931645967666478,-0.06459899893944013,0.08431779928,-0.06509005378220696,,-2.322346e-05,-6.7949295e-06,7.6293945e-06,1.0,3.4097582e-05,2.9820949e-05,-3.4101307e-05,1.0,3.5464764e-06,-2.9820949e-05,-3.516674e-06,1.0,72,0.217,0,0,0.0,False,-0.25481392954937654,1.0490321853509326
0.2328436759999022,13:52:05.596041,13:51:55.371359,0,,0.11272156,0.0035157204,0.018280283,0.95925546,-0.08620116,-0.2690693,0.26974863,-0.003888458,0.96292293,-0.084051386,-0.99627024,0.019522518,,0.07365605,-0.021790363,0.04596311,-0.17361467,0.32747582,0.928772,0.0072776675,-0.94264185,0.33372658,0.98478675,0.06469926,0.16127318,,0.10633207,1.3404377,0.4401787,0.9956674,0.012140717,-0.09219026,-0.05139278,-0.75440204,-0.6543977,-0.07749338,0.65630037,-0.75050956,,-0.079746395,0.26206043,-0.07796108,-0.9387835,0.18172938,0.29267713,0.10594492,-0.656092,0.74720746,0.32781267,0.73247373,0.59667504,,-0.040985502,0.41854712,-0.37116536,0.07765009,-0.26519507,-0.96106297,0.8561945,-0.47613645,0.20056191,-0.51078516,-0.83843046,0.19008651,,1.1783654728806725,0.3735022527289942,0.2143285886,3.991448074227921,0.2131529396340871,-1.096536657134349,-0.4068900687404895,,-1.0002869755339296,-0.25473434385629545,0.19327943158000002,-1.9476001950842623,-1.053877322690842,0.14247198899678354,0.875034162281334,,-0.04931645967666478,-0.06459899893944013,0.08431779928,-0.06509005378220696,,-2.322346e-05,-6.7949295e-06,7.6293945e-06,1.0,3.4097582e-05,2.9820949e-05,-3.4101307e-05,1.0,3.5464764e-06,-2.9820949e-05,-3.516674e-06,1.0,83,0.249,0,0,0.0,False,-0.2552905512975445,1.049080465551712
0.26903008099179715,13:52:05.623393,13:51:55.371359,0,,0.11274569,0.0035171509,0.018379569,0.9601178,-0.07504431,-0.26933625,0.27000323,-0.0013035536,0.9628585,-0.07260819,-0.9971794,0.019010574,,0.07366198,-0.021658309,0.045692503,-0.16493139,0.33448535,0.92785615,0.006950289,-0.9403222,0.34021467,0.98628056,0.062561095,0.15276381,,0.10633207,1.3404377,0.4401787,0.9956674,0.012140717,-0.09219026,-0.05139278,-0.75440204,-0.6543977,-0.07749338,0.65630037,-0.75050956,,-0.07977992,0.26212594,-0.07803197,-0.94073796,0.17078863,0.29299033,0.1136439,-0.65522933,0.746833,0.31952646,0.7358707,0.59699005,,-0.040974766,0.41838673,-0.37091067,0.06890821,-0.2721133,-0.95979476,0.8562582,-0.4775609,0.19686905,-0.5119312,-0.8353981,0.20009138,,1.1787747777230064,0.3735099754618684,0.21422358911000003,3.985786445753839,0.20276856565191362,-1.0968902003886016,-0.4062366924759526,,-0.9994838113150103,-0.2539080114387534,0.19346350476000002,-1.9404707370057885,-1.0466355882032738,0.13003254088962832,0.8743807860167969,,-0.04931645967666478,-0.06459899893944013,0.08431779928,-0.06509005378220696,,-2.322346e-05,-6.7949295e-06,7.6293945e-06,1.0,3.4097582e-05,2.9820949e-05,-3.4101307e-05,1.0,3.5464764e-06,-2.9820949e-05,-3.516674e-06,1.0,91,0.274,0,0,0.0,False,-0.25582675076423333,1.0492253061540504
0.296372368989978,13:52:05.646380,13:51:55.371359,0,,0.112748,0.0034982264,0.018451288,0.96001774,-0.07011847,-0.27101538,0.27174973,0.0009723902,0.9623675,-0.06721623,-0.9975382,0.01998812,,0.07368868,-0.021544732,0.045455515,-0.15637475,0.33802223,0.92805594,0.0079844,-0.93915206,0.3434091,0.98766553,0.061110616,0.14416069,,0.10633207,1.3404377,0.4401787,0.9956674,0.012140717,-0.09219026,-0.05139278,-0.75440204,-0.6543977,-0.07749338,0.65630037,-0.75050956,,-0.07978966,0.26215893,-0.07809772,-0.9411096,0.16598573,0.29455298,0.11851423,-0.6539687,0.74718094,0.3166498,0.73808783,0.59578454,,-0.04098657,0.41824272,-0.37068957,0.060206927,-0.27556852,-0.95939416,0.8569557,-0.47859374,0.19124573,-0.5118613,-0.83367264,0.20733537,,1.1789755687777363,0.3735022527289942,0.21414451542000001,3.981592646884148,0.1986694706589504,-1.0984483876861426,-0.40787013313729537,,-0.9989277745480661,-0.25325157914444435,0.19362942988,-1.9354381783621597,-1.0385740347171128,0.12272377591027436,0.8743807860167969,,-0.04931645967666478,-0.06459899893944013,0.08431779928,-0.06509005378220696,,-2.322346e-05,-6.7949295e-06,7.6293945e-06,1.0,3.4097582e-05,2.9820949e-05,-3.4101307e-05,1.0,3.5464764e-06,-2.9820949e-05,-3.516674e-06,1.0,99,0.299,0,0,0.0,False,-0.25546928445310746,1.048983905150153
0.31934912595897913,13:52:05.669480,13:51:55.371359,0,,0.11272972,0.0034719706,0.018534094,0.9602257,-0.06943714,-0.27045307,0.27116972,0.00093117356,0.96253103,-0.0665836,-0.99758595,0.019723356,,0.07369782,-0.021425895,0.045228183,-0.14808886,0.34110305,0.92828774,0.0090149045,-0.9381327,0.34615874,0.98893297,0.05963078,0.13585195,,0.10633207,1.3404377,0.4401787,0.9956674,0.012140717,-0.09219026,-0.05139278,-0.75440204,-0.6543977,-0.07749338,0.65630037,-0.75050956,,-0.079780206,0.2621946,-0.07817848,-0.9413938,0.16531129,0.2940236,0.11848705,-0.6540603,0.74710506,0.31581408,0.73815805,0.59614104,,-0.040982235,0.41811165,-0.37046897,0.051785983,-0.27855754,-0.95902234,0.85758406,-0.47967613,0.18563512,-0.5117302,-0.83205557,0.21404602,,1.1791300234352209,0.3735022527289942,0.21405766399,3.9818023368276334,0.19771301516059234,-1.0980768560609706,-0.40738010093889243,,-0.9983640150482477,-0.2525797013843868,0.19377331807,-1.9312443794924694,-1.0310590272300135,0.11667746994711167,0.8743807860167969,,-0.04931645967666478,-0.06459899893944013,0.08431779928,-0.06509005378220696,,-2.322346e-05,-6.7949295e-06,7.6293945e-06,1.0,3.4097582e-05,2.9820949e-05,-3.4101307e-05,1.0,3.5464764e-06,-2.9820949e-05,-3.516674e-06,1.0,110,0.331,0,0,0.0,False,-0.2546351963938136,1.0492253061540504
0.3424690579995513,13:52:05.701766,13:51:55.371359,0,,0.11273055,0.0034452975,0.018649995,0.959347,-0.06321051,-0.27505934,0.2755478,-0.001028508,0.9612868,-0.061046347,-0.9979998,0.016430736,,0.07373784,-0.021185152,0.044671834,-0.12450737,0.35100096,0.92806035,0.0129805505,-0.93468237,0.35524693,0.99213374,0.056277692,0.11181863,,0.10633207,1.3404377,0.4401787,0.9956674,0.012140717,-0.09219026,-0.05139278,-0.75440204,-0.6543977,-0.07749338,0.65630037,-0.75050956,,-0.07979294,0.26225096,-0.07828242,-0.9409314,0.15910137,0.29888946,0.12546189,-0.65607107,0.7441976,0.3144956,0.73773813,0.5973567,,-0.040985625,0.41776258,-0.3699717,0.027786527,-0.28830683,-0.95713484,0.85956824,-0.48187837,0.17010482,-0.51026493,-0.8274493,0.23442969,,1.1793462599556992,0.3736026482563591,0.21393840531000002,3.975092258636128,0.19484364866551807,-1.0955737226030646,-0.40738010093889243,,-0.9971206550554975,-0.2511587185355295,0.19410776089,-1.9201308124877896,-1.0086506412684815,0.09840493374089865,0.8747074741490654,,-0.04931645967666478,-0.06459899893944013,0.08431779928,-0.06509005378220696,,-2.322346e-05,-6.7949295e-06,7.6293945e-06,1.0,3.4097582e-05,2.9820949e-05,-3.4101307e-05,1.0,3.5464764e-06,-2.9820949e-05,-3.516674e-06,1.0,117,0.352,0,0,0.0,False,-0.25427773008268684,1.048983905150153
0.37468772497959435,13:52:05.729053,13:51:55.521879,0,,0.11271542,0.0034443885,0.018723235,0.9595467,-0.06362852,-0.2742654,0.27478212,-0.0006546974,0.9615063,-0.061358824,-0.99797344,0.016855687,,0.073754415,-0.02105216,0.04439324,-0.114856884,0.35434225,0.9280352,0.013886094,-0.93355393,0.358168,0.993285,0.054024935,0.10230462,,0.10633207,1.3404377,0.4401787,0.9956674,0.012140717,-0.09219026,-0.05139278,-0.75440204,-0.6543977,-0.07749338,0.65630037,-0.75050956,,-0.079784974,0.2622992,-0.07833901,-0.9411212,0.15952517,0.29806465,0.12467258,-0.6557552,0.7446085,0.31424126,0.7379274,0.5972568,,-0.040984772,0.41759476,-0.3697121,0.01803051,-0.29148817,-0.9564045,0.8598718,-0.4835875,0.16359602,-0.51019156,-0.82533497,0.24192314,,1.1795007146131835,0.37370304378372404,0.21387359081,3.9759310184100665,0.19470701216575265,-1.09570734091979,-0.4068900687404896,,-0.9964410545625658,-0.25041733617960393,0.19429572294000003,-1.9148885639006763,-0.9999059052834932,0.09135586664446815,0.8745441300829312,,-0.04931645967666478,-0.06459899893944013,0.08431779928,-0.06509005378220696,,-2.322346e-05,-6.7949295e-06,7.6293945e-06,1.0,3.4097582e-05,2.9820949e-05,-3.4101307e-05,1.0,3.5464764e-06,-2.9820949e-05,-3.516674e-06,1.0,128,0.385,0,0,0.0,False,-0.2543373078012081,1.048983905150153
0.40203222195850685,13:52:05.751253,13:51:55.521879,0,,0.112717226,0.0034575611,0.018781766,0.9596123,-0.06010919,-0.27482912,0.27522516,-0.0017512739,0.9613782,-0.05826898,-0.9981903,0.014862984,,0.073793806,-0.020833679,0.043947875,-0.1004296,0.36043242,0.92736304,0.015629739,-0.9313891,0.36368984,0.99482137,0.051019788,0.087905526,,0.10633207,1.3404377,0.4401787,0.9956674,0.012140717,-0.09219026,-0.05139278,-0.75440204,-0.6543977,-0.07749338,0.65630037,-0.75050956,,-0.07979206,0.2623476,-0.078373805,-0.9414721,0.15601394,0.29881412,0.12703955,-0.65687215,0.74322265,0.31223577,0.7376846,0.5986069,,-0.040996604,0.41732794,-0.3692922,0.003435783,-0.2973997,-0.9547469,0.8603731,-0.48571634,0.1543948,-0.50965315,-0.82196903,0.2542059,,1.1796937829350391,0.37381116204396314,0.21382433179000002,3.9740438089187053,0.19211091867020927,-1.0938354369699796,-0.4064000365420869,,-0.9954293765560424,-0.24928209444709296,0.19461201770000003,-1.907968795765687,-0.9866521648062454,0.08038497250563423,0.8745441300829311,,-0.04931645967666478,-0.06459899893944013,0.08431779928,-0.06509005378220696,,-2.322346e-05,-6.7949295e-06,7.6293945e-06,1.0,3.4097582e-05,2.9820949e-05,-3.4101307e-05,1.0,3.5464764e-06,-2.9820949e-05,-3.516674e-06,1.0,139,0.417,0,0,0.0,False,-0.25427773008268684,1.0494667071579475
0.42423224495723844,13:52:05.788434,13:51:55.521879,0,,0.11268246,0.0034708083,0.01889433,0.9594656,-0.058182046,-0.27575463,0.2761566,-0.0011737943,0.9611119,-0.05624315,-0.9983054,0.014941126,,0.07381375,-0.020584919,0.04349327,-0.08966355,0.36433125,0.9269428,0.015593618,-0.9300641,0.36706644,0.99584997,0.047366947,0.07771155,,0.10633207,1.3404377,0.4401787,0.9956674,0.012140717,-0.09219026,-0.05139278,-0.75440204,-0.6543977,-0.07749338,0.65630037,-0.75050956,,-0.07976795,0.26243326,-0.078452155,-0.94149554,0.15412374,0.29971996,0.1290807,-0.65659714,0.743114,0.31132677,0.73832655,0.59828883,,-0.040990364,0.41707137,-0.36884153,-0.0073500993,-0.30101448,-0.9535912,0.8599496,-0.48857152,0.14759615,-0.5103261,-0.81895554,0.26244834,,1.1800799195787504,0.37397333943432187,0.21372970262000002,3.972156599427345,0.1906079171727894,-1.0938350211314276,-0.40656338060822106,,-0.9942169074947892,-0.2480387344543428,0.19496331229000002,-1.9014684075176667,-0.9776341558217264,0.07229628220040527,0.8747074741490655,,-0.04931645967666478,-0.06459899893944013,0.08431779928,-0.06509005378220696,,-2.322346e-05,-6.7949295e-06,7.6293945e-06,1.0,3.4097582e-05,2.9820949e-05,-3.4101307e-05,1.0,3.5464764e-06,-2.9820949e-05,-3.516674e-06,1.0,150,0.45,0,0,0.0,False,-0.25493308498641865,1.049804668563404
0.46139182295883074,13:52:05.819543,13:51:55.521879,0,,0.11268001,0.0035040528,0.01895833,0.95945483,-0.052879043,-0.27685764,0.2771699,-0.0014802217,0.9608198,-0.05121708,-0.9985999,0.013236225,,0.07381479,-0.020334058,0.043038905,-0.08106454,0.36884382,0.9259496,0.014690578,-0.9284641,0.3711316,0.99660057,0.043688446,0.06984693,,0.10633207,1.3404377,0.4401787,0.9956674,0.012140717,-0.09219026,-0.05139278,-0.75440204,-0.6543977,-0.07749338,0.65630037,-0.75050956,,-0.07977076,0.26250052,-0.07847815,-0.94194126,0.14886737,0.30097368,0.13315561,-0.6572487,0.7418179,0.30824703,0.7388252,0.5992671,,-0.040965527,0.4168184,-0.368389,-0.015896788,-0.30525547,-0.95213777,0.859095,-0.49137744,0.1431923,-0.51156926,-0.8157005,0.2700548,,1.1804042743594678,0.37412007135893216,0.21368303618,3.9688015603315923,0.1865088221798262,-1.0923710950437675,-0.4060733484098181,,-0.9928731519746741,-0.2468108199273411,0.19532238462,-1.8953873991566157,-0.9710756038329852,0.06392610943777621,0.8748708182151997,,-0.04931645967666478,-0.06459899893944013,0.08431779928,-0.06509005378220696,,-2.322346e-05,-6.7949295e-06,7.6293945e-06,1.0,3.4097582e-05,2.9820949e-05,-3.4101307e-05,1.0,3.5464764e-06,-2.9820949e-05,-3.516674e-06,1.0,161,0.483,0,0,0.0,False,-0.25481392954937654,1.049804668563404
0.4925264669582248,13:52:05.860400,13:51:55.521879,0,,0.112669654,0.003516525,0.019015282,0.95938903,-0.048968717,-0.27780324,0.27814096,8.59797e-05,0.96054024,-0.047012538,-0.9988003,0.013702691,,0.07380863,-0.019999169,0.042397916,-0.06988727,0.3766894,0.92369944,0.013780415,-0.92551076,0.3784707,0.9974597,0.039179355,0.059490412,,0.10633207,1.3404377,0.4401787,0.9956674,0.012140717,-0.09219026,-0.05139278,-0.75440204,-0.6543977,-0.07749338,0.65630037,-0.75050956,,-0.079765595,0.26254788,-0.078513294,-0.9422542,0.14503978,0.3018617,0.13665949,-0.6563728,0.7419562,0.30574697,0.74036354,0.59864897,,-0.04092159,0.41645253,-0.36776674,-0.027013406,-0.31282148,-0.9494277,0.8580234,-0.49457276,0.13854118,-0.51289976,-0.8108887,0.28176823,,1.18068229274294,0.37417413048905174,0.21363377716,3.9658659011228092,0.1830929096856902,-1.0930978332774013,-0.40721675687275816,,-0.9909501914889922,-0.2452353824209993,0.19582664143000003,-1.8880482511346572,-0.962604140847528,0.05138236633889942,0.875034162281334,,-0.04931645967666478,-0.06459899893944013,0.08431779928,-0.06509005378220696,,-2.322346e-05,-6.7949295e-06,7.6293945e-06,1.0,3.4097582e-05,2.9820949e-05,-3.4101307e-05,1.0,3.5464764e-06,-2.9820949e-05,-3.516674e-06,1.0,169,0.507,0,0,0.0,False,-0.254694774112334,1.0495632675595068
0.533371677971445,13:52:05.879542,13:51:55.678361,0,,0.11267169,0.0035241544,0.019034311,0.9594757,-0.04609663,-0.2779952,0.27829522,9.447336e-05,0.96049553,-0.04424937,-0.998937,0.012919098,,0.07378583,-0.019825734,0.04205519,-0.06417819,0.37987542,0.92280865,0.013377309,-0.9243045,0.38142157,0.99784875,0.03682375,0.054238424,,0.10633207,1.3404377,0.4401787,0.9956674,0.012140717,-0.09219026,-0.05139278,-0.75440204,-0.6543977,-0.07749338,0.65630037,-0.75050956,,-0.07976925,0.26256606,-0.07852227,-0.9426026,0.14219563,0.30212703,0.1385934,-0.6565797,0.7414142,0.30379632,0.7407318,0.5991863,,-0.040878326,0.41625625,-0.3674386,-0.03269109,-0.31584424,-0.94824773,0.8574663,-0.4963098,0.13575047,-0.51350063,-0.8086526,0.2870507,,1.1808058564689274,0.37418185322192593,0.21361692539000002,3.964398071518417,0.18063345268991227,-1.0924808495932552,-0.40705341280662377,,-0.9898381179551039,-0.24442449546920572,0.19608589943000002,-1.8844835220954204,-0.9583684093547993,0.04604980030107733,0.8748708182151995,,-0.04931645967666478,-0.06459899893944013,0.08431779928,-0.06509005378220696,,-2.322346e-05,-6.7949295e-06,7.6293945e-06,1.0,3.4097582e-05,2.9820949e-05,-3.4101307e-05,1.0,3.5464764e-06,-2.9820949e-05,-3.516674e-06,1.0,176,0.528,0,0,0.0,False,-0.25439688551972894,1.0498529487641832
0.5525322679895908,13:52:05.903224,13:51:55.678361,0,,0.1125972,0.003521815,0.019066438,0.95951414,-0.04527743,-0.27799743,0.278343,0.0013871193,0.9604807,-0.043102503,-0.9989735,0.013933599,,0.07371599,-0.019597195,0.041526318,-0.053000864,0.3856195,0.9211343,0.013662636,-0.92206454,0.386795,0.99850094,0.033085734,0.043601602,,0.10633207,1.3404377,0.4401787,0.9956674,0.012140717,-0.09219026,-0.05139278,-0.75440204,-0.6543977,-0.07749338,0.65630037,-0.75050956,,-0.079698294,0.26258868,-0.07855455,-0.94275004,0.14142013,0.30203104,0.13938378,-0.65566856,0.74207205,0.3029762,0.74168664,0.59841985,,-0.04077442,0.41593704,-0.3669652,-0.043871872,-0.32134724,-0.9459446,0.8568439,-0.49897763,0.12976842,-0.5137059,-0.8048337,0.2972355,,1.180952588393538,0.3741664077561775,0.21359229588000003,3.963769001687964,0.17954036069178875,-1.0935497961270575,-0.4073801009388923,,-0.9882008985857682,-0.24326608553807205,0.19646700869000003,-1.8786122036778536,-0.9492137638705148,0.036542832249903096,0.8750341622813338,,-0.04931645967666478,-0.06459899893944013,0.08431779928,-0.06509005378220696,,-2.322346e-05,-6.7949295e-06,7.6293945e-06,1.0,3.4097582e-05,2.9820949e-05,-3.4101307e-05,1.0,3.5464764e-06,-2.9820949e-05,-3.516674e-06,1.0,187,0.561,0,0,0.0,False,-0.25493308498641865,1.049708108161845
0.5762075769598596,13:52:05.938623,13:51:55.678361,0,,0.11266233,0.003511861,0.01908964,0.9589479,-0.039521478,-0.28081498,0.28105438,0.00052401423,0.95969164,-0.0377813,-0.99921864,0.01161018,,0.07369463,-0.019344673,0.040969253,-0.041748747,0.39107725,0.9194104,0.013716191,-0.9199017,0.39190906,0.99903405,0.028972566,0.033040628,,0.10629383,1.3404409,0.44018757,0.99566734,0.012140044,-0.09219085,-0.051393665,-0.75440204,-0.6543976,-0.07749338,0.65630037,-0.75050956,,-0.07972654,0.26259077,-0.07856713,-0.94262385,0.13569282,0.3050372,0.14495239,-0.65672475,0.7400685,0.30074745,0.7418221,0.5993754,,-0.040678643,0.41559783,-0.36645162,-0.055098973,-0.3265255,-0.94358104,0.855991,-0.5019685,0.123721525,-0.5140462,-0.80087996,0.30716082,,1.1809757565921604,0.3741586850233033,0.21357155524000002,3.958736443044335,0.17612444819765274,-1.0919895296367552,-0.40656338060822117,,-0.9863319972302059,-0.24206906194256725,0.19686237714000002,-1.8725311953168027,-0.9403323913857612,0.027258700006121517,0.8751975063474682,,-0.04931645967666478,-0.06459899893944013,0.08431779928,-0.06509005378220696,,-6.214902e-05,-3.8146973e-06,2.2649765e-06,1.0,3.342703e-05,2.9228628e-05,-3.3430755e-05,1.0,3.4570694e-06,-2.9236078e-05,-3.4570694e-06,1.0,198,0.593,0,0,0.0,False,-0.25451604095677105,1.0491770259532711
0.6116119009675458,13:52:05.962748,13:51:55.678361,0,,0.11269218,0.0035084784,0.019100845,0.9585624,-0.034333333,-0.2828064,0.2829979,0.00075253844,0.95912015,-0.032716975,-0.9994102,0.010437608,,0.073653355,-0.019186482,0.040620625,-0.035154816,0.39468154,0.9181451,0.013528198,-0.91844106,0.3953267,0.99929035,0.02631858,0.026948258,,0.10629383,1.3404409,0.44018757,0.99566734,0.012140044,-0.09219085,-0.051393665,-0.75440204,-0.6543976,-0.07749338,0.65630037,-0.75050956,,-0.079757415,0.26259434,-0.078575015,-0.94267446,0.13055572,0.30711567,0.14976685,-0.65690196,0.7389518,0.29821926,0.74258673,0.59969175,,-0.040615406,0.41539085,-0.36613318,-0.061657656,-0.32995287,-0.9419817,0.8553294,-0.50387424,0.12050888,-0.51440257,-0.7982743,0.3132861,,1.180991202057909,0.3741586850233033,0.21355470347000002,3.9545426441746447,0.1725718992037513,-1.0914613476047248,-0.40672672467435544,,-0.9851581418333238,-0.24131995685376748,0.19710737595000002,-1.868756776334081,-0.9352768408944399,0.021257626546121178,0.8747074741490655,,-0.04931645967666478,-0.06459899893944013,0.08431779928,-0.06509005378220696,,-6.214902e-05,-3.8146973e-06,2.2649765e-06,1.0,3.342703e-05,2.9228628e-05,-3.3430755e-05,1.0,3.4570694e-06,-2.9236078e-05,-3.4570694e-06,1.0,209,0.626,0,0,0.0,False,-0.25540970673458663,1.0494667071579475
0.6357387389871292,13:52:05.999227,13:51:55.678361,0,,0.11276651,0.0035050511,0.019169644,0.9590293,-0.02271016,-0.28239524,0.28254697,0.0037074387,0.9592463,-0.020737693,-0.99973524,0.009972215,,0.07350942,-0.01885873,0.039894044,-0.020058323,0.40564856,0.913809,0.013826668,-0.91379297,0.405945,0.9997032,0.020777553,0.012720361,,0.10629383,1.3404409,0.44018757,0.99566734,0.012140044,-0.09219085,-0.051393665,-0.75440204,-0.6543976,-0.07749338,0.65630037,-0.75050956,,-0.07983811,0.26263395,-0.07862182,-0.9443068,0.119105004,0.30675504,0.1573066,-0.65539646,0.73872197,0.28903165,0.74583477,0.60015935,,-0.040425967,0.41496518,-0.36547062,-0.076707944,-0.3406385,-0.93705994,0.85404813,-0.5074259,0.11454605,-0.51450723,-0.79150766,0.32984525,,1.181130211249645,0.3741664077561775,0.21347692607000002,3.9493003955875317,0.16164097922251605,-1.0917776129448944,-0.40656338060822106,,-0.982516967190339,-0.239721351148803,0.19757533664000002,-1.8612079383686384,-0.9233894654148465,0.005275005933709109,0.8748708182151996,,-0.04931645967666478,-0.06459899893944013,0.08431779928,-0.06509005378220696,,-6.214902e-05,-3.8146973e-06,2.2649765e-06,1.0,3.342703e-05,2.9228628e-05,-3.3430755e-05,1.0,3.4570694e-06,-2.9236078e-05,-3.4570694e-06,1.0,220,0.659,0,0,0.0,False,-0.2551713958605024,1.0502391903704191
0.6722071580006741,13:52:06.029366,13:51:55.812160,0,,0.11278142,0.0034973025,0.019248381,0.9585765,-0.01471138,-0.2844551,0.2845646,0.00593853,0.9586384,-0.012413651,-0.99987423,0.009878844,,0.07336167,-0.018619865,0.03936845,-0.006956036,0.41682157,0.9089617,0.014744133,-0.9088422,0.4168796,0.9998671,0.016301781,0.00017623603,,0.10629383,1.3404409,0.44018757,0.99566734,0.012140044,-0.09219085,-0.051393665,-0.75440204,-0.6543976,-0.07749338,0.65630037,-0.75050956,,-0.07986075,0.2626794,-0.07868428,-0.9446027,0.11122223,0.30879653,0.16432878,-0.6541562,0.73829246,0.28411567,0.74813724,0.5996407,,-0.040245734,0.41466337,-0.3649894,-0.08979773,-0.3516517,-0.9318141,0.85311556,-0.5099441,0.110231064,-0.513936,-0.7850466,0.34579134,,1.1813927841673686,0.3741664077561775,0.21339525980000001,3.943429077169965,0.1550824272337749,-1.0923921015977274,-0.407053412806624,,-0.9804936111772922,-0.2384934366218013,0.19787477963000003,-1.855546309894556,-0.9125951819333767,-0.00997962892941251,0.8747074741490654,,-0.04931645967666478,-0.06459899893944013,0.08431779928,-0.06509005378220696,,-6.214902e-05,-3.8146973e-06,2.2649765e-06,1.0,3.342703e-05,2.9228628e-05,-3.3430755e-05,1.0,3.4570694e-06,-2.9236078e-05,-3.4570694e-06,1.0,231,0.692,0,0,0.0,False,-0.254694774112334,1.049514987358727
0.7023558139917441,13:52:06.063282,13:51:55.812160,0,,0.1127557,0.0034987032,0.01935476,0.9580702,-0.0072514415,-0.28644177,0.28648347,0.0055553317,0.958069,-0.005356118,-0.9999583,0.0073997974,,0.073074125,-0.018307045,0.038685262,0.013477027,0.42658147,0.9043487,0.01736939,-0.9043944,0.42634416,0.99975824,0.009962201,-0.019598037,,0.10629383,1.3404409,0.44018757,0.99566734,0.012140044,-0.09219085,-0.051393665,-0.75440204,-0.6543976,-0.07749338,0.65630037,-0.75050956,,-0.07984538,0.2627517,-0.07876503,-0.94472605,0.1037974,0.31099635,0.1704441,-0.6548191,0.73631567,0.280074,0.74862415,0.600933,,-0.03991681,0.4142836,-0.36436102,-0.110260256,-0.36104825,-0.92600584,0.8519769,-0.51413196,0.09901369,-0.5118379,-0.7780183,0.3642931,,1.181856148139822,0.37418185322192593,0.21329544547,3.938186828582852,0.14948033074339184,-1.0903560084905315,-0.40721675687275816,,-0.9775744181508353,-0.23677898992372345,0.19818718552000003,-1.8484168518160822,-0.8951057099634003,-0.024322799342695045,0.8745441300829311,,-0.04931645967666478,-0.06459899893944013,0.08431779928,-0.06509005378220696,,-6.214902e-05,-3.8146973e-06,2.2649765e-06,1.0,3.342703e-05,2.9228628e-05,-3.3430755e-05,1.0,3.4570694e-06,-2.9236078e-05,-3.4570694e-06,1.0,242,0.725,0,0,0.0,False,-0.25540970673458663,1.0497563883626244
0.7362736729555763,13:52:06.094378,13:51:55.812160,0,,0.1127142,0.0035090148,0.019473001,0.9575645,0.0008819401,-0.2882179,0.28820026,0.008547455,0.957532,0.0033079982,-0.99996316,0.007930517,,0.07282682,-0.01807025,0.038229585,0.027498942,0.43277344,0.90108323,0.01944977,-0.90148515,0.43237293,0.9994326,0.005636126,-0.033207268,,0.10629383,1.3404409,0.44018757,0.99566734,0.012140044,-0.09219085,-0.051393665,-0.75440204,-0.6543976,-0.07749338,0.65630037,-0.75050956,,-0.0798152,0.26283917,-0.07885015,-0.9450105,0.095789,0.31269735,0.17746693,-0.6529249,0.7363386,0.27470103,0.75134116,0.60002154,,-0.039644267,0.41405153,-0.36391747,-0.12429795,-0.36698672,-0.92188436,0.851129,-0.51700014,0.09105111,-0.5100289,-0.773325,0.37661508,,1.1824816895026342,0.3741664077561775,0.21318785340000002,3.9323155101652856,0.1422385962558235,-1.0913118737664282,-0.4068900687404895,,-0.9754274984118009,-0.23545840260223108,0.19836996241000002,-1.8442230529463917,-0.8830816979840417,-0.032984072506012235,0.8748708182151996,,-0.04931645967666478,-0.06459899893944013,0.08431779928,-0.06509005378220696,,-6.214902e-05,-3.8146973e-06,2.2649765e-06,1.0,3.342703e-05,2.9228628e-05,-3.3430755e-05,1.0,3.4570694e-06,-2.9236078e-05,-3.4570694e-06,1.0,253,0.757,0,0,0.0,False,-0.25493308498641865,1.049804668563404
0.7673407919937745,13:52:06.125269,13:51:55.812160,0,,0.11263935,0.003559634,0.019639552,0.9577913,0.012158319,-0.2872074,0.28707016,0.011867642,0.95783603,0.015054151,-0.9998557,0.007876486,,0.072556145,-0.017842382,0.037826836,0.037533734,0.43714178,0.898609,0.02020824,-0.89939094,0.43667805,0.999091,0.0017691851,-0.042591408,,0.10629383,1.3404409,0.44018757,0.99566734,0.012140044,-0.09219085,-0.051393665,-0.75440204,-0.6543976,-0.07749338,0.65630037,-0.75050956,,-0.07975538,0.26299018,-0.078947715,-0.9464004,0.0846518,0.31170562,0.18435346,-0.65084517,0.73648787,0.26521713,0.75447637,0.60035425,,-0.039352953,0.41386226,-0.36350915,-0.1342824,-0.37110114,-0.91883194,0.8500493,-0.51969016,0.08566415,-0.50929797,-0.76954925,0.3852395,,1.1835474266392771,0.37417413048905174,0.21305303924000002,3.927492641465141,0.13062449377576107,-1.0911527283282565,-0.40656338060822117,,-0.9732342422755211,-0.23417642894510982,0.1985268135,-1.8406583239071548,-0.8752934174974115,-0.03917153553642727,0.8748708182151997,,-0.04931645967666478,-0.06459899893944013,0.08431779928,-0.06509005378220696,,-6.214902e-05,-3.8146973e-06,2.2649765e-06,1.0,3.342703e-05,2.9228628e-05,-3.3430755e-05,1.0,3.4570694e-06,-2.9236078e-05,-3.4570694e-06,1.0,264,0.79,0,0,0.0,False,-0.25427773008268684,1.048983905150153
0.7982281019794755,13:52:06.162259,13:51:55.812160,0,,0.11251202,0.0035731643,0.019777477,0.9562541,0.015844662,-0.292108,0.29194027,0.012079328,0.9563603,0.01868166,-0.9998015,0.0069252253,,0.07230173,-0.017641813,0.0374462,0.046480507,0.44176343,0.89592665,0.02090332,-0.8971299,0.44127223,0.9987005,-0.0017825663,-0.05093342,,0.10629383,1.3404409,0.44018757,0.99566734,0.012140044,-0.09219085,-0.051393665,-0.75440204,-0.6543976,-0.07749338,0.65630037,-0.75050956,,-0.07964162,0.26309675,-0.07905317,-0.945085,0.08098476,0.31663206,0.19046676,-0.65080863,0.734963,0.2655877,0.75491035,0.59964454,,-0.039077997,0.41367552,-0.3631358,-0.14317736,-0.375509,-0.91569275,0.8490239,-0.5220568,0.081333004,-0.508585,-0.7658,0.39356282,,1.184396927255442,0.37418185322192593,0.21293766943000003,3.920992253217121,0.12925812877810666,-1.0905286217321357,-0.40656338060822095,,-0.9711568271323547,-0.23305663267834725,0.19867718314000002,-1.8375129747548868,-0.8684615925091395,-0.04547753938251334,0.8747074741490655,,-0.04931645967666478,-0.06459899893944013,0.08431779928,-0.06509005378220696,,-6.214902e-05,-3.8146973e-06,2.2649765e-06,1.0,3.342703e-05,2.9228628e-05,-3.3430755e-05,1.0,3.4570694e-06,-2.9236078e-05,-3.4570694e-06,1.0,275,0.823,0,0,0.0,False,-0.25493308498641865,1.0493218665556094
0.8352098409668542,13:52:06.193194,13:51:55.966835,0,,0.112423055,0.0035853386,0.01992789,0.95581853,0.02099131,-0.29320708,0.2930481,0.010354996,0.9560416,0.023104727,-0.99972606,0.003746003,,0.072071515,-0.017476797,0.037113845,0.05222917,0.4462327,0.8933915,0.020506889,-0.8949033,0.44578892,0.9984246,-0.0049624145,-0.055890948,,0.10629383,1.3404409,0.44018757,0.99566734,0.012140044,-0.09219085,-0.051393665,-0.75440204,-0.6543976,-0.07749338,0.65630037,-0.75050956,,-0.07956727,0.26320887,-0.07916538,-0.9450472,0.07580874,0.3180233,0.19423325,-0.65227383,0.7326748,0.2629814,0.75418293,0.60170496,,-0.038829193,0.41350818,-0.3628184,-0.14883119,-0.37979874,-0.91301817,0.84790385,-0.5241093,0.079802915,-0.50883037,-0.7622745,0.40003663,,1.1851537550771158,0.3742127441534228,0.21280804043,3.9176372141213687,0.12543230678467432,-1.0872455629483548,-0.4062366924759524,,-0.9692338666466729,-0.23213762746631453,0.19881847875000003,-1.8345773155461036,-0.864909043515238,-0.051641554484242735,0.8747074741490654,,-0.04931645967666478,-0.06459899893944013,0.08431779928,-0.06509005378220696,,-6.214902e-05,-3.8146973e-06,2.2649765e-06,1.0,3.342703e-05,2.9228628e-05,-3.3430755e-05,1.0,3.4570694e-06,-2.9236078e-05,-3.4570694e-06,1.0,286,0.856,0,0,0.0,False,-0.25451604095677105,1.0494667071579475
0.8661700669908896,13:52:06.226943,13:51:55.966835,0,,0.11236273,0.003586471,0.020160466,0.95484877,0.029276598,-0.29564625,0.29551557,0.0087924,0.95529747,0.030567288,-0.99953276,-0.00025624037,,0.07177292,-0.017293528,0.036634266,0.060624756,0.45519182,0.8883271,0.020409226,-0.8903434,0.45483217,0.997952,-0.009443969,-0.06326699,,0.10629383,1.3404409,0.44018757,0.99566734,0.012140044,-0.09219085,-0.051393665,-0.75440204,-0.6543976,-0.07749338,0.65630037,-0.75050956,,-0.07952964,0.26336566,-0.07934352,-0.9447332,0.067503095,0.32081532,0.20104726,-0.6536744,0.72958195,0.2589578,0.7537593,0.6039766,,-0.03849968,0.41323406,-0.36240727,-0.15711538,-0.38858575,-0.90791845,0.8464605,-0.5265745,0.07889186,-0.5087429,-0.756122,0.41165546,,1.1859337510974126,0.37439036700953,0.21259933774000003,3.9115562057603173,0.11969357379452583,-1.0833827983945108,-0.40721675687275816,,-0.9666081374694365,-0.23113367219266534,0.19902718144,-1.8305932066198978,-0.8594435835246205,-0.0634493572447502,0.8743807860167969,,-0.04931645967666478,-0.06459899893944013,0.08431779928,-0.06509005378220696,,-6.214902e-05,-3.8146973e-06,2.2649765e-06,1.0,3.342703e-05,2.9228628e-05,-3.3430755e-05,1.0,3.4570694e-06,-2.9236078e-05,-3.4570694e-06,1.0,297,0.888,0,0,0.0,False,-0.25427773008268684,1.0485976635439174
0.8999296079855412,13:52:06.262111,13:51:55.966835,0,,0.11237192,0.0035818964,0.02033712,0.954181,0.035927825,-0.29706547,0.29689544,0.010101885,0.95485646,0.03730686,-0.99930334,-0.0010277927,,0.07157709,-0.017190233,0.036298156,0.06533911,0.45962623,0.88570565,0.019996673,-0.88802725,0.45935586,0.9976628,-0.012302697,-0.06721395,,0.10629383,1.3404409,0.44018757,0.99566734,0.012140044,-0.09219085,-0.051393665,-0.75440204,-0.6543976,-0.07749338,0.65630037,-0.75050956,,-0.07955594,0.26347828,-0.07947743,-0.9446802,0.06089985,0.3222895,0.20655523,-0.65282536,0.7288031,0.25478277,0.75505644,0.604132,,-0.03828032,0.41302723,-0.36214063,-0.16173981,-0.39287785,-0.9052553,0.8454432,-0.5283049,0.07822927,-0.50898534,-0.7526891,0.41760382,,1.1862967195425012,0.3746066035300083,0.21243730149,3.906943027003658,0.11436475030367366,-1.0827947221968162,-0.4062366924759525,,-0.9647855725111195,-0.2305853581585954,0.19918403253000003,-1.827867237354599,-0.856847490029077,-0.06973191316215085,0.8742174419506625,,-0.04931645967666478,-0.06459899893944013,0.08431779928,-0.06509005378220696,,-6.214902e-05,-3.8146973e-06,2.2649765e-06,1.0,3.342703e-05,2.9228628e-05,-3.3430755e-05,1.0,3.4570694e-06,-2.9236078e-05,-3.4570694e-06,1.0,308,0.921,0,0,0.0,False,-0.25427773008268684,1.048742504146256
0.9350899040000513,13:52:06.287534,13:51:56.094927,0,,0.11239731,0.0035821348,0.020509467,0.9537628,0.039149974,-0.29799962,0.29778552,0.011326015,0.9545655,0.04074633,-0.99916923,-0.0008559823,,0.071377814,-0.0170964,0.03592211,0.07290737,0.4648228,0.8823968,0.021008909,-0.885271,0.46460092,0.9971174,-0.015334547,-0.07430825,,0.10629383,1.3404409,0.44018757,0.99566734,0.012140044,-0.09219085,-0.051393665,-0.75440204,-0.6543976,-0.07749338,0.65630037,-0.75050956,,-0.07959782,0.26359102,-0.079603486,-0.944571,0.05771518,0.32319424,0.20950903,-0.6519562,0.728738,0.25276774,0.75605696,0.60372704,,-0.038053066,0.41278216,-0.361861,-0.16927347,-0.39794102,-0.90165925,0.84461564,-0.5300419,0.07536594,-0.5079084,-0.7487981,0.42582923,,1.1864897878643568,0.3749541265093484,0.21228433927,3.904426747681844,0.11190529330789573,-1.0829128471739353,-0.4062366924759525,,-0.9629243938884314,-0.23009882598751927,0.19934736507000003,-1.8253509580327845,-0.8511087570389285,-0.07678014858147691,0.8740540978845281,,-0.04931645967666478,-0.06459899893944013,0.08431779928,-0.06509005378220696,,-6.214902e-05,-3.8146973e-06,2.2649765e-06,1.0,3.342703e-05,2.9228628e-05,-3.3430755e-05,1.0,3.4570694e-06,-2.9236078e-05,-3.4570694e-06,1.0,319,0.954,0,0,0.0,False,-0.25427773008268684,1.0487907843470352
