Task Time,PC1 Time,PC2 Time,Gaze Calib,s_T_psm1,Tx,Ty,Tz,R00,R01,R02,R10,R11,R12,R20,R21,R22,s_T_psm3,Tx,Ty,Tz,R00,R01,R02,R10,R11,R12,R20,R21,R22,cart_T_ecm,Tx,Ty,Tz,R00,R01,R02,R10,R11,R12,R20,R21,R22,ecm_T_psm1,Tx,Ty,Tz,R00,R01,R02,R10,R11,R12,R20,R21,R22,ecm_T_psm3,Tx,Ty,Tz,R00,R01,R02,R10,R11,R12,R20,R21,R22,psm1_joints,q1,q2,q3,q4,q5,q6,jaw,psm3_joints,q1,q2,q3,q4,q5,q6,jaw,ecm_joints,q1,q2,q3,q4,ecmi_T_ecm,Tx,Ty,Tz,R00,R01,R02,R10,R11,R12,R20,R21,R22,Sample #,Task Duration (s),Collisions (binary),Collisions (increments),Cumulative Collision Time (s),Clutch Press,MTMR Angle,MTML Angle
""
lci_T_si,,,,,-0.058645472,0.02625499,0.22826408,0.99565005,-0.029675543,0.08831943,0.036406916,-0.74864405,-0.6619718,0.085764185,0.6623077,-0.7443071
rci_T_si,,,,,-0.06823406,0.030414503,0.23744373,0.99434865,-0.048808113,0.094279215,0.02809092,-0.73544073,-0.6770065,0.10238019,0.6758289,-0.7299134
ecm_T_lc,,,,,-4.4061628e-05,-0.00034663224,-0.01840835,-0.99912,0.030754527,0.028518902,-0.031987965,-0.99852574,-0.043852776,0.027128186,-0.04472645,0.9986309
ecm_T_rc,,,,,-0.0043358393,0.01870579,-0.007592615,-0.99555075,-0.052743673,-0.078081585,0.04863213,-0.9973746,0.053654674,-0.08070653,0.04961868,0.9955021
cart_T_ecmi,,,,,0.106224485,1.3404018,0.4402494,0.9955829,0.012822853,-0.09300707,-0.05147165,-0.7539449,-0.65491813,-0.07852013,0.6568125,-0.7499546
ecmac_T_ecmrep_psm1,,,,,0.01038242,-0.2501324,-0.30762842,0.998145,0.0496832,0.035188068,-0.04731537,0.99675006,-0.06519635,-0.03831287,0.06341047,0.99725187
ecmac_T_ecmrep_psm3,,,,,-0.018947443,-0.4527795,-0.5580277,0.99342906,-0.031421527,0.110051684,0.0051236153,0.97282016,0.23150527,-0.11433475,-0.2294202,0.9665888
""
0,14:42:43.998968,14:42:33.819420,0,,0.07947078,0.008698046,0.015918165,-0.35355836,0.8127341,-0.46309784,0.774472,0.53197694,0.3423353,0.52458495,-0.23762086,-0.8175248,,NaN,NaN,NaN,NaN,NaN,NaN,NaN,NaN,NaN,NaN,NaN,NaN,,0.10628597,1.3403988,0.44024926,0.995579,0.012766437,-0.093056075,-0.05154615,-0.7539458,-0.65491116,-0.07852013,0.6568125,-0.7499546,,-0.05076288,0.25548267,-0.08515776,0.34400854,-0.7738328,0.53182787,0.93586826,0.23659909,-0.26109675,0.07621524,0.5875403,0.80559766,,NaN,NaN,NaN,NaN,NaN,NaN,NaN,NaN,NaN,NaN,NaN,NaN,,1.288144120687774,0.2562634449653919,0.21346396317000002,2.1876951803740425,-0.08252844585832604,-0.3121830128604136,-0.401826402690327,,NaN,NaN,NaN,NaN,NaN,NaN,NaN,,-0.050095312855367245,-0.06378742083726276,0.08431779928,-0.06541713947960498,,6.137416e-05,2.9802322e-06,-3.695488e-06,1.0,-5.6117773e-05,-4.9147755e-05,5.6117773e-05,0.9999999,-5.90086e-06,4.914403e-05,5.90086e-06,0.99999994,43,0.129,0,0,0.0,False,-0.2585077480976805,1.0504805913743163
0.11973715398926288,14:42:44.045629,14:42:33.901571,0,,0.07964499,0.0091894865,0.01571019,-0.3539714,0.8125938,-0.46302864,0.7745986,0.5321615,0.34176147,0.52411926,-0.23768759,-0.81780404,,NaN,NaN,NaN,NaN,NaN,NaN,NaN,NaN,NaN,NaN,NaN,NaN,,0.10628597,1.3403988,0.44024926,0.995579,0.012766437,-0.093056075,-0.05154615,-0.7539458,-0.65491116,-0.07852013,0.6568125,-0.7499546,,-0.05090379,0.25571892,-0.084668405,0.34445772,-0.7736814,0.5317574,0.9356701,0.2366988,-0.2617158,0.0766183,0.58769953,0.8054433,,NaN,NaN,NaN,NaN,NaN,NaN,NaN,NaN,NaN,NaN,NaN,NaN,,1.288175011619271,0.25836402830718097,0.21382951695000002,2.187485490430558,-0.08075217136137532,-0.3140398393091699,-0.40166305862419266,,NaN,NaN,NaN,NaN,NaN,NaN,NaN,,-0.050095312855367245,-0.06378742083726276,0.08431779928,-0.06541713947960498,,6.137416e-05,2.9802322e-06,-3.695488e-06,1.0,-5.6117773e-05,-4.9147755e-05,5.6117773e-05,0.9999999,-5.90086e-06,4.914403e-05,5.90086e-06,0.99999994,58,0.174,0,0,0.0,False,-0.259282258438454,1.0503840309727575
0.16639521002070978,14:42:44.090677,14:42:33.901571,0,,0.07977949,0.009642005,0.015580669,-0.35384792,0.8127668,-0.4628192,0.7740596,0.5322362,0.34286505,0.5249984,-0.2369277,-0.8174607,,NaN,NaN,NaN,NaN,NaN,NaN,NaN,NaN,NaN,NaN,NaN,NaN,,0.106227584,1.3404024,0.4402498,0.99558187,0.012808376,-0.09301965,-0.05149077,-0.7539451,-0.65491635,-0.07852013,0.6568125,-0.7499546,,-0.05096133,0.25597852,-0.08427044,0.34421107,-0.77393603,0.5315466,0.9358413,0.23721033,-0.26063818,0.07562894,0.58715785,0.80593175,,NaN,NaN,NaN,NaN,NaN,NaN,NaN,NaN,NaN,NaN,NaN,NaN,,1.2882059025507677,0.26027154332711444,0.21411210817,2.187485490430558,-0.08061553486160986,-0.3148863658741314,-0.40149971455805833,,NaN,NaN,NaN,NaN,NaN,NaN,NaN,,-0.050095312855367245,-0.06378742083726276,0.08431779928,-0.06541713947960498,,3.0249357e-06,-2.3841858e-07,-8.34465e-07,0.99999994,-1.4401972e-05,-1.2617558e-05,1.4401972e-05,0.9999999,-1.5199184e-06,1.2606382e-05,1.5199184e-06,1.0,70,0.211,0,0,0.0,False,-0.2586269035347226,1.0501909101696396
0.2114086840301752,14:42:44.131298,14:42:33.901571,0,,0.07999343,0.010200068,0.015512869,-0.3535011,0.81233454,-0.46384206,0.7728129,0.53300226,0.34448338,0.52706456,-0.236688,-0.81619966,,NaN,NaN,NaN,NaN,NaN,NaN,NaN,NaN,NaN,NaN,NaN,NaN,,0.106227584,1.3404024,0.4402498,0.99558187,0.012808376,-0.09301965,-0.05149077,-0.7539451,-0.65491635,-0.07852013,0.6568125,-0.7499546,,-0.051149286,0.25635564,-0.08384117,0.34367397,-0.7734938,0.53253686,0.93622535,0.23795652,-0.2585706,0.073282145,0.5874385,0.805944,,NaN,NaN,NaN,NaN,NaN,NaN,NaN,NaN,NaN,NaN,NaN,NaN,,1.2883680799411266,0.26284321337423117,0.21437914391000001,2.187485490430558,-0.08143535386020251,-0.31715829309701304,-0.4014997145580584,,NaN,NaN,NaN,NaN,NaN,NaN,NaN,,-0.050095312855367245,-0.06378742083726276,0.08431779928,-0.06541713947960498,,3.0249357e-06,-2.3841858e-07,-8.34465e-07,0.99999994,-1.4401972e-05,-1.2617558e-05,1.4401972e-05,0.9999999,-1.5199184e-06,1.2606382e-05,1.5199184e-06,1.0,85,0.256,0,0,0.0,False,-0.2589843698458485,1.05014262996886
0.2520507579902187,14:42:44.179378,14:42:34.030793,0,,0.080328524,0.011117473,0.015575692,-0.35192466,0.81038404,-0.46842986,0.7688196,0.5357134,0.34918138,0.53391516,-0.2372526,-0.81157005,,NaN,NaN,NaN,NaN,NaN,NaN,NaN,NaN,NaN,NaN,NaN,NaN,,0.106227584,1.3404024,0.4402498,0.99558187,0.012808376,-0.09301965,-0.05149077,-0.7539451,-0.65491635,-0.07852013,0.6568125,-0.7499546,,-0.051454026,0.25708884,-0.08326896,0.3414731,-0.7714101,0.5369568,0.93759775,0.23968907,-0.251912,0.065624796,0.5894706,0.80511975,,NaN,NaN,NaN,NaN,NaN,NaN,NaN,NaN,NaN,NaN,NaN,NaN,,1.288870057577951,0.2671602210509227,0.21467210545,2.1876951803740425,-0.08662754085128925,-0.32272586157341654,-0.401826402690327,,NaN,NaN,NaN,NaN,NaN,NaN,NaN,,-0.050095312855367245,-0.06378742083726276,0.08431779928,-0.06541713947960498,,3.0249357e-06,-2.3841858e-07,-8.34465e-07,0.99999994,-1.4401972e-05,-1.2617558e-05,1.4401972e-05,0.9999999,-1.5199184e-06,1.2606382e-05,1.5199184e-06,1.0,101,0.304,0,0,0.0,False,-0.2589843698458485,1.0500943497680806
0.3001442310051061,14:42:44.222489,14:42:34.030793,0,,0.080594204,0.011960551,0.01577565,-0.3504028,0.80839205,-0.47299054,0.76466537,0.5385346,0.3539313,0.54083705,-0.23766105,-0.80685353,,NaN,NaN,NaN,NaN,NaN,NaN,NaN,NaN,NaN,NaN,NaN,NaN,,0.106227584,1.3404024,0.4402498,0.99558187,0.012808376,-0.09301965,-0.05149077,-0.7539451,-0.65491635,-0.07852013,0.6568125,-0.7499546,,-0.051701944,0.25785556,-0.082854204,0.33931574,-0.7692918,0.5413455,0.93889475,0.24160737,-0.24515806,0.05780502,0.5914524,0.80426526,,NaN,NaN,NaN,NaN,NaN,NaN,NaN,NaN,NaN,NaN,NaN,NaN,,1.2897427263927386,0.2711992103441421,0.21482636396000002,2.1876951803740425,-0.09181972784237599,-0.3278033576089766,-0.4044399077484754,,NaN,NaN,NaN,NaN,NaN,NaN,NaN,,-0.050095312855367245,-0.06378742083726276,0.08431779928,-0.06541713947960498,,3.0249357e-06,-2.3841858e-07,-8.34465e-07,0.99999994,-1.4401972e-05,-1.2617558e-05,1.4401972e-05,0.9999999,-1.5199184e-06,1.2606382e-05,1.5199184e-06,1.0,116,0.351,0,0,0.0,False,-0.2583885926606384,1.0502874705711984
0.3432298880070448,14:42:44.275212,14:42:34.030793,0,,0.08088723,0.013265014,0.016229868,-0.35132235,0.8049925,-0.47807902,0.7562174,0.5450417,0.36202866,0.5520033,-0.23434304,-0.8002348,,NaN,NaN,NaN,NaN,NaN,NaN,NaN,NaN,NaN,NaN,NaN,NaN,,0.106227584,1.3404024,0.4402498,0.99558187,0.012808376,-0.09301965,-0.05149077,-0.7539451,-0.65491635,-0.07852013,0.6568125,-0.7499546,,-0.05197807,0.25913784,-0.08233144,0.33913517,-0.76589745,0.54624945,0.93971753,0.24877203,-0.23461336,0.043798197,0.5928858,0.8040946,,NaN,NaN,NaN,NaN,NaN,NaN,NaN,NaN,NaN,NaN,NaN,NaN,,1.291820141535905,0.2773465057120248,0.21496377070000003,2.1837110714478367,-0.10015455432806786,-0.33260524658345475,-0.40084633829352123,,NaN,NaN,NaN,NaN,NaN,NaN,NaN,,-0.050095312855367245,-0.06378742083726276,0.08431779928,-0.06541713947960498,,3.0249357e-06,-2.3841858e-07,-8.34465e-07,0.99999994,-1.4401972e-05,-1.2617558e-05,1.4401972e-05,0.9999999,-1.5199184e-06,1.2606382e-05,1.5199184e-06,1.0,136,0.412,0,0,0.0,False,-0.2580311263495121,1.0505288715750958
0.39594738301821053,14:42:44.331352,14:42:34.170425,0,,0.081019014,0.014303103,0.016699076,-0.3557765,0.8036581,-0.47702897,0.74818105,0.55079687,0.36992967,0.560043,-0.2252918,-0.7972424,,NaN,NaN,NaN,NaN,NaN,NaN,NaN,NaN,NaN,NaN,NaN,NaN,,0.106227584,1.3404024,0.4402498,0.99558187,0.012808376,-0.09301965,-0.05149077,-0.7539451,-0.65491635,-0.07852013,0.6568125,-0.7499546,,-0.052104324,0.26022995,-0.08200496,0.34271336,-0.76499325,0.54528236,0.93888956,0.25904378,-0.22667749,0.03215474,0.5896453,0.807022,,NaN,NaN,NaN,NaN,NaN,NaN,NaN,NaN,NaN,NaN,NaN,NaN,,1.2941215159324237,0.28217321375841514,0.21500006682000003,2.176371923425878,-0.10562001431868547,-0.3301088201989714,-0.40084633829352134,,NaN,NaN,NaN,NaN,NaN,NaN,NaN,,-0.050095312855367245,-0.06378742083726276,0.08431779928,-0.06541713947960498,,3.0249357e-06,-2.3841858e-07,-8.34465e-07,0.99999994,-1.4401972e-05,-1.2617558e-05,1.4401972e-05,0.9999999,-1.5199184e-06,1.2606382e-05,1.5199184e-06,1.0,155,0.469,0,0,0.0,False,-0.2580907040680329,1.0499495091657423
0.45209488400723785,14:42:44.389040,14:42:34.170425,0,,0.081149,0.015707642,0.017393857,-0.355086,0.796506,-0.4893792,0.7354514,0.5611754,0.37972802,0.5770832,-0.22507867,-0.7850571,,NaN,NaN,NaN,NaN,NaN,NaN,NaN,NaN,NaN,NaN,NaN,NaN,,0.106227584,1.3404024,0.4402498,0.99558187,0.012808376,-0.09301965,-0.05149077,-0.7539451,-0.65491635,-0.07852013,0.6568125,-0.7499546,,-0.05223118,0.2617472,-0.08161243,0.34035662,-0.75749713,0.5570955,0.9402315,0.26720968,-0.21110104,0.011047107,0.59564847,0.8031693,,NaN,NaN,NaN,NaN,NaN,NaN,NaN,NaN,NaN,NaN,NaN,NaN,,1.2972878364108558,0.2884595183180339,0.21502210375000003,2.1721781245561878,-0.12051339279311848,-0.3403442434945755,-0.40280646708713264,,NaN,NaN,NaN,NaN,NaN,NaN,NaN,,-0.050095312855367245,-0.06378742083726276,0.08431779928,-0.06541713947960498,,3.0249357e-06,-2.3841858e-07,-8.34465e-07,0.99999994,-1.4401972e-05,-1.2617558e-05,1.4401972e-05,0.9999999,-1.5199184e-06,1.2606382e-05,1.5199184e-06,1.0,171,0.518,0,0,0.0,False,-0.2587460589717643,1.0503840309727575
0.5098051929962821,14:42:44.439739,14:42:34.313687,0,,0.08138201,0.016934901,0.017979503,-0.3536441,0.79563636,-0.49183184,0.73245364,0.56257993,0.38342598,0.58176243,-0.22464772,-0.7817199,,NaN,NaN,NaN,NaN,NaN,NaN,NaN,NaN,NaN,NaN,NaN,NaN,,0.106227584,1.3404024,0.4402498,0.99558187,0.012808376,-0.09301965,-0.05149077,-0.7539451,-0.65491635,-0.07852013,0.6568125,-0.7499546,,-0.05245958,0.26305696,-0.081243925,0.33847946,-0.75660896,0.55944127,0.9409567,0.2685737,-0.20607927,0.005670207,0.59616363,0.8028429,,NaN,NaN,NaN,NaN,NaN,NaN,NaN,NaN,NaN,NaN,NaN,NaN,,1.3000216838483314,0.29452958635717436,0.21503895552000002,2.1721781245561878,-0.12065002929288392,-0.34456179881832893,-0.401826402690327,,NaN,NaN,NaN,NaN,NaN,NaN,NaN,,-0.050095312855367245,-0.06378742083726276,0.08431779928,-0.06541713947960498,,3.0249357e-06,-2.3841858e-07,-8.34465e-07,0.99999994,-1.4401972e-05,-1.2617558e-05,1.4401972e-05,0.9999999,-1.5199184e-06,1.2606382e-05,1.5199184e-06,1.0,187,0.568,0,0,0.0,False,-0.2580311263495121,1.049804668563404
0.5604595959885046,14:42:44.484724,14:42:34.313687,0,,0.081572056,0.01789388,0.018410534,-0.35175687,0.7971914,-0.49066573,0.72969747,0.5618411,0.38971287,0.58635193,-0.22095346,-0.77934015,,NaN,NaN,NaN,NaN,NaN,NaN,NaN,NaN,NaN,NaN,NaN,NaN,,0.106227584,1.3404024,0.4402498,0.99558187,0.012808376,-0.09301965,-0.05149077,-0.7539451,-0.65491635,-0.07852013,0.6568125,-0.7499546,,-0.052644134,0.26406306,-0.08093521,0.3361735,-0.75844646,0.55834246,0.9417999,0.27037817,-0.19977133,0.000552246,0.5930047,0.8051988,,NaN,NaN,NaN,NaN,NaN,NaN,NaN,NaN,NaN,NaN,NaN,NaN,,1.3020373171285038,0.2992172852118286,0.21508173309000003,2.1728071943866416,-0.12201639429053832,-0.34352929852150527,-0.40215309082259554,,NaN,NaN,NaN,NaN,NaN,NaN,NaN,,-0.050095312855367245,-0.06378742083726276,0.08431779928,-0.06541713947960498,,3.0249357e-06,-2.3841858e-07,-8.34465e-07,0.99999994,-1.4401972e-05,-1.2617558e-05,1.4401972e-05,0.9999999,-1.5199184e-06,1.2606382e-05,1.5199184e-06,1.0,202,0.613,0,0,0.0,False,-0.25725661600873906,1.05014262996886
0.6054550480330363,14:42:44.535040,14:42:34.313687,0,,0.08177439,0.01937884,0.018830255,-0.34754792,0.8020529,-0.4857173,0.72104865,0.55975264,0.40836978,0.5994158,-0.20829783,-0.77286017,,NaN,NaN,NaN,NaN,NaN,NaN,NaN,NaN,NaN,NaN,NaN,NaN,,0.106227584,1.3404024,0.4402498,0.99558187,0.012808376,-0.09301965,-0.05149077,-0.7539451,-0.65491635,-0.07852013,0.6568125,-0.7499546,,-0.05282079,0.265462,-0.08027646,0.33073965,-0.76426095,0.5536393,0.9436087,0.27690518,-0.18145563,-0.0146261435,0.5824334,0.8127468,,NaN,NaN,NaN,NaN,NaN,NaN,NaN,NaN,NaN,NaN,NaN,NaN,,1.3047788872988535,0.3056425989631834,0.21539673156000003,2.1736459541605795,-0.1324007682727118,-0.33448978665959334,-0.40198974675646126,,NaN,NaN,NaN,NaN,NaN,NaN,NaN,,-0.050095312855367245,-0.06378742083726276,0.08431779928,-0.06541713947960498,,3.0249357e-06,-2.3841858e-07,-8.34465e-07,0.99999994,-1.4401972e-05,-1.2617558e-05,1.4401972e-05,0.9999999,-1.5199184e-06,1.2606382e-05,1.5199184e-06,1.0,222,0.674,0,0,0.0,False,-0.25815028178655464,1.0499495091657423
0.6557703170110472,14:42:44.590232,14:42:34.313687,0,,0.08193397,0.020541832,0.018875241,-0.3480047,0.80719554,-0.47678915,0.7171467,0.55677444,0.4191693,0.6038156,-0.19605505,-0.77263784,,NaN,NaN,NaN,NaN,NaN,NaN,NaN,NaN,NaN,NaN,NaN,NaN,,0.106227584,1.3404024,0.4402498,0.99558187,0.012808376,-0.09301965,-0.05149077,-0.7539451,-0.65491635,-0.07852013,0.6568125,-0.7499546,,-0.05294026,0.2663737,-0.07954533,0.33074155,-0.77035916,0.54512084,0.9434982,0.28248227,-0.17324825,-0.0205236,0.57162094,0.8202611,,NaN,NaN,NaN,NaN,NaN,NaN,NaN,NaN,NaN,NaN,NaN,NaN,,1.3066323431886675,0.3103920796808315,0.21588932176000003,2.171758744669219,-0.13390376977013163,-0.32403449208304913,-0.4018264026903269,,NaN,NaN,NaN,NaN,NaN,NaN,NaN,,-0.050095312855367245,-0.06378742083726276,0.08431779928,-0.06541713947960498,,3.0249357e-06,-2.3841858e-07,-8.34465e-07,0.99999994,-1.4401972e-05,-1.2617558e-05,1.4401972e-05,0.9999999,-1.5199184e-06,1.2606382e-05,1.5199184e-06,1.0,238,0.722,0,0,0.0,False,-0.2575545046013441,1.0499977893665218
0.7109928189893253,14:42:44.646261,14:42:34.495332,0,,0.08219425,0.021951377,0.018813983,-0.34761858,0.8106197,-0.47122905,0.71422076,0.5545365,0.42705727,0.6074948,-0.18810868,-0.77172875,,NaN,NaN,NaN,NaN,NaN,NaN,NaN,NaN,NaN,NaN,NaN,NaN,,0.106227584,1.3404024,0.4402498,0.99558187,0.012808376,-0.09301965,-0.05149077,-0.7539451,-0.65491635,-0.07852013,0.6568125,-0.7499546,,-0.053143572,0.26740244,-0.07856622,0.32998988,-0.7744146,0.53980434,0.94364864,0.28586853,-0.16675252,-0.025177503,0.5644123,0.825109,,NaN,NaN,NaN,NaN,NaN,NaN,NaN,NaN,NaN,NaN,NaN,NaN,,1.3084549081469845,0.31614551567212873,0.21658154062,2.171129674838765,-0.13390376977013163,-0.31905208893447484,-0.40002961796284986,,NaN,NaN,NaN,NaN,NaN,NaN,NaN,,-0.050095312855367245,-0.06378742083726276,0.08431779928,-0.06541713947960498,,3.0249357e-06,-2.3841858e-07,-8.34465e-07,0.99999994,-1.4401972e-05,-1.2617558e-05,1.4401972e-05,0.9999999,-1.5199184e-06,1.2606382e-05,1.5199184e-06,1.0,257,0.781,0,0,0.0,False,-0.25826943722359585,1.0499012289649627
0.7670059190131724,14:42:44.695982,14:42:34.495332,0,,0.08275375,0.023812085,0.018879697,-0.3475343,0.8119906,-0.4689253,0.71202976,0.5539305,0.43147945,0.6101093,-0.18393494,-0.77067155,,NaN,NaN,NaN,NaN,NaN,NaN,NaN,NaN,NaN,NaN,NaN,NaN,,0.106227584,1.3404024,0.4402498,0.99558187,0.012808376,-0.09301965,-0.05149077,-0.7539451,-0.65491635,-0.07852013,0.6568125,-0.7499546,,-0.053637505,0.26885167,-0.07736812,0.32964113,-0.7760975,0.537596,0.94367385,0.28808823,-0.1627415,-0.02857181,0.56096154,0.82734865,,NaN,NaN,NaN,NaN,NaN,NaN,NaN,NaN,NaN,NaN,NaN,NaN,,1.3103469777011694,0.324547849039285,0.21734635172000003,2.1707102949517965,-0.1310344032750574,-0.32082011373111574,-0.401826402690327,,NaN,NaN,NaN,NaN,NaN,NaN,NaN,,-0.050095312855367245,-0.06378742083726276,0.08431779928,-0.06541713947960498,,3.0249357e-06,-2.3841858e-07,-8.34465e-07,0.99999994,-1.4401972e-05,-1.2617558e-05,1.4401972e-05,0.9999999,-1.5199184e-06,1.2606382e-05,1.5199184e-06,1.0,273,0.83,0,0,0.0,False,-0.2585077480976805,1.049804668563404
0.8167463369900361,14:42:44.747778,14:42:34.495332,0,,0.08389611,0.026773244,0.019238412,-0.34947565,0.8154571,-0.46140695,0.7051129,0.5531939,0.4436129,0.6169948,-0.17031218,-0.7683172,,NaN,NaN,NaN,NaN,NaN,NaN,NaN,NaN,NaN,NaN,NaN,NaN,,0.106227584,1.3404024,0.4402498,0.99558187,0.012808376,-0.09301965,-0.05149077,-0.7539451,-0.65491635,-0.07852013,0.6568125,-0.7499546,,-0.05469264,0.27131823,-0.07563464,0.33083698,-0.78053963,0.53038174,0.9429055,0.29629594,-0.15211174,-0.038420722,0.55042404,0.83400077,,NaN,NaN,NaN,NaN,NaN,NaN,NaN,NaN,NaN,NaN,NaN,NaN,,1.312640629364814,0.338788568459355,0.21834708760000002,2.1673552558560436,-0.13035122077623018,-0.31851844734467816,-0.40264312302099836,,NaN,NaN,NaN,NaN,NaN,NaN,NaN,,-0.050095312855367245,-0.06378742083726276,0.08431779928,-0.06541713947960498,,3.0249357e-06,-2.3841858e-07,-8.34465e-07,0.99999994,-1.4401972e-05,-1.2617558e-05,1.4401972e-05,0.9999999,-1.5199184e-06,1.2606382e-05,1.5199184e-06,1.0,296,0.899,0,0,0.0,False,-0.25815028178655464,1.0497563883626244
0.8685469650081359,14:42:44.815778,14:42:34.495332,0,,0.085410595,0.03000313,0.019762143,-0.341861,0.8227494,-0.4541083,0.70350295,0.5444403,0.45680228,0.62306863,-0.16330373,-0.76492965,,NaN,NaN,NaN,NaN,NaN,NaN,NaN,NaN,NaN,NaN,NaN,NaN,,0.106227584,1.3404024,0.4402498,0.99558187,0.012808376,-0.09301965,-0.05149077,-0.7539451,-0.65491635,-0.07852013,0.6568125,-0.7499546,,-0.056120466,0.2740897,-0.073823504,0.32275936,-0.78862447,0.5233525,0.9454819,0.29404545,-0.14000449,-0.04347846,0.54000807,0.8405361,,NaN,NaN,NaN,NaN,NaN,NaN,NaN,NaN,NaN,NaN,NaN,NaN,,1.3144323033916343,0.3551067030225914,0.21933745316000003,2.1753234737084557,-0.12679867178232873,-0.31937334433727105,-0.4021530908225954,,NaN,NaN,NaN,NaN,NaN,NaN,NaN,,-0.050095312855367245,-0.06378742083726276,0.08431779928,-0.06541713947960498,,3.0249357e-06,-2.3841858e-07,-8.34465e-07,0.99999994,-1.4401972e-05,-1.2617558e-05,1.4401972e-05,0.9999999,-1.5199184e-06,1.2606382e-05,1.5199184e-06,1.0,312,0.949,0,0,0.0,False,-0.25791197091247,1.0499495091657423
0.9365413680206984,14:42:44.866927,14:42:34.700891,0,,0.086766355,0.032662556,0.020139903,-0.32796085,0.8315382,-0.4483143,0.7052802,0.5312474,0.46942103,0.6285074,-0.16223559,-0.76069593,,NaN,NaN,NaN,NaN,NaN,NaN,NaN,NaN,NaN,NaN,NaN,NaN,,0.106227584,1.3404024,0.4402498,0.99558187,0.012808376,-0.09301965,-0.05149077,-0.7539451,-0.65491635,-0.07852013,0.6568125,-0.7499546,,-0.057400756,0.27633512,-0.07228325,0.3085854,-0.79794586,0.51774263,0.9501138,0.28453845,-0.12775645,-0.04537497,0.5313382,0.84594375,,NaN,NaN,NaN,NaN,NaN,NaN,NaN,NaN,NaN,NaN,NaN,NaN,,1.315389922268038,0.3685828718881132,0.22022670810000003,2.1904211496393415,-0.12379266878748904,-0.32084439333690556,-0.40247977895486403,,NaN,NaN,NaN,NaN,NaN,NaN,NaN,,-0.050095312855367245,-0.06378742083726276,0.08431779928,-0.06541713947960498,,3.0249357e-06,-2.3841858e-07,-8.34465e-07,0.99999994,-1.4401972e-05,-1.2617558e-05,1.4401972e-05,0.9999999,-1.5199184e-06,1.2606382e-05,1.5199184e-06,1.0,328,0.998,0,0,0.0,False,-0.2583290149421176,1.0500943497680806
0.9876438219798729,14:42:44.913062,14:42:34.700891,0,,0.08801852,0.034926057,0.020396337,-0.31328806,0.8395871,-0.44378373,0.7089236,0.5177023,0.4789694,0.63188434,-0.16455343,-0.7573932,,NaN,NaN,NaN,NaN,NaN,NaN,NaN,NaN,NaN,NaN,NaN,NaN,,0.106227584,1.3404024,0.4402498,0.99558187,0.012808376,-0.09301965,-0.05149077,-0.7539451,-0.65491635,-0.07852013,0.6568125,-0.7499546,,-0.05858379,0.2782023,-0.07091538,0.2938551,-0.8063041,0.5133448,0.95481634,0.27258176,-0.11842695,-0.0444403,0.5249504,0.8499719,,NaN,NaN,NaN,NaN,NaN,NaN,NaN,NaN,NaN,NaN,NaN,NaN,,1.3157528907131266,0.38013608026795304,0.22105503741000002,2.2067769652311346,-0.11942030079499495,-0.323674657593926,-0.4026431230209983,,NaN,NaN,NaN,NaN,NaN,NaN,NaN,,-0.050095312855367245,-0.06378742083726276,0.08431779928,-0.06541713947960498,,3.0249357e-06,-2.3841858e-07,-8.34465e-07,0.99999994,-1.4401972e-05,-1.2617558e-05,1.4401972e-05,0.9999999,-1.5199184e-06,1.2606382e-05,1.5199184e-06,1.0,344,1.047,0,0,0.0,False,-0.2587460589717643,1.0502874705711984
1.033827615028713,14:42:44.966309,14:42:34.828743,0,,0.08918921,0.036866814,0.020512655,-0.29716036,0.846637,-0.44147623,0.7153902,0.50364006,0.4843176,0.6323863,-0.17190787,-0.7553379,,NaN,NaN,NaN,NaN,NaN,NaN,NaN,NaN,NaN,NaN,NaN,NaN,,0.106227584,1.3404024,0.4402498,0.99558187,0.012808376,-0.09301965,-0.05149077,-0.7539451,-0.65491635,-0.07852013,0.6568125,-0.7499546,,-0.059687607,0.27973443,-0.06965649,0.27798083,-0.81333077,0.51109654,0.95977885,0.25698453,-0.11306416,-0.039385337,0.5219693,0.8520545,,NaN,NaN,NaN,NaN,NaN,NaN,NaN,NaN,NaN,NaN,NaN,NaN,,1.315598436055642,0.3901061284085769,0.22186003350000003,2.2252296802577725,-0.11231520280719205,-0.3294683885861399,-0.4026431230209983,,NaN,NaN,NaN,NaN,NaN,NaN,NaN,,-0.050095312855367245,-0.06378742083726276,0.08431779928,-0.06541713947960498,,3.0249357e-06,-2.3841858e-07,-8.34465e-07,0.99999994,-1.4401972e-05,-1.2617558e-05,1.4401972e-05,0.9999999,-1.5199184e-06,1.2606382e-05,1.5199184e-06,1.0,360,1.096,0,0,0.0,False,-0.25910352528289105,1.0505771517758753
1.0870326660224237,14:42:45.014080,14:42:34.828743,0,,0.09016159,0.03883013,0.020216957,-0.27980775,0.85224617,-0.44202262,0.72131944,0.49045926,0.48902756,0.6335659,-0.1820059,-0.7519762,,NaN,NaN,NaN,NaN,NaN,NaN,NaN,NaN,NaN,NaN,NaN,NaN,,0.106227584,1.3404024,0.4402498,0.99558187,0.012808376,-0.09301965,-0.05149077,-0.7539451,-0.65491635,-0.07852013,0.6568125,-0.7499546,,-0.060563896,0.28102016,-0.068085976,0.26081803,-0.81869555,0.51157755,0.96474975,0.24030551,-0.1072899,-0.035097133,0.52152747,0.85251236,,NaN,NaN,NaN,NaN,NaN,NaN,NaN,NaN,NaN,NaN,NaN,NaN,,1.3154671495967802,0.39876331196058257,0.22306299062,2.2445211550583486,-0.10671310631680898,-0.3371403147630346,-0.40198974675646115,,NaN,NaN,NaN,NaN,NaN,NaN,NaN,,-0.050095312855367245,-0.06378742083726276,0.08431779928,-0.06541713947960498,,3.0249357e-06,-2.3841858e-07,-8.34465e-07,0.99999994,-1.4401972e-05,-1.2617558e-05,1.4401972e-05,0.9999999,-1.5199184e-06,1.2606382e-05,1.5199184e-06,1.0,401,1.222,0,0,0.0,False,-0.25922268071993226,1.0508668329805522
1.1348426560289226,14:42:45.141835,14:42:34.944597,0,,0.09408942,0.042831123,0.020170152,-0.22691415,0.8628165,-0.45172715,0.73800987,0.45498836,0.49832416,0.6354929,-0.2203024,-0.74001056,,NaN,NaN,NaN,NaN,NaN,NaN,NaN,NaN,NaN,NaN,NaN,NaN,,0.106227584,1.3404024,0.4402498,0.99558187,0.012808376,-0.09301965,-0.05149077,-0.7539451,-0.65491635,-0.07852013,0.6568125,-0.7499546,,-0.06432887,0.28396612,-0.0651561,0.20856968,-0.82783914,0.5207504,0.9777677,0.18829188,-0.09228471,-0.02165618,0.52842075,0.84870636,,NaN,NaN,NaN,NaN,NaN,NaN,NaN,NaN,NaN,NaN,NaN,NaN,,1.3083158989552484,0.42217091530235706,0.22492705564,2.305331238668861,-0.09400591183862303,-0.37127069318770534,-0.40476659588074393,,NaN,NaN,NaN,NaN,NaN,NaN,NaN,,-0.050095312855367245,-0.06378742083726276,0.08431779928,-0.06541713947960498,,3.0249357e-06,-2.3841858e-07,-8.34465e-07,0.99999994,-1.4401972e-05,-1.2617558e-05,1.4401972e-05,0.9999999,-1.5199184e-06,1.2606382e-05,1.5199184e-06,1.0,417,1.272,0,0,0.0,False,-0.25952056931253775,1.0502874705711984
1.2625749179860577,14:42:45.192145,14:42:34.944597,0,,0.095446244,0.044356048,0.018205479,-0.20517543,0.86858535,-0.45106798,0.74665236,0.43688196,0.5016417,0.6327821,-0.23386657,-0.7381689,,NaN,NaN,NaN,NaN,NaN,NaN,NaN,NaN,NaN,NaN,NaN,NaN,,0.106227584,1.3404024,0.4402498,0.99558187,0.012808376,-0.09301965,-0.05149077,-0.7539451,-0.65491635,-0.07852013,0.6568125,-0.7499546,,-0.065486945,0.28382954,-0.062574126,0.18740845,-0.83330005,0.52008563,0.9822048,0.16561356,-0.088577114,-0.012321921,0.5274307,0.8495087,,NaN,NaN,NaN,NaN,NaN,NaN,NaN,NaN,NaN,NaN,NaN,NaN,,1.3027246403543098,0.42675049589677216,0.22730315521000002,2.331332791660942,-0.08936027084659805,-0.3785710877394278,-0.403623187417804,,NaN,NaN,NaN,NaN,NaN,NaN,NaN,,-0.050095312855367245,-0.06378742083726276,0.08431779928,-0.06541713947960498,,3.0249357e-06,-2.3841858e-07,-8.34465e-07,0.99999994,-1.4401972e-05,-1.2617558e-05,1.4401972e-05,0.9999999,-1.5199184e-06,1.2606382e-05,1.5199184e-06,1.0,433,1.321,0,0,0.0,False,-0.2593418361569748,1.0508185527797727
1.3128655930049717,14:42:45.237742,14:42:34.944597,0,,0.09769448,0.046264708,0.018536374,-0.18565065,0.8765033,-0.4441574,0.7497884,0.41851696,0.51250476,0.6350995,-0.23787716,-0.7348899,,NaN,NaN,NaN,NaN,NaN,NaN,NaN,NaN,NaN,NaN,NaN,NaN,,0.106265135,1.3404,0.44024622,0.99558127,0.012799476,-0.093027376,-0.051502522,-0.7539453,-0.6549153,-0.07852013,0.6568125,-0.7499546,,-0.06771693,0.28545773,-0.061415713,0.16790614,-0.8415804,0.5133712,0.9857467,0.14890054,-0.078308135,-0.010538659,0.51920235,0.85458636,,NaN,NaN,NaN,NaN,NaN,NaN,NaN,NaN,NaN,NaN,NaN,NaN,,1.29819139615714,0.4393462732146324,0.22793185586000003,2.354188995500755,-0.0851245393538694,-0.38235175771457913,-0.4032964992855354,,NaN,NaN,NaN,NaN,NaN,NaN,NaN,,-0.050095312855367245,-0.06378742083726276,0.08431779928,-0.06541713947960498,,4.0810555e-05,-2.3841858e-07,-1.1920929e-07,0.99999994,-2.3253262e-05,-2.0362437e-05,2.3256987e-05,1.0,-2.413988e-06,2.0366162e-05,2.4437904e-06,1.0,445,1.358,0,0,0.0,False,-0.259282258438454,1.050335750771978
1.3584996570134535,14:42:45.274529,14:42:35.131951,0,,0.099249296,0.04725957,0.018627003,-0.17347388,0.88220036,-0.43775472,0.7505899,0.4062016,0.52116716,0.6375905,-0.23816538,-0.7326361,,NaN,NaN,NaN,NaN,NaN,NaN,NaN,NaN,NaN,NaN,NaN,NaN,,0.106265135,1.3404,0.44024622,0.99558127,0.012799476,-0.093027376,-0.051502522,-0.7539453,-0.6549153,-0.07852013,0.6568125,-0.7499546,,-0.069236614,0.2862463,-0.06071994,0.15562189,-0.8476922,0.5071487,0.98775584,0.13923733,-0.070366025,-0.010965295,0.5118896,0.85898125,,NaN,NaN,NaN,NaN,NaN,NaN,NaN,NaN,NaN,NaN,NaN,NaN,,1.294098347733801,0.4465670284520323,0.22832203915000002,2.368867291544672,-0.08498790285410396,-0.3824631756182756,-0.4032964992855354,,NaN,NaN,NaN,NaN,NaN,NaN,NaN,,-0.050095312855367245,-0.06378742083726276,0.08431779928,-0.06541713947960498,,4.0810555e-05,-2.3841858e-07,-1.1920929e-07,0.99999994,-2.3253262e-05,-2.0362437e-05,2.3256987e-05,1.0,-2.413988e-06,2.0366162e-05,2.4437904e-06,1.0,478,1.46,0,0,0.0,False,-0.2587460589717643,1.050335750771978
1.3952817700337619,14:42:45.375636,14:42:35.131951,0,,0.10322465,0.049446374,0.018067926,-0.14113042,0.89731354,-0.4182231,0.75286764,0.37160352,0.5432324,0.6428629,-0.23819996,-0.7280028,,NaN,NaN,NaN,NaN,NaN,NaN,NaN,NaN,NaN,NaN,NaN,NaN,,0.106265135,1.3404,0.44024622,0.99558127,0.012799476,-0.093027376,-0.051502522,-0.7539453,-0.6549153,-0.07852013,0.6568125,-0.7499546,,-0.07307957,0.2874783,-0.058572397,0.12309308,-0.86402774,0.4881641,0.99233437,0.11260823,-0.050910886,-0.010982876,0.49068877,0.8712657,,NaN,NaN,NaN,NaN,NaN,NaN,NaN,NaN,NaN,NaN,NaN,NaN,,1.281371283957079,0.46208972152922356,0.22982443926,2.4087083808067313,-0.08621763135199292,-0.37941844598149377,-0.4054199721452812,,NaN,NaN,NaN,NaN,NaN,NaN,NaN,,-0.050095312855367245,-0.06378742083726276,0.08431779928,-0.06541713947960498,,4.0810555e-05,-2.3841858e-07,-1.1920929e-07,0.99999994,-2.3253262e-05,-2.0362437e-05,2.3256987e-05,1.0,-2.413988e-06,2.0366162e-05,2.4437904e-06,1.0,494,1.51,0,0,0.0,False,-0.2593418361569748,1.0505288715750958
1.49639763799496,14:42:45.420499,14:42:35.278155,0,,0.10436697,0.04979177,0.017592788,-0.12676112,0.9024562,-0.41170886,0.75529075,0.35687172,0.54970783,0.6430145,-0.24127828,-0.7268543,,NaN,NaN,NaN,NaN,NaN,NaN,NaN,NaN,NaN,NaN,NaN,NaN,,0.106265135,1.3404,0.44024622,0.99558127,0.012799476,-0.093027376,-0.051502522,-0.7539453,-0.6549153,-0.07852013,0.6568125,-0.7499546,,-0.07417212,0.28741303,-0.057900045,0.10884768,-0.86947924,0.48182777,0.9940228,0.09930674,-0.045352153,-0.008415987,0.48388425,0.87509155,,NaN,NaN,NaN,NaN,NaN,NaN,NaN,NaN,NaN,NaN,NaN,NaN,,1.27658318957506,0.4649703008913093,0.23036369590000003,2.4259029561724623,-0.08621763135199292,-0.37786654991882307,-0.40460325181460965,,NaN,NaN,NaN,NaN,NaN,NaN,NaN,,-0.050095312855367245,-0.06378742083726276,0.08431779928,-0.06541713947960498,,4.0810555e-05,-2.3841858e-07,-1.1920929e-07,0.99999994,-2.3253262e-05,-2.0362437e-05,2.3256987e-05,1.0,-2.413988e-06,2.0366162e-05,2.4437904e-06,1.0,510,1.559,0,0,0.0,False,-0.2596993024681016,1.0506254319766548
1.5412596630048938,14:42:45.476676,14:42:35.278155,0,,0.10559504,0.050301462,0.017674133,-0.11714492,0.905956,-0.40684244,0.75679284,0.34670392,0.554131,0.6430721,-0.24298182,-0.72623557,,NaN,NaN,NaN,NaN,NaN,NaN,NaN,NaN,NaN,NaN,NaN,NaN,,0.106265135,1.3404,0.44024622,0.99558127,0.012799476,-0.093027376,-0.051502522,-0.7539453,-0.6549153,-0.07852013,0.6568125,-0.7499546,,-0.075383276,0.28783205,-0.05753663,0.09931308,-0.8732219,0.47709584,0.9950334,0.09039997,-0.041670017,-0.006742282,0.47886467,0.8778628,,NaN,NaN,NaN,NaN,NaN,NaN,NaN,NaN,NaN,NaN,NaN,NaN,,1.2727913277338156,0.4697738407390769,0.23054647279,2.4378552829510802,-0.08430472035527677,-0.3786096131691673,-0.40460325181460965,,NaN,NaN,NaN,NaN,NaN,NaN,NaN,,-0.050095312855367245,-0.06378742083726276,0.08431779928,-0.06541713947960498,,4.0810555e-05,-2.3841858e-07,-1.1920929e-07,0.99999994,-2.3253262e-05,-2.0362437e-05,2.3256987e-05,1.0,-2.413988e-06,2.0366162e-05,2.4437904e-06,1.0,526,1.608,0,0,0.0,False,-0.26005676877922745,1.0503840309727575
1.5974446550244465,14:42:45.519665,14:42:35.278155,0,,0.10613388,0.05064699,0.017604426,-0.11207455,0.9073268,-0.40521255,0.7579738,0.34175315,0.5555905,0.6425848,-0.24487293,-0.7260317,,NaN,NaN,NaN,NaN,NaN,NaN,NaN,NaN,NaN,NaN,NaN,NaN,,0.106265135,1.3404,0.44024622,0.99558127,0.012799476,-0.093027376,-0.051502522,-0.7539453,-0.6549153,-0.07852013,0.6568125,-0.7499546,,-0.07590279,0.28804034,-0.057218343,0.0943365,-0.8746373,0.47551042,0.99552673,0.085380994,-0.04045569,-0.005215494,0.47719976,0.87877935,,NaN,NaN,NaN,NaN,NaN,NaN,NaN,NaN,NaN,NaN,NaN,NaN,,1.2712390584260966,0.47205976966984736,0.23078499015000004,2.443936291312131,-0.08252844585832604,-0.37964965221651803,-0.4050932840130125,,NaN,NaN,NaN,NaN,NaN,NaN,NaN,,-0.050095312855367245,-0.06378742083726276,0.08431779928,-0.06541713947960498,,4.0810555e-05,-2.3841858e-07,-1.1920929e-07,0.99999994,-2.3253262e-05,-2.0362437e-05,2.3256987e-05,1.0,-2.413988e-06,2.0366162e-05,2.4437904e-06,1.0,555,1.697,0,0,0.0,False,-0.2594014138754961,1.0506737121774343
1.6404261239804327,14:42:45.613425,14:42:35.425009,0,,0.106812686,0.051103264,0.017644957,-0.11154539,0.91067696,-0.39777505,0.75465506,0.33805516,0.5623297,0.64657056,-0.23745766,-0.7249554,,NaN,NaN,NaN,NaN,NaN,NaN,NaN,NaN,NaN,NaN,NaN,NaN,,0.106265135,1.3404,0.44024622,0.99558127,0.012799476,-0.093027376,-0.051502522,-0.7539453,-0.6549153,-0.07852013,0.6568125,-0.7499546,,-0.07656553,0.28840196,-0.05690111,0.093406186,-0.8786352,0.46826854,0.99557436,0.08731281,-0.034759305,-0.010345096,0.46944287,0.8829022,,NaN,NaN,NaN,NaN,NaN,NaN,NaN,NaN,NaN,NaN,NaN,NaN,,1.2693469888719116,0.4750870809565434,0.23100017429000003,2.445404120916523,-0.0864909043515238,-0.3741315282853861,-0.40476659588074404,,NaN,NaN,NaN,NaN,NaN,NaN,NaN,,-0.050095312855367245,-0.06378742083726276,0.08431779928,-0.06541713947960498,,4.0810555e-05,-2.3841858e-07,-1.1920929e-07,0.99999994,-2.3253262e-05,-2.0362437e-05,2.3256987e-05,1.0,-2.413988e-06,2.0366162e-05,2.4437904e-06,1.0,567,1.735,0,0,0.0,False,-0.2593418361569748,1.0506254319766548
1.7341914069838822,14:42:45.655076,14:42:35.425009,0,,0.10704084,0.051180795,0.017656133,-0.11335568,0.9118179,-0.3946371,0.75219214,0.33826002,0.56549746,0.6491207,-0.23274057,-0.7242059,,NaN,NaN,NaN,NaN,NaN,NaN,NaN,NaN,NaN,NaN,NaN,NaN,,0.106265135,1.3404,0.44024622,0.99558127,0.012799476,-0.093027376,-0.051502522,-0.7539453,-0.6549153,-0.07852013,0.6568125,-0.7499546,,-0.07679089,0.2884642,-0.05684172,0.09494053,-0.8800973,0.46520424,0.99538434,0.09050606,-0.031917527,-0.014013272,0.46608725,0.88462776,,NaN,NaN,NaN,NaN,NaN,NaN,NaN,NaN,NaN,NaN,NaN,NaN,,1.2684743200571242,0.4758052951138463,0.23103258154000003,2.443936291312131,-0.0899068168456598,-0.37126440195283494,-0.40460325181460977,,NaN,NaN,NaN,NaN,NaN,NaN,NaN,,-0.050095312855367245,-0.06378742083726276,0.08431779928,-0.06541713947960498,,4.0810555e-05,-2.3841858e-07,-1.1920929e-07,0.99999994,-2.3253262e-05,-2.0362437e-05,2.3256987e-05,1.0,-2.413988e-06,2.0366162e-05,2.4437904e-06,1.0,583,1.784,0,0,0.0,False,-0.2602355019347904,1.0501909101696396
1.7758385210181586,14:42:45.707725,14:42:35.425009,0,,0.10727359,0.05113864,0.017526895,-0.11440474,0.9131276,-0.391292,0.7507554,0.33741876,0.5679041,0.65059817,-0.22879368,-0.7241378,,NaN,NaN,NaN,NaN,NaN,NaN,NaN,NaN,NaN,NaN,NaN,NaN,,0.106265135,1.3404,0.44024622,0.99558127,0.012799476,-0.093027376,-0.051502522,-0.7539453,-0.6549153,-0.07852013,0.6568125,-0.7499546,,-0.07701536,0.2883442,-0.056752976,0.09582934,-0.88171184,0.46195346,0.99526685,0.09240068,-0.030100422,-0.016144913,0.46265146,0.88639325,,NaN,NaN,NaN,NaN,NaN,NaN,NaN,NaN,NaN,NaN,NaN,NaN,,1.2671073963383865,0.47589024517546274,0.23110906265000003,2.4435169114251623,-0.09263954684096863,-0.36830093521764146,-0.40476659588074404,,NaN,NaN,NaN,NaN,NaN,NaN,NaN,,-0.050095312855367245,-0.06378742083726276,0.08431779928,-0.06541713947960498,,4.0810555e-05,-2.3841858e-07,-1.1920929e-07,0.99999994,-2.3253262e-05,-2.0362437e-05,2.3256987e-05,1.0,-2.413988e-06,2.0366162e-05,2.4437904e-06,1.0,599,1.833,0,0,0.0,False,-0.2590439475643693,1.05105995378367
1.8284580300096422,14:42:45.748855,14:42:35.425009,0,,0.1076483,0.05142179,0.017654523,-0.11344579,0.91347516,-0.39075962,0.75113714,0.33628926,0.5680692,0.65032536,-0.22906904,-0.7242958,,NaN,NaN,NaN,NaN,NaN,NaN,NaN,NaN,NaN,NaN,NaN,NaN,,0.106265135,1.3404,0.44024622,0.99558127,0.012799476,-0.093027376,-0.051502522,-0.7539453,-0.6549153,-0.07852013,0.6568125,-0.7499546,,-0.077387445,0.28863585,-0.05663742,0.09490668,-0.88208044,0.46143994,0.99536365,0.0913562,-0.030086571,-0.015616623,0.46215597,0.8866612,,NaN,NaN,NaN,NaN,NaN,NaN,NaN,NaN,NaN,NaN,NaN,NaN,,1.2664200731125805,0.4779908285172518,0.23115961796000004,2.444984741029554,-0.09099990884378334,-0.3696379500619985,-0.40476659588074404,,NaN,NaN,NaN,NaN,NaN,NaN,NaN,,-0.050095312855367245,-0.06378742083726276,0.08431779928,-0.06541713947960498,,4.0810555e-05,-2.3841858e-07,-1.1920929e-07,0.99999994,-2.3253262e-05,-2.0362437e-05,2.3256987e-05,1.0,-2.413988e-06,2.0366162e-05,2.4437904e-06,1.0,632,1.935,0,0,0.0,False,-0.26017592421626956,1.0503840309727575
1.8696237840340473,14:42:45.853051,14:42:35.636588,0,,0.10819501,0.052176237,0.017951205,-0.107039936,0.9151309,-0.38868725,0.75066125,0.33072895,0.5719496,0.6519588,-0.23055097,-0.7223545,,NaN,NaN,NaN,NaN,NaN,NaN,NaN,NaN,NaN,NaN,NaN,NaN,,0.106265135,1.3404,0.44024622,0.99558127,0.012799476,-0.093027376,-0.051502522,-0.7539453,-0.6549153,-0.07852013,0.6568125,-0.7499546,,-0.07792558,0.28939283,-0.056331623,0.08838852,-0.8838311,0.4593801,0.99594665,0.086133294,-0.025910929,-0.016667036,0.4598083,0.8878618,,NaN,NaN,NaN,NaN,NaN,NaN,NaN,NaN,NaN,NaN,NaN,NaN,,1.266335123050964,0.48229239072819485,0.23134628372000002,2.451694819221059,-0.0894969073463635,-0.37029179582167526,-0.40525662807914675,,NaN,NaN,NaN,NaN,NaN,NaN,NaN,,-0.050095312855367245,-0.06378742083726276,0.08431779928,-0.06541713947960498,,4.0810555e-05,-2.3841858e-07,-1.1920929e-07,0.99999994,-2.3253262e-05,-2.0362437e-05,2.3256987e-05,1.0,-2.413988e-06,2.0366162e-05,2.4437904e-06,1.0,644,1.973,0,0,0.0,False,-0.2599376133421849,1.0509151131813312
1.973817192018032,14:42:45.895337,14:42:35.636588,0,,0.10832952,0.052283987,0.017915487,-0.10146619,0.91572165,-0.38879085,0.7519242,0.3264824,0.57272977,0.65139437,-0.23422854,-0.72168016,,NaN,NaN,NaN,NaN,NaN,NaN,NaN,NaN,NaN,NaN,NaN,NaN,,0.106265135,1.3404,0.44024622,0.99558127,0.012799476,-0.093027376,-0.051502522,-0.7539453,-0.6549153,-0.07852013,0.6568125,-0.7499546,,-0.078053184,0.2894493,-0.05622435,0.08291861,-0.88431716,0.45946455,0.99644357,0.0805063,-0.024878103,-0.014989661,0.45989338,0.8878476,,NaN,NaN,NaN,NaN,NaN,NaN,NaN,NaN,NaN,NaN,NaN,NaN,,1.2660030455373723,0.4829024866252586,0.23143443144000003,2.4575661376386257,-0.08813054234870908,-0.37140597485863946,-0.40525662807914675,,NaN,NaN,NaN,NaN,NaN,NaN,NaN,,-0.050095312855367245,-0.06378742083726276,0.08431779928,-0.06541713947960498,,4.0810555e-05,-2.3841858e-07,-1.1920929e-07,0.99999994,-2.3253262e-05,-2.0362437e-05,2.3256987e-05,1.0,-2.413988e-06,2.0366162e-05,2.4437904e-06,1.0,660,2.022,0,0,0.0,False,-0.2589247921273281,1.0505771517758753
2.01608601299813,14:42:45.943910,14:42:35.784813,0,,0.10841864,0.05225925,0.017833352,-0.10321721,0.91577256,-0.3882094,0.75163436,0.32743615,0.57256585,0.6514539,-0.2326929,-0.7221232,,NaN,NaN,NaN,NaN,NaN,NaN,NaN,NaN,NaN,NaN,NaN,NaN,,0.106265135,1.3404,0.44024622,0.99558127,0.012799476,-0.093027376,-0.051502522,-0.7539453,-0.6549153,-0.07852013,0.6568125,-0.7499546,,-0.078137144,0.28937566,-0.056171194,0.08464924,-0.884441,0.45891017,0.9962925,0.082226865,-0.025300356,-0.015358071,0.4593504,0.8881224,,NaN,NaN,NaN,NaN,NaN,NaN,NaN,NaN,NaN,NaN,NaN,NaN,,1.2654161178389312,0.48285615022801326,0.23148498675,2.4560983080342336,-0.08867708834777085,-0.3710419819839943,-0.4050932840130125,,NaN,NaN,NaN,NaN,NaN,NaN,NaN,,-0.050095312855367245,-0.06378742083726276,0.08431779928,-0.06541713947960498,,4.0810555e-05,-2.3841858e-07,-1.1920929e-07,0.99999994,-2.3253262e-05,-2.0362437e-05,2.3256987e-05,1.0,-2.413988e-06,2.0366162e-05,2.4437904e-06,1.0,697,2.135,0,0,0.0,False,-0.259580147031059,1.0499977893665218
2.064668887993321,14:42:46.054039,14:42:35.879305,0,,0.10842064,0.051842555,0.017617315,-0.103924036,0.9164372,-0.38644874,0.75607175,0.3252384,0.5679575,0.64618534,-0.23315853,-0.7266922,,NaN,NaN,NaN,NaN,NaN,NaN,NaN,NaN,NaN,NaN,NaN,NaN,,0.106265135,1.3404,0.44024622,0.99558127,0.012799476,-0.093027376,-0.051502522,-0.7539453,-0.6549153,-0.07852013,0.6568125,-0.7499546,,-0.07813925,0.28891838,-0.05627699,0.085888185,-0.8851515,0.4573074,0.99626815,0.08024016,-0.03180129,-0.00854546,0.45833215,0.8887399,,NaN,NaN,NaN,NaN,NaN,NaN,NaN,NaN,NaN,NaN,NaN,NaN,,1.2642808761064201,0.4812884354545457,0.23141239451000004,2.4560983080342336,-0.08362153785644955,-0.36961029009120366,-0.404766595880744,,NaN,NaN,NaN,NaN,NaN,NaN,NaN,,-0.050095312855367245,-0.06378742083726276,0.08431779928,-0.06541713947960498,,4.0810555e-05,-2.3841858e-07,-1.1920929e-07,0.99999994,-2.3253262e-05,-2.0362437e-05,2.3256987e-05,1.0,-2.413988e-06,2.0366162e-05,2.4437904e-06,1.0,713,2.186,0,0,0.0,False,-0.25868648125324345,1.0503840309727575
