Task Time,PC1 Time,PC2 Time,Gaze Calib,s_T_psm1,Tx,Ty,Tz,R00,R01,R02,R10,R11,R12,R20,R21,R22,s_T_psm3,Tx,Ty,Tz,R00,R01,R02,R10,R11,R12,R20,R21,R22,cart_T_ecm,Tx,Ty,Tz,R00,R01,R02,R10,R11,R12,R20,R21,R22,ecm_T_psm1,Tx,Ty,Tz,R00,R01,R02,R10,R11,R12,R20,R21,R22,ecm_T_psm3,Tx,Ty,Tz,R00,R01,R02,R10,R11,R12,R20,R21,R22,psm1_joints,q1,q2,q3,q4,q5,q6,jaw,psm3_joints,q1,q2,q3,q4,q5,q6,jaw,ecm_joints,q1,q2,q3,q4,ecmi_T_ecm,Tx,Ty,Tz,R00,R01,R02,R10,R11,R12,R20,R21,R22,Sample #,Task Duration (s),Collisions (binary),Collisions (increments),Cumulative Collision Time (s),Clutch Press,MTMR Angle,MTML Angle
""
lci_T_si,,,,,-0.06325326,0.014099291,0.23646986,0.99321187,-0.021149708,0.11438049,0.061731156,-0.73758954,-0.6724217,0.09858737,0.67491806,-0.7312771
rci_T_si,,,,,-0.0730827,0.018441333,0.2456533,0.991962,-0.042163182,0.11930484,0.052885953,-0.7184059,-0.6936109,0.114954144,0.6943452,-0.71040154
ecm_T_lc,,,,,-4.4061628e-05,-0.00034663224,-0.01840835,-0.99912,0.030754527,0.028518902,-0.031987965,-0.99852574,-0.043852776,0.027128186,-0.04472645,0.9986309
ecm_T_rc,,,,,-0.0043358393,0.01870579,-0.007592615,-0.99555075,-0.052743673,-0.078081585,0.04863213,-0.9973746,0.053654674,-0.08070653,0.04961868,0.9955021
cart_T_ecmi,,,,,0.10635596,1.3404362,0.44018698,0.9956651,0.012106441,-0.09221999,-0.051438015,-0.7544026,-0.6543935,-0.07749338,0.65630037,-0.75050956
ecmac_T_ecmrep_psm1,,,,,0.01038242,-0.2501324,-0.30762842,0.998145,0.0496832,0.035188068,-0.04731537,0.99675006,-0.06519635,-0.03831287,0.06341047,0.99725187
ecmac_T_ecmrep_psm3,,,,,-0.018947443,-0.4527795,-0.5580277,0.99342906,-0.031421527,0.110051684,0.0051236153,0.97282016,0.23150527,-0.11433475,-0.2294202,0.9665888
""
0,14:00:21.141423,14:00:10.913922,0,,0.116085276,0.005043298,0.017759293,0.9684669,0.23888299,-0.070758276,0.022753082,0.19801691,0.9799344,0.24810106,-0.95064414,0.18633753,,0.06723901,-0.021259256,-0.00020641088,-0.42193887,0.17805725,0.8889674,0.22016455,-0.9310507,0.2909851,0.8794857,0.31849718,0.35364452,,0.10639961,1.3404368,0.44018248,0.9956626,0.012071169,-0.092250586,-0.051484566,-0.7544032,-0.6543892,-0.07749338,0.65630037,-0.75050956,,-0.08305371,0.26272064,-0.07624716,-0.9868609,-0.14046448,0.0798458,0.13921198,-0.4883719,0.86145973,-0.08201006,0.8612564,0.5015095,,-0.030295057,0.38057935,-0.3463332,0.31940055,-0.1420044,-0.93691945,0.90772206,-0.23802225,0.3455229,-0.27207345,-0.96082264,0.052876085,,1.1799872467842598,0.3747765036532412,0.21548358299000003,4.048483738855712,-0.20017247215637027,-1.246874540871409,-0.412933799187458,,-0.865185486632246,-0.30051470433469835,0.22809778098000003,-2.8603805190723968,-1.1752105344825532,1.1011615061987639,0.797282386801417,,-0.04931645967666478,-0.06459245395474515,0.08431779928,-0.06509005378220696,,4.3775886e-05,-2.861023e-06,-9.536743e-07,0.99999994,-3.5092235e-05,-3.068149e-05,3.508851e-05,1.0,-3.606081e-06,3.068149e-05,3.6358833e-06,1.0,37,0.111,0,0,0.0,False,-0.26255903295711036,0.9709148204897686
0.12790263601345941,14:00:21.169498,14:00:10.913922,0,,0.115973145,0.005007416,0.018337563,0.9670711,0.24357471,-0.073788114,0.023756519,0.20226821,0.97904193,0.25339487,-0.9485563,0.18982133,,0.067257784,-0.02125854,-0.00020617247,-0.42184117,0.17806633,0.889012,0.22013743,-0.9310691,0.2909467,0.8795394,0.31843817,0.3535642,,0.10639961,1.3404368,0.44018248,0.9956626,0.012071169,-0.092250586,-0.051484566,-0.7544032,-0.6543892,-0.07749338,0.65630037,-0.75050956,,-0.08299892,0.2630798,-0.076712206,-0.9859546,-0.1452149,0.082499415,0.1435153,-0.48400494,0.8632164,-0.085421756,0.86293215,0.49804747,,-0.030313775,0.3805777,-0.34633288,0.31930032,-0.14200649,-0.9369533,0.90774167,-0.23808278,0.34542972,-0.2721257,-0.9608073,0.05288529,,1.1812614977085067,0.3754020450160534,0.21496765957000002,4.044080250042536,-0.20495474964816068,-1.2491008197525764,-0.4147305839149349,,-0.8652472684952398,-0.3005224270675726,0.22810685501000003,-2.8599611391854274,-1.1752105344825532,1.100753112498061,0.7961389783384769,,-0.04931645967666478,-0.06459245395474515,0.08431779928,-0.06509005378220696,,4.3775886e-05,-2.861023e-06,-9.536743e-07,0.99999994,-3.5092235e-05,-3.068149e-05,3.508851e-05,1.0,-3.606081e-06,3.068149e-05,3.6358833e-06,1.0,45,0.135,0,0,0.0,False,-0.26249945523859,0.9719287047061373
0.15601843199692667,14:00:21.202330,14:00:10.992368,0,,0.115860924,0.0049602687,0.018921182,0.96518093,0.2503698,-0.07576662,0.023359664,0.20599243,0.9782747,0.26053777,-0.9459821,0.1929715,,0.0672948,-0.02126313,-0.00019097328,-0.42040434,0.17522663,0.890256,0.21972491,-0.93230915,0.2872642,0.8803301,0.3163786,0.35344514,,0.10639961,1.3404368,0.44018248,0.9956626,0.012071169,-0.092250586,-0.051484566,-0.7544032,-0.6543892,-0.07749338,0.65630037,-0.75050956,,-0.08294486,0.263434,-0.07718872,-0.9847739,-0.15211965,0.08414269,0.14800783,-0.479803,0.8648022,-0.09118149,0.86408836,0.49501234,,-0.030351665,0.38058382,-0.34634516,0.3178269,-0.13890289,-0.937919,0.90802443,-0.24013409,0.3432598,-0.2729061,-0.9607505,0.049806137,,1.182612975961496,0.3759349135843749,0.21444655099,4.039886451172846,-0.212196484135729,-1.2507917936897384,-0.41456723984880073,,-0.8652627139609883,-0.3005224270675726,0.22811204017000003,-2.8555576503722526,-1.175347170982319,1.1002927792207735,0.7972823868014169,,-0.04931645967666478,-0.06459245395474515,0.08431779928,-0.06509005378220696,,4.3775886e-05,-2.861023e-06,-9.536743e-07,0.99999994,-3.5092235e-05,-3.068149e-05,3.508851e-05,1.0,-3.606081e-06,3.068149e-05,3.6358833e-06,1.0,56,0.169,0,0,0.0,False,-0.2629164992682367,0.9707699798874305
0.1888535920297727,14:00:21.231684,14:00:10.992368,0,,0.11574353,0.004909441,0.019522041,0.96288943,0.2584433,-0.077786945,0.023337744,0.20740399,0.9779769,0.26888496,-0.9434992,0.19367567,,0.06730919,-0.02126468,-0.00019299984,-0.41992694,0.17542529,0.89044213,0.22018053,-0.9321366,0.2874752,0.8804441,0.3167767,0.352804,,0.10639961,1.3404368,0.44018248,0.9956626,0.012071169,-0.092250586,-0.051484566,-0.7544032,-0.6543892,-0.07749338,0.65630037,-0.75050956,,-0.08288743,0.26379701,-0.07768095,-0.9832995,-0.16035235,0.086076565,0.15359297,-0.47745186,0.8651294,-0.09762812,0.8639021,0.4941072,,-0.030365659,0.3805796,-0.34634554,0.31731004,-0.13915032,-0.9380573,0.9083021,-0.23973124,0.3428064,-0.27258328,-0.9608153,0.050321404,,1.1840339588103534,0.37644461395407375,0.21391118322000002,4.034644202585733,-0.22039467412165545,-1.2498242312777925,-0.41326048731972653,,-0.8652781594267367,-0.3005224270675726,0.22811592904000003,-2.85450920065483,-1.174800624983257,1.0989486414644416,0.7958122902062085,,-0.04931645967666478,-0.06459245395474515,0.08431779928,-0.06509005378220696,,4.3775886e-05,-2.861023e-06,-9.536743e-07,0.99999994,-3.5092235e-05,-3.068149e-05,3.508851e-05,1.0,-3.606081e-06,3.068149e-05,3.6358833e-06,1.0,64,0.193,0,0,0.0,False,-0.26202283349042155,0.9713493422967838
0.21817011100938544,14:00:21.253774,14:00:10.992368,0,,0.11562778,0.0048538297,0.020111427,0.9605152,0.26626623,-0.080701545,0.024027467,0.2095893,0.97749424,0.2771879,-0.94083726,0.19491601,,0.06731201,-0.021262698,-0.00019526482,-0.4198985,0.17590906,0.89036006,0.2203033,-0.93193936,0.28802007,0.8804269,0.31708854,0.35256657,,0.10639961,1.3404368,0.44018248,0.9956626,0.012071169,-0.092250586,-0.051484566,-0.7544032,-0.6543892,-0.07749338,0.65630037,-0.75050956,,-0.08283065,0.26414883,-0.07816765,-0.9817186,-0.16833131,0.088843316,0.1596867,-0.47439122,0.8657096,-0.103579536,0.86407036,0.49259898,,-0.030368371,0.38057834,-0.34634268,0.31727484,-0.13967434,-0.9379913,0.9083483,-0.23942204,0.34289995,-0.27247012,-0.9608164,0.050910365,,1.1854086052619652,0.37692342339227564,0.21338359319000003,4.028772884168166,-0.22818295460828555,-1.249517637537498,-0.41326048731972653,,-0.865285882159611,-0.30051470433469835,0.22811852162000001,-2.85450920065483,-1.1746639884834915,1.0983471511199019,0.7964656664707457,,-0.04931645967666478,-0.06459245395474515,0.08431779928,-0.06509005378220696,,4.3775886e-05,-2.861023e-06,-9.536743e-07,0.99999994,-3.5092235e-05,-3.068149e-05,3.508851e-05,1.0,-3.606081e-06,3.068149e-05,3.6358833e-06,1.0,76,0.23,0,0,0.0,False,-0.2632143878608417,0.9713493422967838
0.2402119460166432,14:00:21.294716,14:00:10.992368,0,,0.11555694,0.004806906,0.020704553,0.95651144,0.27990246,-0.08210026,0.020785153,0.2153418,0.9763175,0.2909533,-0.93556535,0.20015916,,0.06731376,-0.021264337,-0.0001977086,-0.41982237,0.1758257,0.89041245,0.22029826,-0.93197703,0.28790212,0.8804646,0.31702417,0.35253066,,0.10639961,1.3404368,0.44018248,0.9956626,0.012071169,-0.092250586,-0.051484566,-0.7544032,-0.6543892,-0.07749338,0.65630037,-0.75050956,,-0.08281869,0.2645077,-0.07864732,-0.97915316,-0.18224604,0.08969645,0.16650017,-0.46718088,0.8683431,-0.11634762,0.86517537,0.48778564,,-0.030369759,0.3805752,-0.34634283,0.31719598,-0.13958277,-0.9380316,0.90836847,-0.23948626,0.34280184,-0.2724949,-0.9608137,0.050828498,,1.1868604790423196,0.37736361916610645,0.21287285493000002,4.023320945637569,-0.2429396965829531,-1.2527584283445696,-0.41375051951812947,,-0.8652781594267367,-0.3005224270675726,0.22812111420000003,-2.8542995107113454,-1.1746639884834915,1.0982654723797614,0.7966290105368798,,-0.04931645967666478,-0.06459245395474515,0.08431779928,-0.06509005378220696,,4.3775886e-05,-2.861023e-06,-9.536743e-07,0.99999994,-3.5092235e-05,-3.068149e-05,3.508851e-05,1.0,-3.606081e-06,3.068149e-05,3.6358833e-06,1.0,87,0.263,0,0,0.0,False,-0.2626781883941529,0.9718321443045785
0.2812366080470383,14:00:21.324765,14:00:10.992368,0,,0.115461275,0.004741937,0.021310836,0.9527635,0.2915014,-0.08525497,0.019134857,0.22253793,0.97473615,0.30310947,-0.9303246,0.20644826,,0.06732037,-0.021264859,-0.00019562244,-0.41961592,0.17535065,0.8906034,0.22025633,-0.93216956,0.28731036,0.88057345,0.3167212,0.35253105,,0.10639961,1.3404368,0.44018248,0.9956626,0.012071169,-0.092250586,-0.051484566,-0.7544032,-0.6543892,-0.07749338,0.65630037,-0.75050956,,-0.08278377,0.26486278,-0.079150975,-0.97664267,-0.19409044,0.09218452,0.1734367,-0.4588202,0.8714377,-0.12684162,0.86707145,0.48176578,,-0.03037649,0.38057595,-0.34634444,0.31698355,-0.13906859,-0.9381798,0.9084141,-0.23978649,0.3424707,-0.27258977,-0.9608134,0.05032351,,1.188320075555548,0.37775747854269187,0.21233878345,4.017239937276517,-0.25551025456137366,-1.2573735119100813,-0.4108103263277123,,-0.865285882159611,-0.3005224270675726,0.22812241049,-2.853670440880892,-1.1746639884834915,1.0982654723797614,0.7966290105368798,,-0.04931645967666478,-0.06459245395474515,0.08431779928,-0.06509005378220696,,4.3775886e-05,-2.861023e-06,-9.536743e-07,0.99999994,-3.5092235e-05,-3.068149e-05,3.508851e-05,1.0,-3.606081e-06,3.068149e-05,3.6358833e-06,1.0,95,0.287,0,0,0.0,False,-0.2626186106756321,0.9723149463123728
0.3112655210425146,14:00:21.347237,14:00:10.992368,0,,0.11529164,0.004689589,0.02186653,0.9514025,0.2951319,-0.08792229,0.02051793,0.22412294,0.97434485,0.3072657,-0.92879826,0.20717564,,0.06731838,-0.021262683,-0.00019925833,-0.4196812,0.17544326,0.89055437,0.22026357,-0.93212944,0.28743476,0.8805405,0.31678775,0.3525534,,0.10639961,1.3404368,0.44018248,0.9956626,0.012071169,-0.092250586,-0.051484566,-0.7544032,-0.6543892,-0.07749338,0.65630037,-0.75050956,,-0.082670055,0.26519713,-0.07961529,-0.9756506,-0.19780545,0.09475726,0.17727344,-0.45677945,0.8717377,-0.1291513,0.8673094,0.48072278,,-0.030374316,0.38057426,-0.34634063,0.31705096,-0.13916972,-0.938142,0.90839785,-0.23972027,0.34256032,-0.2725657,-0.96081525,0.05041793,,1.1897873948016506,0.3781667833850258,0.21183582293000003,4.012836448463342,-0.25933607655480595,-1.256785851550939,-0.4127704551213234,,-0.8652781594267367,-0.30051470433469835,0.22812500307000003,-2.8538801308243764,-1.1746639884834915,1.0983471511199019,0.7969556986691484,,-0.04931645967666478,-0.06459245395474515,0.08431779928,-0.06509005378220696,,4.3775886e-05,-2.861023e-06,-9.536743e-07,0.99999994,-3.5092235e-05,-3.068149e-05,3.508851e-05,1.0,-3.606081e-06,3.068149e-05,3.6358833e-06,1.0,103,0.312,0,0,0.0,False,-0.26333354329788383,0.972121825509255
0.33371423999778926,14:00:21.375847,14:00:11.192566,0,,0.115149185,0.00463295,0.022388116,0.9493981,0.30080643,-0.09032516,0.021704398,0.22406644,0.9743321,0.31332427,-0.9269896,0.20619944,,0.067325816,-0.0212669,-0.0001975298,-0.41939858,0.17495354,0.8907839,0.22022393,-0.9323344,0.2867999,0.8806851,0.3164555,0.3524907,,0.10639961,1.3404368,0.44018248,0.9956626,0.012071169,-0.092250586,-0.051484566,-0.7544032,-0.6543892,-0.07749338,0.65630037,-0.75050956,,-0.082580194,0.2655046,-0.080054514,-0.97420734,-0.20362729,0.09724178,0.18224442,-0.45587227,0.8711874,-0.1330677,0.8664389,0.48122406,,-0.030381573,0.38057262,-0.3463452,0.3167593,-0.1386373,-0.9383194,0.90846586,-0.24005,0.34214884,-0.27267817,-0.96080995,0.04990919,,1.19113887305464,0.37849886089861745,0.21136526966000002,4.0075941998762294,-0.264938173045189,-1.2543413647430404,-0.41326048731972653,,-0.8652781594267367,-0.3005301498004468,0.22812629936000003,-2.8530413710504385,-1.1746639884834915,1.0981837936396208,0.7971190427352828,,-0.04931645967666478,-0.06459245395474515,0.08431779928,-0.06509005378220696,,4.3775886e-05,-2.861023e-06,-9.536743e-07,0.99999994,-3.5092235e-05,-3.068149e-05,3.508851e-05,1.0,-3.606081e-06,3.068149e-05,3.6358833e-06,1.0,126,0.381,0,0,0.0,False,-0.26202283349042155,0.972121825509255
0.3623313049902208,14:00:21.435884,14:00:11.192566,0,,0.11504024,0.004535198,0.023298785,0.94300216,0.31933683,-0.093652785,0.01680769,0.23535857,0.9717631,0.3323618,-0.9179491,0.21657619,,0.06730612,-0.021305636,-0.00021415949,-0.41883838,0.1739772,0.89123863,0.2202493,-0.9327033,0.28557783,0.88094515,0.3159058,0.35233355,,0.10635878,1.3404375,0.44018373,0.99566346,0.012083302,-0.092240065,-0.051468555,-0.75440294,-0.6543907,-0.07749338,0.65630037,-0.75050956,,-0.08252393,0.2660357,-0.0808108,-0.9698172,-0.22262372,0.099464506,0.19138299,-0.44223213,0.8762438,-0.15108627,0.86883223,0.47149074,,-0.03031786,0.38054097,-0.34637126,0.31616828,-0.13757639,-0.9386748,0.9086368,-0.24059203,0.34131303,-0.27279428,-0.9608268,0.0489394,,1.1933939110539136,0.37904717493268736,0.21056805131000003,3.999835671967302,-0.28584355750930146,-1.2619614049999375,-0.41326048731972653,,-0.8653322185568563,-0.3005610407319437,0.22814963258,-2.851363851502562,-1.174527351983726,1.0977456607753622,0.7971190427352828,,-0.04931645967666478,-0.06459245395474515,0.08431779928,-0.06509005378220696,,2.991408e-06,-3.0994415e-06,1.3113022e-06,1.0,-2.3022294e-05,-2.013892e-05,2.3018569e-05,0.99999994,-2.3543835e-06,2.0131469e-05,2.3543835e-06,1.0,130,0.393,0,0,0.0,False,-0.26273776611267374,0.97168730370224
0.4224085590103641,14:00:21.459648,14:00:11.192566,0,,0.11495261,0.004477948,0.02380906,0.93992794,0.32798672,-0.09465824,0.01480177,0.23786938,0.97118425,0.34105185,-0.9142445,0.21872514,,0.06732379,-0.021302849,-0.00021982193,-0.41881335,0.17425549,0.8911961,0.22050321,-0.9325259,0.28596115,0.8808936,0.31627607,0.35213032,,0.10635878,1.3404375,0.44018373,0.99566346,0.012083302,-0.092240065,-0.051468555,-0.75440294,-0.6543907,-0.07749338,0.65630037,-0.75050956,,-0.08248754,0.26633292,-0.08123703,-0.9676526,-0.23151694,0.10024147,0.19573851,-0.4382752,0.8772692,-0.15916935,0.868513,0.4694149,,-0.03033506,0.3805356,-0.3463661,0.31613055,-0.13790058,-0.93863994,0.9087228,-0.2402195,0.34134647,-0.2725515,-0.96087354,0.049372684,,1.1946372710466637,0.37938697517915326,0.21011953497000002,3.9958515630410965,-0.2954081124928823,-1.2624117044953849,-0.41309714325359215,,-0.8653940004198502,-0.3005610407319437,0.22816129919000003,-2.851363851502562,-1.1742540789841953,1.0972777887475476,0.7963023224046113,,-0.04931645967666478,-0.06459245395474515,0.08431779928,-0.06509005378220696,,2.991408e-06,-3.0994415e-06,1.3113022e-06,1.0,-2.3022294e-05,-2.013892e-05,2.3018569e-05,0.99999994,-2.3543835e-06,2.0131469e-05,2.3543835e-06,1.0,142,0.43,0,0,0.0,False,-0.2631548101423209,0.9725080671154906
0.44612746499478817,14:00:21.494843,14:00:11.192566,0,,0.114810325,0.004421562,0.024284884,0.9380484,0.33218023,-0.098597586,0.017743006,0.23812833,0.9710715,0.34604967,-0.9126616,0.21748197,,0.06734555,-0.02129972,-0.00021576881,-0.41880807,0.17448014,0.8911545,0.22047657,-0.93246394,0.2861836,0.88090277,0.31633484,0.35205457,,0.10635878,1.3404375,0.44018373,0.99566346,0.012083302,-0.092240065,-0.051468555,-0.75440294,-0.6543907,-0.07749338,0.65630037,-0.75050956,,-0.08239344,0.2666104,-0.081641965,-0.9661823,-0.23583467,0.10427765,0.20132197,-0.43721673,0.8765335,-0.16112506,0.8678845,0.46990973,,-0.03035728,0.38053808,-0.34636578,0.3161263,-0.13813359,-0.9386071,0.908716,-0.24016409,0.3414035,-0.272579,-0.96085393,0.049602024,,1.1958651855736653,0.37966499356262534,0.20968657411000002,3.9895608647365606,-0.29909729798654916,-1.2599751722765653,-0.4122804229229209,,-0.8654866732143408,-0.3005610407319437,0.22816907693000002,-2.851154161559078,-1.1742540789841953,1.0967877163067041,0.7976090749336856,,-0.04931645967666478,-0.06459245395474515,0.08431779928,-0.06509005378220696,,2.991408e-06,-3.0994415e-06,1.3113022e-06,1.0,-2.3022294e-05,-2.013892e-05,2.3018569e-05,0.99999994,-2.3543835e-06,2.0131469e-05,2.3543835e-06,1.0,150,0.455,0,0,0.0,False,-0.261427056305211,0.9717355839030195
0.4813649519928731,14:00:21.515523,14:00:11.192566,0,,0.114764795,0.004380062,0.02460058,0.9352507,0.33951217,-0.10018824,0.017714866,0.2377842,0.97115636,0.3535426,-0.91004956,0.21637335,,0.06736149,-0.02129826,-0.00021088123,-0.41871032,0.17412952,0.891269,0.22044036,-0.93260074,0.28576553,0.8809583,0.31612477,0.3521043,,0.10635878,1.3404375,0.44018373,0.99566346,0.012083302,-0.092240065,-0.051468555,-0.75440294,-0.6543907,-0.07749338,0.65630037,-0.75050956,,-0.082379736,0.26678935,-0.08190888,-0.964122,-0.24339105,0.10596953,0.2063609,-0.4360667,0.87593436,-0.1669848,0.86637557,0.4706479,,-0.030373672,0.3805411,-0.34636727,0.31602648,-0.13775577,-0.9386962,0.9087325,-0.24037148,0.34121376,-0.27263996,-0.9608563,0.049219385,,1.196606567929591,0.37981172548723563,0.20941046434000002,3.984737996036416,-0.3063390324741175,-1.2575822092066993,-0.4127704551213238,,-0.8655484550773346,-0.3005610407319437,0.22817296580000002,-2.8507347816721085,-1.1742540789841953,1.0967877163067044,0.7979357630659542,,-0.04931645967666478,-0.06459245395474515,0.08431779928,-0.06509005378220696,,2.991408e-06,-3.0994415e-06,1.3113022e-06,1.0,-2.3022294e-05,-2.013892e-05,2.3018569e-05,0.99999994,-2.3543835e-06,2.0131469e-05,2.3543835e-06,1.0,158,0.479,0,0,0.0,False,-0.26202283349042155,0.9715907433006812
0.5020431239972822,14:00:21.544576,14:00:11.192566,0,,0.114740275,0.0043150187,0.0251645,0.92824996,0.3571899,-0.10376623,0.014617845,0.24372643,0.9697337,0.37166974,-0.90167224,0.22101757,,0.067384794,-0.021295443,-0.00020605326,-0.41863436,0.17361483,0.8914051,0.22039975,-0.93278885,0.28518227,0.8810045,0.3158527,0.35223275,,0.10635878,1.3404375,0.44018373,0.99566346,0.012083302,-0.092240065,-0.051468555,-0.75440294,-0.6543907,-0.07749338,0.65630037,-0.75050956,,-0.08241154,0.2671134,-0.082374536,-0.9589913,-0.26162118,0.109041825,0.21628761,-0.42683965,0.87808174,-0.18318142,0.86565715,0.4659209,,-0.030397473,0.38054392,-0.34636766,0.3159495,-0.13720551,-0.9388027,0.90874135,-0.24063864,0.34100172,-0.27269953,-0.9608682,0.048654668,,1.1978885415867122,0.38007429840495927,0.20893991107,3.9759310184100665,-0.32519486944174825,-1.2598491463669546,-0.4121170788567865,,-0.8656411278718253,-0.3005610407319437,0.22818074354000004,-2.8503154017851395,-1.1742540789841953,1.0969510737869854,0.797282386801417,,-0.04931645967666478,-0.06459245395474515,0.08431779928,-0.06509005378220696,,2.991408e-06,-3.0994415e-06,1.3113022e-06,1.0,-2.3022294e-05,-2.013892e-05,2.3018569e-05,0.99999994,-2.3543835e-06,2.0131469e-05,2.3543835e-06,1.0,169,0.513,0,0,0.0,False,-0.2620824112089424,0.9721701057100345
0.5310204910347238,14:00:21.569089,14:00:11.192566,0,,0.11468117,0.0042322576,0.025737122,0.92155415,0.37268642,-0.10882447,0.013399154,0.24959856,0.9682566,0.38801855,-0.8937591,0.22502482,,0.06741633,-0.021301255,-0.00020438433,-0.4173482,0.17249638,0.89222497,0.22138001,-0.93294144,0.2839212,0.8813689,0.31601495,0.35117415,,0.10635878,1.3404375,0.44018373,0.99566346,0.012083302,-0.092240065,-0.051468555,-0.75440294,-0.6543907,-0.07749338,0.65630037,-0.75050956,,-0.08241027,0.26743135,-0.08286151,-0.9539399,-0.2776383,0.11364678,0.2264387,-0.41787785,0.87983155,-0.19678445,0.8650405,0.46149844,,-0.030428544,0.38053855,-0.34637374,0.31456885,-0.13609977,-0.9394271,0.90940875,-0.240449,0.33935228,-0.27207008,-0.9610729,0.04813256,,1.1992014061753302,0.38025964399394063,0.20844861716000002,3.966285281009778,-0.3415912494136011,-1.261752922329669,-0.41064698226157814,,-0.8656642960704479,-0.3005610407319437,0.22818333612000002,-2.847379742576356,-1.1730243504863063,1.0952132039924525,0.7974457308675513,,-0.04931645967666478,-0.06459245395474515,0.08431779928,-0.06509005378220696,,2.991408e-06,-3.0994415e-06,1.3113022e-06,1.0,-2.3022294e-05,-2.013892e-05,2.3018569e-05,0.99999994,-2.3543835e-06,2.0131469e-05,2.3543835e-06,1.0,177,0.537,0,0,0.0,False,-0.2621419889274632,0.9730391493240649
0.5555822630412877,14:00:21.600996,14:00:11.401379,0,,0.11451807,0.0041441917,0.026264489,0.91839874,0.378882,-0.1139833,0.017260373,0.24944627,0.96823466,0.3952794,-0.891193,0.2225514,,0.067444056,-0.021311477,-0.00021260977,-0.4157756,0.17360796,0.89274347,0.22300981,-0.9321814,0.2851392,0.8817013,0.31764463,0.34886196,,0.10635878,1.3404375,0.44018373,0.99566346,0.012083302,-0.092240065,-0.051468555,-0.75440294,-0.6543907,-0.07749338,0.65630037,-0.75050956,,-0.08230131,0.26771992,-0.08332769,-0.95139265,-0.28405425,0.11901745,0.23425947,-0.41656548,0.8784052,-0.19993617,0.8635892,0.46285975,,-0.030454569,0.380523,-0.3463784,0.31286123,-0.13741267,-0.93980616,0.9103543,-0.23880714,0.33797362,-0.2708743,-0.9612954,0.050380707,,1.2005606071611938,0.3803909304528024,0.20796250841000002,3.957478303383428,-0.34705670940421873,-1.2577862786226557,-0.41195373479065234,,-0.8656411278718253,-0.3005687634648179,0.2281859287,-2.844234393424088,-1.17111143948959,1.0905495612153613,0.798425795264357,,-0.04931645967666478,-0.06459245395474515,0.08431779928,-0.06509005378220696,,2.991408e-06,-3.0994415e-06,1.3113022e-06,1.0,-2.3022294e-05,-2.013892e-05,2.3018569e-05,0.99999994,-2.3543835e-06,2.0131469e-05,2.3543835e-06,1.0,189,0.574,0,0,0.0,False,-0.26273776611267374,0.9731357097256239
0.5874968570424244,14:00:21.627404,14:00:11.401379,0,,0.11442975,0.004091248,0.026630953,0.914631,0.38694912,-0.1171341,0.019537628,0.24708518,0.9687967,0.40381718,-0.88838017,0.21843168,,0.067439236,-0.02131319,-0.0002090931,-0.4160175,0.17358917,0.8926344,0.22238538,-0.9323844,0.2849633,0.88174486,0.31705868,0.3492844,,0.10635878,1.3404375,0.44018373,0.99566346,0.012083302,-0.092240065,-0.051468555,-0.75440294,-0.6543907,-0.07749338,0.65630037,-0.75050956,,-0.082250245,0.2679256,-0.083643906,-0.94840366,-0.29241788,0.122565314,0.24175933,-0.4168285,0.8762456,-0.20514119,0.86066586,0.46601644,,-0.03044999,0.3805256,-0.3463816,0.31314105,-0.13732374,-0.93972594,0.9100938,-0.23940577,0.3382516,-0.27142578,-0.9611592,0.050009713,,1.2015027805718492,0.38045271231579625,0.2076397322,3.9495100855310166,-0.35429844389178705,-1.251962808466886,-0.4122804229229209,,-0.865633405138951,-0.30058420893056637,0.2281859287,-2.844444083367573,-1.1717946219884174,1.0910249719937029,0.7982624511982227,,-0.04931645967666478,-0.06459245395474515,0.08431779928,-0.06509005378220696,,2.991408e-06,-3.0994415e-06,1.3113022e-06,1.0,-2.3022294e-05,-2.013892e-05,2.3018569e-05,0.99999994,-2.3543835e-06,2.0131469e-05,2.3543835e-06,1.0,197,0.598,0,0,0.0,False,-0.26196325577190027,0.9726529077178292
0.6139163820189424,14:00:21.657953,14:00:11.401379,0,,0.11426065,0.004004389,0.027407914,0.904214,0.4069396,-0.12960395,0.024195269,0.25416756,0.96685743,0.42639372,-0.8773819,0.21997574,,0.06744157,-0.021324575,-0.0002105236,-0.41601688,0.17370762,0.8926117,0.2224375,-0.93232787,0.28510743,0.881732,0.31716,0.34922495,,0.10635878,1.3404375,0.44018373,0.99566346,0.012083302,-0.092240065,-0.051468555,-0.75440294,-0.6543907,-0.07749338,0.65630037,-0.75050956,,-0.08215936,0.2683799,-0.08429594,-0.9400861,-0.3131699,0.13476902,0.26058683,-0.4051166,0.8763419,-0.21984673,0.85895586,0.46245244,,-0.030451383,0.3805182,-0.34639058,0.313138,-0.137455,-0.93970776,0.91011006,-0.23930474,0.33827928,-0.2713747,-0.9611656,0.05016378,,1.2035724729821413,0.38055310784316115,0.20698380946000003,3.9295895408999866,-0.3739740998580105,-1.2506208035599022,-0.41244376698905527,,-0.865633405138951,-0.30063826806068594,0.2281859287,-2.844444083367573,-1.1717946219884174,1.0908616145134218,0.7979357630659542,,-0.04931645967666478,-0.06459245395474515,0.08431779928,-0.06509005378220696,,2.991408e-06,-3.0994415e-06,1.3113022e-06,1.0,-2.3022294e-05,-2.013892e-05,2.3018569e-05,0.99999994,-2.3543835e-06,2.0131469e-05,2.3543835e-06,1.0,205,0.623,0,0,0.0,False,-0.2622015666459845,0.9719769849069169
0.6444334129919298,14:00:21.686973,14:00:11.401379,0,,0.11418041,0.0039660037,0.02786778,0.8964103,0.42151275,-0.1370244,0.025292903,0.26000094,0.96527696,0.44250304,-0.86875,0.22240612,,0.06744881,-0.02133505,-0.000210464,-0.41580322,0.17321363,0.8928072,0.22243875,-0.9325096,0.28451174,0.8818325,0.316896,0.349211,,0.10635878,1.3404375,0.44018373,0.99566346,0.012083302,-0.092240065,-0.051468555,-0.75440294,-0.6543907,-0.07749338,0.65630037,-0.75050956,,-0.08212494,0.2686577,-0.08467147,-0.93384457,-0.32833868,0.14187343,0.27236617,-0.39567044,0.8770756,-0.23184273,0.8576938,0.45892304,,-0.030457841,0.38051194,-0.34639958,0.3129162,-0.1369265,-0.9398588,0.9101703,-0.23956418,0.33793342,-0.27142856,-0.96117646,0.049662933,,1.20483127844064,0.3805917215075323,0.2066156631,3.9172178342343997,-0.3891407513319744,-1.2509952997115272,-0.4121170788567865,,-0.865633405138951,-0.30068460445793127,0.22818722499000002,-2.843815013537119,-1.1717946219884174,1.0908616145134218,0.7979357630659542,,-0.04931645967666478,-0.06459245395474515,0.08431779928,-0.06509005378220696,,2.991408e-06,-3.0994415e-06,1.3113022e-06,1.0,-2.3022294e-05,-2.013892e-05,2.3018569e-05,0.99999994,-2.3543835e-06,2.0131469e-05,2.3543835e-06,1.0,216,0.657,0,0,0.0,False,-0.26255903295711036,0.9722183859108142
0.6734846290200949,14:00:21.712606,14:00:11.401379,0,,0.114007294,0.003936425,0.028474107,0.8872468,0.43780953,-0.14531347,0.027666286,0.2639413,0.9641418,0.46046472,-0.85945207,0.22206837,,0.067454144,-0.021350875,-0.00021272898,-0.41580775,0.1733887,0.8927711,0.22251219,-0.93242687,0.28472537,0.88181174,0.31704363,0.3491292,,0.10635878,1.3404375,0.44018373,0.99566346,0.012083302,-0.092240065,-0.051468555,-0.75440294,-0.6543907,-0.07749338,0.65630037,-0.75050956,,-0.082012,0.2690427,-0.08515881,-0.9263931,-0.34533957,0.15012144,0.28638262,-0.38727996,0.87635565,-0.24450125,0.854842,0.45767272,,-0.030461816,0.38050112,-0.34641188,0.31291753,-0.13712026,-0.9398301,0.9101917,-0.23941699,0.3379801,-0.2713552,-0.9611855,0.049887944,,1.2067465161934476,0.38065350337052606,0.20613214693,3.9017007784165445,-0.40581040430335813,-1.2476121579781343,-0.41326048731972653,,-0.8656411278718253,-0.30076183178667354,0.22818852128000003,-2.843815013537119,-1.1717946219884174,1.090616578293,0.7974457308675512,,-0.04931645967666478,-0.06459245395474515,0.08431779928,-0.06509005378220696,,2.991408e-06,-3.0994415e-06,1.3113022e-06,1.0,-2.3022294e-05,-2.013892e-05,2.3018569e-05,0.99999994,-2.3543835e-06,2.0131469e-05,2.3543835e-06,1.0,224,0.68,0,0,0.0,False,-0.26148663402373185,0.9720735453084759
0.699127594998572,14:00:21.741012,14:00:11.535542,0,,0.11383131,0.00396204,0.029046968,0.8754847,0.45847297,-0.15273878,0.030920103,0.2622752,0.96449745,0.4822557,-0.84912556,0.2154418,,0.06746517,-0.021369338,-0.00021088123,-0.41560462,0.1730117,0.8929388,0.22254835,-0.9325572,0.28426972,0.8818985,0.31686598,0.3490716,,0.10635878,1.3404375,0.44018373,0.99566346,0.012083302,-0.092240065,-0.051468555,-0.75440294,-0.6543907,-0.07749338,0.65630037,-0.75050956,,-0.08189143,0.26944715,-0.08558506,-0.9167008,-0.36694098,0.15815818,0.30369598,-0.3826066,0.87257147,-0.25966987,0.8479189,0.46217427,,-0.030471645,0.38049173,-0.34642866,0.31270498,-0.13671981,-0.93995917,0.9102598,-0.23959051,0.33767375,-0.271372,-0.9611993,0.04952939,,1.208785317672243,0.380684394302023,0.20571992671000003,3.882199613672484,-0.42575933326911247,-1.236327547187031,-0.41244376698905527,,-0.8656565733375737,-0.30084678184829,0.22818852128000003,-2.8431859437066658,-1.1717946219884174,1.090453220812719,0.7977724189998198,,-0.04931645967666478,-0.06459245395474515,0.08431779928,-0.06509005378220696,,2.991408e-06,-3.0994415e-06,1.3113022e-06,1.0,-2.3022294e-05,-2.013892e-05,2.3018569e-05,0.99999994,-2.3543835e-06,2.0131469e-05,2.3543835e-06,1.0,232,0.705,0,0,0.0,False,-0.2629164992682367,0.9731357097256239
0.7275243060430512,14:00:21.763362,14:00:11.535542,0,,0.113756716,0.003998935,0.029422149,0.8654375,0.47620645,-0.1557093,0.027901739,0.26449445,0.9639833,0.5002394,-0.838612,0.21561638,,0.067469716,-0.021384269,-0.00021183491,-0.4155328,0.17281961,0.8930094,0.22260082,-0.9326077,0.2840629,0.881919,0.31682217,0.34905928,,0.10635878,1.3404375,0.44018373,0.99566346,0.012083302,-0.092240065,-0.051468555,-0.75440294,-0.6543907,-0.07749338,0.65630037,-0.75050956,,-0.08185236,0.2697254,-0.08584722,-0.90852296,-0.3855366,0.16108248,0.31371757,-0.374768,0.87242776,-0.27598432,0.8431551,0.46143493,,-0.030475013,0.38048258,-0.34644088,0.31262803,-0.13652134,-0.94001365,0.9102961,-0.23963115,0.33754703,-0.2713389,-0.96121734,0.04935943,,1.2101831323224777,0.38069983976777144,0.20548659451,3.8710860466678043,-0.4452983527355704,-1.2326465979795271,-0.4108103263277123,,-0.8656565733375737,-0.300916286444158,0.22818852128000003,-2.8429762537631813,-1.1717946219884174,1.090453220812719,0.7977724189998198,,-0.04931645967666478,-0.06459245395474515,0.08431779928,-0.06509005378220696,,2.991408e-06,-3.0994415e-06,1.3113022e-06,1.0,-2.3022294e-05,-2.013892e-05,2.3018569e-05,0.99999994,-2.3543835e-06,2.0131469e-05,2.3543835e-06,1.0,240,0.729,0,0,0.0,False,-0.26196325577190027,0.9729425889225058
0.7498667160398327,14:00:21.793895,14:00:11.535542,0,,0.11365701,0.004057139,0.030107692,0.84484494,0.5087828,-0.16546036,0.02202791,0.2759236,0.960927,0.5345576,-0.81547916,0.22190508,,0.06747738,-0.021410868,-0.00021541119,-0.4153839,0.17266667,0.89310825,0.22269182,-0.93264073,0.28388336,0.88196623,0.31680864,0.3489524,,0.10635878,1.3404375,0.44018373,0.99566346,0.012083302,-0.092240065,-0.051468555,-0.75440294,-0.6543907,-0.07749338,0.65630037,-0.75050956,,-0.081817634,0.27022538,-0.086329035,-0.891508,-0.41985956,0.1700924,0.33281702,-0.35233128,0.8746974,-0.3073212,0.83640933,0.45384258,,-0.030480424,0.3804648,-0.34646168,0.31246927,-0.13636586,-0.940089,0.9103658,-0.23964173,0.33735135,-0.27128774,-0.96123683,0.04926215,,1.2125231203833675,0.3806921170348972,0.20507178171,3.8490686026019287,-0.48287339017106656,-1.2325545232755815,-0.41179039072451795,,-0.8656488506046995,-0.3010398501701456,0.22818981757000004,-2.842556873876212,-1.1717946219884174,1.090208184592297,0.7982624511982226,,-0.04931645967666478,-0.06459245395474515,0.08431779928,-0.06509005378220696,,2.991408e-06,-3.0994415e-06,1.3113022e-06,1.0,-2.3022294e-05,-2.013892e-05,2.3018569e-05,0.99999994,-2.3543835e-06,2.0131469e-05,2.3543835e-06,1.0,263,0.799,0,0,0.0,False,-0.2622015666459845,0.9731839899264032
0.7804098679916933,14:00:21.859050,14:00:11.653134,0,,0.113248356,0.0042023063,0.031601474,0.799472,0.57155526,-0.18484908,0.019002289,0.2835042,0.9587826,0.60040283,-0.7700324,0.21579269,,0.06749227,-0.021460518,-0.00021898746,-0.4151273,0.17202285,0.8933518,0.22272678,-0.9328617,0.28312868,0.8820782,0.316508,0.3489422,,0.10635878,1.3404375,0.44018373,0.99566346,0.012083302,-0.092240065,-0.051468555,-0.75440294,-0.6543907,-0.07749338,0.65630037,-0.75050956,,-0.08155104,0.27133673,-0.08738414,-0.85279846,-0.4864854,0.18991262,0.37590188,-0.31936392,0.8698876,-0.36253637,0.8132273,0.45522383,,-0.030491382,0.38043407,-0.34650213,0.31220132,-0.13568233,-0.9402769,0.9104483,-0.23993492,0.33692,-0.27131936,-0.9612604,0.048623748,,1.2178518060665826,0.38047588051441894,0.20416048984000001,3.7932910776350455,-0.5524213685516758,-1.2089227000510308,-0.412933799187458,,-0.8656411278718253,-0.30127153215637237,0.22819111386000002,-2.841718114102274,-1.1719312584881827,1.0901562450157123,0.7985891393304911,,-0.04931645967666478,-0.06459245395474515,0.08431779928,-0.06509005378220696,,2.991408e-06,-3.0994415e-06,1.3113022e-06,1.0,-2.3022294e-05,-2.013892e-05,2.3018569e-05,0.99999994,-2.3543835e-06,2.0131469e-05,2.3543835e-06,1.0,271,0.824,0,0,0.0,False,-0.2622015666459845,0.9732322701271827
0.8455671720439568,14:00:21.887741,14:00:11.653134,0,,0.11313952,0.0042297244,0.032099828,0.7816764,0.59421307,-0.18945411,0.013714999,0.28731552,0.9577377,0.6235335,-0.7512394,0.21643797,,0.06750631,-0.021486282,-0.00021719933,-0.41477647,0.17132041,0.8936497,0.22276387,-0.9331105,0.28227848,0.88223386,0.3161555,0.34886822,,0.10635878,1.3404375,0.44018373,0.99566346,0.012083302,-0.092240065,-0.051468555,-0.75440294,-0.6543907,-0.07749338,0.65630037,-0.75050956,,-0.08149004,0.27169055,-0.08774752,-0.8374711,-0.5107344,0.19440293,0.38794556,-0.30508217,0.8697259,-0.38489005,0.80378807,0.45363465,,-0.030503696,0.3804205,-0.34652513,0.3118355,-0.13493368,-0.940506,0.9105577,-0.24027951,0.3363785,-0.2713731,-0.9612797,0.047937218,,1.2195121936345408,0.3802673667268149,0.20387530604,3.77588681232583,-0.5798853050045292,-1.2024550557354596,-0.41244376698905527,,-0.8656488506046995,-0.3013873731494857,0.22819111386000002,-2.8406696643848517,-1.1719312584881827,1.0899928875354312,0.7989158274627597,,-0.04931645967666478,-0.06459245395474515,0.08431779928,-0.06509005378220696,,2.991408e-06,-3.0994415e-06,1.3113022e-06,1.0,-2.3022294e-05,-2.013892e-05,2.3018569e-05,0.99999994,-2.3543835e-06,2.0131469e-05,2.3543835e-06,1.0,279,0.848,0,0,0.0,False,-0.2618441003348577,0.9734253909303006
0.8742552869953215,14:00:21.911301,14:00:11.653134,0,,0.11297311,0.0042764843,0.032795385,0.7543494,0.6262244,-0.19697727,0.0045967996,0.2950077,0.9554837,0.65645707,-0.7216741,0.21966013,,0.06750675,-0.02150242,-0.0002207756,-0.41484112,0.17158891,0.89356816,0.22285417,-0.9329859,0.28261876,0.88218063,0.3163774,0.34880155,,0.10635878,1.3404375,0.44018373,0.99566346,0.012083302,-0.092240065,-0.051468555,-0.75440294,-0.6543907,-0.07749338,0.65630037,-0.75050956,,-0.08139024,0.27219138,-0.0882504,-0.81371206,-0.54521984,0.20151435,0.40397844,-0.2811853,0.8704805,-0.41794035,0.78972787,0.44906092,,-0.03050265,0.38040897,-0.34653693,0.31189844,-0.13523026,-0.9404425,0.9105675,-0.24005876,0.33650944,-0.2712677,-0.96129316,0.048262335,,1.2218830726269276,0.3798735073502294,0.20350456710000003,3.750514329164203,-0.620739618434396,-1.1949515844146472,-0.41113701445998085,,-0.8656411278718253,-0.301464600478228,0.22819111386000002,-2.840879354328336,-1.1719312584881827,1.0898295300551502,0.7985891393304911,,-0.04931645967666478,-0.06459245395474515,0.08431779928,-0.06509005378220696,,2.991408e-06,-3.0994415e-06,1.3113022e-06,1.0,-2.3022294e-05,-2.013892e-05,2.3018569e-05,0.99999994,-2.3543835e-06,2.0131469e-05,2.3543835e-06,1.0,287,0.873,0,0,0.0,False,-0.26255903295711036,0.9735219513318596
0.8977871090173721,14:00:21.931537,14:00:11.653134,0,,0.11282042,0.0042932034,0.033268288,0.73542815,0.6468874,-0.20169818,-0.002033949,0.2997704,0.95400906,0.67759967,-0.70119494,0.22177523,,0.06751009,-0.021518648,-0.00022274256,-0.41484022,0.1716228,0.893562,0.22292861,-0.9329486,0.28268322,0.88216233,0.31646907,0.34876487,,0.10635878,1.3404375,0.44018373,0.99566346,0.012083302,-0.092240065,-0.051468555,-0.75440294,-0.6543907,-0.07749338,0.65630037,-0.75050956,,-0.08128346,0.27252227,-0.08860585,-0.7971106,-0.56762016,0.2059662,0.4137511,-0.2649923,0.8709702,-0.43980077,0.7794783,0.4460816,,-0.030504636,0.38039842,-0.34654972,0.31189406,-0.13527529,-0.9404375,0.91059077,-0.23996584,0.33651283,-0.27119476,-0.96131,0.048336502,,1.2235897965921314,0.3794564797750213,0.20325049426000003,3.733319753798472,-0.6482035548872495,-1.1892190487603411,-0.4121170788567865,,-0.8656411278718253,-0.3015418278069702,0.22819111386000002,-2.840879354328336,-1.1719312584881827,1.0897478513150096,0.7987524833966255,,-0.04931645967666478,-0.06459245395474515,0.08431779928,-0.06509005378220696,,2.991408e-06,-3.0994415e-06,1.3113022e-06,1.0,-2.3022294e-05,-2.013892e-05,2.3018569e-05,0.99999994,-2.3543835e-06,2.0131469e-05,2.3543835e-06,1.0,295,0.897,0,0,0.0,False,-0.26178452261633733,0.9741013137412129
0.9180539580411278,14:00:21.961084,14:00:11.653134,0,,0.11249103,0.0043164194,0.033897653,0.71028477,0.67217726,-0.20898162,-0.0062353313,0.30288142,0.9530077,0.70388687,-0.6756039,0.21932325,,0.06751748,-0.021539778,-0.00022357702,-0.4145443,0.17110282,0.893799,0.222961,-0.93313473,0.2820424,0.8822931,0.31620157,0.3486764,,0.10635878,1.3404375,0.44018373,0.99566346,0.012083302,-0.092240065,-0.051468555,-0.75440294,-0.6543907,-0.07749338,0.65630037,-0.75050956,,-0.081015766,0.27296874,-0.08908972,-0.77474666,-0.595163,0.2134213,0.42900562,-0.24686682,0.86891365,-0.4644586,0.7647469,0.4465875,,-0.030510414,0.38038582,-0.3465673,0.3115855,-0.13472034,-0.9406194,0.9106832,-0.2402275,0.33607557,-0.27123886,-0.9613226,0.04783616,,1.226192357570745,0.37862242462460505,0.20290049596,3.7056406812585143,-0.6808596783311898,-1.1749236595381214,-0.4152206161133376,,-0.8656256824060768,-0.3016345006014609,0.22819111386000002,-2.840040594554398,-1.1719312584881827,1.0895844938347283,0.7990791715288941,,-0.04931645967666478,-0.06459245395474515,0.08431779928,-0.06509005378220696,,2.991408e-06,-3.0994415e-06,1.3113022e-06,1.0,-2.3022294e-05,-2.013892e-05,2.3018569e-05,0.99999994,-2.3543835e-06,2.0131469e-05,2.3543835e-06,1.0,310,0.943,1,1,0.0,False,-0.26273776611267374,0.9735219513318596
0.9475934630027041,14:00:21.999113,14:00:11.653134,0,,0.11216442,0.004327774,0.034498587,0.6808782,0.7010334,-0.2120308,-0.015961826,0.30363756,0.95265377,0.7322227,-0.64525694,0.21792987,,0.06752262,-0.021557078,-0.00022178888,-0.4144015,0.17089555,0.8939049,0.22300585,-0.93320024,0.28179026,0.88234895,0.31612045,0.3486088,,0.10635878,1.3404375,0.44018373,0.99566346,0.012083302,-0.092240065,-0.051468555,-0.75440294,-0.6543907,-0.07749338,0.65630037,-0.75050956,,-0.08074845,0.27338746,-0.08955996,-0.74849313,-0.62677854,0.21657954,0.44164607,-0.22752592,0.86785984,-0.49467844,0.74523866,0.44711587,,-0.030514486,0.38037774,-0.34658304,0.31143516,-0.13450217,-0.9407004,0.91073686,-0.24030568,0.33587432,-0.27123147,-0.96133363,0.047656447,,1.228771750350736,0.37748718289209404,0.20261660845,3.6781712986620416,-0.720347626763402,-1.1579978097761408,-0.4121170788567865,,-0.8656256824060768,-0.3017117279302031,0.22818852128000003,-2.839621214667429,-1.1719312584881827,1.0894211363544473,0.7990791715288941,,-0.04931645967666478,-0.06459245395474515,0.08431779928,-0.06509005378220696,,2.991408e-06,-3.0994415e-06,1.3113022e-06,1.0,-2.3022294e-05,-2.013892e-05,2.3018569e-05,0.99999994,-2.3543835e-06,2.0131469e-05,2.3543835e-06,1.0,331,1.008,0,1,0.015,False,-0.26243987752006825,0.9737150721349774
