Task Time,PC1 Time,PC2 Time,Gaze Calib,s_T_psm1,Tx,Ty,Tz,R00,R01,R02,R10,R11,R12,R20,R21,R22,s_T_psm3,Tx,Ty,Tz,R00,R01,R02,R10,R11,R12,R20,R21,R22,cart_T_ecm,Tx,Ty,Tz,R00,R01,R02,R10,R11,R12,R20,R21,R22,ecm_T_psm1,Tx,Ty,Tz,R00,R01,R02,R10,R11,R12,R20,R21,R22,ecm_T_psm3,Tx,Ty,Tz,R00,R01,R02,R10,R11,R12,R20,R21,R22,psm1_joints,q1,q2,q3,q4,q5,q6,jaw,psm3_joints,q1,q2,q3,q4,q5,q6,jaw,ecm_joints,q1,q2,q3,q4,ecmi_T_ecm,Tx,Ty,Tz,R00,R01,R02,R10,R11,R12,R20,R21,R22,Sample #,Task Duration (s),Collisions (binary),Collisions (increments),Cumulative Collision Time (s),Clutch Press,MTMR Angle,MTML Angle
""
lci_T_si,,,,,-0.06325326,0.014099291,0.23646986,0.99321187,-0.021149708,0.11438049,0.061731156,-0.73758954,-0.6724217,0.09858737,0.67491806,-0.7312771
rci_T_si,,,,,-0.0730827,0.018441333,0.2456533,0.991962,-0.042163182,0.11930484,0.052885953,-0.7184059,-0.6936109,0.114954144,0.6943452,-0.71040154
ecm_T_lc,,,,,-4.4061628e-05,-0.00034663224,-0.01840835,-0.99912,0.030754527,0.028518902,-0.031987965,-0.99852574,-0.043852776,0.027128186,-0.04472645,0.9986309
ecm_T_rc,,,,,-0.0043358393,0.01870579,-0.007592615,-0.99555075,-0.052743673,-0.078081585,0.04863213,-0.9973746,0.053654674,-0.08070653,0.04961868,0.9955021
cart_T_ecmi,,,,,0.10635596,1.3404362,0.44018698,0.9956651,0.012106441,-0.09221999,-0.051438015,-0.7544026,-0.6543935,-0.07749338,0.65630037,-0.75050956
ecmac_T_ecmrep_psm1,,,,,0.01038242,-0.2501324,-0.30762842,0.998145,0.0496832,0.035188068,-0.04731537,0.99675006,-0.06519635,-0.03831287,0.06341047,0.99725187
ecmac_T_ecmrep_psm3,,,,,-0.018947443,-0.4527795,-0.5580277,0.99342906,-0.031421527,0.110051684,0.0051236153,0.97282016,0.23150527,-0.11433475,-0.2294202,0.9665888
""
0,13:55:46.377882,13:55:36.174411,0,,0.11931197,-0.0014918,0.026463613,0.8463279,0.4226701,-0.32415915,0.42061037,-0.15689477,0.8935719,0.32682723,-0.89259964,-0.31056395,,0.07425316,-0.028521053,-0.007429898,-0.3497384,0.26391727,0.8989053,-0.031175375,-0.9622474,0.27038497,0.9363286,0.06654039,0.34476256,,0.106277056,1.3404417,0.44018015,0.9956698,0.012175478,-0.092160106,-0.051346898,-0.7544015,-0.65440196,-0.07749338,0.65630037,-0.75050956,,-0.08718365,0.26341477,-0.086773254,-0.861862,-0.33882812,0.37734523,0.4949009,-0.72441804,0.479887,0.1107565,0.6003449,0.79203475,,-0.03594436,0.3698645,-0.34877643,0.2598522,-0.20084338,-0.94453096,0.8160346,-0.47730038,0.32599357,-0.51629865,-0.85548013,0.0398676,,1.1545717328951868,0.379549152569512,0.20462715424000003,3.646717807139363,-0.060120059896793795,-0.807296034007229,-0.4243678838168574,,-0.8476703284735049,-0.32513477673772606,0.23824773168000002,-2.1073839320194696,-1.3920526596103073,0.39862840301169156,0.8769942910749452,,-0.04931645967666478,-0.06459899893944013,0.08431779928,-0.06509005378220696,,-7.83205e-05,-9.655952e-06,8.821487e-06,1.0,6.867945e-05,6.005913e-05,-6.868318e-05,1.0,7.0929527e-06,-6.0062855e-05,-7.0929527e-06,1.0,37,0.11,0,0,0.0,False,-0.25439688551972894,1.0513496349883464
0.12138842104468495,13:55:46.405175,13:55:36.174411,0,,0.119337395,-0.001470089,0.026503056,0.846309,0.42277178,-0.32407582,0.42050508,-0.15674555,0.8936477,0.32701164,-0.8925777,-0.31043288,,0.07413547,-0.028387986,-0.007460177,-0.35096505,0.26660258,0.8976339,-0.03163755,-0.9614415,0.27318385,0.93585396,0.06747913,0.34586692,,0.106277056,1.3404417,0.44018015,0.9956698,0.012175478,-0.092160106,-0.051346898,-0.7544015,-0.65440196,-0.07749338,0.65630037,-0.75050956,,-0.08721215,0.263456,-0.08678602,-0.8618639,-0.33892727,0.37725177,0.49494424,-0.7242959,0.48002672,0.11054777,0.60043633,0.7919946,,-0.035833944,0.36992228,-0.34864625,0.26114804,-0.20365614,-0.9435708,0.81553763,-0.47640446,0.32853785,-0.5164301,-0.85531455,0.041677155,,1.1545485646965643,0.3797808345557387,0.20460382102000002,3.646717807139363,-0.060120059896793795,-0.807296034007229,-0.4243678838168574,,-0.8473150827612905,-0.3246714127652726,0.23824902797000003,-2.1130455604935516,-1.3934190246079619,0.40145783559160775,0.876830947008811,,-0.04931645967666478,-0.06459899893944013,0.08431779928,-0.06509005378220696,,-7.83205e-05,-9.655952e-06,8.821487e-06,1.0,6.867945e-05,6.005913e-05,-6.868318e-05,1.0,7.0929527e-06,-6.0062855e-05,-7.0929527e-06,1.0,44,0.132,0,0,0.0,False,-0.2552309735790237,1.0513013547875674
0.14866366604110226,13:55:46.434198,13:55:36.174411,0,,0.11934489,-0.0014838874,0.026546136,0.84640104,0.42280453,-0.32379258,0.4202546,-0.15684536,0.89374804,0.32709536,-0.8925446,-0.3104397,,0.07403196,-0.028285794,-0.007487774,-0.35211283,0.2681825,0.8967133,-0.031517923,-0.9609246,0.2750102,0.9354267,0.06857216,0.34680638,,0.106277056,1.3404417,0.44018015,0.9956698,0.012175478,-0.092160106,-0.051346898,-0.7544015,-0.65440196,-0.07749338,0.65630037,-0.75050956,,-0.08722414,0.26347372,-0.08682656,-0.86197054,-0.3389658,0.37697342,0.49480748,-0.72435045,0.48008537,0.11032835,0.6003487,0.7920916,,-0.035735704,0.36996457,-0.34854388,0.2623202,-0.20536579,-0.94287485,0.81537503,-0.4753983,0.33039367,-0.51609266,-0.8554656,0.04274357,,1.1545331192308157,0.37983489368585827,0.20455974716000003,3.646927497082847,-0.06025669639655924,-0.8071846161035326,-0.4243678838168574,,-0.8470370643778184,-0.32439339438180054,0.23824643539,-2.119965328628541,-1.3943754801063197,0.40648505540479174,0.8771576351410795,,-0.04931645967666478,-0.06459899893944013,0.08431779928,-0.06509005378220696,,-7.83205e-05,-9.655952e-06,8.821487e-06,1.0,6.867945e-05,6.005913e-05,-6.868318e-05,1.0,7.0929527e-06,-6.0062855e-05,-7.0929527e-06,1.0,52,0.156,0,0,0.0,False,-0.2548735072678969,1.0506737121774343
0.17770682100672275,13:55:46.454399,13:55:36.174411,0,,0.119350955,-0.0015106648,0.026533186,0.8463797,0.42284653,-0.3237935,0.42031792,-0.15697351,0.8936957,0.32706913,-0.8925023,-0.31058922,,0.07394506,-0.0282275,-0.0075270534,-0.35166067,0.26580456,0.8975983,-0.0316267,-0.96166795,0.27238673,0.9355931,0.06739971,0.34658733,,0.106277056,1.3404417,0.44018015,0.9956698,0.012175478,-0.092160106,-0.051346898,-0.7544015,-0.65440196,-0.07749338,0.65630037,-0.75050956,,-0.08722968,0.2634448,-0.08683404,-0.86194503,-0.33901525,0.37698728,0.49483865,-0.7244205,0.4799476,0.110387765,0.60023636,0.7921685,,-0.035649754,0.36997208,-0.34847283,0.26186296,-0.20284025,-0.94354844,0.8154053,-0.47649536,0.32873446,-0.516277,-0.8554578,0.040620536,,1.1544250009705765,0.3797190526927449,0.20455845087000002,3.646927497082847,-0.06025669639655924,-0.8071846161035326,-0.4243678838168574,,-0.8466354822683587,-0.32409220779970577,0.23824513910000003,-2.120175018572026,-1.3942388436065543,0.4096407871067178,0.877484323273348,,-0.04931645967666478,-0.06459899893944013,0.08431779928,-0.06509005378220696,,-7.83205e-05,-9.655952e-06,8.821487e-06,1.0,6.867945e-05,6.005913e-05,-6.868318e-05,1.0,7.0929527e-06,-6.0062855e-05,-7.0929527e-06,1.0,60,0.181,0,0,0.0,False,-0.25493308498641865,1.0508668329805522
0.19790810003178194,13:55:46.483891,13:55:36.274948,0,,0.119357675,-0.0015234351,0.026533842,0.8463656,0.4228568,-0.32381707,0.42033774,-0.1569494,0.8936906,0.3270803,-0.8925016,-0.3105793,,0.073781,-0.02813176,-0.0076054335,-0.35103574,0.26800016,0.89719,-0.031440884,-0.960999,0.27475896,0.9358341,0.068241835,0.3457711,,0.106277056,1.3404417,0.44018015,0.9956698,0.012175478,-0.092160106,-0.051346898,-0.7544015,-0.65440196,-0.07749338,0.65630037,-0.75050956,,-0.08723678,0.26343536,-0.08684235,-0.8619315,-0.33902487,0.37700963,0.49486148,-0.7244024,0.47995132,0.11039124,0.6002527,0.79215556,,-0.03548608,0.36997527,-0.34834865,0.26120633,-0.20514789,-0.94323146,0.81563187,-0.4756946,0.3293316,-0.5162518,-0.8553531,0.043070726,,1.1543632191075828,0.37968816176124803,0.20455196942,3.646927497082847,-0.06025669639655924,-0.8072662948436732,-0.42420453975072303,,-0.8459018226453074,-0.32365201202587496,0.23824384281000002,-2.1224816079503555,-1.3939655706070233,0.4098263450000278,0.8769942910749453,,-0.04931645967666478,-0.06459899893944013,0.08431779928,-0.06509005378220696,,-7.83205e-05,-9.655952e-06,8.821487e-06,1.0,6.867945e-05,6.005913e-05,-6.868318e-05,1.0,7.0929527e-06,-6.0062855e-05,-7.0929527e-06,1.0,68,0.204,0,0,0.0,False,-0.2549926627049395,1.050963393382111
0.22737690701615065,13:55:46.505763,13:55:36.274948,0,,0.11935201,-0.0015081167,0.026552364,0.8463826,0.42282164,-0.3238183,0.42029077,-0.1568529,0.89372957,0.3270964,-0.8925352,-0.31046572,,0.07367189,-0.028066136,-0.007657647,-0.35098526,0.27105916,0.89629024,-0.031140745,-0.96003497,0.2781424,0.935863,0.06971282,0.34539908,,0.106277056,1.3404417,0.44018015,0.9956698,0.012175478,-0.092160106,-0.051346898,-0.7544015,-0.65440196,-0.07749338,0.65630037,-0.75050956,,-0.0872325,0.26345932,-0.08684656,-0.86195135,-0.33898395,0.37700102,0.49483615,-0.72435063,0.48005557,0.11034979,0.6003383,0.7920965,,-0.03537735,0.3699783,-0.34826434,0.26113233,-0.20839374,-0.94254017,0.81580704,-0.47431082,0.33088988,-0.5160124,-0.85533696,0.0461512,,1.1544481691691992,0.3797731118228645,0.20454289539,3.646927497082847,-0.06025669639655924,-0.8072662948436732,-0.42420453975072303,,-0.8454539041386024,-0.323412607306774,0.23824513910000003,-2.125836647046108,-1.3939655706070233,0.4098263450000278,0.8769942910749453,,-0.04931645967666478,-0.06459899893944013,0.08431779928,-0.06509005378220696,,-7.83205e-05,-9.655952e-06,8.821487e-06,1.0,6.867945e-05,6.005913e-05,-6.868318e-05,1.0,7.0929527e-06,-6.0062855e-05,-7.0929527e-06,1.0,75,0.226,0,0,0.0,False,-0.2546351963938136,1.0510116735828905
0.24925454903859645,13:55:46.528454,13:55:36.274948,0,,0.11934082,-0.0015044808,0.026565745,0.8464016,0.42276734,-0.32383958,0.42027676,-0.15680781,0.8937441,0.3270653,-0.8925689,-0.31040168,,0.07352548,-0.027993761,-0.0077331066,-0.3511031,0.27646875,0.89459026,-0.030219167,-0.95826304,0.28428632,0.9358491,0.07278013,0.34480378,,0.106277056,1.3404417,0.44018015,0.9956698,0.012175478,-0.092160106,-0.051346898,-0.7544015,-0.65440196,-0.07749338,0.65630037,-0.75050956,,-0.087222554,0.26347136,-0.086855166,-0.8619676,-0.3389254,0.3770164,0.49480426,-0.7243366,0.48010957,0.11036545,0.6003882,0.79205644,,-0.03522984,0.3699697,-0.3481617,0.26118597,-0.21418305,-0.9412266,0.8162902,-0.47143507,0.33379525,-0.5152205,-0.8554967,0.051703285,,1.154502228299319,0.3797731118228645,0.20453122878000002,3.646927497082847,-0.06025669639655924,-0.8072662948436732,-0.42420453975072303,,-0.8448824219059098,-0.32323498445066684,0.23824773168000002,-2.1325467252376127,-1.393828934107258,0.4102866782773153,0.877320979207214,,-0.04931645967666478,-0.06459899893944013,0.08431779928,-0.06509005378220696,,-7.83205e-05,-9.655952e-06,8.821487e-06,1.0,6.867945e-05,6.005913e-05,-6.868318e-05,1.0,7.0929527e-06,-6.0062855e-05,-7.0929527e-06,1.0,83,0.25,0,0,0.0,False,-0.2545756186752919,1.0507219923782136
0.27190490101929754,13:55:46.553819,13:55:36.274948,0,,0.11933847,-0.0015168786,0.026561826,0.8463991,0.422763,-0.3238518,0.42030743,-0.15686068,0.8937204,0.32703233,-0.8925616,-0.31045726,,0.0734621,-0.027968742,-0.007763624,-0.3515227,0.27960712,0.89344937,-0.029642433,-0.95720273,0.28789625,0.93570995,0.07471812,0.3447667,,0.106277056,1.3404417,0.44018015,0.9956698,0.012175478,-0.092160106,-0.051346898,-0.7544015,-0.65440196,-0.07749338,0.65630037,-0.75050956,,-0.087220185,0.26345956,-0.08686064,-0.8619611,-0.33892325,0.37703326,0.49480566,-0.7243714,0.48005566,0.110410094,0.6003475,0.7920811,,-0.035165746,0.36996448,-0.34812376,0.26157543,-0.21755914,-0.94034374,0.81652343,-0.4696159,0.33578327,-0.5146531,-0.8556453,0.054802153,,1.154502228299319,0.37972677542561917,0.20452993249,3.646927497082847,-0.06025669639655924,-0.8072662948436732,-0.42420453975072303,,-0.8446739081183058,-0.3232427071835411,0.23824773168000002,-2.137159903994272,-1.3939655706070233,0.4111332048422769,0.8766676029426768,,-0.04931645967666478,-0.06459899893944013,0.08431779928,-0.06509005378220696,,-7.83205e-05,-9.655952e-06,8.821487e-06,1.0,6.867945e-05,6.005913e-05,-6.868318e-05,1.0,7.0929527e-06,-6.0062855e-05,-7.0929527e-06,1.0,91,0.274,0,0,0.0,False,-0.2545756186752919,1.0504805913743163
0.2973174310172908,13:55:46.575185,13:55:36.274948,0,,0.11934166,-0.0015176088,0.026563033,0.8463947,0.42277774,-0.32384405,0.42030525,-0.15686229,0.8937212,0.3270465,-0.89255434,-0.31046316,,0.073451936,-0.027981825,-0.0077807307,-0.3509213,0.28011972,0.8935252,-0.029202878,-0.9570178,0.28855553,0.93594956,0.07516688,0.34401822,,0.106277056,1.3404417,0.44018015,0.9956698,0.012175478,-0.092160106,-0.051346898,-0.7544015,-0.65440196,-0.07749338,0.65630037,-0.75050956,,-0.087223485,0.26345968,-0.08686173,-0.86195815,-0.33893868,0.37702614,0.4948136,-0.7243684,0.480052,0.11039762,0.6003424,0.7920867,,-0.03515309,0.36994436,-0.3481258,0.2609245,-0.21812408,-0.9403937,0.81688404,-0.46920094,0.33548614,-0.5144112,-0.85572916,0.05575606,,1.1544867828335703,0.37973449815849336,0.20452863620000003,3.646927497082847,-0.06025669639655924,-0.8072662948436732,-0.42420453975072303,,-0.844581235323815,-0.3232813208479122,0.23824902797000003,-2.1367405241073034,-1.3932823881081962,0.41008604288295125,0.8771576351410797,,-0.04931645967666478,-0.06459899893944013,0.08431779928,-0.06509005378220696,,-7.83205e-05,-9.655952e-06,8.821487e-06,1.0,6.867945e-05,6.005913e-05,-6.868318e-05,1.0,7.0929527e-06,-6.0062855e-05,-7.0929527e-06,1.0,106,0.32,0,0,0.0,False,-0.2544564632382502,1.0503840309727575
0.3186957300058566,13:55:46.614948,13:55:36.404697,0,,0.119348064,-0.0015142262,0.026588783,0.8465021,0.422684,-0.32368565,0.42010736,-0.15687233,0.8938124,0.32702294,-0.89259696,-0.31036556,,0.07356079,-0.028109632,-0.007766813,-0.34724957,0.27452928,0.8966892,-0.03026706,-0.95897305,0.28187695,0.9372842,0.070741594,0.34131217,,0.106277056,1.3404417,0.44018015,0.9956698,0.012175478,-0.092160106,-0.051346898,-0.7544015,-0.65440196,-0.07749338,0.65630037,-0.75050956,,-0.087232254,0.2634789,-0.08687811,-0.86206824,-0.33884162,0.3768617,0.49464488,-0.72440004,0.4801781,0.11029431,0.60035896,0.79208857,,-0.035253532,0.36987656,-0.3482428,0.25722572,-0.21201238,-0.9428073,0.8170215,-0.47329813,0.32933983,-0.5160531,-0.85500854,0.051474225,,1.1544945055664446,0.3798194482201098,0.20450789556,3.6471371870263325,-0.06025669639655924,-0.8072662948436732,-0.42420453975072303,,-0.844581235323815,-0.3232813208479122,0.23824902797000003,-2.1180781191371807,-1.3909595676121838,0.39879888340394765,0.876830947008811,,-0.04931645967666478,-0.06459899893944013,0.08431779928,-0.06509005378220696,,-7.83205e-05,-9.655952e-06,8.821487e-06,1.0,6.867945e-05,6.005913e-05,-6.868318e-05,1.0,7.0929527e-06,-6.0062855e-05,-7.0929527e-06,1.0,110,0.332,0,0,0.0,False,-0.2533840643048717,1.0503840309727575
0.35843213100451976,13:55:46.634577,13:55:36.404697,0,,0.119344845,-0.001526773,0.026592225,0.84649193,0.42281651,-0.32353905,0.42006412,-0.15704414,0.89380264,0.3271046,-0.89250404,-0.3105468,,0.0736124,-0.02816128,-0.007749766,-0.34604675,0.27396274,0.8973272,-0.031471252,-0.9592685,0.28073743,0.9376893,0.068908334,0.34057367,,0.106277056,1.3404417,0.44018015,0.9956698,0.012175478,-0.092160106,-0.051346898,-0.7544015,-0.65440196,-0.07749338,0.65630037,-0.75050956,,-0.087229736,0.2634719,-0.08688926,-0.8620672,-0.33898717,0.376733,0.4946667,-0.7244734,0.4800449,0.11020398,0.60018826,0.7922305,,-0.035302788,0.3698579,-0.34829617,0.2560772,-0.21125364,-0.9432902,0.8165928,-0.47493386,0.32804573,-0.5173013,-0.854289,0.050888464,,1.1544867828335703,0.37976538908999025,0.20449882153,3.6471371870263325,-0.060393332896324675,-0.8070731981998363,-0.4243678838168574,,-0.8445966807895635,-0.3232195389849184,0.23824902797000003,-2.108642071680377,-1.3906862946126528,0.3907348885430607,0.876177570744274,,-0.04931645967666478,-0.06459899893944013,0.08431779928,-0.06509005378220696,,-7.83205e-05,-9.655952e-06,8.821487e-06,1.0,6.867945e-05,6.005913e-05,-6.868318e-05,1.0,7.0929527e-06,-6.0062855e-05,-7.0929527e-06,1.0,118,0.357,0,0,0.0,False,-0.2326510182595518,1.0501909101696396
0.378085557022132,13:55:46.656563,13:55:36.404697,0,,0.11933616,-0.0015385151,0.026594356,0.84649944,0.42278218,-0.32356444,0.4200914,-0.1570799,0.89378357,0.32705033,-0.892514,-0.31057525,,0.07361111,-0.02815675,-0.007742524,-0.34630486,0.27798045,0.89599097,-0.032238692,-0.9580523,0.28477454,0.93756795,0.06973329,0.34073985,,0.106277056,1.3404417,0.44018015,0.9956698,0.012175478,-0.092160106,-0.051346898,-0.7544015,-0.65440196,-0.07749338,0.65630037,-0.75050956,,-0.08722162,0.26346487,-0.08689938,-0.86206865,-0.33895308,0.37676048,0.49465108,-0.7245053,0.4800129,0.11026312,0.600169,0.7922368,,-0.03530252,0.36986655,-0.3482961,0.25639898,-0.21540733,-0.9422628,0.8161202,-0.47407758,0.33045152,-0.51788735,-0.8537272,0.054245263,,1.154502228299319,0.3797036072269965,0.20449104379000002,3.6471371870263325,-0.060393332896324675,-0.8070731981998363,-0.4220810668909777,,-0.8445657898580666,-0.3231268661904277,0.23824902797000003,-2.1065451722455317,-1.3915061136112454,0.38454238179343214,0.8763409148104081,,-0.04931645967666478,-0.06459899893944013,0.08431779928,-0.06509005378220696,,-7.83205e-05,-9.655952e-06,8.821487e-06,1.0,6.867945e-05,6.005913e-05,-6.868318e-05,1.0,7.0929527e-06,-6.0062855e-05,-7.0929527e-06,1.0,126,0.382,0,0,0.0,False,-0.07447217558620833,1.0505771517758753
0.40005784801905975,13:55:46.678864,13:55:36.404697,0,,0.11933705,-0.0015362799,0.026600033,0.8465001,0.42267886,-0.32369763,0.42007995,-0.15676841,0.89384353,0.3270632,-0.8926177,-0.31026348,,0.07358214,-0.028134994,-0.007742256,-0.3472495,0.2799541,0.89501035,-0.03288406,-0.9574481,0.28672585,0.93719614,0.070133954,0.3416794,,0.106277056,1.3404417,0.44018015,0.9956698,0.012175478,-0.092160106,-0.051346898,-0.7544015,-0.65440196,-0.07749338,0.65630037,-0.75050956,,-0.08722299,0.26347026,-0.08690207,-0.8620709,-0.33883157,0.3768646,0.49465096,-0.7243355,0.48026922,0.11024602,0.6004426,0.7920319,,-0.03527531,0.36988154,-0.34827748,0.2574179,-0.21744779,-0.94151604,0.815581,-0.47365737,0.33237976,-0.5182313,-0.85344315,0.055418413,,1.154509951032193,0.37972677542561917,0.20448715492000002,3.6471371870263325,-0.060393332896324675,-0.8073999131603984,-0.4175074330392179,,-0.8444808397964502,-0.3230650843274339,0.23824902797000003,-2.1080130018499235,-1.392599205609369,0.38388182896033257,0.8761775707442739,,-0.04931645967666478,-0.06459899893944013,0.08431779928,-0.06509005378220696,,-7.83205e-05,-9.655952e-06,8.821487e-06,1.0,6.867945e-05,6.005913e-05,-6.868318e-05,1.0,7.0929527e-06,-6.0062855e-05,-7.0929527e-06,1.0,134,0.405,0,0,0.0,False,0.10223533754717584,1.0505288715750958
0.422371112043038,13:55:46.704536,13:55:36.404697,0,,0.11935048,-0.0015299916,0.02661474,0.8464368,0.4225182,-0.32407293,0.41970778,-0.15483248,0.89435565,0.32770452,-0.8930316,-0.3083902,,0.0735353,-0.028112091,-0.007766664,-0.34732425,0.2805377,0.8947985,-0.03280613,-0.95725334,0.28738454,0.9371711,0.070460856,0.34168062,,0.106277056,1.3404417,0.44018015,0.9956698,0.012175478,-0.092160106,-0.051346898,-0.7544015,-0.65440196,-0.07749338,0.65630037,-0.75050956,,-0.087237604,0.2634841,-0.08690766,-0.86208004,-0.33857793,0.37707165,0.49479714,-0.7231483,0.4819049,0.10951637,0.60201454,0.7909391,,-0.035228074,0.36987844,-0.34824473,0.257489,-0.21807219,-0.9413522,0.81560946,-0.4733486,0.33274966,-0.51815116,-0.8534551,0.055979677,,1.1544945055664446,0.37978855728861294,0.20447808089000002,3.6471371870263325,-0.06107651539515188,-0.8092931858461332,-0.3979061451031043,,-0.8442800487417202,-0.32298785699869165,0.23825162055000002,-2.109480831454315,-1.3927358421091345,0.38472835552529444,0.8765042588765425,,-0.04931645967666478,-0.06459899893944013,0.08431779928,-0.06509005378220696,,-7.83205e-05,-9.655952e-06,8.821487e-06,1.0,6.867945e-05,6.005913e-05,-6.868318e-05,1.0,7.0929527e-06,-6.0062855e-05,-7.0929527e-06,1.0,142,0.43,0,0,0.0,False,0.33035842176421193,1.0499977893665218
0.44800908101024106,13:55:46.731232,13:55:36.404697,0,,0.119367,-0.0015300512,0.026621208,0.84624165,0.4230198,-0.32392785,0.41855288,-0.15161595,0.89544725,0.32967934,-0.89334595,-0.30536002,,0.0734958,-0.028111659,-0.0077938735,-0.34691173,0.28033763,0.89502126,-0.032654136,-0.95731604,0.28719276,0.93732923,0.07040453,0.3412583,,0.106277056,1.3404417,0.44018015,0.9956698,0.012175478,-0.092160106,-0.051346898,-0.7544015,-0.65440196,-0.07749338,0.65630037,-0.75050956,,-0.08725466,0.2634876,-0.08691101,-0.8621086,-0.33895716,0.37666547,0.49524066,-0.72096264,0.48471594,0.107263796,0.6044178,0.78941345,,-0.035186272,0.36986032,-0.34822965,0.25705358,-0.21786375,-0.94151944,0.81577355,-0.47340524,0.33226648,-0.5181091,-0.85347694,0.056036975,,1.1544790601006962,0.3797499436242418,0.20447419202000003,3.6471371870263325,-0.06339933589116437,-0.8121364484114467,-0.3662173962730543,,-0.8440560894883677,-0.32295696606719476,0.23825291684000002,-2.1092711415108303,-1.3924625691096035,0.38483223467846356,0.8761775707442738,,-0.04931645967666478,-0.06459899893944013,0.08431779928,-0.06509005378220696,,-7.83205e-05,-9.655952e-06,8.821487e-06,1.0,6.867945e-05,6.005913e-05,-6.868318e-05,1.0,7.0929527e-06,-6.0062855e-05,-7.0929527e-06,1.0,153,0.463,0,0,0.0,False,0.42157190881991413,1.0505771517758753
0.47468377504264936,13:55:46.766887,13:55:36.571163,0,,0.11937648,-0.0015238225,0.026627645,0.84608614,0.4238305,-0.32327396,0.4175893,-0.15009147,0.8961537,0.33129665,-0.8932191,-0.30397752,,0.07346098,-0.028126158,-0.007819891,-0.34659052,0.280143,0.89520663,-0.032557458,-0.957379,0.28699398,0.9374514,0.070323855,0.3409392,,0.106277056,1.3404417,0.44018015,0.9956698,0.012175478,-0.092160106,-0.051346898,-0.7544015,-0.65440196,-0.07749338,0.65630037,-0.75050956,,-0.087264545,0.26349613,-0.08691085,-0.86213654,-0.33973354,0.3759012,0.4955904,-0.7197695,0.48612967,0.10540766,0.6054032,0.78890824,,-0.035148196,0.3698349,-0.34822792,0.2567162,-0.21765834,-0.941659,0.8158892,-0.47348318,0.33187124,-0.51809424,-0.8534861,0.05603428,,1.154502228299319,0.37973449815849336,0.20447289573000002,3.6471371870263325,-0.06531224688788054,-0.8131903174441947,-0.3227678746813357,,-0.8438398529678895,-0.32298785699869165,0.23825421313000003,-2.1088517616238613,-1.3923259326098383,0.38472081677476727,0.8761775707442738,,-0.04931645967666478,-0.06459899893944013,0.08431779928,-0.06509005378220696,,-7.83205e-05,-9.655952e-06,8.821487e-06,1.0,6.867945e-05,6.005913e-05,-6.868318e-05,1.0,7.0929527e-06,-6.0062855e-05,-7.0929527e-06,1.0,165,0.5,0,0,0.0,False,0.5672394306038404,1.0503840309727575
0.5103588520432822,13:55:46.798492,13:55:36.571163,0,,0.119370036,-0.0015182048,0.026642606,0.8461945,0.423227,-0.32378033,0.4173517,-0.14858896,0.8965148,0.33131906,-0.8937563,-0.30236983,,0.07343632,-0.028115109,-0.007797301,-0.34655398,0.27985352,0.8953113,-0.032605946,-0.9574762,0.28666386,0.93746316,0.07015213,0.34094203,,0.106318116,1.340439,0.4401841,0.995668,0.012149359,-0.09218276,-0.051381372,-0.7544019,-0.65439874,-0.07749338,0.65630037,-0.75050956,,-0.08729527,0.26350728,-0.0869126,-0.86223793,-0.33904436,0.37629062,0.49544483,-0.7189595,0.48747474,0.10526215,0.6067505,0.787892,,-0.035165668,0.3698574,-0.3482254,0.2566916,-0.21737938,-0.94173014,0.81586146,-0.47364143,0.33171356,-0.5181501,-0.8534694,0.055771682,,1.154502228299319,0.3797499436242418,0.20447419202000003,3.647346876969817,-0.06544888338764597,-0.8148758318235907,-0.2675575803279494,,-0.8437549029062731,-0.32298785699869165,0.23825291684000002,-2.1084323817368924,-1.3923259326098383,0.38463913803462674,0.8763409148104082,,-0.04931645967666478,-0.06459899893944013,0.08431779928,-0.06509005378220696,,-3.759563e-05,-4.4107437e-06,3.8146973e-06,1.0,4.2695552e-05,3.7331134e-05,-4.2699277e-05,1.0,4.3809414e-06,-3.7338585e-05,-4.4107437e-06,1.0,173,0.525,0,0,0.0,False,0.6632787128597455,1.0503840309727575
0.5419648110400885,13:55:46.825803,13:55:36.571163,0,,0.119364016,-0.0015289783,0.026636675,0.8471664,0.42256358,-0.32210097,0.41582733,-0.14991781,0.89700174,0.3307516,-0.89384824,-0.30271897,,0.07343248,-0.028112054,-0.0078018904,-0.3464334,0.28002492,0.8953043,-0.0325315,-0.9574186,0.28686458,0.9375104,0.07025397,0.34079137,,0.106318116,1.340439,0.4401841,0.995668,0.012149359,-0.09218276,-0.051381372,-0.7544019,-0.65439874,-0.07749338,0.65630037,-0.75050956,,-0.08728901,0.26349553,-0.08691583,-0.8631927,-0.33841246,0.374667,0.4938848,-0.7199892,0.48753807,0.10476724,0.60588163,0.7886262,,-0.035161644,0.3698556,-0.34822038,0.2565621,-0.21756336,-0.9417229,0.8159259,-0.4735456,0.3316919,-0.5181128,-0.8534757,0.056021705,,1.154509951032193,0.3796727162954996,0.20447419202000003,3.6492340864611776,-0.06572215638717686,-0.8140812448352139,-0.2063035555275946,,-0.8437317347076504,-0.3229724115329432,0.23825421313000003,-2.1084323817368924,-1.3921892961100728,0.3844460413907897,0.8761775707442739,,-0.04931645967666478,-0.06459899893944013,0.08431779928,-0.06509005378220696,,-3.759563e-05,-4.4107437e-06,3.8146973e-06,1.0,4.2695552e-05,3.7331134e-05,-4.2699277e-05,1.0,4.3809414e-06,-3.7338585e-05,-4.4107437e-06,1.0,181,0.548,0,0,0.0,False,0.7503813373374961,1.0506254319766548
0.5692943350295536,13:55:46.850148,13:55:36.571163,0,,0.11932048,-0.0015519857,0.026616096,0.8499236,0.41635156,-0.32292613,0.41527408,-0.15208527,0.8968932,0.32431054,-0.89639366,-0.302161,,0.073437855,-0.028116077,-0.007801056,-0.34637338,0.27950352,0.89549047,-0.032620043,-0.95759356,0.28627,0.93752944,0.069945484,0.3408023,,0.106318116,1.340439,0.4401841,0.995668,0.012149359,-0.09218276,-0.051381372,-0.7544019,-0.65439874,-0.07749338,0.65630037,-0.75050956,,-0.087244354,0.26346654,-0.08691963,-0.8653302,-0.33204675,0.37543118,0.4891045,-0.72302806,0.48785985,0.109455,0.60578495,0.7880636,,-0.03516677,0.36985356,-0.34822428,0.25650692,-0.21700384,-0.94186705,0.8158887,-0.47383586,0.33136874,-0.51819867,-0.85345703,0.055508792,,1.1545176737650673,0.37965727082975115,0.20447678460000002,3.653637575274353,-0.06025669639655924,-0.8151891326373077,-0.11532091069080108,,-0.8437394574405246,-0.3229724115329432,0.23825550942,-2.107803311906439,-1.3921892961100728,0.3844460413907897,0.8761775707442739,,-0.04931645967666478,-0.06459899893944013,0.08431779928,-0.06509005378220696,,-3.759563e-05,-4.4107437e-06,3.8146973e-06,1.0,4.2695552e-05,3.7331134e-05,-4.2699277e-05,1.0,4.3809414e-06,-3.7338585e-05,-4.4107437e-06,1.0,196,0.594,0,0,0.0,False,0.8305729464668068,1.0510116735828905
0.5936578260152601,13:55:46.887912,13:55:36.571163,0,,0.11928485,-0.0015792847,0.026598126,0.85350275,0.40924057,-0.32257587,0.41349083,-0.15517643,0.89718753,0.31710938,-0.8991343,-0.30166084,,0.073440045,-0.028120786,-0.007803768,-0.34637642,0.2796388,0.895447,-0.032597363,-0.95754856,0.28642315,0.9375291,0.07002112,0.34078774,,0.106318116,1.340439,0.4401841,0.995668,0.012149359,-0.09218276,-0.051381372,-0.7544019,-0.65439874,-0.07749338,0.65630037,-0.75050956,,-0.087207936,0.26343575,-0.08692749,-0.8682466,-0.32479355,0.37504265,0.48286456,-0.72685045,0.48839557,0.113972194,0.6051426,0.7879167,,-0.035168353,0.36984855,-0.34822688,0.2565084,-0.21714856,-0.94183326,0.8159006,-0.47376445,0.3314415,-0.5181792,-0.8534599,0.05564708,,1.1544790601006962,0.37965727082975115,0.20447548831,3.6597185836354034,-0.05465459990617618,-0.8159183659022546,-0.02629839464761885,,-0.8437394574405246,-0.3229955797315659,0.23825810200000003,-2.107803311906439,-1.3921892961100728,0.3842826839105086,0.8765042588765425,,-0.04931645967666478,-0.06459899893944013,0.08431779928,-0.06509005378220696,,-3.759563e-05,-4.4107437e-06,3.8146973e-06,1.0,4.2695552e-05,3.7331134e-05,-4.2699277e-05,1.0,4.3809414e-06,-3.7338585e-05,-4.4107437e-06,1.0,204,0.619,0,0,0.0,False,0.9577713755092128,1.0506254319766548
0.6313166820327751,13:55:46.921233,13:55:36.571163,0,,0.11917502,-0.0016556084,0.02654323,0.86020815,0.39396068,-0.32378528,0.41141486,-0.1610055,0.89711475,0.30129674,-0.90491563,-0.3005796,,0.073445395,-0.028117731,-0.007809043,-0.3462596,0.2797718,0.89545065,-0.032557636,-0.9575058,0.2865705,0.9375737,0.07007408,0.34065425,,0.106318116,1.340439,0.4401841,0.995668,0.012149359,-0.09218276,-0.051381372,-0.7544019,-0.65439874,-0.07749338,0.65630037,-0.75050956,,-0.08709549,0.26334697,-0.08694692,-0.8734512,-0.30919582,0.37613964,0.47059307,-0.7343826,0.4891056,0.12500101,0.6042186,0.78695273,,-0.035173375,0.36984506,-0.34822154,0.25638536,-0.21728869,-0.94183445,0.81594515,-0.47371313,0.33140525,-0.51816994,-0.8534527,0.055842537,,1.1544558919020735,0.3795028161722666,0.20447808089000002,3.671041840583568,-0.04167413242845934,-0.8180084777787962,0.08444888219142233,,-0.8437471801733988,-0.32298013426581745,0.23826458345,-2.107593621962954,-1.3920526596103073,0.38392622978639035,0.8763409148104081,,-0.04931645967666478,-0.06459899893944013,0.08431779928,-0.06509005378220696,,-3.759563e-05,-4.4107437e-06,3.8146973e-06,1.0,4.2695552e-05,3.7331134e-05,-4.2699277e-05,1.0,4.3809414e-06,-3.7338585e-05,-4.4107437e-06,1.0,212,0.644,0,0,0.0,False,1.014310630385673,1.0509151131813312
0.6647377740009688,13:55:46.942414,13:55:36.571163,0,,0.11906192,-0.001719594,0.026495025,0.86661136,0.37949282,-0.32399058,0.4097929,-0.17081136,0.89604306,0.28470063,-0.90929025,-0.30354065,,0.073442385,-0.028117642,-0.007815361,-0.34621042,0.27961457,0.8955188,-0.03258872,-0.9575596,0.28638712,0.9375907,0.069966495,0.34062937,,0.106318116,1.340439,0.4401841,0.995668,0.012149359,-0.09218276,-0.051381372,-0.7544019,-0.65439874,-0.07749338,0.65630037,-0.75050956,,-0.08698008,0.26327202,-0.08696347,-0.8782669,-0.2946525,0.37659958,0.4581588,-0.74400723,0.4863577,0.1368863,0.59969425,0.7884345,,-0.03516979,0.36984012,-0.3482181,0.25633708,-0.2171185,-0.94188684,0.8159375,-0.4738135,0.33128044,-0.5182058,-0.8534403,0.055699166,,1.1544481691691992,0.3794333115763986,0.20448196976000002,3.6821554075882474,-0.02773720945238441,-0.8156510756122167,0.21251063004069737,,-0.8437162892419019,-0.3229724115329432,0.23826847232000004,-2.1073839320194696,-1.3920526596103073,0.38392622978639035,0.8763409148104081,,-0.04931645967666478,-0.06459899893944013,0.08431779928,-0.06509005378220696,,-3.759563e-05,-4.4107437e-06,3.8146973e-06,1.0,4.2695552e-05,3.7331134e-05,-4.2699277e-05,1.0,4.3809414e-06,-3.7338585e-05,-4.4107437e-06,1.0,220,0.667,0,0,0.0,False,1.0409418705645752,1.0506737121774343
0.6859143220353872,13:55:46.968995,13:55:36.774348,0,,0.11898759,-0.0017740726,0.026455939,0.8718517,0.36675018,-0.32460594,0.40738297,-0.17513502,0.8963073,0.27187103,-0.913686,-0.3020996,,0.07344139,-0.02811718,-0.0078219175,-0.34616774,0.27967378,0.8955168,-0.032621264,-0.9575441,0.28643525,0.9376054,0.06994191,0.34059417,,0.106318116,1.340439,0.4401841,0.995668,0.012149359,-0.09218276,-0.051381372,-0.7544019,-0.65439874,-0.07749338,0.65630037,-0.75050956,,-0.08690389,0.26320854,-0.086977035,-0.8823106,-0.28167084,0.37708023,0.4476662,-0.7496046,0.48753253,0.14533737,0.5989612,0.78747857,,-0.03516821,0.36983493,-0.34821427,0.25629556,-0.21717605,-0.9418849,0.81592786,-0.4738332,0.33127606,-0.5182416,-0.8534147,0.05575864,,1.154370941840457,0.37936380698053057,0.20448585863000002,3.6918011449885357,-0.017489471969976376,-0.8175547979183438,0.2904257495867485,,-0.8436931210432792,-0.322964688800069,0.23827365748,-2.1071742420759856,-1.3920526596103073,0.3836811935659686,0.8765042588765426,,-0.04931645967666478,-0.06459899893944013,0.08431779928,-0.06509005378220696,,-3.759563e-05,-4.4107437e-06,3.8146973e-06,1.0,4.2695552e-05,3.7331134e-05,-4.2699277e-05,1.0,4.3809414e-06,-3.7338585e-05,-4.4107437e-06,1.0,228,0.692,0,0,0.0,False,1.046244287512947,1.0504805913743163
0.7124689519987442,13:55:46.992887,13:55:36.774348,0,,0.118890874,-0.0018674731,0.026381105,0.88028264,0.3478391,-0.32266167,0.40063283,-0.18065381,0.8982524,0.25415722,-0.91998494,-0.29838228,,0.073449396,-0.028129026,-0.0078270435,-0.34595427,0.2791763,0.89575446,-0.032657564,-0.95771086,0.28587312,0.93768287,0.06964594,0.34044138,,0.106318116,1.340439,0.4401841,0.995668,0.012149359,-0.09218276,-0.051381372,-0.7544019,-0.65439874,-0.07749338,0.65630037,-0.75050956,,-0.08680305,0.26309323,-0.08699166,-0.88917893,-0.26240164,0.37484154,0.43055868,-0.75708944,0.4913602,0.15485485,0.59829843,0.78616726,,-0.035174835,0.36982346,-0.3482217,0.25607875,-0.21664204,-0.94206685,0.81594914,-0.47411135,0.33082545,-0.51831526,-0.85339594,0.055359032,,1.1542010417172242,0.37909351132993274,0.2045027104,3.708366650523813,-0.005055550491321297,-0.8210778492033326,0.40525662807914675,,-0.843685398310405,-0.32298785699869165,0.23827884264000002,-2.106125792358563,-1.3919160231105419,0.38324306070171,0.8761775707442739,,-0.04931645967666478,-0.06459899893944013,0.08431779928,-0.06509005378220696,,-3.759563e-05,-4.4107437e-06,3.8146973e-06,1.0,4.2695552e-05,3.7331134e-05,-4.2699277e-05,1.0,4.3809414e-06,-3.7338585e-05,-4.4107437e-06,1.0,243,0.738,0,0,0.0,False,1.0466017538240733,1.050963393382111
0.7363853330025449,13:55:47.032254,13:55:36.774348,0,,0.118700445,-0.0020243078,0.026253834,0.88939196,0.31947145,-0.32698596,0.3971999,-0.18594885,0.8986963,0.22630513,-0.9291723,-0.29227555,,0.073457025,-0.028132692,-0.007829368,-0.3458247,0.27970788,0.8956387,-0.032626003,-0.9575417,0.2864426,0.93773174,0.06983796,0.3402673,,0.106318116,1.340439,0.4401841,0.995668,0.012149359,-0.09218276,-0.051381372,-0.7544019,-0.65439874,-0.07749338,0.65630037,-0.75050956,,-0.086605676,0.26289976,-0.08701758,-0.89565223,-0.2334389,0.37856746,0.4092276,-0.76590526,0.49590513,0.17418325,0.59907883,0.7815144,,-0.035181932,0.36981872,-0.3482237,0.2559432,-0.2172001,-0.9419752,0.8159916,-0.4739238,0.3309894,-0.5183154,-0.85335827,0.05593587,,1.1539616369981232,0.37862242462460505,0.20453511765000001,3.7268193655504516,0.01776274496950726,-0.8285763304615186,0.5101235185373539,,-0.8437008437761535,-0.3229955797315659,0.23828273151,-2.105706412471594,-1.3917793866107764,0.3822331766564674,0.8765042588765424,,-0.04931645967666478,-0.06459899893944013,0.08431779928,-0.06509005378220696,,-3.759563e-05,-4.4107437e-06,3.8146973e-06,1.0,4.2695552e-05,3.7331134e-05,-4.2699277e-05,1.0,4.3809414e-06,-3.7338585e-05,-4.4107437e-06,1.0,247,0.75,0,0,0.0,False,1.0467804869796362,1.050432311173537
0.7757402900024317,13:55:47.058942,13:55:36.774348,0,,0.11842115,-0.0022484213,0.026072204,0.8983459,0.2856744,-0.3337136,0.3966884,-0.2012052,0.89563084,0.18871391,-0.9369667,-0.29407576,,0.07345591,-0.028130963,-0.007831216,-0.34581718,0.28008026,0.8955252,-0.032632202,-0.95742315,0.2868379,0.93773425,0.06997064,0.340233,,0.106318116,1.340439,0.4401841,0.995668,0.012149359,-0.09218276,-0.051381372,-0.7544019,-0.65439874,-0.07749338,0.65630037,-0.75050956,,-0.08631653,0.26262376,-0.087055445,-0.9009502,-0.19948615,0.38534927,0.3836748,-0.7810472,0.49270567,0.20268802,0.59175205,0.7802225,,-0.035180762,0.36981818,-0.34822124,0.25593594,-0.21759088,-0.94188696,0.8159896,-0.47379386,0.33118019,-0.51832205,-0.85333085,0.056291033,,1.153606391285909,0.37790421046730216,0.20458956183000002,3.7469496001249656,0.050418868413447525,-0.8283329039387184,0.6007794752418791,,-0.8436931210432792,-0.32298785699869165,0.23828402780000002,-2.105706412471594,-1.3917793866107764,0.3818247829557646,0.8761775707442738,,-0.04931645967666478,-0.06459899893944013,0.08431779928,-0.06509005378220696,,-3.759563e-05,-4.4107437e-06,3.8146973e-06,1.0,4.2695552e-05,3.7331134e-05,-4.2699277e-05,1.0,4.3809414e-06,-3.7338585e-05,-4.4107437e-06,1.0,259,0.787,0,0,0.0,False,1.0468400646981575,1.0504805913743163
0.8024105920339935,13:55:47.082922,13:55:36.774348,0,,0.118182935,-0.0024374574,0.025895327,0.9033728,0.25939223,-0.34151605,0.398285,-0.2121723,0.8923855,0.15901756,-0.94217753,-0.29498285,,0.07345471,-0.028127596,-0.007835686,-0.34573257,0.28034186,0.895476,-0.03252402,-0.95733327,0.28715008,0.9377693,0.07015276,0.34009913,,0.106318116,1.340439,0.4401841,0.995668,0.012149359,-0.09218276,-0.051381372,-0.7544019,-0.65439874,-0.07749338,0.65630037,-0.75050956,,-0.08606773,0.26237544,-0.08706997,-0.9030435,-0.1731399,0.39310935,0.36507815,-0.7915883,0.490006,0.22634117,0.58601236,0.7780483,,-0.03517938,0.3698163,-0.348216,0.25584096,-0.21787438,-0.9418472,0.8160656,-0.47362408,0.33123586,-0.51824933,-0.8533528,0.05662735,,1.1532897592380655,0.37718599630999927,0.20466345036000003,3.7603697565079752,0.0770629858677084,-0.8287412439828339,0.6505994154128343,,-0.843685398310405,-0.32298013426581745,0.23828662038000004,-2.105916102415078,-1.3916427501110111,0.3817133650520683,0.8761775707442738,,-0.04931645967666478,-0.06459899893944013,0.08431779928,-0.06509005378220696,,-3.759563e-05,-4.4107437e-06,3.8146973e-06,1.0,4.2695552e-05,3.7331134e-05,-4.2699277e-05,1.0,4.3809414e-06,-3.7338585e-05,-4.4107437e-06,1.0,267,0.811,0,0,0.0,False,1.0467209092611154,1.0502874705711984
0.8264179420075379,13:55:47.111409,13:55:36.894480,0,,0.11777758,-0.0027778447,0.025574505,0.91237265,0.21257281,-0.34984124,0.39465964,-0.22979453,0.8896281,0.108719096,-0.94974065,-0.29355228,,0.0734684,-0.028140157,-0.007836282,-0.34559244,0.27970418,0.8957294,-0.032716244,-0.9575552,0.28638744,0.93781424,0.06966859,0.34007466,,0.106318116,1.340439,0.4401841,0.995668,0.012149359,-0.09218276,-0.051381372,-0.7544019,-0.65439874,-0.07749338,0.65630037,-0.75050956,,-0.08564297,0.2619258,-0.08709224,-0.9072486,-0.12631881,0.40117767,0.3288078,-0.8077953,0.48923635,0.26226968,0.57576936,0.7744057,,-0.03519204,0.36980763,-0.3482265,0.25571102,-0.21717927,-0.942043,0.8159867,-0.47407344,0.33078712,-0.5184377,-0.8532805,0.055989597,,1.1526951088067503,0.37566461793377703,0.20480993113,3.7884682089349018,0.11914702779546407,-0.8300597473045445,0.7195306113215002,,-0.8437008437761535,-0.3229955797315659,0.23829180554,-2.1044482728106866,-1.3916427501110111,0.3810599351309438,0.8768309470088109,,-0.04931645967666478,-0.06459899893944013,0.08431779928,-0.06509005378220696,,-3.759563e-05,-4.4107437e-06,3.8146973e-06,1.0,4.2695552e-05,3.7331134e-05,-4.2699277e-05,1.0,4.3809414e-06,-3.7338585e-05,-4.4107437e-06,1.0,275,0.835,0,0,0.0,False,1.0460059766388632,1.0503840309727575
0.8548642340465449,13:55:47.139545,13:55:36.894480,0,,0.11728555,-0.0031820685,0.0251759,0.91981274,0.15609074,-0.35997245,0.3889615,-0.24230868,0.88881683,0.05151157,-0.95756054,-0.28359202,,0.07347518,-0.028140068,-0.007844567,-0.34569934,0.28049308,0.89544153,-0.03279504,-0.9573058,0.28721076,0.93777204,0.069922656,0.34013873,,0.106318116,1.340439,0.4401841,0.995668,0.012149359,-0.09218276,-0.051381372,-0.7544019,-0.65439874,-0.07749338,0.65630037,-0.75050956,,-0.08512625,0.26138064,-0.08710653,-0.9092933,-0.0697167,0.41027462,0.28649312,-0.819923,0.49562886,0.30183998,0.56821287,0.76552385,,-0.03519799,0.36979988,-0.3482221,0.25582674,-0.21800442,-0.941821,0.81592256,-0.473822,0.3313051,-0.5184815,-0.8532097,0.056658402,,1.1520077855809443,0.3736026482563591,0.20501733753,3.820760460231518,0.16628662021454105,-0.8384411477080829,0.7747409056748865,,-0.8437085665090277,-0.32300330246444015,0.23830347215000003,-2.1044482728106866,-1.3917793866107764,0.38019120815295343,0.8765042588765425,,-0.04931645967666478,-0.06459899893944013,0.08431779928,-0.06509005378220696,,-3.759563e-05,-4.4107437e-06,3.8146973e-06,1.0,4.2695552e-05,3.7331134e-05,-4.2699277e-05,1.0,4.3809414e-06,-3.7338585e-05,-4.4107437e-06,1.0,290,0.881,0,0,0.0,False,1.0464825983870312,1.0507702725789931
