Task Time,PC1 Time,PC2 Time,Gaze Calib,s_T_psm1,Tx,Ty,Tz,R00,R01,R02,R10,R11,R12,R20,R21,R22,s_T_psm3,Tx,Ty,Tz,R00,R01,R02,R10,R11,R12,R20,R21,R22,cart_T_ecm,Tx,Ty,Tz,R00,R01,R02,R10,R11,R12,R20,R21,R22,ecm_T_psm1,Tx,Ty,Tz,R00,R01,R02,R10,R11,R12,R20,R21,R22,ecm_T_psm3,Tx,Ty,Tz,R00,R01,R02,R10,R11,R12,R20,R21,R22,psm1_joints,q1,q2,q3,q4,q5,q6,jaw,psm3_joints,q1,q2,q3,q4,q5,q6,jaw,ecm_joints,q1,q2,q3,q4,ecmi_T_ecm,Tx,Ty,Tz,R00,R01,R02,R10,R11,R12,R20,R21,R22,Sample #,Task Duration (s),Collisions (binary),Collisions (increments),Cumulative Collision Time (s),Clutch Press,MTMR Angle,MTML Angle
""
lci_T_si,,,,,-0.06325326,0.014099291,0.23646986,0.99321187,-0.021149708,0.11438049,0.061731156,-0.73758954,-0.6724217,0.09858737,0.67491806,-0.7312771
rci_T_si,,,,,-0.0730827,0.018441333,0.2456533,0.991962,-0.042163182,0.11930484,0.052885953,-0.7184059,-0.6936109,0.114954144,0.6943452,-0.71040154
ecm_T_lc,,,,,-4.4061628e-05,-0.00034663224,-0.01840835,-0.99912,0.030754527,0.028518902,-0.031987965,-0.99852574,-0.043852776,0.027128186,-0.04472645,0.9986309
ecm_T_rc,,,,,-0.0043358393,0.01870579,-0.007592615,-0.99555075,-0.052743673,-0.078081585,0.04863213,-0.9973746,0.053654674,-0.08070653,0.04961868,0.9955021
cart_T_ecmi,,,,,0.10635596,1.3404362,0.44018698,0.9956651,0.012106441,-0.09221999,-0.051438015,-0.7544026,-0.6543935,-0.07749338,0.65630037,-0.75050956
ecmac_T_ecmrep_psm1,,,,,0.01038242,-0.2501324,-0.30762842,0.998145,0.0496832,0.035188068,-0.04731537,0.99675006,-0.06519635,-0.03831287,0.06341047,0.99725187
ecmac_T_ecmrep_psm3,,,,,-0.018947443,-0.4527795,-0.5580277,0.99342906,-0.031421527,0.110051684,0.0051236153,0.97282016,0.23150527,-0.11433475,-0.2294202,0.9665888
""
0,13:54:29.182647,13:54:18.936746,0,,0.11838138,0.0014270544,0.024920762,0.8066431,0.5200671,-0.28081524,0.4651894,-0.26556373,0.84443736,0.36458978,-0.8117919,-0.45614487,,0.07607962,-0.025778249,0.015702307,-0.04800773,0.115815535,0.99210984,-0.12958348,-0.9855833,0.10878316,0.9904057,-0.12333855,0.06232339,,0.106323235,1.3404373,0.44018862,0.99566615,0.012122035,-0.09220646,-0.051417433,-0.75440234,-0.6543954,-0.07749338,0.65630037,-0.75050956,,-0.08606311,0.26462302,-0.08377025,-0.8247436,-0.44656882,0.34694996,0.5550082,-0.7568618,0.3451465,0.1084615,0.47721744,0.87206626,,-0.040205665,0.39061067,-0.35863617,-0.037997536,-0.034048826,-0.9986976,0.77464145,-0.63235116,-0.00791396,-0.6312581,-0.7739333,0.050403416,,1.1645649492344334,0.38426774235566313,0.20740121484000001,3.5726972570893256,-0.07282725437497976,-0.6365171233273976,-0.4047665958807439,,-0.9136379126851306,-0.2821268773611698,0.21773264614,-1.5542218611072944,-1.0650815156716082,0.05089837050657681,0.8784643876701539,,-0.04931645967666478,-0.06459899893944013,0.08431779928,-0.06509005378220696,,-3.2760203e-05,-1.1920929e-07,1.1920929e-06,1.0,1.5512109e-05,1.3563782e-05,-1.5515834e-05,1.0,1.5795231e-06,-1.3571233e-05,-1.6093254e-06,1.0,34,0.102,0,0,0.0,False,-0.252847864838182,1.0520738380000385
0.12513390398817137,13:54:29.205369,13:54:18.936746,0,,0.118329346,0.0013867319,0.025285184,0.8064532,0.52011204,-0.28127712,0.46462235,-0.2631675,0.8454991,0.3657313,-0.81254315,-0.45388806,,0.076079905,-0.025779784,0.015702128,-0.04800898,0.11589253,0.99210083,-0.12957689,-0.9855756,0.10885992,0.99040645,-0.12332696,0.06233347,,0.106323235,1.3404373,0.44018862,0.99566615,0.012122035,-0.09220646,-0.051417433,-0.75440234,-0.6543954,-0.07749338,0.65630037,-0.75050956,,-0.0860476,0.26483527,-0.084073335,-0.82468057,-0.44647422,0.3472215,0.5553433,-0.75556034,0.3474513,0.10721876,0.47936344,0.8710424,,-0.040205825,0.39060968,-0.3586374,-0.037996836,-0.03412692,-0.99869496,0.77464575,-0.6323465,-0.007864311,-0.6312529,-0.7739336,0.050463438,,1.165167322398623,0.38473110632811663,0.20706288315000002,3.5722778772023567,-0.07392034637310328,-0.6381578210421837,-0.40623669247595245,,-0.9136379126851306,-0.282134600094044,0.21773264614,-1.5542218611072944,-1.0650815156716082,0.05081669176643622,0.8776476673394824,,-0.04931645967666478,-0.06459899893944013,0.08431779928,-0.06509005378220696,,-3.2760203e-05,-1.1920929e-07,1.1920929e-06,1.0,1.5512109e-05,1.3563782e-05,-1.5515834e-05,1.0,1.5795231e-06,-1.3571233e-05,-1.6093254e-06,1.0,42,0.126,0,0,0.0,False,-0.25344364202339253,1.052749760810951
0.14784209802746773,13:54:29.233823,13:54:19.025282,0,,0.11822161,0.0013474971,0.02579458,0.80537695,0.5210943,-0.28253984,0.4649709,-0.25972942,0.84637016,0.36765483,-0.8130199,-0.45147383,,0.076072685,-0.025779009,0.015699029,-0.04797216,0.1158242,0.99211055,-0.12957203,-0.9855833,0.108796895,0.9904089,-0.123330414,0.062288124,,0.106323235,1.3404373,0.44018862,0.99566615,0.012122035,-0.09220646,-0.051417433,-0.75440234,-0.6543954,-0.07749338,0.65630037,-0.75050956,,-0.08599062,0.2651463,-0.08448884,-0.8237855,-0.44730964,0.34826934,0.5569193,-0.753336,0.34975103,0.105916835,0.48207775,0.86970264,,-0.040198408,0.39060828,-0.35863504,-0.03803397,-0.03405821,-0.99869585,0.774646,-0.6323453,-0.007936664,-0.6312503,-0.77393764,0.050433658,,1.1662098913366432,0.38536437042380306,0.20659751504,3.5701809777675115,-0.07528671137075768,-0.639739040429858,-0.40476659588074393,,-0.9135992990207595,-0.2821268773611698,0.21773134985000003,-1.5542218611072944,-1.0650815156716082,0.05089837050657675,0.877484323273348,,-0.04931645967666478,-0.06459899893944013,0.08431779928,-0.06509005378220696,,-3.2760203e-05,-1.1920929e-07,1.1920929e-06,1.0,1.5512109e-05,1.3563782e-05,-1.5515834e-05,1.0,1.5795231e-06,-1.3571233e-05,-1.6093254e-06,1.0,50,0.151,0,0,0.0,False,-0.2540989969271239,1.0522186786023768
0.17630168999312446,13:54:29.255759,13:54:19.025282,0,,0.11816417,0.0013259351,0.026130348,0.8055173,0.5202118,-0.2837633,0.46457925,-0.25715232,0.8473716,0.36784232,-0.8144031,-0.44882035,,0.076063424,-0.025785103,0.01569444,-0.047907993,0.115489066,0.9921527,-0.12964216,-0.98561037,0.10846749,0.9904028,-0.123428255,0.06219086,,0.106323235,1.3404373,0.44018862,0.99566615,0.012122035,-0.09220646,-0.051417433,-0.75440234,-0.6543954,-0.07749338,0.65630037,-0.75050956,,-0.08596645,0.26535395,-0.084758654,-0.8239542,-0.44622624,0.34925866,0.5567429,-0.75227576,0.3523046,0.10553127,0.48473015,0.86827403,,-0.040188354,0.39060238,-0.35863772,-0.038092185,-0.03371418,-0.9987053,0.7745967,-0.6324024,-0.0081957625,-0.63130736,-0.77390605,0.05020448,,1.1668354326994554,0.38586634806062764,0.20629288689000003,3.5701809777675115,-0.07542334787052313,-0.6420779847303786,-0.40541997214528114,,-0.91354523989064,-0.28214232282691826,0.21772875727000002,-1.55401217116381,-1.0650815156716082,0.05106172798685782,0.8784643876701539,,-0.04931645967666478,-0.06459899893944013,0.08431779928,-0.06509005378220696,,-3.2760203e-05,-1.1920929e-07,1.1920929e-06,1.0,1.5512109e-05,1.3563782e-05,-1.5515834e-05,1.0,1.5795231e-06,-1.3571233e-05,-1.6093254e-06,1.0,61,0.184,0,0,0.0,False,-0.25403941920860307,1.052025557799259
0.19826619798550382,13:54:29.286204,13:54:19.025282,0,,0.11811362,0.0012911856,0.026727438,0.80562395,0.52038795,-0.2831371,0.46242097,-0.2536186,0.84961414,0.3703202,-0.8153981,-0.44495955,,0.07605503,-0.025792837,0.015691698,-0.04785221,0.11514813,0.992195,-0.12970793,-0.9856386,0.108131595,0.99039686,-0.12352121,0.062100604,,0.106323235,1.3404373,0.44018862,0.99566615,0.012122035,-0.09220646,-0.051417433,-0.75440234,-0.6543954,-0.07749338,0.65630037,-0.75050956,,-0.08597471,0.2657237,-0.0852314,-0.8243594,-0.44620696,0.34832594,0.55675197,-0.75028676,0.3565067,0.10226857,0.48782077,0.8669325,,-0.04017921,0.39059702,-0.35864276,-0.03814239,-0.03336478,-0.99871516,0.77455074,-0.63245535,-0.008452343,-0.6313607,-0.7738779,0.04996607,,1.1677698833772365,0.3868007987384088,0.20575622283000003,3.570390667710996,-0.07815607786583194,-0.644341957364181,-0.40460325181460977,,-0.9134989034933946,-0.2821654910255409,0.21772486840000002,-1.5538024812203255,-1.0650815156716082,0.05122508546713905,0.877484323273348,,-0.04931645967666478,-0.06459899893944013,0.08431779928,-0.06509005378220696,,-3.2760203e-05,-1.1920929e-07,1.1920929e-06,1.0,1.5512109e-05,1.3563782e-05,-1.5515834e-05,1.0,1.5795231e-06,-1.3571233e-05,-1.6093254e-06,1.0,69,0.208,0,0,0.0,False,-0.2533840643048717,1.0525083598070537
0.22869749600067735,13:54:29.314439,13:54:19.025282,0,,0.11805467,0.0012605637,0.027319208,0.8046797,0.52099943,-0.28469318,0.46187449,-0.24804011,0.8515562,0.3730449,-0.8167225,-0.44022936,,0.076048374,-0.025795177,0.01568824,-0.047817886,0.115152754,0.99219614,-0.12968984,-0.9856399,0.108141586,0.9904009,-0.123506606,0.062065355,,0.106323235,1.3404373,0.44018862,0.99566615,0.012122035,-0.09220646,-0.051417433,-0.75440234,-0.6543954,-0.07749338,0.65630037,-0.75050956,,-0.085973985,0.2660934,-0.08569822,-0.823698,-0.44653195,0.34947222,0.5581787,-0.74699885,0.36114985,0.09979042,0.49254638,0.8645461,,-0.04017211,0.39059365,-0.35864288,-0.038178124,-0.03337068,-0.9987136,0.7745595,-0.63244426,-0.00847704,-0.6313478,-0.77388674,0.049993113,,1.1687352249865146,0.38774297214906417,0.20522604022000002,3.5687131481631202,-0.08034226186207899,-0.648195103974737,-0.4050932840130125,,-0.9134602898290235,-0.28217321375841514,0.21772357211,-1.5538024812203255,-1.0650815156716082,0.051225085467139025,0.8771576351410797,,-0.04931645967666478,-0.06459899893944013,0.08431779928,-0.06509005378220696,,-3.2760203e-05,-1.1920929e-07,1.1920929e-06,1.0,1.5512109e-05,1.3563782e-05,-1.5515834e-05,1.0,1.5795231e-06,-1.3571233e-05,-1.6093254e-06,1.0,77,0.233,0,0,0.0,False,-0.25278828711966117,1.0527014806101715
0.2569482889957726,13:54:29.340216,13:54:19.025282,0,,0.118019745,0.0012187511,0.027902335,0.80432767,0.52127266,-0.2851873,0.45980895,-0.24205229,0.85439223,0.3763411,-0.81834316,-0.43437535,,0.07603481,-0.02579838,0.015681446,-0.047748,0.11484188,0.99223554,-0.12966022,-0.98567647,0.10784328,0.9904082,-0.12350413,0.061954487,,0.106323235,1.3404373,0.44018862,0.99566615,0.012122035,-0.09220646,-0.051417433,-0.75440234,-0.6543954,-0.07749338,0.65630037,-0.75050956,,-0.085996635,0.266448,-0.086163804,-0.82372326,-0.44648042,0.34947848,0.5588166,-0.7435844,0.3671596,0.09593717,0.4977323,0.86200845,,-0.040157754,0.39058784,-0.3586419,-0.038250294,-0.03305967,-0.9987212,0.77457285,-0.6324245,-0.008731059,-0.63132703,-0.77391624,0.049797546,,1.1695847256026792,0.38863880916247423,0.20469974648000003,3.568293768276151,-0.08375817435621499,-0.6528424217351176,-0.4042765636823412,,-0.9133830625002812,-0.28218093649128934,0.21772097953000003,-1.5538024812203255,-1.0650815156716082,0.05155180042770133,0.8784643876701537,,-0.04931645967666478,-0.06459899893944013,0.08431779928,-0.06509005378220696,,-3.2760203e-05,-1.1920929e-07,1.1920929e-06,1.0,1.5512109e-05,1.3563782e-05,-1.5515834e-05,1.0,1.5795231e-06,-1.3571233e-05,-1.6093254e-06,1.0,88,0.265,0,0,0.0,False,-0.25266913168261906,1.0527014806101715
0.2827180330059491,13:54:29.371303,13:54:19.151255,0,,0.11798176,0.0011961907,0.028489262,0.80424196,0.5210573,-0.2858219,0.45745444,-0.23574394,0.8574147,0.37938142,-0.82031953,-0.42795524,,0.076026216,-0.025801167,0.015678167,-0.047688473,0.11475613,0.9922483,-0.12974587,-0.9856743,0.10776012,0.99039984,-0.12360105,0.061894424,,0.106323235,1.3404373,0.44018862,0.99566615,0.012122035,-0.09220646,-0.051417433,-0.75440234,-0.6543954,-0.07749338,0.65630037,-0.75050956,,-0.086016074,0.26681966,-0.08661977,-0.82399684,-0.44589952,0.34957516,0.5590575,-0.740143,0.37368852,0.09210809,0.5033508,0.85915893,,-0.04014872,0.39058462,-0.35864246,-0.03830259,-0.03296541,-0.99872226,0.774514,-0.6324951,-0.008826709,-0.631396,-0.77386254,0.049758375,,1.170503730814712,0.38961959623750075,0.20417993419000002,3.568293768276151,-0.08703745035058556,-0.6580095510998976,-0.40591000434368385,,-0.9133367261030358,-0.28218093649128934,0.21771838695,-1.553592791276841,-1.0650815156716082,0.05147012168756068,0.878627731736288,,-0.04931645967666478,-0.06459899893944013,0.08431779928,-0.06509005378220696,,-3.2760203e-05,-1.1920929e-07,1.1920929e-06,1.0,1.5512109e-05,1.3563782e-05,-1.5515834e-05,1.0,1.5795231e-06,-1.3571233e-05,-1.6093254e-06,1.0,96,0.29,0,0,0.0,False,-0.25344364202339253,1.0527014806101715
0.313811469997745,13:54:29.396424,13:54:19.151255,0,,0.11788161,0.0012221485,0.028884351,0.80454165,0.5207859,-0.2854728,0.45575953,-0.23321307,0.85900795,0.38078332,-0.82121485,-0.4249828,,0.07607182,-0.025791883,0.015671074,-0.04762026,0.11501142,0.992222,-0.12968862,-0.9856528,0.108025745,0.9904107,-0.12353566,0.06185271,,0.1062864,1.340444,0.44017825,0.9956681,0.012151332,-0.09218105,-0.051378768,-0.75440186,-0.654399,-0.07749338,0.65630037,-0.75050956,,-0.08592315,0.26711395,-0.086914405,-0.82449615,-0.44546393,0.3489528,0.55867237,-0.73883635,0.3768369,0.08995175,0.5056509,0.85803604,,-0.040159993,0.39059022,-0.35863772,-0.038381852,-0.03318851,-0.9987118,0.7745457,-0.63245744,-0.008749451,-0.6313523,-0.7738838,0.049980905,,1.1712064995062665,0.39034553312767784,0.20382215815000002,3.5687131481631202,-0.08867708834777085,-0.6597763283808817,-0.4042765636823411,,-0.9133290033701617,-0.2822118274227863,0.21771579437000002,-1.553592791276841,-1.0650815156716082,0.05122508546713905,0.877484323273348,,-0.04931645967666478,-0.06459899893944013,0.08431779928,-0.06509005378220696,,-6.89812e-05,-1.2397766e-05,7.867813e-06,1.0,4.4655055e-05,3.905222e-05,-4.4662505e-05,1.0,4.5895576e-06,-3.9055943e-05,-4.61936e-06,1.0,104,0.315,0,0,0.0,False,-0.25302659799374494,1.0527014806101715
0.3389041710179299,13:54:29.421272,13:54:19.151255,0,,0.117828086,0.0011539608,0.029454753,0.8052077,0.51911306,-0.28663933,0.45454878,-0.22989345,0.860543,0.38082266,-0.8232076,-0.4210742,,0.07607162,-0.025798604,0.015672565,-0.04762525,0.114833206,0.99224246,-0.12966233,-0.98567545,0.10784973,0.9904138,-0.12351993,0.06183258,,0.1062864,1.340444,0.44017825,0.9956681,0.012151332,-0.09218105,-0.051378768,-0.75440186,-0.654399,-0.07749338,0.65630037,-0.75050956,,-0.08592681,0.26744115,-0.08738958,-0.8251964,-0.44351482,0.3497793,0.5577609,-0.7375867,0.3806162,0.089183636,0.5091763,0.85602903,,-0.04015946,0.39058796,-0.35864422,-0.038379047,-0.033011455,-0.99871784,0.7745628,-0.63243496,-0.008860744,-0.63133156,-0.77390975,0.049841695,,1.17201738645806,0.3912182019424652,0.20329197554000003,3.5695519079370577,-0.08881372484753629,-0.6630137388229485,-0.4041132196162067,,-0.9133290033701617,-0.28224271835428316,0.21771320179000003,-1.553592791276841,-1.0650815156716082,0.05138844294742012,0.8774843232733482,,-0.04931645967666478,-0.06459899893944013,0.08431779928,-0.06509005378220696,,-6.89812e-05,-1.2397766e-05,7.867813e-06,1.0,4.4655055e-05,3.905222e-05,-4.4662505e-05,1.0,4.5895576e-06,-3.9055943e-05,-4.61936e-06,1.0,112,0.339,0,0,0.0,False,-0.2529074425567037,1.0526532004093918
0.3637284280266613,13:54:29.446981,13:54:19.151255,0,,0.11779721,0.0011047572,0.029862598,0.80527234,0.51879936,-0.28702542,0.45379838,-0.22774982,0.8615085,0.3815801,-0.8240008,-0.418831,,0.07607208,-0.02580814,0.015670538,-0.047607575,0.11463758,0.9922659,-0.12972647,-0.98568845,0.10765359,0.9904063,-0.12359783,0.061797768,,0.1062864,1.340444,0.44017825,0.9956681,0.012151332,-0.09218105,-0.051378768,-0.75440186,-0.654399,-0.07749338,0.65630037,-0.75050956,,-0.08593678,0.26767442,-0.08772898,-0.82535464,-0.44306645,0.349974,0.55769426,-0.73648715,0.3828365,0.088129334,0.51115435,0.8549587,,-0.040159058,0.39058128,-0.35865128,-0.038391374,-0.032808844,-0.99872404,0.7745208,-0.63248444,-0.008995313,-0.6313823,-0.7738779,0.049693078,,1.1725734232250042,0.3918360205724032,0.20291345886,3.5695519079370577,-0.0894969073463635,-0.664580296548121,-0.40541997214528114,,-0.9133212806372875,-0.2822813320186543,0.21771320179000003,-1.5533831013333563,-1.0650815156716082,0.051388442947420176,0.8778110114056166,,-0.04931645967666478,-0.06459899893944013,0.08431779928,-0.06509005378220696,,-6.89812e-05,-1.2397766e-05,7.867813e-06,1.0,4.4655055e-05,3.905222e-05,-4.4662505e-05,1.0,4.5895576e-06,-3.9055943e-05,-4.61936e-06,1.0,120,0.364,0,0,0.0,False,-0.2533840643048717,1.0525083598070537
0.38948730000993237,13:54:29.470674,13:54:19.151255,0,,0.11777732,0.0010516495,0.03028588,0.8052513,0.5187786,-0.28712213,0.45259944,-0.22496551,0.8628697,0.3830458,-0.8247784,-0.41595268,,0.07607226,-0.025813073,0.015671134,-0.04761133,0.11462549,0.99226713,-0.12970671,-0.98569226,0.10764235,0.9904088,-0.12357855,0.061797805,,0.1062864,1.340444,0.44017825,0.9956681,0.012151332,-0.09218105,-0.051378768,-0.75440186,-0.654399,-0.07749338,0.65630037,-0.75050956,,-0.085959285,0.2679145,-0.08808144,-0.8255084,-0.4428932,0.3498306,0.55776155,-0.73490894,0.38576013,0.08624309,0.5135703,0.8537023,,-0.04015895,0.39057916,-0.35865578,-0.03838927,-0.032798413,-0.99872446,0.7745336,-0.6324687,-0.009001292,-0.6313667,-0.7738912,0.049683485,,1.1731062917933257,0.39246928466808956,0.20252068299000003,3.5695519079370577,-0.09099990884378334,-0.6666218492130829,-0.4044399077484754,,-0.9133212806372875,-0.28230450021727693,0.21771190550000002,-1.5533831013333563,-1.0650815156716082,0.051388442947420176,0.8778110114056166,,-0.04931645967666478,-0.06459899893944013,0.08431779928,-0.06509005378220696,,-6.89812e-05,-1.2397766e-05,7.867813e-06,1.0,4.4655055e-05,3.905222e-05,-4.4662505e-05,1.0,4.5895576e-06,-3.9055943e-05,-4.61936e-06,1.0,135,0.409,0,0,0.0,False,-0.2527287094011399,1.0518807171969207
0.41317766602151096,13:54:29.509096,13:54:19.151255,0,,0.11772446,0.000921309,0.03108196,0.8042959,0.5195165,-0.28846246,0.45193383,-0.21959627,0.8646,0.38582876,-0.82576025,-0.4114076,,0.0760736,-0.025824234,0.015671015,-0.047620077,0.1146783,0.9922605,-0.12966058,-0.9856924,0.10769661,0.9904143,-0.12352839,0.061807994,,0.1062864,1.340444,0.44017825,0.9956681,0.012151332,-0.09218105,-0.051378768,-0.75440186,-0.654399,-0.07749338,0.65630037,-0.75050956,,-0.085987106,0.2683438,-0.0887659,-0.8248448,-0.44338313,0.35077408,0.5591378,-0.73155767,0.39011315,0.083641894,0.5179138,0.85133386,,-0.04015948,0.39057305,-0.3586652,-0.03838436,-0.03285565,-0.99872273,0.7745635,-0.63243264,-0.008963587,-0.6313304,-0.7739182,0.049724307,,1.1740948016012265,0.39353502180473254,0.20176624221000003,3.567874388389182,-0.09318609284003039,-0.670066602122936,-0.4050932840130125,,-0.9133212806372875,-0.2823585593473965,0.21771060921000002,-1.5533831013333563,-1.0650815156716082,0.05130676420727959,0.8776476673394824,,-0.04931645967666478,-0.06459899893944013,0.08431779928,-0.06509005378220696,,-6.89812e-05,-1.2397766e-05,7.867813e-06,1.0,4.4655055e-05,3.905222e-05,-4.4662505e-05,1.0,4.5895576e-06,-3.9055943e-05,-4.61936e-06,1.0,143,0.433,0,0,0.0,False,-0.25332448658635043,1.052749760810951
0.4515922029968351,13:54:29.538272,13:54:19.317542,0,,0.117706925,0.00083474815,0.031667933,0.8038642,0.5206219,-0.28767204,0.44893715,-0.21377507,0.86761487,0.39020222,-0.8265913,-0.40557265,,0.076076284,-0.025831938,0.015671015,-0.04763344,0.1148185,0.99224377,-0.12962994,-0.98568124,0.10783614,0.9904177,-0.12348774,0.06183529,,0.1062864,1.340444,0.44017825,0.9956681,0.012151332,-0.09218105,-0.051378768,-0.75440186,-0.654399,-0.07749338,0.65630037,-0.75050956,,-0.086028576,0.26866594,-0.08926158,-0.8249205,-0.44424048,0.34950903,0.55979043,-0.7277834,0.3961894,0.07836347,0.52247655,0.849045,,-0.040161602,0.3905687,-0.35867175,-0.038373563,-0.032999534,-0.99871844,0.77458394,-0.63240904,-0.008865705,-0.631306,-0.77393144,0.049828697,,1.1748207384914036,0.3942764041606581,0.20121920783000002,3.5676646984456974,-0.09810500683158624,-0.6742234316039212,-0.40476659588074404,,-0.9133290033701617,-0.28239717301176764,0.21771060921000002,-1.5533831013333563,-1.0650815156716082,0.05114340672699852,0.8776476673394822,,-0.04931645967666478,-0.06459899893944013,0.08431779928,-0.06509005378220696,,-6.89812e-05,-1.2397766e-05,7.867813e-06,1.0,4.4655055e-05,3.905222e-05,-4.4662505e-05,1.0,4.5895576e-06,-3.9055943e-05,-4.61936e-06,1.0,155,0.47,0,0,0.0,False,-0.25320533114930877,1.0527014806101715
0.48078292701393366,13:54:29.571261,13:54:19.317542,0,,0.11769135,0.00077459216,0.032229498,0.80242586,0.5226222,-0.2880603,0.44699967,-0.20659411,0.87035054,0.39535296,-0.82715476,-0.3993884,,0.07607617,-0.02583836,0.015669405,-0.047613285,0.11463094,0.99226636,-0.12970725,-0.98569167,0.10764749,0.99040854,-0.12357852,0.06180048,,0.1062864,1.340444,0.44017825,0.9956681,0.012151332,-0.09218105,-0.051378768,-0.75440186,-0.654399,-0.07749338,0.65630037,-0.75050956,,-0.086068906,0.2689917,-0.0897214,-0.8240402,-0.44597623,0.34937522,0.5617938,-0.7228504,0.40233698,0.07311329,0.5278187,0.8462044,,-0.040160883,0.39056402,-0.35867637,-0.03838727,-0.032803874,-0.99872434,0.7745334,-0.632469,-0.008996264,-0.6313671,-0.77389073,0.049686458,,1.1755698435802033,0.39506412291382903,0.20070717328,3.5657774889543368,-0.10316055732290753,-0.6790039518424749,-0.4029698111532669,,-0.9133212806372875,-0.28242034121039034,0.21771060921000002,-1.5531734113898719,-1.0650815156716082,0.05114340672699852,0.8776476673394822,,-0.04931645967666478,-0.06459899893944013,0.08431779928,-0.06509005378220696,,-6.89812e-05,-1.2397766e-05,7.867813e-06,1.0,4.4655055e-05,3.905222e-05,-4.4662505e-05,1.0,4.5895576e-06,-3.9055943e-05,-4.61936e-06,1.0,163,0.495,0,0,0.0,False,-0.25308617571226666,1.0523635192047154
0.513727440033108,13:54:29.598655,13:54:19.317542,0,,0.11765073,0.0007331073,0.032723054,0.80194235,0.5234442,-0.28791425,0.44530427,-0.2024954,0.87218094,0.39823672,-0.8276484,-0.39548165,,0.07607798,-0.02584143,0.015669882,-0.047604866,0.11444798,0.99228793,-0.12980247,-0.9856995,0.10746086,0.9903964,-0.1236856,0.061779723,,0.1062864,1.340444,0.44017825,0.9956681,0.012151332,-0.09218105,-0.051378768,-0.75440186,-0.654399,-0.07749338,0.65630037,-0.75050956,,-0.08607725,0.2692877,-0.0901205,-0.8238844,-0.44663224,0.34890416,0.56244326,-0.7201345,0.4062805,0.069799975,0.53096694,0.8445129,,-0.040162515,0.39056262,-0.35867926,-0.038387787,-0.03261142,-0.99873066,0.77447253,-0.63254184,-0.009113767,-0.6314417,-0.7738393,0.04953853,,1.1763652850662485,0.39579778253688036,0.20026124952000002,3.565148419123883,-0.10616656031774722,-0.6815351611097279,-0.4050932840130126,,-0.9133290033701617,-0.28242806394326453,0.21771060921000002,-1.5529637214463874,-1.0650815156716082,0.05114340672699852,0.8776476673394822,,-0.04931645967666478,-0.06459899893944013,0.08431779928,-0.06509005378220696,,-6.89812e-05,-1.2397766e-05,7.867813e-06,1.0,4.4655055e-05,3.905222e-05,-4.4662505e-05,1.0,4.5895576e-06,-3.9055943e-05,-4.61936e-06,1.0,178,0.54,0,0,0.0,False,-0.25278828711966117,1.0524600796062742
0.5411618670332246,13:54:29.637755,13:54:19.317542,0,,0.117560685,0.00070624053,0.03329195,0.7999289,0.52665484,-0.2876603,0.44438905,-0.19773847,0.87373775,0.40327674,-0.82676125,-0.39221644,,0.076079234,-0.025841296,0.015670776,-0.047611985,0.11444625,0.99228776,-0.12980476,-0.98569953,0.10745811,0.9903958,-0.12368724,0.061786775,,0.1062864,1.340444,0.44017825,0.9956681,0.012151332,-0.09218105,-0.051378768,-0.75440186,-0.654399,-0.07749338,0.65630037,-0.75050956,,-0.08604325,0.2696465,-0.090570584,-0.8223926,-0.4497797,0.34838003,0.56516564,-0.71611655,0.40959108,0.06525497,0.5337371,0.843129,,-0.040163852,0.39056328,-0.35867962,-0.038380496,-0.032609545,-0.99873096,0.77447164,-0.632543,-0.009109228,-0.63144326,-0.77383846,0.049532484,,1.1775623086617533,0.3965623330914286,0.19975828900000003,3.562003069971615,-0.11081220130977221,-0.6828110342727644,-0.4050932840130126,,-0.9133367261030358,-0.28242806394326453,0.21771060921000002,-1.5529637214463874,-1.0650815156716082,0.05114340672699852,0.8776476673394822,,-0.04931645967666478,-0.06459899893944013,0.08431779928,-0.06509005378220696,,-6.89812e-05,-1.2397766e-05,7.867813e-06,1.0,4.4655055e-05,3.905222e-05,-4.4662505e-05,1.0,4.5895576e-06,-3.9055943e-05,-4.61936e-06,1.0,186,0.564,0,0,0.0,False,-0.25397984149008224,1.0520738380000385
0.5802520849974826,13:54:29.672142,13:54:19.461493,0,,0.117467076,0.000701949,0.03368427,0.79759943,0.53006524,-0.2878644,0.44459307,-0.19409716,0.8744502,0.407642,-0.8254436,-0.3904752,,0.07607673,-0.025841534,0.015668988,-0.047597766,0.11436866,0.9922974,-0.12980008,-0.98570824,0.10738309,0.99039716,-0.123688996,0.061762564,,0.1062864,1.340444,0.44017825,0.9956681,0.012151332,-0.09218105,-0.051378768,-0.75440186,-0.654399,-0.07749338,0.65630037,-0.75050956,,-0.08598807,0.26990595,-0.09087445,-0.82049024,-0.4531984,0.348435,0.5682968,-0.71266073,0.41128263,0.061923325,0.5354679,0.8422824,,-0.04016118,0.39056197,-0.35867888,-0.038395073,-0.03253172,-0.9987329,0.7744735,-0.6325399,-0.009169972,-0.63144016,-0.77384424,0.04948137,,1.1785817094011508,0.3970411425296305,0.19941866102000003,3.5582286509888936,-0.11450138680343909,-0.6830699004785834,-0.4050932840130125,,-0.9133212806372875,-0.28242806394326453,0.21771060921000002,-1.5529637214463874,-1.0650815156716082,0.05122508546713905,0.8778110114056166,,-0.04931645967666478,-0.06459899893944013,0.08431779928,-0.06509005378220696,,-6.89812e-05,-1.2397766e-05,7.867813e-06,1.0,4.4655055e-05,3.905222e-05,-4.4662505e-05,1.0,4.5895576e-06,-3.9055943e-05,-4.61936e-06,1.0,198,0.601,0,0,0.0,False,-0.2543373078012081,1.0522669588031563
0.6146505250362679,13:54:29.703367,13:54:19.461493,0,,0.11734013,0.0006926209,0.034124985,0.7964942,0.53259295,-0.28625458,0.44210184,-0.19001094,0.876608,0.41248384,-0.824767,-0.3868029,,0.07607691,-0.025846466,0.015669525,-0.04760151,0.11435656,0.9922986,-0.12978041,-0.9857122,0.10737183,0.9903995,-0.123669684,0.061762616,,0.1062864,1.340444,0.44017825,0.9956681,0.012151332,-0.09218105,-0.051378768,-0.75440186,-0.654399,-0.07749338,0.65630037,-0.75050956,,-0.08590453,0.27019498,-0.09122077,-0.81992686,-0.45566475,0.34653938,0.5696665,-0.7092557,0.4152546,0.056568157,0.53789026,0.84111476,,-0.040161073,0.39055985,-0.35868335,-0.038392965,-0.03252129,-0.99873334,0.77448624,-0.6325242,-0.009175947,-0.6314246,-0.7738576,0.04947177,,1.1798714057911464,0.3974504473719644,0.19903625547,3.5567608213845023,-0.12010348329382216,-0.6843009569770101,-0.40394987555007256,,-0.9133212806372875,-0.2824512321418872,0.21770931292,-1.5529637214463874,-1.0650815156716082,0.05122508546713905,0.8778110114056166,,-0.04931645967666478,-0.06459899893944013,0.08431779928,-0.06509005378220696,,-6.89812e-05,-1.2397766e-05,7.867813e-06,1.0,4.4655055e-05,3.905222e-05,-4.4662505e-05,1.0,4.5895576e-06,-3.9055943e-05,-4.61936e-06,1.0,206,0.626,0,0,0.0,False,-0.25254997624557696,1.0526049202086123
0.6458668290288188,13:54:29.731022,13:54:19.461493,0,,0.11724663,0.000687629,0.034351483,0.79443306,0.53565425,-0.2862702,0.44265044,-0.18791878,0.87678224,0.4158566,-0.82326245,-0.38639653,,0.07607932,-0.025852606,0.015669703,-0.04761363,0.11458185,0.992272,-0.12975627,-0.98569083,0.10759562,0.9904021,-0.123630375,0.061800025,,0.1062864,1.340444,0.44017825,0.9956681,0.012151332,-0.09218105,-0.051378768,-0.75440186,-0.654399,-0.07749338,0.65630037,-0.75050956,,-0.085833475,0.27034456,-0.09140143,-0.8181861,-0.45879737,0.34652057,0.57239044,-0.7068246,0.41565394,0.05422833,0.53842735,0.8409253,,-0.04016304,0.3905565,-0.35868868,-0.038382873,-0.03275023,-0.99872625,0.77450246,-0.63250655,-0.009024387,-0.63140535,-0.7738623,0.04964255,,1.1806591245443172,0.39758173383082623,0.19883921939000002,3.5534057822887495,-0.1229728497888964,-0.6835947558021965,-0.40394987555007256,,-0.9133290033701617,-0.2824821230733841,0.21770931292,-1.5529637214463874,-1.0650815156716082,0.05098004924671731,0.8776476673394824,,-0.04931645967666478,-0.06459899893944013,0.08431779928,-0.06509005378220696,,-6.89812e-05,-1.2397766e-05,7.867813e-06,1.0,4.4655055e-05,3.905222e-05,-4.4662505e-05,1.0,4.5895576e-06,-3.9055943e-05,-4.61936e-06,1.0,225,0.683,0,0,0.0,False,-0.2524903985270561,1.052122118200818
0.6735279639833607,13:54:29.784995,13:54:19.461493,0,,0.11718303,0.0007044226,0.03472756,0.78539383,0.550066,-0.28387308,0.44226372,-0.17780212,0.8790842,0.43308118,-0.8159742,-0.3829189,,0.07608286,-0.025861964,0.015671492,-0.047635358,0.1145542,0.9922742,-0.12972131,-0.9856986,0.10756763,0.9904056,-0.12359503,0.061814222,,0.1062864,1.340444,0.44017825,0.9956681,0.012151332,-0.09218105,-0.051378768,-0.75440186,-0.654399,-0.07749338,0.65630037,-0.75050956,,-0.085806005,0.27060786,-0.09167653,-0.81086427,-0.4735572,0.34386432,0.58384436,-0.6950432,0.41957203,0.040309206,0.5409792,0.8400694,,-0.04016608,0.3905527,-0.35869762,-0.038364086,-0.032725614,-0.9987278,0.77452624,-0.6324774,-0.009027264,-0.63137734,-0.7738872,0.049611263,,1.1817557526124571,0.39764351569382,0.1985397764,3.5408243856796786,-0.13868604726192205,-0.6830335078981924,-0.40394987555007267,,-0.91334444883591,-0.2825284594706295,0.21770801663000003,-1.5529637214463874,-1.0650815156716082,0.05098004924671734,0.877974355471751,,-0.04931645967666478,-0.06459899893944013,0.08431779928,-0.06509005378220696,,-6.89812e-05,-1.2397766e-05,7.867813e-06,1.0,4.4655055e-05,3.905222e-05,-4.4662505e-05,1.0,4.5895576e-06,-3.9055943e-05,-4.61936e-06,1.0,233,0.708,0,0,0.0,False,-0.252847864838182,1.0526532004093918
0.7274278990225866,13:54:29.804495,13:54:19.461493,0,,0.11719023,0.0007317811,0.034871325,0.78142935,0.5582681,-0.27875605,0.43882522,-0.17406112,0.88155264,0.44362214,-0.81119645,-0.3809986,,0.0760819,-0.025863633,0.015670478,-0.04762949,0.114632934,0.9922654,-0.12971249,-0.9856911,0.10764715,0.9904071,-0.1235818,0.06181728,,0.1062864,1.340444,0.44017825,0.9956681,0.012151332,-0.09218105,-0.051378768,-0.75440186,-0.654399,-0.07749338,0.65630037,-0.75050956,,-0.08582627,0.2707229,-0.091765024,-0.80803216,-0.4820743,0.3386568,0.58838326,-0.6894367,0.42247158,0.029819727,0.54063064,0.84073144,,-0.040164903,0.39055106,-0.3586985,-0.038370673,-0.032805588,-0.99872494,0.77453136,-0.6324717,-0.008982137,-0.6313706,-0.77388847,0.049677324,,1.1821727801876654,0.39760490202944887,0.19844385094000003,3.5364208968665034,-0.14989024024268818,-0.6812483264077365,-0.40460325181460965,,-0.9133367261030358,-0.2825361822035037,0.21770801663000003,-1.5529637214463874,-1.0650815156716082,0.05089837050657678,0.8778110114056168,,-0.04931645967666478,-0.06459899893944013,0.08431779928,-0.06509005378220696,,-6.89812e-05,-1.2397766e-05,7.867813e-06,1.0,4.4655055e-05,3.905222e-05,-4.4662505e-05,1.0,4.5895576e-06,-3.9055943e-05,-4.61936e-06,1.0,241,0.732,0,0,0.0,False,-0.252847864838182,1.0528946014132892
0.7469833890208974,13:54:29.839696,13:54:19.634492,0,,0.117237,0.0008048266,0.03505461,0.76921785,0.57877403,-0.27078503,0.43651447,-0.16648579,0.8841592,0.46664655,-0.7983127,-0.3807071,,0.07608304,-0.025869861,0.015669763,-0.04763449,0.114535764,0.9922764,-0.12968609,-0.9857049,0.107551634,0.9904103,-0.123561114,0.06180724,,0.1062864,1.340444,0.44017825,0.9956681,0.012151332,-0.09218105,-0.051378768,-0.75440186,-0.654399,-0.07749338,0.65630037,-0.75050956,,-0.08588844,0.27089655,-0.09184923,-0.798167,-0.503508,0.33077055,0.6023529,-0.67613506,0.4242786,0.010017917,0.5378858,0.8429582,,-0.040165532,0.39054707,-0.35870343,-0.038367867,-0.032710105,-0.99872816,0.7745485,-0.6324499,-0.009041767,-0.6313498,-0.7739103,0.049601316,,1.1826747578244898,0.39744272463909014,0.19835440693000003,3.5211135309921326,-0.17175208020515864,-0.674611449215566,-0.4050932840130127,,-0.9133367261030358,-0.28256707313500057,0.21770801663000003,-1.5529637214463874,-1.0650815156716082,0.05098004924671731,0.8776476673394824,,-0.04931645967666478,-0.06459899893944013,0.08431779928,-0.06509005378220696,,-6.89812e-05,-1.2397766e-05,7.867813e-06,1.0,4.4655055e-05,3.905222e-05,-4.4662505e-05,1.0,4.5895576e-06,-3.9055943e-05,-4.61936e-06,1.0,249,0.757,0,0,0.0,False,-0.2524308208085344,1.052025557799259
0.7822013670229353,13:54:29.864147,13:54:19.634492,0,,0.117302224,0.0008992404,0.035263523,0.7557224,0.60313034,-0.25518107,0.42885548,-0.16128469,0.88885885,0.4949411,-0.78116643,-0.38054225,,0.07608198,-0.025874913,0.015669465,-0.04763113,0.11452539,0.99227774,-0.12966403,-0.9857087,0.107543126,0.9904134,-0.12354013,0.061800234,,0.1062864,1.340444,0.44017825,0.9956681,0.012151332,-0.09218105,-0.051378768,-0.75440186,-0.654399,-0.07749338,0.65630037,-0.75050956,,-0.085970856,0.27110237,-0.09193675,-0.7876817,-0.5292498,0.31536052,0.6158378,-0.6619703,0.42724597,-0.017360555,0.53074473,0.8473539,,-0.04016409,0.3905443,-0.35870752,-0.03837305,-0.03270155,-0.9987283,0.7745622,-0.632433,-0.009052284,-0.6313327,-0.77392447,0.049597766,,1.1832848537215537,0.3971338153241212,0.19827144437000002,3.506435234948216,-0.2012655641544938,-0.6632053867389262,-0.402969811153267,,-0.9133290033701617,-0.28259024133362326,0.21770672034000002,-1.5529637214463874,-1.0650815156716082,0.05098004924671734,0.877974355471751,,-0.04931645967666478,-0.06459899893944013,0.08431779928,-0.06509005378220696,,-6.89812e-05,-1.2397766e-05,7.867813e-06,1.0,4.4655055e-05,3.905222e-05,-4.4662505e-05,1.0,4.5895576e-06,-3.9055943e-05,-4.61936e-06,1.0,272,0.827,0,0,0.0,False,-0.2538011083345184,1.0521703984015973
0.8066132960375398,13:54:29.925297,13:54:19.634492,0,,0.11733048,0.0011011809,0.0358025,0.7103918,0.66574043,-0.22832665,0.4114789,-0.12967041,0.90214777,0.5709891,-0.73483014,-0.36605504,,0.076084055,-0.02589126,0.01567179,-0.04761477,0.11421805,0.992314,-0.12981248,-0.98572326,0.10723059,0.9903947,-0.123708814,0.061761916,,0.1062864,1.340444,0.44017825,0.9956681,0.012151332,-0.09218105,-0.051378768,-0.75440186,-0.654399,-0.07749338,0.65630037,-0.75050956,,-0.086045295,0.27160808,-0.092202775,-0.7503978,-0.59513086,0.28761503,0.65487856,-0.6103733,0.4456214,-0.089650504,0.52274626,0.8477613,,-0.040165223,0.39053747,-0.35872266,-0.03837708,-0.032379225,-0.9987386,0.774467,-0.63254666,-0.009252081,-0.6314492,-0.77384514,0.049351934,,1.1851460323442418,0.39560471421502474,0.19807570458,3.4575774781163218,-0.28065137051821465,-0.6464986838939559,-0.40591000434368396,,-0.9133367261030358,-0.28265202319661703,0.21770283147000002,-1.5525443415594185,-1.0650815156716082,0.05089837050657678,0.8778110114056168,,-0.04931645967666478,-0.06459899893944013,0.08431779928,-0.06509005378220696,,-6.89812e-05,-1.2397766e-05,7.867813e-06,1.0,4.4655055e-05,3.905222e-05,-4.4662505e-05,1.0,4.5895576e-06,-3.9055943e-05,-4.61936e-06,1.0,280,0.851,0,0,0.0,False,-0.2548735072678969,1.0522186786023768
0.8677995559992269,13:54:29.953997,13:54:19.634492,0,,0.11725855,0.0011555105,0.035965964,0.69306004,0.6876503,-0.21634416,0.40559074,-0.12385985,0.90562403,0.5959563,-0.715399,-0.364747,,0.07608327,-0.025897875,0.015671253,-0.047612656,0.114203654,0.99231577,-0.12978387,-0.9857283,0.10721834,0.9903985,-0.123681426,0.061754934,,0.1062864,1.340444,0.44017825,0.9956681,0.012151332,-0.09218105,-0.051378768,-0.75440186,-0.654399,-0.07749338,0.65630037,-0.75050956,,-0.08598799,0.27175975,-0.09229534,-0.7357252,-0.6186419,0.2756638,0.66766346,-0.5941397,0.44857943,-0.113727234,0.51408184,0.8501682,,-0.040163938,0.3905337,-0.35872802,-0.038381558,-0.032367192,-0.9987388,0.77448493,-0.6325245,-0.009264583,-0.63142693,-0.77386373,0.04934518,,1.1860032556932807,0.39476293633173426,0.19802903814000003,3.439334453033169,-0.3075687609720064,-0.6341057694622068,-0.4031331552194012,,-0.9133290033701617,-0.28268291412811397,0.21770153518000002,-1.5525443415594185,-1.0650815156716082,0.05089837050657678,0.8778110114056168,,-0.04931645967666478,-0.06459899893944013,0.08431779928,-0.06509005378220696,,-6.89812e-05,-1.2397766e-05,7.867813e-06,1.0,4.4655055e-05,3.905222e-05,-4.4662505e-05,1.0,4.5895576e-06,-3.9055943e-05,-4.61936e-06,1.0,288,0.876,0,0,0.0,False,-0.25451604095677105,1.0525566400078332
0.8964910529903136,13:54:29.981332,13:54:19.778924,0,,0.11706692,0.0012265593,0.036238953,0.6570078,0.72723633,-0.19866547,0.40112585,-0.114100486,0.9088889,0.63830924,-0.6768371,-0.36667827,,0.07608421,-0.02591382,0.015669703,-0.04761804,0.114084005,0.99232924,-0.12971562,-0.98574984,0.10710308,0.9904073,-0.12362039,0.061737955,,0.1062864,1.340444,0.44017825,0.9956681,0.012151332,-0.09218105,-0.051378768,-0.75440186,-0.654399,-0.07749338,0.65630037,-0.75050956,,-0.08582167,0.27200127,-0.092469364,-0.7040638,-0.6614746,0.2583516,0.6937822,-0.5630864,0.44899884,-0.15152706,0.49536353,0.8553681,,-0.0401636,0.39052394,-0.35874075,-0.03838183,-0.03225272,-0.9987425,0.7745285,-0.63247,-0.009340688,-0.63137347,-0.7739131,0.049256008,,1.1874396840078865,0.3931179942295244,0.19794866816,3.39907398388414,-0.3510191678974165,-0.6070061075810822,-0.40476659588074393,,-0.9133212806372875,-0.2827601414568562,0.21770023889,-1.5525443415594185,-1.0650815156716082,0.05098004924671731,0.8776476673394824,,-0.04931645967666478,-0.06459899893944013,0.08431779928,-0.06509005378220696,,-6.89812e-05,-1.2397766e-05,7.867813e-06,1.0,4.4655055e-05,3.905222e-05,-4.4662505e-05,1.0,4.5895576e-06,-3.9055943e-05,-4.61936e-06,1.0,296,0.9,0,0,0.0,False,-0.25546928445310746,1.0527980410117301
0.9238386389915831,13:54:30.007326,13:54:19.778924,0,,0.11674997,0.0012883395,0.036536977,0.61343646,0.7679988,-0.18404731,0.3995254,-0.100762576,0.9111675,0.68123055,-0.63247514,-0.3686465,,0.07608895,-0.025929332,0.015669525,-0.047492202,0.11405833,0.99233824,-0.12973893,-0.985748,0.107091725,0.9904102,-0.12365869,0.061613142,,0.1062864,1.340444,0.44017825,0.9956681,0.012151332,-0.09218105,-0.051378768,-0.75440186,-0.654399,-0.07749338,0.65630037,-0.75050956,,-0.08553334,0.27225775,-0.09267956,-0.6648961,-0.7059374,0.24406062,0.7227483,-0.52557325,0.4487847,-0.18854219,0.4747896,0.8596666,,-0.0401672,0.39051515,-0.35875392,-0.038505435,-0.032223687,-0.9987387,0.774504,-0.6324984,-0.009453106,-0.631396,-0.7738911,0.049312,,1.18914640797309,0.391140974613723,0.19785533528000002,3.3493774672783077,-0.3944695748228266,-0.5761492236534915,-0.4054199721452809,,-0.9133367261030358,-0.2828296460527242,0.21769894260000003,-1.5523346516159338,-1.0649448791718428,0.05078695260288049,0.8778110114056168,,-0.04931645967666478,-0.06459899893944013,0.08431779928,-0.06509005378220696,,-6.89812e-05,-1.2397766e-05,7.867813e-06,1.0,4.4655055e-05,3.905222e-05,-4.4662505e-05,1.0,4.5895576e-06,-3.9055943e-05,-4.61936e-06,1.0,304,0.925,0,0,0.0,False,-0.25588632848275505,1.0518324369961412
0.9498341230209917,13:54:30.026839,13:54:19.778924,0,,0.11649522,0.0013403594,0.036742255,0.58009416,0.7947111,-0.17867574,0.40165925,-0.08824885,0.9115273,0.70863295,-0.60053843,-0.3703957,,0.07609343,-0.025957659,0.015667439,-0.0475147,0.11512041,0.9922145,-0.12962028,-0.9856479,0.10815136,0.99042463,-0.123472124,0.061754704,,0.1062864,1.340444,0.44017825,0.9956681,0.012151332,-0.09218105,-0.051378768,-0.75440186,-0.654399,-0.07749338,0.65630037,-0.75050956,,-0.085298225,0.27244306,-0.09282143,-0.63430506,-0.73524576,0.23889488,0.7438467,-0.49626866,0.44767115,-0.21059227,0.46166125,0.8616959,,-0.04016946,0.39049807,-0.35877693,-0.038492806,-0.033303138,-0.9987038,0.7745808,-0.6324142,-0.008765771,-0.63130254,-0.77391416,0.05013937,,1.1902662042398526,0.38987444642235014,0.19779181707000001,3.310165447846701,-0.42084041927755655,-0.5548089257203633,-0.405419972145281,,-0.9133367261030358,-0.28296865524446024,0.21769764631000002,-1.5523346516159338,-1.0649448791718428,0.04964345024091257,0.8774843232733482,,-0.04931645967666478,-0.06459899893944013,0.08431779928,-0.06509005378220696,,-6.89812e-05,-1.2397766e-05,7.867813e-06,1.0,4.4655055e-05,3.905222e-05,-4.4662505e-05,1.0,4.5895576e-06,-3.9055943e-05,-4.61936e-06,1.0,319,0.97,0,0,0.0,False,-0.25582675076423333,1.0517358765945823
