camera_matrix:
- - 12029.743037244149
  - 0.0
  - 832.3569119782063
- - 0.0
  - 11572.618095179057
  - 422.0201045795516
- - 0.0
  - 0.0
  - 1.0
dist_coeff:
- - -3.3365284083300404
  - -13.08283225282264
  - 0.1279391985864649
  - -0.06334724525071189
  - -0.07566556409474608
mean reprojection error:
- 0.06899120926468964
