camera_matrix:
- - 2038.1024133787027
  - 0.0
  - 561.5541486910668
- - 0.0
  - 2017.4573700457831
  - 455.6356346098366
- - 0.0
  - 0.0
  - 1.0
dist_coeff:
- - -0.46318411379889823
  - 4.4860134840705665
  - 0.010411388891106373
  - -0.005887591337954718
  - -32.12626850115142
mean reprojection error:
- 0.03308911083416834
