camera_matrix:
- - 1804.7182505009446
  - 0.0
  - 580.2775133117799
- - 0.0
  - 1804.6819556368134
  - 555.3117438985716
- - 0.0
  - 0.0
  - 1.0
dist_coeff:
- - -0.1948570490795398
  - -0.853745691986638
  - -0.0027500579436766375
  - -0.005319166753254635
  - 7.546630430895517
mea reprojection error:
- 0.03958426237262396
