Task Time,PC1 Time,PC2 Time,Gaze Calib,s_T_psm1,Tx,Ty,Tz,R00,R01,R02,R10,R11,R12,R20,R21,R22,s_T_psm3,Tx,Ty,Tz,R00,R01,R02,R10,R11,R12,R20,R21,R22,cart_T_ecm,Tx,Ty,Tz,R00,R01,R02,R10,R11,R12,R20,R21,R22,ecm_T_psm1,Tx,Ty,Tz,R00,R01,R02,R10,R11,R12,R20,R21,R22,ecm_T_psm3,Tx,Ty,Tz,R00,R01,R02,R10,R11,R12,R20,R21,R22,psm1_joints,q1,q2,q3,q4,q5,q6,jaw,psm3_joints,q1,q2,q3,q4,q5,q6,jaw,ecm_joints,q1,q2,q3,q4,ecmi_T_ecm,Tx,Ty,Tz,R00,R01,R02,R10,R11,R12,R20,R21,R22,Sample #,Task Duration (s),Collisions (binary),Collisions (increments),Cumulative Collision Time (s),Clutch Press,MTMR Angle,MTML Angle
""
lci_T_si,,,,,-0.06091442,0.024665864,0.22852185,0.99137235,-0.028050909,0.12803915,0.064119875,-0.7481916,-0.6603772,0.11432199,0.66288954,-0.7399378
rci_T_si,,,,,-0.070449755,0.028832521,0.23726377,0.99015677,-0.04510285,0.13249657,0.05696979,-0.73481125,-0.6758749,0.12784386,0.6767704,-0.72500885
ecm_T_lc,,,,,-4.4061628e-05,-0.00034663224,-0.01840835,-0.99912,0.030754527,0.028518902,-0.031987965,-0.99852574,-0.043852776,0.027128186,-0.04472645,0.9986309
ecm_T_rc,,,,,-0.0043358393,0.01870579,-0.007592615,-0.99555075,-0.052743673,-0.078081585,0.04863213,-0.9973746,0.053654674,-0.08070653,0.04961868,0.9955021
cart_T_ecmi,,,,,0.10511527,1.3401165,0.4406436,0.9942844,0.013551921,-0.10590021,-0.05987073,-0.75049466,-0.658159,-0.08839686,0.6607376,-0.74539375
ecmac_T_ecmrep_psm1,,,,,0.006928962,-0.26080152,-0.2999526,0.99741316,0.06053514,0.03876121,-0.0592658,0.9976933,-0.033100393,-0.040675536,0.030717555,0.99870014
ecmac_T_ecmrep_psm3,,,,,-0.019041438,-0.46633056,-0.5465172,0.99408877,-0.01321918,0.10776258,-0.016145537,0.96352404,0.2671344,-0.107363135,-0.2672952,0.95761496
""
0,19:19:40.245594,19:19:30.418307,0,,0.12853436,0.006007433,0.032439217,0.6445975,0.43084425,-0.63155925,0.6698648,0.0798628,0.7381755,0.36847672,-0.89888537,-0.23712808,,0.023594692,-0.003036514,0.023846984,-0.6243222,0.5981406,0.5024436,0.21802574,-0.48421305,0.84735036,0.7501244,0.6385652,0.17189491,,0.10513644,1.3401171,0.4406461,0.9942825,0.013527784,-0.10592138,-0.05990271,-0.7504951,-0.6581556,-0.08839686,0.6607376,-0.74539375,,-0.096736394,0.26538968,-0.083781734,-0.64950395,-0.33452412,0.6828164,0.71931434,-0.56138283,0.4091897,0.24643758,0.75692993,0.6052484,,0.008493246,0.41213396,-0.34463412,0.5374789,-0.6345439,-0.55540115,0.819794,0.23882852,0.5204793,-0.19762133,-0.7350612,0.6485606,,1.238471502840762,0.5808653531347965,0.20869361597000002,3.333860411460453,0.24567242657826194,-0.9066054568416073,-0.3990495535660441,,-0.7395906818987329,-0.1708654648422173,0.19097073909,-3.562632139802069,-0.9654735073426023,1.0907971058812431,0.86572355051168,,-0.06277949319423604,-0.05761550026989781,0.08432494304,-0.06639839657179906,,2.0790845e-05,1.3709068e-06,-4.529953e-06,0.99999994,-2.3975968e-05,-2.1249056e-05,2.3972243e-05,1.0,-2.8014183e-06,2.1249056e-05,2.8312206e-06,1.0,34,0.101,1,1,0.0,False,-0.25546928445310746,1.0398589472028357
0.12866625399328768,19:19:40.271158,19:19:30.490602,0,,0.12850715,0.006061539,0.032496095,0.6412054,0.43940923,-0.6291064,0.66841996,0.08286551,0.7391536,0.37692213,-0.8944566,-0.24057616,,0.023620851,-0.0030874163,0.023842812,-0.62471116,0.59832317,0.50174224,0.21765225,-0.4836638,0.84775996,0.749909,0.6388104,0.17192385,,0.10513644,1.3401171,0.4406461,0.9942825,0.013527784,-0.10592138,-0.05990271,-0.7504951,-0.6581556,-0.08839686,0.6607376,-0.74539375,,-0.09671278,0.26546893,-0.083789855,-0.6470423,-0.34335646,0.6807662,0.7240515,-0.55649835,0.40750343,0.23892637,0.7565817,0.60868573,,0.008469995,0.41210192,-0.34467566,0.53790396,-0.6347746,-0.55472565,0.8194629,0.23929593,0.520786,-0.19783813,-0.7347099,0.64889246,,1.2389734804775865,0.5808112940046769,0.20866769017000003,3.32861816287334,0.23774750959186638,-0.9031653318124157,-0.39888620949990994,,-0.7397142456247204,-0.17116665142431203,0.19096944280000003,-3.563680589519491,-0.9658834168418985,1.0910496808521917,0.8655602064455457,,-0.06277949319423604,-0.05761550026989781,0.08432494304,-0.06639839657179906,,2.0790845e-05,1.3709068e-06,-4.529953e-06,0.99999994,-2.3975968e-05,-2.1249056e-05,2.3972243e-05,1.0,-2.8014183e-06,2.1249056e-05,2.8312206e-06,1.0,46,0.138,1,1,0.037,False,-0.25540970673458663,1.0400520680059533
0.15421120898099616,19:19:40.309596,19:19:30.490602,0,,0.12844452,0.0061189234,0.03254108,0.6358912,0.44649675,-0.6295099,0.66852385,0.08890334,0.73835766,0.38563973,-0.8903576,-0.24196097,,0.023656588,-0.0031205267,0.023845851,-0.62482125,0.59851146,0.5013804,0.21757105,-0.48325598,0.8480134,0.74984074,0.6389426,0.17172986,,0.10513644,1.3401171,0.4406461,0.9942825,0.013527784,-0.10592138,-0.05990271,-0.7504951,-0.6581556,-0.08839686,0.6607376,-0.74539375,,-0.09665261,0.26554388,-0.083790705,-0.6426319,-0.3505588,0.6812729,0.73018676,-0.5495385,0.40599844,0.23205939,0.758364,0.60912436,,0.008435692,0.41208404,-0.34470543,0.5380238,-0.63499355,-0.55435866,0.81937534,0.2395946,0.5207864,-0.19787467,-0.73442334,0.6492057,,1.2396685264362668,0.5806722848129409,0.2086508384,3.3208596349644117,0.23036913860453262,-0.9033563492634917,-0.3998662738967156,,-0.7398841457479534,-0.17139061067766453,0.19096944280000003,-3.5638902794629757,-0.9661566898414293,1.0907007654786005,0.8653968623794115,,-0.06277949319423604,-0.05761550026989781,0.08432494304,-0.06639839657179906,,2.0790845e-05,1.3709068e-06,-4.529953e-06,0.99999994,-2.3975968e-05,-2.1249056e-05,2.3972243e-05,1.0,-2.8014183e-06,2.1249056e-05,2.8312206e-06,1.0,58,0.175,1,1,0.074,False,-0.2544564632382502,1.0402451888090711
0.19266589294420555,19:19:40.345790,19:19:30.582359,0,,0.12833132,0.006208271,0.03259088,0.63179034,0.45311323,-0.62891096,0.66639805,0.09691143,0.73927116,0.39592218,-0.88616943,-0.24072617,,0.023685556,-0.0031414926,0.02385211,-0.62499106,0.59904605,0.5005296,0.21667594,-0.4828684,0.8484632,0.74995846,0.6387346,0.17198959,,0.10513644,1.3401171,0.4406461,0.9942825,0.013527784,-0.10592138,-0.05990271,-0.7504951,-0.6581556,-0.08839686,0.6607376,-0.74539375,,-0.09654132,0.26564756,-0.08377875,-0.63967913,-0.35721862,0.680592,0.7356822,-0.54104525,0.40748218,0.22267082,0.76135725,0.60889477,,0.008407253,0.41207573,-0.3447264,0.5382225,-0.63552266,-0.55355895,0.8190432,0.23955424,0.52132714,-0.19870782,-0.7339787,0.649454,,1.240711095374287,0.580401989162343,0.20864176437,3.3145689366598767,0.22025803762189,-0.9045861582462617,-0.3992128976321786,,-0.7400694913369348,-0.17154506533514904,0.19097333167000002,-3.564729039236914,-0.9671131453397875,1.0907455821432104,0.866213582710083,,-0.06277949319423604,-0.05761550026989781,0.08432494304,-0.06639839657179906,,2.0790845e-05,1.3709068e-06,-4.529953e-06,0.99999994,-2.3975968e-05,-2.1249056e-05,2.3972243e-05,1.0,-2.8014183e-06,2.1249056e-05,2.8312206e-06,1.0,70,0.212,1,1,0.111,False,-0.2552309735790237,1.0398106670020562
0.22882292896974832,19:19:40.379866,19:19:30.582359,0,,0.12827443,0.0062758774,0.03262697,0.62604374,0.46506622,-0.6259252,0.6655964,0.09949741,0.7396497,0.40626398,-0.8796667,-0.24725674,,0.02369031,-0.0031553954,0.023856342,-0.6261272,0.600068,0.4978786,0.21481141,-0.48107198,0.84995645,0.749547,0.63913083,0.17231083,,0.10513644,1.3401171,0.4406461,0.9942825,0.013527784,-0.10592138,-0.05990271,-0.7504951,-0.6581556,-0.08839686,0.6607376,-0.74539375,,-0.09648554,0.26572388,-0.0837656,-0.63504046,-0.3696449,0.67829657,0.7422565,-0.5351978,0.4032599,0.21395987,0.7595564,0.6142436,,0.008402757,0.4120718,-0.34474048,0.5394782,-0.63666016,-0.5510237,0.81787276,0.24068964,0.52264005,-0.2001184,-0.7326202,0.6505538,,1.241398418600093,0.580193475374739,0.20863657921000003,3.30639102886398,0.21096675563784006,-0.8985616368575757,-0.3985595213676415,,-0.7402316687272935,-0.17159140173239437,0.19097462796000003,-3.5680840783326664,-0.968206237337911,1.0913102104122194,0.8655602064455457,,-0.06277949319423604,-0.05761550026989781,0.08432494304,-0.06639839657179906,,2.0790845e-05,1.3709068e-06,-4.529953e-06,0.99999994,-2.3975968e-05,-2.1249056e-05,2.3972243e-05,1.0,-2.8014183e-06,2.1249056e-05,2.8312206e-06,1.0,91,0.278,1,1,0.177,False,-0.2552905512975445,1.0398589472028357
0.262889435980469,19:19:40.438819,19:19:30.582359,0,,0.12822118,0.0063767284,0.032686815,0.6115611,0.49028134,-0.6209806,0.66381204,0.10912031,0.7398962,0.43051884,-0.8647062,-0.25872102,,0.02372346,-0.0031746924,0.023863494,-0.6261484,0.60014457,0.4977596,0.21472228,-0.48098627,0.85002744,0.7495549,0.6391233,0.17230433,,0.10513644,1.3401171,0.4406461,0.9942825,0.013527784,-0.10592138,-0.05990271,-0.7504951,-0.6581556,-0.08839686,0.6607376,-0.74539375,,-0.09643437,0.26584062,-0.08374717,-0.6231582,-0.3958073,0.67454463,0.757783,-0.51894647,0.39554965,0.1934911,0.75764847,0.6233218,,0.008369996,0.41206464,-0.34476042,0.5395026,-0.63673955,-0.550908,0.8178369,0.24071817,0.5226831,-0.20019946,-0.7325418,0.6506172,,1.242394651140868,0.5796374386077948,0.20861583857000002,3.286680174176435,0.18924155217513502,-0.8892591004043227,-0.39757945697083563,,-0.7404015688505264,-0.17173813365700466,0.19097462796000003,-3.5680840783326664,-0.968479510337442,1.0911246525189096,0.8660502386439486,,-0.06277949319423604,-0.05761550026989781,0.08432494304,-0.06639839657179906,,2.0790845e-05,1.3709068e-06,-4.529953e-06,0.99999994,-2.3975968e-05,-2.1249056e-05,2.3972243e-05,1.0,-2.8014183e-06,2.1249056e-05,2.8312206e-06,1.0,99,0.302,1,1,0.201,False,-0.2552905512975445,1.0403900294114095
0.32187693199375644,19:19:40.467202,19:19:30.679643,0,,0.12822188,0.006403208,0.032704145,0.60058993,0.50524557,-0.61969215,0.6634696,0.11760455,0.7389028,0.44620597,-0.85492456,-0.26458302,,0.023732621,-0.003203541,0.023858309,-0.62630796,0.600324,0.4973424,0.21435413,-0.4807613,0.85024756,0.7495269,0.63912416,0.17242274,,0.10513644,1.3401171,0.4406461,0.9942825,0.013527784,-0.10592138,-0.05990271,-0.7504951,-0.6581556,-0.08839686,0.6607376,-0.74539375,,-0.0964357,0.26587182,-0.08374199,-0.61384416,-0.41130736,0.67381126,0.7684835,-0.5066446,0.39082524,0.18063354,0.7577186,0.6270837,,0.008362728,0.41204467,-0.34478262,0.53968096,-0.6369283,-0.550515,0.8176445,0.24081305,0.52294034,-0.20050433,-0.7323465,0.6507431,,1.2427190059215854,0.5791895201010898,0.20859898680000002,3.2724212580194867,0.17557790219859098,-0.8860401478283151,-0.3990495535660442,,-0.7404401825148975,-0.17190803378023758,0.19097592425,-3.5687131481631202,-0.9688894198367383,1.0913772274898583,0.8658868945778143,,-0.06277949319423604,-0.05761550026989781,0.08432494304,-0.06639839657179906,,2.0790845e-05,1.3709068e-06,-4.529953e-06,0.99999994,-2.3975968e-05,-2.1249056e-05,2.3972243e-05,1.0,-2.8014183e-06,2.1249056e-05,2.8312206e-06,1.0,116,0.355,1,1,0.254,False,-0.2559459062012759,1.0399072274036147
0.35027509497012943,19:19:40.521018,19:19:30.679643,0,,0.12823947,0.0064741373,0.032772347,0.5815595,0.5392152,-0.6091267,0.6552656,0.13323739,0.7435554,0.48209485,-0.8315615,-0.2758438,,0.023746014,-0.0032667518,0.023847103,-0.6265904,0.60049194,0.4967835,0.21420652,-0.48018754,0.85060894,0.7493331,0.6393976,0.17225164,,0.10513644,1.3401171,0.4406461,0.9942825,0.013527784,-0.10592138,-0.05990271,-0.7504951,-0.6581556,-0.08839686,0.6607376,-0.74539375,,-0.09645705,0.26596949,-0.08374249,-0.59888214,-0.446763,0.6646375,0.7872576,-0.48062032,0.38630244,0.14685266,0.7545906,0.6395525,,0.008353425,0.41200173,-0.3448313,0.53998744,-0.63714856,-0.5499593,0.81743425,0.24131857,0.52303594,-0.20053619,-0.73198843,0.65113604,,1.2433291018186492,0.5781083374986984,0.20854843149000002,3.2487262944057353,0.14005241225957646,-0.8737339558559202,-0.3993762416983129,,-0.7404633507135202,-0.1722632794924519,0.19097203538000002,-3.5695519079370577,-0.9691626928362691,1.0915183845571106,0.86572355051168,,-0.06277949319423604,-0.05761550026989781,0.08432494304,-0.06639839657179906,,2.0790845e-05,1.3709068e-06,-4.529953e-06,0.99999994,-2.3975968e-05,-2.1249056e-05,2.3972243e-05,1.0,-2.8014183e-06,2.1249056e-05,2.8312206e-06,1.0,137,0.421,1,1,0.32,False,-0.25576717304571295,1.0399555076043943
0.40408953797305003,19:19:40.591747,19:19:30.825959,0,,0.12797621,0.0064469725,0.032771274,0.55849266,0.57609546,-0.5968246,0.65052164,0.14224753,0.74604785,0.51469153,-0.8049096,-0.2953184,,0.023759507,-0.0033712834,0.023829162,-0.6269481,0.6007217,0.49605387,0.21391638,-0.47951812,0.85105956,0.7491167,0.6396842,0.1721288,,0.10513644,1.3401171,0.4406461,0.9942825,0.013527784,-0.10592138,-0.05990271,-0.7504951,-0.6581556,-0.08839686,0.6607376,-0.74539375,,-0.09619638,0.2659583,-0.083787,-0.57943076,-0.48572233,0.6544722,0.80652213,-0.45738497,0.37459445,0.11739686,0.74489784,0.65676874,,0.008346589,0.41193223,-0.34491223,0.5403776,-0.6374358,-0.5492428,0.817141,0.24187692,0.5232362,-0.20068032,-0.731554,0.6515798,,1.2449508757222363,0.5759768632254124,0.20847065409,3.2208375319222937,0.10794283481469795,-0.852778187856257,-0.4003563060951184,,-0.740455627980646,-0.17284248445801875,0.19096296135000002,-3.5708100475979654,-0.9697092388353309,1.0919640561718962,0.86572355051168,,-0.06277949319423604,-0.05761550026989781,0.08432494304,-0.06639839657179906,,2.0790845e-05,1.3709068e-06,-4.529953e-06,0.99999994,-2.3975968e-05,-2.1249056e-05,2.3972243e-05,1.0,-2.8014183e-06,2.1249056e-05,2.8312206e-06,1.0,145,0.446,1,1,0.345,False,-0.2561842170753601,1.0398106670020562
0.4748196269501932,19:19:40.611167,19:19:30.825959,0,,0.12786731,0.00645265,0.03277959,0.55390096,0.5823221,-0.59505826,0.6482061,0.14692748,0.7471554,0.52251554,-0.79957056,-0.29608154,,0.023761865,-0.0033985972,0.02382505,-0.6269979,0.6008828,0.49579567,0.21359766,-0.47944075,0.8511832,0.74916595,0.63959086,0.17226115,,0.10513644,1.3401171,0.4406461,0.9942825,0.013527784,-0.10592138,-0.05990271,-0.7504951,-0.6581556,-0.08839686,0.6607376,-0.74539375,,-0.096088745,0.2659721,-0.083800465,-0.5757508,-0.492251,0.6528399,0.81024176,-0.450563,0.374835,0.10963261,0.7447697,0.6582543,,0.008345908,0.41191468,-0.3449337,0.54043704,-0.63759047,-0.54900473,0.8170279,0.24181864,0.5234397,-0.20098059,-0.73143846,0.65161693,,1.2455995852836712,0.5753822127940971,0.20844991345000002,3.215385593391696,0.09947137182924065,-0.8510160384559344,-0.3998662738967157,,-0.740455627980646,-0.17299693911550323,0.19096166506,-3.5712294274849343,-0.9701191483346272,1.0922166311428447,0.8655602064455457,,-0.06277949319423604,-0.05761550026989781,0.08432494304,-0.06639839657179906,,2.0790845e-05,1.3709068e-06,-4.529953e-06,0.99999994,-2.3975968e-05,-2.1249056e-05,2.3972243e-05,1.0,-2.8014183e-06,2.1249056e-05,2.8312206e-06,1.0,158,0.486,1,1,0.385,False,-0.2556480176086704,1.0400037878051738
0.4942405459587462,19:19:40.652897,19:19:30.825959,0,,0.12753882,0.006469667,0.032831594,0.5345555,0.6042227,-0.59090185,0.6455662,0.15930572,0.74690425,0.54543054,-0.7807281,-0.3049081,,0.023775827,-0.003448218,0.023819566,-0.6270157,0.6007886,0.4958873,0.21386242,-0.47935015,0.8511677,0.7490754,0.6397472,0.17207402,,0.10513644,1.3401171,0.4406461,0.9942825,0.013527784,-0.10592138,-0.05990271,-0.7504951,-0.6581556,-0.08839686,0.6607376,-0.74539375,,-0.0957667,0.26603168,-0.083860904,-0.5589363,-0.51539254,0.64958507,0.8244128,-0.42954272,0.36856008,0.08907142,0.74152786,0.6649833,,0.008334848,0.41188347,-0.34497356,0.5404514,-0.6375162,-0.54907686,0.81708574,0.24200837,0.5232617,-0.20070663,-0.73144037,0.6516992,,1.2475843276323468,0.5738067752877553,0.20837343234000003,3.192529389551883,0.0770629858677084,-0.8419731998856048,-0.40198974675646126,,-0.7404710734463944,-0.17328268023184956,0.19095518361000002,-3.5712294274849343,-0.9701191483346272,1.0922166311428447,0.8655602064455457,,-0.06277949319423604,-0.05761550026989781,0.08432494304,-0.06639839657179906,,2.0790845e-05,1.3709068e-06,-4.529953e-06,0.99999994,-2.3975968e-05,-2.1249056e-05,2.3972243e-05,1.0,-2.8014183e-06,2.1249056e-05,2.8312206e-06,1.0,183,0.564,0,1,0.392,False,-0.2555288621716292,1.0395692659981588
0.5359264489961788,19:19:40.723469,19:19:30.947460,0,,0.12696807,0.0064050704,0.032888725,0.5216849,0.62066823,-0.5853337,0.64008063,0.16885206,0.7495237,0.5640403,-0.76567596,-0.3091902,,0.023777254,-0.0034654588,0.023822308,-0.626977,0.6008635,0.4958455,0.21383666,-0.47930044,0.85120213,0.7491152,0.63971406,0.17202377,,0.10513644,1.3401171,0.4406461,0.9942825,0.013527784,-0.10592138,-0.05990271,-0.7504951,-0.6581556,-0.08839686,0.6607376,-0.74539375,,-0.09520785,0.26604328,-0.08400485,-0.5482452,-0.5328501,0.64459133,0.83334774,-0.41296506,0.36741173,0.07041832,0.73860043,0.6704556,,0.008333962,0.41187698,-0.3449898,0.54041016,-0.63758975,-0.54903203,0.81710273,0.24199699,0.5232405,-0.20074867,-0.73138005,0.65175396,,1.2505344115903005,0.5714590644939911,0.20822176641,3.177222023677513,0.055884328404065146,-0.8333613712675592,-0.4003563060951184,,-0.7404710734463944,-0.17337535302634025,0.19094870216,-3.5712294274849343,-0.9702557848343927,1.0921646915662602,0.8652335183132772,,-0.06277949319423604,-0.05761550026989781,0.08432494304,-0.06639839657179906,,2.0790845e-05,1.3709068e-06,-4.529953e-06,0.99999994,-2.3975968e-05,-2.1249056e-05,2.3972243e-05,1.0,-2.8014183e-06,2.1249056e-05,2.8312206e-06,1.0,191,0.589,0,1,0.392,False,-0.25630337251240265,1.0392313045927026
0.6064957429771312,19:19:40.753383,19:19:30.947460,0,,0.12670535,0.006338954,0.032888427,0.51894057,0.62344146,-0.5848258,0.63930357,0.17109886,0.74967736,0.5674429,-0.7629193,-0.30977827,,0.023775984,-0.0034648776,0.02382499,-0.6269768,0.6009062,0.49579406,0.21382946,-0.47923356,0.85124165,0.7491175,0.639724,0.17197683,,0.10513644,1.3401171,0.4406461,0.9942825,0.013527784,-0.10592138,-0.05990271,-0.7504951,-0.6581556,-0.08839686,0.6607376,-0.74539375,,-0.094949454,0.26600385,-0.084076054,-0.5458922,-0.535789,0.64415205,0.83516264,-0.40955186,0.36711115,0.06711955,0.7383749,0.67104214,,0.008334935,0.4118797,-0.34499067,0.54041004,-0.6376363,-0.5489781,0.817101,0.24203469,0.5232257,-0.20075597,-0.731327,0.65181124,,1.2517314351858053,0.5704242182888449,0.20815176675000002,3.1736572946382764,0.05151196041157105,-0.831756288112647,-0.40068299422738696,,-0.7404710734463944,-0.17336763029346602,0.19094610958000002,-3.5712294274849343,-0.9702557848343927,1.0920830128261196,0.8650701742471429,,-0.06277949319423604,-0.05761550026989781,0.08432494304,-0.06639839657179906,,2.0790845e-05,1.3709068e-06,-4.529953e-06,0.99999994,-2.3975968e-05,-2.1249056e-05,2.3972243e-05,1.0,-2.8014183e-06,2.1249056e-05,2.8312206e-06,1.0,204,0.63,0,1,0.392,False,-0.2555288621716292,1.0390381837895846
0.636429205944296,19:19:40.793007,19:19:30.947460,0,,0.12648673,0.006290987,0.032917812,0.5154276,0.6277986,-0.58326924,0.6372416,0.17427379,0.7507009,0.57293755,-0.7586154,-0.31023392,,0.02377554,-0.00346528,0.023826122,-0.6269768,0.6008658,0.49584314,0.21382946,-0.47930306,0.8512025,0.7491175,0.63971,0.17202911,,0.10513644,1.3401171,0.4406461,0.9942825,0.013527784,-0.10592138,-0.05990271,-0.7504951,-0.6581556,-0.08839686,0.6607376,-0.74539375,,-0.09473713,0.26599616,-0.0841523,-0.5430397,-0.54041886,0.6426938,0.8374633,-0.40447,0.3675041,0.061344206,0.7378018,0.6722242,,0.008335284,0.41188052,-0.3449916,0.54041004,-0.6375915,-0.5490302,0.817101,0.24199195,0.5232455,-0.20075597,-0.7313802,0.6517515,,1.2527971723224485,0.5695361040083091,0.20807528564000002,3.1694634957685857,0.04481677192306447,-0.829563960437145,-0.4005196501612527,,-0.7404710734463944,-0.17336763029346602,0.19094481329000002,-3.5712294274849343,-0.9702557848343927,1.0921646915662602,0.8652335183132772,,-0.06277949319423604,-0.05761550026989781,0.08432494304,-0.06639839657179906,,2.0790845e-05,1.3709068e-06,-4.529953e-06,0.99999994,-2.3975968e-05,-2.1249056e-05,2.3972243e-05,1.0,-2.8014183e-06,2.1249056e-05,2.8312206e-06,1.0,212,0.654,0,1,0.392,False,-0.2552905512975445,1.039086463990364
0.6760325579671189,19:19:40.821198,19:19:30.947460,0,,0.126312,0.006263986,0.032971576,0.51318717,0.63162166,-0.5811133,0.63370353,0.17778629,0.752869,0.57884234,-0.7546164,-0.30902332,,0.023775462,-0.003466919,0.023826957,-0.626977,0.6009039,0.49579647,0.21383666,-0.47923094,0.85124135,0.7491152,0.6397281,0.17197147,,0.10513644,1.3401171,0.4406461,0.9942825,0.013527784,-0.10592138,-0.05990271,-0.7504951,-0.6581556,-0.08839686,0.6607376,-0.74539375,,-0.09456997,0.26601878,-0.08422784,-0.5415558,-0.54447275,0.64052063,0.83890235,-0.39932418,0.36984184,0.054406572,0.7376243,0.67301583,,0.0083353575,0.4118804,-0.34499344,0.54041016,-0.6376346,-0.54898,0.81710273,0.24203973,0.5232207,-0.20074867,-0.7313268,0.6518137,,1.2537239002673553,0.5688487807825031,0.20799880453000003,3.166947216446771,0.037165127936199804,-0.828061924758298,-0.40002961796284986,,-0.7404710734463944,-0.17337535302634025,0.190943517,-3.5712294274849343,-0.9702557848343927,1.0920830128261196,0.8650701742471429,,-0.06277949319423604,-0.05761550026989781,0.08432494304,-0.06639839657179906,,2.0790845e-05,1.3709068e-06,-4.529953e-06,0.99999994,-2.3975968e-05,-2.1249056e-05,2.3972243e-05,1.0,-2.8014183e-06,2.1249056e-05,2.8312206e-06,1.0,229,0.708,0,1,0.392,False,-0.25576717304571295,1.0395209857973793
0.7042477149516344,19:19:40.872685,19:19:31.073609,0,,0.1261662,0.0062833875,0.033125535,0.50849193,0.63958544,-0.576512,0.6283213,0.18219632,0.756318,0.58876824,-0.7468165,-0.30921984,,0.0237743,-0.0034750402,0.023832023,-0.62693655,0.6009136,0.49583602,0.2137607,-0.47933865,0.8511997,0.7491707,0.6396384,0.17206317,,0.10513644,1.3401171,0.4406461,0.9942825,0.013527784,-0.10592138,-0.05990271,-0.7504951,-0.6581556,-0.08839686,0.6607376,-0.74539375,,-0.0944397,0.266142,-0.08434263,-0.53811395,-0.552987,0.6361123,0.84177303,-0.39111006,0.3720901,0.043028932,0.73568904,0.6759513,,0.008336397,0.4118808,-0.345003,0.540368,-0.6376304,-0.5490263,0.8171077,0.24190755,0.52327406,-0.20084184,-0.7313742,0.6517318,,1.254781914671124,0.5684935350702889,0.20788084214000002,3.161914657803143,0.025414388956371922,-0.8236257456692612,-0.40149971455805833,,-0.7404710734463944,-0.17341396669071135,0.19093703555000002,-3.5712294274849343,-0.9703924213341582,1.0921944307298161,0.8650701742471429,,-0.06277949319423604,-0.05761550026989781,0.08432494304,-0.06639839657179906,,2.0790845e-05,1.3709068e-06,-4.529953e-06,0.99999994,-2.3975968e-05,-2.1249056e-05,2.3972243e-05,1.0,-2.8014183e-06,2.1249056e-05,2.8312206e-06,1.0,254,0.785,0,1,0.392,False,-0.25558843989015,1.0385071015810106
0.7557440519449301,19:19:40.945192,19:19:31.073609,0,,0.12614484,0.0063079447,0.033446506,0.4986284,0.6544587,-0.5683776,0.6188434,0.19036603,0.7620982,0.60696155,-0.7317406,-0.31008565,,0.023772545,-0.0035024434,0.023833692,-0.6270703,0.60117143,0.49535406,0.21336445,-0.4790378,0.85146844,0.7491718,0.6396215,0.17212185,,0.10513644,1.3401171,0.4406461,0.9942825,0.013527784,-0.10592138,-0.05990271,-0.7504951,-0.6581556,-0.08839686,0.6607376,-0.74539375,,-0.094449714,0.26637682,-0.08456361,-0.5305388,-0.56894225,0.6283576,0.8473671,-0.3754763,0.37548172,0.022305973,0.7316572,0.68130773,,0.008339245,0.41186857,-0.3450275,0.54051924,-0.637899,-0.54856527,0.81692314,0.24201697,0.5235116,-0.20118539,-0.7311037,0.65192926,,1.2554846833626785,0.5685630396661568,0.20765399139000001,3.15205923045937,0.004782277491790415,-0.8161946973272661,-0.4003563060951184,,-0.7404710734463944,-0.17355297588244742,0.19092925781000003,-3.571858497315388,-0.9708023308334544,1.0923653269606244,0.8644167979826058,,-0.06277949319423604,-0.05761550026989781,0.08432494304,-0.06639839657179906,,2.0790845e-05,1.3709068e-06,-4.529953e-06,0.99999994,-2.3975968e-05,-2.1249056e-05,2.3972243e-05,1.0,-2.8014183e-06,2.1249056e-05,2.8312206e-06,1.0,262,0.81,0,1,0.392,False,-0.2559459062012759,1.0387002223841284
0.828229657956399,19:19:40.974158,19:19:31.213209,0,,0.12617512,0.006321311,0.033593312,0.49242404,0.6627992,-0.56410587,0.61260146,0.1964584,0.765587,0.61825377,-0.72256565,-0.309291,,0.023770578,-0.0035222173,0.023834288,-0.62728584,0.60136044,0.49485147,0.21314852,-0.4785806,0.8517796,0.7490528,0.6397861,0.1720278,,0.10513644,1.3401171,0.4406461,0.9942825,0.013527784,-0.10592138,-0.05990271,-0.7504951,-0.6581556,-0.08839686,0.6607376,-0.74539375,,-0.094494,0.26648435,-0.084659144,-0.5257705,-0.577898,0.6241788,0.85057676,-0.36510772,0.37843823,0.009193807,0.7298837,0.6835095,,0.008342049,0.41185936,-0.34504488,0.54075503,-0.63812405,-0.54807085,0.8167355,0.24236822,0.5236418,-0.20131348,-0.7307909,0.6522404,,1.255600524355792,0.56853214873466,0.20755676964000003,3.1461879120418033,-0.008334826485691867,-0.8131763801456225,-0.3997029298305814,,-0.7404710734463944,-0.1736456486769381,0.19092277636000002,-3.572487567145841,-0.9709389673332198,1.0923950661241801,0.8642534539164716,,-0.06277949319423604,-0.05761550026989781,0.08432494304,-0.06639839657179906,,2.0790845e-05,1.3709068e-06,-4.529953e-06,0.99999994,-2.3975968e-05,-2.1249056e-05,2.3972243e-05,1.0,-2.8014183e-06,2.1249056e-05,2.8312206e-06,1.0,279,0.863,0,1,0.392,False,-0.2552905512975445,1.0383622609786725
0.8572269879514351,19:19:41.023625,19:19:31.213209,0,,0.1261907,0.0063308477,0.033770427,0.48772827,0.6671754,-0.5630255,0.6048572,0.20679548,0.7690146,0.6294988,-0.7156202,-0.30268595,,0.023775477,-0.0035477877,0.02383238,-0.6272485,0.6012985,0.49497405,0.21317288,-0.47872114,0.85169446,0.74907714,0.63973916,0.17209667,,0.10513644,1.3401171,0.4406461,0.9942825,0.013527784,-0.10592138,-0.05990271,-0.7504951,-0.6581556,-0.08839686,0.6607376,-0.74539375,,-0.09452689,0.26660997,-0.08478097,-0.5225605,-0.5825099,0.62258554,0.8525891,-0.35295644,0.3853747,-0.004738985,0.7321912,0.68108267,,0.008338545,0.4118443,-0.34506595,0.5407145,-0.6380514,-0.5481955,0.8167646,0.24226381,0.5236448,-0.20130436,-0.73088896,0.6521333,,1.2558244836091443,0.5685089805360373,0.20743491838000003,3.142203803115597,-0.022271749461766795,-0.8162688909734672,-0.39953958576444704,,-0.7404710734463944,-0.17379238060154836,0.19091888749000002,-3.572487567145841,-0.9710756038329852,1.0925881627680172,0.8640901098503373,,-0.06277949319423604,-0.05761550026989781,0.08432494304,-0.06639839657179906,,2.0790845e-05,1.3709068e-06,-4.529953e-06,0.99999994,-2.3975968e-05,-2.1249056e-05,2.3972243e-05,1.0,-2.8014183e-06,2.1249056e-05,2.8312206e-06,1.0,287,0.888,0,1,0.392,False,-0.25535012901606535,1.0382657005771132
0.9066877539735287,19:19:41.053791,19:19:31.213209,0,,0.12616672,0.006309703,0.033875242,0.4836951,0.6710492,-0.56190014,0.6044712,0.20816946,0.76894736,0.63297194,-0.7115886,-0.3049394,,0.023777239,-0.0035664588,0.023832202,-0.62724715,0.601275,0.49500424,0.21326599,-0.47868392,0.8516921,0.74905175,0.639789,0.17202166,,0.10513644,1.3401171,0.4406461,0.9942825,0.013527784,-0.10592138,-0.05990271,-0.7504951,-0.6581556,-0.08839686,0.6607376,-0.74539375,,-0.09451449,0.26666573,-0.0848745,-0.51891685,-0.58670783,0.62169063,0.85478765,-0.34937105,0.38376805,-0.00795899,0.7305572,0.6828051,,0.008337679,0.41183454,-0.3450819,0.5407113,-0.63803464,-0.5482181,0.8167896,0.2423278,0.5235761,-0.2012112,-0.73088235,0.65216947,,1.2560561655953713,0.5685630396661568,0.2073415855,3.1378003143024222,-0.025414388956371922,-0.813624600448309,-0.3997029298305813,,-0.7404633507135202,-0.1738927761289133,0.19091370233000002,-3.572487567145841,-0.9710756038329852,1.0925881627680172,0.8640901098503373,,-0.06277949319423604,-0.05761550026989781,0.08432494304,-0.06639839657179906,,2.0790845e-05,1.3709068e-06,-4.529953e-06,0.99999994,-2.3975968e-05,-2.1249056e-05,2.3972243e-05,1.0,-2.8014183e-06,2.1249056e-05,2.8312206e-06,1.0,300,0.929,0,1,0.392,False,-0.2566608388235285,1.0378311787700982
0.9368588999495842,19:19:41.093813,19:19:31.213209,0,,0.12612018,0.006305754,0.034028843,0.48240066,0.6759783,-0.55708396,0.6007397,0.2075387,0.77203596,0.63749605,-0.70709324,-0.30597025,,0.023782648,-0.003589198,0.023831487,-0.627214,0.60129267,0.49502486,0.21327601,-0.47869378,0.85168403,0.74907666,0.639765,0.17200214,,0.10513644,1.3401171,0.4406461,0.9942825,0.013527784,-0.10592138,-0.05990271,-0.7504951,-0.6581556,-0.08839686,0.6607376,-0.74539375,,-0.09448383,0.26676783,-0.08499453,-0.51824266,-0.5920862,0.6171373,0.85512036,-0.34699398,0.3851809,-0.013917337,0.72734386,0.6861321,,0.008333417,0.41182187,-0.34510112,0.5406754,-0.6380494,-0.5482363,0.8168125,0.24230038,0.5235531,-0.20121488,-0.73087853,0.6521726,,1.256527252300699,0.5686402669948991,0.20722232682000002,3.1367518645849994,-0.03128975844628586,-0.808588594368941,-0.40019296202898424,,-0.7404710734463944,-0.1740240625877751,0.19090981346000002,-3.572487567145841,-0.9712122403327507,1.092617901931573,0.8636000776519344,,-0.06277949319423604,-0.05761550026989781,0.08432494304,-0.06639839657179906,,2.0790845e-05,1.3709068e-06,-4.529953e-06,0.99999994,-2.3975968e-05,-2.1249056e-05,2.3972243e-05,1.0,-2.8014183e-06,2.1249056e-05,2.8312206e-06,1.0,308,0.953,0,1,0.392,False,-0.25588632848275505,1.038024299573216
0.9768833139678463,19:19:41.121335,19:19:31.213209,0,,0.12608495,0.0063239634,0.034130707,0.4781338,0.68118304,-0.55441624,0.5984344,0.20936543,0.77333206,0.64285636,-0.70153797,-0.30753878,,0.023783982,-0.0036024004,0.023832798,-0.62726355,0.6013394,0.49490535,0.21316539,-0.47863513,0.8517447,0.7490667,0.639765,0.17204568,,0.10513644,1.3401171,0.4406461,0.9942825,0.013527784,-0.10592138,-0.05990271,-0.7504951,-0.6581556,-0.08839686,0.6607376,-0.74539375,,-0.0944583,0.2668511,-0.08506058,-0.51463753,-0.59774125,0.614698,0.8571784,-0.34209788,0.38498604,-0.019835182,0.72503406,0.6884273,,0.008332581,0.41181615,-0.34511313,0.5407308,-0.63809854,-0.54812455,0.8167535,0.24232496,0.5236338,-0.2013057,-0.7308275,0.6522018,,1.2569056662115359,0.5686557124606475,0.20715751232000001,3.1323483757718247,-0.037165127936199804,-0.8049411268719628,-0.4014997145580582,,-0.7404787961792687,-0.17409356718364313,0.19090592459000003,-3.5726972570893256,-0.9713488768325161,1.0927293198352692,0.8636000776519344,,-0.06277949319423604,-0.05761550026989781,0.08432494304,-0.06639839657179906,,2.0790845e-05,1.3709068e-06,-4.529953e-06,0.99999994,-2.3975968e-05,-2.1249056e-05,2.3972243e-05,1.0,-2.8014183e-06,2.1249056e-05,2.8312206e-06,1.0,325,1.007,0,1,0.392,False,-0.25600548391979716,1.0375414975654216
1.0043073169654235,19:19:41.173530,19:19:31.397413,0,,0.12604296,0.006363824,0.034324512,0.47194117,0.69002366,-0.54876083,0.59080696,0.21447301,0.77778435,0.654384,-0.6912803,-0.3064522,,0.023783889,-0.0036145449,0.023834229,-0.6272609,0.6013271,0.49492353,0.21322274,-0.478611,0.85174394,0.7490525,0.6397946,0.1719974,,0.10513644,1.3401171,0.4406461,0.9942825,0.013527784,-0.10592138,-0.05990271,-0.7504951,-0.6581556,-0.08839686,0.6607376,-0.74539375,,-0.09443434,0.26701245,-0.085180186,-0.5099631,-0.60734475,0.6091551,0.8595221,-0.33174714,0.38880026,-0.034050316,0.72185606,0.691205,,0.00833309,0.4118113,-0.34512433,0.5407269,-0.6380904,-0.54813784,0.81677,0.24236374,0.5235901,-0.20124908,-0.7308218,0.6522257,,1.2575080393757254,0.5686248215291506,0.20704214251000003,3.1266867472977427,-0.051375323911805604,-0.8001330003192015,-0.3997029298305813,,-0.7404710734463944,-0.17415534904663693,0.19090073943000002,-3.5726972570893256,-0.9713488768325161,1.0927293198352692,0.8636000776519344,,-0.06277949319423604,-0.05761550026989781,0.08432494304,-0.06639839657179906,,2.0790845e-05,1.3709068e-06,-4.529953e-06,0.99999994,-2.3975968e-05,-2.1249056e-05,2.3972243e-05,1.0,-2.8014183e-06,2.1249056e-05,2.8312206e-06,1.0,334,1.035,0,1,0.392,False,-0.25719703829021734,1.0373000965615242
1.0565788669628091,19:19:41.204422,19:19:31.397413,0,,0.12602325,0.006362915,0.034411505,0.46827227,0.692231,-0.5491238,0.5893186,0.21837059,0.77782893,0.65834975,-0.6878447,-0.30568773,,0.023784429,-0.0036228448,0.02383542,-0.6272205,0.60133463,0.49496555,0.21315405,-0.47871605,0.85170203,0.7491059,0.6397089,0.17208362,,0.10513644,1.3401171,0.4406461,0.9942825,0.013527784,-0.10592138,-0.05990271,-0.7504951,-0.6581556,-0.08839686,0.6607376,-0.74539375,,-0.09442355,0.267071,-0.085246585,-0.50677764,-0.6097197,0.609441,0.861224,-0.32663652,0.38936073,-0.038335208,0.72218454,0.6906373,,0.008332812,0.41180813,-0.3451321,0.5406847,-0.63808465,-0.5481861,0.81677675,0.24223655,0.52363837,-0.20133491,-0.73086894,0.65214634,,1.2578015032249459,0.5686634351935218,0.20696047624000002,3.1229123283150213,-0.057523966401250425,-0.7990397741796097,-0.40002961796284986,,-0.7404710734463944,-0.17420168544388226,0.19089814685,-3.5726972570893256,-0.9714855133322816,1.0928407377389657,0.8626200132551287,,-0.06277949319423604,-0.05761550026989781,0.08432494304,-0.06639839657179906,,2.0790845e-05,1.3709068e-06,-4.529953e-06,0.99999994,-2.3975968e-05,-2.1249056e-05,2.3972243e-05,1.0,-2.8014183e-06,2.1249056e-05,2.8312206e-06,1.0,347,1.076,0,1,0.392,False,-0.2550522404234603,1.0373483767623035
1.08748717099661,19:19:41.244727,19:19:31.397413,0,,0.12604041,0.0063723624,0.034519136,0.4659592,0.69853026,-0.5430813,0.584279,0.21801242,0.7817216,0.6644546,-0.68156147,-0.3065517,,0.023693647,-0.0036598444,0.023846686,-0.6271149,0.60141724,0.49499905,0.21315116,-0.4787317,0.851694,0.74919516,0.6396196,0.17202699,,0.10517159,1.3401153,0.44064677,0.99428123,0.013511757,-0.10593543,-0.05992394,-0.7504954,-0.65815336,-0.08839686,0.6607376,-0.74539375,,-0.09448298,0.26714873,-0.085313566,-0.505292,-0.6166232,0.6037018,0.8616984,-0.32289442,0.39142692,-0.046430986,0.71799374,0.6944992,,0.008390374,0.41180566,-0.3451685,0.5405813,-0.6381638,-0.548196,0.81683147,0.24215205,0.5235921,-0.20139076,-0.73082787,0.6521751,,1.257940512416682,0.568671157926396,0.20690343948000003,3.121234808767145,-0.06367260889069525,-0.7945977196942546,-0.40084633829352145,,-0.7404633507135202,-0.17423257637537917,0.19089555427000002,-3.5726972570893256,-0.9716221498320471,1.0927887981623812,0.8626200132551287,,-0.06277949319423604,-0.05761550026989781,0.08432494304,-0.06639839657179906,,5.5786222e-05,3.7550926e-06,-7.5101852e-06,0.99999994,-3.989041e-05,-3.5353005e-05,3.9886683e-05,1.0,-4.708767e-06,3.5353005e-05,4.7385693e-06,1.0,360,1.117,0,1,0.392,False,-0.2571374605716965,1.037396656963083
1.1277924079913646,19:19:41.275178,19:19:31.397413,0,,0.12604918,0.00636898,0.03462413,0.45985585,0.703605,-0.5417309,0.5818687,0.22208467,0.78237283,0.6707915,-0.67499506,-0.30727884,,0.023699857,-0.0036612153,0.023846984,-0.6271334,0.6013901,0.49500853,0.21316524,-0.47873914,0.8516863,0.74917567,0.6396396,0.17203784,,0.10517159,1.3401153,0.44064677,0.99428123,0.013511757,-0.10593543,-0.05992394,-0.7504954,-0.65815336,-0.08839686,0.6607376,-0.74539375,,-0.09450238,0.26721653,-0.0853919,-0.49996406,-0.6221558,0.6024601,0.86440295,-0.31565377,0.39136964,-0.05332408,0.71643907,0.69560885,,0.008384232,0.41180456,-0.34516975,0.54060096,-0.6381384,-0.54820615,0.81682384,0.2421683,0.5235965,-0.2013689,-0.7308447,0.6521631,,1.2580254624782985,0.5686943261250187,0.20682825466000002,3.115153800406094,-0.07050443387896727,-0.7925390103354777,-0.4010096823596556,,-0.7404942416450171,-0.17424802184112761,0.19089685056000003,-3.5726972570893256,-0.9716221498320471,1.0927887981623812,0.8626200132551287,,-0.06277949319423604,-0.05761550026989781,0.08432494304,-0.06639839657179906,,5.5786222e-05,3.7550926e-06,-7.5101852e-06,0.99999994,-3.989041e-05,-3.5353005e-05,3.9886683e-05,1.0,-4.708767e-06,3.5353005e-05,4.7385693e-06,1.0,369,1.146,0,1,0.392,False,-0.25672041654204936,1.0373483767623035
1.158247796993237,19:19:41.314182,19:19:31.534523,0,,0.12607357,0.0063871294,0.034769237,0.45889232,0.708234,-0.53649056,0.57357204,0.22500652,0.78764665,0.678552,-0.6691611,-0.30296957,,0.02370599,-0.0036641806,0.023848116,-0.6271522,0.6013607,0.49502048,0.2131865,-0.4787439,0.85167825,0.74915385,0.6396636,0.17204338,,0.10517159,1.3401153,0.44064677,0.99428123,0.013511757,-0.10593543,-0.05992394,-0.7504954,-0.65815336,-0.08839686,0.6607376,-0.74539375,,-0.09454045,0.26732665,-0.08548357,-0.50013715,-0.6272203,0.59704065,0.86352646,-0.30973965,0.39797407,-0.064690225,0.71460205,0.6965336,,0.008378166,0.41180336,-0.34517285,0.5406208,-0.6381113,-0.5482182,0.8168179,0.24218962,0.5235959,-0.20133972,-0.73086125,0.65215343,,1.2581644716700344,0.568740662522264,0.20674269952000002,3.1155731802930626,-0.08184526335949882,-0.7904790534610442,-0.4010096823596555,,-0.740525132576514,-0.17427119003975028,0.19089685056000003,-3.5726972570893256,-0.9716221498320471,1.0927887981623812,0.8626200132551287,,-0.06277949319423604,-0.05761550026989781,0.08432494304,-0.06639839657179906,,5.5786222e-05,3.7550926e-06,-7.5101852e-06,0.99999994,-3.989041e-05,-3.5353005e-05,3.9886683e-05,1.0,-4.708767e-06,3.5353005e-05,4.7385693e-06,1.0,382,1.187,0,1,0.392,False,-0.2561246393568388,1.0372518163607447
1.1972109419875778,19:19:41.349199,19:19:31.534523,0,,0.12607178,0.006375015,0.03487122,0.45841768,0.71038294,-0.53404963,0.57156163,0.22450498,0.78924954,0.6805662,-0.66704834,-0.30311063,,0.02370761,-0.0036652833,0.023848355,-0.62715703,0.60135275,0.49502406,0.21319363,-0.4787445,0.8516762,0.74914795,0.6396706,0.17204347,,0.10517159,1.3401153,0.44064677,0.99428123,0.013511757,-0.10593543,-0.05992394,-0.7504954,-0.65815336,-0.08839686,0.6607376,-0.74539375,,-0.094549425,0.26738635,-0.08556665,-0.49995288,-0.62959003,0.59469616,0.86341286,-0.30876788,0.39897448,-0.06756727,0.71293676,0.6979655,,0.008376581,0.4118028,-0.34517387,0.5406258,-0.6381041,-0.54822165,0.81681687,0.2421962,0.52359456,-0.2013306,-0.73086536,0.65215164,,1.2583034808617706,0.5688873944468743,0.20666103325000001,3.115363490349578,-0.08457799335480763,-0.7881690166469753,-0.4005196501612527,,-0.7405328553093883,-0.1742789127726245,0.19089685056000003,-3.5726972570893256,-0.9716221498320471,1.0927887981623812,0.8626200132551287,,-0.06277949319423604,-0.05761550026989781,0.08432494304,-0.06639839657179906,,5.5786222e-05,3.7550926e-06,-7.5101852e-06,0.99999994,-3.989041e-05,-3.5353005e-05,3.9886683e-05,1.0,-4.708767e-06,3.5353005e-05,4.7385693e-06,1.0,395,1.228,0,1,0.392,False,-0.25600548391979716,1.0367207341521705
1.2322334429481998,19:19:41.393799,19:19:31.534523,0,,0.126094,0.006378323,0.034973085,0.4578473,0.71175593,-0.53270924,0.5704178,0.22441721,0.79010165,0.6819086,-0.66561276,-0.30324945,,0.023709606,-0.0036676377,0.023848176,-0.627162,0.6013022,0.49507916,0.21320787,-0.47881204,0.8516347,0.7491396,0.63966763,0.17209038,,0.10517159,1.3401153,0.44064677,0.99428123,0.013511757,-0.10593543,-0.05992394,-0.7504954,-0.65815336,-0.08839686,0.6607376,-0.74539375,,-0.09458163,0.2674565,-0.08563683,-0.49956918,-0.6311028,0.5934138,0.8634913,-0.3079174,0.39946175,-0.06937899,0.7119664,0.6987778,,0.008374721,0.41180128,-0.34517583,0.5406309,-0.6380504,-0.5482791,0.8168175,0.24216506,0.5236079,-0.20131418,-0.7309226,0.65209264,,1.25835753999189,0.5691963037618433,0.20659103359000003,3.114944110462609,-0.08608099485222749,-0.7868617409661742,-0.4003563060951185,,-0.7405405780422625,-0.17429435823837297,0.19089685056000003,-3.5726972570893256,-0.9716221498320471,1.0928704769025217,0.862783357321263,,-0.06277949319423604,-0.05761550026989781,0.08432494304,-0.06639839657179906,,5.5786222e-05,3.7550926e-06,-7.5101852e-06,0.99999994,-3.989041e-05,-3.5353005e-05,3.9886683e-05,1.0,-4.708767e-06,3.5353005e-05,4.7385693e-06,1.0,404,1.257,0,1,0.392,False,-0.256065061638318,1.03676901435295
