Task Time,PC1 Time,PC2 Time,Gaze Calib,s_T_psm1,Tx,Ty,Tz,R00,R01,R02,R10,R11,R12,R20,R21,R22,s_T_psm3,Tx,Ty,Tz,R00,R01,R02,R10,R11,R12,R20,R21,R22,cart_T_ecm,Tx,Ty,Tz,R00,R01,R02,R10,R11,R12,R20,R21,R22,ecm_T_psm1,Tx,Ty,Tz,R00,R01,R02,R10,R11,R12,R20,R21,R22,ecm_T_psm3,Tx,Ty,Tz,R00,R01,R02,R10,R11,R12,R20,R21,R22,psm1_joints,q1,q2,q3,q4,q5,q6,jaw,psm3_joints,q1,q2,q3,q4,q5,q6,jaw,ecm_joints,q1,q2,q3,q4,ecmi_T_ecm,Tx,Ty,Tz,R00,R01,R02,R10,R11,R12,R20,R21,R22,Sample #,Task Duration (s),Collisions (binary),Collisions (increments),Cumulative Collision Time (s),Clutch Press,MTMR Angle,MTML Angle
""
lci_T_si,,,,,-0.06091442,0.024665864,0.22852185,0.99137235,-0.028050909,0.12803915,0.064119875,-0.7481916,-0.6603772,0.11432199,0.66288954,-0.7399378
rci_T_si,,,,,-0.070449755,0.028832521,0.23726377,0.99015677,-0.04510285,0.13249657,0.05696979,-0.73481125,-0.6758749,0.12784386,0.6767704,-0.72500885
ecm_T_lc,,,,,-4.4061628e-05,-0.00034663224,-0.01840835,-0.99912,0.030754527,0.028518902,-0.031987965,-0.99852574,-0.043852776,0.027128186,-0.04472645,0.9986309
ecm_T_rc,,,,,-0.0043358393,0.01870579,-0.007592615,-0.99555075,-0.052743673,-0.078081585,0.04863213,-0.9973746,0.053654674,-0.08070653,0.04961868,0.9955021
cart_T_ecmi,,,,,0.10511527,1.3401165,0.4406436,0.9942844,0.013551921,-0.10590021,-0.05987073,-0.75049466,-0.658159,-0.08839686,0.6607376,-0.74539375
ecmac_T_ecmrep_psm1,,,,,0.006928962,-0.26080152,-0.2999526,0.99741316,0.06053514,0.03876121,-0.0592658,0.9976933,-0.033100393,-0.040675536,0.030717555,0.99870014
ecmac_T_ecmrep_psm3,,,,,-0.019041438,-0.46633056,-0.5465172,0.99408877,-0.01321918,0.10776258,-0.016145537,0.96352404,0.2671344,-0.107363135,-0.2672952,0.95761496
""
0,19:14:33.527375,19:14:23.717156,0,,0.12651944,0.0014265776,0.022148803,0.97124845,-0.1576334,-0.17840348,0.20485696,0.17161402,0.9636297,-0.12128372,-0.9724711,0.19897205,,0.04173565,-0.059449643,0.051558435,-0.7375659,0.3476216,0.5789263,0.38098842,-0.4936182,0.7817858,0.5575342,0.7971827,0.23163623,,0.10517279,1.3401134,0.44064823,0.9942816,0.013516738,-0.105931066,-0.059917342,-0.75049525,-0.6581541,-0.08839686,0.6607376,-0.74539375,,-0.09392651,0.25515237,-0.079520926,-0.94460416,0.26172018,0.19805433,0.034258142,-0.5215167,0.85255307,0.32641897,0.8121101,0.48366082,,-0.009673985,0.40548703,-0.40713432,0.66132075,-0.40052012,-0.63422275,0.74907285,0.396932,0.5304101,0.0393034,-0.82585025,0.5625181,,1.2117971834931904,0.5286596789050388,0.21358062927000002,4.127956227436346,0.32765432643752623,-1.1028353234421107,-0.41375051951812925,,-0.8903770412679664,-0.5103413565273782,0.16445771972,-3.8096468932268386,-1.0582496906833363,1.3975190183487636,0.8753608504136025,,-0.06277949319423604,-0.05761550026989781,0.08432494304,-0.06639839657179906,,5.696714e-05,6.1392784e-06,-7.5101852e-06,0.99999994,-3.4943223e-05,-3.0972064e-05,3.4943223e-05,1.0,-4.1127205e-06,3.0972064e-05,4.1127205e-06,1.0,35,0.105,0,0,0.0,False,-0.2598780356236645,1.0507219923782136
0.1297062020166777,19:14:33.558610,19:14:23.717156,0,,0.12650344,0.0013957918,0.022139043,0.97123355,-0.1577004,-0.17842562,0.20487416,0.1714668,0.96365225,-0.1213743,-0.97248626,0.19884303,,0.041735448,-0.05945553,0.051559687,-0.73756003,0.3476563,0.57891285,0.3810215,-0.4935352,0.7818221,0.55751926,0.7972189,0.23154739,,0.10517279,1.3401134,0.44064823,0.9942816,0.013516738,-0.105931066,-0.059917342,-0.75049525,-0.6581541,-0.08839686,0.6607376,-0.74539375,,-0.09391092,0.25512365,-0.07953609,-0.9445795,0.26178208,0.19809026,0.03421048,-0.52163315,0.85248375,0.3264954,0.8120154,0.48376825,,-0.009673641,0.4054852,-0.40714005,0.6613149,-0.400562,-0.63420236,0.74907607,0.3970012,0.5303537,0.03933958,-0.82579666,0.56259423,,1.2117894607603164,0.5284975015146801,0.21356766637000002,4.127956227436346,0.32765432643752623,-1.1028353234421107,-0.41375051951812925,,-0.8903770412679664,-0.5103799701917494,0.16445642343000003,-3.8096468932268386,-1.0582496906833363,1.397437339608623,0.8755241944797367,,-0.06277949319423604,-0.05761550026989781,0.08432494304,-0.06639839657179906,,5.696714e-05,6.1392784e-06,-7.5101852e-06,0.99999994,-3.4943223e-05,-3.0972064e-05,3.4943223e-05,1.0,-4.1127205e-06,3.0972064e-05,4.1127205e-06,1.0,43,0.129,0,0,0.0,False,-0.26017592421626956,1.0499495091657423
0.1609105989919044,19:14:33.581413,19:14:23.806677,0,,0.12648273,0.001363039,0.022127137,0.9712143,-0.15780604,-0.17843701,0.20489666,0.17138454,0.9636621,-0.12149042,-0.97248363,0.198785,,0.041734915,-0.059460342,0.05155933,-0.7375527,0.3477003,0.5788958,0.38104728,-0.49345312,0.7818613,0.5575113,0.7972505,0.2314575,,0.10517279,1.3401134,0.44064823,0.9942816,0.013516738,-0.105931066,-0.059917342,-0.75049525,-0.6581541,-0.08839686,0.6607376,-0.74539375,,-0.09389053,0.25509217,-0.0795515,-0.9445477,0.26188338,0.19810784,0.034149688,-0.52168834,0.8524524,0.32659367,0.8119473,0.48381627,,-0.009672855,0.40548253,-0.40714404,0.66130716,-0.4006126,-0.6341785,0.74908155,0.39706492,0.5302983,0.03936586,-0.82574147,0.5626734,,1.2117971834931904,0.5283121559256987,0.21355470347000002,4.127956227436346,0.32765432643752623,-1.1029170021822514,-0.41358717545199497,,-0.8903693185350922,-0.5104108611232463,0.16445642343000003,-3.8096468932268386,-1.0582496906833363,1.3973556608684825,0.875687538545871,,-0.06277949319423604,-0.05761550026989781,0.08432494304,-0.06639839657179906,,5.696714e-05,6.1392784e-06,-7.5101852e-06,0.99999994,-3.4943223e-05,-3.0972064e-05,3.4943223e-05,1.0,-4.1127205e-06,3.0972064e-05,4.1127205e-06,1.0,55,0.165,0,0,0.0,False,-0.2594014138754961,1.0502391903704191
0.18371640099212527,19:14:33.620824,19:14:23.806677,0,,0.12646881,0.0013272613,0.022139087,0.9711744,-0.15798682,-0.17849419,0.20498793,0.1713677,0.9636457,-0.1216552,-0.9724573,0.19881335,,0.041736253,-0.059462473,0.051561594,-0.73755586,0.3476817,0.57890296,0.3810619,-0.49345118,0.7818554,0.55749714,0.7972599,0.23145962,,0.10517279,1.3401134,0.44064823,0.9942816,0.013516738,-0.105931066,-0.059917342,-0.75049525,-0.6581541,-0.08839686,0.6607376,-0.74539375,,-0.09387941,0.2550743,-0.079585746,-0.94448763,0.2620597,0.19816113,0.034107774,-0.52167636,0.8524614,0.32677174,0.81189805,0.4837786,,-0.009674307,0.40548325,-0.407147,0.66131103,-0.4005951,-0.6341855,0.7490771,0.39707592,0.5302964,0.03938566,-0.8257447,0.5626673,,1.2117894607603164,0.5282040376654595,0.21352229622000002,4.127956227436346,0.32779096293729165,-1.1030284200859477,-0.41358717545199497,,-0.8903847640008407,-0.5104263065889948,0.16445512714000002,-3.8096468932268386,-1.0582496906833363,1.3973556608684827,0.8760142266781397,,-0.06277949319423604,-0.05761550026989781,0.08432494304,-0.06639839657179906,,5.696714e-05,6.1392784e-06,-7.5101852e-06,0.99999994,-3.4943223e-05,-3.0972064e-05,3.4943223e-05,1.0,-4.1127205e-06,3.0972064e-05,4.1127205e-06,1.0,66,0.199,0,0,0.0,False,-0.26017592421626956,1.0499012289649627
0.22317043697694317,19:14:33.648270,19:14:23.806677,0,,0.1264674,0.0012811571,0.022178203,0.9711894,-0.15772647,-0.1786427,0.20505963,0.17118451,0.963663,-0.12141431,-0.9725318,0.19859591,,0.04173736,-0.059464708,0.05156219,-0.7375563,0.3476699,0.57890946,0.38107586,-0.4934463,0.78185165,0.5574871,0.79726803,0.23145592,,0.10517279,1.3401134,0.44064823,0.9942816,0.013516738,-0.105931066,-0.059917342,-0.75049525,-0.6581541,-0.08839686,0.6607376,-0.74539375,,-0.09388389,0.25506657,-0.079645574,-0.94452375,0.26180065,0.19833136,0.034322243,-0.52187145,0.85233337,0.3266449,0.81185627,0.48393437,,-0.00967536,0.4054825,-0.40714923,0.6613118,-0.40058437,-0.63419145,0.7490755,0.3970866,0.5302906,0.0394028,-0.82574475,0.562666,,1.211743124363071,0.5281654240010885,0.21346266688,4.127746537492862,0.32765432643752623,-1.1029170021822514,-0.41358717545199497,,-0.8903924867337148,-0.5104417520547432,0.16445512714000002,-3.8096468932268386,-1.0582496906833363,1.3973556608684827,0.8760142266781397,,-0.06277949319423604,-0.05761550026989781,0.08432494304,-0.06639839657179906,,5.696714e-05,6.1392784e-06,-7.5101852e-06,0.99999994,-3.4943223e-05,-3.0972064e-05,3.4943223e-05,1.0,-4.1127205e-06,3.0972064e-05,4.1127205e-06,1.0,78,0.236,0,0,0.0,False,-0.26041423509035333,1.0499977893665218
0.25059245398733765,19:14:33.687540,19:14:23.806677,0,,0.12645476,0.0012054592,0.022258699,0.9713538,-0.15751135,-0.17793712,0.20428303,0.17092073,0.96387476,-0.1214081,-0.9726131,0.19820142,,0.04179537,-0.05942685,0.05154538,-0.7376255,0.34784544,0.57871586,0.38095614,-0.49324667,0.78203595,0.55747736,0.79731494,0.23131761,,0.105171055,1.3401158,0.44063938,0.99427986,0.0134952925,-0.10594987,-0.059945755,-0.7504957,-0.65815103,-0.08839686,0.6607376,-0.74539375,,-0.093877584,0.25507465,-0.0797609,-0.9447138,0.26158804,0.19770588,0.03376739,-0.5221324,0.85219574,0.32615286,0.811757,0.4844325,,-0.009731093,0.40548775,-0.4071136,0.6614038,-0.40077984,-0.63397205,0.74900025,0.397215,0.53030074,0.039289378,-0.8255881,0.5629037,,1.2117354016301967,0.5281190876038431,0.21335766739000003,4.128375607323315,0.3271077804384644,-1.1024713305674656,-0.41391386358426363,,-0.8903924867337148,-0.5104649202533659,0.16445383085,-3.809856583170323,-1.0582496906833363,1.3973556608684827,0.8760142266781397,,-0.06277949319423604,-0.05761550026989781,0.08432494304,-0.06639839657179906,,5.5871904e-05,-1.4901161e-06,-2.2649765e-06,0.99999994,-5.6244433e-05,-4.9851835e-05,5.6240708e-05,1.0,-6.645918e-06,4.9851835e-05,6.7055225e-06,1.0,89,0.269,0,0,0.0,False,-0.2599376133421849,1.0499495091657423
0.28988077997928485,19:14:33.721269,19:14:23.806677,0,,0.12644304,0.0011634976,0.02231446,0.97140837,-0.15725768,-0.17786384,0.20412987,0.17068675,0.9639487,-0.12122935,-0.97269523,0.1979076,,0.04178983,-0.059439696,0.051549494,-0.7377419,0.34801492,0.5784655,0.38087407,-0.4929099,0.7822882,0.55737936,0.79744923,0.2310906,,0.105171055,1.3401158,0.44063938,0.99427986,0.0134952925,-0.10594987,-0.059945755,-0.7504957,-0.65815103,-0.08839686,0.6607376,-0.74539375,,-0.09387332,0.25508156,-0.07983119,-0.9447924,0.26133424,0.19766572,0.033772446,-0.52236986,0.85205,0.32592446,0.811686,0.48470515,,-0.009725396,0.40548542,-0.40712684,0.6615328,-0.40097693,-0.6337127,0.7488874,0.39748168,0.53026026,0.03926707,-0.82536405,0.56323373,,1.2117740152945677,0.5281113648709689,0.21328637144,4.128375607323315,0.32683450743893355,-1.102166816019932,-0.41375051951812925,,-0.8903847640008407,-0.5105344248492338,0.16444734940000003,-3.810275963057292,-1.0582496906833363,1.3973556608684825,0.875687538545871,,-0.06277949319423604,-0.05761550026989781,0.08432494304,-0.06639839657179906,,5.5871904e-05,-1.4901161e-06,-2.2649765e-06,0.99999994,-5.6244433e-05,-4.9851835e-05,5.6240708e-05,1.0,-6.645918e-06,4.9851835e-05,6.7055225e-06,1.0,101,0.306,0,0,0.0,False,-0.2602355019347904,1.050432311173537
0.32359170500421897,19:14:33.757903,19:14:23.953826,0,,0.12642014,0.0010994375,0.022406057,0.97136986,-0.15743876,-0.17791381,0.20422107,0.17072722,0.96392226,-0.12138398,-0.9726588,0.19799158,,0.041783717,-0.059467323,0.051558793,-0.7377441,0.3480441,0.5784451,0.38087037,-0.49287143,0.78231424,0.557379,0.7974603,0.23105347,,0.105171055,1.3401158,0.44063938,0.99427986,0.0134952925,-0.10594987,-0.059945755,-0.7504957,-0.65815103,-0.08839686,0.6607376,-0.74539375,,-0.09386247,0.25509667,-0.079943776,-0.94473475,0.26151228,0.19770582,0.033737242,-0.5223088,0.8520888,0.32609516,0.8116679,0.4846206,,-0.009718954,0.40548015,-0.40715545,0.66153526,-0.40100878,-0.63369,0.74888545,0.3975074,0.53024375,0.039264064,-0.82533616,0.5632748,,1.2118435198904358,0.5281190876038431,0.21317359421,4.128375607323315,0.326971143938699,-1.1021965551834882,-0.4135871754519951,,-0.8903770412679664,-0.5107120477053411,0.16443697908000002,-3.8104856530007765,-1.0583863271831018,1.3975487575123193,0.8755241944797367,,-0.06277949319423604,-0.05761550026989781,0.08432494304,-0.06639839657179906,,5.5871904e-05,-1.4901161e-06,-2.2649765e-06,0.99999994,-5.6244433e-05,-4.9851835e-05,5.6240708e-05,1.0,-6.645918e-06,4.9851835e-05,6.7055225e-06,1.0,109,0.33,0,0,0.0,False,-0.2607121236829584,1.0502874705711984
0.3602249489631504,19:14:33.779325,19:14:23.953826,0,,0.12640308,0.0010535568,0.022459373,0.9712096,-0.15785013,-0.17842351,0.2048588,0.17111748,0.96371764,-0.12159163,-0.9725235,0.19852793,,0.041780744,-0.05948379,0.051564395,-0.7377252,0.34801567,0.5784863,0.38096234,-0.4928149,0.7823051,0.55734116,0.79750764,0.23098117,,0.105171055,1.3401158,0.44063938,0.99427986,0.0134952925,-0.10594987,-0.059945755,-0.7504957,-0.65815103,-0.08839686,0.6607376,-0.74539375,,-0.09385282,0.25509927,-0.08001545,-0.94452757,0.26192412,0.19814989,0.034074765,-0.52191436,0.85231704,0.32665968,0.81178886,0.48403752,,-0.009715783,0.40547693,-0.4071725,0.6615159,-0.40098777,-0.63372356,0.74889743,0.39757952,0.5301728,0.0393627,-0.82531166,0.5633039,,1.2118666880890585,0.5281036421380947,0.21310100197,4.127956227436346,0.32751768993776076,-1.102805584278555,-0.41391386358426363,,-0.8903693185350922,-0.5108201659655802,0.16443049763,-3.8104856530007765,-1.0583863271831018,1.3975487575123193,0.8755241944797367,,-0.06277949319423604,-0.05761550026989781,0.08432494304,-0.06639839657179906,,5.5871904e-05,-1.4901161e-06,-2.2649765e-06,0.99999994,-5.6244433e-05,-4.9851835e-05,5.6240708e-05,1.0,-6.645918e-06,4.9851835e-05,6.7055225e-06,1.0,121,0.366,0,0,0.0,False,-0.26005676877922745,1.0496598279610654
0.38167086499743164,19:14:33.813384,19:14:23.953826,0,,0.1263425,0.0009447336,0.0225946,0.97047263,-0.16076413,-0.17982647,0.20710798,0.17319763,0.962865,-0.12364862,-0.9716776,0.20137912,,0.04177978,-0.05951061,0.0515725,-0.73770136,0.34795108,0.5785556,0.38111532,-0.49272949,0.7822844,0.55726814,0.7975886,0.23087782,,0.105171055,1.3401158,0.44063938,0.99427986,0.0134952925,-0.10594987,-0.059945755,-0.7504957,-0.65815103,-0.08839686,0.6607376,-0.74539375,,-0.093810804,0.255112,-0.08019398,-0.94349307,0.26482362,0.19922177,0.034380402,-0.51970136,0.853656,0.3296041,0.8122678,0.48122984,,-0.009714374,0.40547046,-0.40719974,0.6614922,-0.40093538,-0.6337814,0.7489094,0.39769888,0.5300664,0.039531786,-0.8252796,0.563339,,1.2119593608835493,0.528080473939472,0.21293378056,4.127327157605893,0.3305236929326004,-1.105665171860579,-0.4147305839149349,,-0.8903770412679664,-0.5109977888216873,0.16442271989,-3.8104856530007765,-1.0583863271831018,1.3975487575123193,0.8755241944797367,,-0.06277949319423604,-0.05761550026989781,0.08432494304,-0.06639839657179906,,5.5871904e-05,-1.4901161e-06,-2.2649765e-06,0.99999994,-5.6244433e-05,-4.9851835e-05,5.6240708e-05,1.0,-6.645918e-06,4.9851835e-05,6.7055225e-06,1.0,132,0.4,0,0,0.0,False,-0.26017592421626956,1.05014262996886
0.41573369898833334,19:14:33.851475,19:14:23.953826,0,,0.12627472,0.00085513294,0.022716835,0.9700768,-0.16203105,-0.18082196,0.2084193,0.17368713,0.9624938,-0.12454742,-0.97137976,0.20226029,,0.041779377,-0.05952234,0.051575065,-0.7376898,0.34792596,0.5785855,0.3811815,-0.49269113,0.7822763,0.5572382,0.7976233,0.23083034,,0.105171055,1.3401158,0.44063938,0.99427986,0.0134952925,-0.10594987,-0.059945755,-0.7504957,-0.65815103,-0.08839686,0.6607376,-0.74539375,,-0.09375949,0.2551305,-0.08035079,-0.9429538,0.26607373,0.20010704,0.03475947,-0.5190929,0.85401076,0.33110395,0.81224835,0.48023206,,-0.009713687,0.40546682,-0.40721118,0.6614806,-0.40091556,-0.63380605,0.74891585,0.39775062,0.5300184,0.039604146,-0.8252643,0.56335634,,1.2121833201369017,0.5280264148093524,0.21278081834,4.12669808777544,0.33189005793025483,-1.1065343146771216,-0.4142405517165322,,-0.8903770412679664,-0.5110750161504296,0.16442012731000002,-3.8104856530007765,-1.0583863271831018,1.3975487575123193,0.8755241944797367,,-0.06277949319423604,-0.05761550026989781,0.08432494304,-0.06639839657179906,,5.5871904e-05,-1.4901161e-06,-2.2649765e-06,0.99999994,-5.6244433e-05,-4.9851835e-05,5.6240708e-05,1.0,-6.645918e-06,4.9851835e-05,6.7055225e-06,1.0,140,0.424,0,0,0.0,False,-0.26041423509035333,1.0495632675595068
0.4538138679927215,19:14:33.867542,19:14:23.953826,0,,0.12620959,0.00077462196,0.02282682,0.9696439,-0.16224033,-0.1829439,0.21057877,0.17377207,0.9620083,-0.12428601,-0.97132957,0.20266137,,0.041778788,-0.059523456,0.051576257,-0.7376886,0.34801796,0.5785316,0.38118812,-0.4925595,0.78235596,0.5572352,0.7976644,0.2306953,,0.105171055,1.3401158,0.44063938,0.99427986,0.0134952925,-0.10594987,-0.059945755,-0.7504957,-0.65815103,-0.08839686,0.6607376,-0.74539375,,-0.09370922,0.25514734,-0.08049226,-0.94245845,0.26628032,0.20215546,0.03654713,-0.5189887,0.8539994,0.33231965,0.81224716,0.47939357,,-0.009713165,0.4054673,-0.40721273,0.6614794,-0.4010171,-0.63374305,0.7489165,0.39784238,0.5299486,0.03961138,-0.8251707,0.5634929,,1.212430447588877,0.527980078412107,0.21264211531000002,4.124601188340594,0.33284651342861293,-1.107232561262856,-0.4140772076503978,,-0.8903770412679664,-0.5110827388833038,0.16441883102000002,-3.8104856530007765,-1.0583863271831018,1.3973854000320383,0.8758508826120053,,-0.06277949319423604,-0.05761550026989781,0.08432494304,-0.06639839657179906,,5.5871904e-05,-1.4901161e-06,-2.2649765e-06,0.99999994,-5.6244433e-05,-4.9851835e-05,5.6240708e-05,1.0,-6.645918e-06,4.9851835e-05,6.7055225e-06,1.0,148,0.449,0,0,0.0,False,-0.260652545964438,1.0495632675595068
0.46984211198287085,19:14:33.893602,19:14:24.123444,0,,0.12610267,0.00069352984,0.022973359,0.96920973,-0.1628491,-0.18469551,0.21246895,0.1739766,0.9615556,-0.12445575,-0.97119117,0.20322022,,0.04177898,-0.05952584,0.051576376,-0.7376863,0.34810743,0.5784808,0.38120133,-0.492424,0.78243476,0.55722916,0.7977091,0.23055556,,0.105171055,1.3401158,0.44063938,0.99427986,0.0134952925,-0.10594987,-0.059945755,-0.7504957,-0.65815103,-0.08839686,0.6607376,-0.74539375,,-0.0936211,0.2551899,-0.08066518,-0.9419299,0.26688018,0.20382129,0.037845816,-0.5187221,0.8541048,0.33367026,0.81222063,0.47849956,,-0.009713254,0.40546617,-0.40721482,0.6614771,-0.40111667,-0.6336825,0.74891776,0.3979393,0.529874,0.039625853,-0.8250756,0.5636311,,1.213364898266658,0.5277870100902514,0.21242304230000003,4.122713978849233,0.33366633242720556,-1.107737711204753,-0.4140772076503979,,-0.8903770412679664,-0.5110981843490523,0.16441883102000002,-3.8104856530007765,-1.0583863271831018,1.3972220425517572,0.8755241944797367,,-0.06277949319423604,-0.05761550026989781,0.08432494304,-0.06639839657179906,,5.5871904e-05,-1.4901161e-06,-2.2649765e-06,0.99999994,-5.6244433e-05,-4.9851835e-05,5.6240708e-05,1.0,-6.645918e-06,4.9851835e-05,6.7055225e-06,1.0,156,0.473,0,0,0.0,False,-0.26101001227556386,1.0505288715750958
0.4957026100018993,19:14:33.923138,19:14:24.123444,0,,0.1258566,0.0006313026,0.023038357,0.96877825,-0.1624254,-0.18731362,0.2148993,0.17335647,0.9611274,-0.12363945,-0.97137296,0.20284915,,0.041778073,-0.05952566,0.05157733,-0.737755,0.34819576,0.57834005,0.3811249,-0.49228096,0.782562,0.55719054,0.7977588,0.23047668,,0.105171055,1.3401158,0.44063938,0.99427986,0.0134952925,-0.10594987,-0.059945755,-0.7504957,-0.65815103,-0.08839686,0.6607376,-0.74539375,,-0.093385644,0.25519663,-0.08077994,-0.9414803,0.26645106,0.20644298,0.040206883,-0.5193182,0.8536346,0.33466142,0.81198055,0.47821468,,-0.009712455,0.40546718,-0.40721518,0.66155267,-0.40121594,-0.63354075,0.7488535,0.3980446,0.52988577,0.03957885,-0.82497656,0.5637794,,1.2141062806225835,0.5273777052479175,0.21235952409000003,4.11977831964045,0.33352969592744014,-1.1078713295214788,-0.41456723984880084,,-0.8903847640008407,-0.5110904616161781,0.16441753473,-3.8106953429442614,-1.0583863271831018,1.3972220425517572,0.8755241944797367,,-0.06277949319423604,-0.05761550026989781,0.08432494304,-0.06639839657179906,,5.5871904e-05,-1.4901161e-06,-2.2649765e-06,0.99999994,-5.6244433e-05,-4.9851835e-05,5.6240708e-05,1.0,-6.645918e-06,4.9851835e-05,6.7055225e-06,1.0,164,0.497,0,0,0.0,False,-0.26053339052739544,1.0499012289649627
0.5254815130028874,19:14:33.947646,19:14:24.123444,0,,0.12564754,0.00060124695,0.023141816,0.9687568,-0.16109331,-0.18857056,0.21588133,0.1734437,0.96089154,-0.12208685,-0.9715792,0.20280182,,0.041776348,-0.059526734,0.051577806,-0.7378197,0.34828836,0.5782017,0.38105446,-0.49213117,0.78269064,0.5571531,0.7978108,0.2303873,,0.105171055,1.3401158,0.44063938,0.99427986,0.0134952925,-0.10594987,-0.059945755,-0.7504957,-0.65815103,-0.08839686,0.6607376,-0.74539375,,-0.093189515,0.25525165,-0.08089748,-0.94157356,0.26515135,0.2076872,0.041977778,-0.51944125,0.85347444,0.33418122,0.8123272,0.4779617,,-0.009710736,0.40546724,-0.40721637,0.6616239,-0.40131995,-0.63340044,0.7487928,0.3981547,0.5298888,0.0395364,-0.8248728,0.5639342,,1.2152801360194658,0.5270765186658228,0.21223767283000003,4.11747173026212,0.33189005793025483,-1.1079228532595113,-0.41440389578266645,,-0.8903847640008407,-0.5110904616161781,0.16441623844000003,-3.810905032887746,-1.0583863271831018,1.3972220425517572,0.8755241944797367,,-0.06277949319423604,-0.05761550026989781,0.08432494304,-0.06639839657179906,,5.5871904e-05,-1.4901161e-06,-2.2649765e-06,0.99999994,-5.6244433e-05,-4.9851835e-05,5.6240708e-05,1.0,-6.645918e-06,4.9851835e-05,6.7055225e-06,1.0,175,0.531,0,0,0.0,False,-0.26136747858668974,1.05014262996886
0.5499821010162123,19:14:33.975585,19:14:24.123444,0,,0.12545459,0.00059618056,0.023242801,0.9682168,-0.16038373,-0.19191948,0.21926156,0.17510271,0.9598247,-0.12033467,-0.971399,0.20470339,,0.04177658,-0.05952663,0.051579416,-0.7378224,0.34828156,0.57820225,0.38105512,-0.49213398,0.7826884,0.55714893,0.79781204,0.23039308,,0.105171055,1.3401158,0.44063938,0.99427986,0.0134952925,-0.10594987,-0.059945755,-0.7504957,-0.65815103,-0.08839686,0.6607376,-0.74539375,,-0.093008086,0.2553229,-0.08099475,-0.94106996,0.26449805,0.21077983,0.045674335,-0.51811993,0.8540876,0.33511373,0.8133834,0.4755063,,-0.009711134,0.40546867,-0.4072171,0.661627,-0.4013132,-0.63340145,0.7487899,0.39815503,0.5298926,0.039539065,-0.82487595,0.5639294,,1.2163922095533541,0.526945232206961,0.21213915479000003,4.113068241448945,0.3317534214304894,-1.1102617975600317,-0.4144038957826667,,-0.8903924867337148,-0.5110904616161781,0.16441494215000002,-3.810905032887746,-1.0583863271831018,1.3972220425517572,0.8755241944797367,,-0.06277949319423604,-0.05761550026989781,0.08432494304,-0.06639839657179906,,5.5871904e-05,-1.4901161e-06,-2.2649765e-06,0.99999994,-5.6244433e-05,-4.9851835e-05,5.6240708e-05,1.0,-6.645918e-06,4.9851835e-05,6.7055225e-06,1.0,183,0.555,0,0,0.0,False,-0.2608312791200009,1.0497563883626244
0.5779335189727135,19:14:34.001130,19:14:24.123444,0,,0.1253733,0.0005867034,0.023296043,0.9682321,-0.16024724,-0.19195603,0.21934141,0.17568576,0.95969987,-0.12006533,-0.9713162,0.20525351,,0.041775763,-0.05952788,0.051579,-0.73781854,0.34828582,0.57820463,0.38106105,-0.49212727,0.7826898,0.55715007,0.79781425,0.23038256,,0.105171055,1.3401158,0.44063938,0.99427986,0.0134952925,-0.10594987,-0.059945755,-0.7504957,-0.65815103,-0.08839686,0.6607376,-0.74539375,,-0.092933044,0.25535467,-0.08104852,-0.9411089,0.2643787,0.2107556,0.04591396,-0.5176383,0.8543667,0.33497155,0.81372875,0.47501534,,-0.009710214,0.40546772,-0.40721795,0.66162276,-0.40131798,-0.6334029,0.7487934,0.3981599,0.52988404,0.039543636,-0.82487124,0.56393594,,1.2168632962586818,0.5268680048782187,0.21208341432000002,4.1126488615619765,0.3312068754314276,-1.110714592086792,-0.41489392798106917,,-0.8903847640008407,-0.5110981843490523,0.16441494215000002,-3.810905032887746,-1.0583863271831018,1.3972220425517572,0.8755241944797367,,-0.06277949319423604,-0.05761550026989781,0.08432494304,-0.06639839657179906,,5.5871904e-05,-1.4901161e-06,-2.2649765e-06,0.99999994,-5.6244433e-05,-4.9851835e-05,5.6240708e-05,1.0,-6.645918e-06,4.9851835e-05,6.7055225e-06,1.0,191,0.58,0,0,0.0,False,-0.260652545964438,1.049804668563404
0.6034642710001208,19:14:34.030097,19:14:24.123444,0,,0.12528563,0.00057016313,0.02338922,0.96821016,-0.156917,-0.1947968,0.2213526,0.1747894,0.9594017,-0.11649804,-0.9720214,0.20396692,,0.041776095,-0.059528925,0.051580608,-0.7378201,0.34832376,0.5781797,0.38106838,-0.4920624,0.782727,0.557143,0.79783773,0.23031849,,0.105171055,1.3401158,0.44063938,0.99427986,0.0134952925,-0.10594987,-0.059945755,-0.7504957,-0.65815103,-0.08839686,0.6607376,-0.74539375,,-0.09285596,0.25540835,-0.08113694,-0.9413607,0.26110134,0.21369617,0.049800668,-0.518897,0.8533849,0.33370623,0.8139853,0.47546622,,-0.0097106565,0.40546858,-0.40721968,0.66162467,-0.40136096,-0.6333736,0.7487912,0.39820865,0.52985054,0.039553538,-0.8248268,0.56400025,,1.2174965603543682,0.5268757276110929,0.21198748886000002,4.108455062692285,0.32915732793494606,-1.1100234684130323,-0.41456723984880084,,-0.8903924867337148,-0.5111059070819265,0.16441364586,-3.810905032887746,-1.0583863271831018,1.3971403638116167,0.8753608504136026,,-0.06277949319423604,-0.05761550026989781,0.08432494304,-0.06639839657179906,,5.5871904e-05,-1.4901161e-06,-2.2649765e-06,0.99999994,-5.6244433e-05,-4.9851835e-05,5.6240708e-05,1.0,-6.645918e-06,4.9851835e-05,6.7055225e-06,1.0,199,0.605,0,0,0.0,False,-0.2604738128088746,1.0492253061540504
0.6324422509642318,19:14:34.060931,19:14:24.269319,0,,0.12522094,0.00052960217,0.02346693,0.9680494,-0.15719134,-0.19537386,0.22211252,0.17588222,0.9590264,-0.11638786,-0.97177994,0.20517686,,0.041777138,-0.059527762,0.051581264,-0.7377554,0.34823117,0.57831806,0.3811389,-0.49221218,0.7825985,0.55718046,0.79778576,0.23040783,,0.105171055,1.3401158,0.44063938,0.99427986,0.0134952925,-0.10594987,-0.059945755,-0.7504957,-0.65815103,-0.08839686,0.6607376,-0.74539375,,-0.092801176,0.255433,-0.08122783,-0.9411799,0.26139596,0.21413226,0.05044228,-0.51791686,0.85394245,0.33411983,0.81451476,0.4742675,,-0.009711809,0.40546957,-0.407219,0.66155344,-0.40125695,-0.6335139,0.74885195,0.39809853,0.52984744,0.039595988,-0.82493055,0.56384546,,1.2178209151350856,0.5268293912138476,0.21189674856000001,4.1076163029183475,0.3292939644347115,-1.1112783886786968,-0.4142405517165323,,-0.8903924867337148,-0.5111059070819265,0.16441364586,-3.8106953429442614,-1.0583863271831018,1.3971403638116167,0.8753608504136026,,-0.06277949319423604,-0.05761550026989781,0.08432494304,-0.06639839657179906,,5.5871904e-05,-1.4901161e-06,-2.2649765e-06,0.99999994,-5.6244433e-05,-4.9851835e-05,5.6240708e-05,1.0,-6.645918e-06,4.9851835e-05,6.7055225e-06,1.0,207,0.628,0,0,0.0,False,-0.26005676877922745,1.049514987358727
0.66327983798692,19:14:34.082203,19:14:24.269319,0,,0.12521142,0.00050342083,0.023484185,0.9681087,-0.15355858,-0.1979521,0.22373863,0.17442226,0.958915,-0.11272241,-0.9726236,0.20321667,,0.041776594,-0.05952675,0.051582396,-0.73768795,0.34814537,0.57845587,0.38120866,-0.49235913,0.7824721,0.55722207,0.7977325,0.23049137,,0.105171055,1.3401158,0.44063938,0.99427986,0.0134952925,-0.10594987,-0.059945755,-0.7504957,-0.65815103,-0.08839686,0.6607376,-0.74539375,,-0.09279457,0.2554256,-0.081259064,-0.9415386,0.25780797,0.21688749,0.05410744,-0.51969624,0.85263604,0.332532,0.81452495,0.47536474,,-0.009711433,0.40547118,-0.4072187,0.66147906,-0.40115967,-0.6336532,0.74891555,0.39798805,0.5298405,0.039635755,-0.82503116,0.5636955,,1.2179444788610732,0.5267676093508538,0.21186045244,4.103841883935626,0.32724441693822987,-1.1101788713042344,-0.4147305839149349,,-0.8903847640008407,-0.5111059070819265,0.16441234957,-3.8104856530007765,-1.0583863271831018,1.3971403638116167,0.8753608504136026,,-0.06277949319423604,-0.05761550026989781,0.08432494304,-0.06639839657179906,,5.5871904e-05,-1.4901161e-06,-2.2649765e-06,0.99999994,-5.6244433e-05,-4.9851835e-05,5.6240708e-05,1.0,-6.645918e-06,4.9851835e-05,6.7055225e-06,1.0,222,0.674,0,0,0.0,False,-0.2596993024681016,1.050046069567301
0.6845278220134787,19:14:34.124683,19:14:24.269319,0,,0.12518586,0.00034980476,0.023658589,0.9681295,-0.15326041,-0.19808123,0.22397356,0.1758843,0.9585931,-0.11207497,-0.9724072,0.20460507,,0.041774534,-0.059526794,0.051581264,-0.737751,0.34824726,0.578314,0.38113087,-0.49221033,0.78260356,0.5571917,0.7977799,0.23040095,,0.105171055,1.3401158,0.44063938,0.99427986,0.0134952925,-0.10594987,-0.059945755,-0.7504957,-0.65815103,-0.08839686,0.6607376,-0.74539375,,-0.09279319,0.2554303,-0.081492804,-0.94161445,0.25755164,0.21686263,0.054715797,-0.51848114,0.8533367,0.33221743,0.81538,0.47411716,,-0.009709272,0.40547037,-0.4072182,0.6615484,-0.40127245,-0.6335094,0.7488571,0.39809272,0.5298446,0.039583422,-0.82492584,0.5638533,,1.2179522015939475,0.5267135502207342,0.21162582395,4.103212814105173,0.32683450743893355,-1.1118049073565186,-0.41375051951812936,,-0.8903770412679664,-0.5110981843490523,0.16441234957,-3.8106953429442614,-1.0583863271831018,1.3971403638116167,0.8753608504136026,,-0.06277949319423604,-0.05761550026989781,0.08432494304,-0.06639839657179906,,5.5871904e-05,-1.4901161e-06,-2.2649765e-06,0.99999994,-5.6244433e-05,-4.9851835e-05,5.6240708e-05,1.0,-6.645918e-06,4.9851835e-05,6.7055225e-06,1.0,230,0.699,0,0,0.0,False,-0.2590439475643693,1.0492253061540504
0.7269756229943596,19:14:34.146385,19:14:24.269319,0,,0.12484439,0.00024926662,0.023688704,0.96758896,-0.15502751,-0.1993434,0.2255942,0.17590186,0.9582097,-0.113483995,-0.972124,0.205174,,0.04177532,-0.059527718,0.05158168,-0.7378213,0.3483735,0.5781483,0.38106176,-0.4920023,0.782768,0.5571459,0.7978531,0.23025808,,0.105171055,1.3401158,0.44063938,0.99427986,0.0134952925,-0.10594987,-0.059945755,-0.7504957,-0.65815103,-0.08839686,0.6607376,-0.74539375,,-0.092461035,0.25538877,-0.08161758,-0.9408669,0.25928044,0.21804386,0.054985575,-0.5182129,0.85348225,0.3342844,0.8150025,0.47331268,,-0.009710046,0.4054702,-0.40721917,0.66162586,-0.4014147,-0.63333833,0.74879056,0.39824677,0.5298228,0.039546303,-0.82478225,0.5640659,,1.21941952084005,0.5257018722142108,0.21151304672000001,4.101954674444265,0.3273810534379953,-1.1124956151917258,-0.4132604873197264,,-0.8903924867337148,-0.5110981843490523,0.16441234957,-3.810905032887746,-1.0583863271831018,1.3970586850714761,0.8751975063474682,,-0.06277949319423604,-0.05761550026989781,0.08432494304,-0.06639839657179906,,5.5871904e-05,-1.4901161e-06,-2.2649765e-06,0.99999994,-5.6244433e-05,-4.9851835e-05,5.6240708e-05,1.0,-6.645918e-06,4.9851835e-05,6.7055225e-06,1.0,238,0.723,0,0,0.0,False,-0.2599971910607066,1.0490321853509326
0.7486817470053211,19:14:34.174486,19:14:24.269319,0,,0.124703616,0.00019396842,0.023630902,0.96751136,-0.15580219,-0.19911599,0.22552674,0.17586589,0.95823216,-0.114276975,-0.97200656,0.20528978,,0.04177532,-0.059527718,0.05158168,-0.7378213,0.3483735,0.5781483,0.38106176,-0.4920023,0.782768,0.5571459,0.7978531,0.23025808,,0.105171055,1.3401158,0.44063938,0.99427986,0.0134952925,-0.10594987,-0.059945755,-0.7504957,-0.65815103,-0.08839686,0.6607376,-0.74539375,,-0.09231762,0.25531417,-0.08162683,-0.94071287,0.2600372,0.21780711,0.054405157,-0.5181322,0.85356843,0.33481243,0.81481266,0.47326627,,-0.009710046,0.4054702,-0.40721917,0.66162586,-0.4014147,-0.63333833,0.74879056,0.39824677,0.5298228,0.039546303,-0.82478225,0.5640659,,1.2199060530111263,0.525022271721279,0.21151175043000003,4.1021643643877495,0.32724441693822987,-1.1127925909887324,-0.4134238313858609,,-0.8903924867337148,-0.5110981843490523,0.16441234957,-3.810905032887746,-1.0583863271831018,1.3970586850714761,0.8751975063474682,,-0.06277949319423604,-0.05761550026989781,0.08432494304,-0.06639839657179906,,5.5871904e-05,-1.4901161e-06,-2.2649765e-06,0.99999994,-5.6244433e-05,-4.9851835e-05,5.6240708e-05,1.0,-6.645918e-06,4.9851835e-05,6.7055225e-06,1.0,246,0.748,0,0,0.0,False,-0.2598184579051428,1.0494667071579475
0.776826542976778,19:14:34.195736,19:14:24.269319,0,,0.1244552,0.00015875697,0.023727387,0.96710205,-0.15661857,-0.2004596,0.22711042,0.17656085,0.95773023,-0.11460501,-0.9717493,0.20632207,,0.04177214,-0.05952785,0.051582813,-0.7378158,0.34838703,0.5781472,0.38106033,-0.4919966,0.7827723,0.5571542,0.7978507,0.23024645,,0.105171055,1.3401158,0.44063938,0.99427986,0.0134952925,-0.10594987,-0.059945755,-0.7504957,-0.65815103,-0.08839686,0.6607376,-0.74539375,,-0.09208188,0.25536212,-0.08174677,-0.94020605,0.26085222,0.2190177,0.05536994,-0.5174157,0.85394096,0.33607557,0.81500745,0.47203398,,-0.009706987,0.40547144,-0.40721992,0.66161966,-0.4014282,-0.63333625,0.74879634,0.3982461,0.52981514,0.03954097,-0.824776,0.5640754,,1.2211803039353732,0.5246206896118194,0.21139508433,4.100486844839874,0.3273810534379953,-1.1137207962938342,-0.41375051951812936,,-0.8903770412679664,-0.5110981843490523,0.16440975699000002,-3.810905032887746,-1.0583863271831018,1.3970586850714761,0.8751975063474682,,-0.06277949319423604,-0.05761550026989781,0.08432494304,-0.06639839657179906,,5.5871904e-05,-1.4901161e-06,-2.2649765e-06,0.99999994,-5.6244433e-05,-4.9851835e-05,5.6240708e-05,1.0,-6.645918e-06,4.9851835e-05,6.7055225e-06,1.0,254,0.771,0,0,0.0,False,-0.260652545964438,1.049804668563404
0.7980651949765161,19:14:34.218027,19:14:24.269319,0,,0.12422542,0.00010937452,0.023777261,0.9670858,-0.155947,-0.20106053,0.22758897,0.17677113,0.9575778,-0.11378971,-0.9718191,0.20644471,,0.04177199,-0.05952861,0.051582456,-0.7377814,0.34841946,0.57817155,0.38098228,-0.49213123,0.78272563,0.5572531,0.7977535,0.2303437,,0.105171055,1.3401158,0.44063938,0.99427986,0.0134952925,-0.10594987,-0.059945755,-0.7504957,-0.65815103,-0.08839686,0.6607376,-0.74539375,,-0.09186058,0.2553676,-0.08184014,-0.94025165,0.2602006,0.21959627,0.056272626,-0.5173318,0.8539328,0.33579794,0.815269,0.47177985,,-0.009706775,0.4054708,-0.4072204,0.66157943,-0.4014447,-0.63336784,0.74883807,0.39809147,0.52987236,0.039423883,-0.82484263,0.5639862,,1.2223309911336326,0.5240414846462526,0.21130304774000003,4.0990190152354815,0.32587805194057545,-1.1139654166757038,-0.4140772076503979,,-0.8903770412679664,-0.5111059070819265,0.16441105328000002,-3.810905032887746,-1.0585229636828672,1.3971701029751726,0.8751975063474682,,-0.06277949319423604,-0.05761550026989781,0.08432494304,-0.06639839657179906,,5.5871904e-05,-1.4901161e-06,-2.2649765e-06,0.99999994,-5.6244433e-05,-4.9851835e-05,5.6240708e-05,1.0,-6.645918e-06,4.9851835e-05,6.7055225e-06,1.0,265,0.805,0,0,0.0,False,-0.2604738128088746,1.0494667071579475
0.8203477899660356,19:14:34.254350,19:14:24.269319,0,,0.12409355,5.273521e-05,0.023821384,0.9667147,-0.15555888,-0.20313542,0.22967155,0.177717,0.95690525,-0.11275451,-0.9717088,0.2075291,,0.041774146,-0.05952943,0.051585197,-0.73778856,0.34844378,0.57814777,0.38099098,-0.492072,0.7827586,0.5572378,0.79777944,0.23029125,,0.105171055,1.3401158,0.44063938,0.99427986,0.0134952925,-0.10594987,-0.059945755,-0.7504957,-0.65815103,-0.08839686,0.6607376,-0.74539375,,-0.091736324,0.25536022,-0.08192412,-0.9398987,0.25984368,0.22152132,0.058521677,-0.5165727,0.8542411,0.33640102,0.8158639,0.47031954,,-0.009709145,0.40547246,-0.40722245,0.6615876,-0.40147415,-0.63334066,0.7488301,0.3981409,0.52984655,0.039439116,-0.8248044,0.56404096,,1.2229333642978222,0.5237016843997867,0.21122267776000003,4.096293045970183,0.32574141544081003,-1.1155692523149592,-0.41391386358426363,,-0.890400209466589,-0.5111136298148007,0.16440975699000002,-3.810905032887746,-1.0585229636828672,1.397088424235032,0.8750341622813338,,-0.06277949319423604,-0.05761550026989781,0.08432494304,-0.06639839657179906,,5.5871904e-05,-1.4901161e-06,-2.2649765e-06,0.99999994,-5.6244433e-05,-4.9851835e-05,5.6240708e-05,1.0,-6.645918e-06,4.9851835e-05,6.7055225e-06,1.0,273,0.83,0,0,0.0,False,-0.26005676877922745,1.0491770259532711
0.8566951779648662,19:14:34.278083,19:14:24.488823,0,,0.124013394,3.4034252e-05,0.023970857,0.9665801,-0.15631495,-0.20319527,0.23005027,0.17908528,0.9565591,-0.11313522,-0.9713362,0.20906058,,0.041773796,-0.05953043,0.05158794,-0.7377901,0.34843448,0.57815135,0.3809983,-0.49207106,0.7827557,0.55723065,0.7977841,0.23029232,,0.105171055,1.3401158,0.44063938,0.99427986,0.0134952925,-0.10594987,-0.059945755,-0.7504957,-0.65815103,-0.08839686,0.6607376,-0.74539375,,-0.09167247,0.2554499,-0.08205452,-0.9397107,0.26061565,0.22141218,0.05855043,-0.51528317,0.8550176,0.33692092,0.81643295,0.46895793,,-0.009709021,0.40547436,-0.4072247,0.6615895,-0.40146542,-0.6333442,0.7488278,0.3981464,0.5298456,0.039449017,-0.82480603,0.5640379,,1.223473955599018,0.523887029988768,0.21108915989000002,4.096083356026699,0.3260146884403409,-1.1166905542638983,-0.41375051951812936,,-0.8904079321994633,-0.511121352547675,0.16440716441000003,-3.810905032887746,-1.0585229636828672,1.397088424235032,0.8750341622813338,,-0.06277949319423604,-0.05761550026989781,0.08432494304,-0.06639839657179906,,5.5871904e-05,-1.4901161e-06,-2.2649765e-06,0.99999994,-5.6244433e-05,-4.9851835e-05,5.6240708e-05,1.0,-6.645918e-06,4.9851835e-05,6.7055225e-06,1.0,281,0.854,0,0,0.0,False,-0.2613079008681689,1.0493218665556094
0.8804257140145637,19:14:34.307386,19:14:24.488823,0,,0.123954326,3.799796e-06,0.024087623,0.96577144,-0.15487471,-0.20808418,0.23475374,0.18060449,0.9551296,-0.1103445,-0.9712856,0.21078008,,0.041775394,-0.059530355,0.051587343,-0.73779285,0.34842768,0.578152,0.380999,-0.4920739,0.7827535,0.55722654,0.7977853,0.23029807,,0.105171055,1.3401158,0.44063938,0.99427986,0.0134952925,-0.10594987,-0.059945755,-0.7504957,-0.65815103,-0.08839686,0.6607376,-0.74539375,,-0.09162676,0.25550824,-0.08216651,-0.93898857,0.25924313,0.2260386,0.06393334,-0.51417905,0.8552967,0.3379541,0.8175652,0.46623397,,-0.009710551,0.4054737,-0.40722433,0.6615926,-0.40145865,-0.63334525,0.74882495,0.39814672,0.5298494,0.039451685,-0.82480913,0.56403315,,1.2238832604413519,0.5240646528448752,0.21097638266000002,4.090212037609132,0.32656123443940266,-1.1193415518624792,-0.4152206161133378,,-0.8904156549323375,-0.511121352547675,0.1644084607,-3.810905032887746,-1.0585229636828672,1.397088424235032,0.8750341622813338,,-0.06277949319423604,-0.05761550026989781,0.08432494304,-0.06639839657179906,,5.5871904e-05,-1.4901161e-06,-2.2649765e-06,0.99999994,-5.6244433e-05,-4.9851835e-05,5.6240708e-05,1.0,-6.645918e-06,4.9851835e-05,6.7055225e-06,1.0,293,0.891,0,0,0.0,False,-0.2607717014014801,1.0497563883626244
0.9097330959630199,19:14:34.344862,19:14:24.488823,0,,0.1239239,-3.6805868e-05,0.024172813,0.96611893,-0.15366319,-0.20736822,0.23384161,0.18109891,0.9552598,-0.109234124,-0.97138596,0.2108959,,0.04176937,-0.059529625,0.051586926,-0.7377802,0.34846416,0.57814604,0.3809889,-0.49206346,0.78276503,0.55725014,0.79777575,0.23027378,,0.105171055,1.3401158,0.44063938,0.99427986,0.0134952925,-0.10594987,-0.059945755,-0.7504957,-0.65815103,-0.08839686,0.6607376,-0.74539375,,-0.0916068,0.25553665,-0.08225937,-0.9394842,0.25806984,0.22532077,0.06399337,-0.51392555,0.85544455,0.33656254,0.8180957,0.46631014,,-0.009704555,0.40547436,-0.40722355,0.66157824,-0.40149444,-0.6333375,0.7488387,0.39813992,0.52983505,0.039431117,-0.824795,0.5640553,,1.2241149424275786,0.5240646528448752,0.21087786462000002,4.090212037609132,0.32492159644221735,-1.1193930756005117,-0.41505727204720344,,-0.8903770412679664,-0.5111136298148007,0.16440586812000002,-3.810905032887746,-1.0585229636828672,1.397088424235032,0.8750341622813338,,-0.06277949319423604,-0.05761550026989781,0.08432494304,-0.06639839657179906,,5.5871904e-05,-1.4901161e-06,-2.2649765e-06,0.99999994,-5.6244433e-05,-4.9851835e-05,5.6240708e-05,1.0,-6.645918e-06,4.9851835e-05,6.7055225e-06,1.0,301,0.915,0,0,0.0,False,-0.260652545964438,1.0491287457524916
