Task Time,PC1 Time,PC2 Time,Gaze Calib,s_T_psm1,Tx,Ty,Tz,R00,R01,R02,R10,R11,R12,R20,R21,R22,s_T_psm3,Tx,Ty,Tz,R00,R01,R02,R10,R11,R12,R20,R21,R22,cart_T_ecm,Tx,Ty,Tz,R00,R01,R02,R10,R11,R12,R20,R21,R22,ecm_T_psm1,Tx,Ty,Tz,R00,R01,R02,R10,R11,R12,R20,R21,R22,ecm_T_psm3,Tx,Ty,Tz,R00,R01,R02,R10,R11,R12,R20,R21,R22,psm1_joints,q1,q2,q3,q4,q5,q6,jaw,psm3_joints,q1,q2,q3,q4,q5,q6,jaw,ecm_joints,q1,q2,q3,q4,ecmi_T_ecm,Tx,Ty,Tz,R00,R01,R02,R10,R11,R12,R20,R21,R22,Sample #,Task Duration (s),Collisions (binary),Collisions (increments),Cumulative Collision Time (s),Clutch Press,MTMR Angle,MTML Angle
""
lci_T_si,,,,,-0.06091442,0.024665864,0.22852185,0.99137235,-0.028050909,0.12803915,0.064119875,-0.7481916,-0.6603772,0.11432199,0.66288954,-0.7399378
rci_T_si,,,,,-0.070449755,0.028832521,0.23726377,0.99015677,-0.04510285,0.13249657,0.05696979,-0.73481125,-0.6758749,0.12784386,0.6767704,-0.72500885
ecm_T_lc,,,,,-4.4061628e-05,-0.00034663224,-0.01840835,-0.99912,0.030754527,0.028518902,-0.031987965,-0.99852574,-0.043852776,0.027128186,-0.04472645,0.9986309
ecm_T_rc,,,,,-0.0043358393,0.01870579,-0.007592615,-0.99555075,-0.052743673,-0.078081585,0.04863213,-0.9973746,0.053654674,-0.08070653,0.04961868,0.9955021
cart_T_ecmi,,,,,0.10511527,1.3401165,0.4406436,0.9942844,0.013551921,-0.10590021,-0.05987073,-0.75049466,-0.658159,-0.08839686,0.6607376,-0.74539375
ecmac_T_ecmrep_psm1,,,,,0.006928962,-0.26080152,-0.2999526,0.99741316,0.06053514,0.03876121,-0.0592658,0.9976933,-0.033100393,-0.040675536,0.030717555,0.99870014
ecmac_T_ecmrep_psm3,,,,,-0.019041438,-0.46633056,-0.5465172,0.99408877,-0.01321918,0.10776258,-0.016145537,0.96352404,0.2671344,-0.107363135,-0.2672952,0.95761496
""
0,19:21:27.821909,19:21:18.030395,0,,0.1285051,0.0053123087,0.03197317,0.86788106,0.45990622,-0.18779896,0.053439543,0.28941226,0.9557116,0.49388912,-0.83948,0.2265982,,0.018502295,-0.023040585,0.021092772,-0.69976944,0.6530945,0.28946546,0.055707186,-0.35408264,0.9335536,0.7121935,0.6693976,0.21139416,,0.10519666,1.3401124,0.44064605,0.99427795,0.013471408,-0.105970815,-0.059977397,-0.7504961,-0.65814763,-0.08839686,0.6607376,-0.74539375,,-0.09673932,0.26456398,-0.083904155,-0.91009724,-0.36051175,0.20433876,0.33996513,-0.3675926,0.8656208,-0.23695305,0.85726714,0.4571064,,0.01469259,0.40022895,-0.3605405,0.623704,-0.69820595,-0.35142815,0.7135318,0.32498094,0.620693,-0.3191641,-0.6378839,0.70088404,,1.2469201726051635,0.5575272543888901,0.20857306100000003,3.815518211644405,-0.26015589555339863,-1.1009277378616922,-0.4057466602775497,,-0.7069466900393858,-0.2637004367232701,0.18743834884000002,-4.028772884168166,-1.078335256148856,1.3931510501964348,0.8270110068378558,,-0.06277949319423604,-0.05761550026989781,0.08432494304,-0.06639839657179906,,8.095056e-05,5.7816505e-06,-7.748604e-06,0.99999994,-7.996708e-05,-7.087737e-05,7.9963356e-05,1.0,-9.506941e-06,7.0884824e-05,9.4771385e-06,1.0,36,0.108,0,0,0.0,False,-0.2621419889274632,1.001814148988622
0.12006457999814302,19:21:27.853667,19:21:18.030395,0,,0.12835452,0.0053041577,0.03217256,0.864984,0.4642938,-0.19035146,0.053807423,0.29133183,0.95510757,0.49890602,-0.8363952,0.22701487,,0.01850297,-0.02303917,0.021093369,-0.6997297,0.6530533,0.28965443,0.055792034,-0.35425603,0.93348277,0.7122258,0.66934603,0.21144831,,0.10519666,1.3401124,0.44064605,0.99427795,0.013471408,-0.105970815,-0.059977397,-0.7504961,-0.65814763,-0.08839686,0.6607376,-0.74539375,,-0.096610025,0.26469758,-0.084071286,-0.90770626,-0.36510205,0.20680858,0.34371758,-0.36425936,0.865548,-0.2406814,0.8567471,0.4561325,,0.0146918,0.40023005,-0.36053956,0.62365746,-0.69815195,-0.35161802,0.713598,0.32485375,0.62068343,-0.3191069,-0.63800776,0.7007973,,1.2480631370705488,0.5575504225875128,0.20841361733000002,3.810275963057292,-0.2646649000456581,-1.1006814541256138,-0.4067267246743551,,-0.7069466900393858,-0.2637004367232701,0.18743834884000002,-4.028563194224682,-1.078335256148856,1.3931510501964348,0.8270110068378558,,-0.06277949319423604,-0.05761550026989781,0.08432494304,-0.06639839657179906,,8.095056e-05,5.7816505e-06,-7.748604e-06,0.99999994,-7.996708e-05,-7.087737e-05,7.9963356e-05,1.0,-9.506941e-06,7.0884824e-05,9.4771385e-06,1.0,44,0.133,0,0,0.0,False,-0.2617249448978165,1.000945105374592
0.15180105197941884,19:21:27.878329,19:21:18.121245,0,,0.12818527,0.005270183,0.03237365,0.86438453,0.4645239,-0.19250107,0.055421367,0.29248878,0.9546616,0.4997676,-0.83586353,0.2270782,,0.018504191,-0.023038916,0.021093786,-0.6997344,0.65304774,0.28965554,0.055792242,-0.35425946,0.93348145,0.71222115,0.6693497,0.21145251,,0.10519666,1.3401124,0.44064605,0.99427795,0.013471408,-0.105970815,-0.059977397,-0.7504961,-0.65814763,-0.08839686,0.6607376,-0.74539375,,-0.09646345,0.26481393,-0.08425894,-0.90712875,-0.36533526,0.20892012,0.3455118,-0.3630551,0.8653396,-0.24028954,0.8571588,0.45556536,,0.0146905305,0.40023044,-0.36053956,0.6236626,-0.69814664,-0.35161948,0.7135947,0.32485572,0.62068623,-0.3191044,-0.6380126,0.7007941,,1.2491288742071918,0.5576199271833807,0.20822435899000002,3.8075499937919934,-0.2648015365454236,-1.1005700362219173,-0.4070534128066241,,-0.7069544127722601,-0.2637004367232701,0.18743834884000002,-4.028563194224682,-1.078335256148856,1.3931510501964348,0.8270110068378558,,-0.06277949319423604,-0.05761550026989781,0.08432494304,-0.06639839657179906,,8.095056e-05,5.7816505e-06,-7.748604e-06,0.99999994,-7.996708e-05,-7.087737e-05,7.9963356e-05,1.0,-9.506941e-06,7.0884824e-05,9.4771385e-06,1.0,55,0.166,0,0,0.0,False,-0.2611887454311268,1.0012347865792688
0.17647800699342042,19:21:27.910172,19:21:18.121245,0,,0.12806833,0.005238533,0.03257297,0.8636511,0.46583098,-0.1926344,0.05508712,0.2926375,0.9546354,0.50107086,-0.8350836,0.2270754,,0.018505413,-0.023038663,0.021094263,-0.6997391,0.65301853,0.28971002,0.05579251,-0.35433906,0.9334512,0.71221656,0.669336,0.21151134,,0.10519666,1.3401124,0.44064605,0.99427795,0.013471408,-0.105970815,-0.059977397,-0.7504961,-0.65814763,-0.08839686,0.6607376,-0.74539375,,-0.09636858,0.26492888,-0.08443835,-0.90654486,-0.36670667,0.20905185,0.34616822,-0.36246845,0.8653232,-0.24154508,0.85682136,0.4555361,,0.014689261,0.40023082,-0.36053956,0.6236677,-0.6981126,-0.35167798,0.71359134,0.32480702,0.62071556,-0.3191019,-0.63807464,0.7007387,,1.249993820289105,0.5577743818408653,0.20804676726000002,3.8060821641876013,-0.26644117454260885,-1.0997230938184037,-0.40574666027754946,,-0.7069621355051343,-0.2637004367232701,0.18743834884000002,-4.028563194224682,-1.078335256148856,1.3932327289365753,0.82717435090399,,-0.06277949319423604,-0.05761550026989781,0.08432494304,-0.06639839657179906,,8.095056e-05,5.7816505e-06,-7.748604e-06,0.99999994,-7.996708e-05,-7.087737e-05,7.9963356e-05,1.0,-9.506941e-06,7.0884824e-05,9.4771385e-06,1.0,63,0.19,0,0,0.0,False,-0.2616653671792948,1.0015727479847247
0.2082843129755929,19:21:27.935574,19:21:18.121245,0,,0.12803566,0.005225286,0.03271155,0.86055714,0.47067493,-0.19469477,0.05582224,0.29278618,0.95454705,0.50628537,-0.8323108,0.22568509,,0.018505413,-0.023038663,0.021094263,-0.6997391,0.65301853,0.28971002,0.05579251,-0.35433906,0.9334512,0.71221656,0.669336,0.21151134,,0.10519666,1.3401124,0.44064605,0.99427795,0.013471408,-0.105970815,-0.059977397,-0.7504961,-0.65814763,-0.08839686,0.6607376,-0.74539375,,-0.0963506,0.2650135,-0.08455222,-0.9039626,-0.3717942,0.21123596,0.35033217,-0.3606706,0.8643981,-0.24519159,0.8553863,0.45628422,,0.014689261,0.40023082,-0.36053956,0.6236677,-0.6981126,-0.35167798,0.71359134,0.32480702,0.62071556,-0.3191019,-0.63807464,0.7007387,,1.250410847864313,0.5578979455668528,0.20794047148000003,3.800839915600488,-0.2704036330358066,-1.0978805131935971,-0.40525662807914675,,-0.7069621355051343,-0.2637004367232701,0.18743834884000002,-4.028563194224682,-1.078335256148856,1.3932327289365753,0.82717435090399,,-0.06277949319423604,-0.05761550026989781,0.08432494304,-0.06639839657179906,,8.095056e-05,5.7816505e-06,-7.748604e-06,0.99999994,-7.996708e-05,-7.087737e-05,7.9963356e-05,1.0,-9.506941e-06,7.0884824e-05,9.4771385e-06,1.0,71,0.215,0,0,0.0,False,-0.2616653671792948,1.0010899459769305
0.2337271819706075,19:21:27.955371,19:21:18.121245,0,,0.12804502,0.005214557,0.03284,0.8576483,0.47633496,-0.19376281,0.05214806,0.29429203,0.9542917,0.5115855,-0.8285512,0.22755915,,0.018505413,-0.023038663,0.021094263,-0.6997391,0.6530422,0.28965664,0.05579251,-0.35426277,0.93348014,0.71221656,0.66935325,0.21145669,,0.10519666,1.3401124,0.44064605,0.99427795,0.013471408,-0.105970815,-0.059977397,-0.7504961,-0.65814763,-0.08839686,0.6607376,-0.74539375,,-0.09637328,0.26509163,-0.08465262,-0.90175945,-0.37773472,0.21011032,0.3512881,-0.3572358,0.8654359,-0.25184625,0.85422426,0.45483446,,0.014689261,0.40023082,-0.36053956,0.6236677,-0.69814134,-0.35162094,0.71359134,0.3248577,0.62068903,-0.3191019,-0.63801736,0.7007908,,1.2507352026450305,0.5580215092928404,0.20785491634000003,3.798952706109128,-0.2773720945238441,-1.0983241056156219,-0.4064000365420868,,-0.7069621355051343,-0.2637004367232701,0.18743834884000002,-4.028563194224682,-1.078335256148856,1.3931510501964348,0.8270110068378558,,-0.06277949319423604,-0.05761550026989781,0.08432494304,-0.06639839657179906,,8.095056e-05,5.7816505e-06,-7.748604e-06,0.99999994,-7.996708e-05,-7.087737e-05,7.9963356e-05,1.0,-9.506941e-06,7.0884824e-05,9.4771385e-06,1.0,82,0.248,0,0,0.0,False,-0.2617249448978165,1.0014279073823864
0.25352555100107566,19:21:27.987652,19:21:18.121245,0,,0.12811284,0.0051897317,0.033057556,0.8511849,0.4877125,-0.19395977,0.044645533,0.30092502,0.95260215,0.5229634,-0.8195002,0.23436856,,0.018504191,-0.023038916,0.021093786,-0.6997344,0.65304774,0.28965554,0.055792242,-0.35425946,0.93348145,0.71222115,0.6693497,0.21145251,,0.10519666,1.3401124,0.44064605,0.99427795,0.013471408,-0.105970815,-0.059977397,-0.7504961,-0.65814763,-0.08839686,0.6607376,-0.74539375,,-0.09646361,0.26521713,-0.08482183,-0.89679605,-0.3896737,0.20954998,0.35363293,-0.3466616,0.8687747,-0.26589572,0.85321754,0.4486862,,0.0146905305,0.40023044,-0.36053956,0.6236626,-0.69814664,-0.35161948,0.7135947,0.32485572,0.62068623,-0.3191044,-0.6380126,0.7007941,,1.2510750028914963,0.5582300230804444,0.20771880589000002,3.7947589072394377,-0.29199219999874626,-1.1030648529087794,-0.4083601653356981,,-0.7069544127722601,-0.2637004367232701,0.18743834884000002,-4.028563194224682,-1.078335256148856,1.3931510501964348,0.8270110068378558,,-0.06277949319423604,-0.05761550026989781,0.08432494304,-0.06639839657179906,,8.095056e-05,5.7816505e-06,-7.748604e-06,0.99999994,-7.996708e-05,-7.087737e-05,7.9963356e-05,1.0,-9.506941e-06,7.0884824e-05,9.4771385e-06,1.0,90,0.272,0,0,0.0,False,-0.2616653671792948,1.0016210281855042
0.28580238798167557,19:21:28.016813,19:21:18.121245,0,,0.12811041,0.0051296502,0.0332454,0.84953904,0.49066216,-0.19373628,0.041594684,0.3038074,0.951825,0.52588314,-0.8166711,0.23768726,,0.018504191,-0.023038916,0.021093786,-0.6997344,0.65304774,0.28965554,0.055792242,-0.35425946,0.93348145,0.71222115,0.6693497,0.21145251,,0.10519666,1.3401124,0.44064605,0.99427795,0.013471408,-0.105970815,-0.059977397,-0.7504961,-0.65814763,-0.08839686,0.6607376,-0.74539375,,-0.096482635,0.26529917,-0.085000195,-0.8955827,-0.39276823,0.2089613,0.35340226,-0.34273624,0.87042445,-0.27025646,0.85338444,0.4457538,,0.0146905305,0.40023044,-0.36053956,0.6236626,-0.69814664,-0.35161948,0.7135947,0.32485572,0.62068623,-0.3191044,-0.6380126,0.7007941,,1.2513684667407168,0.5584462596009228,0.20755028819000002,3.794339527352468,-0.29650120449100575,-1.1055139675973398,-0.40394987555007256,,-0.7069544127722601,-0.2637004367232701,0.18743834884000002,-4.028563194224682,-1.078335256148856,1.3931510501964348,0.8270110068378558,,-0.06277949319423604,-0.05761550026989781,0.08432494304,-0.06639839657179906,,8.095056e-05,5.7816505e-06,-7.748604e-06,0.99999994,-7.996708e-05,-7.087737e-05,7.9963356e-05,1.0,-9.506941e-06,7.0884824e-05,9.4771385e-06,1.0,98,0.296,0,0,0.0,False,-0.2612483231496481,1.0015244677839454
0.31496758200228214,19:21:28.047676,19:21:18.279415,0,,0.12810889,0.0050908923,0.033380836,0.8478871,0.49194503,-0.19767985,0.044925436,0.3048494,0.9513403,0.5282698,-0.81551015,0.236377,,0.018568255,-0.022994794,0.021078646,-0.6997514,0.6530915,0.28951594,0.055650294,-0.35420048,0.9335122,0.7122156,0.6693381,0.21150759,,0.10514474,1.3401126,0.440644,0.99428374,0.013543727,-0.105907395,-0.059881587,-0.7504948,-0.6581578,-0.08839686,0.6607376,-0.74539375,,-0.09645856,0.26535767,-0.08513651,-0.89404804,-0.39414588,0.2129017,0.3574678,-0.34126776,0.8693406,-0.26999053,0.85333776,0.44600424,,0.014671938,0.40023914,-0.3604958,0.6236556,-0.6981744,-0.3515767,0.7135677,0.32482618,0.6207327,-0.3191784,-0.6379972,0.7007744,,1.2516542078570632,0.558592991525533,0.20745306644000003,3.789516658652324,-0.29636456799124034,-1.1048902768397708,-0.406073348409818,,-0.7069621355051343,-0.2637004367232701,0.18743834884000002,-4.028563194224682,-1.078335256148856,1.3931510501964348,0.8270110068378558,,-0.06277949319423604,-0.05761550026989781,0.08432494304,-0.06639839657179906,,2.9500574e-05,3.5762787e-06,-8.34465e-07,0.99999994,-8.139759e-06,-7.2196126e-06,8.136034e-06,1.0,-9.834766e-07,7.212162e-06,9.536743e-07,1.0,113,0.343,0,0,0.0,False,-0.2608908568385213,1.0009933855753714
0.34582758496981114,19:21:28.085402,19:21:18.279415,0,,0.12810795,0.005089715,0.033512115,0.84236383,0.501554,-0.19714579,0.043516815,0.30132356,0.9525285,0.5371491,-0.8109548,0.23199806,,0.018569544,-0.02300001,0.021077871,-0.6997545,0.65306026,0.28957886,0.055678397,-0.3542653,0.9334859,0.71221036,0.6693343,0.21153748,,0.10514474,1.3401126,0.440644,0.99428374,0.013543727,-0.105907395,-0.059881587,-0.7504948,-0.6581578,-0.08839686,0.6607376,-0.74539375,,-0.09647088,0.26544514,-0.08523362,-0.88951,-0.4043044,0.21286127,0.36260167,-0.34116155,0.8672536,-0.27801433,0.84861463,0.45006806,,0.014670971,0.40023568,-0.3604999,0.6236579,-0.69814,-0.3516409,0.7135777,0.32479355,0.6207383,-0.31915155,-0.63805145,0.7007372,,1.2520403445007744,0.5586316051899042,0.20737658533000003,3.7825968905173344,-0.30497266747646307,-1.0984427000878805,-0.40460325181460965,,-0.7069621355051343,-0.26373132765476703,0.18743834884000002,-4.028563194224682,-1.078335256148856,1.3932327289365753,0.82717435090399,,-0.06277949319423604,-0.05761550026989781,0.08432494304,-0.06639839657179906,,2.9500574e-05,3.5762787e-06,-8.34465e-07,0.99999994,-8.139759e-06,-7.2196126e-06,8.136034e-06,1.0,-9.834766e-07,7.212162e-06,9.536743e-07,1.0,125,0.378,0,0,0.0,False,-0.26136747858668974,1.0013313469808274
0.3835485960007645,19:21:28.118741,19:21:18.279415,0,,0.12811358,0.0051104724,0.033631742,0.83498704,0.513141,-0.19870251,0.04314737,0.2989339,0.95329785,0.54857516,-0.804565,0.22746524,,0.018568393,-0.023005717,0.021076143,-0.6997481,0.6530638,0.28958613,0.055706024,-0.3542471,0.93349123,0.71221435,0.6693405,0.21150422,,0.10514474,1.3401126,0.440644,0.99428374,0.013543727,-0.105907395,-0.059881587,-0.7504948,-0.6581578,-0.08839686,0.6607376,-0.74539375,,-0.09648763,0.26554075,-0.08530677,-0.8833416,-0.41656563,0.21489695,0.37028456,-0.33905423,0.8648304,-0.2873969,0.84351367,0.45374852,,0.014672544,0.40023148,-0.36050397,0.62364995,-0.698145,-0.35164517,0.7135944,0.32480767,0.62071174,-0.3191297,-0.6380389,0.70075864,,1.2524264811444856,0.5586393279227784,0.2073286226,3.7725317732300776,-0.3150837684591057,-1.0920763862375782,-0.40378653148393817,,-0.7069466900393858,-0.2637622185862639,0.18743834884000002,-4.028563194224682,-1.078335256148856,1.3932327289365753,0.82717435090399,,-0.06277949319423604,-0.05761550026989781,0.08432494304,-0.06639839657179906,,2.9500574e-05,3.5762787e-06,-8.34465e-07,0.99999994,-8.139759e-06,-7.2196126e-06,8.136034e-06,1.0,-9.834766e-07,7.212162e-06,9.536743e-07,1.0,133,0.403,0,0,0.0,False,-0.2612483231496481,1.001041665776151
0.4168964970158413,19:21:28.147747,19:21:18.279415,0,,0.12816565,0.0051371604,0.03382677,0.8213879,0.53251487,-0.20432697,0.03947021,0.30430877,0.9517554,0.56900245,-0.78982526,0.22893709,,0.01856925,-0.023011185,0.02107656,-0.6997513,0.6530562,0.28959572,0.055734098,-0.3542357,0.93349385,0.71220905,0.66935384,0.21147946,,0.10514474,1.3401126,0.440644,0.99428374,0.013543727,-0.105907395,-0.059881587,-0.7504948,-0.6581578,-0.08839686,0.6607376,-0.74539375,,-0.09655786,0.26568976,-0.08542649,-0.87203264,-0.43707907,0.22027473,0.38180542,-0.32587728,0.86488646,-0.30624127,0.8383113,0.45105478,,0.014671907,0.40022898,-0.3605089,0.6236523,-0.6981393,-0.35165238,0.7136044,0.32482573,0.62069076,-0.31910285,-0.6380359,0.70077354,,1.2529130133155617,0.5586007142584072,0.20726251181000002,3.7565953375252534,-0.33530597042439086,-1.091350533337636,-0.40656338060822095,,-0.7069466900393858,-0.2637931095177608,0.18743705255,-4.028563194224682,-1.078335256148856,1.3932327289365753,0.82717435090399,,-0.06277949319423604,-0.05761550026989781,0.08432494304,-0.06639839657179906,,2.9500574e-05,3.5762787e-06,-8.34465e-07,0.99999994,-8.139759e-06,-7.2196126e-06,8.136034e-06,1.0,-9.834766e-07,7.212162e-06,9.536743e-07,1.0,141,0.428,0,0,0.0,False,-0.2611887454311268,1.0010899459769305
0.4458709619939327,19:21:28.168293,19:21:18.279415,0,,0.1282368,0.005142927,0.03402549,0.8097353,0.5499153,-0.20474799,0.030231714,0.3093669,0.9504621,0.5860159,-0.7758126,0.23388034,,0.018569574,-0.023012497,0.021076322,-0.69975203,0.6530543,0.28959808,0.0557411,-0.35423282,0.9334945,0.7122078,0.66935724,0.21147314,,0.10514474,1.3401126,0.440644,0.99428374,0.013543727,-0.105907395,-0.059881587,-0.7504948,-0.6581578,-0.08839686,0.6607376,-0.74539375,,-0.09664833,0.26582506,-0.08556097,-0.86255014,-0.455571,0.22014163,0.38684848,-0.3133512,0.8672712,-0.32612193,0.8332263,0.4465181,,0.014671665,0.4002281,-0.3605099,0.6236528,-0.6981379,-0.35165417,0.7136069,0.32483026,0.6206855,-0.31909615,-0.6380351,0.7007773,,1.2533609318222667,0.5585698233269103,0.20718862328,3.7475786699554194,-0.35662126438779956,-1.0925920931130426,-0.40591000434368385,,-0.7069466900393858,-0.26380083225063505,0.18743705255,-4.028563194224682,-1.078335256148856,1.3932327289365753,0.82717435090399,,-0.06277949319423604,-0.05761550026989781,0.08432494304,-0.06639839657179906,,2.9500574e-05,3.5762787e-06,-8.34465e-07,0.99999994,-8.139759e-06,-7.2196126e-06,8.136034e-06,1.0,-9.834766e-07,7.212162e-06,9.536743e-07,1.0,160,0.486,0,0,0.0,False,-0.2623802998015474,1.0013313469808274
0.4664238700061105,19:21:28.227618,19:21:18.426824,0,,0.1280504,0.005036533,0.034525275,0.7973264,0.5656258,-0.21056548,0.028882936,0.31272087,0.94940585,0.6028567,-0.7630682,0.23300362,,0.018569898,-0.023013808,0.021076143,-0.69975287,0.65305245,0.28960046,0.055748165,-0.35422996,0.9334952,0.7122065,0.66936064,0.21146694,,0.10514474,1.3401126,0.440644,0.99428374,0.013543727,-0.105907395,-0.059881587,-0.7504948,-0.6581578,-0.08839686,0.6607376,-0.74539375,,-0.09651779,0.26608944,-0.08601805,-0.8519654,-0.4723276,0.22596797,0.39763415,-0.30287567,0.86611396,-0.34064934,0.82775176,0.4458532,,0.0146714235,0.40022725,-0.36051095,0.6236534,-0.69813645,-0.35165596,0.7136094,0.3248348,0.6206803,-0.31908944,-0.6380344,0.70078105,,1.2550599330545962,0.5585775460597846,0.20677899564000002,3.7312228543636268,-0.3730176443596524,-1.0888600360060583,-0.4062366924759524,,-0.7069466900393858,-0.26380855498350925,0.18743705255,-4.028563194224682,-1.078335256148856,1.3932327289365753,0.82717435090399,,-0.06277949319423604,-0.05761550026989781,0.08432494304,-0.06639839657179906,,2.9500574e-05,3.5762787e-06,-8.34465e-07,0.99999994,-8.139759e-06,-7.2196126e-06,8.136034e-06,1.0,-9.834766e-07,7.212162e-06,9.536743e-07,1.0,168,0.509,0,0,0.0,False,-0.26196325577190027,1.000945105374592
0.525767705985345,19:21:28.250341,19:21:18.426824,0,,0.12796322,0.004998103,0.03468886,0.7949577,0.5691719,-0.20996502,0.028005943,0.3112982,0.94989955,0.6060179,-0.76101035,0.2315287,,0.018572014,-0.023012035,0.021077275,-0.69976145,0.6530196,0.28965366,0.05574161,-0.35431576,0.933463,0.7121985,0.66934717,0.21153629,,0.10514474,1.3401126,0.440644,0.99428374,0.013543727,-0.105907395,-0.059881587,-0.7504948,-0.6581578,-0.08839686,0.6607376,-0.74539375,,-0.0964492,0.26617426,-0.08617276,-0.84996575,-0.47611952,0.22554025,0.39919913,-0.30267286,0.86546475,-0.34379974,0.8256509,0.44732806,,0.014669126,0.40022886,-0.36050993,0.62366307,-0.69809854,-0.35171413,0.71360016,0.32478353,0.6207177,-0.31909114,-0.63810194,0.7007187,,1.2557318108146538,0.5585852687926588,0.20663510745000002,3.728287195154843,-0.3767068298533193,-1.0858517526062552,-0.40476659588074404,,-0.7069621355051343,-0.26380083225063505,0.18743705255,-4.028563194224682,-1.078335256148856,1.3933144076767159,0.8270110068378558,,-0.06277949319423604,-0.05761550026989781,0.08432494304,-0.06639839657179906,,2.9500574e-05,3.5762787e-06,-8.34465e-07,0.99999994,-8.139759e-06,-7.2196126e-06,8.136034e-06,1.0,-9.834766e-07,7.212162e-06,9.536743e-07,1.0,176,0.534,0,0,0.0,False,-0.26255903295711036,1.0012347865792688
0.5484923049807549,19:21:28.278813,19:21:18.426824,0,,0.12783174,0.0049602985,0.035007566,0.7856479,0.58091784,-0.21281801,0.025917768,0.31278467,0.9494704,0.6181305,-0.7514654,0.23068252,,0.018572014,-0.023012035,0.021077275,-0.69976145,0.6530196,0.28965366,0.05574161,-0.35431576,0.933463,0.7121985,0.66934717,0.21153629,,0.10514474,1.3401126,0.440644,0.99428374,0.013543727,-0.105907395,-0.059881587,-0.7504948,-0.6581578,-0.08839686,0.6607376,-0.74539375,,-0.09635213,0.26636553,-0.08644532,-0.84201753,-0.4886923,0.22844318,0.4061444,-0.29558438,0.864683,-0.3550397,0.82085913,0.44736686,,0.014669126,0.40022886,-0.36050993,0.62366307,-0.69809854,-0.35171413,0.71360016,0.32478353,0.6207177,-0.31909114,-0.63810194,0.7007187,,1.2569906162731523,0.5585621005940361,0.20640177525000003,3.7169639382066784,-0.3894140243315053,-1.082187544254014,-0.40525662807914675,,-0.7069621355051343,-0.26380083225063505,0.18743705255,-4.028563194224682,-1.078335256148856,1.3933144076767159,0.8270110068378558,,-0.06277949319423604,-0.05761550026989781,0.08432494304,-0.06639839657179906,,2.9500574e-05,3.5762787e-06,-8.34465e-07,0.99999994,-8.139759e-06,-7.2196126e-06,8.136034e-06,1.0,-9.834766e-07,7.212162e-06,9.536743e-07,1.0,184,0.559,0,0,0.0,False,-0.2607717014014801,1.0013313469808274
0.5769621150102466,19:21:28.304769,19:21:18.426824,0,,0.12776993,0.0049358606,0.035434425,0.768996,0.6016316,-0.21606565,0.01584515,0.3199538,0.9473007,0.63905704,-0.731894,0.23651028,,0.018572014,-0.023012035,0.021077275,-0.69976145,0.6530196,0.28965366,0.05574161,-0.35431576,0.933463,0.7121985,0.66934717,0.21153629,,0.10514474,1.3401126,0.440644,0.99428374,0.013543727,-0.105907395,-0.059881587,-0.7504948,-0.6581578,-0.08839686,0.6607376,-0.74539375,,-0.09633464,0.26663685,-0.086781055,-0.82799417,-0.51094764,0.23099388,0.4133863,-0.27788052,0.86711836,-0.37886336,0.8134586,0.4413022,,0.014669126,0.40022886,-0.36050993,0.62366307,-0.69809854,-0.35171413,0.71360016,0.32478353,0.6207177,-0.31909114,-0.63810194,0.7007187,,1.258388430923387,0.5585621005940361,0.20615288757000003,3.7022856421627623,-0.4157848687862353,-1.0827371486785564,-0.40460325181460965,,-0.7069621355051343,-0.26380083225063505,0.18743705255,-4.028563194224682,-1.078335256148856,1.3933144076767159,0.8270110068378558,,-0.06277949319423604,-0.05761550026989781,0.08432494304,-0.06639839657179906,,2.9500574e-05,3.5762787e-06,-8.34465e-07,0.99999994,-8.139759e-06,-7.2196126e-06,8.136034e-06,1.0,-9.834766e-07,7.212162e-06,9.536743e-07,1.0,192,0.583,0,0,0.0,False,-0.2617249448978165,1.0007037043706946
0.6029241890064441,19:21:28.333971,19:21:18.426824,0,,0.12762287,0.004883036,0.035785228,0.76040983,0.61099964,-0.2201274,0.011477798,0.32625148,0.9452133,0.64934194,-0.72127616,0.24107188,,0.018572014,-0.023012035,0.021077275,-0.69976145,0.6530196,0.28965366,0.05574161,-0.35431576,0.933463,0.7121985,0.66934717,0.21153629,,0.10514474,1.3401126,0.440644,0.99428374,0.013543727,-0.105907395,-0.059881587,-0.7504948,-0.6581578,-0.08839686,0.6607376,-0.74539375,,-0.09622596,0.26683915,-0.08708884,-0.8206777,-0.52106154,0.23448466,0.4173912,-0.2664274,0.86879283,-0.3902214,0.8108707,0.43613753,,0.014669126,0.40022886,-0.36050993,0.62366307,-0.69809854,-0.35171413,0.71360016,0.32478353,0.6207177,-0.31909114,-0.63810194,0.7007187,,1.2597708001078731,0.5585621005940361,0.20588974070000002,3.693688354479897,-0.42876533626395213,-1.0850576887696053,-0.4062366924759526,,-0.7069621355051343,-0.26380083225063505,0.18743705255,-4.028563194224682,-1.078335256148856,1.3933144076767159,0.8270110068378558,,-0.06277949319423604,-0.05761550026989781,0.08432494304,-0.06639839657179906,,2.9500574e-05,3.5762787e-06,-8.34465e-07,0.99999994,-8.139759e-06,-7.2196126e-06,8.136034e-06,1.0,-9.834766e-07,7.212162e-06,9.536743e-07,1.0,203,0.617,0,0,0.0,False,-0.26202283349042155,1.0011382261777095
0.6321190280141309,19:21:28.360567,19:21:18.583350,0,,0.1275084,0.004882604,0.035973996,0.7546787,0.617467,-0.22179787,0.011631995,0.32541275,0.94550055,0.65599126,-0.7161291,0.23839971,,0.018570796,-0.023012258,0.021076798,-0.69975674,0.65302515,0.28965262,0.0557414,-0.35431242,0.9334643,0.71220315,0.6693436,0.211532,,0.10514474,1.3401126,0.440644,0.99428374,0.013543727,-0.105907395,-0.059881587,-0.7504948,-0.6581578,-0.08839686,0.6607376,-0.74539375,,-0.096131176,0.26697,-0.08723926,-0.8156428,-0.52804315,0.23642595,0.42218775,-0.26382223,0.8672689,-0.395581,0.80719775,0.43811804,,0.014670395,0.40022847,-0.3605099,0.62365794,-0.69810385,-0.35171267,0.71360356,0.32478154,0.62071484,-0.31909364,-0.63809717,0.700722,,1.2606820825870317,0.5585543778611619,0.20576140799000003,3.6857201366274843,-0.4350506152531624,-1.0803408589002728,-0.40541997214528114,,-0.7069544127722601,-0.26380083225063505,0.18743705255,-4.028563194224682,-1.078335256148856,1.3933144076767159,0.8270110068378558,,-0.06277949319423604,-0.05761550026989781,0.08432494304,-0.06639839657179906,,2.9500574e-05,3.5762787e-06,-8.34465e-07,0.99999994,-8.139759e-06,-7.2196126e-06,8.136034e-06,1.0,-9.834766e-07,7.212162e-06,9.536743e-07,1.0,211,0.64,0,0,0.0,False,-0.2617249448978165,1.0016693083862838
0.6587087970110588,19:21:28.383671,19:21:18.583350,0,,0.12739441,0.0048858225,0.03612405,0.7491391,0.62282354,-0.22556868,0.013424039,0.32618183,0.94521177,0.66227657,-0.7111232,0.23599476,,0.018570796,-0.023012258,0.021076798,-0.69975674,0.6530015,0.28970593,0.0557414,-0.35438865,0.9334353,0.71220315,0.6693263,0.21158665,,0.10514474,1.3401126,0.440644,0.99428374,0.013543727,-0.105907395,-0.059881587,-0.7504948,-0.6581578,-0.08839686,0.6607376,-0.74539375,,-0.096032806,0.2670775,-0.08735883,-0.8106925,-0.5338386,0.24040388,0.42794293,-0.2600829,0.86557597,-0.39955294,0.80459505,0.4392997,,0.014670395,0.40022847,-0.3605099,0.62365794,-0.6980751,-0.3517697,0.71360356,0.32473084,0.62074137,-0.31909364,-0.6381544,0.7006698,,1.2614775240730767,0.5584848732652938,0.20565900108000001,3.6769131590011344,-0.4398328927449528,-1.077012983451882,-0.40509328401301237,,-0.7069544127722601,-0.26380083225063505,0.18743705255,-4.028563194224682,-1.078335256148856,1.3933960864168564,0.8268476627717215,,-0.06277949319423604,-0.05761550026989781,0.08432494304,-0.06639839657179906,,2.9500574e-05,3.5762787e-06,-8.34465e-07,0.99999994,-8.139759e-06,-7.2196126e-06,8.136034e-06,1.0,-9.834766e-07,7.212162e-06,9.536743e-07,1.0,219,0.665,0,0,0.0,False,-0.2623802998015474,1.0012347865792688
0.6817889739759266,19:21:28.421443,19:21:18.583350,0,,0.12720177,0.004910469,0.03646481,0.7344407,0.6385012,-0.2300277,0.008332133,0.33042902,0.9437941,0.6786216,-0.6950775,0.23736048,,0.01857144,-0.02301488,0.021076381,-0.6997583,0.6529977,0.2897107,0.055755407,-0.354383,0.93343675,0.7122005,0.669333,0.21157429,,0.10514474,1.3401126,0.440644,0.99428374,0.013543727,-0.105907395,-0.059881587,-0.7504948,-0.6581578,-0.08839686,0.6607376,-0.74539375,,-0.09587453,0.26733196,-0.087611854,-0.79794014,-0.5508568,0.24463913,0.43571258,-0.24672545,0.86561024,-0.41646862,0.7972975,0.43688738,,0.014669912,0.40022674,-0.36051196,0.6236591,-0.69807225,-0.3517733,0.7136085,0.32473987,0.62073094,-0.31908023,-0.6381529,0.70067734,,1.263269198099897,0.5582763594776898,0.20547881677000002,3.6611864132397955,-0.45937191221141077,-1.073740427945081,-0.40738010093889243,,-0.7069544127722601,-0.2638162777163835,0.18743705255,-4.028563194224682,-1.078335256148856,1.3933960864168564,0.8268476627717215,,-0.06277949319423604,-0.05761550026989781,0.08432494304,-0.06639839657179906,,2.9500574e-05,3.5762787e-06,-8.34465e-07,0.99999994,-8.139759e-06,-7.2196126e-06,8.136034e-06,1.0,-9.834766e-07,7.212162e-06,9.536743e-07,1.0,235,0.714,0,0,0.0,False,-0.26101001227556386,1.0011382261777095
0.71959022001829,19:21:28.480173,19:21:18.583350,0,,0.12687474,0.004934922,0.03680885,0.7172574,0.65592194,-0.2351766,0.0023254752,0.33525038,0.94212615,0.6968043,-0.6762939,0.2389355,,0.018572222,-0.023014866,0.02107805,-0.699763,0.6529922,0.2897118,0.055755615,-0.35438633,0.93343544,0.7121959,0.6693367,0.21157855,,0.10514474,1.3401126,0.440644,0.99428374,0.013543727,-0.105907395,-0.059881587,-0.7504948,-0.6581578,-0.08839686,0.6607376,-0.74539375,,-0.09558303,0.26759344,-0.08788123,-0.78294104,-0.5698586,0.24952856,0.44413337,-0.23116598,0.8656257,-0.43560174,0.7885578,0.43408254,,0.014668971,0.40022808,-0.3605128,0.6236642,-0.69806695,-0.35177475,0.71360517,0.32474187,0.62073374,-0.31907773,-0.6381577,0.70067406,,1.2657559180853972,0.557596758984758,0.20529992875000003,3.642733698213157,-0.4821902076722393,-1.0695907750326579,-0.4042765636823411,,-0.7069621355051343,-0.2638162777163835,0.18743575626000003,-4.028563194224682,-1.078335256148856,1.3933960864168564,0.8268476627717215,,-0.06277949319423604,-0.05761550026989781,0.08432494304,-0.06639839657179906,,2.9500574e-05,3.5762787e-06,-8.34465e-07,0.99999994,-8.139759e-06,-7.2196126e-06,8.136034e-06,1.0,-9.834766e-07,7.212162e-06,9.536743e-07,1.0,254,0.773,0,0,0.0,False,-0.26106958999408425,1.0011382261777095
0.7783200159901753,19:21:28.520564,19:21:18.719425,0,,0.12663072,0.00497064,0.0369187,0.70488155,0.66696155,-0.2414625,0.0047079623,0.33600515,0.9418484,0.70930934,-0.66502833,0.23370376,,0.018572222,-0.023014866,0.02107805,-0.699763,0.6529922,0.2897118,0.055755615,-0.35438633,0.93343544,0.7121959,0.6693367,0.21157855,,0.10514474,1.3401126,0.440644,0.99428374,0.013543727,-0.105907395,-0.059881587,-0.7504948,-0.6581578,-0.08839686,0.6607376,-0.74539375,,-0.095350005,0.26770267,-0.08796279,-0.7717957,-0.5819332,0.25629124,0.45475903,-0.22343503,0.86213166,-0.4444386,0.7819402,0.43708557,,0.014668971,0.40022808,-0.3605128,0.6236642,-0.69806695,-0.35177475,0.71360517,0.32474187,0.62073374,-0.31907773,-0.6381577,0.70067406,,1.2671537327356317,0.5568630993617067,0.20526492892000003,3.6249100530169724,-0.49325776415324,-1.0617094271952157,-0.40591000434368385,,-0.7069621355051343,-0.2638162777163835,0.18743575626000003,-4.028563194224682,-1.078335256148856,1.3933960864168564,0.8268476627717215,,-0.06277949319423604,-0.05761550026989781,0.08432494304,-0.06639839657179906,,2.9500574e-05,3.5762787e-06,-8.34465e-07,0.99999994,-8.139759e-06,-7.2196126e-06,8.136034e-06,1.0,-9.834766e-07,7.212162e-06,9.536743e-07,1.0,262,0.796,0,0,0.0,False,-0.26095043455704303,1.0011382261777095
0.8187169840093702,19:21:28.543058,19:21:18.719425,0,,0.12652996,0.004968092,0.03694433,0.7018376,0.66995823,-0.24203236,0.0025207102,0.33743444,0.9413457,0.71233237,-0.66128194,0.23513547,,0.018572222,-0.023014866,0.02107805,-0.699763,0.6529922,0.2897118,0.055755615,-0.35438633,0.93343544,0.7121959,0.6693367,0.21157855,,0.10514474,1.3401126,0.440644,0.99428374,0.013543727,-0.105907395,-0.059881587,-0.7504948,-0.6581578,-0.08839686,0.6607376,-0.74539375,,-0.09525253,0.26772174,-0.08799366,-0.76916623,-0.5852284,0.25669256,0.4552875,-0.21996853,0.862744,-0.44843796,0.78046244,0.4356395,,0.014668971,0.40022808,-0.3605128,0.6236642,-0.69806695,-0.35177475,0.71360517,0.32474187,0.62073374,-0.31907773,-0.6381577,0.70067406,,1.2677715513655696,0.5564769627179955,0.20525585489000003,3.6223937736951584,-0.4983133146445613,-1.0619159379858978,-0.40509328401301237,,-0.7069621355051343,-0.2638162777163835,0.18743575626000003,-4.028563194224682,-1.078335256148856,1.3933960864168564,0.8268476627717215,,-0.06277949319423604,-0.05761550026989781,0.08432494304,-0.06639839657179906,,2.9500574e-05,3.5762787e-06,-8.34465e-07,0.99999994,-8.139759e-06,-7.2196126e-06,8.136034e-06,1.0,-9.834766e-07,7.212162e-06,9.536743e-07,1.0,274,0.833,0,0,0.0,False,-0.26106958999408425,1.000751984571474
0.841180143004749,19:21:28.586235,19:21:18.719425,0,,0.12629282,0.0049524605,0.03701526,0.6900985,0.6801632,-0.2472688,-0.0017346442,0.3432194,0.9392537,0.7237133,-0.6477487,0.238035,,0.01857511,-0.02301412,0.021077752,-0.6997724,0.6529811,0.28971404,0.055756092,-0.35439312,0.93343276,0.7121867,0.6693438,0.21158695,,0.10514474,1.3401126,0.440644,0.99428374,0.013543727,-0.105907395,-0.059881587,-0.7504948,-0.6581578,-0.08839686,0.6607376,-0.74539375,,-0.095024586,0.26776657,-0.08808052,-0.75882107,-0.5964889,0.26151788,0.4602279,-0.20696405,0.86334014,-0.460848,0.7754785,0.43156952,,0.014666103,0.40022787,-0.36051196,0.62367445,-0.69805634,-0.35177767,0.7135985,0.3247458,0.6207394,-0.31907272,-0.6381673,0.7006676,,1.2691461978171816,0.5553803346498556,0.20523641054000002,3.61044144691654,-0.513753239118056,-1.0621492770702705,-0.40591000434368385,,-0.7069775809708827,-0.2638162777163835,0.18743705255,-4.028563194224682,-1.078335256148856,1.3933960864168564,0.8268476627717215,,-0.06277949319423604,-0.05761550026989781,0.08432494304,-0.06639839657179906,,2.9500574e-05,3.5762787e-06,-8.34465e-07,0.99999994,-8.139759e-06,-7.2196126e-06,8.136034e-06,1.0,-9.834766e-07,7.212162e-06,9.536743e-07,1.0,286,0.87,0,0,0.0,False,-0.2611887454311268,1.0012347865792688
0.8843584959977306,19:21:28.612501,19:21:18.719425,0,,0.12617944,0.004943207,0.037030727,0.68583614,0.68372643,-0.24929243,-0.0012617409,0.3436662,0.939091,0.72775483,-0.6437481,0.2365613,,0.018576328,-0.023013897,0.021078229,-0.6997772,0.65297556,0.28971517,0.05575636,-0.3543965,0.9334315,0.712182,0.6693474,0.21159106,,0.10514474,1.3401126,0.440644,0.99428374,0.013543727,-0.105907395,-0.059881587,-0.7504948,-0.6581578,-0.08839686,0.6607376,-0.74539375,,-0.094913825,0.26777428,-0.088109724,-0.7549705,-0.6004143,0.26367077,0.4634521,-0.20407341,0.86230284,-0.46393076,0.77321196,0.43233266,,0.014664833,0.40022826,-0.360512,0.6236796,-0.69805104,-0.35177913,0.71359515,0.3247478,0.6207422,-0.31907022,-0.6381721,0.7006644,,1.2696867891183774,0.5549092479445279,0.20522604022000002,3.6045701284989735,-0.5178523341110194,-1.059705206100924,-0.4057466602775497,,-0.706985303703757,-0.2638162777163835,0.18743705255,-4.028563194224682,-1.078335256148856,1.3933960864168564,0.8268476627717215,,-0.06277949319423604,-0.05761550026989781,0.08432494304,-0.06639839657179906,,2.9500574e-05,3.5762787e-06,-8.34465e-07,0.99999994,-8.139759e-06,-7.2196126e-06,8.136034e-06,1.0,-9.834766e-07,7.212162e-06,9.536743e-07,1.0,297,0.904,0,0,0.0,False,-0.260652545964438,1.000751984571474
0.9106135420151986,19:21:28.651143,19:21:18.876629,0,,0.12596887,0.0049214214,0.037050903,0.6813374,0.6867282,-0.25334442,0.0011962354,0.3450684,0.9385768,0.7319684,-0.63979065,0.23428649,,0.018576328,-0.023013897,0.021078229,-0.6997772,0.6529992,0.28966185,0.05575636,-0.35432026,0.9334605,0.712182,0.6693647,0.21153647,,0.10514474,1.3401126,0.440644,0.99428374,0.013543727,-0.105907395,-0.059881587,-0.7504948,-0.6581578,-0.08839686,0.6607376,-0.74539375,,-0.094707474,0.26777947,-0.08816076,-0.7508185,-0.6037368,0.26790562,0.46826777,-0.2004852,0.8605411,-0.46582925,0.77156174,0.43323848,,0.014664833,0.40022826,-0.360512,0.6236796,-0.69807976,-0.35172212,0.71359515,0.3247985,0.6207157,-0.31907022,-0.63811487,0.7007165,,1.270636685261907,0.5541833110543508,0.20519104039000002,3.596601910646562,-0.5209949736056244,-1.0571425943159065,-0.4057466602775497,,-0.706985303703757,-0.2638162777163835,0.18743705255,-4.028563194224682,-1.078335256148856,1.3933144076767159,0.8270110068378558,,-0.06277949319423604,-0.05761550026989781,0.08432494304,-0.06639839657179906,,2.9500574e-05,3.5762787e-06,-8.34465e-07,0.99999994,-8.139759e-06,-7.2196126e-06,8.136034e-06,1.0,-9.834766e-07,7.212162e-06,9.536743e-07,1.0,305,0.927,0,0,0.0,False,-0.26178452261633733,1.0006554241699153
0.9492853980045766,19:21:28.669637,19:21:18.876629,0,,0.12589264,0.0048992634,0.0370757,0.6805112,0.6880876,-0.2518724,-2.0116568e-05,0.3437592,0.9390578,0.73273754,-0.6390344,0.23394585,,0.01857755,-0.023013644,0.021078706,-0.6997818,0.6529937,0.28966296,0.05575654,-0.35432363,0.93345916,0.71217734,0.66936827,0.21154058,,0.10514474,1.3401126,0.440644,0.99428374,0.013543727,-0.105907395,-0.059881587,-0.7504948,-0.6581578,-0.08839686,0.6607376,-0.74539375,,-0.09463512,0.26778257,-0.08820169,-0.7501259,-0.6052194,0.26649693,0.46791643,-0.20099387,0.8606135,-0.46729577,0.7702668,0.43396282,,0.014663564,0.40022865,-0.360512,0.62368464,-0.69807446,-0.35172358,0.71359175,0.32480046,0.6207185,-0.31906772,-0.63811964,0.7007133,,1.271053712837115,0.5539207381366272,0.20515992943000003,3.5961825307595925,-0.523044521102106,-1.05547132576046,-0.4057466602775497,,-0.7069930264366312,-0.2638162777163835,0.18743705255,-4.028563194224682,-1.078335256148856,1.3933144076767159,0.8270110068378558,,-0.06277949319423604,-0.05761550026989781,0.08432494304,-0.06639839657179906,,2.9500574e-05,3.5762787e-06,-8.34465e-07,0.99999994,-8.139759e-06,-7.2196126e-06,8.136034e-06,1.0,-9.834766e-07,7.212162e-06,9.536743e-07,1.0,313,0.952,0,0,0.0,False,-0.2622015666459845,1.000751984571474
0.9677895500208251,19:21:28.694913,19:21:18.876629,0,,0.12580623,0.004895836,0.037122667,0.6776302,0.6898663,-0.25475806,0.0015952289,0.3450402,0.9385866,0.73540103,-0.6364211,0.23270911,,0.018577226,-0.023012333,0.021078825,-0.699781,0.65301925,0.28960723,0.055749506,-0.35425028,0.9334874,0.71217865,0.6693823,0.21149212,,0.10514474,1.3401126,0.440644,0.99428374,0.013543727,-0.105907395,-0.059881587,-0.7504948,-0.6581578,-0.08839686,0.6607376,-0.74539375,,-0.09455408,0.26781482,-0.08824731,-0.7474616,-0.60719615,0.26946986,0.47100744,-0.19835448,0.85953915,-0.46845827,0.7693948,0.43425623,,0.014663805,0.4002295,-0.36051095,0.6236841,-0.6981046,-0.35166478,0.71358925,0.32484666,0.6206972,-0.31907445,-0.6380632,0.7007617,,1.2714861858780717,0.5537276698147716,0.20512233702000002,3.5911499721159643,-0.5246841590992912,-1.0542159896562435,-0.40591000434368385,,-0.7069930264366312,-0.26380855498350925,0.18743705255,-4.028563194224682,-1.078335256148856,1.3932327289365753,0.8268476627717215,,-0.06277949319423604,-0.05761550026989781,0.08432494304,-0.06639839657179906,,2.9500574e-05,3.5762787e-06,-8.34465e-07,0.99999994,-8.139759e-06,-7.2196126e-06,8.136034e-06,1.0,-9.834766e-07,7.212162e-06,9.536743e-07,1.0,321,0.976,0,0,0.0,False,-0.2616653671792948,1.0005588637683562
