Task Time,PC1 Time,PC2 Time,Gaze Calib,s_T_psm1,Tx,Ty,Tz,R00,R01,R02,R10,R11,R12,R20,R21,R22,s_T_psm3,Tx,Ty,Tz,R00,R01,R02,R10,R11,R12,R20,R21,R22,cart_T_ecm,Tx,Ty,Tz,R00,R01,R02,R10,R11,R12,R20,R21,R22,ecm_T_psm1,Tx,Ty,Tz,R00,R01,R02,R10,R11,R12,R20,R21,R22,ecm_T_psm3,Tx,Ty,Tz,R00,R01,R02,R10,R11,R12,R20,R21,R22,psm1_joints,q1,q2,q3,q4,q5,q6,jaw,psm3_joints,q1,q2,q3,q4,q5,q6,jaw,ecm_joints,q1,q2,q3,q4,ecmi_T_ecm,Tx,Ty,Tz,R00,R01,R02,R10,R11,R12,R20,R21,R22,Sample #,Task Duration (s),Collisions (binary),Collisions (increments),Cumulative Collision Time (s),Clutch Press,MTMR Angle,MTML Angle
""
lci_T_si,,,,,-0.06091442,0.024665864,0.22852185,0.99137235,-0.028050909,0.12803915,0.064119875,-0.7481916,-0.6603772,0.11432199,0.66288954,-0.7399378
rci_T_si,,,,,-0.070449755,0.028832521,0.23726377,0.99015677,-0.04510285,0.13249657,0.05696979,-0.73481125,-0.6758749,0.12784386,0.6767704,-0.72500885
ecm_T_lc,,,,,-4.4061628e-05,-0.00034663224,-0.01840835,-0.99912,0.030754527,0.028518902,-0.031987965,-0.99852574,-0.043852776,0.027128186,-0.04472645,0.9986309
ecm_T_rc,,,,,-0.0043358393,0.01870579,-0.007592615,-0.99555075,-0.052743673,-0.078081585,0.04863213,-0.9973746,0.053654674,-0.08070653,0.04961868,0.9955021
cart_T_ecmi,,,,,0.10511527,1.3401165,0.4406436,0.9942844,0.013551921,-0.10590021,-0.05987073,-0.75049466,-0.658159,-0.08839686,0.6607376,-0.74539375
ecmac_T_ecmrep_psm1,,,,,0.006928962,-0.26080152,-0.2999526,0.99741316,0.06053514,0.03876121,-0.0592658,0.9976933,-0.033100393,-0.040675536,0.030717555,0.99870014
ecmac_T_ecmrep_psm3,,,,,-0.019041438,-0.46633056,-0.5465172,0.99408877,-0.01321918,0.10776258,-0.016145537,0.96352404,0.2671344,-0.107363135,-0.2672952,0.95761496
""
0,19:18:25.364976,19:18:15.554845,0,,0.1304519,0.006222382,0.025255546,0.7507453,0.36638445,-0.54967594,0.39758918,0.41389865,0.81890833,0.5275454,-0.8333368,0.16506195,,0.056675687,-0.004123375,0.035324514,-0.25640005,0.65772665,0.70827574,0.0047272146,-0.7319098,0.6813852,0.9665592,0.17805538,0.18455252,,0.10513319,1.3401178,0.44064695,0.9942824,0.013527346,-0.10592176,-0.059903286,-0.7504951,-0.65815556,-0.08839686,0.6607376,-0.74539375,,-0.09790771,0.2606462,-0.078173116,-0.78251326,-0.26292852,0.56439483,0.6211935,-0.26805732,0.7363857,-0.042326625,0.92683,0.3730879,,-0.025460087,0.4178667,-0.35106322,0.1604537,-0.63744766,-0.7536014,0.8582,-0.2870642,0.42554298,-0.48759338,-0.7150207,0.5009971,,1.2227789096403376,0.551024713308793,0.21418470041,3.5118871734788137,-0.06708852138483126,-1.2216058027214827,-0.40803347720342953,,-0.8781596778609432,-0.2002427406957673,0.19606126992000003,-2.3036537191209847,-1.1922900969532333,0.11476921365935083,0.8758508826120054,,-0.06277949319423604,-0.05761550026989781,0.08432494304,-0.06639839657179906,,1.7445534e-05,1.4901161e-06,-5.2452087e-06,0.99999994,-2.4408102e-05,-2.1629035e-05,2.4408102e-05,1.0,-2.861023e-06,2.1636486e-05,2.8908253e-06,1.0,34,0.104,1,1,0.079,False,-0.2603546573718325,1.0501909101696396
0.12544809404062107,19:18:25.390077,19:18:15.554845,0,,0.13049419,0.0061912537,0.025415793,0.7484748,0.37371063,-0.5478372,0.3949012,0.41249555,0.82091445,0.5327649,-0.8307753,0.16116372,,0.056674514,-0.004123479,0.03532368,-0.2563935,0.65772986,0.7082751,0.004728824,-0.7319076,0.68138766,0.9665609,0.17805263,0.18454602,,0.10513319,1.3401178,0.44064695,0.9942824,0.013527346,-0.10592176,-0.059903286,-0.7504951,-0.65815556,-0.08839686,0.6607376,-0.74539375,,-0.09796718,0.26072943,-0.07830716,-0.78089464,-0.27052778,0.5630438,0.62280095,-0.26763967,0.7351789,-0.048193447,0.9247614,0.37748334,,-0.025458839,0.41786614,-0.35106295,0.16044693,-0.6374507,-0.75360024,0.8582016,-0.28706577,0.42553872,-0.48759282,-0.7150174,0.50100243,,1.2228098005718346,0.5512795634936424,0.21404081222000002,3.509580584100484,-0.07337380037404152,-1.216153864190885,-0.4090135416002352,,-0.878151955128069,-0.2002427406957673,0.19606126992000003,-2.3036537191209847,-1.1922900969532333,0.11476921365935083,0.8758508826120054,,-0.06277949319423604,-0.05761550026989781,0.08432494304,-0.06639839657179906,,1.7445534e-05,1.4901161e-06,-5.2452087e-06,0.99999994,-2.4408102e-05,-2.1629035e-05,2.4408102e-05,1.0,-2.861023e-06,2.1636486e-05,2.8908253e-06,1.0,51,0.156,1,1,0.131,False,-0.25963972474957986,1.0503840309727575
0.15054062800481915,19:18:25.445013,19:18:15.631030,0,,0.13073988,0.0061541945,0.02600336,0.73040646,0.4138212,-0.5433765,0.37633014,0.42007434,0.8257804,0.5699839,-0.80764437,0.15109164,,0.0566826,-0.00412257,0.035320997,-0.25642046,0.65771407,0.7082802,0.0047297776,-0.7319179,0.6813765,0.96655375,0.17806888,0.18456787,,0.10513319,1.3401178,0.44064695,0.9942824,0.013527346,-0.10592176,-0.059903286,-0.7504951,-0.65815556,-0.08839686,0.6607376,-0.74539375,,-0.098272055,0.26108825,-0.0787376,-0.76746076,-0.31240463,0.5598279,0.63477254,-0.24794883,0.73183686,-0.089820564,0.9170195,0.3885969,,-0.025466653,0.41786337,-0.35106072,0.16047439,-0.63743603,-0.75360686,0.8581989,-0.28705534,0.42555127,-0.48758858,-0.71503466,0.50098187,,1.2229797006950676,0.5516811456031021,0.21364285119,3.4932247685086915,-0.11477465980296998,-1.2027322456658693,-0.408850197534101,,-0.8781828460595659,-0.20025046342864153,0.19606775137000002,-2.3036537191209847,-1.1922900969532333,0.11476921365935083,0.8758508826120054,,-0.06277949319423604,-0.05761550026989781,0.08432494304,-0.06639839657179906,,1.7445534e-05,1.4901161e-06,-5.2452087e-06,0.99999994,-2.4408102e-05,-2.1629035e-05,2.4408102e-05,1.0,-2.861023e-06,2.1636486e-05,2.8908253e-06,1.0,63,0.193,1,1,0.168,False,-0.26059296824591627,1.0507702725789931
0.2054830770357512,19:18:25.475996,19:18:15.631030,0,,0.13085106,0.006153792,0.026294827,0.71892804,0.43415213,-0.54282045,0.36260277,0.43200776,0.8257654,0.59301054,-0.7904942,0.15315771,,0.056678686,-0.004118532,0.035318613,-0.2563987,0.65779054,0.7082169,0.0047124326,-0.73185134,0.6814481,0.9665595,0.17805982,0.184546,,0.10513319,1.3401178,0.44064695,0.9942824,0.013527346,-0.10592176,-0.059903286,-0.7504951,-0.65815556,-0.08839686,0.6607376,-0.74539375,,-0.09841188,0.26127994,-0.07894013,-0.7589458,-0.33383456,0.5590668,0.6405361,-0.22833808,0.7331952,-0.117109664,0.91455793,0.38712934,,-0.025462715,0.4178638,-0.35105604,0.16045302,-0.6375143,-0.75354517,0.8581928,-0.28703776,0.4255754,-0.48760632,-0.7149719,0.5010541,,1.2232499963456653,0.5516270864729825,0.21346525946000003,3.483998410995372,-0.1426485057551198,-1.2027913618110162,-0.40541997214528114,,-0.8781596778609432,-0.20022729523001886,0.19606904766000002,-2.3036537191209847,-1.1922900969532333,0.11468753491921041,0.8760142266781396,,-0.06277949319423604,-0.05761550026989781,0.08432494304,-0.06639839657179906,,1.7445534e-05,1.4901161e-06,-5.2452087e-06,0.99999994,-2.4408102e-05,-2.1629035e-05,2.4408102e-05,1.0,-2.861023e-06,2.1636486e-05,2.8908253e-06,1.0,71,0.218,1,1,0.193,False,-0.26017592421626956,1.0502874705711984
0.23645626503275707,19:18:25.512954,19:18:15.631030,0,,0.13088095,0.0060919523,0.02669777,0.7027825,0.46004248,-0.5426393,0.35536334,0.43377274,0.82798445,0.61629015,-0.7747271,0.14136565,,0.056681648,-0.004117951,0.03531903,-0.25641188,0.65778404,0.70821816,0.004709244,-0.73185575,0.6814434,0.96655613,0.17806533,0.18455887,,0.10513319,1.3401178,0.44064695,0.9942824,0.013527346,-0.10592176,-0.059903286,-0.7504951,-0.65815556,-0.08839686,0.6607376,-0.74539375,,-0.09848472,0.26150417,-0.07927402,-0.74554294,-0.36108118,0.5601661,0.6514359,-0.2173764,0.7268967,-0.14070182,0.90684503,0.39728466,,-0.025465729,0.4178641,-0.3510557,0.16046657,-0.6375082,-0.75354743,0.85818964,-0.2870346,0.42558393,-0.48760745,-0.7149786,0.5010435,,1.223782864913987,0.5516425319387309,0.21315674244000002,3.46722321551661,-0.16710643921313365,-1.1895452137408828,-0.40803347720342953,,-0.8781751233266917,-0.20022729523001886,0.19607034395000003,-2.3036537191209847,-1.1922900969532333,0.11468753491921041,0.8760142266781396,,-0.06277949319423604,-0.05761550026989781,0.08432494304,-0.06639839657179906,,1.7445534e-05,1.4901161e-06,-5.2452087e-06,0.99999994,-2.4408102e-05,-2.1629035e-05,2.4408102e-05,1.0,-2.861023e-06,2.1636486e-05,2.8908253e-06,1.0,84,0.258,1,1,0.233,False,-0.2589843698458485,1.05014262996886
0.2733522230410017,19:18:25.546221,19:18:15.631030,0,,0.13089165,0.0060603917,0.027015522,0.68539035,0.484421,-0.54366904,0.34936306,0.4363161,0.82920074,0.63889384,-0.7582641,0.12980801,,0.056683157,-0.0041192025,0.035319448,-0.25641912,0.6577779,0.7082213,0.0047150254,-0.73185945,0.6814394,0.96655416,0.17807335,0.18456131,,0.10513319,1.3401178,0.44064695,0.9942824,0.013527346,-0.10592176,-0.059903286,-0.7504951,-0.65815556,-0.08839686,0.6607376,-0.74539375,,-0.09852864,0.2616942,-0.0795271,-0.7307807,-0.38686213,0.5624031,0.66284245,-0.2053159,0.7200592,-0.16309336,0.89899004,0.40646955,,-0.025467213,0.4178637,-0.351057,0.1604737,-0.6375027,-0.75355065,0.85819167,-0.28702888,0.4255837,-0.48760152,-0.71498585,0.50103885,,1.2243002880165599,0.5514880772812465,0.21293378056,3.4489801904334563,-0.1906079171727894,-1.1770789909966244,-0.4099936059970408,,-0.8781828460595659,-0.20023501796289309,0.19607034395000003,-2.3036537191209847,-1.1922900969532333,0.11468753491921041,0.8760142266781396,,-0.06277949319423604,-0.05761550026989781,0.08432494304,-0.06639839657179906,,1.7445534e-05,1.4901161e-06,-5.2452087e-06,0.99999994,-2.4408102e-05,-2.1629035e-05,2.4408102e-05,1.0,-2.861023e-06,2.1636486e-05,2.8908253e-06,1.0,92,0.283,1,1,0.258,False,-0.25963972474957986,1.0505771517758753
0.3066864280262962,19:18:25.575159,19:18:15.799012,0,,0.1309546,0.006027341,0.027378619,0.66531825,0.50928324,-0.5458773,0.33953714,0.44477493,0.8287882,0.6648804,-0.7367535,0.12299624,,0.056679063,-0.004119262,0.035315335,-0.2563928,0.6577908,0.7082189,0.004721403,-0.7318505,0.68144894,0.9665611,0.17806241,0.18453556,,0.10513319,1.3401178,0.44064695,0.9942824,0.013527346,-0.10592176,-0.059903286,-0.7504951,-0.65815556,-0.08839686,0.6607376,-0.74539375,,-0.09862912,0.2619117,-0.079809055,-0.71385616,-0.41338146,0.5652656,0.6737953,-0.1855061,0.71525335,-0.19081227,0.8914613,0.41095915,,-0.025462737,0.4178606,-0.35105503,0.16044658,-0.6375148,-0.7535461,0.858198,-0.28703517,0.42556667,-0.48759928,-0.7149725,0.5010601,,1.224640088263026,0.5513490680895105,0.21269655949000002,3.4296887156328806,-0.2195748551230628,-1.1691407135199712,-0.40738010093889243,,-0.878151955128069,-0.20023501796289309,0.19607164024,-2.3036537191209847,-1.1922900969532333,0.11468753491921041,0.8760142266781396,,-0.06277949319423604,-0.05761550026989781,0.08432494304,-0.06639839657179906,,1.7445534e-05,1.4901161e-06,-5.2452087e-06,0.99999994,-2.4408102e-05,-2.1629035e-05,2.4408102e-05,1.0,-2.861023e-06,2.1636486e-05,2.8908253e-06,1.0,109,0.336,1,1,0.311,False,-0.26053339052739544,1.0502391903704191
0.3356271830270998,19:18:25.618209,19:18:15.799012,0,,0.13102843,0.0059385896,0.027882978,0.6418476,0.5353562,-0.5490219,0.3314606,0.45193228,0.82818544,0.69149494,-0.71354806,0.11262211,,0.05668226,-0.0041175634,0.035317898,-0.25641188,0.65778404,0.70821816,0.004709244,-0.73185575,0.6814434,0.96655613,0.17806533,0.18455887,,0.10513319,1.3401178,0.44064695,0.9942824,0.013527346,-0.10592176,-0.059903286,-0.7504951,-0.65815556,-0.08839686,0.6607376,-0.74539375,,-0.09875697,0.26218265,-0.08023088,-0.6935426,-0.44132978,0.5694091,0.68658787,-0.16556244,0.70794505,-0.21816449,0.8819394,0.41783628,,-0.025466247,0.4178633,-0.35105485,0.16046657,-0.6375082,-0.75354743,0.85818964,-0.2870346,0.42558393,-0.48760745,-0.7149786,0.5010435,,1.2248717702492526,0.5514803545483722,0.21232452426,3.406413131906098,-0.24813188357403987,-1.1579428251882224,-0.4083601653356983,,-0.8781751233266917,-0.20022729523001886,0.19607164024,-2.3036537191209847,-1.1922900969532333,0.11468753491921041,0.8760142266781396,,-0.06277949319423604,-0.05761550026989781,0.08432494304,-0.06639839657179906,,1.7445534e-05,1.4901161e-06,-5.2452087e-06,0.99999994,-2.4408102e-05,-2.1629035e-05,2.4408102e-05,1.0,-2.861023e-06,2.1636486e-05,2.8908253e-06,1.0,117,0.361,1,1,0.336,False,-0.26101001227556386,1.0505771517758753
0.3786564980400726,19:18:25.653398,19:18:15.799012,0,,0.13106185,0.0057964623,0.028349027,0.6221975,0.56191725,-0.5450862,0.32401025,0.44900358,0.83271444,0.7126622,-0.6947264,0.0973019,,0.05668202,-0.004118651,0.035315752,-0.25640595,0.65778434,0.7082201,0.0047182143,-0.7318549,0.68144417,0.96655756,0.1780679,0.18454841,,0.10513319,1.3401178,0.44064695,0.9942824,0.013527346,-0.10592176,-0.059903286,-0.7504951,-0.65815556,-0.08839686,0.6607376,-0.74539375,,-0.098843046,0.26238987,-0.08066464,-0.67645264,-0.46974847,0.56722856,0.69603926,-0.15603963,0.7008431,-0.24070984,0.8689005,0.43251678,,-0.025465751,0.41786093,-0.3510547,0.16046014,-0.63750875,-0.7535484,0.8581948,-0.287032,0.42557517,-0.48760042,-0.7149792,0.5010495,,1.225057115838234,0.5514494636168753,0.21193822984000002,3.3875410369924905,-0.2719066345332265,-1.137984358764061,-0.40950357379863833,,-0.8781674005938175,-0.20023501796289309,0.19607293653000002,-2.3036537191209847,-1.1922900969532333,0.11468753491921041,0.8760142266781396,,-0.06277949319423604,-0.05761550026989781,0.08432494304,-0.06639839657179906,,1.7445534e-05,1.4901161e-06,-5.2452087e-06,0.99999994,-2.4408102e-05,-2.1629035e-05,2.4408102e-05,1.0,-2.861023e-06,2.1636486e-05,2.8908253e-06,1.0,130,0.402,1,1,0.377,False,-0.25963972474957986,1.0502874705711984
0.41385184501996264,19:18:25.695804,19:18:15.799012,0,,0.13106325,0.005700648,0.02884312,0.5987559,0.58585036,-0.5461414,0.31991237,0.4501918,0.8336567,0.73426646,-0.6738743,0.08213422,,0.056677546,-0.0041143745,0.03531152,-0.25637767,0.6577484,0.70826364,0.004702419,-0.7318974,0.68139863,0.9665652,0.17802592,0.18454915,,0.10513319,1.3401178,0.44064695,0.9942824,0.013527346,-0.10592176,-0.059903286,-0.7504951,-0.65815556,-0.08839686,0.6607376,-0.74539375,,-0.09889817,0.26265135,-0.08109115,-0.6554962,-0.49558517,0.56984216,0.7084011,-0.1420121,0.6913758,-0.2617111,0.856871,0.44416147,,-0.025461083,0.41785994,-0.3510489,0.160432,-0.63746697,-0.7535897,0.85819036,-0.28708553,0.42554817,-0.4876176,-0.7149949,0.5010103,,1.2254123615504482,0.5516193637401082,0.21155841687000002,3.3632170035482862,-0.2941783839949933,-1.1207217066030906,-0.4096669178647723,,-0.8781365096623206,-0.20021184976427042,0.19607552911,-2.3036537191209847,-1.1922900969532333,0.11476921365935083,0.8758508826120054,,-0.06277949319423604,-0.05761550026989781,0.08432494304,-0.06639839657179906,,1.7445534e-05,1.4901161e-06,-5.2452087e-06,0.99999994,-2.4408102e-05,-2.1629035e-05,2.4408102e-05,1.0,-2.861023e-06,2.1636486e-05,2.8908253e-06,1.0,151,0.467,1,1,0.442,False,-0.2598184579051428,1.0502874705711984
0.456274401047267,19:18:25.756460,19:18:15.955110,0,,0.13094951,0.0055947006,0.029461458,0.573147,0.6113321,-0.54568815,0.30833045,0.45609754,0.8348098,0.759233,-0.64672095,0.07291865,,0.056575034,-0.0041392297,0.03532988,-0.25642627,0.6576972,0.7082938,0.0047416985,-0.73193085,0.68136245,0.9665522,0.17807777,0.18456772,,0.10517954,1.3401139,0.4406408,0.9942796,0.013491708,-0.105953015,-0.059950504,-0.75049573,-0.6581505,-0.08839686,0.6607376,-0.74539375,,-0.09889186,0.26299676,-0.08162764,-0.6330231,-0.52337325,0.5704053,0.71759397,-0.120294206,0.6859943,-0.29041463,0.84356964,0.45171848,,-0.0254029,0.41787398,-0.35108382,0.16049483,-0.6374521,-0.7535889,0.85819644,-0.28703296,0.42557138,-0.48758623,-0.7150293,0.5009918,,1.226470375954217,0.5515189682127434,0.21108527102000002,3.339312349991051,-0.32492159644221735,-1.1059441995291066,-0.40803347720342953,,-0.8781442323951948,-0.20021957249714464,0.19607552911,-2.3036537191209847,-1.1922900969532333,0.11468753491921041,0.8760142266781396,,-0.06277949319423604,-0.05761550026989781,0.08432494304,-0.06639839657179906,,6.430969e-05,1.013279e-06,-2.9802322e-06,1.0,-5.980581e-05,-5.301088e-05,5.9802085e-05,1.0,-7.122755e-06,5.301088e-05,7.0929527e-06,1.0,159,0.492,1,1,0.467,False,-0.260652545964438,1.0499012289649627
0.5169280680129305,19:18:25.778664,19:18:15.955110,0,,0.13089304,0.005546659,0.02969113,0.56497216,0.61791164,-0.54680127,0.3058232,0.4586804,0.83431685,0.76634103,-0.6385903,0.070169866,,0.05658425,-0.004132107,0.03531909,-0.2565022,0.65786666,0.7081089,0.0047798157,-0.7317473,0.68155926,0.9665319,0.17820612,0.18455034,,0.10517954,1.3401139,0.4406408,0.9942796,0.013491708,-0.105953015,-0.059950504,-0.75049573,-0.6581505,-0.08839686,0.6607376,-0.74539375,,-0.098860845,0.26311782,-0.081834115,-0.6257177,-0.5306218,0.57176733,0.7208212,-0.11315708,0.6838218,-0.29815125,0.84002143,0.45328784,,-0.025411336,0.4178673,-0.3510721,0.16057058,-0.63764155,-0.7534125,0.85820633,-0.28684863,0.42567557,-0.4875438,-0.71493435,0.50116855,,1.2269028489951737,0.5515498591442403,0.21089860526,3.331134442195154,-0.33325642292790925,-1.1021698207888255,-0.4108103263277123,,-0.8781674005938175,-0.20021184976427042,0.19609108459000002,-2.303863409064469,-1.1922900969532333,0.11460585617906982,0.8758508826120053,,-0.06277949319423604,-0.05761550026989781,0.08432494304,-0.06639839657179906,,6.430969e-05,1.013279e-06,-2.9802322e-06,1.0,-5.980581e-05,-5.301088e-05,5.9802085e-05,1.0,-7.122755e-06,5.301088e-05,7.0929527e-06,1.0,172,0.533,1,1,0.508,False,-0.260652545964438,1.0505288715750958
0.539107516000513,19:18:25.819066,19:18:15.955110,0,,0.1308299,0.0055583715,0.02991733,0.55378014,0.6283504,-0.5463546,0.301736,0.46012077,0.8350116,0.7760689,-0.62726766,0.065209836,,0.056603182,-0.0041259527,0.03529787,-0.25621572,0.65728414,0.7087532,0.0045060515,-0.7324085,0.68085057,0.9666092,0.17763829,0.18469286,,0.10517954,1.3401139,0.4406408,0.9942796,0.013491708,-0.105953015,-0.059950504,-0.75049573,-0.6581505,-0.08839686,0.6607376,-0.74539375,,-0.09882032,0.26328093,-0.08199856,-0.6157434,-0.5420757,0.57185143,0.7247534,-0.10485846,0.6809826,-0.30918065,0.83376175,0.45743707,,-0.025428377,0.41785023,-0.3510559,0.16029084,-0.6369766,-0.7540342,0.8581038,-0.28760597,0.4253712,-0.48781624,-0.7152228,0.50049144,,1.2274897766936146,0.5515884728086113,0.21076379110000001,3.3202305651339588,-0.3451437984075026,-1.0944367529306105,-0.4101569500631752,,-0.8781674005938175,-0.20018868156564773,0.19611960297000003,-2.3028149593470464,-1.1922900969532333,0.11460585617906968,0.8755241944797367,,-0.06277949319423604,-0.05761550026989781,0.08432494304,-0.06639839657179906,,6.430969e-05,1.013279e-06,-2.9802322e-06,1.0,-5.980581e-05,-5.301088e-05,5.9802085e-05,1.0,-7.122755e-06,5.301088e-05,7.0929527e-06,1.0,180,0.557,1,1,0.532,False,-0.26112916771260597,1.0501909101696396
0.5795041700475849,19:18:25.847726,19:18:15.955110,0,,0.13079463,0.005560547,0.030163035,0.542424,0.6395396,-0.54476154,0.29347694,0.4633425,0.8361728,0.78717685,-0.61343515,0.063638,,0.056604035,-0.004121408,0.03529054,-0.25626534,0.65735084,0.7086734,0.004550636,-0.73232746,0.6809374,0.96659577,0.17772555,0.18467885,,0.10517954,1.3401139,0.4406408,0.9942796,0.013491708,-0.105953015,-0.059950504,-0.75049573,-0.6581505,-0.08839686,0.6607376,-0.74539375,,-0.09880988,0.2634491,-0.08218085,-0.6059211,-0.5544527,0.57047504,0.7265366,-0.09358252,0.6807253,-0.32404348,0.8269368,0.45953384,,-0.025428718,0.41784614,-0.35104826,0.16033943,-0.63705516,-0.7539575,0.85812014,-0.2874975,0.42541158,-0.48777154,-0.7151964,0.5005727,,1.2279917543304393,0.5515575818771145,0.21062508807000002,3.3110042076206394,-0.36113026888005906,-1.0884252298502175,-0.40721675687275805,,-0.8781596778609432,-0.2001809588327735,0.19612738071000002,-2.3030246492905313,-1.1922900969532333,0.11468753491921024,0.8756875385458711,,-0.06277949319423604,-0.05761550026989781,0.08432494304,-0.06639839657179906,,6.430969e-05,1.013279e-06,-2.9802322e-06,1.0,-5.980581e-05,-5.301088e-05,5.9802085e-05,1.0,-7.122755e-06,5.301088e-05,7.0929527e-06,1.0,193,0.598,1,1,0.573,False,-0.26101001227556386,1.0503840309727575
0.6081861390266567,19:18:25.886242,19:18:16.096401,0,,0.13073951,0.0055220276,0.030481637,0.52659696,0.6502474,-0.5476074,0.2892179,0.468699,0.83467007,0.79940516,-0.59791267,0.05875227,,0.05660615,-0.004122317,0.035289943,-0.2562726,0.6572867,0.7087303,0.0045564175,-0.7323867,0.6808737,0.96659386,0.17771852,0.18469578,,0.10517954,1.3401139,0.4406408,0.9942796,0.013491708,-0.105953015,-0.059950504,-0.75049573,-0.6581505,-0.08839686,0.6607376,-0.74539375,,-0.09878876,0.26363695,-0.08244597,-0.5915981,-0.5664308,0.57373154,0.73219323,-0.07957448,0.6764325,-0.3374978,0.82025856,0.4618129,,-0.02543072,0.41784492,-0.35104868,0.16034657,-0.636988,-0.75401276,0.85812217,-0.28752652,0.42538786,-0.48776564,-0.71524453,0.5005097,,1.2284473955700186,0.551611641007234,0.21040082990000003,3.2952774618593006,-0.3757503743549612,-1.0820576684842584,-0.40917688566636956,,-0.8781674005938175,-0.20018868156564773,0.19612867700000003,-2.3030246492905313,-1.1922900969532333,0.11476921365935083,0.8758508826120054,,-0.06277949319423604,-0.05761550026989781,0.08432494304,-0.06639839657179906,,6.430969e-05,1.013279e-06,-2.9802322e-06,1.0,-5.980581e-05,-5.301088e-05,5.9802085e-05,1.0,-7.122755e-06,5.301088e-05,7.0929527e-06,1.0,201,0.623,1,1,0.598,False,-0.26011634649774784,1.0506254319766548
0.6466845310060307,19:18:25.910209,19:18:16.096401,0,,0.13072671,0.0055290014,0.030642435,0.5175632,0.6572974,-0.5478033,0.28548986,0.47087848,0.8347269,0.8066126,-0.5884162,0.056057632,,0.05660949,-0.004122466,0.035287082,-0.25627986,0.6572805,0.70873344,0.004562199,-0.73239034,0.6808697,0.9665919,0.17772654,0.18469825,,0.10517954,1.3401139,0.4406408,0.9942796,0.013491708,-0.105953015,-0.059950504,-0.75049573,-0.6581505,-0.08839686,0.6607376,-0.74539375,,-0.098791905,0.26375073,-0.08256049,-0.5835005,-0.5743013,0.5741996,0.7346166,-0.07183403,0.6746691,-0.34621626,0.8154863,0.46380642,,-0.025433756,0.41784206,-0.35104734,0.16035369,-0.63698244,-0.754016,0.8581242,-0.2875208,0.42538762,-0.4877597,-0.7152518,0.50050503,,1.228663632090497,0.5516734228702278,0.21031397847000002,3.2868898641199196,-0.38517829283877664,-1.0773102677742656,-0.41048363819544353,,-0.8781751233266917,-0.20019640429852195,0.19613256587000003,-2.3030246492905313,-1.1922900969532333,0.11476921365935083,0.8758508826120054,,-0.06277949319423604,-0.05761550026989781,0.08432494304,-0.06639839657179906,,6.430969e-05,1.013279e-06,-2.9802322e-06,1.0,-5.980581e-05,-5.301088e-05,5.9802085e-05,1.0,-7.122755e-06,5.301088e-05,7.0929527e-06,1.0,214,0.664,1,1,0.639,False,-0.2604738128088746,1.0501909101696396
0.6706769780139439,19:18:25.950458,19:18:16.096401,0,,0.13068886,0.0055033416,0.030925438,0.5052492,0.66448253,-0.5506234,0.27993506,0.47735348,0.8329286,0.8163085,-0.5749754,0.055170476,,0.056611,-0.004121393,0.035285056,-0.25636575,0.65720546,0.7087718,0.004458368,-0.73246634,0.68078876,0.9665696,0.17769085,0.18484929,,0.10517954,1.3401139,0.4406408,0.9942796,0.013491708,-0.105953015,-0.059950504,-0.75049573,-0.6581505,-0.08839686,0.6607376,-0.74539375,,-0.09878382,0.2639235,-0.08278909,-0.5724698,-0.58252114,0.57701606,0.7374837,-0.05827062,0.6728465,-0.3583242,0.8107242,0.46295798,,-0.025435109,0.4178407,-0.35104537,0.16044606,-0.6369009,-0.75406516,0.85806197,-0.28758162,0.42547208,-0.48783883,-0.71529996,0.5003591,,1.2290574914670822,0.551781541130467,0.21012472013000003,3.2755666071717546,-0.39829539681625886,-1.0749453805137466,-0.4108103263277123,,-0.8781751233266917,-0.20019640429852195,0.19613645474000002,-2.3030246492905313,-1.1924267334529988,0.11488063156304712,0.8758508826120054,,-0.06277949319423604,-0.05761550026989781,0.08432494304,-0.06639839657179906,,6.430969e-05,1.013279e-06,-2.9802322e-06,1.0,-5.980581e-05,-5.301088e-05,5.9802085e-05,1.0,-7.122755e-06,5.301088e-05,7.0929527e-06,1.0,222,0.688,1,1,0.663,False,-0.2602950796533112,1.0505288715750958
0.7108827560441568,19:18:25.978019,19:18:16.096401,0,,0.13065194,0.005515933,0.031200215,0.49262732,0.6745392,-0.5498319,0.2729169,0.4801914,0.83362615,0.8263381,-0.56072545,0.05246228,,0.056611046,-0.004120752,0.035282075,-0.2563592,0.65720874,0.7087712,0.0044599175,-0.73246413,0.6807911,0.9665713,0.17768812,0.18484282,,0.10517954,1.3401139,0.4406408,0.9942796,0.013491708,-0.105953015,-0.059950504,-0.75049573,-0.6581505,-0.08839686,0.6607376,-0.74539375,,-0.0987742,0.264119,-0.082985856,-0.5612284,-0.5938305,0.57653105,0.73950493,-0.046956126,0.6715114,-0.3716923,0.8032188,0.46549368,,-0.025434894,0.41783848,-0.35104334,0.16043928,-0.63690394,-0.754064,0.8580635,-0.2875832,0.42546782,-0.48783827,-0.7152966,0.5003644,,1.22952857817241,0.5519359957879515,0.2099730542,3.264453040167075,-0.4127788657913956,-1.0678724496500784,-0.41113701445998085,,-0.8781674005938175,-0.20019640429852195,0.19613904732,-2.3030246492905313,-1.1924267334529988,0.11488063156304712,0.8758508826120054,,-0.06277949319423604,-0.05761550026989781,0.08432494304,-0.06639839657179906,,6.430969e-05,1.013279e-06,-2.9802322e-06,1.0,-5.980581e-05,-5.301088e-05,5.9802085e-05,1.0,-7.122755e-06,5.301088e-05,7.0929527e-06,1.0,235,0.729,1,1,0.704,False,-0.26005676877922745,1.0503840309727575
0.7384861940518022,19:18:26.019266,19:18:16.096401,0,,0.13060267,0.00550206,0.031569704,0.47891414,0.684163,-0.5500564,0.266296,0.4838405,0.8336575,0.8364972,-0.5457282,0.04952815,,0.056615353,-0.0041207373,0.03527993,-0.25630888,0.65708715,0.70890224,0.004408002,-0.7325993,0.68064594,0.9665849,0.17758048,0.18487528,,0.10517954,1.3401139,0.4406408,0.9942796,0.013491708,-0.105953015,-0.059950504,-0.75049573,-0.6581505,-0.08839686,0.6607376,-0.74539375,,-0.09876298,0.2643591,-0.08327113,-0.54889846,-0.60475045,0.57705057,0.7419469,-0.034523673,0.6695692,-0.38500038,0.7956664,0.46764272,,-0.025438968,0.4178362,-0.35104218,0.16039036,-0.6367663,-0.7541907,0.8580436,-0.28773054,0.4254084,-0.48788944,-0.7153599,0.50022405,,1.230084614939354,0.5522680733015431,0.20973324055000003,3.2518716435580033,-0.42712569826676683,-1.060910936690107,-0.40983026193090666,,-0.8781751233266917,-0.20019640429852195,0.19614293619,-2.3028149593470464,-1.1924267334529988,0.11488063156304712,0.8758508826120054,,-0.06277949319423604,-0.05761550026989781,0.08432494304,-0.06639839657179906,,6.430969e-05,1.013279e-06,-2.9802322e-06,1.0,-5.980581e-05,-5.301088e-05,5.9802085e-05,1.0,-7.122755e-06,5.301088e-05,7.0929527e-06,1.0,243,0.754,1,1,0.729,False,-0.26005676877922745,1.0501909101696396
0.7797378899995238,19:18:26.051126,19:18:16.262085,0,,0.13056406,0.0054974705,0.031794325,0.47374353,0.68520445,-0.55322856,0.26496497,0.48818815,0.8315443,0.83985746,-0.5405249,0.049720734,,0.056619287,-0.0041191876,0.03527516,-0.25622955,0.6571589,0.70886433,0.0045102835,-0.7325256,0.68072456,0.9666054,0.1776189,0.18473077,,0.10517954,1.3401139,0.4406408,0.9942796,0.013491708,-0.105953015,-0.059950504,-0.75049573,-0.6581505,-0.08839686,0.6607376,-0.74539375,,-0.09874738,0.2645082,-0.08344285,-0.5441528,-0.60612494,0.58009505,0.7434126,-0.027848667,0.668253,-0.38888997,0.79488176,0.4657549,,-0.025442485,0.41783243,-0.3510384,0.16030474,-0.6368448,-0.75414264,0.8581043,-0.28766814,0.42532825,-0.48781088,-0.7153151,0.50036466,,1.230493919781688,0.5526619326781286,0.20957250059000002,3.2464197050274057,-0.4310881567599646,-1.0616820757497982,-0.4096669178647723,,-0.8781828460595659,-0.20019640429852195,0.19614812135,-2.3028149593470464,-1.1922900969532333,0.11476921365935083,0.8758508826120054,,-0.06277949319423604,-0.05761550026989781,0.08432494304,-0.06639839657179906,,6.430969e-05,1.013279e-06,-2.9802322e-06,1.0,-5.980581e-05,-5.301088e-05,5.9802085e-05,1.0,-7.122755e-06,5.301088e-05,7.0929527e-06,1.0,256,0.795,1,1,0.77,False,-0.2599971910607066,1.050432311173537
0.8115128710051067,19:18:26.080766,19:18:16.262085,0,,0.1305123,0.0054733455,0.03206958,0.46606335,0.6882924,-0.55591226,0.26502293,0.49086732,0.8299471,0.8441254,-0.5341374,0.046362072,,0.05662427,-0.0041170567,0.035277426,-0.25625518,0.657149,0.7088643,0.004496515,-0.73253304,0.68071663,0.96659875,0.17762454,0.18476051,,0.10517954,1.3401139,0.4406408,0.9942796,0.013491708,-0.105953015,-0.059950504,-0.75049573,-0.6581505,-0.08839686,0.6607376,-0.74539375,,-0.09872461,0.2646774,-0.08366619,-0.53694516,-0.6097234,0.58303285,0.74660724,-0.021685056,0.66491157,-0.39276904,0.79231757,0.4668676,,-0.02544776,0.4178349,-0.35103765,0.16033152,-0.63683516,-0.754145,0.85809433,-0.28766602,0.42534974,-0.4878196,-0.7153245,0.5003427,,1.2309186700897703,0.5531098511848336,0.20935990903,3.2376127274010558,-0.4350506152531624,-1.0585326352827424,-0.4099936059970408,,-0.8782137369910628,-0.20018868156564773,0.19614941764000002,-2.3028149593470464,-1.1922900969532333,0.11476921365935083,0.8758508826120054,,-0.06277949319423604,-0.05761550026989781,0.08432494304,-0.06639839657179906,,6.430969e-05,1.013279e-06,-2.9802322e-06,1.0,-5.980581e-05,-5.301088e-05,5.9802085e-05,1.0,-7.122755e-06,5.301088e-05,7.0929527e-06,1.0,264,0.819,1,1,0.794,False,-0.26005676877922745,1.0499977893665218
0.8412267330568284,19:18:26.118317,19:18:16.262085,0,,0.13045807,0.0054338425,0.03255962,0.4540046,0.69582516,-0.55651337,0.2616896,0.49291393,0.8297918,0.85170317,-0.52236307,0.04169494,,0.05662566,-0.004116997,0.035271943,-0.25618514,0.6570371,0.7089934,0.004449308,-0.7326616,0.6805786,0.9666175,0.17750865,0.18477368,,0.10517954,1.3401139,0.4406408,0.9942796,0.013491708,-0.105953015,-0.059950504,-0.75049573,-0.6581505,-0.08839686,0.6607376,-0.74539375,,-0.09872164,0.2649798,-0.084057555,-0.52586114,-0.6183085,0.58409303,0.74968207,-0.012528229,0.6616795,-0.40180442,0.7858357,0.4701229,,-0.025448605,0.41783008,-0.3510348,0.16026224,-0.63670665,-0.7542683,0.8580791,-0.2878181,0.42527756,-0.4878691,-0.7153778,0.5002183,,1.2315673796512052,0.5539284608695014,0.20899694783000003,3.2252410207354694,-0.44434189723721235,-1.0508745390912453,-0.4099936059970408,,-0.8781982915253144,-0.20018868156564773,0.19615460280000002,-2.302605269403562,-1.1922900969532333,0.11476921365935083,0.8758508826120054,,-0.06277949319423604,-0.05761550026989781,0.08432494304,-0.06639839657179906,,6.430969e-05,1.013279e-06,-2.9802322e-06,1.0,-5.980581e-05,-5.301088e-05,5.9802085e-05,1.0,-7.122755e-06,5.301088e-05,7.0929527e-06,1.0,277,0.86,1,1,0.835,False,-0.2596993024681016,1.0505771517758753
0.8787609890569001,19:18:26.151556,19:18:16.262085,0,,0.13041584,0.005394861,0.032960698,0.4429867,0.70225996,-0.5573093,0.25889477,0.49494362,0.82946026,0.85833335,-0.51172435,0.03744203,,0.05662716,-0.0041145533,0.035268962,-0.2561845,0.6571559,0.70888346,0.0044419467,-0.732549,0.6806998,0.96661776,0.17753357,0.18474865,,0.10517954,1.3401139,0.4406408,0.9942796,0.013491708,-0.105953015,-0.059950504,-0.75049573,-0.6581505,-0.08839686,0.6607376,-0.74539375,,-0.09872164,0.2652223,-0.08438215,-0.5156938,-0.6256887,0.5852979,0.75247943,-0.0041075554,0.65860295,-0.40967622,0.7800621,0.4729361,,-0.025449919,0.4178286,-0.35103118,0.1602619,-0.6368324,-0.7541622,0.8580755,-0.28775278,0.42532906,-0.48787558,-0.71529216,0.50033444,,1.232038466356533,0.5545617249651879,0.20869880113000003,3.213917763787305,-0.45254008722313877,-1.04418946486946,-0.4099936059970408,,-0.8781982915253144,-0.2001809588327735,0.19615849167000002,-2.302605269403562,-1.1922900969532333,0.11460585617906968,0.8755241944797367,,-0.06277949319423604,-0.05761550026989781,0.08432494304,-0.06639839657179906,,6.430969e-05,1.013279e-06,-2.9802322e-06,1.0,-5.980581e-05,-5.301088e-05,5.9802085e-05,1.0,-7.122755e-06,5.301088e-05,7.0929527e-06,1.0,285,0.885,1,1,0.86,False,-0.2602950796533112,1.0508668329805522
0.9119570490438491,19:18:26.176288,19:18:16.262085,0,,0.13035803,0.0053334385,0.03340967,0.43123168,0.7082933,-0.5588914,0.25645489,0.49767196,0.82858527,0.865026,-0.5006426,0.032966614,,0.056631066,-0.0041150004,0.03526801,-0.2561983,0.6572043,0.7088335,0.004446119,-0.7324993,0.68075335,0.96661407,0.17755939,0.18474305,,0.10517954,1.3401139,0.4406408,0.9942796,0.013491708,-0.105953015,-0.059950504,-0.75049573,-0.6581505,-0.08839686,0.6607376,-0.74539375,,-0.098711915,0.26548105,-0.08475852,-0.504785,-0.6326849,0.58728355,0.7556081,0.0051420797,0.6550038,-0.41743085,0.77439225,0.4754662,,-0.025453687,0.41782713,-0.35103104,0.1602758,-0.63688534,-0.7541145,0.8580759,-0.28771076,0.4253566,-0.48787022,-0.7152619,0.50038296,,1.2325713349248544,0.5552413254581196,0.20834880283,3.201546057121718,-0.46060164070929976,-1.0376974872915117,-0.4095035737986381,,-0.8782137369910628,-0.20018868156564773,0.19616108425,-2.302605269403562,-1.1922900969532333,0.11452417743892918,0.8760142266781397,,-0.06277949319423604,-0.05761550026989781,0.08432494304,-0.06639839657179906,,6.430969e-05,1.013279e-06,-2.9802322e-06,1.0,-5.980581e-05,-5.301088e-05,5.9802085e-05,1.0,-7.122755e-06,5.301088e-05,7.0929527e-06,1.0,298,0.926,1,1,0.901,False,-0.26041423509035333,1.0506737121774343
0.9367058820207603,19:18:26.210633,19:18:16.262085,0,,0.1302992,0.0052687824,0.033926502,0.41389772,0.720134,-0.5568623,0.2482534,0.4992415,0.8301374,0.87581897,-0.481835,0.027859151,,0.056638416,-0.0041154623,0.035262883,-0.25606927,0.6570935,0.7089828,0.0045038164,-0.73261786,0.6806254,0.9666479,0.17748037,0.18464151,,0.10517954,1.3401139,0.4406408,0.9942796,0.013491708,-0.105953015,-0.059950504,-0.75049573,-0.6581505,-0.08839686,0.6607376,-0.74539375,,-0.09870813,0.26578304,-0.08518692,-0.48898646,-0.64627945,0.58584565,0.7574407,0.018519519,0.65264124,-0.4326382,0.7628761,0.48046255,,-0.02546048,0.41782174,-0.3510288,0.16014157,-0.6367621,-0.7542471,0.8581202,-0.28782633,0.42518902,-0.48783642,-0.7153252,0.50032544,,1.2331196489589245,0.555774194026441,0.20798065647000002,3.18539993147341,-0.4771346571809181,-1.0253594233062127,-0.40999360599704104,,-0.8782291824568113,-0.20019640429852195,0.19616756570000002,-2.3023955794600774,-1.192153460453468,0.11449443827537337,0.8761775707442739,,-0.06277949319423604,-0.05761550026989781,0.08432494304,-0.06639839657179906,,6.430969e-05,1.013279e-06,-2.9802322e-06,1.0,-5.980581e-05,-5.301088e-05,5.9802085e-05,1.0,-7.122755e-06,5.301088e-05,7.0929527e-06,1.0,306,0.95,1,1,0.925,False,-0.26112916771260597,1.0503840309727575
0.9711007690057158,19:18:26.237903,19:18:16.262085,0,,0.13019423,0.005199492,0.034452215,0.3952296,0.7283448,-0.55973864,0.24035078,0.5061253,0.82829267,0.8865805,-0.46189937,0.024977446,,0.056643724,-0.0041110516,0.035261452,-0.25608766,0.65714777,0.70892596,0.004484266,-0.73256606,0.68068117,0.9666432,0.17749307,0.18465433,,0.10517954,1.3401139,0.4406408,0.9942796,0.013491708,-0.105953015,-0.059950504,-0.75049573,-0.6581505,-0.08839686,0.6607376,-0.74539375,,-0.09865958,0.2660893,-0.08562972,-0.47184592,-0.6561546,0.5889165,0.75952184,0.036716096,0.64944476,-0.44775885,0.7537328,0.48103938,,-0.025465822,0.41782215,-0.35102418,0.16016121,-0.63681966,-0.7541944,0.8581082,-0.28779522,0.4252343,-0.48785105,-0.71528643,0.5003665,,1.2338378631162272,0.5562143898002718,0.20760084350000002,3.1673665963337405,-0.4938043101523018,-1.0182190595263536,-0.40917688566636956,,-0.8782523506554339,-0.2001809588327735,0.19617275086000002,-2.3023955794600774,-1.192153460453468,0.11441275953523278,0.8760142266781397,,-0.06277949319423604,-0.05761550026989781,0.08432494304,-0.06639839657179906,,6.430969e-05,1.013279e-06,-2.9802322e-06,1.0,-5.980581e-05,-5.301088e-05,5.9802085e-05,1.0,-7.122755e-06,5.301088e-05,7.0929527e-06,1.0,319,0.991,1,1,0.966,False,-0.2608908568385213,1.0504805913743163
0.9983700920129195,19:18:26.280558,19:18:16.488025,0,,0.13001761,0.005064264,0.0351568,0.37030947,0.73914117,-0.56261986,0.23074168,0.5135014,0.82648325,0.89979386,-0.43587443,0.01960373,,0.056651197,-0.0041068494,0.035256386,-0.25610673,0.6571411,0.70892525,0.0044721067,-0.73257136,0.6806756,0.9666382,0.17749597,0.18467769,,0.10517954,1.3401139,0.4406408,0.9942796,0.013491708,-0.105953015,-0.059950504,-0.75049573,-0.6581505,-0.08839686,0.6607376,-0.74539375,,-0.09856056,0.26646975,-0.086255305,-0.4488094,-0.6691912,0.5922443,0.76221985,0.059277933,0.6445983,-0.46646655,0.7407221,0.48346633,,-0.02547295,0.41781914,-0.35101795,0.16018121,-0.63681304,-0.7541957,0.8580999,-0.28779465,0.42525154,-0.48785922,-0.7152925,0.5003499,,1.234826372924128,0.5566623083069769,0.20705769799,3.142623183002567,-0.5147096946164142,-1.0063995596297972,-0.4099936059970408,,-0.8782755188540566,-0.2001732360998993,0.19618182489000002,-2.3023955794600774,-1.192153460453468,0.11441275953523278,0.8760142266781397,,-0.06277949319423604,-0.05761550026989781,0.08432494304,-0.06639839657179906,,6.430969e-05,1.013279e-06,-2.9802322e-06,1.0,-5.980581e-05,-5.301088e-05,5.9802085e-05,1.0,-7.122755e-06,5.301088e-05,7.0929527e-06,1.0,346,1.077,1,1,1.052,False,-0.260652545964438,1.050963393382111
1.0410264620441012,19:18:26.363280,19:18:16.488025,0,,0.12960008,0.004863858,0.036720917,0.29292825,0.7676579,-0.569995,0.20350629,0.532428,0.8216481,0.934226,-0.3566815,-0.00025993586,,0.056689292,-0.004101932,0.03524995,-0.2559531,0.6571606,0.7089627,0.0045543313,-0.7325646,0.6806823,0.9666785,0.17745158,0.18450928,,0.10517954,1.3401139,0.4406408,0.9942796,0.013491708,-0.105953015,-0.059950504,-0.75049573,-0.6581505,-0.08839686,0.6607376,-0.74539375,,-0.09831125,0.267389,-0.0875796,-0.3765035,-0.7046996,0.6013681,0.768083,0.1254908,0.6279336,-0.5179707,0.6983198,0.49402004,,-0.02551042,0.417812,-0.35101005,0.16002075,-0.63682836,-0.7542168,0.85815936,-0.2878314,0.42510656,-0.48780718,-0.7152641,0.50044125,,1.2365253741564575,0.5575581453203869,0.20598955503000002,3.06398945419587,-0.5737366625150844,-0.9651280394047503,-0.40999360599704104,,-0.8784299735115411,-0.2001809588327735,0.19620515811000003,-2.3019761995731085,-1.191880187453937,0.11394488750741824,0.8761775707442736,,-0.06277949319423604,-0.05761550026989781,0.08432494304,-0.06639839657179906,,6.430969e-05,1.013279e-06,-2.9802322e-06,1.0,-5.980581e-05,-5.301088e-05,5.9802085e-05,1.0,-7.122755e-06,5.301088e-05,7.0929527e-06,1.0,360,1.122,1,1,1.097,False,-0.26160578946077395,1.0508185527797727
1.1236570270266384,19:18:26.475442,19:18:16.670091,0,,0.12918465,0.004482329,0.03807144,0.22315443,0.7898481,-0.5712635,0.18120623,0.5422139,0.8204684,0.9577924,-0.28660765,-0.022128016,,0.05671138,-0.004098624,0.035239637,-0.25564024,0.657062,0.70916694,0.0047503114,-0.7326785,0.68055844,0.9667603,0.17734687,0.18418089,,0.10517954,1.3401139,0.4406408,0.9942796,0.013491708,-0.105953015,-0.059950504,-0.75049573,-0.6581505,-0.08839686,0.6607376,-0.74539375,,-0.09805024,0.26803064,-0.08886888,-0.31045845,-0.73338896,0.6047778,0.7700067,0.17904565,0.6123988,-0.55740935,0.6558074,0.5091282,,-0.025531527,0.41780248,-0.3510018,0.15969272,-0.6367149,-0.75438213,0.85829467,-0.2879679,0.4247408,-0.48767662,-0.71531016,0.50050265,,1.237266756512383,0.5579288364983497,0.20492530094000003,2.9897592142023486,-0.6206029819346306,-0.9176820008009943,-0.40885019753410123,,-0.8784994781074091,-0.2001809588327735,0.19622200988000002,-2.3015568196861396,-1.1914702779546407,0.11369231253646961,0.876340914810408,,-0.06277949319423604,-0.05761550026989781,0.08432494304,-0.06639839657179906,,6.430969e-05,1.013279e-06,-2.9802322e-06,1.0,-5.980581e-05,-5.301088e-05,5.9802085e-05,1.0,-7.122755e-06,5.301088e-05,7.0929527e-06,1.0,392,1.225,1,1,1.2,False,-0.26136747858668974,1.05105995378367
