Task Time,PC1 Time,PC2 Time,Gaze Calib,s_T_psm1,Tx,Ty,Tz,R00,R01,R02,R10,R11,R12,R20,R21,R22,s_T_psm3,Tx,Ty,Tz,R00,R01,R02,R10,R11,R12,R20,R21,R22,cart_T_ecm,Tx,Ty,Tz,R00,R01,R02,R10,R11,R12,R20,R21,R22,ecm_T_psm1,Tx,Ty,Tz,R00,R01,R02,R10,R11,R12,R20,R21,R22,ecm_T_psm3,Tx,Ty,Tz,R00,R01,R02,R10,R11,R12,R20,R21,R22,psm1_joints,q1,q2,q3,q4,q5,q6,jaw,psm3_joints,q1,q2,q3,q4,q5,q6,jaw,ecm_joints,q1,q2,q3,q4,ecmi_T_ecm,Tx,Ty,Tz,R00,R01,R02,R10,R11,R12,R20,R21,R22,Sample #,Task Duration (s),Collisions (binary),Collisions (increments),Cumulative Collision Time (s),Clutch Press,MTMR Angle,MTML Angle
""
lci_T_si,,,,,-0.06091442,0.024665864,0.22852185,0.99137235,-0.028050909,0.12803915,0.064119875,-0.7481916,-0.6603772,0.11432199,0.66288954,-0.7399378
rci_T_si,,,,,-0.070449755,0.028832521,0.23726377,0.99015677,-0.04510285,0.13249657,0.05696979,-0.73481125,-0.6758749,0.12784386,0.6767704,-0.72500885
ecm_T_lc,,,,,-4.4061628e-05,-0.00034663224,-0.01840835,-0.99912,0.030754527,0.028518902,-0.031987965,-0.99852574,-0.043852776,0.027128186,-0.04472645,0.9986309
ecm_T_rc,,,,,-0.0043358393,0.01870579,-0.007592615,-0.99555075,-0.052743673,-0.078081585,0.04863213,-0.9973746,0.053654674,-0.08070653,0.04961868,0.9955021
cart_T_ecmi,,,,,0.10511527,1.3401165,0.4406436,0.9942844,0.013551921,-0.10590021,-0.05987073,-0.75049466,-0.658159,-0.08839686,0.6607376,-0.74539375
ecmac_T_ecmrep_psm1,,,,,0.006928962,-0.26080152,-0.2999526,0.99741316,0.06053514,0.03876121,-0.0592658,0.9976933,-0.033100393,-0.040675536,0.030717555,0.99870014
ecmac_T_ecmrep_psm3,,,,,-0.019041438,-0.46633056,-0.5465172,0.99408877,-0.01321918,0.10776258,-0.016145537,0.96352404,0.2671344,-0.107363135,-0.2672952,0.95761496
""
0,19:16:38.483771,19:16:28.699431,0,,0.12310114,0.0004798472,0.033885032,0.8806131,0.34999484,-0.319412,0.22236545,0.29000756,0.9308326,0.41841847,-0.89072955,0.1775577,,0.015316144,-0.008769542,0.024028778,-0.5589355,0.3578397,0.7480253,0.4972425,-0.577266,0.647699,0.66358185,0.73397195,0.14472137,,0.10512091,1.3401179,0.4406405,0.9942851,0.0135604795,-0.1058927,-0.05985939,-0.7504945,-0.6581602,-0.08839686,0.6607376,-0.74539375,,-0.09170539,0.26247784,-0.08912302,-0.90804815,-0.24611242,0.33893546,0.41350266,-0.39763653,0.8190853,-0.066813946,0.8839196,0.46284127,,0.016982246,0.4102956,-0.34975284,0.46798563,-0.40063423,-0.7877066,0.87938166,0.29948577,0.37012988,0.08762022,-0.86591023,0.49246544,,1.2605662415939183,0.5395564549905696,0.20327253119000002,3.7349972733463477,-0.11053892831024133,-1.106783173929394,-0.4060733484098181,,-0.6830525545265352,-0.18244956415355404,0.18483150965000003,-3.395509254844903,-0.6956164203058572,1.222945473566915,0.8765042588765425,,-0.06277949319423604,-0.05761550026989781,0.08432494304,-0.06639839657179906,,5.7965517e-06,-3.1590462e-06,8.34465e-07,1.0,8.497387e-06,7.5399876e-06,-8.5011125e-06,1.0,1.013279e-06,-7.532537e-06,-1.013279e-06,1.0,36,0.107,0,0,0.0,False,-0.2579715486309908,1.0510116735828905
0.12846883799647912,19:16:38.509829,19:16:28.699431,0,,0.12312978,0.00046762824,0.03411144,0.8771989,0.35926804,-0.31850958,0.22058937,0.287655,0.9319844,0.4264531,-0.8877955,0.17307988,,0.015318394,-0.008768767,0.024029732,-0.5588058,0.35776326,0.7481587,0.4973088,-0.577383,0.6475437,0.66364145,0.7339171,0.14472622,,0.10512091,1.3401179,0.4406405,0.9942851,0.0135604795,-0.1058927,-0.05985939,-0.7504945,-0.6581602,-0.08839686,0.6607376,-0.74539375,,-0.09175714,0.26262006,-0.08929428,-0.90553707,-0.2557246,0.33853728,0.4177196,-0.3977417,0.8168916,-0.07424889,0.8811393,0.46699107,,0.016979884,0.41029656,-0.34975263,0.46784782,-0.40054747,-0.78783256,0.87945217,0.29938802,0.37004143,0.08764848,-0.86598414,0.49233037,,1.2609523782376295,0.5399734825657777,0.20310271720000003,3.7299647147027195,-0.1179172992975751,-1.1010933220903496,-0.4064000365420867,,-0.6830602772594094,-0.18244956415355404,0.18483150965000003,-3.3952995649014186,-0.6956164203058572,1.222945473566915,0.8765042588765425,,-0.06277949319423604,-0.05761550026989781,0.08432494304,-0.06639839657179906,,5.7965517e-06,-3.1590462e-06,8.34465e-07,1.0,8.497387e-06,7.5399876e-06,-8.5011125e-06,1.0,1.013279e-06,-7.532537e-06,-1.013279e-06,1.0,44,0.132,0,0,0.0,False,-0.2575545046013441,1.051494475590685
0.1545458260225132,19:16:38.537866,19:16:28.699431,0,,0.12312751,0.00045911968,0.034245074,0.87571156,0.36226472,-0.3192073,0.2199746,0.28917557,0.9316591,0.42981416,-0.8860822,0.17354527,,0.015318759,-0.008770078,0.024029434,-0.55880547,0.35776067,0.74816024,0.49731502,-0.5773787,0.6475427,0.6636371,0.73392177,0.14472266,,0.10512091,1.3401179,0.4406405,0.9942851,0.0135604795,-0.1058927,-0.05985939,-0.7504945,-0.6581602,-0.08839686,0.6607376,-0.74539375,,-0.0917687,0.26270375,-0.08939821,-0.9044225,-0.2588115,0.3391703,0.41958055,-0.39557528,0.8169898,-0.077278964,0.88121325,0.4663595,,0.01697961,0.4102956,-0.3497536,0.46784756,-0.40054554,-0.7878337,0.8794516,0.2993944,0.3700377,0.087656036,-0.86598283,0.49233136,,1.261238119353976,0.5402206100177529,0.20299901400000003,3.727658125324389,-0.1209233022924148,-1.1012558478935262,-0.40607334840981835,,-0.6830602772594094,-0.18245728688642826,0.18483150965000003,-3.3952995649014186,-0.6956164203058572,1.222945473566915,0.8765042588765425,,-0.06277949319423604,-0.05761550026989781,0.08432494304,-0.06639839657179906,,5.7965517e-06,-3.1590462e-06,8.34465e-07,1.0,8.497387e-06,7.5399876e-06,-8.5011125e-06,1.0,1.013279e-06,-7.532537e-06,-1.013279e-06,1.0,55,0.166,0,0,0.0,False,-0.2575545046013441,1.050963393382111
0.1825729970005341,19:16:38.569336,19:16:28.808140,0,,0.12313087,0.00042167306,0.034532934,0.8716085,0.37295926,-0.31811935,0.21557797,0.2911996,0.9320563,0.44025525,-0.8809677,0.17341033,,0.015318759,-0.008770078,0.024029434,-0.55880547,0.35776067,0.74816024,0.49731502,-0.5773787,0.6475427,0.6636371,0.73392177,0.14472266,,0.10512091,1.3401179,0.4406405,0.9942851,0.0135604795,-0.1058927,-0.05985939,-0.7504945,-0.6581602,-0.08839686,0.6607376,-0.74539375,,-0.09180255,0.26286957,-0.08963405,-0.9015792,-0.2698711,0.33811915,0.42350465,-0.39103124,0.8171526,-0.08831072,0.8799228,0.46683726,,0.01697961,0.4102956,-0.3497536,0.46784756,-0.40054554,-0.7878337,0.8794516,0.2993944,0.3700377,0.087656036,-0.86598283,0.49233136,,1.2619022743811592,0.5405295193327219,0.20276957067,3.7226255666807613,-0.1321274952731809,-1.0993889876629297,-0.40591000434368407,,-0.6830602772594094,-0.18245728688642826,0.18483150965000003,-3.3952995649014186,-0.6956164203058572,1.222945473566915,0.8765042588765425,,-0.06277949319423604,-0.05761550026989781,0.08432494304,-0.06639839657179906,,5.7965517e-06,-3.1590462e-06,8.34465e-07,1.0,8.497387e-06,7.5399876e-06,-8.5011125e-06,1.0,1.013279e-06,-7.532537e-06,-1.013279e-06,1.0,67,0.202,0,0,0.0,False,-0.2580907040680329,1.0506737121774343
0.2140131380292587,19:16:38.608453,19:16:28.808140,0,,0.1230926,0.00038531423,0.034728736,0.86833924,0.38131842,-0.3171484,0.2136079,0.289575,0.9330155,0.44761428,-0.87791944,0.16999659,,0.015320137,-0.008770838,0.024029613,-0.5586722,0.35768816,0.7482945,0.49738753,-0.57748884,0.6473889,0.66369504,0.7338705,0.14471728,,0.10512091,1.3401179,0.4406405,0.9942851,0.0135604795,-0.1058927,-0.05985939,-0.7504945,-0.6581602,-0.08839686,0.6607376,-0.74539375,,-0.09178573,0.2629758,-0.08980601,-0.89915246,-0.27855548,0.3375377,0.42711848,-0.390488,0.8155298,-0.09536589,0.8774543,0.47008443,,0.016978262,0.41029522,-0.34975433,0.46770605,-0.4004634,-0.78795946,0.8795234,0.29930276,0.36994115,0.087690555,-0.8660525,0.49220267,,1.2625200930110971,0.5406067466614641,0.20260364555000002,3.718012387924101,-0.1395058662605147,-1.094679280705572,-0.40591000434368407,,-0.6830602772594094,-0.18246500961930248,0.18483150965000003,-3.3950898749579337,-0.6956164203058572,1.222945473566915,0.8765042588765425,,-0.06277949319423604,-0.05761550026989781,0.08432494304,-0.06639839657179906,,5.7965517e-06,-3.1590462e-06,8.34465e-07,1.0,8.497387e-06,7.5399876e-06,-8.5011125e-06,1.0,1.013279e-06,-7.532537e-06,-1.013279e-06,1.0,75,0.226,0,0,0.0,False,-0.25826943722359585,1.050963393382111
0.25316518504405394,19:16:38.628888,19:16:28.808140,0,,0.123061255,0.0003424585,0.034938008,0.8632406,0.39314455,-0.31662732,0.2111392,0.28853124,0.9339005,0.4585147,-0.87303317,0.16606367,,0.015319258,-0.008772358,0.024028838,-0.5586686,0.3576922,0.74829525,0.4973938,-0.57748175,0.6473903,0.6636933,0.7338741,0.14470707,,0.10512091,1.3401179,0.4406405,0.9942851,0.0135604795,-0.1058927,-0.05985939,-0.7504945,-0.6581602,-0.08839686,0.6607376,-0.74539375,,-0.09177742,0.26308605,-0.08999144,-0.8952844,-0.29084638,0.3374525,0.43281293,-0.3884063,0.81351924,-0.10554045,0.8743849,0.47361618,,0.016979279,0.41029388,-0.34975526,0.4677024,-0.40046808,-0.7879593,0.8795247,0.2993089,0.36993304,0.08769684,-0.8660482,0.49220905,,1.2631842480382804,0.5405835784628414,0.20242864640000002,3.710882929845628,-0.15016351324221905,-1.0893375125630143,-0.4054199721452809,,-0.6830525545265352,-0.1824727323521767,0.18483150965000003,-3.3950898749579337,-0.6956164203058572,1.222945473566915,0.8765042588765425,,-0.06277949319423604,-0.05761550026989781,0.08432494304,-0.06639839657179906,,5.7965517e-06,-3.1590462e-06,8.34465e-07,1.0,8.497387e-06,7.5399876e-06,-8.5011125e-06,1.0,1.013279e-06,-7.532537e-06,-1.013279e-06,1.0,86,0.26,0,0,0.0,False,-0.25767366003838577,1.050963393382111
0.2735373800387606,19:16:38.659785,19:16:28.808140,0,,0.12305779,0.00030438602,0.035209656,0.8567284,0.40873992,-0.31456006,0.20371225,0.29213673,0.93442893,0.47383296,-0.86463153,0.16701642,,0.015320718,-0.0087774545,0.024027646,-0.55866694,0.3576819,0.7483014,0.4974187,-0.5774648,0.6473863,0.663676,0.73389244,0.14469285,,0.10512091,1.3401179,0.4406405,0.9942851,0.0135604795,-0.1058927,-0.05985939,-0.7504945,-0.6581602,-0.08839686,0.6607376,-0.74539375,,-0.091802895,0.26324075,-0.09021653,-0.8906646,-0.30704138,0.33532405,0.43786636,-0.38066205,0.81447494,-0.122432366,0.8722511,0.4734853,,0.016978182,0.41029012,-0.34975904,0.46770126,-0.4004604,-0.78796387,0.8795223,0.29933432,0.36991817,0.08772704,-0.866043,0.4922129,,1.2640105804558224,0.540568132997093,0.20222253629000003,3.703963161710638,-0.16765298521219543,-1.0875728681313785,-0.4068900687404897,,-0.6830525545265352,-0.18250362328367362,0.18483150965000003,-3.3950898749579337,-0.6956164203058572,1.222945473566915,0.8765042588765425,,-0.06277949319423604,-0.05761550026989781,0.08432494304,-0.06639839657179906,,5.7965517e-06,-3.1590462e-06,8.34465e-07,1.0,8.497387e-06,7.5399876e-06,-8.5011125e-06,1.0,1.013279e-06,-7.532537e-06,-1.013279e-06,1.0,94,0.284,0,0,0.0,False,-0.25880563669028556,1.051108233984449
0.30448065703967586,19:16:38.696187,19:16:28.915717,0,,0.12304209,0.000259161,0.035481185,0.85178965,0.4217692,-0.31074905,0.19423097,0.29664358,0.93502784,0.48654765,-0.85680413,0.17075726,,0.015321679,-0.008783758,0.024024487,-0.5586617,0.3576756,0.7483083,0.49744982,-0.57744086,0.6473838,0.6636571,0.7339144,0.14466843,,0.10512091,1.3401179,0.4406405,0.9942851,0.0135604795,-0.1058927,-0.05985939,-0.7504945,-0.6581602,-0.08839686,0.6607376,-0.74539375,,-0.0918165,0.26339054,-0.09044762,-0.88743377,-0.32058978,0.33118495,0.4395925,-0.3725438,0.81729406,-0.1386352,0.8708808,0.47153684,,0.01697782,0.41028413,-0.34976286,0.46769643,-0.40045738,-0.7879682,0.87952125,0.29936588,0.36989522,0.087763526,-0.86603343,0.4922231,,1.2648832492706097,0.5405372420655961,0.20201253731000002,3.7006081226148857,-0.1844592746833446,-1.0879172092808953,-0.40656338060822095,,-0.6830448317936609,-0.18254995968091897,0.18483280594,-3.3950898749579337,-0.6956164203058572,1.222945473566915,0.8765042588765425,,-0.06277949319423604,-0.05761550026989781,0.08432494304,-0.06639839657179906,,5.7965517e-06,-3.1590462e-06,8.34465e-07,1.0,8.497387e-06,7.5399876e-06,-8.5011125e-06,1.0,1.013279e-06,-7.532537e-06,-1.013279e-06,1.0,121,0.367,0,0,0.0,False,-0.25826943722359585,1.0505771517758753
0.34090301900869235,19:16:38.782364,19:16:28.915717,0,,0.12267917,0.0001847446,0.036100328,0.8369272,0.44744456,-0.31519204,0.19278504,0.2979748,0.93490374,0.5122369,-0.84321064,0.1631226,,0.015323348,-0.0087993,0.024019957,-0.5585143,0.35759452,0.748457,0.4975908,-0.577496,0.6472262,0.6636755,0.7339105,0.14460406,,0.10512091,1.3401179,0.4406405,0.9942851,0.0135604795,-0.1058927,-0.05985939,-0.7504945,-0.6581602,-0.08839686,0.6607376,-0.74539375,,-0.09152112,0.2637653,-0.090988815,-0.87530386,-0.34742263,0.33636382,0.45634833,-0.3633578,0.8122298,-0.15996659,0.864447,0.47659424,,0.016977327,0.41027224,-0.34977397,0.46754164,-0.40037385,-0.7881025,0.8795922,0.2993435,0.36974463,0.08787729,-0.8660798,0.49212125,,1.2680727379476644,0.5402283327506271,0.20150957679000003,3.677961608718557,-0.20796075264300035,-1.0771662400795885,-0.40672672467435533,,-0.6830216635950384,-0.18263490974253543,0.18483280594,-3.394880185014449,-0.6956164203058572,1.222945473566915,0.8765042588765425,,-0.06277949319423604,-0.05761550026989781,0.08432494304,-0.06639839657179906,,5.7965517e-06,-3.1590462e-06,8.34465e-07,1.0,8.497387e-06,7.5399876e-06,-8.5011125e-06,1.0,1.013279e-06,-7.532537e-06,-1.013279e-06,1.0,141,0.427,0,0,0.0,False,-0.25922268071993226,1.050963393382111
0.42702764802379534,19:16:38.838086,19:16:29.052200,0,,0.12256777,0.00013016164,0.03640817,0.82783276,0.46454114,-0.31447434,0.18658507,0.30065706,0.93530285,0.5290356,-0.8329506,0.16221735,,0.015241891,-0.008838825,0.024013579,-0.5582897,0.35754085,0.7486502,0.49772948,-0.57760376,0.64702344,0.6637605,0.7338517,0.14451167,,0.105163865,1.3401133,0.4406428,0.9942821,0.013523029,-0.105925545,-0.05990901,-0.7504952,-0.6581549,-0.08839686,0.6607376,-0.74539375,,-0.09147963,0.2639335,-0.09125746,-0.868203,-0.3653205,0.33580425,0.46343055,-0.3550835,0.8118792,-0.17735757,0.8604979,0.47758523,,0.017021699,0.41024783,-0.34980464,0.46733928,-0.4003272,-0.7882462,0.8796938,0.2992556,0.36957395,0.0879366,-0.8661317,0.49201927,,1.2694164934677796,0.5399271461685323,0.20126717056,3.6674771115443305,-0.22654331661110025,-1.0730400350958513,-0.40787013313729537,,-0.683013940862164,-0.18265035520828388,0.18483021336000002,-3.3946704950709647,-0.6956164203058572,1.222945473566915,0.8765042588765425,,-0.06277949319423604,-0.05761550026989781,0.08432494304,-0.06639839657179906,,4.858151e-05,2.4437904e-06,-2.503395e-06,0.99999994,-2.8692186e-05,-2.5428832e-05,2.8692186e-05,1.0,-3.3974648e-06,2.5428832e-05,3.427267e-06,1.0,153,0.464,0,0,0.0,False,-0.2583885926606384,1.050432311173537
0.4828014300437644,19:16:38.871545,19:16:29.052200,0,,0.1225556,9.0539455e-05,0.036650404,0.8184444,0.48152003,-0.3135075,0.17975011,0.30367053,0.93566775,0.54574573,-0.8221451,0.16198412,,0.015246987,-0.00883881,0.024015129,-0.55816585,0.35750967,0.7487574,0.49780178,-0.57766914,0.6469095,0.6638105,0.73381543,0.14446627,,0.105163865,1.3401133,0.4406428,0.9942821,0.013523029,-0.105925545,-0.05990901,-0.7504952,-0.6581549,-0.08839686,0.6607376,-0.74539375,,-0.09149356,0.26406762,-0.09146293,-0.8608395,-0.38315722,0.33488202,0.4699628,-0.34620997,0.81195664,-0.19516757,0.8563464,0.47810084,,0.017016482,0.4102486,-0.34980538,0.4672079,-0.40028968,-0.7883432,0.8797597,0.29919496,0.36946607,0.08797485,-0.86617005,0.491945,,1.2701810440223278,0.5397109096480541,0.20109606028000002,3.657621684200558,-0.2452625170789656,-1.0696191996098228,-0.40803347720342953,,-0.6830371090607867,-0.1826580779411581,0.18483021336000002,-3.3944608051274803,-0.6956164203058572,1.2228637948267744,0.8763409148104081,,-0.06277949319423604,-0.05761550026989781,0.08432494304,-0.06639839657179906,,4.858151e-05,2.4437904e-06,-2.503395e-06,0.99999994,-2.8692186e-05,-2.5428832e-05,2.8692186e-05,1.0,-3.3974648e-06,2.5428832e-05,3.427267e-06,1.0,164,0.498,0,0,0.0,False,-0.25719703829021734,1.0501909101696396
0.5162550240056589,19:16:38.909703,19:16:29.052200,0,,0.12250304,4.272163e-05,0.036778018,0.81383353,0.4870793,-0.31690443,0.1801596,0.30699074,0.93450487,0.55246466,-0.8176248,0.16208726,,0.015246987,-0.00883881,0.024015129,-0.55816585,0.35750967,0.7487574,0.49780178,-0.57766914,0.6469095,0.6638105,0.73381543,0.14446627,,0.105163865,1.3401133,0.4406428,0.9942821,0.013523029,-0.105925545,-0.05990901,-0.7504952,-0.6581549,-0.08839686,0.6607376,-0.74539375,,-0.091456175,0.26412004,-0.091594025,-0.8569144,-0.38899752,0.33819917,0.4749537,-0.34091923,0.811291,-0.20029157,0.85583586,0.4768944,,0.017016482,0.4102486,-0.34980538,0.4672079,-0.40028968,-0.7883432,0.8797597,0.29919496,0.36946607,0.08797485,-0.86617005,0.491945,,1.2706212397961585,0.5395487322576954,0.20097680160000003,3.6509116060090534,-0.25086461356934864,-1.069870111226563,-0.4055833162114155,,-0.6830371090607867,-0.1826580779411581,0.18483021336000002,-3.3944608051274803,-0.6956164203058572,1.2228637948267744,0.8763409148104081,,-0.06277949319423604,-0.05761550026989781,0.08432494304,-0.06639839657179906,,4.858151e-05,2.4437904e-06,-2.503395e-06,0.99999994,-2.8692186e-05,-2.5428832e-05,2.8692186e-05,1.0,-3.3974648e-06,2.5428832e-05,3.427267e-06,1.0,176,0.533,0,0,0.0,False,-0.25761408231986493,1.0507219923782136
0.5543989380239509,19:16:38.935656,19:16:29.052200,0,,0.12247771,1.7434359e-05,0.036898956,0.8086078,0.49618652,-0.31615198,0.17870873,0.30482882,0.9354906,0.56055003,-0.8129441,0.15781409,,0.015245743,-0.008839078,0.024014652,-0.5581626,0.35763857,0.7486982,0.49780184,-0.5775607,0.6470062,0.66381305,0.73383796,0.14433978,,0.105163865,1.3401133,0.4406428,0.9942821,0.013523029,-0.105925545,-0.05990901,-0.7504952,-0.6581549,-0.08839686,0.6607376,-0.74539375,,-0.09144422,0.2641836,-0.09170229,-0.852594,-0.39861238,0.3379225,0.47951135,-0.33970213,0.8091176,-0.2077313,0.8518865,0.48076716,,0.017017772,0.41024822,-0.34980538,0.4672045,-0.40042502,-0.78827643,0.8797617,0.29925507,0.3694128,0.08797359,-0.8660867,0.4920919,,1.2710228219056183,0.5394174457988336,0.20088476501000002,3.644411217761033,-0.2587895305557442,-1.0638979452530137,-0.40656338060822117,,-0.6830293863279125,-0.1826580779411581,0.18483021336000002,-3.3944608051274803,-0.6956164203058572,1.2227004373464934,0.8760142266781396,,-0.06277949319423604,-0.05761550026989781,0.08432494304,-0.06639839657179906,,4.858151e-05,2.4437904e-06,-2.503395e-06,0.99999994,-2.8692186e-05,-2.5428832e-05,2.8692186e-05,1.0,-3.3974648e-06,2.5428832e-05,3.427267e-06,1.0,184,0.558,0,0,0.0,False,-0.25880563669028556,1.0508668329805522
0.5803425890044309,19:16:38.970844,19:16:29.052200,0,,0.12247969,9.953976e-06,0.03701614,0.80097616,0.5080414,-0.31675035,0.17662467,0.3049998,0.93583065,0.5720495,-0.805524,0.15456498,,0.015247397,-0.008836769,0.024015903,-0.5578972,0.35743997,0.74899083,0.4979279,-0.5778463,0.64665407,0.6639417,0.73370993,0.14439952,,0.105163865,1.3401133,0.4406428,0.9942821,0.013523029,-0.105925545,-0.05990901,-0.7504952,-0.6581549,-0.08839686,0.6607376,-0.74539375,,-0.09145828,0.26425683,-0.09179302,-0.84625214,-0.41113538,0.33885834,0.48598558,-0.33501884,0.8072053,-0.21834673,0.8477795,0.4833163,,0.017015899,0.41025025,-0.349804,0.46692222,-0.40020192,-0.78855693,0.8799069,0.29902267,0.36925507,0.0880198,-0.86627007,0.49176076,,1.2714861858780717,0.539193486545481,0.20079791358000001,3.6316201312084773,-0.2739561820297081,-1.0589633232955022,-0.4050932840130126,,-0.6830293863279125,-0.18265035520828388,0.18483021336000002,-3.394041425240511,-0.6956164203058572,1.2227821160866337,0.8765042588765424,,-0.06277949319423604,-0.05761550026989781,0.08432494304,-0.06639839657179906,,4.858151e-05,2.4437904e-06,-2.503395e-06,0.99999994,-2.8692186e-05,-2.5428832e-05,2.8692186e-05,1.0,-3.3974648e-06,2.5428832e-05,3.427267e-06,1.0,196,0.595,0,0,0.0,False,-0.2583290149421176,1.0510116735828905
0.6155299750389531,19:16:39.003200,19:16:29.052200,0,,0.12250726,2.4333596e-05,0.03723176,0.78736216,0.5281423,-0.3180035,0.16766289,0.31293935,0.93485737,0.5932535,-0.7893887,0.15784672,,0.01524616,-0.008837022,0.024015486,-0.55789405,0.35744658,0.74899,0.49792796,-0.57784367,0.6466565,0.66394424,0.73370886,0.14439291,,0.105163865,1.3401133,0.4406428,0.9942821,0.013523029,-0.105925545,-0.05990901,-0.7504952,-0.6581549,-0.08839686,0.6607376,-0.74539375,,-0.091506764,0.26441148,-0.0919386,-0.8352299,-0.43240324,0.33973294,0.4941235,-0.31903395,0.80873936,-0.24131517,0.8433533,0.48012727,,0.01701719,0.41024986,-0.349804,0.46691886,-0.4002085,-0.7885556,0.8799088,0.2990224,0.36925068,0.088018544,-0.86626714,0.49176618,,1.2720422226450159,0.5389849727578769,0.20072532134,3.6217647038647045,-0.2941783839949933,-1.058482506615982,-0.4044399077484755,,-0.6830216635950384,-0.18265035520828388,0.18483021336000002,-3.394041425240511,-0.6956164203058572,1.2227821160866337,0.8765042588765424,,-0.06277949319423604,-0.05761550026989781,0.08432494304,-0.06639839657179906,,4.858151e-05,2.4437904e-06,-2.503395e-06,0.99999994,-2.8692186e-05,-2.5428832e-05,2.8692186e-05,1.0,-3.3974648e-06,2.5428832e-05,3.427267e-06,1.0,211,0.641,0,0,0.0,False,-0.25815028178655464,1.051108233984449
0.6478867650148459,19:16:39.042133,19:16:29.246763,0,,0.122448966,1.1920929e-05,0.03738092,0.7777724,0.5402715,-0.32121095,0.1654267,0.3170684,0.9338639,0.6063858,-0.77947044,0.15723175,,0.015247762,-0.00883805,0.024015605,-0.55789685,0.35743743,0.7489923,0.49793416,-0.57784206,0.6466531,0.66393733,0.73371446,0.144396,,0.105163865,1.3401133,0.4406428,0.9942821,0.013523029,-0.105925545,-0.05990901,-0.7504952,-0.6581549,-0.08839686,0.6607376,-0.74539375,,-0.09146434,0.2645048,-0.092062294,-0.82711214,-0.44528288,0.34294114,0.50165534,-0.30975512,0.8077089,-0.25343117,0.8401041,0.47958076,,0.017015625,0.41024932,-0.34980497,0.46692196,-0.4002,-0.78855807,0.8799063,0.29902902,0.36925137,0.08802735,-0.86626875,0.4917617,,1.2727218231379476,0.5386528952442853,0.20063458104,3.6102317569730555,-0.3072954879724756,-1.0563626555758845,-0.40656338060822117,,-0.6830293863279125,-0.1826580779411581,0.18483021336000002,-3.394041425240511,-0.6956164203058572,1.2227821160866337,0.8765042588765424,,-0.06277949319423604,-0.05761550026989781,0.08432494304,-0.06639839657179906,,4.858151e-05,2.4437904e-06,-2.503395e-06,0.99999994,-2.8692186e-05,-2.5428832e-05,2.8692186e-05,1.0,-3.3974648e-06,2.5428832e-05,3.427267e-06,1.0,219,0.665,0,0,0.0,False,-0.25815028178655464,1.0507702725789931
0.6868496790411882,19:16:39.066274,19:16:29.246763,0,,0.12226638,-3.33786e-06,0.037524268,0.7675769,0.5525963,-0.32475048,0.16519028,0.31899738,0.93324864,0.61930424,-0.7699856,0.15357149,,0.015247166,-0.0088365,0.024015903,-0.5577611,0.35737655,0.74912244,0.49799407,-0.5779578,0.64650345,0.6640064,0.73365295,0.14439104,,0.105163865,1.3401133,0.4406428,0.9942821,0.013523029,-0.105925545,-0.05990901,-0.7504952,-0.6581549,-0.08839686,0.6607376,-0.74539375,,-0.091297895,0.2645966,-0.09219639,-0.81828624,-0.45840624,0.34680158,0.5105434,-0.30240098,0.8049218,-0.26410803,0.8357137,0.48148686,,0.017016115,0.41025043,-0.3498038,0.46677753,-0.40012816,-0.78868,0.8799811,0.2989245,0.3691577,0.08804539,-0.866338,0.49163646,,1.2739651831306977,0.5379964629499763,0.20053606300000001,3.596601910646562,-0.31945613645159976,-1.0510204715947746,-0.4055833162114153,,-0.6830216635950384,-0.18265035520828388,0.18483021336000002,-3.3938317352970264,-0.6956164203058572,1.2227821160866337,0.8765042588765424,,-0.06277949319423604,-0.05761550026989781,0.08432494304,-0.06639839657179906,,4.858151e-05,2.4437904e-06,-2.503395e-06,0.99999994,-2.8692186e-05,-2.5428832e-05,2.8692186e-05,1.0,-3.3974648e-06,2.5428832e-05,3.427267e-06,1.0,231,0.701,0,0,0.0,False,-0.2580311263495121,1.0511565141852286
0.7109766509965993,19:16:39.103472,19:16:29.246763,0,,0.122126356,-3.1292439e-06,0.037622347,0.75780225,0.5661352,-0.32438615,0.16179559,0.3185854,0.93398374,0.63210577,-0.7602593,0.14982653,,0.015248537,-0.00883729,0.024016082,-0.5576277,0.35730392,0.7492564,0.49806637,-0.5780678,0.64634943,0.66406417,0.7336017,0.1443856,,0.105163865,1.3401133,0.4406428,0.9942821,0.013523029,-0.105925545,-0.05990901,-0.7504952,-0.6581549,-0.08839686,0.6607376,-0.74539375,,-0.09116857,0.26466787,-0.09228254,-0.8100005,-0.47285977,0.346847,0.5170033,-0.296659,0.8029328,-0.27677932,0.829697,0.48476398,,0.017014768,0.41025004,-0.34980455,0.46663594,-0.40004587,-0.78880554,0.88005275,0.29883295,0.369061,0.088079765,-0.86640763,0.49150765,,1.2750154748015923,0.5372936942584218,0.20049198914000002,3.585488343641882,-0.33366633242720556,-1.0438436615779372,-0.40656338060822117,,-0.6830216635950384,-0.1826580779411581,0.18483021336000002,-3.393622045353542,-0.6956164203058572,1.2227821160866337,0.8765042588765424,,-0.06277949319423604,-0.05761550026989781,0.08432494304,-0.06639839657179906,,4.858151e-05,2.4437904e-06,-2.503395e-06,0.99999994,-2.8692186e-05,-2.5428832e-05,2.8692186e-05,1.0,-3.3974648e-06,2.5428832e-05,3.427267e-06,1.0,243,0.738,0,0,0.0,False,-0.25791197091247,1.05105995378367
0.7481467520119622,19:16:39.147115,19:16:29.362266,0,,0.12192789,2.0712614e-06,0.03777699,0.74122113,0.5846813,-0.32975566,0.15415676,0.32985073,0.93136156,0.6533198,-0.7411789,0.15435967,,0.015248537,-0.00883729,0.024016082,-0.5576277,0.3573651,0.7492272,0.49806637,-0.57801497,0.64639664,0.66406417,0.7336135,0.14432567,,0.105163865,1.3401133,0.4406428,0.9942821,0.013523029,-0.105925545,-0.05990901,-0.7504952,-0.6581549,-0.08839686,0.6607376,-0.74539375,,-0.09098661,0.264783,-0.09241279,-0.7959739,-0.49273768,0.35161793,0.5262344,-0.2761782,0.80424064,-0.29917043,0.825188,0.47912616,,0.017014768,0.41025004,-0.34980455,0.46663594,-0.4001103,-0.7887729,0.88005275,0.29886308,0.36903659,0.088079765,-0.86636746,0.49157843,,1.2765909123079342,0.5361507297930366,0.20043884125000003,3.5680840783326664,-0.3586708118842812,-1.0448540151183192,-0.40656338060822117,,-0.6830216635950384,-0.1826580779411581,0.18483021336000002,-3.393622045353542,-0.6956164203058572,1.2227004373464934,0.876340914810408,,-0.06277949319423604,-0.05761550026989781,0.08432494304,-0.06639839657179906,,4.858151e-05,2.4437904e-06,-2.503395e-06,0.99999994,-2.8692186e-05,-2.5428832e-05,2.8692186e-05,1.0,-3.3974648e-06,2.5428832e-05,3.427267e-06,1.0,258,0.784,0,0,0.0,False,-0.25779281547542787,1.0511565141852286
0.791822059021797,19:16:39.184055,19:16:29.362266,0,,0.121642485,-1.9282103e-05,0.03786795,0.7265477,0.59840477,-0.33769795,0.15459326,0.33651048,0.9289035,0.66949916,-0.7270985,0.15198159,,0.015250169,-0.008836694,0.024015367,-0.55763084,0.35741973,0.74919885,0.49806637,-0.5779649,0.64644146,0.6640616,0.73362637,0.14427237,,0.105163865,1.3401133,0.4406428,0.9942821,0.013523029,-0.105925545,-0.05990901,-0.7504952,-0.6581549,-0.08839686,0.6607376,-0.74539375,,-0.09071296,0.26483887,-0.09252318,-0.7829963,-0.50751364,0.35964808,0.5379773,-0.2622878,0.8011152,-0.31224558,0.82075274,0.47840115,,0.017013198,0.41024953,-0.34980366,0.46663934,-0.40016815,-0.7887415,0.88005084,0.29889348,0.36901656,0.08808102,-0.86633027,0.49164376,,1.278166349814276,0.5348687561359153,0.20038439707000003,3.5487926035320903,-0.3741107363577759,-1.0413301321562263,-0.40541997214528114,,-0.6830293863279125,-0.1826580779411581,0.18483150965000003,-3.393622045353542,-0.6956164203058572,1.2226187586063526,0.8761775707442738,,-0.06277949319423604,-0.05761550026989781,0.08432494304,-0.06639839657179906,,4.858151e-05,2.4437904e-06,-2.503395e-06,0.99999994,-2.8692186e-05,-2.5428832e-05,2.8692186e-05,1.0,-3.3974648e-06,2.5428832e-05,3.427267e-06,1.0,266,0.808,0,0,0.0,False,-0.25791197091247,1.05105995378367
0.8287698310450651,19:16:39.207957,19:16:29.362266,0,,0.12146467,-2.4035573e-05,0.037901685,0.7181821,0.6052339,-0.34337455,0.15825853,0.33846062,0.9275768,0.6776197,-0.7205111,0.14729291,,0.015254155,-0.008838005,0.024016142,-0.55736715,0.35726783,0.7494675,0.49821082,-0.5781876,0.646131,0.66417456,0.7335249,0.14426814,,0.105163865,1.3401133,0.4406428,0.9942821,0.013523029,-0.105925545,-0.05990901,-0.7504952,-0.6581549,-0.08839686,0.6607376,-0.74539375,,-0.09053978,0.26486456,-0.09256936,-0.7753422,-0.51488197,0.36570618,0.54645467,-0.25666562,0.7971888,-0.31659397,0.817936,0.48036334,,0.017009212,0.4102491,-0.34980515,0.4663595,-0.39999697,-0.78899384,0.88019216,0.2987106,0.36882752,0.08815095,-0.86647236,0.49138072,,1.2790158504304405,0.5341891556429835,0.20036106385000002,3.536001516979534,-0.37957619634839357,-1.036873416008369,-0.40574666027754946,,-0.6830371090607867,-0.18267352340690654,0.18483150965000003,-3.3932026654665735,-0.6956164203058572,1.2226187586063526,0.8761775707442738,,-0.06277949319423604,-0.05761550026989781,0.08432494304,-0.06639839657179906,,4.858151e-05,2.4437904e-06,-2.503395e-06,0.99999994,-2.8692186e-05,-2.5428832e-05,2.8692186e-05,1.0,-3.3974648e-06,2.5428832e-05,3.427267e-06,1.0,274,0.832,0,0,0.0,False,-0.25773323775690704,1.0508668329805522
0.8525945240398869,19:16:39.242481,19:16:29.362266,0,,0.121218786,-2.6196241e-05,0.037960157,0.70630974,0.61748356,-0.3461795,0.15906428,0.33808127,0.9275774,0.68980056,-0.7102217,0.14057049,,0.015256487,-0.008841567,0.024015725,-0.55736905,0.35725346,0.74947286,0.4982294,-0.5781775,0.64612556,0.664159,0.7335398,0.1442641,,0.105163865,1.3401133,0.4406428,0.9942821,0.013523029,-0.105925545,-0.05990901,-0.7504952,-0.6581549,-0.08839686,0.6607376,-0.74539375,,-0.09030135,0.2649113,-0.092638925,-0.76473135,-0.52810913,0.3691703,0.5556783,-0.25047362,0.7927702,-0.32620174,0.8113961,0.48500383,,0.0170071,0.4102467,-0.34980798,0.46636203,-0.39998463,-0.78899854,0.8801884,0.29872996,0.3688208,0.08817485,-0.8664714,0.49137816,,1.2803209922861845,0.5331543094378375,0.20033643434,3.520274771218195,-0.3910536623286906,-1.0275143120978698,-0.40607334840981824,,-0.6830448317936609,-0.18269669160552923,0.18483150965000003,-3.3932026654665735,-0.6956164203058572,1.2226187586063526,0.8761775707442738,,-0.06277949319423604,-0.05761550026989781,0.08432494304,-0.06639839657179906,,4.858151e-05,2.4437904e-06,-2.503395e-06,0.99999994,-2.8692186e-05,-2.5428832e-05,2.8692186e-05,1.0,-3.3974648e-06,2.5428832e-05,3.427267e-06,1.0,286,0.869,0,0,0.0,False,-0.25815028178655464,1.0507219923782136
0.8871934460476041,19:16:39.274705,19:16:29.495211,0,,0.120954365,-1.08629465e-05,0.03801082,0.6918294,0.6295688,-0.3535745,0.16312124,0.3407436,0.92589706,0.7033942,-0.6982383,0.13304037,,0.015258841,-0.008843549,0.024014413,-0.5573713,0.35724175,0.7494768,0.49824184,-0.5781718,0.64612114,0.66414773,0.7335501,0.1442637,,0.105163865,1.3401133,0.4406428,0.9942821,0.013523029,-0.105925545,-0.05990901,-0.7504952,-0.6581549,-0.08839686,0.6607376,-0.74539375,,-0.09004295,0.26496637,-0.092692904,-0.7515327,-0.54121464,0.37720734,0.56835055,-0.24088806,0.7867341,-0.3349273,0.80564237,0.48863488,,0.017004982,0.41024432,-0.349809,0.46636486,-0.39997423,-0.7890022,0.8801853,0.29874292,0.36881778,0.088191204,-0.86647177,0.4913746,,1.2816184114090543,0.5321117404998171,0.20032606402000003,3.499725156756712,-0.4015746728106295,-1.0190984909935266,-0.40591000434368385,,-0.6830525545265352,-0.18271213707127767,0.18483280594,-3.3932026654665735,-0.6956164203058572,1.2226187586063526,0.8761775707442738,,-0.06277949319423604,-0.05761550026989781,0.08432494304,-0.06639839657179906,,4.858151e-05,2.4437904e-06,-2.503395e-06,0.99999994,-2.8692186e-05,-2.5428832e-05,2.8692186e-05,1.0,-3.3974648e-06,2.5428832e-05,3.427267e-06,1.0,301,0.915,0,0,0.0,False,-0.25731619372725945,1.0510116735828905
0.9194225330138579,19:16:39.314010,19:16:29.495211,0,,0.1206103,1.3872981e-05,0.03807877,0.6706001,0.6476151,-0.36178723,0.16677506,0.34359983,0.924189,0.72282875,-0.6800983,0.122411996,,0.015262954,-0.008845963,0.02401203,-0.5572402,0.35727978,0.7495562,0.49832642,-0.5781704,0.6460571,0.66419435,0.7335326,0.14413793,,0.105163865,1.3401133,0.4406428,0.9942821,0.013523029,-0.105925545,-0.05990901,-0.7504952,-0.6581549,-0.08839686,0.6607376,-0.74539375,,-0.08970671,0.265043,-0.09276146,-0.73222965,-0.5608564,0.38636753,0.5849009,-0.22723636,0.77862346,-0.34889922,0.7961179,0.49443462,,0.017001232,0.41024065,-0.34980983,0.46622604,-0.40001038,-0.7890659,0.88025373,0.29872456,0.3686692,0.08824186,-0.8664614,0.4913838,,1.283294244442761,0.5306521439865888,0.20032606402000003,3.471207324442816,-0.41810768928224773,-1.005780282126541,-0.40607334840981846,,-0.6830602772594094,-0.18273530526990034,0.18483539852000003,-3.392992975523088,-0.6956164203058572,1.2224554011260715,0.8765042588765424,,-0.06277949319423604,-0.05761550026989781,0.08432494304,-0.06639839657179906,,4.858151e-05,2.4437904e-06,-2.503395e-06,0.99999994,-2.8692186e-05,-2.5428832e-05,2.8692186e-05,1.0,-3.3974648e-06,2.5428832e-05,3.427267e-06,1.0,326,0.992,1,1,0.067,False,-0.25773323775690704,1.0507702725789931
0.9587246479932219,19:16:39.388453,19:16:29.495211,0,,0.11993237,4.632771e-05,0.03821133,0.6081463,0.6959507,-0.38185126,0.1746104,0.35197067,0.9195802,0.77438307,-0.6259145,0.09252939,,0.015279993,-0.008846514,0.024012864,-0.55700403,0.35718578,0.7497765,0.49848273,-0.5783036,0.6458174,0.66427517,0.7334734,0.14406651,,0.105163865,1.3401133,0.4406428,0.9942821,0.013523029,-0.105925545,-0.05990901,-0.7504952,-0.6581549,-0.08839686,0.6607376,-0.74539375,,-0.089044794,0.26518095,-0.09290643,-0.6750007,-0.61399794,0.40912166,0.62765646,-0.18637384,0.7558519,-0.38784197,0.76698846,0.51118225,,0.016984247,0.4102392,-0.34981054,0.46597612,-0.39990503,-0.7892669,0.88037646,0.29861683,0.36846346,0.088337995,-0.86654717,0.4912153,,1.2860049236816138,0.5270919641315712,0.20037273046,3.391525145918697,-0.4631977342048431,-0.9668070479229263,-0.4057466602775497,,-0.6831375045881517,-0.18276619620139725,0.18483928739000002,-3.3925735956361196,-0.6956164203058572,1.2222920436457905,0.8765042588765425,,-0.06277949319423604,-0.05761550026989781,0.08432494304,-0.06639839657179906,,4.858151e-05,2.4437904e-06,-2.503395e-06,0.99999994,-2.8692186e-05,-2.5428832e-05,2.8692186e-05,1.0,-3.3974648e-06,2.5428832e-05,3.427267e-06,1.0,334,1.017,1,1,0.092,False,-0.2571374605716965,1.051108233984449
1.0331687800353393,19:16:39.424751,19:16:29.642706,0,,0.11972928,4.7251582e-05,0.038268432,0.57905114,0.71806717,-0.38610747,0.17453891,0.35342133,0.91903734,0.7963892,-0.59956044,0.079318315,,0.015284963,-0.008849032,0.024012089,-0.55687594,0.3570335,0.74994415,0.49856716,-0.5784632,0.64560914,0.66431916,0.7334217,0.14412715,,0.105163865,1.3401133,0.4406428,0.9942821,0.013523029,-0.105925545,-0.05990901,-0.7504952,-0.6581549,-0.08839686,0.6607376,-0.74539375,,-0.08884861,0.26522747,-0.09296856,-0.64829475,-0.6385709,0.41465783,0.64347136,-0.16838488,0.74672025,-0.40701175,0.7509152,0.5200651,,0.01697949,0.41023678,-0.3498123,0.46584064,-0.3997412,-0.78942984,0.8804429,0.2985084,0.36839244,0.088389814,-0.86666006,0.49100664,,1.2865764059143063,0.525670981282714,0.20040513771000001,3.357135995187235,-0.4850595741673136,-0.9462031061667199,-0.4070534128066239,,-0.6831529500539001,-0.18278936440001992,0.18484058368000003,-3.392363905692635,-0.6956164203058572,1.222373722385931,0.8763409148104082,,-0.06277949319423604,-0.05761550026989781,0.08432494304,-0.06639839657179906,,4.858151e-05,2.4437904e-06,-2.503395e-06,0.99999994,-2.8692186e-05,-2.5428832e-05,2.8692186e-05,1.0,-3.3974648e-06,2.5428832e-05,3.427267e-06,1.0,352,1.074,1,1,0.149,False,-0.2568991496976123,1.0511565141852286
1.069461985025555,19:16:39.476660,19:16:29.642706,0,,0.119236425,1.9982457e-05,0.038340107,0.5040379,0.76772964,-0.39564705,0.17291406,0.35911873,0.9171339,0.8461952,-0.5306832,0.048258156,,0.015293926,-0.008867182,0.02400899,-0.5567429,0.3570339,0.7500427,0.49872625,-0.5784136,0.6455307,0.66431135,0.73346055,0.14396553,,0.105163865,1.3401133,0.4406428,0.9942821,0.013523029,-0.105925545,-0.05990901,-0.7504952,-0.6581549,-0.08839686,0.6607376,-0.74539375,,-0.08836705,0.26527357,-0.093090065,-0.5788052,-0.6946216,0.42718297,0.6785192,-0.11966341,0.72477055,-0.45232314,0.70935285,0.5405759,,0.016971726,0.410224,-0.34982628,0.46570176,-0.39974773,-0.78950846,0.8805021,0.2985666,0.36820382,0.08853223,-0.866637,0.49102172,,1.287317788270232,0.5220412968318284,0.20052698897000001,3.269695288754188,-0.5372547170777118,-0.8937583393976789,-0.4057466602775497,,-0.6831683955196486,-0.1829052053931333,0.18484058368000003,-3.3921542157491507,-0.6956164203058572,1.2222103649056497,0.8766676029426769,,-0.06277949319423604,-0.05761550026989781,0.08432494304,-0.06639839657179906,,4.858151e-05,2.4437904e-06,-2.503395e-06,0.99999994,-2.8692186e-05,-2.5428832e-05,2.8692186e-05,1.0,-3.3974648e-06,2.5428832e-05,3.427267e-06,1.0,365,1.115,1,1,0.19,False,-0.25642252794944387,1.0505771517758753
1.121346504020039,19:16:39.516501,19:16:29.642706,0,,0.1188494,-3.6597252e-05,0.03835623,0.4506667,0.7988782,-0.39836264,0.16827175,0.36222607,0.9167753,0.8766892,-0.48019332,0.028814614,,0.0153015405,-0.008886479,0.02400583,-0.5567316,0.35708997,0.7500243,0.49872124,-0.57838166,0.64556324,0.6643245,0.7334585,0.14391507,,0.105163865,1.3401133,0.4406428,0.9942821,0.013523029,-0.105925545,-0.05990901,-0.7504952,-0.6581549,-0.08839686,0.6607376,-0.74539375,,-0.08798635,0.2652568,-0.09317968,-0.52901447,-0.7305295,0.4318221,0.6975543,-0.084546134,0.7115265,-0.48328224,0.67762715,0.5543101,,0.016965343,0.4102108,-0.3498413,0.46568948,-0.3998047,-0.7894868,0.8805097,0.29857498,0.36817893,0.08852135,-0.86660784,0.49107513,,1.2876266975852009,0.5192842811957302,0.20062291443000002,3.2086755152001913,-0.5736000260153189,-0.8540746919771417,-0.4062366924759522,,-0.683183840985397,-0.1830287691191209,0.18484058368000003,-3.3921542157491507,-0.6957530568056227,1.2221584253290652,0.8763409148104081,,-0.06277949319423604,-0.05761550026989781,0.08432494304,-0.06639839657179906,,4.858151e-05,2.4437904e-06,-2.503395e-06,0.99999994,-2.8692186e-05,-2.5428832e-05,2.8692186e-05,1.0,-3.3974648e-06,2.5428832e-05,3.427267e-06,1.0,378,1.156,1,1,0.231,False,-0.2575545046013441,1.0506737121774343
1.1612189860315993,19:16:39.556580,19:16:29.761624,0,,0.11855057,-0.0001116544,0.03834416,0.4138545,0.8192986,-0.3968299,0.16214523,0.36260098,0.9177307,0.8957864,-0.44415104,0.017218709,,0.015313581,-0.008905701,0.024003327,-0.5567407,0.3570158,0.75005305,0.49882048,-0.57832736,0.64553523,0.6642424,0.73353744,0.14389162,,0.105163865,1.3401133,0.4406428,0.9942821,0.013523029,-0.105925545,-0.05990901,-0.7504952,-0.6581549,-0.08839686,0.6607376,-0.74539375,,-0.08769126,0.26520413,-0.093251996,-0.49460074,-0.7544361,0.43150476,0.7072201,-0.06077348,0.7043766,-0.50518304,0.653554,0.5636109,,0.016954513,0.41019765,-0.34985647,0.4657019,-0.39974114,-0.78951174,0.8804903,0.29867798,0.36814162,0.088648416,-0.8666017,0.49106312,,1.287773429509811,0.5171296387238217,0.20069291409,3.1673665963337405,-0.5998342339702836,-0.8242695442329507,-0.4057466602775497,,-0.6832224546497682,-0.18315233284510848,0.18484058368000003,-3.3921542157491507,-0.6957530568056227,1.2221584253290652,0.8763409148104081,,-0.06277949319423604,-0.05761550026989781,0.08432494304,-0.06639839657179906,,4.858151e-05,2.4437904e-06,-2.503395e-06,0.99999994,-2.8692186e-05,-2.5428832e-05,2.8692186e-05,1.0,-3.3974648e-06,2.5428832e-05,3.427267e-06,1.0,387,1.185,1,1,0.26,False,-0.25779281547542787,1.0507702725789931
