camera_matrix:
- - 1573.3773193359375
  - 0.0
  - 563.46044921875
- - 0.0
  - 1571.1005859375
  - 521.8172607421875
- - 0.0
  - 0.0
  - 1.0
dist_coeff:
- - -0.2287464290857315
  - 0.015529300086200237
  - -0.004933755379170179
  - 0.0003425481263548136
  - 0.7292879223823547
mean reprojection error:
- 0.20151844773190633
