camera_matrix:
- - 1553.1112060546875
  - 0.0
  - 563.9910278320312
- - 0.0
  - 1551.089599609375
  - 526.545654296875
- - 0.0
  - 0.0
  - 1.0
dist_coeff:
- - -0.21850430965423584
  - -0.017466481775045395
  - -0.005264460574835539
  - 0.00024830273468978703
  - 0.7480190396308899
mean reprojection error:
- 0.200298618852129
