Task Time,PC1 Time,PC2 Time,Gaze Calib,s_T_psm1,Tx,Ty,Tz,R00,R01,R02,R10,R11,R12,R20,R21,R22,s_T_psm3,Tx,Ty,Tz,R00,R01,R02,R10,R11,R12,R20,R21,R22,cart_T_ecm,Tx,Ty,Tz,R00,R01,R02,R10,R11,R12,R20,R21,R22,ecm_T_psm1,Tx,Ty,Tz,R00,R01,R02,R10,R11,R12,R20,R21,R22,ecm_T_psm3,Tx,Ty,Tz,R00,R01,R02,R10,R11,R12,R20,R21,R22,psm1_joints,q1,q2,q3,q4,q5,q6,jaw,psm3_joints,q1,q2,q3,q4,q5,q6,jaw,ecm_joints,q1,q2,q3,q4,ecmi_T_ecm,Tx,Ty,Tz,R00,R01,R02,R10,R11,R12,R20,R21,R22,Sample #,Task Duration (s),Collisions (binary),Collisions (increments),Cumulative Collision Time (s),Clutch Press,MTMR Angle,MTML Angle
""
lci_T_si,,,,,-0.06259683,0.01659313,0.23760831,0.9956777,0.007211218,0.092595145,0.06714547,-0.7446932,-0.6640207,0.064166576,0.667368,-0.7419586
rci_T_si,,,,,-0.07226873,0.020610977,0.24667586,0.9915926,-0.008221844,0.1291379,0.082045324,-0.731784,-0.6765802,0.100063786,0.681487,-0.724957
ecm_T_lc,,,,,-4.4061628e-05,-0.00034663224,-0.01840835,-0.99912,0.030754527,0.028518902,-0.031987965,-0.99852574,-0.043852776,0.027128186,-0.04472645,0.9986309
ecm_T_rc,,,,,-0.0043358393,0.01870579,-0.007592615,-0.99555075,-0.052743673,-0.078081585,0.04863213,-0.9973746,0.053654674,-0.08070653,0.04961868,0.9955021
cart_T_ecmi,,,,,0.107138716,1.3441325,0.44329387,0.9957932,0.018087745,-0.08982618,-0.04455919,-0.76100624,-0.64721245,-0.0800649,0.64849234,-0.7569989
ecmac_T_ecmrep_psm1,,,,,0.009765618,-0.25445068,-0.30803946,0.99882644,0.038876563,0.028886087,-0.03766685,0.99843633,-0.041304655,-0.030446703,0.040168133,0.99872893
ecmac_T_ecmrep_psm3,,,,,-0.021997124,-0.45765886,-0.55608475,0.99248636,-0.054456197,0.10956896,0.02285623,0.96224946,0.27120772,-0.12020161,-0.2666656,0.9562641
""
0,13:42:19.864411,NaN,0,,0.120859936,-0.00031845272,0.02172403,-0.9565045,-0.23748489,-0.16941035,-0.15595618,-0.07448146,0.98495173,-0.2465291,0.9685315,0.034204572,,0.0699762,-0.007550083,0.022735119,-0.66590375,-0.50374466,0.55028474,-0.050447345,0.7663263,0.64046776,-0.7443299,0.39872953,-0.5357121,,0.10708501,1.3441337,0.44330195,0.9957963,0.018141525,-0.08978044,-0.044488814,-0.761005,-0.6472188,-0.0800649,0.64849234,-0.7569989,,-0.08656662,0.25601912,-0.08548378,0.9747722,0.1528248,0.16267656,-0.22244753,0.60529345,0.7642885,0.018335178,-0.7811942,0.6240188,,-0.032387953,0.40044308,-0.35013235,0.7302442,0.37651223,-0.5700718,-0.5758341,0.7882359,-0.21702363,0.36763903,0.48674703,0.7924133,,0.8996443207170358,0.3412598429791069,0.19816514859,0.818210159476614,0.10493683181985826,1.1184573583731763,-0.42028428216350056,,-0.9150125591367426,-0.20932467455585532,0.20563437157000003,1.5351400762502028,0.27750873102360957,0.3519957177877488,0.8634367335858,,-0.04730714937530631,-0.07404341185429444,0.0795457676,-0.07163176773016745,,-5.4180622e-05,3.33786e-06,-2.026558e-06,1.0,5.349517e-05,4.582852e-05,-5.3498894e-05,0.99999994,5.632639e-06,-4.582107e-05,-5.6922436e-06,1.0,38,0.113,0,0,0.0,False,-0.26297607698675796,1.0372035361599652
0.12275207100901753,13:42:19.905474,13:42:05.888633,0,,0.12083402,-0.00049200654,0.022021323,-0.95701337,-0.23763789,-0.16629377,-0.15294155,-0.073694706,0.9854835,-0.24644323,0.96855414,0.0341821,,0.06997197,-0.007551454,0.022733629,-0.6659753,-0.50363064,0.5503026,-0.050269544,0.7663191,0.6404904,-0.74427795,0.39888728,-0.5356669,,0.10708501,1.3441337,0.44330195,0.9957963,0.018141525,-0.08978044,-0.044488814,-0.761005,-0.6472188,-0.0800649,0.64849234,-0.7569989,,-0.08656604,0.2560902,-0.08582158,0.97526205,0.15297276,0.15957199,-0.22012141,0.6059019,0.7644799,0.02025963,-0.7806934,0.6245857,,-0.032383483,0.4004417,-0.35013252,0.73029023,0.3763863,-0.5700961,-0.5756921,0.7883527,-0.21697596,0.36777,0.4866552,0.79240894,,0.8997447162444008,0.3411440019859935,0.19782552061000003,0.8207264387984283,0.10643983331727812,1.1179668700937808,-0.4194675618328291,,-0.9149893909381199,-0.20932467455585532,0.20563307528000002,1.5353497661936872,0.27750873102360957,0.3520773965278893,0.8626200132551288,,-0.04730714937530631,-0.07404341185429444,0.0795457676,-0.07163176773016745,,-5.4180622e-05,3.33786e-06,-2.026558e-06,1.0,5.349517e-05,4.582852e-05,-5.3498894e-05,0.99999994,5.632639e-06,-4.582107e-05,-5.6922436e-06,1.0,49,0.146,0,0,0.0,False,-0.2636314318904893,1.0365276133490526
0.16380757500883192,13:42:19.942451,13:42:05.888633,0,,0.12083712,-0.00063446164,0.022250265,-0.95755565,-0.23722419,-0.16374342,-0.15055129,-0.07282585,0.98591614,-0.24580789,0.9687213,0.034020334,,0.06997025,-0.007552497,0.022733748,-0.6660371,-0.5034725,0.5503725,-0.050083846,0.766365,0.64044994,-0.7442352,0.39899862,-0.53564334,,0.10708501,1.3441337,0.44330195,0.9957963,0.018141525,-0.08978044,-0.044488814,-0.761005,-0.6472188,-0.0800649,0.64849234,-0.7569989,,-0.086588524,0.256137,-0.08608619,0.9757396,0.15254335,0.15704393,-0.2178902,0.6066335,0.7645389,0.021357216,-0.7802092,0.625154,,-0.032381665,0.40044153,-0.35013342,0.7303266,0.37621483,-0.57016265,-0.5755553,0.78845006,-0.21698503,0.36791182,0.4866301,0.7923585,,0.8996674889156585,0.34109766558874816,0.19755718858000001,0.8232427181202427,0.10698637931633988,1.117521198478995,-0.4194675618328291,,-0.9149816682052457,-0.20932467455585532,0.20563177899,1.535559456137172,0.27750873102360957,0.3520773965278893,0.8626200132551288,,-0.04730714937530631,-0.07404341185429444,0.0795457676,-0.07163176773016745,,-5.4180622e-05,3.33786e-06,-2.026558e-06,1.0,5.349517e-05,4.582852e-05,-5.3498894e-05,0.99999994,5.632639e-06,-4.582107e-05,-5.6922436e-06,1.0,61,0.183,0,0,0.0,False,-0.2626186106756321,1.0368172945537295
0.20078818598994985,13:42:19.975155,13:42:05.888633,0,,0.12091683,-0.0007954538,0.02255398,-0.95622927,-0.2460052,-0.15845205,-0.14539044,-0.07049972,0.98685926,-0.25394338,0.96670115,0.031647086,,0.069966644,-0.007556252,0.022731721,-0.6660507,-0.5034656,0.55036235,-0.05009982,0.76637316,0.640439,-0.7442219,0.3989918,-0.5356669,,0.10708501,1.3441337,0.44330195,0.9957963,0.018141525,-0.08978044,-0.044488814,-0.761005,-0.6472188,-0.0800649,0.64849234,-0.7569989,,-0.08669376,0.25621533,-0.08641379,0.97510743,0.16145907,0.15197536,-0.2195672,0.6075433,0.7633357,0.030915862,-0.7777031,0.62787104,,-0.032377496,0.40043843,-0.35013545,0.73034066,0.37620765,-0.57014936,-0.5755501,0.78844726,-0.21700934,0.36789215,0.48664024,0.79236144,,0.899582538854042,0.34103588372575433,0.19722663463,0.8236620980072117,0.11668757079968614,1.1140211792841395,-0.41816080930375477,,-0.914958500006623,-0.2093401200216038,0.20563048270000003,1.535559456137172,0.27750873102360957,0.3520773965278893,0.8626200132551288,,-0.04730714937530631,-0.07404341185429444,0.0795457676,-0.07163176773016745,,-5.4180622e-05,3.33786e-06,-2.026558e-06,1.0,5.349517e-05,4.582852e-05,-5.3498894e-05,0.99999994,5.632639e-06,-4.582107e-05,-5.6922436e-06,1.0,72,0.216,0,0,0.0,False,-0.2631548101423209,1.037396656963083
0.23347588599426672,13:42:20.006457,13:42:05.888633,0,,0.12105654,-0.00089918077,0.022813603,-0.9525196,-0.2623952,-0.15445116,-0.13924533,-0.07570627,0.98735964,-0.27077138,0.96198606,0.035574287,,0.06996751,-0.0075546578,0.022732854,-0.66604626,-0.50342387,0.5504058,-0.05009377,0.7664212,0.64038193,-0.7442262,0.39895207,-0.5356904,,0.10708501,1.3441337,0.44330195,0.9957963,0.018141525,-0.08978044,-0.044488814,-0.761005,-0.6472188,-0.0800649,0.64849234,-0.7569989,,-0.086855136,0.2563031,-0.08666664,0.97285175,0.1782127,0.14764738,-0.22645748,0.6015228,0.7660857,0.04771293,-0.77872366,0.62555015,,-0.032378633,0.40044007,-0.35013467,0.730336,0.3761644,-0.5701838,-0.5755514,0.78843135,-0.2170635,0.36789927,0.4866994,0.7923218,,0.899582538854042,0.3409663791298863,0.19697515437000002,0.8203070589114594,0.13472358876872428,1.1163848726855892,-0.4179974652376204,,-0.9149662227394972,-0.20933239728872957,0.20563048270000003,1.535559456137172,0.27750873102360957,0.35199571778774874,0.8627833573212631,,-0.04730714937530631,-0.07404341185429444,0.0795457676,-0.07163176773016745,,-5.4180622e-05,3.33786e-06,-2.026558e-06,1.0,5.349517e-05,4.582852e-05,-5.3498894e-05,0.99999994,5.632639e-06,-4.582107e-05,-5.6922436e-06,1.0,84,0.253,0,0,0.0,False,-0.2635718541719685,1.0364793331482736
0.2647776799858548,13:42:20.044406,13:42:06.024540,0,,0.12110679,-0.0010415167,0.023104906,-0.9509181,-0.2690168,-0.15292095,-0.13554712,-0.082128584,0.98736095,-0.2781759,0.95962733,0.04163295,,0.06996587,-0.0075533167,0.022732377,-0.66605157,-0.5033813,0.55043846,-0.050095648,0.7664685,0.64032525,-0.7442215,0.398915,-0.53572464,,0.10708501,1.3441337,0.44330195,0.9957963,0.018141525,-0.08978044,-0.044488814,-0.761005,-0.6472188,-0.0800649,0.64849234,-0.7569989,,-0.08693,0.25638875,-0.08697436,0.9718867,0.18503428,0.14559746,-0.22874926,0.5955814,0.7700367,0.055768043,-0.7816937,0.62116414,,-0.032377113,0.4004405,-0.3501332,0.73034096,0.3761202,-0.5702067,-0.5755475,0.7884172,-0.2171253,0.36789554,0.48675653,0.7922884,,0.8996211525184131,0.34091231999976673,0.19666404477000002,0.8196779890810056,0.1431950517541816,1.1217287736774955,-0.41897752963442625,,-0.914958500006623,-0.20932467455585532,0.20563048270000003,1.535559456137172,0.27750873102360957,0.35191403904760815,0.8629467013873974,,-0.04730714937530631,-0.07404341185429444,0.0795457676,-0.07163176773016745,,-5.4180622e-05,3.33786e-06,-2.026558e-06,1.0,5.349517e-05,4.582852e-05,-5.3498894e-05,0.99999994,5.632639e-06,-4.582107e-05,-5.6922436e-06,1.0,92,0.277,0,0,0.0,False,-0.2632143878608417,1.036865574754509
0.3027430509973783,13:42:20.064105,13:42:06.024540,0,,0.121100724,-0.001140967,0.02327761,-0.9506739,-0.26991934,-0.15284874,-0.13550931,-0.08186129,0.9873884,-0.2790276,0.9593968,0.041246623,,0.06996688,-0.007555075,0.022733927,-0.66604626,-0.5033789,0.550447,-0.05009377,0.76647353,0.64031935,-0.7442262,0.39890838,-0.535723,,0.10708501,1.3441337,0.44330195,0.9957963,0.018141525,-0.08978044,-0.044488814,-0.761005,-0.6472188,-0.0800649,0.64849234,-0.7569989,,-0.086938635,0.25643054,-0.087169155,0.9717172,0.18595254,0.14555894,-0.22930424,0.5956806,0.7697949,0.056438677,-0.7814002,0.6214728,,-0.032378063,0.40044087,-0.35013554,0.730336,0.37611786,-0.57021457,-0.5755514,0.78841364,-0.21712789,0.36789927,0.4867641,0.79228204,,0.8996288752512873,0.3408659836025214,0.19646571240000002,0.8192586091940367,0.14401487075277425,1.1213053024757387,-0.4184874974360233,,-0.9149662227394972,-0.20933239728872957,0.20562918641000003,1.535559456137172,0.27750873102360957,0.35191403904760815,0.8629467013873974,,-0.04730714937530631,-0.07404341185429444,0.0795457676,-0.07163176773016745,,-5.4180622e-05,3.33786e-06,-2.026558e-06,1.0,5.349517e-05,4.582852e-05,-5.3498894e-05,0.99999994,5.632639e-06,-4.582107e-05,-5.6922436e-06,1.0,99,0.299,0,0,0.0,False,-0.26333354329788383,1.03676901435295
0.32244366200757213,13:42:20.087283,13:42:06.024540,0,,0.12111242,-0.0013007522,0.023559779,-0.9497816,-0.27382442,-0.15144357,-0.13464478,-0.079250365,0.98771966,-0.28246373,0.95850897,0.038401455,,0.06996727,-0.0075564906,0.022733629,-0.6660459,-0.5033311,0.55049115,-0.050095856,0.7665305,0.640251,-0.7442265,0.3988592,-0.53575927,,0.10708501,1.3441337,0.44330195,0.9957963,0.018141525,-0.08978044,-0.044488814,-0.761005,-0.6472188,-0.0800649,0.64849234,-0.7569989,,-0.086974256,0.25649947,-0.0874842,0.9711235,0.18991162,0.1444048,-0.23100902,0.5972626,0.7680574,0.05961543,-0.7792374,0.62388706,,-0.032378256,0.40043983,-0.35013664,0.7303359,0.3760684,-0.57024735,-0.5755527,0.7883932,-0.21719871,0.36789757,0.4868354,0.792239,,0.8996211525184131,0.34078103354090494,0.19614682506000003,0.818210159476614,0.1475674197466757,1.1180817220190695,-0.4191408737005604,,-0.9149662227394972,-0.2093401200216038,0.20562918641000003,1.535559456137172,0.27750873102360957,0.3518323603074676,0.862783357321263,,-0.04730714937530631,-0.07404341185429444,0.0795457676,-0.07163176773016745,,-5.4180622e-05,3.33786e-06,-2.026558e-06,1.0,5.349517e-05,4.582852e-05,-5.3498894e-05,0.99999994,5.632639e-06,-4.582107e-05,-5.6922436e-06,1.0,111,0.335,0,0,0.0,False,-0.26351227645344677,1.0364793331482736
0.3455426919972524,13:42:20.115388,13:42:06.024540,0,,0.12115544,-0.0013868362,0.023751378,-0.94763136,-0.28129727,-0.15121685,-0.1342249,-0.07884076,0.98780954,-0.28979018,0.95637643,0.03695485,,0.06996665,-0.007556908,0.022734702,-0.6660459,-0.5033311,0.55049115,-0.050095856,0.7665305,0.640251,-0.7442265,0.3988592,-0.53575927,,0.10708501,1.3441337,0.44330195,0.9957963,0.018141525,-0.08978044,-0.044488814,-0.761005,-0.6472188,-0.0800649,0.64849234,-0.7569989,,-0.08703345,0.2565608,-0.087680936,0.9696155,0.19753991,0.1443041,-0.23571573,0.5965955,0.7671453,0.06545062,-0.7778507,0.6250316,,-0.032377686,0.40044063,-0.35013747,0.7303359,0.3760684,-0.57024735,-0.5755527,0.7883932,-0.21719871,0.36789757,0.4868354,0.792239,,0.8996443207170358,0.3407424198765338,0.19594849269000003,0.8146454304373772,0.1543992447349477,1.1161046914004331,-0.4197942499650975,,-0.9149662227394972,-0.2093401200216038,0.20562789012000002,1.535559456137172,0.27750873102360957,0.3518323603074676,0.862783357321263,,-0.04730714937530631,-0.07404341185429444,0.0795457676,-0.07163176773016745,,-5.4180622e-05,3.33786e-06,-2.026558e-06,1.0,5.349517e-05,4.582852e-05,-5.3498894e-05,0.99999994,5.632639e-06,-4.582107e-05,-5.6922436e-06,1.0,115,0.347,0,0,0.0,False,-0.26428678679422024,1.035706849935802
0.3737340559891891,13:42:20.144926,13:42:06.024540,0,,0.12129058,-0.0014949292,0.02405569,-0.9430515,-0.297785,-0.14824955,-0.12831387,-0.08553031,0.9880384,-0.3069029,0.9507936,0.042449445,,0.06996501,-0.0075556114,0.022734225,-0.66605115,-0.50333357,0.55048263,-0.050097704,0.7665255,0.6402569,-0.74422175,0.39886588,-0.53576094,,0.10708501,1.3441337,0.44330195,0.9957963,0.018141525,-0.08978044,-0.044488814,-0.761005,-0.6472188,-0.0800649,0.64849234,-0.7569989,,-0.08719412,0.25667542,-0.08797007,0.96651834,0.21447088,0.14087072,-0.24302234,0.58890104,0.770802,0.08235568,-0.779229,0.62130487,,-0.032376166,0.40044105,-0.35013604,0.73034084,0.37607077,-0.5702395,-0.57554877,0.7883968,-0.2171961,0.36789384,0.48682782,0.7922454,,0.8996983798471554,0.34072697441078537,0.19566201260000002,0.8106613215111712,0.1727085357035167,1.119797445057161,-0.41979424996509795,,-0.914958500006623,-0.20933239728872957,0.20562789012000002,1.535559456137172,0.27750873102360957,0.35183236030746756,0.8621299810567259,,-0.04730714937530631,-0.07404341185429444,0.0795457676,-0.07163176773016745,,-5.4180622e-05,3.33786e-06,-2.026558e-06,1.0,5.349517e-05,4.582852e-05,-5.3498894e-05,0.99999994,5.632639e-06,-4.582107e-05,-5.6922436e-06,1.0,127,0.384,0,0,0.0,False,-0.26434636451274196,1.036334492545935
0.4031794570037164,13:42:20.175153,13:42:06.154829,0,,0.121387616,-0.001548782,0.024288863,-0.9387781,-0.31115744,-0.14790787,-0.123391286,-0.097169966,0.9875891,-0.32166794,0.94537765,0.05282694,,0.069963366,-0.007554315,0.022733688,-0.6660564,-0.503246,0.55055636,-0.05009958,0.7666249,0.64013755,-0.744217,0.398785,-0.53582776,,0.10708501,1.3441337,0.44330195,0.9957963,0.018141525,-0.08978044,-0.044488814,-0.761005,-0.6472188,-0.0800649,0.64849234,-0.7569989,,-0.08731086,0.25678515,-0.08817261,0.96352595,0.22829954,0.13963172,-0.24947783,0.5774545,0.77737194,0.09684269,-0.78385305,0.61334807,,-0.032374647,0.4004415,-0.35013458,0.7303458,0.37597996,-0.570293,-0.5755449,0.7883648,-0.2173223,0.36789012,0.48694965,0.79217225,,0.8998991709018852,0.34075014260940806,0.19546108765000003,0.8068869025284497,0.18855836967630782,1.1287628705860469,-0.41914087370056063,,-0.9149507772737487,-0.20932467455585532,0.20562789012000002,1.535559456137172,0.27750873102360957,0.35166900282718644,0.8611499166599202,,-0.04730714937530631,-0.07404341185429444,0.0795457676,-0.07163176773016745,,-5.4180622e-05,3.33786e-06,-2.026558e-06,1.0,5.349517e-05,4.582852e-05,-5.3498894e-05,0.99999994,5.632639e-06,-4.582107e-05,-5.6922436e-06,1.0,135,0.408,0,0,0.0,False,-0.2632143878608417,1.0361896519435967
0.4334966400056146,13:42:20.197304,13:42:06.154829,0,,0.121390924,-0.0015734732,0.024419755,-0.9367806,-0.31642652,-0.14938663,-0.12283124,-0.10238832,0.98713166,-0.32765013,0.9430752,0.05704826,,0.06996524,-0.0075544342,0.02273637,-0.6660467,-0.5032469,0.5505672,-0.050091743,0.7666257,0.64013726,-0.7442261,0.39878243,-0.535817,,0.10708501,1.3441337,0.44330195,0.9957963,0.018141525,-0.08978044,-0.044488814,-0.761005,-0.6472188,-0.0800649,0.64849234,-0.7569989,,-0.08732541,0.25685397,-0.088285774,0.96205306,0.23376502,0.14074025,-0.25317428,0.5723627,0.7799383,0.10176782,-0.78597385,0.60982656,,-0.032376733,0.4004435,-0.35013613,0.7303362,0.37598097,-0.57030463,-0.57555014,0.7883631,-0.21731466,0.36790097,0.48695165,0.792166,,0.9001617438196089,0.34075014260940806,0.19534442155,0.8039512433196664,0.19443373916622175,1.1325481684418595,-0.4193042177666948,,-0.9149662227394972,-0.20932467455585532,0.20562659383,1.535559456137172,0.27750873102360957,0.3516690028271865,0.862129981056726,,-0.04730714937530631,-0.07404341185429444,0.0795457676,-0.07163176773016745,,-5.4180622e-05,3.33786e-06,-2.026558e-06,1.0,5.349517e-05,4.582852e-05,-5.3498894e-05,0.99999994,5.632639e-06,-4.582107e-05,-5.6922436e-06,1.0,150,0.453,0,0,0.0,False,-0.2636910096090097,1.0369621351560678
0.4556242940016091,13:42:20.239669,13:42:06.154829,0,,0.121276155,-0.0015936792,0.024657637,-0.9346146,-0.32176477,-0.15153532,-0.12360554,-0.10565168,0.98669106,-0.3334924,0.9409065,0.058971614,,0.06996453,-0.00755354,0.022736728,-0.66584307,-0.5035318,0.55055296,-0.050428778,0.7666017,0.6401396,-0.7443855,0.3984688,-0.53582895,,0.10708501,1.3441337,0.44330195,0.9957963,0.018141525,-0.08978044,-0.044488814,-0.761005,-0.6472188,-0.0800649,0.64849234,-0.7569989,,-0.08723164,0.25700462,-0.08848245,0.9604044,0.23928156,0.14271541,-0.2577782,0.5688157,0.7810244,0.10570597,-0.7868882,0.6079747,,-0.032376148,0.4004443,-0.35013548,0.73018694,0.37629333,-0.57028973,-0.57588077,0.7881196,-0.21732184,0.36767977,0.48710445,0.79217476,,0.9011193626960127,0.3407192516779111,0.19513053370000003,0.7995477545064913,0.20003583565660482,1.1336975462001457,-0.41963090589896357,,-0.914958500006623,-0.20932467455585532,0.20562659383,1.5351400762502028,0.277645367523375,0.3515575849234901,0.862129981056726,,-0.04730714937530631,-0.07404341185429444,0.0795457676,-0.07163176773016745,,-5.4180622e-05,3.33786e-06,-2.026558e-06,1.0,5.349517e-05,4.582852e-05,-5.3498894e-05,0.99999994,5.632639e-06,-4.582107e-05,-5.6922436e-06,1.0,158,0.478,0,0,0.0,False,-0.26351227645344677,1.0369621351560678
0.49798766401363537,13:42:20.268435,13:42:06.154829,0,,0.12119216,-0.0016148835,0.024858087,-0.9331379,-0.32596192,-0.1516656,-0.1231036,-0.10666126,0.9866452,-0.3377856,0.9393467,0.059402436,,0.069964916,-0.0075549856,0.02273637,-0.66584265,-0.5034841,0.5505972,-0.050430894,0.76665866,0.64007115,-0.7443857,0.39841962,-0.5358652,,0.10708501,1.3441337,0.44330195,0.9957963,0.018141525,-0.08978044,-0.044488814,-0.761005,-0.6472188,-0.0800649,0.64849234,-0.7569989,,-0.08716529,0.2571277,-0.08865016,0.95930403,0.24360137,0.14280798,-0.26035938,0.5672792,0.7812857,0.10931027,-0.78667194,0.60761714,,-0.03237634,0.40044326,-0.35013658,0.73018676,0.37624392,-0.5703226,-0.575882,0.78809917,-0.21739264,0.36767808,0.48717573,0.7921317,,0.9018607450519383,0.3407192516779111,0.19494905310000002,0.7972411651281616,0.20468147664862982,1.1332581658202303,-0.41963090589896335,,-0.914958500006623,-0.20933239728872957,0.20562659383,1.5351400762502028,0.277645367523375,0.35147590618334956,0.8619666369905916,,-0.04730714937530631,-0.07404341185429444,0.0795457676,-0.07163176773016745,,-5.4180622e-05,3.33786e-06,-2.026558e-06,1.0,5.349517e-05,4.582852e-05,-5.3498894e-05,0.99999994,5.632639e-06,-4.582107e-05,-5.6922436e-06,1.0,170,0.515,0,0,0.0,False,-0.26422720907569985,1.0365276133490526
0.5267345980100799,13:42:20.304379,13:42:06.154829,0,,0.12116735,-0.001633048,0.025085568,-0.9295664,-0.33619994,-0.15124802,-0.12108391,-0.10907349,0.9866314,-0.34820256,0.9354531,0.060682654,,0.0699653,-0.007556431,0.022736073,-0.66584224,-0.5035712,0.550518,-0.05043298,0.76655877,0.64019066,-0.74438596,0.39850175,-0.53580374,,0.10708501,1.3441337,0.44330195,0.9957963,0.018141525,-0.08978044,-0.044488814,-0.761005,-0.6472188,-0.0800649,0.64849234,-0.7569989,,-0.087160245,0.2572675,-0.08883217,0.95664304,0.25414613,0.14228098,-0.26602638,0.56350935,0.7821044,0.11859212,-0.78604513,0.60668683,,-0.03237653,0.4004422,-0.35013768,0.73018664,0.37633422,-0.57026315,-0.5758833,0.788132,-0.2172703,0.36767638,0.4870529,0.792208,,0.9025557910106184,0.3407192516779111,0.19475979476000002,0.7928376763149867,0.21561239662986503,1.1330026799794162,-0.41946756183282896,,-0.914958500006623,-0.2093401200216038,0.20562659383,1.5351400762502028,0.277645367523375,0.35163926366363063,0.8622933251228602,,-0.04730714937530631,-0.07404341185429444,0.0795457676,-0.07163176773016745,,-5.4180622e-05,3.33786e-06,-2.026558e-06,1.0,5.349517e-05,4.582852e-05,-5.3498894e-05,0.99999994,5.632639e-06,-4.582107e-05,-5.6922436e-06,1.0,178,0.539,0,0,0.0,False,-0.26339312101640555,1.036334492545935
0.5627120519930031,13:42:20.328652,13:42:06.298407,0,,0.12116043,-0.0016766042,0.025261968,-0.9275591,-0.34182945,-0.1509523,-0.11923901,-0.11209074,0.98651785,-0.35414127,0.93305314,0.06321129,,0.06996256,-0.0075585768,0.022735178,-0.6658515,-0.50361246,0.5504691,-0.050442874,0.76651037,0.6402479,-0.744377,0.3985427,-0.5357857,,0.10708501,1.3441337,0.44330195,0.9957963,0.018141525,-0.08978044,-0.044488814,-0.761005,-0.6472188,-0.0800649,0.64849234,-0.7569989,,-0.087168515,0.25735328,-0.08899228,0.9551526,0.25997213,0.14176743,-0.26874053,0.5600084,0.78368944,0.124346465,-0.78664166,0.6047585,,-0.0323735,0.40044075,-0.35013893,0.73019606,0.37637696,-0.57022285,-0.57587934,0.78814876,-0.21722,0.36766383,0.48699275,0.7922508,,0.9029033139899586,0.3407038062121627,0.19459646222000002,0.7909504668236259,0.22217094861860617,1.1346789922540763,-0.41946756183282896,,-0.9149430545408745,-0.20934784275447801,0.20562529754000003,1.5351400762502028,0.277645367523375,0.35172094240377116,0.8621299810567259,,-0.04730714937530631,-0.07404341185429444,0.0795457676,-0.07163176773016745,,-5.4180622e-05,3.33786e-06,-2.026558e-06,1.0,5.349517e-05,4.582852e-05,-5.3498894e-05,0.99999994,5.632639e-06,-4.582107e-05,-5.6922436e-06,1.0,193,0.584,0,0,0.0,False,-0.2632143878608417,1.0356585697350225
0.5869956350070424,13:42:20.375697,13:42:06.298407,0,,0.12110706,-0.0018460006,0.025774702,-0.92435515,-0.35071692,-0.15021683,-0.11764273,-0.11253822,0.9866586,-0.362943,0.92969495,0.0627659,,0.06996069,-0.007559143,0.022735417,-0.66585624,-0.503657,0.55042255,-0.05044684,0.7664577,0.6403106,-0.7443725,0.39858776,-0.5357585,,0.10708501,1.3441337,0.44330195,0.9957963,0.018141525,-0.08978044,-0.044488814,-0.761005,-0.6472188,-0.0800649,0.64849234,-0.7569989,,-0.08715926,0.25757286,-0.089488395,0.95271903,0.26911876,0.14107293,-0.27362195,0.5579728,0.7834522,0.13212684,-0.78501046,0.6052281,,-0.032371603,0.40044093,-0.35013944,0.7302008,0.37642303,-0.5701863,-0.5758768,0.78816736,-0.21715944,0.3676584,0.48692703,0.7922937,,0.9036369736130099,0.3407346971436596,0.19408183509000002,0.78696635789742,0.23146223060265614,1.132656729132278,-0.4197942499650975,,-0.9149353318080004,-0.20934784275447801,0.20562400125000002,1.5351400762502028,0.277645367523375,0.35180262114391175,0.8616399488583232,,-0.04730714937530631,-0.07404341185429444,0.0795457676,-0.07163176773016745,,-5.4180622e-05,3.33786e-06,-2.026558e-06,1.0,5.349517e-05,4.582852e-05,-5.3498894e-05,0.99999994,5.632639e-06,-4.582107e-05,-5.6922436e-06,1.0,201,0.609,0,0,0.0,False,-0.26297607698675796,1.0357551301365815
0.6340405980008654,13:42:20.399420,13:42:06.298407,0,,0.12110841,-0.0019182414,0.025970817,-0.9228182,-0.3550039,-0.14959562,-0.1164187,-0.11317438,0.98673093,-0.36722377,0.92798907,0.0631102,,0.06995568,-0.007559724,0.022732139,-0.66587543,-0.5036103,0.55044204,-0.050462514,0.7665084,0.6402486,-0.74435425,0.39854914,-0.5358125,,0.10708501,1.3441337,0.44330195,0.9957963,0.018141525,-0.08978044,-0.044488814,-0.761005,-0.6472188,-0.0800649,0.64849234,-0.7569989,,-0.087177396,0.25765,-0.0896818,0.9515552,0.27353948,0.14042395,-0.27566236,0.55662143,0.78369814,0.13620941,-0.78444165,0.6050606,,-0.03236629,0.40043852,-0.35013804,0.73022,0.37637448,-0.5701938,-0.5758663,0.788153,-0.2172391,0.3676367,0.48698774,0.7922665,,0.9038300419348655,0.3407346971436596,0.19388479901000003,0.7854985282930282,0.23610787159468108,1.132299027492503,-0.4191408737005604,,-0.9149044408765035,-0.20934784275447801,0.20562400125000002,1.5351400762502028,0.277645367523375,0.3517209424037712,0.8614766047921888,,-0.04730714937530631,-0.07404341185429444,0.0795457676,-0.07163176773016745,,-5.4180622e-05,3.33786e-06,-2.026558e-06,1.0,5.349517e-05,4.582852e-05,-5.3498894e-05,0.99999994,5.632639e-06,-4.582107e-05,-5.6922436e-06,1.0,213,0.646,0,0,0.0,False,-0.26327396557936344,1.0345481251170952
0.6577359930088278,13:42:20.429893,13:42:06.298407,0,,0.12112202,-0.0020424873,0.026317492,-0.91953015,-0.36317134,-0.15023594,-0.1136754,-0.12015948,0.98622483,-0.37622088,0.9239416,0.069206536,,0.06995545,-0.0075616017,0.022732913,-0.665875,-0.5037873,0.5502806,-0.05046463,0.76630384,0.6404933,-0.74435455,0.39871877,-0.535686,,0.10708501,1.3441337,0.44330195,0.9957963,0.018141525,-0.08978044,-0.044488814,-0.761005,-0.6472188,-0.0800649,0.64849234,-0.7569989,,-0.087220624,0.25778824,-0.09002066,0.9490512,0.28204936,0.14053474,-0.27982765,0.54922897,0.78742874,0.14490801,-0.7866357,0.6001716,,-0.032365914,0.40043825,-0.35014,0.73021984,0.37655792,-0.5700729,-0.5758676,0.78822124,-0.21698801,0.367635,0.48673546,0.7924223,,0.9041775649142056,0.3407192516779111,0.19354257845000003,0.7825628690842449,0.2459456995777928,1.137345536848851,-0.41897752963442625,,-0.9149044408765035,-0.20935556548735224,0.20562270496,1.5351400762502028,0.277645367523375,0.3520476573643334,0.860496540395383,,-0.04730714937530631,-0.07404341185429444,0.0795457676,-0.07163176773016745,,-5.4180622e-05,3.33786e-06,-2.026558e-06,1.0,5.349517e-05,4.582852e-05,-5.3498894e-05,0.99999994,5.632639e-06,-4.582107e-05,-5.6922436e-06,1.0,221,0.67,0,0,0.0,False,-0.2637505873275314,1.0339204825069621
0.6882367999933194,13:42:20.458580,13:42:06.298407,0,,0.12115671,-0.0021698922,0.026713401,-0.91546124,-0.37388352,-0.1488013,-0.107530445,-0.12904322,0.98579156,-0.38777298,0.91845465,0.07793012,,0.06995631,-0.0075599775,0.022734046,-0.66587055,-0.50383556,0.55024177,-0.05045858,0.7662473,0.64056146,-0.74435884,0.39876658,-0.53564435,,0.10708501,1.3441337,0.44330195,0.9957963,0.018141525,-0.08978044,-0.044488814,-0.761005,-0.6472188,-0.0800649,0.64849234,-0.7569989,,-0.08728912,0.25795573,-0.090396725,0.94598,0.2932252,0.13835031,-0.28321955,0.5396202,0.7928409,0.15782431,-0.7891952,0.59351707,,-0.032367047,0.40043992,-0.35013926,0.7302152,0.37660784,-0.5700459,-0.5758689,0.7882408,-0.21691339,0.36764213,0.48666516,0.79246217,,0.9046254834209106,0.3407346971436596,0.19316665435000002,0.7810950394798533,0.2598826225538677,1.144276948463302,-0.418160809303755,,-0.9149121636093777,-0.20934784275447801,0.20562270496,1.5351400762502028,0.277645367523375,0.35212933610447394,0.8603331963292487,,-0.04730714937530631,-0.07404341185429444,0.0795457676,-0.07163176773016745,,-5.4180622e-05,3.33786e-06,-2.026558e-06,1.0,5.349517e-05,4.582852e-05,-5.3498894e-05,0.99999994,5.632639e-06,-4.582107e-05,-5.6922436e-06,1.0,229,0.695,0,0,0.0,False,-0.2626781883941529,1.0339204825069621
0.7169181370118167,13:42:20.481091,13:42:06.461320,0,,0.12116489,-0.0022587776,0.027042508,-0.9106245,-0.38559884,-0.14858112,-0.10381246,-0.1345582,0.98545265,-0.39998218,0.912802,0.08250195,,0.06995568,-0.007559724,0.022732139,-0.66587543,-0.50388,0.55019516,-0.050462514,0.7661946,0.64062417,-0.74435425,0.39881164,-0.5356171,,0.10708501,1.3441337,0.44330195,0.9957963,0.018141525,-0.08978044,-0.044488814,-0.761005,-0.6472188,-0.0800649,0.64849234,-0.7569989,,-0.08732552,0.25810882,-0.09069925,0.9422087,0.30540407,0.13773552,-0.28889805,0.5324626,0.79562646,0.16964856,-0.7894377,0.58992153,,-0.03236629,0.40043852,-0.35013804,0.73022,0.37665388,-0.5700093,-0.5758663,0.7882594,-0.21685283,0.3676367,0.48659942,0.792505,,0.9051815201878548,0.3406729152806658,0.19286721136,0.7769012406101627,0.27340963603064633,1.1470502830811111,-0.419304217766695,,-0.9149044408765035,-0.20934784275447801,0.20562400125000002,1.5351400762502028,0.277645367523375,0.35221101484461453,0.8601698522631145,,-0.04730714937530631,-0.07404341185429444,0.0795457676,-0.07163176773016745,,-5.4180622e-05,3.33786e-06,-2.026558e-06,1.0,5.349517e-05,4.582852e-05,-5.3498894e-05,0.99999994,5.632639e-06,-4.582107e-05,-5.6922436e-06,1.0,240,0.728,0,0,0.0,False,-0.2631548101423209,1.0347895261209925
0.7394363149942365,13:42:20.512747,13:42:06.461320,0,,0.12113713,-0.0023515075,0.027412117,-0.90519124,-0.39795926,-0.14918813,-0.10021937,-0.14125991,0.9848865,-0.41301906,0.9064624,0.087983906,,0.06995799,-0.0075590983,0.022731781,-0.6659602,-0.50386584,0.5501057,-0.05050075,0.76617867,0.6406402,-0.74427587,0.39886016,-0.53568995,,0.10708501,1.3441337,0.44330195,0.9957963,0.018141525,-0.08978044,-0.044488814,-0.761005,-0.6472188,-0.0800649,0.64849234,-0.7569989,,-0.08732964,0.2582883,-0.091036536,0.9379152,0.318289,0.13786659,-0.29525757,0.52400446,0.79890066,0.18203859,-0.79000723,0.585449,,-0.032368608,0.40043822,-0.35013744,0.73030126,0.3766374,-0.56991607,-0.57580656,0.7882913,-0.2168956,0.36756885,0.48656052,0.7925604,,0.9059769616739,0.34055707428755244,0.19253276854,0.7718686819665341,0.287893105005783,1.1505955884357162,-0.41963090589896335,,-0.9149198863422519,-0.20934784275447801,0.20562529754000003,1.5351400762502028,0.27750873102360957,0.3522407540081704,0.8600065081969803,,-0.04730714937530631,-0.07404341185429444,0.0795457676,-0.07163176773016745,,-5.4180622e-05,3.33786e-06,-2.026558e-06,1.0,5.349517e-05,4.582852e-05,-5.3498894e-05,0.99999994,5.632639e-06,-4.582107e-05,-5.6922436e-06,1.0,248,0.752,0,0,0.0,False,-0.2630356547052788,1.0339204825069621
0.7710815010068472,13:42:20.542022,13:42:06.461320,0,,0.12114167,-0.0024039447,0.027742952,-0.8981427,-0.41464102,-0.14633015,-0.09273012,-0.14669278,0.98482597,-0.42981488,0.89808345,0.09330127,,0.069957316,-0.0075604096,0.022729695,-0.665875,-0.50306773,0.5509385,-0.05046463,0.7671402,0.6394913,-0.74435455,0.3980183,-0.5362066,,0.10708501,1.3441337,0.44330195,0.9957963,0.018141525,-0.08978044,-0.044488814,-0.761005,-0.6472188,-0.0800649,0.64849234,-0.7569989,,-0.08736269,0.25846982,-0.091316134,0.9323261,0.33565176,0.1345584,-0.30133033,0.515389,0.8022308,0.19992027,-0.7884872,0.58165264,,-0.03236762,0.40043586,-0.35013747,0.73021984,0.3758126,-0.5705645,-0.5758676,0.787937,-0.21801792,0.367635,0.48777062,0.79178554,,0.9068650759544358,0.3404180650958164,0.19226962167000003,0.7678845730403282,0.3079786704713028,1.1526765518641093,-0.41963090589896335,,-0.9149044408765035,-0.20935556548735224,0.20562659383,1.5351400762502028,0.277645367523375,0.35074079752208454,0.8591897878663088,,-0.04730714937530631,-0.07404341185429444,0.0795457676,-0.07163176773016745,,-5.4180622e-05,3.33786e-06,-2.026558e-06,1.0,5.349517e-05,4.582852e-05,-5.3498894e-05,0.99999994,5.632639e-06,-4.582107e-05,-5.6922436e-06,1.0,260,0.789,0,0,0.0,False,-0.2632143878608417,1.0338722023061826
0.8003299339907244,13:42:20.578007,13:42:06.461320,0,,0.12106474,-0.0024370402,0.028013721,-0.8922554,-0.42646167,-0.14836028,-0.090391934,-0.15321702,0.98404956,-0.4423908,0.8914342,0.09816,,0.069957554,-0.007558547,0.02272898,-0.66587543,-0.50298053,0.55101764,-0.050462514,0.76724005,0.6393717,-0.74435425,0.39793617,-0.5362679,,0.10708501,1.3441337,0.44330195,0.9957963,0.018141525,-0.08978044,-0.044488814,-0.761005,-0.6472188,-0.0800649,0.64849234,-0.7569989,,-0.08730943,0.25863057,-0.09154341,0.9275443,0.34802523,0.13616192,-0.30834138,0.5068234,0.805019,0.21115687,-0.7886751,0.5774117,,-0.032367997,0.4004361,-0.3501355,0.73022,0.37572223,-0.5706238,-0.5758663,0.7879041,-0.21814021,0.3676367,0.4878934,0.79170907,,0.9078921994267076,0.3401941058424639,0.19205054866000001,0.7615938747357924,0.3217789569476122,1.1556354443752286,-0.41946756183282896,,-0.9149044408765035,-0.20934784275447801,0.20562789012000002,1.5351400762502028,0.277645367523375,0.35057744004180336,0.8595164759985774,,-0.04730714937530631,-0.07404341185429444,0.0795457676,-0.07163176773016745,,-5.4180622e-05,3.33786e-06,-2.026558e-06,1.0,5.349517e-05,4.582852e-05,-5.3498894e-05,0.99999994,5.632639e-06,-4.582107e-05,-5.6922436e-06,1.0,268,0.814,0,0,0.0,False,-0.262797343831195,1.0332928398968293
0.8362997299991548,13:42:20.604561,13:42:06.461320,0,,0.12099026,-0.0024608672,0.028310567,-0.8856171,-0.44024065,-0.1478868,-0.08776538,-0.15404633,0.984158,-0.45604774,0.8845665,0.097788095,,0.069958806,-0.007558383,0.022729814,-0.66587055,-0.50293595,0.55106413,-0.05045858,0.7672926,0.63930887,-0.74435884,0.39789107,-0.53629506,,0.10708501,1.3441337,0.44330195,0.9957963,0.018141525,-0.08978044,-0.044488814,-0.761005,-0.6472188,-0.0800649,0.64849234,-0.7569989,,-0.0872609,0.25881544,-0.0917836,0.92210716,0.36235046,0.13572216,-0.31590506,0.50245845,0.8048227,0.22343312,-0.7850081,0.5777889,,-0.032369327,0.40043673,-0.35013586,0.7302152,0.3756761,-0.57066035,-0.5758689,0.7878854,-0.21820074,0.36764213,0.48795906,0.7916661,,0.9089888274948474,0.3400242057192309,0.19181851275000003,0.7546741066008031,0.3368089719218107,1.1523641363840842,-0.41832415336988915,,-0.9149121636093777,-0.20934784275447801,0.20562789012000002,1.5351400762502028,0.277645367523375,0.3504957613016627,0.8593531319324432,,-0.04730714937530631,-0.07404341185429444,0.0795457676,-0.07163176773016745,,-5.4180622e-05,3.33786e-06,-2.026558e-06,1.0,5.349517e-05,4.582852e-05,-5.3498894e-05,0.99999994,5.632639e-06,-4.582107e-05,-5.6922436e-06,1.0,287,0.871,0,0,0.0,False,-0.2631548101423209,1.032761757688255
0.8628603630058933,13:42:20.654918,13:42:06.598324,0,,0.12089248,-0.0024405718,0.028714806,-0.8752421,-0.46084583,-0.14687535,-0.081499815,-0.15880477,0.98394036,-0.47676936,0.8731564,0.101433665,,0.06996398,-0.007558994,0.02273184,-0.665672,-0.5015662,0.55255055,-0.05036071,0.76894754,0.63732517,-0.74454314,0.39642262,-0.53712606,,0.10708501,1.3441337,0.44330195,0.9957963,0.018141525,-0.08978044,-0.044488814,-0.761005,-0.6472188,-0.0800649,0.64849234,-0.7569989,,-0.08719861,0.25910613,-0.09207514,0.9135486,0.38388264,0.13439904,-0.32570678,0.49255833,0.80703247,0.24360637,-0.78103805,0.57500917,,-0.03237456,0.40043753,-0.3501377,0.73002374,0.37426206,-0.57183325,-0.57600534,0.7872592,-0.22009262,0.36780867,0.49005184,0.7902949,,0.9107109969257995,0.3399006419932433,0.19154240298000003,0.7458671289744532,0.3608569958805282,1.1512956593454216,-0.41897752963442625,,-0.9149276090751262,-0.20935556548735224,0.20562918641000003,1.5351400762502028,0.2779186405229059,0.34790424203019366,0.8572296590726975,,-0.04730714937530631,-0.07404341185429444,0.0795457676,-0.07163176773016745,,-5.4180622e-05,3.33786e-06,-2.026558e-06,1.0,5.349517e-05,4.582852e-05,-5.3498894e-05,0.99999994,5.632639e-06,-4.582107e-05,-5.6922436e-06,1.0,295,0.896,0,0,0.0,False,-0.262797343831195,1.0319409942750042
0.9132473290082999,13:42:20.682684,13:42:06.598324,0,,0.12086633,-0.0024185777,0.028857768,-0.87084347,-0.46876362,-0.14796013,-0.078042835,-0.16533524,0.98314464,-0.48532552,0.86771244,0.10739738,,0.06996276,-0.007557608,0.022731245,-0.6657667,-0.5015996,0.5524061,-0.050404727,0.7688743,0.6374101,-0.74445546,0.39652258,-0.5371738,,0.10708501,1.3441337,0.44330195,0.9957963,0.018141525,-0.08978044,-0.044488814,-0.761005,-0.6472188,-0.0800649,0.64849234,-0.7569989,,-0.08718502,0.25921944,-0.0921678,0.9098977,0.39226344,0.13496502,-0.32911512,0.48455647,0.81048644,0.25252602,-0.78187877,0.56999665,,-0.032373462,0.40043786,-0.35013616,0.73011476,0.37429464,-0.5716957,-0.5759391,0.78731334,-0.2200725,0.3677317,0.48994008,0.79039997,,0.9113751519529828,0.3398774737946207,0.19145944042000002,0.7429314697656698,0.37124136986270173,1.1557331396067023,-0.41783412117148644,,-0.9149276090751262,-0.20934784275447801,0.20562918641000003,1.5351400762502028,0.27778200402314046,0.34801565993389005,0.8572296590726975,,-0.04730714937530631,-0.07404341185429444,0.0795457676,-0.07163176773016745,,-5.4180622e-05,3.33786e-06,-2.026558e-06,1.0,5.349517e-05,4.582852e-05,-5.3498894e-05,0.99999994,5.632639e-06,-4.582107e-05,-5.6922436e-06,1.0,303,0.92,0,0,0.0,False,-0.26232072208302704,1.032230675479681
0.9410280039883219,13:42:20.712444,13:42:06.598324,0,,0.12092703,-0.0023723394,0.02910097,-0.86150485,-0.486027,-0.14692532,-0.07035358,-0.17231166,0.9825268,-0.50285155,0.8567884,0.11425358,,0.069996245,-0.0075452477,0.022715986,-0.6657664,-0.50163376,0.5523752,-0.05043766,0.76885253,0.6374338,-0.74445343,0.39652157,-0.53717744,,0.10705083,1.3441373,0.4432985,0.9957965,0.018144088,-0.08977826,-0.04448546,-0.7610049,-0.6472191,-0.0800649,0.64849234,-0.7569989,,-0.08723328,0.25941768,-0.09231642,0.9020902,0.41043177,0.13333814,-0.33566284,0.47313324,0.81453997,0.2712264,-0.7795452,0.56457555,,-0.032373007,0.4004319,-0.3501229,0.73011875,0.37432793,-0.57166874,-0.5759519,0.7873071,-0.22006145,0.3677037,0.4899247,0.79042256,,0.9124022754252546,0.33991608745899177,0.19134666319000002,0.7372698412915877,0.39296657332540674,1.1588457716548146,-0.4194675618328292,,-0.9149198863422519,-0.20935556548735224,0.20562918641000003,1.5351400762502028,0.27778200402314046,0.34801565993389005,0.8572296590726975,,-0.04730714937530631,-0.07404341185429444,0.0795457676,-0.07163176773016745,,-8.8095665e-05,-2.2053719e-06,1.3113022e-06,1.0,5.6046993e-05,4.8018992e-05,-5.6046993e-05,1.0,5.90086e-06,-4.8015267e-05,-5.930662e-06,1.0,311,0.945,0,0,0.0,False,-0.2632143878608417,1.0318444338734452
0.9707738099968992,13:42:20.731661,13:42:06.598324,0,,0.12091034,-0.0023311079,0.02922368,-0.8565506,-0.49445504,-0.14776732,-0.06764752,-0.1762864,0.98201156,-0.51161,0.85113883,0.11754957,,0.06999712,-0.0075436532,0.022717118,-0.6657621,-0.501637,0.55237764,-0.05043167,0.76884824,0.63743937,-0.7444577,0.39652562,-0.5371684,,0.10705083,1.3441373,0.4432985,0.9957965,0.018144088,-0.08977826,-0.04448546,-0.7610049,-0.6472191,-0.0800649,0.64849234,-0.7569989,,-0.08722743,0.25953117,-0.09238062,0.89790565,0.41933063,0.13389271,-0.33979726,0.46692237,0.81640756,0.2798272,-0.77855337,0.5617396,,-0.032374144,0.40043354,-0.35012215,0.73011416,0.37433127,-0.5716725,-0.5759532,0.78730893,-0.22005121,0.36771083,0.48991913,0.7904227,,0.9129892031236958,0.33993925565761446,0.19129610788,0.7334954223088662,0.4029410378082839,1.1601053198011406,-0.418160809303755,,-0.9149276090751262,-0.20934784275447801,0.20562918641000003,1.5351400762502028,0.27778200402314046,0.34801565993389005,0.8572296590726975,,-0.04730714937530631,-0.07404341185429444,0.0795457676,-0.07163176773016745,,-8.8095665e-05,-2.2053719e-06,1.3113022e-06,1.0,5.6046993e-05,4.8018992e-05,-5.6046993e-05,1.0,5.90086e-06,-4.8015267e-05,-5.930662e-06,1.0,319,0.969,0,0,0.0,False,-0.26339312101640555,1.0319892744757837
