Task Time,PC1 Time,PC2 Time,Gaze Calib,s_T_psm1,Tx,Ty,Tz,R00,R01,R02,R10,R11,R12,R20,R21,R22,s_T_psm3,Tx,Ty,Tz,R00,R01,R02,R10,R11,R12,R20,R21,R22,cart_T_ecm,Tx,Ty,Tz,R00,R01,R02,R10,R11,R12,R20,R21,R22,ecm_T_psm1,Tx,Ty,Tz,R00,R01,R02,R10,R11,R12,R20,R21,R22,ecm_T_psm3,Tx,Ty,Tz,R00,R01,R02,R10,R11,R12,R20,R21,R22,psm1_joints,q1,q2,q3,q4,q5,q6,jaw,psm3_joints,q1,q2,q3,q4,q5,q6,jaw,ecm_joints,q1,q2,q3,q4,ecmi_T_ecm,Tx,Ty,Tz,R00,R01,R02,R10,R11,R12,R20,R21,R22,Sample #,Task Duration (s),Collisions (binary),Collisions (increments),Cumulative Collision Time (s),Clutch Press,MTMR Angle,MTML Angle
""
lci_T_si,,,,,-0.06259683,0.01659313,0.23760831,0.9956777,0.007211218,0.092595145,0.06714547,-0.7446932,-0.6640207,0.064166576,0.667368,-0.7419586
rci_T_si,,,,,-0.07226873,0.020610977,0.24667586,0.9915926,-0.008221844,0.1291379,0.082045324,-0.731784,-0.6765802,0.100063786,0.681487,-0.724957
ecm_T_lc,,,,,-4.4061628e-05,-0.00034663224,-0.01840835,-0.99912,0.030754527,0.028518902,-0.031987965,-0.99852574,-0.043852776,0.027128186,-0.04472645,0.9986309
ecm_T_rc,,,,,-0.0043358393,0.01870579,-0.007592615,-0.99555075,-0.052743673,-0.078081585,0.04863213,-0.9973746,0.053654674,-0.08070653,0.04961868,0.9955021
cart_T_ecmi,,,,,0.107138716,1.3441325,0.44329387,0.9957932,0.018087745,-0.08982618,-0.04455919,-0.76100624,-0.64721245,-0.0800649,0.64849234,-0.7569989
ecmac_T_ecmrep_psm1,,,,,0.009765618,-0.25445068,-0.30803946,0.99882644,0.038876563,0.028886087,-0.03766685,0.99843633,-0.041304655,-0.030446703,0.040168133,0.99872893
ecmac_T_ecmrep_psm3,,,,,-0.021997124,-0.45765886,-0.55608475,0.99248636,-0.054456197,0.10956896,0.02285623,0.96224946,0.27120772,-0.12020161,-0.2666656,0.9562641
""
0,13:38:24.347580,13:38:10.315106,0,,0.11994301,-0.00030465424,0.022961602,-0.9708455,-0.17178926,-0.16717547,-0.15625131,-0.0753538,0.9848387,-0.181782,0.9822475,0.046314657,,0.078117914,0.0064166337,0.016747653,-0.40049943,-0.75862586,0.513894,-0.44149932,0.6512093,0.61725575,-0.8029187,0.020326614,-0.5957417,,0.107098766,1.3441343,0.4433028,0.99579597,0.01813455,-0.08978637,-0.044497944,-0.7610051,-0.647218,-0.0800649,0.64849234,-0.7569989,,-0.08577285,0.25691074,-0.08644459,0.98344296,0.08618976,0.15940915,-0.17860542,0.6098247,0.7721489,-0.030660309,-0.7878357,0.6151218,,-0.04151522,0.40111634,-0.33551234,0.51709396,0.67512375,-0.52613854,-0.8547039,0.4401522,-0.27522218,0.04577203,0.5920084,0.80463094,,0.9032199460378018,0.3438237902933494,0.19701663565000002,0.8494539610558082,0.04809604791743504,1.1282151307279156,-0.4055833162114152,,-0.9405979731490484,-0.1687648815004282,0.21914819482000003,1.0220287845435716,0.2921288364985117,0.1686303265371915,0.8750341622813339,,-0.04730714937530631,-0.07404341185429444,0.0795457676,-0.07163176773016745,,-4.0579587e-05,3.6358833e-06,-4.2915344e-06,1.0000001,4.6554953e-05,3.989041e-05,-4.6558678e-05,0.99999994,4.887581e-06,-3.9882958e-05,-4.976988e-06,1.0,34,0.103,0,0,0.0,False,-0.2637505873275314,1.049418426957168
0.12696730898460373,13:38:24.367566,13:38:10.315106,0,,0.11998047,-0.0002680719,0.02327311,-0.9705307,-0.17390661,-0.1668137,-0.15591832,-0.07463229,0.98494637,-0.18373838,0.9819299,0.04531765,,0.07808306,0.006411493,0.016734838,-0.40018985,-0.75907904,0.51346576,-0.44202128,0.6506872,0.61743283,-0.8027859,0.020127475,-0.5959275,,0.107098766,1.3441343,0.4433028,0.99579597,0.01813455,-0.08978637,-0.044497944,-0.7610051,-0.647218,-0.0800649,0.64849234,-0.7569989,,-0.085837305,0.2571435,-0.08664818,0.98329794,0.08832439,0.15913488,-0.17968258,0.6102765,0.7715418,-0.02897032,-0.78724927,0.615954,,-0.04147901,0.4011074,-0.3355084,0.5168351,0.675649,-0.5257185,-0.85488886,0.4397834,-0.27523732,0.045238458,0.5916832,0.8049003,,0.9035288553527707,0.34473507277250787,0.19676385910000002,0.8486152012818701,0.04959904941485488,1.12625442512599,-0.4062366924759525,,-0.9404280730258154,-0.1687648815004282,0.21913912079000003,1.0213997147131182,0.2921288364985117,0.16879368401747263,0.8747074741490654,,-0.04730714937530631,-0.07404341185429444,0.0795457676,-0.07163176773016745,,-4.0579587e-05,3.6358833e-06,-4.2915344e-06,1.0000001,4.6554953e-05,3.989041e-05,-4.6558678e-05,0.99999994,4.887581e-06,-3.9882958e-05,-4.976988e-06,1.0,42,0.127,0,0,0.0,False,-0.2637505873275314,1.0497563883626244
0.1469349270046223,13:38:24.394721,13:38:10.315106,0,,0.1200254,-0.00024473667,0.02357769,-0.97036785,-0.17554569,-0.16604276,-0.15518863,-0.07394597,0.9851134,-0.18521063,0.98169005,0.044511974,,0.078052066,0.006404862,0.016724646,-0.40010303,-0.75901693,0.5136252,-0.44195783,0.65076286,0.61739844,-0.8028641,0.020022243,-0.5958256,,0.107098766,1.3441343,0.4433028,0.99579597,0.01813455,-0.08978637,-0.044497944,-0.7610051,-0.647218,-0.0800649,0.64849234,-0.7569989,,-0.08590855,0.25736132,-0.08685508,0.98326105,0.08997592,0.1584362,-0.18013304,0.6107251,0.7710816,-0.027382184,-0.78671414,0.6167099,,-0.041446686,0.40109947,-0.3355073,0.51674885,0.6755882,-0.52588135,-0.85493624,0.4397221,-0.27518803,0.045327876,0.5917981,0.80481076,,0.9037528146061232,0.34560774158729524,0.19651108255000002,0.8484055113383855,0.050828777912743844,1.1245165553314571,-0.4055833162114153,,-0.9402658956354567,-0.16877260423330243,0.21913004676000003,1.0213997147131182,0.2924021094980425,0.16857084821007984,0.8747074741490654,,-0.04730714937530631,-0.07404341185429444,0.0795457676,-0.07163176773016745,,-4.0579587e-05,3.6358833e-06,-4.2915344e-06,1.0000001,4.6554953e-05,3.989041e-05,-4.6558678e-05,0.99999994,4.887581e-06,-3.9882958e-05,-4.976988e-06,1.0,50,0.151,0,0,0.0,False,-0.26434636451274196,1.0496115477602863
0.1740909710060805,13:38:24.426426,13:38:10.315106,0,,0.12012735,-0.0002297759,0.023949549,-0.97002226,-0.17913929,-0.16421375,-0.15356535,-0.07186815,0.98552144,-0.18834732,0.9811951,0.042204052,,0.07801524,0.0063970983,0.016709745,-0.40011898,-0.75905186,0.51356125,-0.44197583,0.65072095,0.6174297,-0.8028462,0.020063609,-0.5958483,,0.107098766,1.3441343,0.4433028,0.99579597,0.01813455,-0.08978637,-0.044497944,-0.7610051,-0.647218,-0.0800649,0.64849234,-0.7569989,,-0.08604242,0.2576144,-0.08711381,0.9831837,0.093592286,0.15681298,-0.1810417,0.61215466,0.7697341,-0.023952633,-0.7851797,0.61880463,,-0.04140806,0.4010878,-0.33550453,0.5167651,0.67562383,-0.5258196,-0.85492766,0.43974158,-0.2751836,0.04530416,0.591743,0.8048526,,0.903814596469117,0.3466966469225609,0.19619867666000002,0.848195821394901,0.053698144407818095,1.1210332769918643,-0.4059100043436842,,-0.9400728273136011,-0.16878032696617665,0.21912097273000003,1.0213997147131182,0.292538745997808,0.16854110904652397,0.8748708182151996,,-0.04730714937530631,-0.07404341185429444,0.0795457676,-0.07163176773016745,,-4.0579587e-05,3.6358833e-06,-4.2915344e-06,1.0000001,4.6554953e-05,3.989041e-05,-4.6558678e-05,0.99999994,4.887581e-06,-3.9882958e-05,-4.976988e-06,1.0,61,0.185,0,0,0.0,False,-0.26327396557936344,1.0502391903704191
0.20580550699378364,13:38:24.450160,13:38:10.315106,0,,0.12027842,-0.00022657216,0.024347916,-0.9683914,-0.1880186,-0.16391261,-0.15350366,-0.06874761,0.98575366,-0.19660865,0.97975636,0.03771296,,0.07788963,0.0063415617,0.016693473,-0.4000524,-0.75916517,0.5134457,-0.44208676,0.65058947,0.61748886,-0.80281836,0.020040274,-0.5958866,,0.107098766,1.3441343,0.4433028,0.99579597,0.01813455,-0.08978637,-0.044497944,-0.7610051,-0.647218,-0.0800649,0.64849234,-0.7569989,,-0.08622748,0.25787345,-0.08739697,0.9822753,0.102553025,0.15690172,-0.18660666,0.61404806,0.7668917,-0.017698132,-0.7825777,0.62230134,,-0.04127601,0.40106305,-0.3355374,0.5167093,0.67575294,-0.52570856,-0.8549674,0.43967167,-0.27517185,0.04519098,0.59164757,0.80492914,,0.9037682600718717,0.34780099772357503,0.19586164126000002,0.8440020225252106,0.06025669639655924,1.1155218601341552,-0.40623669247595273,,-0.9399260953889909,-0.16878032696617665,0.21911189870000003,1.0211900247696335,0.29267538249757347,0.1685930486231087,0.8751975063474683,,-0.04730714937530631,-0.07404341185429444,0.0795457676,-0.07163176773016745,,-4.0579587e-05,3.6358833e-06,-4.2915344e-06,1.0000001,4.6554953e-05,3.989041e-05,-4.6558678e-05,0.99999994,4.887581e-06,-3.9882958e-05,-4.976988e-06,1.0,69,0.208,0,0,0.0,False,-0.2636910096090097,1.049514987358727
0.22954081199713983,13:38:24.476624,13:38:10.315106,0,,0.12035364,-0.0002374053,0.024606168,-0.9677098,-0.19204158,-0.163272,-0.15294333,-0.06753281,0.98592466,-0.20036474,0.9790604,0.035980612,,0.07792817,0.0063491836,0.016691267,-0.39994332,-0.75916505,0.51353085,-0.44205716,0.65059215,0.6175073,-0.80288893,0.0199579,-0.5957943,,0.10704657,1.3441349,0.4433008,0.99579877,0.018182518,-0.08974557,-0.044435173,-0.761004,-0.64722365,-0.0800649,0.64849234,-0.7569989,,-0.08628167,0.25803223,-0.087598525,0.98192996,0.10661993,0.15635121,-0.18869114,0.61473775,0.76582843,-0.014462411,-0.781492,0.62374765,,-0.0412684,0.40106225,-0.3355372,0.5166432,0.6757146,-0.52582276,-0.85500354,0.43963143,-0.27512392,0.045262966,0.59172124,0.80487096,,0.9037528146061232,0.34844198455213565,0.19563090164000002,0.8425341929208188,0.06339933589116437,1.1131226058294184,-0.40656338060822106,,-0.9398874817246198,-0.16878032696617665,0.21910930612,1.0211900247696335,0.2928120189973389,0.1684816307194123,0.8751975063474683,,-0.04730714937530631,-0.07404341185429444,0.0795457676,-0.07163176773016745,,-9.242073e-05,8.940697e-07,1.4305115e-06,1.0000001,9.4272196e-05,8.0771744e-05,-9.427592e-05,0.99999994,9.924173e-06,-8.0764294e-05,-1.001358e-05,1.0,77,0.233,0,0,0.0,False,-0.2641080536386573,1.0496598279610654
0.25597869098419324,13:38:24.500253,13:38:10.315106,0,,0.120462194,-0.0002709329,0.024960652,-0.9661542,-0.20007518,-0.16283716,-0.152818,-0.064646095,0.9861375,-0.20782845,0.9776455,0.03188294,,0.07792805,0.006350957,0.016691983,-0.39940724,-0.75972974,0.51311266,-0.4426519,0.64994323,0.61776453,-0.8028282,0.019609272,-0.5958878,,0.10704657,1.3441349,0.4433008,0.99579877,0.018182518,-0.08974557,-0.044435173,-0.761004,-0.64722365,-0.0800649,0.64849234,-0.7569989,,-0.086420454,0.2582373,-0.08787648,0.9810272,0.11473661,0.15627271,-0.19367217,0.6164228,0.7632261,-0.008760082,-0.77901125,0.6269488,,-0.041268542,0.40106377,-0.335536,0.5161748,0.6763778,-0.52542996,-0.8553165,0.4390864,-0.27502146,0.044690747,0.5913681,0.80516243,,0.9037605373389974,0.34920653510668387,0.19531331059,0.8387597739380974,0.06954797838060918,1.1081904789032202,-0.4064000365420867,,-0.939895204457494,-0.16878032696617665,0.21910930612,1.0203512649956954,0.2928120189973389,0.168726666939834,0.8747074741490655,,-0.04730714937530631,-0.07404341185429444,0.0795457676,-0.07163176773016745,,-9.242073e-05,8.940697e-07,1.4305115e-06,1.0000001,9.4272196e-05,8.0771744e-05,-9.427592e-05,0.99999994,9.924173e-06,-8.0764294e-05,-1.001358e-05,1.0,88,0.267,0,0,0.0,False,-0.2644655199497832,1.0494667071579475
0.2796007680008188,13:38:24.529500,13:38:10.468479,0,,0.120613515,-0.0002848655,0.025265098,-0.9627573,-0.21664777,-0.16174722,-0.15205757,-0.06078607,0.9865005,-0.22355513,0.97435546,0.025579274,,0.07793612,0.0063507333,0.01669699,-0.3992512,-0.7599104,0.5129667,-0.4427849,0.6497335,0.61788976,-0.8028325,0.019559294,-0.59588367,,0.10704657,1.3441349,0.4433008,0.99579877,0.018182518,-0.08974557,-0.044435173,-0.761004,-0.64722365,-0.0800649,0.64849234,-0.7569989,,-0.08659758,0.25842094,-0.0881016,0.9790046,0.13151954,0.15573244,-0.20380642,0.6180958,0.75922364,0.0035951806,-0.7750227,0.63192314,,-0.041276943,0.40106687,-0.33553916,0.51603585,0.6765847,-0.5253,-0.85540664,0.4389639,-0.27493662,0.044569828,0.5912223,0.8052762,,0.9038300419348655,0.34977801733937647,0.19505664517000001,0.8312109359726545,0.08348490135668411,1.1007464322529321,-0.40738010093889243,,-0.9399415408547394,-0.1687880496990509,0.21911060241000002,1.020141575052211,0.2928120189973389,0.16889002442011508,0.8750341622813339,,-0.04730714937530631,-0.07404341185429444,0.0795457676,-0.07163176773016745,,-9.242073e-05,8.940697e-07,1.4305115e-06,1.0000001,9.4272196e-05,8.0771744e-05,-9.427592e-05,0.99999994,9.924173e-06,-8.0764294e-05,-1.001358e-05,1.0,96,0.291,0,0,0.0,False,-0.26404847592013647,1.04927358635483
0.30887915097991936,13:38:24.559590,13:38:10.468479,0,,0.12079489,-0.00028400123,0.025582343,-0.95798755,-0.23932783,-0.15805686,-0.14730932,-0.062265784,0.9871285,-0.24608886,0.9689401,0.024394572,,0.077940464,0.0063546225,0.016701162,-0.3989821,-0.75984955,0.5132662,-0.44256988,0.6498096,0.6179639,-0.80308473,0.019400299,-0.5955488,,0.10704657,1.3441349,0.4433008,0.99579877,0.018182518,-0.08974557,-0.044435173,-0.761004,-0.64722365,-0.0800649,0.64849234,-0.7569989,,-0.086805776,0.2586223,-0.088324435,0.97619194,0.15458849,0.15215673,-0.21560502,0.61475605,0.7586761,0.02374332,-0.77341926,0.63345,,-0.041282054,0.40107182,-0.33553815,0.51576734,0.6765298,-0.52563435,-0.855553,0.43885678,-0.27465218,0.044867795,0.5913647,0.8051551,,0.9041003375854634,0.35024138131182997,0.19480646120000003,0.8234524080637271,0.10562001431868547,1.0974805838195536,-0.4049299399468782,,-0.9399569863204877,-0.16878032696617665,0.21911060241000002,1.020141575052211,0.2932219284966352,0.1687191281893069,0.8747074741490654,,-0.04730714937530631,-0.07404341185429444,0.0795457676,-0.07163176773016745,,-9.242073e-05,8.940697e-07,1.4305115e-06,1.0000001,9.4272196e-05,8.0771744e-05,-9.427592e-05,0.99999994,9.924173e-06,-8.0764294e-05,-1.001358e-05,1.0,104,0.315,0,0,0.0,False,-0.26470383082386784,1.048983905150153
0.3389079789922107,13:38:24.585960,13:38:10.468479,0,,0.12087275,-0.000332281,0.025912419,-0.95468605,-0.25408915,-0.15496221,-0.14208601,-0.06838539,0.9874891,-0.26150742,0.96476007,0.029183984,,0.07793978,0.0063575134,0.016702473,-0.39862803,-0.76014996,0.5130963,-0.4427969,0.6494633,0.61816525,-0.80313545,0.019220531,-0.5954863,,0.10704657,1.3441349,0.4433008,0.99579877,0.018182518,-0.08974557,-0.044435173,-0.761004,-0.64722365,-0.0800649,0.64849234,-0.7569989,,-0.08691181,0.25880197,-0.08859612,0.97422326,0.1696764,0.14865722,-0.22221468,0.60831684,0.7619523,0.038854618,-0.77534544,0.630341,,-0.041281823,0.40107447,-0.33553627,0.5154472,0.6768823,-0.5254945,-0.8557558,0.4385712,-0.27447638,0.044678546,0.59117305,0.8053063,,0.9045714242907911,0.3504730632980567,0.19451479595,0.8196779890810056,0.12201639429053832,1.1004461834040955,-0.40264312302099814,,-0.9399569863204877,-0.16877260423330243,0.21911060241000002,1.019722195165242,0.2933585649964006,0.16885274650603221,0.8742174419506625,,-0.04730714937530631,-0.07404341185429444,0.0795457676,-0.07163176773016745,,-9.242073e-05,8.940697e-07,1.4305115e-06,1.0000001,9.4272196e-05,8.0771744e-05,-9.427592e-05,0.99999994,9.924173e-06,-8.0764294e-05,-1.001358e-05,1.0,123,0.373,0,0,0.0,False,-0.26404847592013647,1.0498529487641832
0.3653358989977278,13:38:24.646645,13:38:10.608961,0,,0.120747715,-0.0003591329,0.026258364,-0.95081496,-0.26707554,-0.15691274,-0.14481862,-0.064522594,0.98735213,-0.273822,0.96151304,0.02267155,,0.07793882,0.0063587204,0.016704142,-0.3980249,-0.76047194,0.5130874,-0.44283214,0.64909345,0.61852837,-0.80341506,0.01897803,-0.59511673,,0.10704657,1.3441349,0.4433008,0.99579877,0.018182518,-0.08974557,-0.044435173,-0.761004,-0.64722365,-0.0800649,0.64849234,-0.7569989,,-0.08681717,0.25902042,-0.08887784,0.97144365,0.18288293,0.15116565,-0.23269418,0.6098036,0.75762326,0.046375014,-0.77116364,0.63494563,,-0.041281153,0.40107664,-0.33553603,0.5148789,0.6772643,-0.5255595,-0.85609376,0.438223,-0.27397826,0.044756584,0.5909939,0.8054335,,0.905876566146535,0.3504807860309309,0.19420627893000003,0.8100322516807175,0.13253740477247725,1.0926837922208765,-0.40656338060822117,,-0.9399415408547394,-0.16878032696617665,0.21911060241000002,1.0193028152782728,0.2939051109954624,0.16897882607223041,0.875034162281334,,-0.04730714937530631,-0.07404341185429444,0.0795457676,-0.07163176773016745,,-9.242073e-05,8.940697e-07,1.4305115e-06,1.0000001,9.4272196e-05,8.0771744e-05,-9.427592e-05,0.99999994,9.924173e-06,-8.0764294e-05,-1.001358e-05,1.0,131,0.398,0,0,0.0,False,-0.2629164992682367,1.0492253061540504
0.4260314379935153,13:38:24.666653,13:38:10.608961,0,,0.12072538,-0.00036762655,0.026395887,-0.9488603,-0.276105,-0.15306988,-0.14191134,-0.060076296,0.9880545,-0.2820027,0.95924795,0.01782152,,0.07793589,0.006358303,0.01670301,-0.39773205,-0.76073974,0.51291764,-0.44285795,0.6487794,0.6188392,-0.80354583,0.01898253,-0.59493995,,0.10704657,1.3441349,0.4433008,0.99579877,0.018182518,-0.08974557,-0.044435173,-0.761004,-0.64722365,-0.0800649,0.64849234,-0.7569989,,-0.08680681,0.25910723,-0.08898666,0.9701964,0.19206043,0.14775567,-0.23611246,0.61213946,0.7546762,0.054496363,-0.76707107,0.63924336,,-0.0412781,0.4010758,-0.33553565,0.51460356,0.6775645,-0.52544224,-0.85625786,0.43810734,-0.2736502,0.044784423,0.5907354,0.8056215,,0.9064557711121018,0.3504035587021887,0.19409220541000002,0.8079353522458724,0.14169205025676176,1.0863622950351843,-0.40721675687275827,,-0.9399183726561167,-0.1687880496990509,0.21911060241000002,1.0190931253347884,0.2941783839949933,0.169246062705681,0.8743807860167968,,-0.04730714937530631,-0.07404341185429444,0.0795457676,-0.07163176773016745,,-9.242073e-05,8.940697e-07,1.4305115e-06,1.0000001,9.4272196e-05,8.0771744e-05,-9.427592e-05,0.99999994,9.924173e-06,-8.0764294e-05,-1.001358e-05,1.0,139,0.422,0,0,0.0,False,-0.26285692154971585,1.04927358635483
0.4460100609867368,13:38:24.694834,13:38:10.608961,0,,0.12064949,-0.00039333105,0.026678264,-0.9459054,-0.2875857,-0.1501914,-0.1379804,-0.06239164,0.9884677,-0.2936399,0.9557204,0.0193353,,0.077938184,0.0063589886,0.016704738,-0.3975908,-0.7608461,0.51286936,-0.44300058,0.6486585,0.6188639,-0.80353713,0.018853128,-0.5949558,,0.10704657,1.3441349,0.4433008,0.99579877,0.018182518,-0.08974557,-0.044435173,-0.761004,-0.64722365,-0.0800649,0.64849234,-0.7569989,,-0.08675562,0.25928116,-0.08921749,0.9682494,0.20381123,0.14475542,-0.24113756,0.6087614,0.75581884,0.06592285,-0.76672715,0.6385794,,-0.04128061,0.40107736,-0.33553606,0.51447916,0.67769486,-0.52539593,-0.85633963,0.43795055,-0.27364522,0.044649467,0.5907021,0.8056534,,0.9075678446459902,0.35032633137344643,0.19384720660000002,0.8045803131501199,0.15480915423424405,1.0858760187978982,-0.40460325181460965,,-0.939933818121865,-0.1687880496990509,0.21911060241000002,1.0188834353913039,0.2941783839949933,0.169246062705681,0.8743807860167968,,-0.04730714937530631,-0.07404341185429444,0.0795457676,-0.07163176773016745,,-9.242073e-05,8.940697e-07,1.4305115e-06,1.0000001,9.4272196e-05,8.0771744e-05,-9.427592e-05,0.99999994,9.924173e-06,-8.0764294e-05,-1.001358e-05,1.0,147,0.446,0,0,0.0,False,-0.2631548101423209,1.0490321853509326
0.4742184350034222,13:38:24.717681,13:38:10.608961,0,,0.12058298,-0.00040771067,0.026825354,-0.94488084,-0.2914,-0.1492858,-0.13600807,-0.06542319,0.988545,-0.2978288,0.9543614,0.022184342,,0.07794097,0.006360255,0.01670754,-0.3973629,-0.7609463,0.51289725,-0.44307473,0.6485457,0.61892897,-0.803609,0.018687576,-0.5948641,,0.10704657,1.3441349,0.4433008,0.99579877,0.018182518,-0.08974557,-0.044435173,-0.761004,-0.64722365,-0.0800649,0.64849234,-0.7569989,,-0.08670207,0.25937262,-0.08934008,0.9675856,0.20773877,0.14360589,-0.24253024,0.6058348,0.75772244,0.07040689,-0.7679901,0.63657993,,-0.041283756,0.40107998,-0.33553654,0.5142684,0.6778214,-0.525439,-0.8564683,0.43776593,-0.27353793,0.044609435,0.5906938,0.80566174,,0.9082242769402993,0.35027227224332685,0.19371628131000002,0.8037415533761818,0.16000134122533075,1.087849722708117,-0.40738010093889243,,-0.9399492635876135,-0.1687880496990509,0.21911060241000002,1.0186737454478194,0.2943150204947587,0.16921632354212512,0.874544130082931,,-0.04730714937530631,-0.07404341185429444,0.0795457676,-0.07163176773016745,,-9.242073e-05,8.940697e-07,1.4305115e-06,1.0000001,9.4272196e-05,8.0771744e-05,-9.427592e-05,0.99999994,9.924173e-06,-8.0764294e-05,-1.001358e-05,1.0,155,0.47,0,0,0.0,False,-0.2634526987349264,1.0489356249493738
0.4970624370034784,13:38:24.747509,13:38:10.608961,0,,0.12043469,-0.00040878356,0.02698867,-0.94328123,-0.295524,-0.15128112,-0.13780537,-0.06603578,0.9882554,-0.30204317,0.9530502,0.021565408,,0.077942565,0.0063623264,0.016710281,-0.39691928,-0.76106805,0.5130601,-0.4432329,0.6484148,0.618953,-0.80374104,0.018269211,-0.59469867,,0.10704657,1.3441349,0.4433008,0.99579877,0.018182518,-0.08974557,-0.044435173,-0.761004,-0.64722365,-0.0800649,0.64849234,-0.7569989,,-0.08656851,0.25948977,-0.089470856,0.96636343,0.21196295,0.14564829,-0.24677327,0.6047546,0.75721514,0.07242008,-0.76768714,0.6367196,,-0.04128581,0.4010832,-0.33553624,0.5138589,0.6779936,-0.5256175,-0.85671896,0.437358,-0.27340564,0.044515725,0.5907984,0.8055903,,0.9092668458783195,0.3501332630515908,0.19357239312000002,0.7993380645630069,0.16369052671899764,1.0866383715914059,-0.40541997214528114,,-0.9399569863204877,-0.1687880496990509,0.21911060241000002,1.0182543655608502,0.2945882934942896,0.16899348773473227,0.874544130082931,,-0.04730714937530631,-0.07404341185429444,0.0795457676,-0.07163176773016745,,-9.242073e-05,8.940697e-07,1.4305115e-06,1.0000001,9.4272196e-05,8.0771744e-05,-9.427592e-05,0.99999994,9.924173e-06,-8.0764294e-05,-1.001358e-05,1.0,166,0.504,0,0,0.0,False,-0.2629164992682367,1.0488390645478147
0.5268741110048722,13:38:24.769247,13:38:10.608961,0,,0.120369345,-0.00041018426,0.027082533,-0.9421135,-0.29974163,-0.1502568,-0.137208,-0.06424469,0.98845655,-0.3059348,0.9518547,0.019398808,,0.077938564,0.0063618794,0.016707659,-0.39693138,-0.7610733,0.5130429,-0.4432428,0.6484083,0.61895263,-0.80372953,0.018279135,-0.59471387,,0.10704657,1.3441349,0.4433008,0.99579877,0.018182518,-0.08974557,-0.044435173,-0.761004,-0.64722365,-0.0800649,0.64849234,-0.7569989,,-0.08651154,0.25955534,-0.08954529,0.96553564,0.21626253,0.14481512,-0.24899702,0.6055418,0.7558569,0.075771905,-0.76586527,0.63852096,,-0.041281562,0.4010812,-0.33553505,0.5138711,0.67799866,-0.52559906,-0.85671234,0.43736404,-0.27341658,0.044502042,0.59078807,0.80559856,,0.9098460508438864,0.3500328675242259,0.19349331943000003,0.7974508550716461,0.1679262582117263,1.0836744890176602,-0.40656338060822095,,-0.939933818121865,-0.1687880496990509,0.21911060241000002,1.0182543655608502,0.2945882934942896,0.16899348773473227,0.874544130082931,,-0.04730714937530631,-0.07404341185429444,0.0795457676,-0.07163176773016745,,-9.242073e-05,8.940697e-07,1.4305115e-06,1.0000001,9.4272196e-05,8.0771744e-05,-9.427592e-05,0.99999994,9.924173e-06,-8.0764294e-05,-1.001358e-05,1.0,174,0.529,0,0,0.0,False,-0.26351227645344677,1.048742504146256
0.5486255619907752,13:38:24.800137,13:38:10.752211,0,,0.12032519,-0.0004184544,0.02726236,-0.9387375,-0.31081223,-0.14888844,-0.13527162,-0.06504616,0.988671,-0.3169757,0.94824284,0.01901722,,0.07793689,0.0063643977,0.016706526,-0.39631584,-0.76154953,0.5128121,-0.443774,0.6478622,0.61914384,-0.8037402,0.017803818,-0.59471387,,0.10704657,1.3441349,0.4433008,0.99579877,0.018182518,-0.08974557,-0.044435173,-0.761004,-0.64722365,-0.0800649,0.64849234,-0.7569989,,-0.08648313,0.25967184,-0.0896866,0.9631237,0.22760722,0.14348431,-0.2551305,0.6032066,0.75567865,0.08544723,-0.7644192,0.63903207,,-0.04128009,0.40108168,-0.33553222,0.51332307,0.6785738,-0.5253923,-0.8570659,0.4367492,-0.27329135,0.044016313,0.5905826,0.8057759,,0.9106492150628057,0.34990158106536406,0.19334813495000003,0.7926279863715021,0.1794037241920233,1.0816664717198115,-0.4064000365420868,,-0.9399260953889909,-0.1687880496990509,0.21911189870000003,1.0174156057869121,0.29472492999405503,0.16904542731131694,0.8742174419506624,,-0.04730714937530631,-0.07404341185429444,0.0795457676,-0.07163176773016745,,-9.242073e-05,8.940697e-07,1.4305115e-06,1.0000001,9.4272196e-05,8.0771744e-05,-9.427592e-05,0.99999994,9.924173e-06,-8.0764294e-05,-1.001358e-05,1.0,186,0.565,0,0,0.0,False,-0.262797343831195,1.0488390645478147
0.5795170289929956,13:38:24.827603,13:38:10.752211,0,,0.12033555,-0.0004246235,0.02734673,-0.93721783,-0.31623057,-0.14704102,-0.13285404,-0.06609109,0.9889295,-0.32244787,0.9463773,0.01992923,,0.07793693,0.006366469,0.016707897,-0.396228,-0.7615881,0.51282275,-0.4437021,0.6478164,0.61924326,-0.8038233,0.017820895,-0.5946011,,0.10704657,1.3441349,0.4433008,0.99579877,0.018182518,-0.08974557,-0.044435173,-0.761004,-0.64722365,-0.0800649,0.64849234,-0.7569989,,-0.08650075,0.25972292,-0.08975251,0.96207654,0.2331703,0.14156394,-0.25707883,0.60151386,0.7563674,0.09120974,-0.76407635,0.63864547,,-0.041280497,0.40108392,-0.33553115,0.5132353,0.67861557,-0.5254241,-0.8571134,0.43674642,-0.27314678,0.044115458,0.59053665,0.80580413,,0.9109040652476551,0.3498861355996156,0.19328202416,0.7915795366540794,0.18568900318123358,1.081605330038491,-0.4057466602775497,,-0.9399260953889909,-0.16878032696617665,0.21911189870000003,1.0174156057869121,0.29486156649382045,0.16909736688790167,0.8742174419506625,,-0.04730714937530631,-0.07404341185429444,0.0795457676,-0.07163176773016745,,-9.242073e-05,8.940697e-07,1.4305115e-06,1.0000001,9.4272196e-05,8.0771744e-05,-9.427592e-05,0.99999994,9.924173e-06,-8.0764294e-05,-1.001358e-05,1.0,194,0.589,0,0,0.0,False,-0.2632143878608417,1.0489356249493738
0.6069489869987592,13:38:24.861375,13:38:10.752211,0,,0.120447144,-0.00039596856,0.027525365,-0.92979604,-0.3398863,-0.1412685,-0.12633207,-0.06580132,0.9898031,-0.34571618,0.9381617,0.018243223,,0.077938706,0.006368421,0.016711235,-0.39543205,-0.76204515,0.512758,-0.4440925,0.6472938,0.61950994,-0.8039996,0.017262042,-0.5943792,,0.10704657,1.3441349,0.4433008,0.99579877,0.018182518,-0.08974557,-0.044435173,-0.761004,-0.64722365,-0.0800649,0.64849234,-0.7569989,,-0.086627506,0.25985664,-0.089858525,0.95667976,0.25744838,0.13595662,-0.26821122,0.59767836,0.75554174,0.113254674,-0.75927657,0.6408373,,-0.04128277,0.4010875,-0.33553123,0.51250744,0.67917645,-0.5254098,-0.85756373,0.43606883,-0.2728158,0.04382478,0.59039253,0.8059256,,0.9114601020145993,0.34983207646949604,0.19318739499,0.783821008745152,0.21028357313901283,1.0762522805984363,-0.40672672467435533,,-0.939933818121865,-0.1687880496990509,0.21911189870000003,1.016576846012974,0.2952714759931168,0.16908982813737466,0.874544130082931,,-0.04730714937530631,-0.07404341185429444,0.0795457676,-0.07163176773016745,,-9.242073e-05,8.940697e-07,1.4305115e-06,1.0000001,9.4272196e-05,8.0771744e-05,-9.427592e-05,0.99999994,9.924173e-06,-8.0764294e-05,-1.001358e-05,1.0,213,0.648,0,0,0.0,False,-0.2637505873275314,1.0488873447485942
0.640735364984721,13:38:24.910696,13:38:10.752211,0,,0.120485365,-0.00035983324,0.027691111,-0.92262334,-0.3605278,-0.1370623,-0.119396515,-0.070940495,0.9903089,-0.36675718,0.93004674,0.022405535,,0.07793799,0.006374471,0.016714394,-0.39512157,-0.76223433,0.51271623,-0.44409388,0.64707315,0.61973923,-0.80415136,0.017178178,-0.5941762,,0.10704657,1.3441349,0.4433008,0.99579877,0.018182518,-0.08974557,-0.044435173,-0.761004,-0.64722365,-0.0800649,0.64849234,-0.7569989,,-0.08668007,0.25999174,-0.089954555,0.9513366,0.27873242,0.13140364,-0.27753535,0.5896973,0.75844,0.13391344,-0.7580009,0.6383587,,-0.041283023,0.4010933,-0.33552757,0.5122137,0.67939603,-0.5254124,-0.8577362,0.43591297,-0.27252245,0.043883376,0.5902549,0.8060232,,0.9123327708293867,0.34963900814764043,0.19310702501000002,0.7773206204971318,0.23351177809913773,1.0768324558636388,-0.4062366924759524,,-0.939933818121865,-0.1687648815004282,0.21911189870000003,1.0163671560694896,0.29554474899264765,0.16919370729054406,0.8745441300829311,,-0.04730714937530631,-0.07404341185429444,0.0795457676,-0.07163176773016745,,-9.242073e-05,8.940697e-07,1.4305115e-06,1.0000001,9.4272196e-05,8.0771744e-05,-9.427592e-05,0.99999994,9.924173e-06,-8.0764294e-05,-1.001358e-05,1.0,217,0.66,0,0,0.0,False,-0.26297607698675796,1.049514987358727
0.6900787219929043,13:38:24.931248,13:38:10.752211,0,,0.12043628,-0.00033570826,0.027807057,-0.9177487,-0.37493122,-0.13101134,-0.111370124,-0.07368842,0.9910431,-0.381227,0.92411935,0.025871247,,0.077939615,0.0063739195,0.01671648,-0.39459756,-0.7625129,0.5127056,-0.4441927,0.6467519,0.62000376,-0.80435413,0.016911834,-0.5939094,,0.10704657,1.3441349,0.4433008,0.99579877,0.018182518,-0.08974557,-0.044435173,-0.761004,-0.64722365,-0.0800649,0.64849234,-0.7569989,,-0.086641304,0.26008996,-0.09002723,0.9477095,0.2936044,0.12507254,-0.28152615,0.5845736,0.7609315,0.15029871,-0.7563532,0.6366633,,-0.04128475,0.40109462,-0.3355292,0.5117242,0.67973167,-0.5254553,-0.8580289,0.4355625,-0.27216113,0.043872077,0.5901272,0.8061173,,0.9134062306989039,0.34926059423680345,0.19305387712000002,0.7754334110057711,0.2516844325679413,1.0769610841177377,-0.4106469822615779,,-0.939933818121865,-0.16878032696617665,0.21911189870000003,1.0159477761825206,0.295954658491944,0.16926784728015754,0.8747074741490654,,-0.04730714937530631,-0.07404341185429444,0.0795457676,-0.07163176773016745,,-9.242073e-05,8.940697e-07,1.4305115e-06,1.0000001,9.4272196e-05,8.0771744e-05,-9.427592e-05,0.99999994,9.924173e-06,-8.0764294e-05,-1.001358e-05,1.0,229,0.697,0,0,0.0,False,-0.2636314318904893,1.0491287457524916
0.7106307249923702,13:38:24.959061,13:38:10.752211,0,,0.120382026,-0.00032393634,0.027868196,-0.91357887,-0.38670513,-0.12582912,-0.105005674,-0.07460436,0.9916692,-0.392871,0.91918075,0.027550668,,0.07793751,0.0063730553,0.016715229,-0.39438686,-0.76270056,0.5125884,-0.44428295,0.64653206,0.6201683,-0.8044076,0.016851932,-0.5938387,,0.10704657,1.3441349,0.4433008,0.99579877,0.018182518,-0.08974557,-0.044435173,-0.761004,-0.64722365,-0.0800649,0.64849234,-0.7569989,,-0.0865926,0.2601428,-0.09006794,0.9445447,0.3057652,0.1197622,-0.28482267,0.58131075,0.76220334,0.1634362,-0.7540461,0.6361628,,-0.041282468,0.4010934,-0.33552918,0.51153064,0.6799476,-0.5253642,-0.85814744,0.4354274,-0.2720035,0.04380986,0.5899781,0.8062298,,0.9142866222465654,0.3488049529972242,0.19303702535000003,0.7737558914578948,0.26644117454260885,1.0758729016973596,-0.4031331552194011,,-0.9399183726561167,-0.1687880496990509,0.21911189870000003,1.015738086239036,0.29609129499170944,0.1694014655968829,0.8748708182151996,,-0.04730714937530631,-0.07404341185429444,0.0795457676,-0.07163176773016745,,-9.242073e-05,8.940697e-07,1.4305115e-06,1.0000001,9.4272196e-05,8.0771744e-05,-9.427592e-05,0.99999994,9.924173e-06,-8.0764294e-05,-1.001358e-05,1.0,237,0.72,0,0,0.0,False,-0.2631548101423209,1.0488390645478147
0.7384219479863532,13:38:24.993597,13:38:10.953947,0,,0.12021969,-0.00033159554,0.027962387,-0.9036046,-0.41224933,-0.11640113,-0.090672135,-0.08150634,0.99253964,-0.41866127,0.9074178,0.036270022,,0.07794315,0.0063734725,0.016721189,-0.39381486,-0.7628957,0.5127378,-0.44408876,0.6463064,0.6205425,-0.8047949,0.016677678,-0.59331846,,0.10704657,1.3441349,0.4433008,0.99579877,0.018182518,-0.08974557,-0.044435173,-0.761004,-0.64722365,-0.0800649,0.64849234,-0.7569989,,-0.08643901,0.26020977,-0.09015285,0.9367987,0.3322555,0.109610744,-0.29199293,0.56988347,0.768097,0.19273911,-0.75155777,0.6308823,,-0.041288618,0.40109795,-0.33553213,0.5109766,0.6801817,-0.52560043,-0.8584605,0.43519214,-0.27139154,0.04414163,0.58988196,0.8062821,,0.9163254237253607,0.34743030654561224,0.19302535874,0.7699814724751735,0.29978048048537637,1.0787447095671596,-0.40525662807914675,,-0.939933818121865,-0.16880349516479934,0.21911189870000003,1.0155283962955515,0.29677447749053665,0.16949780599952524,0.8742174419506625,,-0.04730714937530631,-0.07404341185429444,0.0795457676,-0.07163176773016745,,-9.242073e-05,8.940697e-07,1.4305115e-06,1.0000001,9.4272196e-05,8.0771744e-05,-9.427592e-05,0.99999994,9.924173e-06,-8.0764294e-05,-1.001358e-05,1.0,245,0.745,0,0,0.0,False,-0.26255903295711036,1.0491287457524916
0.7729697549948469,13:38:25.018792,13:38:10.953947,0,,0.12008007,-0.00036856532,0.027980193,-0.8993242,-0.42230928,-0.11345077,-0.084661335,-0.08638182,0.99265826,-0.42900884,0.9023264,0.041931987,,0.07794374,0.006374456,0.016721964,-0.39354387,-0.7632381,0.51243645,-0.4443829,0.6459048,0.62075007,-0.8047652,0.016574383,-0.59336174,,0.10704657,1.3441349,0.4433008,0.99579877,0.018182518,-0.08974557,-0.044435173,-0.761004,-0.64722365,-0.0800649,0.64849234,-0.7569989,,-0.08630135,0.26020265,-0.090199485,0.9334124,0.3427348,0.10618007,-0.2946937,0.56347543,0.77178437,0.2046875,-0.75168365,0.6269567,,-0.04128938,0.40109906,-0.3355317,0.5107392,0.68057513,-0.52532184,-0.8586163,0.4349505,-0.27128604,0.043858465,0.5896063,0.8064991,,0.9174297745263749,0.3464804104020826,0.19302276616000003,0.7685136428707817,0.3138540399612167,1.0822158749321513,-0.40525662807914675,,-0.9399415408547394,-0.16880349516479934,0.21911189870000003,1.0151090164085825,0.29677447749053665,0.16974284221994695,0.875034162281334,,-0.04730714937530631,-0.07404341185429444,0.0795457676,-0.07163176773016745,,-9.242073e-05,8.940697e-07,1.4305115e-06,1.0000001,9.4272196e-05,8.0771744e-05,-9.427592e-05,0.99999994,9.924173e-06,-8.0764294e-05,-1.001358e-05,1.0,256,0.779,0,0,0.0,False,-0.26243987752006825,1.0491287457524916
0.7981775249936618,13:38:25.049511,13:38:10.953947,0,,0.119745746,-0.0004541576,0.027957007,-0.8955565,-0.43066928,-0.11181464,-0.08126332,-0.08875981,0.9927324,-0.437464,0.89813447,0.044491738,,0.0779445,0.006379001,0.016726315,-0.392929,-0.7635182,0.51249087,-0.44440186,0.645581,0.62107325,-0.8050551,0.016285777,-0.59297633,,0.10704657,1.3441349,0.4433008,0.99579877,0.018182518,-0.08974557,-0.044435173,-0.761004,-0.64722365,-0.0800649,0.64849234,-0.7569989,,-0.08596599,0.26014388,-0.09026048,0.93038136,0.35143453,0.10432786,-0.29804048,0.5594188,0.7734484,0.21345352,-0.7506959,0.6252146,,-0.041291036,0.40110493,-0.33553,0.51015836,0.6809145,-0.52544636,-0.8589566,0.43457982,-0.2708025,0.04395505,0.5894878,0.8065805,,0.9192523394846919,0.34478913190262744,0.19302017358,0.7655779836619984,0.32587805194057545,1.083029335625139,-0.4075434450050268,,-0.9399415408547394,-0.16879577243192512,0.21911189870000003,1.0146896365216134,0.29732102348959843,0.16978724304600457,0.8743807860167968,,-0.04730714937530631,-0.07404341185429444,0.0795457676,-0.07163176773016745,,-9.242073e-05,8.940697e-07,1.4305115e-06,1.0000001,9.4272196e-05,8.0771744e-05,-9.427592e-05,0.99999994,9.924173e-06,-8.0764294e-05,-1.001358e-05,1.0,264,0.803,0,0,0.0,False,-0.26297607698675796,1.049514987358727
0.8288965449901298,13:38:25.069610,13:38:10.953947,0,,0.11946063,-0.0005277097,0.027916312,-0.89457977,-0.43264097,-0.11202149,-0.08174361,-0.088027,0.9927583,-0.43936884,0.8972586,0.043381482,,0.07794511,0.0063805506,0.016728282,-0.3926222,-0.7635731,0.5126443,-0.44441295,0.6455221,0.6211265,-0.8051986,0.016042233,-0.59278804,,0.10704657,1.3441349,0.4433008,0.99579877,0.018182518,-0.08974557,-0.044435173,-0.761004,-0.64722365,-0.0800649,0.64849234,-0.7569989,,-0.0856782,0.26007935,-0.090297386,0.9295751,0.35347238,0.104630135,-0.29972705,0.5594977,0.7727393,0.21460168,-0.7496797,0.62604034,,-0.04129198,0.40110728,-0.3355297,0.5098686,0.68099695,-0.52562076,-0.8591262,0.43434885,-0.27063483,0.04400128,0.5895628,0.80652314,,0.9205420358746873,0.34353032644412884,0.19301758100000002,0.7634810842271532,0.32915732793494606,1.0815804870385333,-0.40541997214528114,,-0.9399415408547394,-0.16879577243192512,0.21911189870000003,1.014479946578129,0.29759429648912933,0.16964608597875236,0.8745441300829311,,-0.04730714937530631,-0.07404341185429444,0.0795457676,-0.07163176773016745,,-9.242073e-05,8.940697e-07,1.4305115e-06,1.0000001,9.4272196e-05,8.0771744e-05,-9.427592e-05,0.99999994,9.924173e-06,-8.0764294e-05,-1.001358e-05,1.0,272,0.828,0,0,0.0,False,-0.26386974276457353,1.049514987358727
0.848997741995845,13:38:25.100969,13:38:10.953947,0,,0.11908066,-0.000617221,0.02787581,-0.8931701,-0.4359976,-0.11024168,-0.080724746,-0.08572027,0.9930434,-0.44241452,0.89585596,0.041366965,,0.077942654,0.0063816234,0.016727269,-0.39222556,-0.7642367,0.51195854,-0.4448619,0.6447358,0.6216217,-0.805144,0.016065061,-0.5928616,,0.10704657,1.3441349,0.4433008,0.99579877,0.018182518,-0.08974557,-0.044435173,-0.761004,-0.64722365,-0.0800649,0.64849234,-0.7569989,,-0.085295856,0.26000887,-0.09035105,0.9284316,0.35693055,0.103030846,-0.30108812,0.56047744,0.7714992,0.21762519,-0.7473056,0.6278325,,-0.041289587,0.40110725,-0.3355281,0.50952226,0.6817409,-0.52499187,-0.8593539,0.4340682,-0.27036208,0.043565396,0.58890927,0.8070241,,0.9223568781001301,0.34188538434191906,0.19301109955,0.7618035646792769,0.33489606092509455,1.078534509886095,-0.40672672467435533,,-0.939933818121865,-0.16879577243192512,0.21911189870000003,1.0138508767476753,0.29759429648912933,0.1702995158998768,0.8748708182151997,,-0.04730714937530631,-0.07404341185429444,0.0795457676,-0.07163176773016745,,-9.242073e-05,8.940697e-07,1.4305115e-06,1.0000001,9.4272196e-05,8.0771744e-05,-9.427592e-05,0.99999994,9.924173e-06,-8.0764294e-05,-1.001358e-05,1.0,280,0.851,0,0,0.0,False,-0.2639888982016152,1.0491770259532711
0.8803550669981632,13:38:25.126663,13:38:11.090371,0,,0.11877935,-0.0006509125,0.027885616,-0.8927104,-0.43826032,-0.10486165,-0.07647361,-0.08198714,0.9936949,-0.44409442,0.8951011,0.039675444,,0.07794082,0.0063848123,0.016729295,-0.39148626,-0.7644168,0.5122553,-0.44503862,0.64453804,0.6217003,-0.80540615,0.015413642,-0.59252274,,0.10704657,1.3441349,0.4433008,0.99579877,0.018182518,-0.08974557,-0.044435173,-0.761004,-0.64722365,-0.0800649,0.64849234,-0.7569989,,-0.08499642,0.26000863,-0.09039964,0.9281056,0.35923815,0.09781573,-0.29908076,0.562882,0.77052873,0.22174461,-0.74438685,0.62985516,,-0.04128831,0.40111083,-0.33552632,0.5088337,0.68199897,-0.52532434,-0.8597648,0.4334348,-0.27007166,0.04350526,0.58907694,0.806905,,0.9240172656680884,0.3408350926710245,0.19299165520000003,0.7639004641141223,0.3404981574154776,1.0751098781965096,-0.40640003654208656,,-0.9399183726561167,-0.16879577243192512,0.21911189870000003,1.0132218069172219,0.29814084248819106,0.16993552302523168,0.8743807860167967,,-0.04730714937530631,-0.07404341185429444,0.0795457676,-0.07163176773016745,,-9.242073e-05,8.940697e-07,1.4305115e-06,1.0000001,9.4272196e-05,8.0771744e-05,-9.427592e-05,0.99999994,9.924173e-06,-8.0764294e-05,-1.001358e-05,1.0,292,0.888,0,0,0.0,False,-0.2630356547052788,1.04927358635483
0.9060424059862271,13:38:25.159815,13:38:11.090371,0,,0.118625656,-0.0005902797,0.027993783,-0.88848865,-0.44844383,-0.097396,-0.07004605,-0.077222794,0.9945501,-0.45352113,0.89046884,0.037199765,,0.077942535,0.006384529,0.016730249,-0.39161578,-0.7643062,0.5123215,-0.4448869,0.64466643,0.6216757,-0.80542696,0.015532911,-0.5924913,,0.10704657,1.3441349,0.4433008,0.99579877,0.018182518,-0.08974557,-0.044435173,-0.761004,-0.64722365,-0.0800649,0.64849234,-0.7569989,,-0.08485289,0.2601351,-0.09044859,0.9246966,0.36976963,0.09059021,-0.30085415,0.56394434,0.7690602,0.23328727,-0.73840183,0.6327241,,-0.041290052,0.40111127,-0.33552712,0.50894654,0.6818644,-0.52538973,-0.8596905,0.433586,-0.27006558,0.04365352,0.5891215,0.80686444,,0.9255154758456879,0.3404875696916844,0.19296184053,0.7628520143966996,0.3538885343924908,1.0686015756018508,-0.40607334840981824,,-0.9399260953889909,-0.16879577243192512,0.21911189870000003,1.013431496860706,0.29814084248819106,0.16993552302523168,0.8743807860167967,,-0.04730714937530631,-0.07404341185429444,0.0795457676,-0.07163176773016745,,-9.242073e-05,8.940697e-07,1.4305115e-06,1.0000001,9.4272196e-05,8.0771744e-05,-9.427592e-05,0.99999994,9.924173e-06,-8.0764294e-05,-1.001358e-05,1.0,303,0.922,0,0,0.0,False,-0.26309523242380006,1.049418426957168
