Task Time,PC1 Time,PC2 Time,Gaze Calib,s_T_psm1,Tx,Ty,Tz,R00,R01,R02,R10,R11,R12,R20,R21,R22,s_T_psm3,Tx,Ty,Tz,R00,R01,R02,R10,R11,R12,R20,R21,R22,cart_T_ecm,Tx,Ty,Tz,R00,R01,R02,R10,R11,R12,R20,R21,R22,ecm_T_psm1,Tx,Ty,Tz,R00,R01,R02,R10,R11,R12,R20,R21,R22,ecm_T_psm3,Tx,Ty,Tz,R00,R01,R02,R10,R11,R12,R20,R21,R22,psm1_joints,q1,q2,q3,q4,q5,q6,jaw,psm3_joints,q1,q2,q3,q4,q5,q6,jaw,ecm_joints,q1,q2,q3,q4,ecmi_T_ecm,Tx,Ty,Tz,R00,R01,R02,R10,R11,R12,R20,R21,R22,Sample #,Task Duration (s),Collisions (binary),Collisions (increments),Cumulative Collision Time (s),Clutch Press,MTMR Angle,MTML Angle
""
lci_T_si,,,,,-0.06259683,0.01659313,0.23760831,0.9956777,0.007211218,0.092595145,0.06714547,-0.7446932,-0.6640207,0.064166576,0.667368,-0.7419586
rci_T_si,,,,,-0.07226873,0.020610977,0.24667586,0.9915926,-0.008221844,0.1291379,0.082045324,-0.731784,-0.6765802,0.100063786,0.681487,-0.724957
ecm_T_lc,,,,,-4.4061628e-05,-0.00034663224,-0.01840835,-0.99912,0.030754527,0.028518902,-0.031987965,-0.99852574,-0.043852776,0.027128186,-0.04472645,0.9986309
ecm_T_rc,,,,,-0.0043358393,0.01870579,-0.007592615,-0.99555075,-0.052743673,-0.078081585,0.04863213,-0.9973746,0.053654674,-0.08070653,0.04961868,0.9955021
cart_T_ecmi,,,,,0.107138716,1.3441325,0.44329387,0.9957932,0.018087745,-0.08982618,-0.04455919,-0.76100624,-0.64721245,-0.0800649,0.64849234,-0.7569989
ecmac_T_ecmrep_psm1,,,,,0.009765618,-0.25445068,-0.30803946,0.99882644,0.038876563,0.028886087,-0.03766685,0.99843633,-0.041304655,-0.030446703,0.040168133,0.99872893
ecmac_T_ecmrep_psm3,,,,,-0.021997124,-0.45765886,-0.55608475,0.99248636,-0.054456197,0.10956896,0.02285623,0.96224946,0.27120772,-0.12020161,-0.2666656,0.9562641
""
0,13:39:58.870716,13:39:44.781714,0,,0.12469479,-0.0016798824,0.01659377,-0.88095796,-0.08204597,-0.46602744,-0.43508092,-0.24679676,0.8659075,-0.18605827,0.96558774,0.18172088,,0.072286874,-0.017328382,0.046759903,0.7587305,-0.42726517,0.4917035,-0.16520476,0.60394347,0.7797176,-0.6301074,-0.67282724,0.38764414,,0.10711747,1.3441324,0.4433026,0.9957949,0.018116873,-0.08980141,-0.04452107,-0.7610056,-0.6472159,-0.0800649,0.64849234,-0.7569989,,-0.08996562,0.2513535,-0.0823579,0.8951384,-0.001232233,0.44578663,-0.3939105,0.46600384,0.7922594,-0.20871453,-0.88478184,0.41665253,,-0.035710245,0.4159434,-0.37079355,-0.67668456,0.41357586,-0.6091412,-0.723922,-0.22282517,0.6529057,0.13429405,0.8827819,0.45017904,,0.8654171686184727,0.34082736993815027,0.20223938806000002,0.5940516098916575,-0.09660200533416641,1.3581065647349964,-0.4010096823596556,,-1.028575346052214,-0.27608770025352625,0.18909371117,-0.4487364790568821,1.0909058141272765,-1.1488088643183731,0.8389351236656581,,-0.04730714937530631,-0.07404341185429444,0.0795457676,-0.07163176773016745,,-2.1852553e-05,5.3048134e-06,-4.6491623e-06,1.0,2.8971583e-05,2.4825335e-05,-2.8979033e-05,1.0,3.0398369e-06,-2.4817884e-05,-3.0696392e-06,1.0,35,0.104,0,0,0.0,False,-0.26255903295711036,1.0118564307507496
0.1292865069990512,13:39:58.895166,13:39:44.781714,0,,0.12472769,-0.0018774122,0.017065778,-0.8813492,-0.08483878,-0.46478596,-0.4317585,-0.2548461,0.8652387,-0.19185466,0.9632527,0.1879785,,0.07228581,-0.017328471,0.04675913,0.7587268,-0.4273517,0.49163404,-0.16520426,0.6038131,0.7798187,-0.63011205,-0.67288935,0.38752893,,0.10711747,1.3441324,0.4433026,0.9957949,0.018116873,-0.08980141,-0.04452107,-0.7610056,-0.6472159,-0.0800649,0.64849234,-0.7569989,,-0.09003872,0.25151983,-0.08283737,0.8960205,0.001777856,0.4440092,-0.39528778,0.4586388,0.7958631,-0.20222493,-0.88862103,0.4116525,,-0.035709113,0.41594282,-0.37079316,-0.67668056,0.41368175,-0.60907376,-0.72392523,-0.22293146,0.6528659,0.134297,0.8827055,0.45032805,,0.8653862776869758,0.3409354881983894,0.20172735351,0.594680679722111,-0.09004345334542525,1.3641118502371063,-0.40019296202898413,,-1.0285676233193397,-0.27608770025352625,0.18909371117,-0.4487364790568821,1.0909058141272765,-1.148645506838092,0.8379550592688525,,-0.04730714937530631,-0.07404341185429444,0.0795457676,-0.07163176773016745,,-2.1852553e-05,5.3048134e-06,-4.6491623e-06,1.0,2.8971583e-05,2.4825335e-05,-2.8979033e-05,1.0,3.0398369e-06,-2.4817884e-05,-3.0696392e-06,1.0,47,0.14,0,0,0.0,False,-0.2617249448978165,1.0123875129593234
0.15372721300809644,13:39:58.934288,13:39:44.883375,0,,0.12471312,-0.002379343,0.017706886,-0.88206935,-0.088380545,-0.4627552,-0.42798752,-0.26025242,0.8655029,-0.19692677,0.96148705,0.19173491,,0.07228945,-0.017327622,0.04675871,0.75873417,-0.42713848,0.49180788,-0.16520527,0.6041376,0.7795671,-0.6301028,-0.6727335,0.3878144,,0.10711747,1.3441324,0.4433026,0.9957949,0.018116873,-0.08980141,-0.04452107,-0.7610056,-0.6472159,-0.0800649,0.64849234,-0.7569989,,-0.090078235,0.25157583,-0.08364884,0.897166,0.005476391,0.4416595,-0.39582896,0.45366108,0.7984429,-0.19599114,-0.89115745,0.40917704,,-0.035712782,0.4159424,-0.37079245,-0.6766886,0.4134202,-0.6092424,-0.7239188,-0.22266555,0.6529637,0.1342911,0.8828951,0.4499579,,0.8650078637761389,0.3401014330479732,0.20092235742000003,0.5961485093265028,-0.08334826485691868,1.3681271068122869,-0.39953958576444704,,-1.0285830687850883,-0.27608770025352625,0.18909630375000003,-0.4487364790568821,1.0909058141272765,-1.1490539005387947,0.8384450914672554,,-0.04730714937530631,-0.07404341185429444,0.0795457676,-0.07163176773016745,,-2.1852553e-05,5.3048134e-06,-4.6491623e-06,1.0,2.8971583e-05,2.4825335e-05,-2.8979033e-05,1.0,3.0398369e-06,-2.4817884e-05,-3.0696392e-06,1.0,55,0.165,0,0,0.0,False,-0.26285692154971585,1.0113253485421754
0.1928023910149932,13:39:58.956725,13:39:44.883375,0,,0.1246474,-0.0026228428,0.017808035,-0.8832596,-0.09021288,-0.46012393,-0.42547774,-0.2581541,0.8673667,-0.1970305,0.96188253,0.18963355,,0.07228885,-0.01732716,0.046755135,0.7587268,-0.4271509,0.49180856,-0.16520426,0.6041316,0.779572,-0.63011205,-0.67273104,0.3878036,,0.10711747,1.3441324,0.4433026,0.9957949,0.018116873,-0.08980141,-0.04452107,-0.7610056,-0.6472159,-0.0800649,0.64849234,-0.7569989,,-0.09002076,0.2514665,-0.083890915,0.89835286,0.0072609154,0.43921456,-0.39396304,0.45559344,0.79826546,-0.19430712,-0.89015836,0.41214418,,-0.035711918,0.41593963,-0.37079018,-0.67668056,0.413433,-0.6092426,-0.72392523,-0.22266482,0.65295684,0.134297,0.88288933,0.44996753,,0.8648765773172771,0.3391283687058209,0.20071495102000003,0.5986647886483171,-0.08143535386020251,1.3658321474992716,-0.4010096823596556,,-1.0285676233193397,-0.27608770025352625,0.18909889633000002,-0.4487364790568821,1.0909058141272765,-1.1490539005387947,0.8384450914672554,,-0.04730714937530631,-0.07404341185429444,0.0795457676,-0.07163176773016745,,-2.1852553e-05,5.3048134e-06,-4.6491623e-06,1.0,2.8971583e-05,2.4825335e-05,-2.8979033e-05,1.0,3.0398369e-06,-2.4817884e-05,-3.0696392e-06,1.0,66,0.199,0,0,0.0,False,-0.26202283349042155,1.0117598703491906
0.2152610699995421,13:39:58.985105,13:39:44.883375,0,,0.12462592,-0.0029268116,0.018107548,-0.8831618,-0.09539808,-0.45926505,-0.4239447,-0.2566714,0.8685566,-0.20073886,0.961779,0.18623883,,0.07228854,-0.017325819,0.046755433,0.75872725,-0.42727455,0.49170032,-0.16519684,0.6039425,0.77972007,-0.63011324,-0.67282224,0.3876434,,0.10711747,1.3441324,0.4433026,0.9957949,0.018116873,-0.08980141,-0.04452107,-0.7610056,-0.6472159,-0.0800649,0.64849234,-0.7569989,,-0.09002438,0.251442,-0.084317446,0.8985722,0.012430868,0.43864962,-0.3953051,0.45693845,0.7968319,-0.19053057,-0.88941145,0.41550618,,-0.035711795,0.41594058,-0.37078917,-0.6766818,0.4135848,-0.6091382,-0.7239227,-0.22282009,0.65290666,0.13430403,0.88277906,0.45018172,,0.8646448953310504,0.3383715408841469,0.20030532338,0.5984550987048325,-0.07692634936794297,1.3628087865984144,-0.3997029298305812,,-1.0285676233193397,-0.276079977520652,0.18909889633000002,-0.4487364790568821,1.0909058141272765,-1.1488088643183731,0.837628371136584,,-0.04730714937530631,-0.07404341185429444,0.0795457676,-0.07163176773016745,,-2.1852553e-05,5.3048134e-06,-4.6491623e-06,1.0,2.8971583e-05,2.4825335e-05,-2.8979033e-05,1.0,3.0398369e-06,-2.4817884e-05,-3.0696392e-06,1.0,74,0.222,0,0,0.0,False,-0.26190367805337944,1.0113253485421754
0.2436706690059509,13:39:59.015894,13:39:44.883375,0,,0.12472819,-0.003164366,0.018569112,-0.88308835,-0.10197565,-0.45799112,-0.420964,-0.25890926,0.86934173,-0.20722984,0.96050346,0.18571165,,0.072283834,-0.017326713,0.046755016,0.7587161,-0.42733335,0.49166635,-0.16519532,0.6038697,0.7797768,-0.6301271,-0.67285025,0.38757235,,0.10711747,1.3441324,0.4433026,0.9957949,0.018116873,-0.08980141,-0.04452107,-0.7610056,-0.6472159,-0.0800649,0.64849234,-0.7569989,,-0.09016556,0.25156742,-0.084811695,0.8990526,0.019101288,0.43742374,-0.39742765,0.45482346,0.7969861,-0.18372712,-0.89037675,0.4165016,,-0.035706993,0.4159404,-0.37078947,-0.6766698,0.4136537,-0.60910475,-0.7239323,-0.22287232,0.65287817,0.13431287,0.8827336,0.45026827,,0.8641815313585969,0.33844876821288916,0.19978939996000003,0.5984550987048325,-0.07009452437967095,1.362301973302308,-0.3997029298305812,,-1.028544455120717,-0.276079977520652,0.18909630375000003,-0.4487364790568821,1.0909058141272765,-1.1487271855782324,0.8374650270704497,,-0.04730714937530631,-0.07404341185429444,0.0795457676,-0.07163176773016745,,-2.1852553e-05,5.3048134e-06,-4.6491623e-06,1.0,2.8971583e-05,2.4825335e-05,-2.8979033e-05,1.0,3.0398369e-06,-2.4817884e-05,-3.0696392e-06,1.0,82,0.247,0,0,0.0,False,-0.2620824112089424,1.0112287881406166
0.2744602599996142,13:39:59.036677,13:39:44.999099,0,,0.124848135,-0.0032744557,0.01874943,-0.88297075,-0.10755959,-0.45693934,-0.4183403,-0.26130307,0.86989194,-0.21296486,0.95924526,0.1857264,,0.072286606,-0.017326519,0.046754003,0.7587457,-0.42728734,0.4916609,-0.16531476,0.60376525,0.77983236,-0.6300603,-0.6729732,0.38746738,,0.10711747,1.3441324,0.4433026,0.9957949,0.018116873,-0.08980141,-0.04452107,-0.7610056,-0.6472159,-0.0800649,0.64849234,-0.7569989,,-0.090300344,0.25159875,-0.08501137,0.89942455,0.024780795,0.43637294,-0.39931348,0.4525443,0.7973408,-0.17771935,-0.89139754,0.41692477,,-0.035709668,0.41593927,-0.37078896,-0.67669123,0.41363084,-0.60909647,-0.7239379,-0.22303566,0.65281624,0.13417469,0.882703,0.45036933,,0.8636641082560238,0.3384719364115118,0.19958328985,0.5984550987048325,-0.06408251838999157,1.3624636674283805,-0.39774280103697013,,-1.0285521778535913,-0.276079977520652,0.18909760004,-0.4487364790568821,1.0907691776275112,-1.148615767674536,0.8374650270704497,,-0.04730714937530631,-0.07404341185429444,0.0795457676,-0.07163176773016745,,-2.1852553e-05,5.3048134e-06,-4.6491623e-06,1.0,2.8971583e-05,2.4825335e-05,-2.8979033e-05,1.0,3.0398369e-06,-2.4817884e-05,-3.0696392e-06,1.0,90,0.271,1,1,0.012,False,-0.2607717014014801,1.0111322277390575
0.29522426999756135,13:39:59.067219,13:39:44.999099,0,,0.12503609,-0.003353238,0.019110158,-0.88360536,-0.11614646,-0.4535985,-0.4121046,-0.26699138,0.87114024,-0.22228676,0.9566742,0.18805048,,0.0722824,-0.017324671,0.04675579,0.75866514,-0.42729554,0.4917778,-0.16495006,0.6042777,0.7795126,-0.63025266,-0.6725079,0.38796204,,0.10711747,1.3441324,0.4433026,0.9957949,0.018116873,-0.08980141,-0.04452107,-0.7610056,-0.6472159,-0.0800649,0.64849234,-0.7569989,,-0.09051861,0.2517696,-0.08531932,0.90084565,0.03357614,0.43283918,-0.40086558,0.4471247,0.79961634,-0.16668504,-0.89384127,0.41624984,,-0.035705887,0.4159423,-0.37078807,-0.6766361,0.41353992,-0.60921943,-0.7239123,-0.2223816,0.65306765,0.13459036,0.8829106,0.44983807,,0.8631698533520734,0.33902025044558176,0.19923458784000003,0.6003423081961932,-0.053698144407818095,1.363960713044601,-0.3944759197142842,,-1.028544455120717,-0.27607225478777775,0.18909760004,-0.4487364790568821,1.0911790871268074,-1.149195057606047,0.8373016830043154,,-0.04730714937530631,-0.07404341185429444,0.0795457676,-0.07163176773016745,,-2.1852553e-05,5.3048134e-06,-4.6491623e-06,1.0,2.8971583e-05,2.4825335e-05,-2.8979033e-05,1.0,3.0398369e-06,-2.4817884e-05,-3.0696392e-06,1.0,102,0.308,1,1,0.049,False,-0.2611887454311268,1.0107942663336016
0.32577424999908544,13:39:59.097710,13:39:44.999099,0,,0.1251683,-0.0033628494,0.019351453,-0.8832668,-0.12343331,-0.45233166,-0.40864953,-0.27033156,0.8717375,-0.22988097,0.95482194,0.18833387,,0.0722804,-0.017324567,0.04675579,0.7586357,-0.42738172,0.49174845,-0.16483063,0.6043184,0.7795063,-0.6303194,-0.67241657,0.38801193,,0.10711747,1.3441324,0.4433026,0.9957949,0.018116873,-0.08980141,-0.04452107,-0.7610056,-0.6472159,-0.0800649,0.64849234,-0.7569989,,-0.09067123,0.25191548,-0.08549602,0.9011562,0.041006643,0.43155065,-0.40338808,0.44384938,0.8001723,-0.15873112,-0.89516264,0.41651922,,-0.035703912,0.41594264,-0.37078783,-0.6766146,0.41361254,-0.60919404,-0.7239067,-0.22227156,0.65311134,0.13472854,0.8829043,0.44980907,,0.8629381713658467,0.33954539628102903,0.19902199628000003,0.6001326182527087,-0.045909863921187996,1.3638174767845876,-0.3912090383915987,,-1.028536732387843,-0.27607225478777775,0.18909760004,-0.4487364790568821,1.091315723626573,-1.149224796769603,0.8371383389381811,,-0.04730714937530631,-0.07404341185429444,0.0795457676,-0.07163176773016745,,-2.1852553e-05,5.3048134e-06,-4.6491623e-06,1.0,2.8971583e-05,2.4825335e-05,-2.8979033e-05,1.0,3.0398369e-06,-2.4817884e-05,-3.0696392e-06,1.0,110,0.333,1,1,0.074,False,-0.26243987752006825,1.010214903924248
0.35627925500739366,13:39:59.125179,13:39:44.999099,0,,0.12536499,-0.0033272207,0.019506589,-0.8840147,-0.12815946,-0.4495476,-0.4034664,-0.27648804,0.87222075,-0.23607787,0.95243347,0.19271144,,0.07227857,-0.01732497,0.04675603,0.75863206,-0.42738795,0.49174872,-0.16483012,0.60431534,0.77950877,-0.630324,-0.6724154,0.3880066,,0.10711747,1.3441324,0.4433026,0.9957949,0.018116873,-0.08980141,-0.04452107,-0.7610056,-0.6472159,-0.0800649,0.64849234,-0.7569989,,-0.09088074,0.25203353,-0.085574664,0.9024224,0.045941465,0.42839596,-0.4036297,0.4379708,0.8032837,-0.1507209,-0.8978146,0.413778,,-0.035702076,0.41594285,-0.3707882,-0.6766106,0.41361892,-0.60919416,-0.7239099,-0.2222712,0.6531079,0.13473147,0.88290143,0.4498139,,0.862397580064651,0.34024044223970923,0.19891181163000002,0.6024392076310385,-0.03894140243315053,1.3674465400720943,-0.3998662738967156,,-1.0285290096549686,-0.27607225478777775,0.18909630375000003,-0.4487364790568821,1.091315723626573,-1.149224796769603,0.8368116508059126,,-0.04730714937530631,-0.07404341185429444,0.0795457676,-0.07163176773016745,,-2.1852553e-05,5.3048134e-06,-4.6491623e-06,1.0,2.8971583e-05,2.4825335e-05,-2.8979033e-05,1.0,3.0398369e-06,-2.4817884e-05,-3.0696392e-06,1.0,131,0.398,1,1,0.139,False,-0.26249945523859,1.010745986132822
0.3837502610113006,13:39:59.186245,13:39:44.999099,0,,0.1255358,-0.0031725913,0.019849077,-0.8840097,-0.13647735,-0.4471025,-0.39958912,-0.2757473,0.87423784,-0.24260095,0.95149213,0.18922836,,0.07226672,-0.017321587,0.04674697,0.75859284,-0.427546,0.49167174,-0.16480231,0.6041607,0.7796346,-0.63037837,-0.6724539,0.38785142,,0.10711747,1.3441324,0.4433026,0.9957949,0.018116873,-0.08980141,-0.04452107,-0.7610056,-0.6472159,-0.0800649,0.64849234,-0.7569989,,-0.0910811,0.25236654,-0.0857138,0.902971,0.05430727,0.4262558,-0.4051039,0.4383953,0.8023094,-0.1432973,-0.8971401,0.41785833,,-0.03568994,0.41593835,-0.3707801,-0.6765702,0.41379628,-0.6091186,-0.7239377,-0.2223597,0.65304697,0.13478498,0.88279605,0.45000467,,0.8624207482632736,0.3418081570131768,0.19869014604000002,0.603068277461492,-0.03265612344394027,1.362321316502059,-0.40002961796284975,,-1.0284440595933522,-0.2760490865891551,0.18909760004,-0.4487364790568821,1.091315723626573,-1.149061439289322,0.836484962673644,,-0.04730714937530631,-0.07404341185429444,0.0795457676,-0.07163176773016745,,-2.1852553e-05,5.3048134e-06,-4.6491623e-06,1.0,2.8971583e-05,2.4825335e-05,-2.8979033e-05,1.0,3.0398369e-06,-2.4817884e-05,-3.0696392e-06,1.0,139,0.423,1,1,0.164,False,-0.26148663402373185,1.0103597445265864
0.4447532359918114,13:39:59.216632,13:39:44.999099,0,,0.12560853,-0.0030833185,0.0201516,-0.8822896,-0.14406276,-0.4481193,-0.3978268,-0.28062984,0.87348765,-0.2515927,0.9489429,0.19028479,,0.07226444,-0.017324701,0.046745837,0.75858444,-0.4275521,0.49167952,-0.1648162,0.6041505,0.7796395,-0.630385,-0.6724591,0.3878317,,0.10711747,1.3441324,0.4433026,0.9957949,0.018116873,-0.08980141,-0.04452107,-0.7610056,-0.6472159,-0.0800649,0.64849234,-0.7569989,,-0.09118008,0.25263026,-0.08587327,0.90203166,0.062100515,0.42717955,-0.40989903,0.43352798,0.8025187,-0.13535747,-0.8989978,0.4165109,,-0.035687223,0.4159361,-0.37078208,-0.6765596,0.41380396,-0.6091251,-0.7239491,-0.22236842,0.6530314,0.1347768,0.8827902,0.4500185,,0.8628068849069849,0.34273488495808374,0.19846199900000003,0.6001326182527087,-0.02404802395871752,1.3629797901423975,-0.3992128976321785,,-1.0284286141276038,-0.27606453205490356,0.18909630375000003,-0.4487364790568821,1.091315723626573,-1.149061439289322,0.836484962673644,,-0.04730714937530631,-0.07404341185429444,0.0795457676,-0.07163176773016745,,-2.1852553e-05,5.3048134e-06,-4.6491623e-06,1.0,2.8971583e-05,2.4825335e-05,-2.8979033e-05,1.0,3.0398369e-06,-2.4817884e-05,-3.0696392e-06,1.0,156,0.476,1,1,0.217,False,-0.26202283349042155,1.0103597445265864
0.4751734400051646,13:39:59.258569,13:39:44.999099,0,,0.1256747,-0.0028853863,0.020537525,-0.88049376,-0.15546516,-0.44784057,-0.39235473,-0.29121506,0.8724973,-0.26606086,0.9439408,0.19541553,,0.07225699,-0.017325267,0.046740234,0.7585584,-0.42759562,0.49168175,-0.1648127,0.60412914,0.77965677,-0.6304171,-0.6724506,0.38779417,,0.10711747,1.3441324,0.4433026,0.9957949,0.018116873,-0.08980141,-0.04452107,-0.7610056,-0.6472159,-0.0800649,0.64849234,-0.7569989,,-0.09128008,0.25303072,-0.08602204,0.90148026,0.07392699,0.42645997,-0.41559863,0.42302105,0.80519,-0.12087626,-0.9030991,0.41206908,,-0.035679292,0.415932,-0.37077934,-0.6765315,0.41384867,-0.6091259,-0.72397155,-0.22236586,0.6530074,0.13479742,0.8827699,0.45005217,,0.8637181673861434,0.34397052221795965,0.19822088906000002,0.597826028874379,-0.009427918483815391,1.3666587138137274,-0.40149971455805833,,-1.028374554997484,-0.27606453205490356,0.18909630375000003,-0.4487364790568821,1.091315723626573,-1.149061439289322,0.836484962673644,,-0.04730714937530631,-0.07404341185429444,0.0795457676,-0.07163176773016745,,-2.1852553e-05,5.3048134e-06,-4.6491623e-06,1.0,2.8971583e-05,2.4825335e-05,-2.8979033e-05,1.0,3.0398369e-06,-2.4817884e-05,-3.0696392e-06,1.0,164,0.501,1,1,0.242,False,-0.26190367805337944,1.0107942663336016
0.5171413219941314,13:39:59.288485,13:39:45.266598,0,,0.12570082,-0.0027644485,0.020747185,-0.880245,-0.15992954,-0.44675633,-0.3898703,-0.29294658,0.8730311,-0.27049923,0.9426583,0.19551301,,0.07225396,-0.01732257,0.046737373,0.7585483,-0.42762047,0.4916756,-0.16479632,0.60412407,0.7796641,-0.6304335,-0.6724393,0.3877871,,0.10711747,1.3441324,0.4433026,0.9957949,0.018116873,-0.08980141,-0.04452107,-0.7610056,-0.6472159,-0.0800649,0.64849234,-0.7569989,,-0.09132467,0.2532588,-0.08609449,0.90160954,0.07849121,0.42536968,-0.41673067,0.4211496,0.80558586,-0.11591286,-0.9035885,0.41242218,,-0.035676345,0.41593128,-0.3707754,-0.67652196,0.41387287,-0.6091201,-0.7239762,-0.22235532,0.65300584,0.13482033,0.8827612,0.45006236,,0.8642046995572196,0.3448200228341244,0.19809385264,0.597826028874379,-0.004782277491790415,1.3655659035126877,-0.3990495535660443,,-1.0283513867988614,-0.2760490865891551,0.18909760004,-0.4487364790568821,1.091315723626573,-1.149061439289322,0.836484962673644,,-0.04730714937530631,-0.07404341185429444,0.0795457676,-0.07163176773016745,,-2.1852553e-05,5.3048134e-06,-4.6491623e-06,1.0,2.8971583e-05,2.4825335e-05,-2.8979033e-05,1.0,3.0398369e-06,-2.4817884e-05,-3.0696392e-06,1.0,177,0.542,1,1,0.283,False,-0.26190367805337944,1.0105528653297042
0.5470317580038682,13:39:59.329760,13:39:45.266598,0,,0.12562609,-0.0025622994,0.020992458,-0.87811583,-0.16565242,-0.44885617,-0.39049387,-0.2939389,0.87241864,-0.2764546,0.94136024,0.19342616,,0.07225639,-0.017323717,0.046738684,0.75855523,-0.42760494,0.49167857,-0.16480476,0.6041282,0.77965915,-0.630423,-0.67244554,0.3877933,,0.10711747,1.3441324,0.4433026,0.9957949,0.018116873,-0.08980141,-0.04452107,-0.7610056,-0.6472159,-0.0800649,0.64849234,-0.7569989,,-0.09127212,0.25357705,-0.08614517,0.90000683,0.0843082,0.42764452,-0.42129585,0.4198926,0.8038657,-0.11179231,-0.90364945,0.4134249,,-0.035678737,0.41593152,-0.3707772,-0.67652875,0.41385758,-0.60912293,-0.72397226,-0.22236077,0.65300834,0.1348074,0.882767,0.45005485,,0.865424891351347,0.34582397810777354,0.19796681622,0.5936322300046885,0.00013663649976544044,1.3626166826014439,-0.40068299422738685,,-1.02836683226461,-0.2760568093220293,0.18909760004,-0.4487364790568821,1.091315723626573,-1.149061439289322,0.836484962673644,,-0.04730714937530631,-0.07404341185429444,0.0795457676,-0.07163176773016745,,-2.1852553e-05,5.3048134e-06,-4.6491623e-06,1.0,2.8971583e-05,2.4825335e-05,-2.8979033e-05,1.0,3.0398369e-06,-2.4817884e-05,-3.0696392e-06,1.0,185,0.566,1,1,0.307,False,-0.26190367805337944,1.0103114643258069
0.5882816110097338,13:39:59.356982,13:39:45.266598,0,,0.12560703,-0.0024931282,0.021048322,-0.87834674,-0.16464476,-0.44877502,-0.3899524,-0.29621243,0.87189174,-0.27648515,0.94082415,0.19597352,,0.07225532,-0.017323807,0.04673791,0.75855154,-0.42761117,0.49167883,-0.16480425,0.6041251,0.77966166,-0.63042766,-0.67244434,0.387788,,0.10711747,1.3441324,0.4433026,0.9957949,0.018116873,-0.08980141,-0.04452107,-0.7610056,-0.6472159,-0.0800649,0.64849234,-0.7569989,,-0.091258205,0.25366682,-0.08614133,0.90023786,0.08335797,0.42734438,-0.4209003,0.41778624,0.8051693,-0.11142133,-0.9047133,0.41119242,,-0.035677604,0.41593096,-0.3707768,-0.67652476,0.41386396,-0.60912305,-0.7239755,-0.2223604,0.6530049,0.13481034,0.8827641,0.45005965,,0.8657492461320644,0.3461869465528621,0.19794737187000003,0.5940516098916575,0.0002732729995308809,1.3647922694216832,-0.3997029298305812,,-1.0283591095317357,-0.2760568093220293,0.18909760004,-0.4487364790568821,1.091315723626573,-1.149061439289322,0.836484962673644,,-0.04730714937530631,-0.07404341185429444,0.0795457676,-0.07163176773016745,,-2.1852553e-05,5.3048134e-06,-4.6491623e-06,1.0,2.8971583e-05,2.4825335e-05,-2.8979033e-05,1.0,3.0398369e-06,-2.4817884e-05,-3.0696392e-06,1.0,198,0.607,1,1,0.348,False,-0.2608312791200009,1.0099735029203507
0.6155376209935639,13:39:59.399174,13:39:45.266598,0,,0.12558602,-0.0023379922,0.021164551,-0.87846446,-0.16293202,-0.4491697,-0.38998508,-0.29864824,0.87104577,-0.27606502,0.9403522,0.19881082,,0.0722497,-0.017321825,0.04673624,0.75853777,-0.4275619,0.49174285,-0.16478738,0.6042444,0.7795728,-0.6304485,-0.67236847,0.3878855,,0.10711747,1.3441324,0.4433026,0.9957949,0.018116873,-0.08980141,-0.04452107,-0.7610056,-0.6472159,-0.0800649,0.64849234,-0.7569989,,-0.09124785,0.25386083,-0.08612471,0.90031874,0.08170029,0.42749417,-0.42063713,0.41555944,0.8064582,-0.11176137,-0.9058893,0.40850213,,-0.035672117,0.41593122,-0.37077394,-0.67651117,0.41379505,-0.6091849,-0.7239833,-0.22224282,0.65303624,0.1348362,0.88282603,0.44993046,,0.8663052828990085,0.34705189263477526,0.1979175572,0.5940516098916575,-0.0005465459990617618,1.3667676366861108,-0.40019296202898413,,-1.0283282186002387,-0.27604136385628086,0.18909630375000003,-0.4487364790568821,1.091315723626573,-1.149224796769603,0.836484962673644,,-0.04730714937530631,-0.07404341185429444,0.0795457676,-0.07163176773016745,,-2.1852553e-05,5.3048134e-06,-4.6491623e-06,1.0,2.8971583e-05,2.4825335e-05,-2.8979033e-05,1.0,3.0398369e-06,-2.4817884e-05,-3.0696392e-06,1.0,206,0.632,0,1,0.357,False,-0.26243987752006825,1.0096838217156738
0.6576989210152533,13:39:59.420275,13:39:45.266598,0,,0.12561278,-0.0021719038,0.02125822,-0.8762823,-0.16411652,-0.45298466,-0.39319658,-0.29974678,0.86922276,-0.27843451,0.93979657,0.19813275,,0.072248794,-0.01731895,0.04673499,0.75853515,-0.4275744,0.49173602,-0.164772,0.6042454,0.7795752,-0.63045573,-0.6723596,0.3878892,,0.10711747,1.3441324,0.4433026,0.9957949,0.018116873,-0.08980141,-0.04452107,-0.7610056,-0.6472159,-0.0800649,0.64849234,-0.7569989,,-0.09128315,0.254045,-0.08608105,0.89836043,0.08293195,0.43135926,-0.4247342,0.4144447,0.8048829,-0.11202406,-0.90628797,0.40754476,,-0.035671435,0.4159317,-0.3707708,-0.6765097,0.4138065,-0.6091788,-0.7239815,-0.222233,0.65304154,0.1348532,0.8828231,0.44993106,,0.8666682513440972,0.34799406604543065,0.19791496462000002,0.5894384311349979,-0.0004099094992963213,1.3664928613021332,-0.4005196501612527,,-1.0283204958673646,-0.2760259183905324,0.18909760004,-0.4487364790568821,1.091315723626573,-1.149224796769603,0.8361582745413755,,-0.04730714937530631,-0.07404341185429444,0.0795457676,-0.07163176773016745,,-2.1852553e-05,5.3048134e-06,-4.6491623e-06,1.0,2.8971583e-05,2.4825335e-05,-2.8979033e-05,1.0,3.0398369e-06,-2.4817884e-05,-3.0696392e-06,1.0,219,0.673,0,1,0.357,False,-0.26196325577190027,1.0101666237234685
0.6788449760060757,13:39:59.467322,13:39:45.434466,0,,0.12567669,-0.0018183589,0.02144818,-0.8766826,-0.16658825,-0.45130476,-0.3906271,-0.30103895,0.86993444,-0.28078118,0.93894815,0.19884175,,0.07225153,-0.017321408,0.04673606,0.7585415,-0.42759588,0.49170762,-0.16478789,0.60418373,0.7796197,-0.63044393,-0.67240137,0.38783592,,0.10711747,1.3441324,0.4433026,0.9957949,0.018116873,-0.08980141,-0.04452107,-0.7610056,-0.6472159,-0.0800649,0.64849234,-0.7569989,,-0.0913644,0.25443035,-0.085980736,0.8989547,0.085472,0.42962196,-0.4243682,0.41306874,0.80578274,-0.10859153,-0.90668005,0.40760168,,-0.035673954,0.41593105,-0.3707736,-0.6765152,0.41383842,-0.609151,-0.72398007,-0.22229652,0.6530215,0.13483325,0.8827922,0.44999775,,0.8674482473643939,0.34992474926398676,0.19791885349000002,0.5904868808524206,0.0016396379971852853,1.364984950226968,-0.40019296202898413,,-1.028335941333113,-0.27604136385628086,0.18909760004,-0.4487364790568821,1.091315723626573,-1.1491431180294622,0.8356682423429725,,-0.04730714937530631,-0.07404341185429444,0.0795457676,-0.07163176773016745,,-2.1852553e-05,5.3048134e-06,-4.6491623e-06,1.0,2.8971583e-05,2.4825335e-05,-2.8979033e-05,1.0,3.0398369e-06,-2.4817884e-05,-3.0696392e-06,1.0,227,0.697,0,1,0.357,False,-0.26154621174225356,1.0099252227195712
0.7258910280070268,13:39:59.487699,13:39:45.434466,0,,0.12569095,-0.0015885681,0.021569893,-0.87676567,-0.16591911,-0.45138985,-0.39037576,-0.30263346,0.86949384,-0.28087133,0.93855405,0.20056784,,0.07225046,-0.017321467,0.046735227,0.75853777,-0.4275218,0.4917778,-0.16478738,0.60430807,0.7795234,-0.6304485,-0.67233676,0.3879404,,0.10711747,1.3441324,0.4433026,0.9957949,0.018116873,-0.08980141,-0.04452107,-0.7610056,-0.6472159,-0.0800649,0.64849234,-0.7569989,,-0.0913899,0.25468132,-0.08591596,0.89904445,0.08484458,0.42955843,-0.42423674,0.41158155,0.80661255,-0.10836161,-0.90741503,0.40602428,,-0.03567282,0.41593045,-0.3707732,-0.67651117,0.41374528,-0.6092187,-0.7239833,-0.22218949,0.65305436,0.1348362,0.88286275,0.44985834,,0.8680351750628349,0.35118355472248536,0.19792144607,0.5904868808524206,0.0010930919981235235,1.3655939793220349,-0.39953958576444704,,-1.0283282186002387,-0.27604136385628086,0.18909760004,-0.4487364790568821,1.091315723626573,-1.1493064755097433,0.8356682423429727,,-0.04730714937530631,-0.07404341185429444,0.0795457676,-0.07163176773016745,,-2.1852553e-05,5.3048134e-06,-4.6491623e-06,1.0,2.8971583e-05,2.4825335e-05,-2.8979033e-05,1.0,3.0398369e-06,-2.4817884e-05,-3.0696392e-06,1.0,244,0.75,0,1,0.357,False,-0.2612483231496481,1.0100700633219095
0.7462570279894862,13:39:59.539634,13:39:45.434466,0,,0.12566406,-0.0009535104,0.021892145,-0.8763045,-0.16349734,-0.45316547,-0.3913196,-0.30708906,0.86750513,-0.28099698,0.93753123,0.20512378,,0.07224688,-0.017316982,0.04673159,0.75857675,-0.4274796,0.4917544,-0.1649935,0.60408926,0.7796494,-0.63034785,-0.6725602,0.38771677,,0.10711747,1.3441324,0.4433026,0.9957949,0.018116873,-0.08980141,-0.04452107,-0.7610056,-0.6472159,-0.0800649,0.64849234,-0.7569989,,-0.091393046,0.25536942,-0.08573057,0.8985989,0.08253467,0.43093848,-0.42504913,0.40744492,0.80828327,-0.1088723,-0.90949255,0.40121087,,-0.03566947,0.41593,-0.37076727,-0.67653525,0.41374803,-0.60919017,-0.72400373,-0.22249515,0.65292764,0.13460566,0.8827845,0.45008093,,0.8699581355485168,0.35448888439265347,0.19793829784000003,0.5888093613045444,-0.0009564554983580831,1.3674286053577625,-0.3998662738967156,,-1.028297327668742,-0.276010472924784,0.18909760004,-0.4487364790568821,1.091042450627042,-1.1490836397023505,0.8359949304752412,,-0.04730714937530631,-0.07404341185429444,0.0795457676,-0.07163176773016745,,-2.1852553e-05,5.3048134e-06,-4.6491623e-06,1.0,2.8971583e-05,2.4825335e-05,-2.8979033e-05,1.0,3.0398369e-06,-2.4817884e-05,-3.0696392e-06,1.0,252,0.775,0,1,0.357,False,-0.26196325577190027,1.010118343522689
0.7981591089919675,13:39:59.561338,13:39:45.434466,0,,0.12568961,-0.0006579906,0.02206175,-0.8764102,-0.16349444,-0.4529622,-0.39059454,-0.30883637,0.8672116,-0.28167546,0.9369576,0.20680729,,0.072111875,-0.017388716,0.046744645,0.75856584,-0.42735302,0.49188125,-0.16513342,0.60415906,0.7795657,-0.6303243,-0.672578,0.38772422,,0.10711747,1.3441324,0.4433026,0.9957949,0.018116873,-0.08980141,-0.04452107,-0.7610056,-0.6472159,-0.0800649,0.64849234,-0.7569989,,-0.091434136,0.25570044,-0.08565646,0.89876074,0.08258701,0.43059087,-0.4249572,0.4057648,0.8091763,-0.10789116,-0.9102386,0.3997814,,-0.035528883,0.41592377,-0.37082842,-0.67651063,0.4136164,-0.6093069,-0.72405124,-0.22249277,0.6528758,0.13447376,0.8828468,0.44999817,,0.8711165454796505,0.3561647174263602,0.19795385332,0.5888093613045444,-0.0008198189985926426,1.3672355087139252,-0.40002961796284997,,-1.028297327668742,-0.2760259183905324,0.18909760004,-0.4487364790568821,1.091042450627042,-1.1490836397023505,0.8359949304752412,,-0.04730714937530631,-0.07404341185429444,0.0795457676,-0.07163176773016745,,-2.1852553e-05,5.3048134e-06,-4.6491623e-06,1.0,2.8971583e-05,2.4825335e-05,-2.8979033e-05,1.0,3.0398369e-06,-2.4817884e-05,-3.0696392e-06,1.0,269,0.828,0,1,0.357,False,-0.2629164992682367,1.0092492999086586
0.8199057170131709,13:39:59.622564,13:39:45.586212,0,,0.125657,-0.00024153292,0.022239313,-0.8739202,-0.17052498,-0.45517516,-0.3907816,-0.31039283,0.8665713,-0.28905523,0.9351884,0.20462066,,0.07220419,-0.017356902,0.04671532,0.75842047,-0.4275845,0.491904,-0.16518262,0.60398525,0.77968997,-0.6304862,-0.6725869,0.38744533,,0.10705382,1.344136,0.44330034,0.99579704,0.018153327,-0.08977041,-0.044473372,-0.7610047,-0.6472202,-0.0800649,0.64849234,-0.7569989,,-0.09136164,0.25613242,-0.08551783,0.8969397,0.08976301,0.43294543,-0.43013757,0.40386036,0.8073899,-0.102375746,-0.9104062,0.40084884,,-0.035561472,0.4159075,-0.37079582,-0.67632496,0.41384667,-0.60935664,-0.72422034,-0.22254393,0.65267074,0.134497,0.88272595,0.45022818,,0.8729082195064706,0.35777104586419883,0.19798885315000003,0.5839864926044004,0.005328823490852177,1.3634468841496947,-0.40051965016125246,,-1.0283282186002387,-0.27597185926041284,0.18914426648000002,-0.44810740922642855,1.091042450627042,-1.1482668523009447,0.8337081135493613,,-0.04730714937530631,-0.07404341185429444,0.0795457676,-0.07163176773016745,,-8.521229e-05,-5.9604645e-08,4.7683716e-07,1.0,6.523356e-05,5.589053e-05,-6.524101e-05,1.0,6.854534e-06,-5.588308e-05,-6.914139e-06,1.0,294,0.906,0,1,0.357,False,-0.2621419889274632,1.007800893885275
0.8811357709928416,13:39:59.690629,13:39:45.586212,0,,0.12545994,-4.8920512e-05,0.022312671,-0.8686403,-0.17700887,-0.46274367,-0.39535007,-0.3152707,0.8627297,-0.29860038,0.9323477,0.20387638,,0.07221894,-0.017347664,0.04670447,0.758437,-0.4275691,0.4918921,-0.16516232,0.60400355,0.7796801,-0.63047177,-0.67258024,0.38748038,,0.10705382,1.344136,0.44330034,0.99579704,0.018153327,-0.08977041,-0.044473372,-0.7610047,-0.6472202,-0.0800649,0.64849234,-0.7569989,,-0.0911723,0.25633627,-0.085455336,0.8925221,0.09648437,0.4405622,-0.44021723,0.3987357,0.804499,-0.098046295,-0.9119762,0.39835453,,-0.035576154,0.41590074,-0.37078318,-0.6763448,0.41382873,-0.60934675,-0.72420007,-0.22253121,0.65269756,0.13450633,0.8827376,0.4502026,,0.8746149434716741,0.3579409459874318,0.19800440863000002,0.5735019954301741,0.01257055797842052,1.3637493195044672,-0.4005196501612527,,-1.0283591095317357,-0.2759486910617902,0.18916371083000003,-0.44810740922642855,1.091042450627042,-1.1482668523009447,0.8337081135493613,,-0.04730714937530631,-0.07404341185429444,0.0795457676,-0.07163176773016745,,-8.521229e-05,-5.9604645e-08,4.7683716e-07,1.0,6.523356e-05,5.589053e-05,-6.524101e-05,1.0,6.854534e-06,-5.588308e-05,-6.914139e-06,1.0,298,0.918,0,1,0.357,False,-0.26136747858668974,1.00736637207826
0.9492023049970157,13:39:59.717751,13:39:45.586212,0,,0.12540302,-4.604459e-06,0.022350833,-0.866792,-0.17880161,-0.46551207,-0.39683583,-0.3179814,0.86105114,-0.30198157,0.93108416,0.20466888,,0.07222091,-0.017343625,0.046704113,0.75837755,-0.42767465,0.49189177,-0.16519232,0.60390455,0.7797504,-0.63053524,-0.6726021,0.38733917,,0.10705382,1.344136,0.44330034,0.99579704,0.018153327,-0.08977041,-0.044473372,-0.7610047,-0.6472202,-0.0800649,0.64849234,-0.7569989,,-0.09111903,0.25639808,-0.08545742,0.89097875,0.09838859,0.4432568,-0.44368804,0.3959886,0.80394894,-0.09642524,-0.9129692,0.3964713,,-0.035578534,0.41590217,-0.3707796,-0.6762771,0.41394636,-0.609342,-0.7242615,-0.22258484,0.6526111,0.13451569,0.8826689,0.45033446,,0.8751091983756245,0.35796411418605445,0.19798885315000003,0.5699372663909372,0.015166651473963889,1.3650628864201386,-0.3972527688385672,,-1.0283591095317357,-0.2759332455960417,0.18916630341000001,-0.44789771928294403,1.091042450627042,-1.1479401373403826,0.8333814254170927,,-0.04730714937530631,-0.07404341185429444,0.0795457676,-0.07163176773016745,,-8.521229e-05,-5.9604645e-08,4.7683716e-07,1.0,6.523356e-05,5.589053e-05,-6.524101e-05,1.0,6.854534e-06,-5.588308e-05,-6.914139e-06,1.0,315,0.972,0,1,0.357,False,-0.26243987752006825,1.0071249710743626
0.9763206109928433,13:39:59.759976,13:39:45.586212,0,,0.12535845,8.755922e-05,0.022462532,-0.86364335,-0.18229748,-0.4699869,-0.3998352,-0.3200774,0.8588842,-0.30700466,0.9296871,0.20354384,,0.07221986,-0.017327115,0.0467062,0.75838786,-0.42766583,0.49188364,-0.16510355,0.6039959,0.7796985,-0.6305463,-0.67252564,0.38745403,,0.10705382,1.344136,0.44330034,0.99579704,0.018153327,-0.08977041,-0.044473372,-0.7610047,-0.6472202,-0.0800649,0.64849234,-0.7569989,,-0.091084614,0.25654373,-0.085481085,0.8882872,0.101999134,0.44781917,-0.4494567,0.39371175,0.8018602,-0.09452262,-0.91355747,0.3955733,,-0.035579566,0.4159123,-0.3707664,-0.6762963,0.41392055,-0.6093382,-0.7242285,-0.22247522,0.6526851,0.13459715,0.88270867,0.45023224,,0.8757579079370594,0.3583656962955141,0.1979305201,0.5636465680864015,0.018309290968569022,1.3647056006189162,-0.40002961796284997,,-1.02836683226461,-0.27584057280155105,0.18916889599000003,-0.44789771928294403,1.091042450627042,-1.1480218160805231,0.8325647050864212,,-0.04730714937530631,-0.07404341185429444,0.0795457676,-0.07163176773016745,,-8.521229e-05,-5.9604645e-08,4.7683716e-07,1.0,6.523356e-05,5.589053e-05,-6.524101e-05,1.0,6.854534e-06,-5.588308e-05,-6.914139e-06,1.0,323,0.996,0,1,0.357,False,-0.26136747858668974,1.005483444247861
1.0184534080035519,13:39:59.788674,13:39:45.586212,0,,0.12531167,0.00016073883,0.022568896,-0.86392367,-0.18036996,-0.47021535,-0.40005448,-0.3213797,0.8582956,-0.3059284,0.9296137,0.20548975,,0.07221914,-0.017314017,0.0467093,0.75829387,-0.42757797,0.49210486,-0.16524479,0.6041434,0.7795543,-0.6306222,-0.6724491,0.38746327,,0.10705382,1.344136,0.44330034,0.99579704,0.018153327,-0.08977041,-0.044473372,-0.7610047,-0.6472202,-0.0800649,0.64849234,-0.7569989,,-0.09104747,0.25667185,-0.085513644,0.8884738,0.1000894,0.4478799,-0.44888446,0.39257947,0.8027354,-0.09548316,-0.9142557,0.39372516,,-0.0355806,0.41592148,-0.37075663,-0.6761806,0.41381013,-0.6095416,-0.72435105,-0.22234827,0.65259236,0.13451882,0.8827924,0.4500914,,0.8762212719095128,0.3588367830008418,0.19787218705,0.5640659479733705,0.017079562470680057,1.3661167554528868,-0.3992128976321785,,-1.0283591095317357,-0.27577106820568303,0.18916889599000003,-0.447478339395975,1.0909058141272765,-1.1478287194366863,0.8310946084912129,,-0.04730714937530631,-0.07404341185429444,0.0795457676,-0.07163176773016745,,-8.521229e-05,-5.9604645e-08,4.7683716e-07,1.0,6.523356e-05,5.589053e-05,-6.524101e-05,1.0,6.854534e-06,-5.588308e-05,-6.914139e-06,1.0,345,1.066,0,1,0.357,False,-0.26106958999408425,1.0051937630431842
1.0472409130015876,13:39:59.850949,13:39:45.763069,0,,0.12522252,0.00037644804,0.022818968,-0.8664877,-0.17435956,-0.46775824,-0.39824465,-0.3235473,0.858323,-0.30099875,0.93000853,0.21091199,,0.07221174,-0.017286584,0.046714365,0.75830156,-0.42769012,0.49199557,-0.16508812,0.6041197,0.77960587,-0.630654,-0.67239904,0.38749844,,0.10705382,1.344136,0.44330034,0.99579704,0.018153327,-0.08977041,-0.044473372,-0.7610047,-0.6472202,-0.0800649,0.64849234,-0.7569989,,-0.09098103,0.25700423,-0.08555969,0.8905948,0.094074346,0.4449617,-0.44409657,0.3908702,0.806225,-0.09807719,-0.91562575,0.3898851,,-0.035576835,0.41594037,-0.3707351,-0.6762032,0.41391942,-0.60944235,-0.724302,-0.222302,0.6526626,0.13466945,0.88275284,0.450124,,0.8773178999776527,0.3602423203839507,0.19775163208000002,0.568259746843061,0.012843830977951401,1.369162316766773,-0.40002961796284997,,-1.0283513867988614,-0.2756088908153243,0.18916889599000003,-0.447478339395975,1.0909058141272765,-1.1477470406965458,0.8312579525573471,,-0.04730714937530631,-0.07404341185429444,0.0795457676,-0.07163176773016745,,-8.521229e-05,-5.9604645e-08,4.7683716e-07,1.0,6.523356e-05,5.589053e-05,-6.524101e-05,1.0,6.854534e-06,-5.588308e-05,-6.914139e-06,1.0,354,1.095,0,1,0.357,False,-0.2616653671792948,1.0055317244486406
1.1095183840079699,13:39:59.882550,13:39:45.763069,0,,0.1252063,0.0005978346,0.022988304,-0.86792344,-0.17403056,-0.46521196,-0.39558148,-0.32421425,0.85930216,-0.30037323,0.9298378,0.21254995,,0.0722121,-0.017275885,0.046715558,0.75833523,-0.42766935,0.4919617,-0.16514814,0.6040317,0.7796613,-0.6305978,-0.6724913,0.38742977,,0.10705382,1.344136,0.44330034,0.99579704,0.018153327,-0.08977041,-0.044473372,-0.7610047,-0.6472202,-0.0800649,0.64849234,-0.7569989,,-0.090980284,0.25728256,-0.08553764,0.8919624,0.093763515,0.44227985,-0.44161528,0.3902413,0.8078909,-0.096845165,-0.91592586,0.38948795,,-0.035578508,0.41594666,-0.37072656,-0.67623466,0.41391695,-0.6094091,-0.7242878,-0.22242753,0.6526355,0.13458754,0.8827224,0.45020822,,0.8781056187308236,0.36148568037670087,0.1977101508,0.5709857161083598,0.012843830977951401,1.3686722443259298,-0.40002961796284997,,-1.0283591095317357,-0.27554710895233053,0.18917019228,-0.447478339395975,1.0907691776275112,-1.1476356227928495,0.8312579525573471,,-0.04730714937530631,-0.07404341185429444,0.0795457676,-0.07163176773016745,,-8.521229e-05,-5.9604645e-08,4.7683716e-07,1.0,6.523356e-05,5.589053e-05,-6.524101e-05,1.0,6.854534e-06,-5.588308e-05,-6.914139e-06,1.0,367,1.135,0,1,0.357,False,-0.2612483231496481,1.005386883846302
