Task Time,PC1 Time,PC2 Time,Gaze Calib,s_T_psm1,Tx,Ty,Tz,R00,R01,R02,R10,R11,R12,R20,R21,R22,s_T_psm3,Tx,Ty,Tz,R00,R01,R02,R10,R11,R12,R20,R21,R22,cart_T_ecm,Tx,Ty,Tz,R00,R01,R02,R10,R11,R12,R20,R21,R22,ecm_T_psm1,Tx,Ty,Tz,R00,R01,R02,R10,R11,R12,R20,R21,R22,ecm_T_psm3,Tx,Ty,Tz,R00,R01,R02,R10,R11,R12,R20,R21,R22,psm1_joints,q1,q2,q3,q4,q5,q6,jaw,psm3_joints,q1,q2,q3,q4,q5,q6,jaw,ecm_joints,q1,q2,q3,q4,ecmi_T_ecm,Tx,Ty,Tz,R00,R01,R02,R10,R11,R12,R20,R21,R22,Sample #,Task Duration (s),Collisions (binary),Collisions (increments),Cumulative Collision Time (s),Clutch Press,MTMR Angle,MTML Angle
""
lci_T_si,,,,,-0.06259683,0.01659313,0.23760831,0.9956777,0.007211218,0.092595145,0.06714547,-0.7446932,-0.6640207,0.064166576,0.667368,-0.7419586
rci_T_si,,,,,-0.07226873,0.020610977,0.24667586,0.9915926,-0.008221844,0.1291379,0.082045324,-0.731784,-0.6765802,0.100063786,0.681487,-0.724957
ecm_T_lc,,,,,-4.4061628e-05,-0.00034663224,-0.01840835,-0.99912,0.030754527,0.028518902,-0.031987965,-0.99852574,-0.043852776,0.027128186,-0.04472645,0.9986309
ecm_T_rc,,,,,-0.0043358393,0.01870579,-0.007592615,-0.99555075,-0.052743673,-0.078081585,0.04863213,-0.9973746,0.053654674,-0.08070653,0.04961868,0.9955021
cart_T_ecmi,,,,,0.107138716,1.3441325,0.44329387,0.9957932,0.018087745,-0.08982618,-0.04455919,-0.76100624,-0.64721245,-0.0800649,0.64849234,-0.7569989
ecmac_T_ecmrep_psm1,,,,,0.009765618,-0.25445068,-0.30803946,0.99882644,0.038876563,0.028886087,-0.03766685,0.99843633,-0.041304655,-0.030446703,0.040168133,0.99872893
ecmac_T_ecmrep_psm3,,,,,-0.021997124,-0.45765886,-0.55608475,0.99248636,-0.054456197,0.10956896,0.02285623,0.96224946,0.27120772,-0.12020161,-0.2666656,0.9562641
""
0,13:36:11.242010,13:35:57.135555,0,,0.12692824,-0.001984492,0.024891451,-0.9786874,-0.18893436,-0.08046575,-0.12523939,0.23860759,0.9630064,-0.16274528,0.9525597,-0.25718433,,0.060272083,-0.016821042,0.04259664,0.0065215314,-0.8763227,0.4816802,-0.3362915,0.4517126,0.82635564,-0.94173527,-0.1673741,-0.29175407,,0.10708749,1.3441336,0.44329837,0.99579626,0.018140048,-0.089781694,-0.044490747,-0.761005,-0.64721864,-0.0800649,0.64849234,-0.7569989,,-0.09288394,0.25653112,-0.08856784,0.989507,0.104848884,0.099411204,-0.14240098,0.8241375,0.54819643,-0.024450717,-0.55660045,0.83042043,,-0.023483709,0.41421992,-0.36761436,0.11458024,0.83074445,-0.5447339,-0.97613573,0.1959771,0.09355216,0.1844733,0.521015,0.83337444,,0.864598558933805,0.3602654885825734,0.19491534956,0.9001989273790632,0.0075150074870992244,0.8234829789043874,-0.40002961796284986,,-0.9104561467409501,-0.24583003285231458,0.18385540328000002,0.8245008577811497,0.7635247606892812,0.2280808327083529,0.8760142266781397,,-0.04730714937530631,-0.07404341185429444,0.0795457676,-0.07163176773016745,,-5.1416457e-05,1.1324883e-06,5.9604645e-07,1.0,5.202368e-05,4.4576824e-05,-5.203113e-05,0.99999994,5.4836273e-06,-4.4569373e-05,-5.543232e-06,1.0,34,0.104,1,1,0.079,False,-0.2626186106756321,1.0499977893665218
0.1250747719896026,13:36:11.264125,13:35:57.135555,0,,0.12690623,-0.0019598305,0.02506797,-0.9772844,-0.19510669,-0.0827558,-0.12797135,0.23200837,0.9642589,-0.16893336,0.9529456,-0.25170618,,0.060270004,-0.016820356,0.042595685,0.006629074,-0.8764333,0.48147744,-0.33638895,0.45147267,0.8264471,-0.9416997,-0.1674423,-0.29182965,,0.10708749,1.3441336,0.44329837,0.99579626,0.018140048,-0.089781694,-0.044490747,-0.761005,-0.64721864,-0.0800649,0.64849234,-0.7569989,,-0.09287741,0.25666854,-0.08868328,0.9886547,0.11098541,0.10121354,-0.14864287,0.81986886,0.55291986,-0.021615783,-0.56169146,0.82706434,,-0.023481643,0.41421968,-0.36761314,0.11448173,0.83088714,-0.54453695,-0.9761676,0.19581467,0.09355935,0.18436559,0.5208485,0.83350235,,0.8651082593035038,0.36060528882903925,0.19477146137,0.8945372989049808,0.011887375479593319,0.8288205886614233,-0.40215309082259554,,-0.9104484240080759,-0.24583003285231458,0.18385540328000002,0.8242911678376652,0.7635247606892812,0.22816251144849342,0.8758508826120054,,-0.04730714937530631,-0.07404341185429444,0.0795457676,-0.07163176773016745,,-5.1416457e-05,1.1324883e-06,5.9604645e-07,1.0,5.202368e-05,4.4576824e-05,-5.203113e-05,0.99999994,5.4836273e-06,-4.4569373e-05,-5.543232e-06,1.0,41,0.124,1,1,0.099,False,-0.262797343831195,1.0506737121774343
0.1471806560002733,13:36:11.294723,13:35:57.249318,0,,0.12684397,-0.0018461496,0.025310114,-0.97540087,-0.20414442,-0.08317524,-0.12918724,0.22364646,0.9660708,-0.17861612,0.95305145,-0.24451783,,0.060270116,-0.016819432,0.042596042,0.006747178,-0.87657833,0.48121172,-0.3364814,0.45117116,0.8265741,-0.9416658,-0.16749588,-0.29190814,,0.10708749,1.3441336,0.44329837,0.99579626,0.018140048,-0.089781694,-0.044490747,-0.761005,-0.64721864,-0.0800649,0.64849234,-0.7569989,,-0.092836745,0.25691825,-0.08879014,0.9876219,0.12000638,0.101002194,-0.15612,0.814278,0.5590866,-0.015149905,-0.5679347,0.8229342,,-0.023481898,0.41422048,-0.36761254,0.11437235,0.8310695,-0.5442815,-0.9761999,0.19563897,0.09359001,0.18426248,0.52062345,0.8336657,,0.8662666692346375,0.3612385529247257,0.19461072141000002,0.8882466006004451,0.020358838465050627,0.8348995983145946,-0.3990495535660441,,-0.9104561467409501,-0.24583003285231458,0.18385540328000002,0.8240814778941807,0.7635247606892812,0.2283258689287746,0.8755241944797368,,-0.04730714937530631,-0.07404341185429444,0.0795457676,-0.07163176773016745,,-5.1416457e-05,1.1324883e-06,5.9604645e-07,1.0,5.202368e-05,4.4576824e-05,-5.203113e-05,0.99999994,5.4836273e-06,-4.4569373e-05,-5.543232e-06,1.0,54,0.165,1,1,0.14,False,-0.2626781883941529,1.050335750771978
0.17779262899421155,13:36:11.327295,13:35:57.249318,0,,0.12666838,-0.0016178936,0.025477678,-0.97490364,-0.20690572,-0.08217505,-0.12859745,0.22206628,0.9665139,-0.18172899,0.9528254,-0.24310085,,0.060269,-0.016819224,0.04259485,0.006945312,-0.87679017,0.48082286,-0.33648884,0.45074528,0.8268033,-0.9416617,-0.16753398,-0.29189956,,0.10708749,1.3441336,0.44329837,0.99579626,0.018140048,-0.089781694,-0.044490747,-0.761005,-0.64721864,-0.0800649,0.64849234,-0.7569989,,-0.09267707,0.25721014,-0.08877211,0.9873947,0.1227819,0.099881485,-0.15778919,0.813121,0.5603006,-0.012420962,-0.56899804,0.82224506,,-0.023480708,0.4142197,-0.3676117,0.11417676,0.83133084,-0.54392344,-0.97622645,0.19542396,0.093762435,0.18424328,0.520287,0.83388,,0.8680274523299607,0.36201854894502233,0.19456146239000002,0.886569081052569,0.02418466045848296,0.8344752954357333,-0.4018264026903269,,-0.9104484240080759,-0.2458377555851888,0.18385669957000003,0.8238717879506963,0.7636613971890466,0.2286228447257811,0.8763409148104081,,-0.04730714937530631,-0.07404341185429444,0.0795457676,-0.07163176773016745,,-5.1416457e-05,1.1324883e-06,5.9604645e-07,1.0,5.202368e-05,4.4576824e-05,-5.203113e-05,0.99999994,5.4836273e-06,-4.4569373e-05,-5.543232e-06,1.0,62,0.19,1,1,0.165,False,-0.26309523242380006,1.0507219923782136
0.21033519500633702,13:36:11.354813,13:35:57.249318,0,,0.12658587,-0.0015053749,0.025526702,-0.9749893,-0.20643762,-0.082336456,-0.12850195,0.22134551,0.966692,-0.18133679,0.95309466,-0.24233714,,0.060267895,-0.01681894,0.042595267,0.007031178,-0.8767388,0.48091534,-0.3363953,0.45082396,0.82679856,-0.9416945,-0.16759104,-0.29176098,,0.10708749,1.3441336,0.44329837,0.99579626,0.018140048,-0.089781694,-0.044490747,-0.761005,-0.64721864,-0.0800649,0.64849234,-0.7569989,,-0.09259948,0.25733137,-0.08873813,0.98744565,0.1222945,0.099975474,-0.15745144,0.8127372,0.56095207,-0.01265244,-0.56965095,0.8217893,,-0.023479689,0.41422036,-0.36761162,0.11408406,0.83127606,-0.54402655,-0.97621983,0.19540699,0.0938668,0.18433583,0.5203808,0.83380103,,0.8687688346858862,0.3623892401229851,0.19456664755000003,0.886569081052569,0.02418466045848296,0.8345569741758738,-0.40198974675646126,,-0.9104407012752017,-0.2458377555851888,0.18385669957000003,0.8238717879506963,0.7639346701885775,0.22840000891838802,0.8766676029426765,,-0.04730714937530631,-0.07404341185429444,0.0795457676,-0.07163176773016745,,-5.1416457e-05,1.1324883e-06,5.9604645e-07,1.0,5.202368e-05,4.4576824e-05,-5.203113e-05,0.99999994,5.4836273e-06,-4.4569373e-05,-5.543232e-06,1.0,74,0.227,1,1,0.202,False,-0.26339312101640555,1.0503840309727575
0.23784969199914485,13:36:11.389736,13:35:57.249318,0,,0.12653181,-0.00133048,0.02554448,-0.9754742,-0.20472047,-0.08086708,-0.1265134,0.22081849,0.96707463,-0.18012303,0.9535872,-0.2413027,,0.060266778,-0.01681821,0.042596936,0.0072081806,-0.87679064,0.48081803,-0.33620563,0.4507143,0.8269355,-0.94176096,-0.16761446,-0.29153314,,0.10708749,1.3441336,0.44329837,0.99579626,0.018140048,-0.089781694,-0.044490747,-0.761005,-0.64721864,-0.0800649,0.64849234,-0.7569989,,-0.092547715,0.25747633,-0.088637464,0.98781717,0.12054279,0.09842071,-0.15513599,0.8125708,0.5618376,-0.012248328,-0.5702614,0.821372,,-0.023478812,0.41422227,-0.36761177,0.113893226,0.831342,-0.5439659,-0.9762067,0.19533959,0.09414316,0.18452322,0.52030087,0.83380944,,0.8694947715760634,0.36300705875292305,0.19463146205,0.8886659804874143,0.02418466045848296,0.8344752954357333,-0.4018264026903269,,-0.9104329785423274,-0.2458377555851888,0.18385669957000003,0.8238717879506963,0.764071306688343,0.22861530597525404,0.875687538545871,,-0.04730714937530631,-0.07404341185429444,0.0795457676,-0.07163176773016745,,-5.1416457e-05,1.1324883e-06,5.9604645e-07,1.0,5.202368e-05,4.4576824e-05,-5.203113e-05,0.99999994,5.4836273e-06,-4.4569373e-05,-5.543232e-06,1.0,87,0.268,1,1,0.243,False,-0.2634526987349264,1.0505288715750958
0.27280040900222957,13:36:11.426481,13:35:57.378654,0,,0.1265822,-0.0012217313,0.025467798,-0.97524935,-0.20547143,-0.081670985,-0.12736197,0.2200957,0.96712804,-0.18074176,0.9535928,-0.24081746,,0.06026885,-0.016819015,0.04259628,0.00721287,-0.87678623,0.48082602,-0.33620924,0.45071974,0.826931,-0.9417596,-0.16762272,-0.2915327,,0.10708749,1.3441336,0.44329837,0.99579626,0.018140048,-0.089781694,-0.044490747,-0.761005,-0.64721864,-0.0800649,0.64849234,-0.7569989,,-0.09259163,0.25750285,-0.08850477,0.9876495,0.12129271,0.09917933,-0.15619238,0.81208336,0.5622496,-0.012345104,-0.5707966,0.82099867,,-0.023480706,0.41422105,-0.36761224,0.113888875,0.8313377,-0.54397327,-0.976208,0.1953346,0.09414028,0.18451917,0.5203095,0.83380497,,0.8694329897130695,0.3633854726637601,0.19475460960000002,0.8876175307699916,0.02404802395871752,0.8348317495598514,-0.4023164348887298,,-0.9104407012752017,-0.24584547831806305,0.18385799586,0.8238717879506963,0.764071306688343,0.22861530597525404,0.875687538545871,,-0.04730714937530631,-0.07404341185429444,0.0795457676,-0.07163176773016745,,-5.1416457e-05,1.1324883e-06,5.9604645e-07,1.0,5.202368e-05,4.4576824e-05,-5.203113e-05,0.99999994,5.4836273e-06,-4.4569373e-05,-5.543232e-06,1.0,95,0.292,1,1,0.267,False,-0.2639888982016152,1.0505288715750958
0.3095380429876968,13:36:11.455302,13:35:57.378654,0,,0.12669596,-0.0010454357,0.025294274,-0.9752353,-0.20540595,-0.08200338,-0.127494,0.2191391,0.96732783,-0.18072477,0.95382714,-0.23990026,,0.060265556,-0.01681897,0.042595327,0.0072881756,-0.876779,0.48083812,-0.33612067,0.45072496,0.82696414,-0.9417906,-0.16764675,-0.2914186,,0.10708749,1.3441336,0.44329837,0.99579626,0.018140048,-0.089781694,-0.044490747,-0.761005,-0.64721864,-0.0800649,0.64849234,-0.7569989,,-0.092690445,0.25751108,-0.08825118,0.9876344,0.1212102,0.09943029,-0.1562799,0.8115256,0.56303,-0.012445243,-0.57160676,0.8204333,,-0.023477368,0.41422066,-0.36761153,0.11380704,0.831332,-0.5439991,-0.9762009,0.19531558,0.094253056,0.18460709,0.5203257,0.83377534,,0.8691009121994778,0.3639801230950754,0.19500479357000003,0.8876175307699916,0.023364841459890314,0.8355521965586146,-0.40198974675646115,,-0.910417533076579,-0.24584547831806305,0.18385799586,0.8238717879506963,0.7642079431881085,0.22858556681169795,0.8758508826120052,,-0.04730714937530631,-0.07404341185429444,0.0795457676,-0.07163176773016745,,-5.1416457e-05,1.1324883e-06,5.9604645e-07,1.0,5.202368e-05,4.4576824e-05,-5.203113e-05,0.99999994,5.4836273e-06,-4.4569373e-05,-5.543232e-06,1.0,112,0.346,1,1,0.321,False,-0.262797343831195,1.0504805913743163
0.338371455000015,13:36:11.505856,13:35:57.378654,0,,0.1268473,-0.00076161325,0.025145113,-0.97465676,-0.20726895,-0.084165305,-0.12979712,0.21753082,0.9673845,-0.18220022,0.9537923,-0.2389209,,0.060261052,-0.016820535,0.04259032,0.00726121,-0.8768284,0.4807485,-0.33613938,0.450645,0.82700014,-0.94178414,-0.16760358,-0.29146433,,0.10708749,1.3441336,0.44329837,0.99579626,0.018140048,-0.089781694,-0.044490747,-0.761005,-0.64721864,-0.0800649,0.64849234,-0.7569989,,-0.09282918,0.25761312,-0.087941274,0.98719335,0.123074286,0.10149893,-0.15900917,0.810421,0.56385624,-0.0128606595,-0.5727744,0.81961215,,-0.0234723,0.41421622,-0.36761013,0.113835275,0.83138615,-0.54391044,-0.976201,0.19531973,0.09424348,0.18458916,0.5202377,0.8338343,,0.8688846756789996,0.365138533026209,0.19527831076000002,0.8848915615046928,0.022681658961063115,0.8361092860770967,-0.40198974675646115,,-0.9103789194122078,-0.24585320105093728,0.18385929215000002,0.8238717879506963,0.7642079431881085,0.2286672455518386,0.8760142266781398,,-0.04730714937530631,-0.07404341185429444,0.0795457676,-0.07163176773016745,,-5.1416457e-05,1.1324883e-06,5.9604645e-07,1.0,5.202368e-05,4.4576824e-05,-5.203113e-05,0.99999994,5.4836273e-06,-4.4569373e-05,-5.543232e-06,1.0,120,0.37,1,1,0.345,False,-0.26351227645344677,1.0506737121774343
0.3889145989960525,13:36:11.531094,13:35:57.378654,0,,0.12696928,-0.0004724115,0.025050208,-0.9745769,-0.20738256,-0.084806964,-0.13015327,0.21591392,0.96769893,-0.1823729,0.95413494,-0.23741627,,0.06026391,-0.016822845,0.042591274,0.007270612,-0.87685883,0.48069274,-0.33614668,0.45058843,0.82702804,-0.94178146,-0.16759631,-0.29147714,,0.10708749,1.3441336,0.44329837,0.99579626,0.018140048,-0.089781694,-0.044490747,-0.761005,-0.64721864,-0.0800649,0.64849234,-0.7569989,,-0.092943385,0.25775713,-0.08766972,0.9871299,0.12316288,0.10200667,-0.15939361,0.80945605,0.5651324,-0.012966575,-0.5741183,0.8186697,,-0.023474947,0.41421548,-0.36761272,0.113826565,0.8314221,-0.54385734,-0.97620356,0.19530207,0.094253674,0.18458104,0.5201869,0.8338677,,0.8688692302132511,0.36638961575183343,0.19551034667000003,0.8844721816177237,0.021861839962470472,0.8367777934992752,-0.4023164348887299,,-0.9103943648779563,-0.24586864651668572,0.18385929215000002,0.8238717879506963,0.7642079431881085,0.22874892429197913,0.8761775707442739,,-0.04730714937530631,-0.07404341185429444,0.0795457676,-0.07163176773016745,,-5.1416457e-05,1.1324883e-06,5.9604645e-07,1.0,5.202368e-05,4.4576824e-05,-5.203113e-05,0.99999994,5.4836273e-06,-4.4569373e-05,-5.543232e-06,1.0,133,0.411,1,1,0.386,False,-0.2629164992682367,1.0506737121774343
0.41413728101179004,13:36:11.570232,13:35:57.378654,0,,0.1271387,-4.6744943e-05,0.024998724,-0.9740766,-0.20857106,-0.0875945,-0.13264722,0.21295196,0.9680165,-0.18324684,0.9545414,-0.23509794,,0.060265154,-0.016824663,0.042592943,0.0073928116,-0.87691873,0.48058173,-0.33624876,0.4504298,0.827073,-0.94174415,-0.16770941,-0.2915329,,0.10708749,1.3441336,0.44329837,0.99579626,0.018140048,-0.089781694,-0.044490747,-0.761005,-0.64721864,-0.0800649,0.64849234,-0.7569989,,-0.093109064,0.25802854,-0.08733591,0.98671526,0.12432105,0.10458162,-0.16185847,0.8076002,0.56708354,-0.013959716,-0.57647735,0.8169939,,-0.023476118,0.41421586,-0.36761522,0.11371393,0.8315093,-0.5437476,-0.97623813,0.19513448,0.09424273,0.18446761,0.5201104,0.83394057,,0.8689619030077418,0.3684284172306287,0.19577478983000002,0.8817462123524249,0.020222201965285187,0.8379514508633512,-0.4023164348887298,,-0.9104098103437048,-0.24588409198243416,0.18385799586,0.8236620980072117,0.7642079431881085,0.22874892429197913,0.8761775707442739,,-0.04730714937530631,-0.07404341185429444,0.0795457676,-0.07163176773016745,,-5.1416457e-05,1.1324883e-06,5.9604645e-07,1.0,5.202368e-05,4.4576824e-05,-5.203113e-05,0.99999994,5.4836273e-06,-4.4569373e-05,-5.543232e-06,1.0,141,0.436,1,1,0.411,False,-0.2634526987349264,1.050335750771978
0.45329987799050286,13:36:11.597940,13:35:57.378654,0,,0.12721819,0.00013913214,0.025015846,-0.97311765,-0.211382,-0.09143126,-0.13694383,0.21188557,0.9676522,-0.18517129,0.95416033,-0.23513716,,0.060262978,-0.01682493,0.042591512,0.007382243,-0.8769235,0.48057312,-0.33625376,0.45042384,0.82707417,-0.9417424,-0.1677002,-0.29154372,,0.10708749,1.3441336,0.44329837,0.99579626,0.018140048,-0.089781694,-0.044490747,-0.761005,-0.64721864,-0.0800649,0.64849234,-0.7569989,,-0.09319033,0.25817317,-0.08721908,0.9859404,0.12715782,0.108408466,-0.1663903,0.8067242,0.5670188,-0.015354854,-0.5770849,0.8165398,,-0.023473797,0.41421476,-0.3676146,0.1137248,0.83151394,-0.54373825,-0.9762377,0.1951401,0.094235174,0.184463,0.5201009,0.83394754,,0.869000516672113,0.36943237250427785,0.19585645610000002,0.8769233436522809,0.0192657464669271,0.8377512313075394,-0.4029698111532669,,-0.9103943648779563,-0.24588409198243416,0.18385799586,0.8236620980072117,0.7642079431881085,0.22874892429197913,0.8761775707442739,,-0.04730714937530631,-0.07404341185429444,0.0795457676,-0.07163176773016745,,-5.1416457e-05,1.1324883e-06,5.9604645e-07,1.0,5.202368e-05,4.4576824e-05,-5.203113e-05,0.99999994,5.4836273e-06,-4.4569373e-05,-5.543232e-06,1.0,154,0.477,1,1,0.452,False,-0.26309523242380006,1.0507219923782136
0.4809996969997883,13:36:11.637225,13:35:57.378654,0,,0.1272954,0.00042919815,0.025053367,-0.973209,-0.20839322,-0.09714161,-0.14143518,0.2095033,0.9675248,-0.18127415,0.955343,-0.23336467,,0.060261868,-0.016824663,0.04259193,0.0074680867,-0.8768721,0.48066548,-0.33616018,0.45050263,0.82706934,-0.94177514,-0.16775726,-0.2914051,,0.10708749,1.3441336,0.44329837,0.99579626,0.018140048,-0.089781694,-0.044490747,-0.761005,-0.64721864,-0.0800649,0.64849234,-0.7569989,,-0.09327142,0.25840887,-0.08704772,0.9857077,0.1240853,0.113943934,-0.16711885,0.80556405,0.5684521,-0.021252587,-0.5793698,0.8147877,,-0.023472778,0.41421545,-0.3676145,0.113632105,0.83145916,-0.5438413,-0.97623104,0.19512317,0.09433958,0.18455555,0.52019477,0.8338685,,0.8691086349323521,0.3710695918736135,0.19597052962000003,0.8748264442174356,0.012707194478185961,0.839260389898361,-0.4021530908225954,,-0.9103866421450821,-0.24588409198243416,0.18385799586,0.8236620980072117,0.7643445796878738,0.22863750638828284,0.8761775707442739,,-0.04730714937530631,-0.07404341185429444,0.0795457676,-0.07163176773016745,,-5.1416457e-05,1.1324883e-06,5.9604645e-07,1.0,5.202368e-05,4.4576824e-05,-5.203113e-05,0.99999994,5.4836273e-06,-4.4569373e-05,-5.543232e-06,1.0,162,0.501,1,1,0.476,False,-0.2622611443645053,1.0511565141852286
0.5202667049888987,13:36:11.663015,13:35:57.378654,0,,0.12730949,0.0005186945,0.025076613,-0.97292,-0.20923224,-0.09822745,-0.1426891,0.20934784,0.9673743,-0.18184221,0.95519376,-0.23353398,,0.060263123,-0.016826376,0.042595267,0.007478061,-0.8768654,0.48067778,-0.3361613,0.45051104,0.8270643,-0.94177467,-0.16777015,-0.29139927,,0.10708749,1.3441336,0.44329837,0.99579626,0.018140048,-0.089781694,-0.044490747,-0.761005,-0.64721864,-0.0800649,0.64849234,-0.7569989,,-0.09328775,0.25848997,-0.08700408,0.985473,0.1249346,0.115040846,-0.16844624,0.8053998,0.5682931,-0.021654401,-0.5794157,0.8147445,,-0.023474121,0.4142173,-0.36761776,0.113622315,0.8314526,-0.5438534,-0.97623247,0.19511537,0.09434047,0.18455379,0.5202082,0.8338605,,0.8692708123227109,0.3715252331131927,0.19599515913,0.873358614613044,0.012433921478655081,0.8388297957846296,-0.40084633829352123,,-0.9104020876108305,-0.24589181471530838,0.18385540328000002,0.8236620980072117,0.7643445796878738,0.22863750638828284,0.8761775707442739,,-0.04730714937530631,-0.07404341185429444,0.0795457676,-0.07163176773016745,,-5.1416457e-05,1.1324883e-06,5.9604645e-07,1.0,5.202368e-05,4.4576824e-05,-5.203113e-05,0.99999994,5.4836273e-06,-4.4569373e-05,-5.543232e-06,1.0,175,0.542,1,1,0.517,False,-0.2635718541719685,1.0502874705711984
0.5460439290036447,13:36:11.702865,13:35:57.378654,0,,0.12717049,0.00050863624,0.025083393,-0.973554,-0.20474263,-0.10135636,-0.14413732,0.20626137,0.96782255,-0.17724866,0.9568367,-0.23031765,,0.060262367,-0.016827762,0.042594254,0.007472203,-0.87682647,0.4807487,-0.33616996,0.45057812,0.82702416,-0.94177157,-0.16779299,-0.29139593,,0.10708749,1.3441336,0.44329837,0.99579626,0.018140048,-0.089781694,-0.044490747,-0.761005,-0.64721864,-0.0800649,0.64849234,-0.7569989,,-0.09314984,0.25849542,-0.08702449,0.9857108,0.12032923,0.117877565,-0.16641814,0.80393314,0.57096106,-0.02606238,-0.5824194,0.81247056,,-0.023473125,0.41421583,-0.3676184,0.11362883,0.83140856,-0.5439194,-0.97623336,0.1951237,0.094314106,0.18454511,0.5202754,0.83382046,,0.8697805126924096,0.371293551126966,0.19597312220000002,0.8741973743869821,0.008198189985926425,0.8425287870196403,-0.40133637049192417,,-0.9103943648779563,-0.2458995374481826,0.18385540328000002,0.8236620980072117,0.7643445796878738,0.2285558276481422,0.8763409148104082,,-0.04730714937530631,-0.07404341185429444,0.0795457676,-0.07163176773016745,,-5.1416457e-05,1.1324883e-06,5.9604645e-07,1.0,5.202368e-05,4.4576824e-05,-5.203113e-05,0.99999994,5.4836273e-06,-4.4569373e-05,-5.543232e-06,1.0,183,0.567,1,1,0.542,False,-0.2634526987349264,1.0505288715750958
0.58593280200148,13:36:11.730648,13:35:57.378654,0,,0.12701222,0.00050126016,0.025151387,-0.9745261,-0.19779967,-0.10570766,-0.14594348,0.20141724,0.9685719,-0.17029187,0.9593259,-0.22515392,,0.06026028,-0.016826674,0.042594373,0.007670829,-0.8768438,0.48071405,-0.3361711,0.45048732,0.8270732,-0.9417696,-0.16794655,-0.29131395,,0.10708749,1.3441336,0.44329837,0.99579626,0.018140048,-0.089781694,-0.044490747,-0.761005,-0.64721864,-0.0800649,0.64849234,-0.7569989,,-0.092998035,0.2585449,-0.08708957,0.98608166,0.11321195,0.12176223,-0.16305849,0.801578,0.5752257,-0.0324795,-0.58707386,0.8088815,,-0.023471199,0.4142168,-0.36761743,0.11343222,0.8314495,-0.54389787,-0.97625864,0.1949492,0.094413355,0.18453239,0.5202755,0.83382326,,0.8703597176579765,0.3712472147297206,0.19589793738000003,0.8758748939348582,0.0016396379971852853,0.8482035613576306,-0.40198974675646126,,-0.9103866421450821,-0.2458995374481826,0.18385540328000002,0.8234524080637271,0.7644812161876393,0.2284444097444457,0.8756875385458709,,-0.04730714937530631,-0.07404341185429444,0.0795457676,-0.07163176773016745,,-5.1416457e-05,1.1324883e-06,5.9604645e-07,1.0,5.202368e-05,4.4576824e-05,-5.203113e-05,0.99999994,5.4836273e-06,-4.4569373e-05,-5.543232e-06,1.0,196,0.608,0,1,0.569,False,-0.2620824112089424,1.0496115477602863
0.6137152599985711,13:36:11.767258,13:35:57.720537,0,,0.12685947,0.0005173832,0.025245473,-0.9748321,-0.19462861,-0.108729035,-0.14775069,0.19879451,0.96883965,-0.1669492,0.96052086,-0.22254783,,0.060262218,-0.016828522,0.04259169,0.0076696686,-0.8768791,0.4806497,-0.33618343,0.45042476,0.8271023,-0.9417652,-0.1679301,-0.2913376,,0.10708749,1.3441336,0.44329837,0.99579626,0.018140048,-0.089781694,-0.044490747,-0.761005,-0.64721864,-0.0800649,0.64849234,-0.7569989,,-0.092854075,0.25862888,-0.0871579,0.98610234,0.109957546,0.124545336,-0.16215134,0.8002365,0.577346,-0.036182173,-0.5895175,0.80694485,,-0.023472667,0.4142133,-0.36761776,0.113434374,0.83149004,-0.5438354,-0.9762608,0.19493712,0.09441597,0.18451965,0.52021515,0.83386374,,0.8711242682125246,0.3712703829283433,0.19581238224000003,0.8756652039913736,-0.0016396379971852853,0.8508775910463449,-0.40198974675646126,,-0.9103866421450821,-0.24591498291393107,0.18385799586,0.8234524080637271,0.7644812161876393,0.22852608848458622,0.8755241944797366,,-0.04730714937530631,-0.07404341185429444,0.0795457676,-0.07163176773016745,,-5.1416457e-05,1.1324883e-06,5.9604645e-07,1.0,5.202368e-05,4.4576824e-05,-5.203113e-05,0.99999994,5.4836273e-06,-4.4569373e-05,-5.543232e-06,1.0,204,0.632,0,1,0.569,False,-0.2630356547052788,1.049804668563404
0.6503273609851021,13:36:11.798312,13:35:57.720537,0,,0.12664257,0.0005814731,0.025322542,-0.9749122,-0.19191453,-0.112759784,-0.15065919,0.19602603,0.9689559,-0.16385286,0.96163523,-0.2200219,,0.060259372,-0.016828805,0.042590916,0.007862421,-0.87689674,0.4806143,-0.33619314,0.4503334,0.827148,-0.9417601,-0.16808265,-0.291266,,0.10708749,1.3441336,0.44329837,0.99579626,0.018140048,-0.089781694,-0.044490747,-0.761005,-0.64721864,-0.0800649,0.64849234,-0.7569989,,-0.09264488,0.258741,-0.08718548,0.9859229,0.10716583,0.12834142,-0.16223978,0.7987607,0.5793613,-0.040426347,-0.59202766,0.80490303,,-0.023469742,0.41421282,-0.36761743,0.11324428,0.83153135,-0.54381186,-0.9762869,0.19476324,0.0945048,0.18449828,0.52021426,0.833869,,0.8723135690751552,0.37128582839409174,0.19576053064,0.8741973743869821,-0.004918913991555856,0.8533882632547778,-0.4016630586241927,,-0.9103711966793336,-0.2459227056468053,0.18385799586,0.8232427181202427,0.7646178526874048,0.22841467058088982,0.8755241944797366,,-0.04730714937530631,-0.07404341185429444,0.0795457676,-0.07163176773016745,,-5.1416457e-05,1.1324883e-06,5.9604645e-07,1.0,5.202368e-05,4.4576824e-05,-5.203113e-05,0.99999994,5.4836273e-06,-4.4569373e-05,-5.543232e-06,1.0,221,0.686,0,1,0.569,False,-0.2635718541719685,1.049804668563404
0.6813743149978109,13:36:11.840468,13:35:57.720537,0,,0.12634331,0.00072206557,0.025380746,-0.97354275,-0.19640861,-0.1167823,-0.15570205,0.19612816,0.9681376,-0.16724628,0.9607066,-0.22152045,,0.060259037,-0.016827539,0.042591155,0.007862987,-0.8768987,0.48061067,-0.336187,0.4503309,0.8271519,-0.9417623,-0.16807899,-0.29126102,,0.10708749,1.3441336,0.44329837,0.99579626,0.018140048,-0.089781694,-0.044490747,-0.761005,-0.64721864,-0.0800649,0.64849234,-0.7569989,,-0.09235225,0.25890228,-0.08715299,0.9848688,0.11172319,0.13248132,-0.16833057,0.7984886,0.5779972,-0.04120914,-0.5915521,0.805213,,-0.02346958,0.41421372,-0.36761644,0.11324321,0.83153325,-0.5438092,-0.9762858,0.19476543,0.09451146,0.18450464,0.5202104,0.83387,,0.874298311423831,0.37119315559960103,0.19575664177000002,0.8672776062519927,-0.0028693664950742498,0.8514719584789099,-0.40149971455805844,,-0.9103711966793336,-0.24591498291393107,0.18385799586,0.8232427181202427,0.7646178526874048,0.22841467058088982,0.8755241944797366,,-0.04730714937530631,-0.07404341185429444,0.0795457676,-0.07163176773016745,,-5.1416457e-05,1.1324883e-06,5.9604645e-07,1.0,5.202368e-05,4.4576824e-05,-5.203113e-05,0.99999994,5.4836273e-06,-4.4569373e-05,-5.543232e-06,1.0,229,0.71,0,1,0.569,False,-0.26386974276457353,1.049804668563404
0.7235154079971835,13:36:11.869704,13:35:57.720537,0,,0.12610483,0.0008599311,0.025400907,-0.9732488,-0.19628862,-0.11940444,-0.15809219,0.19503394,0.9679713,-0.16671386,0.96095383,-0.22084826,,0.060218733,-0.016836882,0.042559326,0.007808542,-0.8769225,0.480568,-0.33617604,0.4503085,0.8271685,-0.94176674,-0.16801447,-0.29128417,,0.10710897,1.3441335,0.44330022,0.9957948,0.018114567,-0.08980337,-0.044524092,-0.7610056,-0.6472156,-0.0800649,0.64849234,-0.7569989,,-0.09213343,0.2590329,-0.08708574,0.9845322,0.11159303,0.13506794,-0.16979258,0.7978295,0.5784795,-0.04320691,-0.5924652,0.8044365,,-0.023444569,0.41418505,-0.36760357,0.11327552,0.83156997,-0.5437463,-0.9762793,0.1947933,0.09452151,0.18451938,0.52014124,0.83390987,,0.8762444401081355,0.3710927600722361,0.19579423418000003,0.8647613269301785,-0.00300600299483969,0.8515016976424656,-0.40198974675646126,,-0.9103789194122078,-0.24591498291393107,0.18385929215000002,0.8232427181202427,0.7646178526874048,0.22841467058088982,0.8755241944797366,,-0.04730714937530631,-0.07404341185429444,0.0795457676,-0.07163176773016745,,-3.01674e-05,2.8014183e-06,-2.7418137e-06,1.0,2.6676804e-05,2.2858381e-05,-2.668053e-05,0.99999994,2.771616e-06,-2.2854656e-05,-2.8908253e-06,1.0,246,0.763,0,1,0.569,False,-0.26309523242380006,1.0505288715750958
0.7527646509988699,13:36:11.924130,13:35:57.886152,0,,0.12558562,0.0012987852,0.025228336,-0.97321266,-0.1941742,-0.12309942,-0.16096127,0.19314879,0.9678765,-0.16416016,0.96176386,-0.21922934,,0.060214587,-0.01683499,0.0425601,0.008002429,-0.8770227,0.4803821,-0.33617344,0.45007703,0.82729554,-0.9417661,-0.1681121,-0.29123008,,0.10710897,1.3441335,0.44330022,0.9957948,0.018114567,-0.08980337,-0.044524092,-0.7610056,-0.6472156,-0.0800649,0.64849234,-0.7569989,,-0.09160258,0.25927496,-0.086696394,0.9842837,0.10942226,0.13860886,-0.17022087,0.79684263,0.57971257,-0.047015995,-0.5941957,0.8029452,,-0.023440748,0.4141872,-0.36760208,0.11308328,0.8317039,-0.5435815,-0.9763032,0.19460836,0.09465547,0.18451081,0.51999635,0.83400214,,0.8797042244357881,0.3711777101338526,0.19612349184000002,0.8622450476083641,-0.004235731492728653,0.8516059926341875,-0.4018264026903269,,-0.9103634739464594,-0.24590726018105682,0.18385799586,0.8230330281767582,0.7647544891871703,0.2284666101574746,0.8758508826120054,,-0.04730714937530631,-0.07404341185429444,0.0795457676,-0.07163176773016745,,-3.01674e-05,2.8014183e-06,-2.7418137e-06,1.0,2.6676804e-05,2.2858381e-05,-2.668053e-05,0.99999994,2.771616e-06,-2.2854656e-05,-2.8908253e-06,1.0,254,0.788,0,1,0.569,False,-0.2631548101423209,1.050432311173537
0.8071808920067269,13:36:11.951865,13:35:57.886152,0,,0.12546143,0.0014698207,0.025121525,-0.97344935,-0.19223474,-0.12426609,-0.16144162,0.19172245,0.96808004,-0.162274,0.96243864,-0.21766683,,0.06021677,-0.016834736,0.04256153,0.0080129905,-0.87701786,0.48039073,-0.3361684,0.45008302,0.82729435,-0.94176775,-0.16812131,-0.2912193,,0.10710897,1.3441335,0.44330022,0.9957948,0.018114567,-0.08980337,-0.044524092,-0.7610056,-0.6472156,-0.0800649,0.64849234,-0.7569989,,-0.091470145,0.25933817,-0.08651054,0.9843574,0.10743606,0.13963498,-0.16930468,0.7961168,0.5809767,-0.048747912,-0.5955296,0.80185294,,-0.023443067,0.41418827,-0.3676027,0.11307242,0.83169925,-0.54359084,-0.9763036,0.19460274,0.09466302,0.18451543,0.5200059,0.83399516,,0.8805846159834497,0.3713321647913371,0.19629200954,0.8624547375518486,-0.005602096490383059,0.8527201716711517,-0.4021530908225953,,-0.9103789194122078,-0.24590726018105682,0.18385799586,0.8230330281767582,0.7647544891871703,0.2284666101574746,0.8761775707442738,,-0.04730714937530631,-0.07404341185429444,0.0795457676,-0.07163176773016745,,-3.01674e-05,2.8014183e-06,-2.7418137e-06,1.0,2.6676804e-05,2.2858381e-05,-2.668053e-05,0.99999994,2.771616e-06,-2.2854656e-05,-2.8908253e-06,1.0,267,0.829,0,1,0.569,False,-0.26327396557936344,1.05105995378367
0.8349335220118519,13:36:11.993080,13:35:57.886152,0,,0.12532996,0.0018702,0.024887875,-0.97306734,-0.19211102,-0.12741013,-0.16426806,0.19010106,0.96792424,-0.16172811,0.96278495,-0.21653879,,0.06021572,-0.01683779,0.042561352,0.008006546,-0.87701625,0.48039362,-0.33618322,0.45008504,0.8272872,-0.94176245,-0.16812408,-0.2912346,,0.10710897,1.3441335,0.44330022,0.9957948,0.018114567,-0.08980337,-0.044524092,-0.7610056,-0.6472156,-0.0800649,0.64849234,-0.7569989,,-0.09132016,0.25948745,-0.08607764,0.98393834,0.10728786,0.14266983,-0.17106189,0.79513663,0.58180374,-0.051021527,-0.59686434,0.80071825,,-0.023441665,0.41418675,-0.36760518,0.11308,0.8316977,-0.54359156,-0.97630554,0.1946012,0.09464593,0.18450037,0.5200089,0.8339966,,0.881936094236439,0.3720658244143884,0.19668348912000003,0.8597287682865499,-0.0069684614880374625,0.8530175633067101,-0.401826402690327,,-0.9103711966793336,-0.2459227056468053,0.18385669957000003,0.8230330281767582,0.7647544891871703,0.2284666101574746,0.8761775707442738,,-0.04730714937530631,-0.07404341185429444,0.0795457676,-0.07163176773016745,,-3.01674e-05,2.8014183e-06,-2.7418137e-06,1.0,2.6676804e-05,2.2858381e-05,-2.668053e-05,0.99999994,2.771616e-06,-2.2854656e-05,-2.8908253e-06,1.0,275,0.853,0,1,0.569,False,-0.2629164992682367,1.0507702725789931
0.8761206780036446,13:36:12.020393,13:35:57.886152,0,,0.12530832,0.0020198524,0.024816126,-0.9728413,-0.19208297,-0.12916598,-0.16601555,0.19014448,0.96761763,-0.16130267,0.9627819,-0.21686918,,0.06021329,-0.016835362,0.04256177,0.008205707,-0.87703544,0.48035526,-0.33617806,0.44999164,0.82734007,-0.9417626,-0.16827387,-0.29114765,,0.10710897,1.3441335,0.44330022,0.9957948,0.018114567,-0.08980337,-0.044524092,-0.7610056,-0.6472156,-0.0800649,0.64849234,-0.7569989,,-0.09129284,0.25955197,-0.08592566,0.9836818,0.107260056,0.14444867,-0.17208901,0.7951652,0.5814617,-0.052492935,-0.5968313,0.8006478,,-0.023439573,0.41418862,-0.36760318,0.11288234,0.8317405,-0.54356724,-0.9763296,0.19442889,0.09475187,0.18449415,0.520005,0.8340004,,0.8822913399486534,0.3724674065238481,0.19681830328000002,0.8582609386821582,-0.008198189985926425,0.8524684283773072,-0.4010096823596555,,-0.9103634739464594,-0.24591498291393107,0.18385669957000003,0.8228233382332736,0.7648911256869357,0.2283551922537781,0.8761775707442738,,-0.04730714937530631,-0.07404341185429444,0.0795457676,-0.07163176773016745,,-3.01674e-05,2.8014183e-06,-2.7418137e-06,1.0,2.6676804e-05,2.2858381e-05,-2.668053e-05,0.99999994,2.771616e-06,-2.2854656e-05,-2.8908253e-06,1.0,292,0.907,0,1,0.569,False,-0.26327396557936344,1.0501909101696396
0.9033659120032098,13:36:12.063923,13:35:57.886152,0,,0.1252292,0.002250731,0.024726942,-0.9718026,-0.19258907,-0.13604842,-0.17281108,0.18916562,0.96661913,-0.16042462,0.9628737,-0.21711326,,0.06021329,-0.016835362,0.04256177,0.008205707,-0.87707466,0.48028365,-0.33617806,0.44992408,0.82737684,-0.9417626,-0.16825008,-0.29116142,,0.10710897,1.3441335,0.44330022,0.9957948,0.018114567,-0.08980337,-0.044524092,-0.7610056,-0.6472156,-0.0800649,0.64849234,-0.7569989,,-0.09120701,0.25966868,-0.085709915,0.98259217,0.10775938,0.15132943,-0.1766109,0.7945303,0.5809735,-0.05763047,-0.59758645,0.7997307,,-0.023439573,0.41418862,-0.36760318,0.11288234,0.83178484,-0.5434993,-0.9763296,0.19442116,0.09476776,0.18449415,0.51993686,0.8340429,,0.8830095541059562,0.3730929478866603,0.19700496904000003,0.8523896202645915,-0.0121606484791242,0.8525140767190215,-0.40280646708713264,,-0.9103634739464594,-0.24591498291393107,0.18385669957000003,0.8228233382332736,0.7648911256869357,0.22843687099391863,0.8760142266781396,,-0.04730714937530631,-0.07404341185429444,0.0795457676,-0.07163176773016745,,-3.01674e-05,2.8014183e-06,-2.7418137e-06,1.0,2.6676804e-05,2.2858381e-05,-2.668053e-05,0.99999994,2.771616e-06,-2.2854656e-05,-2.8908253e-06,1.0,300,0.931,0,1,0.569,False,-0.2631548101423209,1.0496115477602863
0.9469501280109398,13:36:12.093769,13:35:58.053715,0,,0.12512434,0.0023430288,0.024725348,-0.9715098,-0.19303511,-0.13749933,-0.17430441,0.18886605,0.9664095,-0.160582,0.9628432,-0.21713209,,0.0602122,-0.016837656,0.042562246,0.008493578,-0.87722826,0.47999817,-0.3361013,0.44958454,0.8275926,-0.9417875,-0.16835722,-0.291019,,0.10710897,1.3441335,0.44330022,0.9957948,0.018114567,-0.08980337,-0.044524092,-0.7610056,-0.6472156,-0.0800649,0.64849234,-0.7569989,,-0.0911027,0.25974247,-0.08565344,0.9823188,0.10820731,0.15277717,-0.17784226,0.79431444,0.580893,-0.05849624,-0.5977924,0.7995139,,-0.023438277,0.41418806,-0.36760536,0.11259093,0.83198476,-0.5432538,-0.9763513,0.19418176,0.095034696,0.18455738,0.5197065,0.8341725,,0.8837509364618817,0.3732010661468994,0.19704515403000003,0.8507121007167153,-0.012297284978889642,0.8522171009220152,-0.40264312302099825,,-0.9103557512135853,-0.24593815111255374,0.18385669957000003,0.8224039583463044,0.7653010351862319,0.22859268972367291,0.8753608504136026,,-0.04730714937530631,-0.07404341185429444,0.0795457676,-0.07163176773016745,,-3.01674e-05,2.8014183e-06,-2.7418137e-06,1.0,2.6676804e-05,2.2858381e-05,-2.668053e-05,0.99999994,2.771616e-06,-2.2854656e-05,-2.8908253e-06,1.0,317,0.985,0,1,0.569,False,-0.26243987752006825,1.0485976635439174
0.9767529529926833,13:36:12.143669,13:35:58.053715,0,,0.124780394,0.0024010688,0.024731278,-0.9720276,-0.19010857,-0.13791661,-0.1740106,0.18854013,0.96652615,-0.1577421,0.96348906,-0.21634707,,0.060207695,-0.016833663,0.042565644,0.008870031,-0.87730104,0.47985825,-0.33589983,0.44937885,0.8277861,-0.9418559,-0.1685268,-0.29069933,,0.10710897,1.3441335,0.44330022,0.9957948,0.018114567,-0.08980337,-0.044524092,-0.7610056,-0.6472156,-0.0800649,0.64849234,-0.7569989,,-0.09076075,0.2598103,-0.08564037,0.98258746,0.105236806,0.15312442,-0.17569797,0.7943266,0.58152854,-0.060432598,-0.5983063,0.79898524,,-0.02343457,0.41419354,-0.36760336,0.11220155,0.8320951,-0.5431654,-0.9763606,0.19394411,0.095423535,0.18474518,0.5196186,0.83418566,,0.8855812241530729,0.3726218611813326,0.19704645032,0.851760550434138,-0.012980467477716843,0.8523657967397944,-0.4021530908225954,,-0.9103403057478368,-0.2459227056468053,0.18385540328000002,0.8224039583463044,0.7655743081857628,0.22861489013670178,0.8742174419506625,,-0.04730714937530631,-0.07404341185429444,0.0795457676,-0.07163176773016745,,-3.01674e-05,2.8014183e-06,-2.7418137e-06,1.0,2.6676804e-05,2.2858381e-05,-2.668053e-05,0.99999994,2.771616e-06,-2.2854656e-05,-2.8908253e-06,1.0,330,1.025,0,1,0.569,False,-0.26327396557936344,1.049418426957168
1.0267350999929477,13:36:12.189381,13:35:58.053715,0,,0.124393426,0.002508834,0.024767965,-0.9727459,-0.18593287,-0.13854359,-0.1734778,0.18712363,0.96689713,-0.15385318,0.96457946,-0.21427897,,0.060202986,-0.016832873,0.04256302,0.008849477,-0.87731266,0.47983736,-0.3359037,0.4493644,0.8277924,-0.9418547,-0.16850469,-0.290716,,0.10710897,1.3441335,0.44330022,0.9957948,0.018114567,-0.08980337,-0.044524092,-0.7610056,-0.6472156,-0.0800649,0.64849234,-0.7569989,,-0.09037877,0.25993815,-0.08561943,0.9829641,0.100986734,0.15356849,-0.17266423,0.7937502,0.5832218,-0.06299736,-0.59980184,0.79766476,,-0.023429766,0.4141923,-0.3676011,0.11222222,0.8321063,-0.5431439,-0.9763588,0.19395752,0.0954151,0.18474235,0.5195956,0.8342006,,0.8877513120907301,0.37222800180474713,0.19704385774000002,0.8534380699820142,-0.014346832475371248,0.8534799757767586,-0.4021530908225954,,-0.9103094148163399,-0.24591498291393107,0.18385540328000002,0.8224039583463044,0.7655743081857628,0.22861489013670172,0.8745441300829311,,-0.04730714937530631,-0.07404341185429444,0.0795457676,-0.07163176773016745,,-3.01674e-05,2.8014183e-06,-2.7418137e-06,1.0,2.6676804e-05,2.2858381e-05,-2.668053e-05,0.99999994,2.771616e-06,-2.2854656e-05,-2.8908253e-06,1.0,343,1.066,0,1,0.569,False,-0.26273776611267374,1.0500943497680806
1.0724079200008418,13:36:12.224599,13:35:58.053715,0,,0.1242613,0.002635941,0.024828583,-0.9731484,-0.1841564,-0.13808899,-0.1724831,0.18616632,0.96725976,-0.15241958,0.96510535,-0.21293128,,0.060199697,-0.016832843,0.042562008,0.008924667,-0.8771486,0.4801358,-0.33581495,0.4496401,0.8276787,-0.9418856,-0.16862363,-0.29054677,,0.10710897,1.3441335,0.44330022,0.9957948,0.018114567,-0.08980337,-0.044524092,-0.7610056,-0.6472156,-0.0800649,0.64849234,-0.7569989,,-0.090252794,0.26008096,-0.08558734,0.9832376,0.09917439,0.1529976,-0.1709449,0.79328305,0.58436275,-0.06341659,-0.6007216,0.7969391,,-0.023426425,0.41419187,-0.36760038,0.11214047,0.83192307,-0.54344136,-0.9763515,0.19396976,0.09546459,0.18483038,0.51988435,0.8340012,,0.8887707128301277,0.3725600793183388,0.19704645032,0.8546962096429211,-0.01462010547490213,0.8538661690644327,-0.4024797789548642,,-0.9102862466177172,-0.24591498291393107,0.18385540328000002,0.8224039583463044,0.7657109446855282,0.2282584360125836,0.8750341622813339,,-0.04730714937530631,-0.07404341185429444,0.0795457676,-0.07163176773016745,,-3.01674e-05,2.8014183e-06,-2.7418137e-06,1.0,2.6676804e-05,2.2858381e-05,-2.668053e-05,0.99999994,2.771616e-06,-2.2854656e-05,-2.8908253e-06,1.0,352,1.094,0,1,0.569,False,-0.26297607698675796,1.0499495091657423
