Task Time,PC1 Time,PC2 Time,Gaze Calib,s_T_psm1,Tx,Ty,Tz,R00,R01,R02,R10,R11,R12,R20,R21,R22,s_T_psm3,Tx,Ty,Tz,R00,R01,R02,R10,R11,R12,R20,R21,R22,cart_T_ecm,Tx,Ty,Tz,R00,R01,R02,R10,R11,R12,R20,R21,R22,ecm_T_psm1,Tx,Ty,Tz,R00,R01,R02,R10,R11,R12,R20,R21,R22,ecm_T_psm3,Tx,Ty,Tz,R00,R01,R02,R10,R11,R12,R20,R21,R22,psm1_joints,q1,q2,q3,q4,q5,q6,jaw,psm3_joints,q1,q2,q3,q4,q5,q6,jaw,ecm_joints,q1,q2,q3,q4,ecmi_T_ecm,Tx,Ty,Tz,R00,R01,R02,R10,R11,R12,R20,R21,R22,Sample #,Task Duration (s),Collisions (binary),Collisions (increments),Cumulative Collision Time (s),Clutch Press,MTMR Angle,MTML Angle
""
lci_T_si,,,,,-0.06259683,0.01659313,0.23760831,0.9956777,0.007211218,0.092595145,0.06714547,-0.7446932,-0.6640207,0.064166576,0.667368,-0.7419586
rci_T_si,,,,,-0.07226873,0.020610977,0.24667586,0.9915926,-0.008221844,0.1291379,0.082045324,-0.731784,-0.6765802,0.100063786,0.681487,-0.724957
ecm_T_lc,,,,,-4.4061628e-05,-0.00034663224,-0.01840835,-0.99912,0.030754527,0.028518902,-0.031987965,-0.99852574,-0.043852776,0.027128186,-0.04472645,0.9986309
ecm_T_rc,,,,,-0.0043358393,0.01870579,-0.007592615,-0.99555075,-0.052743673,-0.078081585,0.04863213,-0.9973746,0.053654674,-0.08070653,0.04961868,0.9955021
cart_T_ecmi,,,,,0.107138716,1.3441325,0.44329387,0.9957932,0.018087745,-0.08982618,-0.04455919,-0.76100624,-0.64721245,-0.0800649,0.64849234,-0.7569989
ecmac_T_ecmrep_psm1,,,,,0.009765618,-0.25445068,-0.30803946,0.99882644,0.038876563,0.028886087,-0.03766685,0.99843633,-0.041304655,-0.030446703,0.040168133,0.99872893
ecmac_T_ecmrep_psm3,,,,,-0.021997124,-0.45765886,-0.55608475,0.99248636,-0.054456197,0.10956896,0.02285623,0.96224946,0.27120772,-0.12020161,-0.2666656,0.9562641
""
0,13:44:10.827121,13:43:56.738037,0,,0.12262362,0.0009825826,0.019568875,-0.9358927,-0.25477725,-0.2432968,-0.27046472,0.07712504,0.9596355,-0.22572905,0.9639191,-0.14108911,,0.062522076,-0.031851232,0.042725742,-0.1606121,-0.5905698,0.7908419,0.030645818,0.79787385,0.6020448,-0.9865416,0.120931655,-0.110049725,,0.107036635,1.3441399,0.44330165,0.99579847,0.01817776,-0.08974962,-0.0444414,-0.7610041,-0.64722306,-0.0800649,0.64849234,-0.7569989,,-0.0880991,0.2554433,-0.08291017,0.9528107,0.16996558,0.2515224,-0.29479134,0.71582216,0.63300604,-0.072456054,-0.67728156,0.7321474,,-0.02396889,0.40660927,-0.3807535,0.24232222,0.48327085,-0.84126645,-0.8110856,0.57671565,0.097669184,0.5323722,0.6586717,0.53172505,,0.8887012082342597,0.3483802026891419,0.20071883989000003,0.7280434837782686,0.020358838465050627,0.9626451478944338,-0.40198974675646115,,-0.8984241289229083,-0.3110021755778952,0.18161152529000002,1.4827175903790717,0.865182316514769,0.35248655483496216,0.8626200132551287,,-0.04730714937530631,-0.07404341185429444,0.0795457676,-0.07163176773016745,,-0.00010259822,-2.4437904e-06,-1.5497208e-06,1.0,8.953735e-05,7.67149e-05,-8.95448e-05,0.99999994,9.417534e-06,-7.670373e-05,-9.506941e-06,1.0,35,0.105,0,0,0.0,False,-0.26297607698675796,1.0368172945537295
0.12639179799589328,13:44:10.853204,13:43:56.837771,0,,0.12265004,0.00087065995,0.01975827,-0.9357076,-0.2565802,-0.24211082,-0.2693453,0.07638869,0.9600092,-0.22782488,0.9634994,-0.14058623,,0.0625176,-0.03182736,0.04274118,-0.15795484,-0.5891054,0.7924676,0.028756708,0.79945767,0.6000335,-0.98702747,0.11756691,-0.10933751,,0.107036635,1.3441399,0.44330165,0.99579847,0.01817776,-0.08974962,-0.0444414,-0.7610041,-0.64722306,-0.0800649,0.64849234,-0.7569989,,-0.08814148,0.255485,-0.083123624,0.9528045,0.17180052,0.2502961,-0.29536986,0.7151046,0.63354725,-0.07014413,-0.6775766,0.7320996,,-0.02396853,0.40663493,-0.38074046,0.23994961,0.4819382,-0.8427098,-0.81279,0.57441247,0.09707099,0.5308452,0.6616539,0.5295446,,0.888577644508272,0.3483570344905192,0.20050106317000002,0.7280434837782686,0.022681658961063115,0.9629563695153899,-0.40149971455805855,,-0.8984086834571599,-0.31101762104364367,0.18161541416000002,1.4787334814528659,0.8672318640112505,0.34697638549290954,0.8618032929244572,,-0.04730714937530631,-0.07404341185429444,0.0795457676,-0.07163176773016745,,-0.00010259822,-2.4437904e-06,-1.5497208e-06,1.0,8.953735e-05,7.67149e-05,-8.95448e-05,0.99999994,9.417534e-06,-7.670373e-05,-9.506941e-06,1.0,43,0.129,0,0,0.0,False,-0.26255903295711036,1.0366241737506119
0.15252851299010217,13:44:10.880466,13:43:56.837771,0,,0.12265685,0.00069111586,0.01992391,-0.93571925,-0.25585917,-0.2428281,-0.26909176,0.07265523,0.96036994,-0.22807677,0.96397984,-0.13683456,,0.06251885,-0.03183362,0.04273206,-0.15884379,-0.58895004,0.79240537,0.028894752,0.7994785,0.5999991,-0.9868808,0.11820245,-0.10997464,,0.107036635,1.3441399,0.44330165,0.99579847,0.01817776,-0.08974962,-0.0444414,-0.7610041,-0.64722306,-0.0800649,0.64849234,-0.7569989,,-0.08816205,0.2554618,-0.08336602,0.9528371,0.17105256,0.25068408,-0.295349,0.71260977,0.6363617,-0.06978862,-0.68038833,0.7295212,,-0.023968257,0.40662384,-0.38074133,0.24080077,0.48172605,-0.84258825,-0.8124774,0.5749481,0.09651486,0.53093827,0.6613431,0.52983946,,0.8882996261248,0.34803267970980173,0.20027032355000002,0.7282531737217531,0.023091568460359434,0.967196125252172,-0.4018264026903269,,-0.8984086834571599,-0.3110330665093921,0.18161671045000002,1.4793625512833193,0.8664120450126579,0.3473998566946664,0.8616399488583232,,-0.04730714937530631,-0.07404341185429444,0.0795457676,-0.07163176773016745,,-0.00010259822,-2.4437904e-06,-1.5497208e-06,1.0,8.953735e-05,7.67149e-05,-8.95448e-05,0.99999994,9.417534e-06,-7.670373e-05,-9.506941e-06,1.0,55,0.166,0,0,0.0,False,-0.2631548101423209,1.03676901435295
0.17979169098543935,13:44:10.909357,13:43:56.837771,0,,0.122674644,0.00054113567,0.020126328,-0.93444604,-0.26002696,-0.24330318,-0.2700144,0.071924925,0.960166,-0.23216951,0.9629188,-0.13742101,,0.06252144,-0.031834215,0.04273045,-0.15883616,-0.5888159,0.7925066,0.02889204,0.79958105,0.5998627,-0.9868821,0.11817697,-0.10999031,,0.107036635,1.3441399,0.44330165,0.99579847,0.01817776,-0.08974962,-0.0444414,-0.7610041,-0.64722306,-0.0800649,0.64849234,-0.7569989,,-0.08819685,0.25548443,-0.08361515,0.95192665,0.175299,0.2512089,-0.29884177,0.71161175,0.6358477,-0.067299746,-0.6803521,0.72978884,,-0.023970613,0.40662178,-0.38074115,0.24079363,0.48158395,-0.8426715,-0.8124809,0.57495904,0.096420504,0.5309362,0.6614371,0.52972424,,0.8881683396659382,0.3478318886550719,0.20002273216000002,0.7253175145129698,0.026370844454730008,0.9668907790275342,-0.4029698111532669,,-0.8984164061900342,-0.31104078924226636,0.18161930303,1.4793625512833193,0.8664120450126579,0.3472364992143853,0.8619666369905916,,-0.04730714937530631,-0.07404341185429444,0.0795457676,-0.07163176773016745,,-0.00010259822,-2.4437904e-06,-1.5497208e-06,1.0,8.953735e-05,7.67149e-05,-8.95448e-05,0.99999994,9.417534e-06,-7.670373e-05,-9.506941e-06,1.0,62,0.187,0,0,0.0,False,-0.26309523242380006,1.0359965311404788
0.2086239889904391,13:44:10.931560,13:43:56.837771,0,,0.12268981,0.00047405064,0.02026409,-0.9343121,-0.26126102,-0.24249426,-0.2692052,0.07126972,0.96044207,-0.23364358,0.9626335,-0.13692108,,0.06252131,-0.03183411,0.04273039,-0.15879656,-0.5889597,0.7924077,0.02875641,0.799492,0.59998786,-0.98689246,0.118062824,-0.110020235,,0.107036635,1.3441399,0.44330165,0.99579847,0.01817776,-0.08974962,-0.0444414,-0.7610041,-0.64722306,-0.0800649,0.64849234,-0.7569989,,-0.08822369,0.25552565,-0.083761066,0.9519184,0.17655526,0.2503588,-0.2992327,0.7110096,0.6363373,-0.0656588,-0.68065673,0.72965425,,-0.023970487,0.40662178,-0.38074103,0.24077077,0.4817464,-0.8425852,-0.81256205,0.5748361,0.0964698,0.53082234,0.66142565,0.52985257,,0.888129726001567,0.3478627795865688,0.19987106623000003,0.7253175145129698,0.02801048245191529,0.9671873389859885,-0.4019897467564614,,-0.8984164061900342,-0.31104851197514055,0.18161930303,1.4791528613398348,0.8664120450126579,0.34723649921438526,0.8621299810567258,,-0.04730714937530631,-0.07404341185429444,0.0795457676,-0.07163176773016745,,-0.00010259822,-2.4437904e-06,-1.5497208e-06,1.0,8.953735e-05,7.67149e-05,-8.95448e-05,0.99999994,9.417534e-06,-7.670373e-05,-9.506941e-06,1.0,70,0.211,0,0,0.0,False,-0.2636314318904893,1.0366241737506119
0.23088571897824295,13:44:10.955350,13:43:56.837771,0,,0.122769535,0.00038404763,0.020508543,-0.93178713,-0.2714387,-0.24102634,-0.26826006,0.06757054,0.96097374,-0.24455917,0.9600808,-0.1357776,,0.06251957,-0.0318328,0.042728007,-0.15881084,-0.58883643,0.7924965,0.028755993,0.7995841,0.5998651,-0.9868901,0.11805406,-0.11005005,,0.107036635,1.3441399,0.44330165,0.99579847,0.01817776,-0.08974962,-0.0444414,-0.7610041,-0.64722306,-0.0800649,0.64849234,-0.7569989,,-0.088324025,0.2556171,-0.08399723,0.95034665,0.18692786,0.24879552,-0.30596694,0.7071758,0.6374062,-0.056793205,-0.68188006,0.7292559,,-0.023968711,0.40662068,-0.38073862,0.24078473,0.48161474,-0.8426565,-0.8125584,0.57485765,0.09637173,0.5308216,0.6615028,0.529757,,0.8881065578029443,0.34790139325093994,0.19962088226000002,0.7204946458128256,0.03812158343455788,0.967763718047634,-0.40264312302099814,,-0.8984009607242857,-0.31104078924226636,0.18162059932000002,1.4791528613398348,0.8664120450126579,0.3470731417341041,0.8619666369905916,,-0.04730714937530631,-0.07404341185429444,0.0795457676,-0.07163176773016745,,-0.00010259822,-2.4437904e-06,-1.5497208e-06,1.0,8.953735e-05,7.67149e-05,-8.95448e-05,0.99999994,9.417534e-06,-7.670373e-05,-9.506941e-06,1.0,78,0.236,0,0,0.0,False,-0.2634526987349264,1.0366241737506119
0.25467627399484627,13:44:10.982052,13:43:56.837771,0,,0.12278117,0.0003426969,0.020646617,-0.9309143,-0.27477425,-0.24061924,-0.26738888,0.063940525,0.96146476,-0.24880049,0.95938027,-0.13299477,,0.06251888,-0.03183137,0.042726398,-0.15881848,-0.5888411,0.79249144,0.028758764,0.7995796,0.59987104,-0.9868888,0.1180616,-0.11005372,,0.107036635,1.3441399,0.44330165,0.99579847,0.01817776,-0.08974962,-0.0444414,-0.7610041,-0.64722306,-0.0800649,0.64849234,-0.7569989,,-0.08834747,0.25567785,-0.08412637,0.94984215,0.1903233,0.24814701,-0.3082029,0.7042152,0.6396029,-0.053017586,-0.6840014,0.7275515,,-0.023968048,0.4066201,-0.38073653,0.24079187,0.48161918,-0.8426519,-0.8125549,0.57486254,0.096372165,0.5308237,0.6614953,0.52976424,,0.888230121528932,0.3479322841824368,0.19948217923000003,0.719026816208434,0.04235731492728654,0.9701906323231655,-0.40133637049192394,,-0.8983932379914115,-0.3110330665093921,0.18162189561000003,1.4791528613398348,0.8664120450126579,0.3470731417341041,0.8619666369905916,,-0.04730714937530631,-0.07404341185429444,0.0795457676,-0.07163176773016745,,-0.00010259822,-2.4437904e-06,-1.5497208e-06,1.0,8.953735e-05,7.67149e-05,-8.95448e-05,0.99999994,9.417534e-06,-7.670373e-05,-9.506941e-06,1.0,86,0.26,0,0,0.0,False,-0.26327396557936344,1.036334492545935
0.2813747489999514,13:44:11.003396,13:43:56.837771,0,,0.12278198,0.00031121075,0.020775214,-0.930097,-0.27654493,-0.24174833,-0.26803696,0.06098482,0.9614764,-0.25114846,0.9590639,-0.13084617,,0.06251414,-0.03181334,0.042732596,-0.15775853,-0.5902461,0.7916575,0.027096987,0.79880714,0.60097647,-0.98710585,0.11626068,-0.110024765,,0.107036635,1.3441399,0.44330165,0.99579847,0.01817776,-0.08974962,-0.0444414,-0.7610041,-0.64722306,-0.0800649,0.64849234,-0.7569989,,-0.08835932,0.25574023,-0.08424255,0.9492337,0.19212426,0.24908547,-0.31030008,0.701917,0.6411134,-0.051663894,-0.6858577,0.7258995,,-0.023965945,0.40663496,-0.38072386,0.23995055,0.4832558,-0.8419546,-0.8137035,0.57312053,0.097054206,0.5294435,0.66181314,0.53074753,,0.8883382397891711,0.3480481251755502,0.19935255023,0.7169299167735887,0.044133589424237264,0.9723360641412966,-0.4010096823596556,,-0.8983932379914115,-0.31104078924226636,0.18162189561000003,1.4762172021310513,0.8669585910117197,0.34621907641861566,0.8614766047921888,,-0.04730714937530631,-0.07404341185429444,0.0795457676,-0.07163176773016745,,-0.00010259822,-2.4437904e-06,-1.5497208e-06,1.0,8.953735e-05,7.67149e-05,-8.95448e-05,0.99999994,9.417534e-06,-7.670373e-05,-9.506941e-06,1.0,93,0.281,0,0,0.0,False,-0.26327396557936344,1.036865574754509
0.3027153289876878,13:44:11.031860,13:43:57.017632,0,,0.122765824,0.00028565526,0.020941436,-0.9297045,-0.27792156,-0.24167982,-0.26798207,0.060307145,0.9615344,-0.25265613,0.95870876,-0.13054591,,0.06250876,-0.031777218,0.04274541,-0.15494056,-0.59071624,0.7918634,0.023847044,0.7990731,0.60076064,-0.98763585,0.111965775,-0.10972202,,0.107036635,1.3441399,0.44330165,0.99579847,0.01817776,-0.08974962,-0.0444414,-0.7610041,-0.64722306,-0.0800649,0.64849234,-0.7569989,,-0.08835756,0.25583312,-0.08438364,0.94897324,0.19352867,0.24899095,-0.31128904,0.7012602,0.64135265,-0.050487325,-0.68613464,0.7257205,,-0.023965845,0.40666452,-0.3806989,0.23757723,0.48406908,-0.84216046,-0.81613964,0.5696245,0.09718031,0.5267572,0.6642327,0.5303978,,0.8885699217753978,0.3482334707645316,0.19919699543000002,0.7163008469431352,0.04549995442189167,0.9722837087261598,-0.4018264026903269,,-0.8983932379914115,-0.31107168017376324,0.18162837706,1.4701361937700004,0.8687348655086704,0.34134013658465856,0.8618032929244575,,-0.04730714937530631,-0.07404341185429444,0.0795457676,-0.07163176773016745,,-0.00010259822,-2.4437904e-06,-1.5497208e-06,1.0,8.953735e-05,7.67149e-05,-8.95448e-05,0.99999994,9.417534e-06,-7.670373e-05,-9.506941e-06,1.0,105,0.318,0,0,0.0,False,-0.2631548101423209,1.036431052947494
0.3311791500018444,13:44:11.061588,13:43:57.017632,0,,0.12270707,0.0002464354,0.021102965,-0.9297567,-0.27649096,-0.24311537,-0.26788533,0.055051297,0.96187663,-0.2525664,0.9594383,-0.1252523,,0.06251131,-0.031784922,0.042742312,-0.15518497,-0.58989537,0.79242724,0.024176478,0.79963684,0.5999969,-0.9875895,0.11226857,-0.10983005,,0.107036635,1.3441399,0.44330165,0.99579847,0.01817776,-0.08974962,-0.0444414,-0.7610041,-0.64722306,-0.0800649,0.64849234,-0.7569989,,-0.08831291,0.25591534,-0.084533066,0.94901717,0.19205715,0.24996088,-0.3111542,0.69775856,0.6452256,-0.05049216,-0.6901066,0.7219443,,-0.02396722,0.40665767,-0.3807041,0.23777764,0.48316607,-0.8426223,-0.8159045,0.57005394,0.09663507,0.52703094,0.6645217,0.52976346,,0.8889328902204864,0.3483029753603996,0.19903366289000002,0.7163008469431352,0.04563659092165711,0.9774814089316,-0.40133637049192405,,-0.8983932379914115,-0.31109484837238593,0.18162967335000002,1.4707652636004538,0.8685982290089049,0.3408798033073711,0.86229332512286,,-0.04730714937530631,-0.07404341185429444,0.0795457676,-0.07163176773016745,,-0.00010259822,-2.4437904e-06,-1.5497208e-06,1.0,8.953735e-05,7.67149e-05,-8.95448e-05,0.99999994,9.417534e-06,-7.670373e-05,-9.506941e-06,1.0,113,0.342,0,0,0.0,False,-0.2630356547052788,1.036865574754509
0.36089115697541274,13:44:11.084755,13:43:57.017632,0,,0.12268102,0.00018548965,0.02126044,-0.93052495,-0.2744176,-0.24252482,-0.26612458,0.051721394,0.9625499,-0.25159693,0.96021855,-0.12115744,,0.06250574,-0.03178665,0.042735636,-0.15535273,-0.5899828,0.79232925,0.0241113,0.7995635,0.6000972,-0.98756474,0.112330794,-0.10998914,,0.107036635,1.3441399,0.44330165,0.99579847,0.01817776,-0.08974962,-0.0444414,-0.7610041,-0.64722306,-0.0800649,0.64849234,-0.7569989,,-0.08830043,0.25597674,-0.08469201,0.9496927,0.18993466,0.24901526,-0.3091537,0.69568163,0.64842194,-0.05007753,-0.6927856,0.7194028,,-0.023960924,0.40665182,-0.3807019,0.23794886,0.48325548,-0.8425227,-0.8158931,0.57008284,0.09656096,0.52697134,0.66443187,0.52993536,,0.8890796221450967,0.3483647572233934,0.19886514519,0.7183977463779805,0.04563659092165711,0.9812386309780659,-0.4026431230209985,,-0.8983469015941661,-0.31110257110526013,0.18163096964000003,1.4707652636004538,0.8684615925091395,0.3409912212110675,0.86229332512286,,-0.04730714937530631,-0.07404341185429444,0.0795457676,-0.07163176773016745,,-0.00010259822,-2.4437904e-06,-1.5497208e-06,1.0,8.953735e-05,7.67149e-05,-8.95448e-05,0.99999994,9.417534e-06,-7.670373e-05,-9.506941e-06,1.0,136,0.412,0,0,0.0,False,-0.2622015666459845,1.036431052947494
0.3840169429895468,13:44:11.161599,13:43:57.152883,0,,0.12272562,2.1323562e-05,0.021639884,-0.9293285,-0.28089717,-0.23967712,-0.2638688,0.051133692,0.9632021,-0.25830522,0.9583747,-0.12164,,0.06249138,-0.031734303,0.042751968,-0.15159027,-0.59153825,0.79189813,0.019180596,0.79924554,0.60069835,-0.9882572,0.106249094,-0.10981181,,0.107036635,1.3441399,0.44330165,0.99579847,0.01817776,-0.08974962,-0.0444414,-0.7610041,-0.64722306,-0.0800649,0.64849234,-0.7569989,,-0.08837724,0.25610533,-0.08507993,0.9490754,0.1965516,0.24621803,-0.31202736,0.6944069,0.64841187,-0.043529097,-0.69221854,0.720374,,-0.023954097,0.40669367,-0.38066426,0.23484585,0.48536626,-0.8421799,-0.81942505,0.5649075,0.09706772,0.52286714,0.6673073,0.53038746,,0.8890873448779709,0.3484497072850099,0.19845940642,0.7169299167735887,0.05260505240969457,0.9798852911169981,-0.4024797789548641,,-0.8983237333955434,-0.3111489075025055,0.1816361548,1.4617485960306191,0.8706477765053866,0.33487956152447484,0.86114991665992,,-0.04730714937530631,-0.07404341185429444,0.0795457676,-0.07163176773016745,,-0.00010259822,-2.4437904e-06,-1.5497208e-06,1.0,8.953735e-05,7.67149e-05,-8.95448e-05,0.99999994,9.417534e-06,-7.670373e-05,-9.506941e-06,1.0,148,0.449,0,0,0.0,False,-0.2630356547052788,1.0358516905381403
0.46088611998129636,13:44:11.193328,13:43:57.152883,0,,0.12278101,-3.707409e-05,0.021820813,-0.9282478,-0.28603163,-0.23778538,-0.26132208,0.046554476,0.9641282,-0.26470122,0.95708853,-0.11796048,,0.062490024,-0.031749308,0.042741,-0.15237519,-0.589748,0.7930819,0.019741982,0.8004761,0.59903944,-0.98812544,0.10693571,-0.110329956,,0.107036635,1.3441399,0.44330165,0.99579847,0.01817776,-0.08974962,-0.0444414,-0.7610041,-0.64722306,-0.0800649,0.64849234,-0.7569989,,-0.088447906,0.25617936,-0.085249454,0.9485452,0.201793,0.24401131,-0.31446964,0.6904598,0.65144,-0.03702396,-0.6946545,0.7183901,,-0.023950085,0.40667704,-0.38067162,0.23554733,0.4833945,-0.84311754,-0.81893,0.5658672,0.09564539,0.523327,0.66792524,0.5291548,,0.8890873448779709,0.3485269346137521,0.19827922211000001,0.7158814670561662,0.059436877397966596,0.9828089849067954,-0.4028064670871325,,-0.8982851197311723,-0.3111875211668766,0.18163745109,1.4630067356915264,0.8701012305063248,0.33377333707658985,0.8606598844615173,,-0.04730714937530631,-0.07404341185429444,0.0795457676,-0.07163176773016745,,-0.00010259822,-2.4437904e-06,-1.5497208e-06,1.0,8.953735e-05,7.67149e-05,-8.95448e-05,0.99999994,9.417534e-06,-7.670373e-05,-9.506941e-06,1.0,156,0.473,0,0,0.0,False,-0.26333354329788383,1.0354654489319046
0.4926479709974956,13:44:11.214110,13:43:57.152883,0,,0.122796625,-6.952882e-05,0.021940261,-0.9278247,-0.28783005,-0.23726587,-0.2603414,0.04414639,0.96450675,-0.2671396,0.95666337,-0.1158942,,0.062484484,-0.031750947,0.042735517,-0.15237275,-0.589898,0.79297084,0.019582957,0.8003801,0.5991728,-0.988129,0.106826276,-0.11040421,,0.107036635,1.3441399,0.44330165,0.99579847,0.01817776,-0.08974962,-0.0444414,-0.7610041,-0.64722306,-0.0800649,0.64849234,-0.7569989,,-0.08847372,0.25623402,-0.085358605,0.9483321,0.20362927,0.24331336,-0.31539416,0.6884972,0.6530683,-0.03453674,-0.6960652,0.7171474,,-0.023943935,0.40667224,-0.38066995,0.23556326,0.48356342,-0.8430162,-0.8190119,0.5657457,0.09566223,0.5231916,0.6679058,0.52931315,,0.8891414040080905,0.3486196074082428,0.19816125972,0.7154620871691971,0.06203297089350997,0.9845309455231699,-0.3987228654337758,,-0.8982387833339269,-0.3112029666326251,0.18163874738000002,1.462797045748042,0.8701012305063248,0.33377333707658985,0.8606598844615173,,-0.04730714937530631,-0.07404341185429444,0.0795457676,-0.07163176773016745,,-0.00010259822,-2.4437904e-06,-1.5497208e-06,1.0,8.953735e-05,7.67149e-05,-8.95448e-05,0.99999994,9.417534e-06,-7.670373e-05,-9.506941e-06,1.0,164,0.498,0,0,0.0,False,-0.26351227645344677,1.0356585697350225
0.5134184699854814,13:44:11.244226,13:43:57.152883,0,,0.1228075,-0.000111714005,0.022106096,-0.92761165,-0.2899855,-0.23546752,-0.25874776,0.04416305,0.9649347,-0.26941812,0.9560114,-0.11599931,,0.062481895,-0.031753883,0.042733073,-0.15239066,-0.58989656,0.79296845,0.019561976,0.800382,0.5991709,-0.98812664,0.10682005,-0.11043124,,0.107036635,1.3441399,0.44330165,0.99579847,0.01817776,-0.08974962,-0.0444414,-0.7610041,-0.64722306,-0.0800649,0.64849234,-0.7569989,,-0.08849881,0.2563127,-0.08550886,0.94831234,0.20583306,0.24152951,-0.31574422,0.68820494,0.6532071,-0.031770185,-0.6957059,0.71762383,,-0.023940824,0.40666902,-0.3806711,0.23558317,0.48356235,-0.84301126,-0.8190179,0.5657411,0.09563842,0.5231733,0.6679105,0.5293253,,0.8892495222683297,0.34876633933285306,0.19799792718000003,0.7156717771126816,0.06476570088881876,0.9837728047717715,-0.4016630586241927,,-0.8982156151353042,-0.31121841209837353,0.18163874738000002,1.462797045748042,0.8701012305063248,0.33377333707658985,0.8606598844615173,,-0.04730714937530631,-0.07404341185429444,0.0795457676,-0.07163176773016745,,-0.00010259822,-2.4437904e-06,-1.5497208e-06,1.0,8.953735e-05,7.67149e-05,-8.95448e-05,0.99999994,9.417534e-06,-7.670373e-05,-9.506941e-06,1.0,179,0.543,0,0,0.0,False,-0.2626186106756321,1.0358516905381403
0.5435092729749158,13:44:11.283197,13:43:57.152883,0,,0.12286252,-0.00014127791,0.022332698,-0.9253609,-0.29682058,-0.2358064,-0.2593163,0.041895777,0.9648832,-0.27651793,0.95401376,-0.11573911,,0.062479384,-0.031753972,0.042729914,-0.1524105,-0.5899014,0.792961,0.019552678,0.8003777,0.5991769,-0.9881238,0.10682532,-0.11045186,,0.107036635,1.3441399,0.44330165,0.99579847,0.01817776,-0.08974962,-0.0444414,-0.7610041,-0.64722306,-0.0800649,0.64849234,-0.7569989,,-0.08857319,0.2564386,-0.08569288,0.9466877,0.21282291,0.24184471,-0.32103962,0.68560225,0.653363,-0.026758661,-0.6961724,0.71737576,,-0.023938049,0.40666658,-0.38066944,0.23560362,0.48356715,-0.8430028,-0.81901735,0.56574416,0.09562465,0.52316487,0.66790444,0.5293413,,0.8893267495970718,0.3490906941135705,0.19779181707000001,0.7112682882995066,0.07064107037873271,0.9835558443606969,-0.40133637049192394,,-0.8981924469366817,-0.31121841209837353,0.18164004367000003,1.462797045748042,0.8701012305063248,0.3337733370765898,0.8609865725937859,,-0.04730714937530631,-0.07404341185429444,0.0795457676,-0.07163176773016745,,-0.00010259822,-2.4437904e-06,-1.5497208e-06,1.0,8.953735e-05,7.67149e-05,-8.95448e-05,0.99999994,9.417534e-06,-7.670373e-05,-9.506941e-06,1.0,187,0.568,0,0,0.0,False,-0.2636314318904893,1.0360930915420377
0.5825080319773406,13:44:11.313877,13:43:57.290817,0,,0.122926876,-0.00013552606,0.022512183,-0.9225921,-0.30562887,-0.23540317,-0.25885352,0.03799513,0.9651689,-0.28603932,0.95139223,-0.114167124,,0.062478058,-0.031752795,0.04272932,-0.15241809,-0.5899061,0.7929561,0.01955539,0.80037326,0.59918284,-0.9881225,0.10683283,-0.11045554,,0.107036635,1.3441399,0.44330165,0.99579847,0.01817776,-0.08974962,-0.0444414,-0.7610041,-0.64722306,-0.0800649,0.64849234,-0.7569989,,-0.08865287,0.25655875,-0.08581781,0.94475365,0.22183791,0.24130574,-0.32721648,0.6814901,0.65459955,-0.019232485,-0.69739455,0.7164293,,-0.023936821,0.40666687,-0.3806681,0.2356107,0.48357168,-0.84299827,-0.81901395,0.56574905,0.09562507,0.523167,0.66789705,0.5293485,,0.8894812042545563,0.3493687124970426,0.19764663259,0.7064454195993626,0.07924916986395546,0.984295996741176,-0.4021530908225954,,-0.8981847242038073,-0.3112106893654993,0.18164004367000003,1.462797045748042,0.8701012305063248,0.3337733370765898,0.8609865725937859,,-0.04730714937530631,-0.07404341185429444,0.0795457676,-0.07163176773016745,,-0.00010259822,-2.4437904e-06,-1.5497208e-06,1.0,8.953735e-05,7.67149e-05,-8.95448e-05,0.99999994,9.417534e-06,-7.670373e-05,-9.506941e-06,1.0,195,0.592,0,0,0.0,False,-0.2636314318904893,1.0355620093334637
0.6131962099752855,13:44:11.336394,13:43:57.290817,0,,0.12294024,-0.0001283437,0.022622079,-0.9215585,-0.3084227,-0.23580769,-0.25836176,0.033829033,0.96545565,-0.28979132,0.9506476,-0.11086008,,0.06247988,-0.03175126,0.042730927,-0.15240583,-0.58990604,0.7929585,0.01956746,0.80037296,0.5991827,-0.98812413,0.10683507,-0.110438585,,0.107036635,1.3441399,0.44330165,0.99579847,0.01817776,-0.08974962,-0.0444414,-0.7610041,-0.64722306,-0.0800649,0.64849234,-0.7569989,,-0.08867575,0.2566366,-0.08589347,0.94404775,0.22469921,0.24142098,-0.32941738,0.6780694,0.65704346,-0.016063033,-0.69980866,0.7141497,,-0.023938933,0.40666872,-0.38066766,0.23559734,0.4835714,-0.84300214,-0.81901103,0.56575084,0.09563927,0.52317756,0.6678957,0.52933973,,0.8896588271106635,0.34955405808602397,0.19755718858000001,0.7047679000514864,0.0828017188578569,0.9871983217950488,-0.4023164348887299,,-0.8982001696695558,-0.3112029666326251,0.18164004367000003,1.462797045748042,0.8701012305063248,0.33377333707658985,0.8613132607260545,,-0.04730714937530631,-0.07404341185429444,0.0795457676,-0.07163176773016745,,-0.00010259822,-2.4437904e-06,-1.5497208e-06,1.0,8.953735e-05,7.67149e-05,-8.95448e-05,0.99999994,9.417534e-06,-7.670373e-05,-9.506941e-06,1.0,203,0.617,0,0,0.0,False,-0.2626781883941529,1.0356102895342432
0.6356448319857009,13:44:11.360767,13:43:57.290817,0,,0.122928694,-0.00012291968,0.02279073,-0.9204977,-0.31129324,-0.23617876,-0.25762802,0.029049218,0.9658073,-0.2937885,0.9498697,-0.10693765,,0.062478393,-0.03175001,0.04273033,-0.1523722,-0.5901189,0.7928065,0.019435585,0.8002291,0.59937924,-0.988132,0.106737375,-0.11046338,,0.107036635,1.3441399,0.44330165,0.99579847,0.01817776,-0.08974962,-0.0444414,-0.7610041,-0.64722306,-0.0800649,0.64849234,-0.7569989,,-0.08867888,0.25675386,-0.08601532,0.9433353,0.22764179,0.24144933,-0.33160383,0.6741755,0.6599441,-0.012548366,-0.70261407,0.7114605,,-0.023937555,0.40666905,-0.3806662,0.2355797,0.48380706,-0.84287184,-0.8190874,0.5656241,0.09573528,0.52306604,0.6678324,0.5295298,,0.8900295182886263,0.34979346280512497,0.19741459668000003,0.7030903805036102,0.08676417735105468,0.9905015017990975,-0.40329649928553535,,-0.8981924469366817,-0.3112029666326251,0.18164004367000003,1.4625873558045575,0.8701012305063248,0.33385501581673044,0.8611499166599202,,-0.04730714937530631,-0.07404341185429444,0.0795457676,-0.07163176773016745,,-0.00010259822,-2.4437904e-06,-1.5497208e-06,1.0,8.953735e-05,7.67149e-05,-8.95448e-05,0.99999994,9.417534e-06,-7.670373e-05,-9.506941e-06,1.0,211,0.641,0,0,0.0,False,-0.2626781883941529,1.0356102895342432
0.6600539609789848,13:44:11.383436,13:43:57.290817,0,,0.122906774,-0.00010538101,0.02289462,-0.9202376,-0.31261808,-0.23544118,-0.25630203,0.026771963,0.9662258,-0.29575643,0.9495015,-0.10476133,,0.062476415,-0.03175141,0.042728722,-0.15234324,-0.5902624,0.7927053,0.019288927,0.8001387,0.59950453,-0.9881393,0.10662085,-0.11051023,,0.107036635,1.3441399,0.44330165,0.99579847,0.01817776,-0.08974962,-0.0444414,-0.7610041,-0.64722306,-0.0800649,0.64849234,-0.7569989,,-0.08866611,0.25683752,-0.08608177,0.9432426,0.22900091,0.24052443,-0.33194822,0.67231935,0.66166234,-0.010187955,-0.70394975,0.7101767,,-0.023935294,0.4066672,-0.38066646,0.23556833,0.48396957,-0.8427817,-0.81917,0.5654985,0.09577042,0.52294177,0.667821,0.5296669,,0.8903693185350922,0.3499633629283579,0.19733293041000002,0.7030903805036102,0.08922363434683261,0.9920081653586061,-0.39953958576444704,,-0.8981770014709332,-0.31121841209837353,0.18164004367000003,1.462377665861073,0.8701012305063248,0.33385501581673044,0.8611499166599202,,-0.04730714937530631,-0.07404341185429444,0.0795457676,-0.07163176773016745,,-0.00010259822,-2.4437904e-06,-1.5497208e-06,1.0,8.953735e-05,7.67149e-05,-8.95448e-05,0.99999994,9.417534e-06,-7.670373e-05,-9.506941e-06,1.0,226,0.686,0,0,0.0,False,-0.2635718541719685,1.0358999707389198
0.6826967439847067,13:44:11.426134,13:43:57.402099,0,,0.12285754,-6.236136e-05,0.02316916,-0.9181773,-0.31752667,-0.23691152,-0.2556091,0.017927676,0.9666139,-0.30267844,0.94807976,-0.09762359,,0.06247614,-0.031750143,0.04272884,-0.1523442,-0.5901361,0.7927992,0.019294769,0.8002336,0.59937775,-0.9881391,0.10660854,-0.110524416,,0.107036635,1.3441399,0.44330165,0.99579847,0.01817776,-0.08974962,-0.0444414,-0.7610041,-0.64722306,-0.0800649,0.64849234,-0.7569989,,-0.088641025,0.2570556,-0.08625913,0.9417882,0.2340428,0.2413689,-0.33617696,0.6651017,0.66680187,-0.004474705,-0.7091288,0.7050648,,-0.02393518,0.406668,-0.38066545,0.2355686,0.48383483,-0.842859,-0.8191668,0.56551796,0.09568306,0.5229467,0.6679022,0.5295597,,0.8912110964183827,0.3504035587021887,0.19711644998000002,0.6995256514643732,0.0959188228353392,0.9980653904373008,-0.39937624169831276,,-0.8981847242038073,-0.3112106893654993,0.18164004367000003,1.462377665861073,0.8701012305063248,0.33352830085616814,0.8608232285276518,,-0.04730714937530631,-0.07404341185429444,0.0795457676,-0.07163176773016745,,-0.00010259822,-2.4437904e-06,-1.5497208e-06,1.0,8.953735e-05,7.67149e-05,-8.95448e-05,0.99999994,9.417534e-06,-7.670373e-05,-9.506941e-06,1.0,234,0.711,0,0,0.0,False,-0.2631548101423209,1.0348378063217716
0.725391766987741,13:44:11.453755,13:43:57.402099,0,,0.12282814,-1.0535121e-05,0.023392051,-0.9144243,-0.32720128,-0.23825917,-0.25768825,0.016680896,0.966084,-0.3121296,0.94480735,-0.09956938,,0.06247719,-0.031750023,0.042729557,-0.15233758,-0.5899402,0.7929462,0.019297868,0.80038184,0.5991796,-0.9881401,0.10657972,-0.11054367,,0.107036635,1.3441399,0.44330165,0.99579847,0.01817776,-0.08974962,-0.0444414,-0.7610041,-0.64722306,-0.0800649,0.64849234,-0.7569989,,-0.08863122,0.2572446,-0.08639113,0.93887573,0.24396876,0.24288192,-0.3442536,0.66257787,0.6651917,0.0013577999,-0.7081453,0.7060654,,-0.023936292,0.4066685,-0.38066575,0.23556179,0.4836267,-0.8429804,-0.81916696,0.5655404,0.09554908,0.5229495,0.6680339,0.5293907,,0.8919370333085598,0.350758804414403,0.19695182115,0.6919768134989304,0.10357046682220386,0.9951748161760641,-0.40117302642579,,-0.8981847242038073,-0.3112106893654993,0.18164004367000003,1.462377665861073,0.8701012305063248,0.3334466221160275,0.8606598844615174,,-0.04730714937530631,-0.07404341185429444,0.0795457676,-0.07163176773016745,,-0.00010259822,-2.4437904e-06,-1.5497208e-06,1.0,8.953735e-05,7.67149e-05,-8.95448e-05,0.99999994,9.417534e-06,-7.670373e-05,-9.506941e-06,1.0,242,0.736,0,0,0.0,False,-0.2636314318904893,1.0342101637116388
0.7530818819941487,13:44:11.484155,13:43:57.402099,0,,0.122780636,3.860891e-05,0.023607403,-0.91365373,-0.3292874,-0.23834139,-0.25516284,0.008159548,0.9668635,-0.31643125,0.94419444,-0.09147701,,0.062477823,-0.031749725,0.042728484,-0.15233758,-0.5899402,0.7929462,0.019297868,0.80038184,0.5991796,-0.9881401,0.10657972,-0.11054367,,0.107036635,1.3441399,0.44330165,0.99579847,0.01817776,-0.08974962,-0.0444414,-0.7610041,-0.64722306,-0.0800649,0.64849234,-0.7569989,,-0.08860275,0.25742763,-0.08652047,0.938473,0.24612764,0.24225949,-0.34529558,0.6559689,0.6711749,0.0062799887,-0.71353066,0.7005959,,-0.023936857,0.40666765,-0.380665,0.23556179,0.4836267,-0.8429804,-0.81916696,0.5655404,0.09554908,0.5229495,0.6680339,0.5293907,,0.8926861383973596,0.3511526637909885,0.19678978490000001,0.6915574336119613,0.1087626538132906,1.0020492444947167,-0.4024797789548641,,-0.8981847242038073,-0.3112106893654993,0.18164133996,1.462377665861073,0.8701012305063248,0.3334466221160275,0.8606598844615174,,-0.04730714937530631,-0.07404341185429444,0.0795457676,-0.07163176773016745,,-0.00010259822,-2.4437904e-06,-1.5497208e-06,1.0,8.953735e-05,7.67149e-05,-8.95448e-05,0.99999994,9.417534e-06,-7.670373e-05,-9.506941e-06,1.0,250,0.76,0,0,0.0,False,-0.2630356547052788,1.0345481251170952
0.7834827689803205,13:44:11.504645,13:43:57.402099,0,,0.12274465,7.06166e-05,0.023759604,-0.91294783,-0.33101958,-0.23864666,-0.25445828,0.0045873523,0.9670727,-0.31902525,0.9436127,-0.08841875,,0.062477823,-0.031749725,0.042728484,-0.15233758,-0.5898754,0.7929944,0.019297868,0.80043083,0.5991142,-0.9881401,0.10657069,-0.110552385,,0.107036635,1.3441399,0.44330165,0.99579847,0.01817776,-0.08974962,-0.0444414,-0.7610041,-0.64722306,-0.0800649,0.64849234,-0.7569989,,-0.0885802,0.25755513,-0.08661387,0.93799245,0.24791522,0.24229765,-0.34654602,0.65303355,0.6733892,0.008714939,-0.7156013,0.6984546,,-0.023936857,0.40666765,-0.380665,0.23556179,0.48355782,-0.84301984,-0.81916696,0.5655482,0.09550288,0.5229495,0.6680772,0.5293361,,0.8931881160341841,0.351446127640209,0.19667311880000002,0.6905089838945386,0.1114953838085994,1.0043948958686597,-0.4014997145580582,,-0.8981847242038073,-0.3112106893654993,0.18164133996,1.462377665861073,0.8701012305063248,0.33336494337588707,0.8604965403953833,,-0.04730714937530631,-0.07404341185429444,0.0795457676,-0.07163176773016745,,-0.00010259822,-2.4437904e-06,-1.5497208e-06,1.0,8.953735e-05,7.67149e-05,-8.95448e-05,0.99999994,9.417534e-06,-7.670373e-05,-9.506941e-06,1.0,269,0.817,0,0,0.0,False,-0.26232072208302704,1.0346929657194335
0.8039710040029604,13:44:11.559117,13:43:57.508489,0,,0.12267852,0.0002027899,0.024088502,-0.9098963,-0.34001982,-0.23764497,-0.25391293,0.003468275,0.96722066,-0.32805002,0.94041175,-0.08949125,,0.06247489,-0.03174612,0.04272753,-0.15235369,-0.58969367,0.79312646,0.019309223,0.80056554,0.5989338,-0.98813736,0.10656434,-0.110582605,,0.107036635,1.3441399,0.44330165,0.99579847,0.01817776,-0.08974962,-0.0444414,-0.7610041,-0.64722306,-0.0800649,0.64849234,-0.7569989,,-0.088543266,0.2578767,-0.08677274,0.93573344,0.25716272,0.2413923,-0.35234728,0.65061146,0.6727229,0.015946638,-0.7145432,0.6994095,,-0.023934286,0.40666905,-0.38066125,0.2355762,0.48336324,-0.8431274,-0.8191569,0.56558514,0.09537017,0.5229588,0.66818666,0.5291887,,0.8944391987598085,0.35225701459200254,0.19645534208,0.6852667353074255,0.11996684679405671,1.0010808504056663,-0.4024797789548641,,-0.898169278738059,-0.3111875211668766,0.18164133996,1.462377665861073,0.8701012305063248,0.3331199071554653,0.8596798200647117,,-0.04730714937530631,-0.07404341185429444,0.0795457676,-0.07163176773016745,,-0.00010259822,-2.4437904e-06,-1.5497208e-06,1.0,8.953735e-05,7.67149e-05,-8.95448e-05,0.99999994,9.417534e-06,-7.670373e-05,-9.506941e-06,1.0,277,0.842,0,0,0.0,False,-0.26339312101640555,1.0354654489319046
0.8584277059999295,13:44:11.585173,13:43:57.508489,0,,0.122649044,0.00024335086,0.024183482,-0.9094762,-0.34043363,-0.23865853,-0.2538834,0.00018236041,0.96723473,-0.32923576,0.94026846,-0.08659628,,0.062474612,-0.031744823,0.04272771,-0.15235466,-0.5894376,0.7933166,0.019315094,0.8007582,0.59867615,-0.988137,0.106534034,-0.11061424,,0.107036635,1.3441399,0.44330165,0.99579847,0.01817776,-0.08974962,-0.0444414,-0.7610041,-0.64722306,-0.0800649,0.64849234,-0.7569989,,-0.08852226,0.25797197,-0.08681767,0.93541765,0.257598,0.2421509,-0.3531419,0.6481014,0.6747262,0.016869772,-0.7166644,0.6972141,,-0.02393417,0.40666986,-0.3806602,0.23557647,0.48309067,-0.84328353,-0.8191536,0.5656201,0.0951904,0.52296376,0.66835415,0.52897227,,0.8948176126706455,0.3525273102426004,0.19639182387,0.6844279755334874,0.12105993879218024,1.0036200142619986,-0.40280646708713275,,-0.898169278738059,-0.3111797984340024,0.18164133996,1.462377665861073,0.8701012305063248,0.33279319219490305,0.8603331963292488,,-0.04730714937530631,-0.07404341185429444,0.0795457676,-0.07163176773016745,,-0.00010259822,-2.4437904e-06,-1.5497208e-06,1.0,8.953735e-05,7.67149e-05,-8.95448e-05,0.99999994,9.417534e-06,-7.670373e-05,-9.506941e-06,1.0,285,0.867,0,0,0.0,False,-0.2622611443645053,1.0353206083295663
0.8844829369918443,13:44:11.615712,13:43:57.508489,0,,0.12262204,0.00029981136,0.024346426,-0.9082122,-0.3433642,-0.23927286,-0.25396466,-0.0022527874,0.96721077,-0.33264464,0.93919957,-0.08515647,,0.062473997,-0.031746343,0.042726934,-0.15240154,-0.5892278,0.79346347,0.01944074,0.80089915,0.5984835,-0.98812735,0.1066353,-0.11060324,,0.107036635,1.3441399,0.44330165,0.99579847,0.01817776,-0.08974962,-0.0444414,-0.7610041,-0.64722306,-0.0800649,0.64849234,-0.7569989,,-0.08850969,0.25812423,-0.08690206,0.9344544,0.2606181,0.24263814,-0.3555532,0.6457577,0.6757062,0.01941583,-0.7176874,0.6960947,,-0.023933321,0.4066685,-0.38066107,0.23560776,0.48285812,-0.843408,-0.81907696,0.5657489,0.09508511,0.52306974,0.6684133,0.52879274,,0.8953736494375897,0.35296750601643123,0.19627515777,0.6821213861551577,0.12406594178701993,1.0044359699863,-0.40149971455805855,,-0.8981615560051847,-0.3111797984340024,0.18164133996,1.4625873558045575,0.8701012305063248,0.33271151345476246,0.860496540395383,,-0.04730714937530631,-0.07404341185429444,0.0795457676,-0.07163176773016745,,-0.00010259822,-2.4437904e-06,-1.5497208e-06,1.0,8.953735e-05,7.67149e-05,-8.95448e-05,0.99999994,9.417534e-06,-7.670373e-05,-9.506941e-06,1.0,293,0.891,0,0,0.0,False,-0.2630356547052788,1.0352240479280073
0.9150060469983146,13:44:11.638366,13:43:57.620934,0,,0.12257683,0.00038902462,0.024470657,-0.9072003,-0.3445842,-0.24134868,-0.25524038,-0.005215138,0.9668634,-0.33442456,0.93874085,-0.08322066,,0.062474176,-0.031743437,0.042727828,-0.15231436,-0.58951944,0.7932635,0.019186318,0.80071354,0.5987399,-0.9881457,0.106416434,-0.1106495,,0.107036635,1.3441399,0.44330165,0.99579847,0.01817776,-0.08974962,-0.0444414,-0.7610041,-0.64722306,-0.0800649,0.64849234,-0.7569989,,-0.0884757,0.25827608,-0.08693702,0.9336048,0.26188278,0.24453935,-0.35774913,0.64332616,0.6768656,0.01994088,-0.7194087,0.6943007,,-0.023933906,0.4066707,-0.38065904,0.23555197,0.48318705,-0.84323514,-0.8192301,0.56550795,0.09519868,0.522855,0.66837937,0.5290479,,0.8959451316702822,0.3534463154546331,0.19621293585000002,0.6796051068333434,0.125022397285378,1.0057796919040793,-0.40280646708713264,,-0.898169278738059,-0.3111797984340024,0.18164133996,1.4621679759175883,0.8701012305063248,0.33271151345476246,0.860496540395383,,-0.04730714937530631,-0.07404341185429444,0.0795457676,-0.07163176773016745,,-0.00010259822,-2.4437904e-06,-1.5497208e-06,1.0,8.953735e-05,7.67149e-05,-8.95448e-05,0.99999994,9.417534e-06,-7.670373e-05,-9.506941e-06,1.0,305,0.928,0,0,0.0,False,-0.2626186106756321,1.0358516905381403
0.9376641049748287,13:44:11.672521,13:43:57.620934,0,,0.12256915,0.0005148649,0.024609178,-0.9047449,-0.3517292,-0.24025641,-0.25401044,-0.007264644,0.96717405,-0.34192878,0.93607354,-0.08277029,,0.062340125,-0.03176699,0.042724848,-0.1522965,-0.58937424,0.7933748,0.019233793,0.8008195,0.5985967,-0.9881476,0.106423795,-0.11062609,,0.107088104,1.3441344,0.44329417,0.99579626,0.018140558,-0.08978126,-0.04449008,-0.761005,-0.6472187,-0.0800649,0.64849234,-0.7569989,,-0.08852575,0.2584651,-0.086958654,0.9317929,0.2692397,0.24345821,-0.36202595,0.64044434,0.6773243,0.026441148,-0.7192642,0.6942333,,-0.023847409,0.4066735,-0.3806762,0.23551531,0.48307282,-0.84331083,-0.81921726,0.565532,0.09516649,0.52289164,0.66844165,0.528933,,0.8966324548960882,0.354095025016068,0.19617534344,0.6760403777941065,0.13226413177294635,1.004530231196181,-0.40068299422738696,,-0.898169278738059,-0.31117207570112815,0.18164004367000003,1.4621679759175883,0.8701012305063248,0.33262983471462193,0.8606598844615173,,-0.04730714937530631,-0.07404341185429444,0.0795457676,-0.07163176773016745,,-5.0514936e-05,-2.2053719e-06,3.2186508e-06,1.0,5.2534044e-05,4.5012683e-05,-5.253777e-05,0.99999994,5.543232e-06,-4.5001507e-05,-5.6028366e-06,1.0,320,0.973,0,0,0.0,False,-0.2626781883941529,1.0359482509396993
