camera_matrix:
- - 4085.2837819895803
  - 0.0
  - 530.7132719774843
- - 0.0
  - 4207.71371951183
  - 506.3358910905589
- - 0.0
  - 0.0
  - 1.0
dist_coeff:
- - -0.5325964294789151
  - 7.989571405122601
  - 0.011334771724565334
  - -0.015507281605365667
  - -2.567985891486187
mean reprojection error:
- 0.06327266566695873
