Time,si_T_psm1,Tx,Ty,Tz,R00,R01,R02,R10,R11,R12,R20,R21,R22,si_T_psm3,Tx,Ty,Tz,R00,R01,R02,R10,R11,R12,R20,R21,R22,si_T_ecm,Tx,Ty,Tz,R00,R01,R02,R10,R11,R12,R20,R21,R22,joint_vars_psm1,q1,q2,q3,q4,q5,q6,jaw,joint_vars_psm3,q1,q2,q3,q4,q5,q6,jaw
lci_T_si
0,-0.053239394,0.052522894,0.2976146,0.994847,-0.10136057,0.0023327982,-0.100911304,-0.99214035,-0.073989056,0.009814036,0.07337239,-0.99725634
rci_T_si
0,-0.06678156,0.05452989,1.089893,0.9904633,-0.1259971,0.055741835,-0.13536324,-0.9653092,0.22328217,0.025675202,-0.2286982,-0.9731587
ecm_T_lc
0,0.82637364,0.89959043,-4.471184,-0.8282249,-0.54140776,0.14464118,0.55436236,-0.82931954,0.07008122,0.08201124,0.13822663,0.9869993
ecm_T_rc
0,-0.10746905,0.019146087,-2.6037304,-0.34537515,0.93471545,0.08380301,-0.9384632,-0.34383708,-0.032600943,-0.0016580217,-0.0899056,0.9959489
0.029411769995931536,,0.4952594,-1.48382,-3.9367366,-0.9535588,-0.006084867,-0.3011453,-0.12118042,0.9230639,0.36505923,0.27575502,0.3845984,-0.8809331,,,,,,,,,,,,,,,0.46362597,-1.5179679,-4.050813,-0.7679042,0.63588023,0.07732637,0.63171345,0.7717537,-0.07303436,-0.106118046,-0.007235312,-0.9943272,,1.3352064548232982,-0.26170797164172016,0.15050186158,0.5466616826641549,-0.00013663649976544044,0.0001114179036964214,0.0,,,,,,,,
1.050268588005565,,0.49526685,-1.4838629,-3.9367247,-0.9535487,-0.0061287656,-0.30117643,-0.12122758,0.9230683,0.3650323,0.27576926,0.38458702,-0.8809337,,,,,,,,,,,,,,,0.46359915,-1.517948,-4.0508156,-0.76789474,0.63589156,0.07732731,0.6317248,0.77174443,-0.07303502,-0.10611929,-0.0072336392,-0.99432707,,1.3352141775561723,-0.26170797164172016,0.15050186158,0.5466616826641549,-0.00013663649976544044,0.0001114179036964214,0.0,,,,,,,,
2.0691137069952674,,0.49523264,-1.4837966,-3.9367478,-0.95356154,-0.006073732,-0.30113676,-0.121172115,0.9230571,0.36507875,0.27574915,0.38461453,-0.8809279,,,,,,,,,,,,,,,0.46360987,-1.5179518,-4.0508175,-0.76789194,0.6358948,0.07732759,0.631728,0.7717416,-0.0730352,-0.10611965,-0.007233163,-0.99432707,,1.3352141775561723,-0.26170797164172016,0.15050186158,0.5466616826641549,-0.00013663649976544044,0.0001114179036964214,0.0,,,,,,,,
3.0871418449969497,,0.4952764,-1.4838423,-3.9367318,-0.95363605,-0.006169226,-0.30089885,-0.121106826,0.923138,0.36489594,0.2755201,0.38441896,-0.88108504,,,,,,,,,,,,,,,0.46361697,-1.517958,-4.050812,-0.7678929,0.63589376,0.07732749,0.6317269,0.7717426,-0.07303514,-0.106119536,-0.00723333,-0.99432707,,1.3352141775561723,-0.26170797164172016,0.15050186158,0.5466616826641549,0.00013663649976544044,-0.0001114179036964214,0.0,,,,,,,,
4.108926026005065,,0.4953119,-1.4838854,-3.9367225,-0.953918,-0.0057143345,-0.3000127,-0.12079871,0.922535,0.36651948,0.27467787,0.38587075,-0.8807133,,,,,,,,,,,,,,,0.46362275,-1.5179633,-4.050811,-0.7679078,0.6358759,0.077326015,0.6317092,0.7717572,-0.07303412,-0.10611758,-0.0072359205,-0.99432725,,1.3352141775561723,-0.26170797164172016,0.15050186158,0.5466616826641549,0.0010930919981235235,0.0015590189746454985,0.5236810760264994,,,,,,,,
5.130875347997062,,0.4953299,-1.4839002,-3.9367409,-0.95392823,-0.0058963634,-0.29997683,-0.120786734,0.9227567,0.36596483,0.2746478,0.38533747,-0.88095605,,,,,,,,,,,,,,,0.46361005,-1.5179539,-4.0508227,-0.76788235,0.63590634,0.07732854,0.6317395,0.77173215,-0.073035866,-0.106120914,-0.0072314655,-0.99432695,,1.3352064548232982,-0.26170797164172016,0.15050186158,0.5466616826641549,0.0010930919981235235,0.0009872677936615393,0.5238444200926335,,,,,,,,
6.149674918007804,,0.49528402,-1.4838402,-3.9367454,-0.95388824,-0.005961336,-0.30010247,-0.12080553,0.92287797,0.36565292,0.27477825,0.38504612,-0.88104284,,,,,,,,,,,,,,,0.4636322,-1.5179749,-4.0508146,-0.76792175,0.63585925,0.07732463,0.6316925,0.77177095,-0.07303317,-0.10611574,-0.0072383774,-0.9943274,,1.3352064548232982,-0.26170797164172016,0.15050186158,0.5466616826641549,0.0009564554983580831,0.0006086132565145952,0.5238444200926335,,,,,,,,
7.1705616129911505,,0.4952594,-1.4838067,-3.9367526,-0.95381016,-0.0059890524,-0.3003501,-0.12087729,0.9229442,0.3654618,0.27501765,0.38488677,-0.8810377,,,,,,,,,,,,,,,0.46359092,-1.5179379,-4.0508213,-0.7678825,0.6359061,0.077328525,0.63173926,0.77173233,-0.07303585,-0.10612089,-0.0072315047,-0.99432695,,1.3352141775561723,-0.26170797164172016,0.15050186158,0.5466616826641549,0.0006831824988272023,0.00042305536320463855,0.5236810760264993,,,,,,,,
8.189053801004775,,0.49525702,-1.483807,-3.9367518,-0.953728,-0.0060938075,-0.3006086,-0.12097712,0.92307156,0.3651067,0.27525845,0.38457933,-0.8810967,,,,,,,,,,,,,,,0.46359092,-1.5179379,-4.0508213,-0.7678825,0.6359061,0.077328525,0.63173926,0.77173233,-0.07303585,-0.10612089,-0.0072315047,-0.99432695,,1.3352141775561723,-0.26170797164172016,0.15050186158,0.5466616826641549,0.0004099094992963213,7.413998961353085e-05,0.5238444200926335,,,,,,,,
9.20620884600794,,0.4952789,-1.4838516,-3.9367375,-0.9536804,-0.0061480813,-0.30075845,-0.121065415,0.92309487,0.3650187,0.27538452,0.38452274,-0.88108206,,,,,,,,,,,,,,,0.4636098,-1.5179498,-4.0508175,-0.76788074,0.6359082,0.0773287,0.6317414,0.7717306,-0.07303598,-0.106121115,-0.0072311894,-0.9943269,,1.3352141775561723,-0.26170797164172016,0.15050186158,0.5466616826641549,0.0002732729995308809,2.2200413028833355e-05,0.523517731960365,,,,,,,,
10.22338613399188,,0.49527517,-1.4838321,-3.9367478,-0.9536918,-0.0061775744,-0.30072182,-0.12103075,0.9231598,0.364866,0.27536038,0.38436636,-0.8811578,,,,,,,,,,,,,,,0.46361566,-1.5179565,-4.050814,-0.7678882,0.6358994,0.07732797,0.63173264,0.7717379,-0.07303547,-0.10612016,-0.0072324886,-0.994327,,1.3352064548232982,-0.26170797164172016,0.15050186158,0.5466616826641549,0.0002732729995308809,-0.00014115706725228994,0.5238444200926335,,,,,,,,
11.241238482994959,,0.49529323,-1.4838793,-3.9367301,-0.9536751,-0.006221343,-0.30077398,-0.12108852,0.9231607,0.36484474,0.27539295,0.38436365,-0.8811488,,,,,,,,,,,,,,,0.46363503,-1.5179734,-4.0508084,-0.76791066,0.6358725,0.07732573,0.63170576,0.77176005,-0.07303393,-0.1061172,-0.0072364346,-0.9943273,,1.3352064548232982,-0.26170797164172016,0.15050186158,0.5466616826641549,0.0002732729995308809,-0.00014115706725228994,0.5238444200926335,,,,,,,,
12.2605535259936,,0.49524015,-1.4838425,-3.936734,-0.9527732,0.14595002,-0.26631135,-0.12213944,0.6187196,0.77605903,0.27803794,0.7719356,-0.57167333,,,,,,,,,,,,,,,0.46360856,-1.5179484,-4.050819,-0.7678795,0.63590974,0.07732883,0.63174295,0.77172935,-0.07303607,-0.106121294,-0.0072309687,-0.9943269,,1.3352064548232982,-0.26170797164172016,0.15050315787000001,0.5466616826641549,-0.002732729995308809,0.5215417878876232,0.5249878285555736,,,,,,,,
13.277285901014693,,0.49524713,-1.4838517,-3.9367168,-0.9528443,0.14576966,-0.26615566,-0.12206649,0.6188722,0.7759489,0.27782616,0.77184725,-0.5718954,,,,,,,,,,,,,,,0.46362478,-1.517964,-4.050814,-0.76790464,0.6358797,0.07732633,0.6317129,0.77175415,-0.07303434,-0.106117986,-0.007235383,-0.9943272,,1.3352064548232982,-0.26170797164172016,0.15050445416000002,0.5466616826641549,-0.002459456995777928,0.5213189520802303,0.524661140423305,,,,,,,,
14.295100524002919,,0.4952731,-1.48386,-3.9367304,-0.9530615,0.14533235,-0.26561642,-0.1218175,0.6190776,0.775824,0.2771896,0.77176505,-0.5723152,,,,,,,,,,,,,,,0.46362865,-1.5179693,-4.050817,-0.7679155,0.63586664,0.07732525,0.6316999,0.7717648,-0.07303359,-0.106116556,-0.0072372826,-0.99432737,,1.3352141775561723,-0.26170797164172016,0.15050445416000002,0.5466616826641549,-0.0017762744969507258,0.5210068987821699,0.5238444200926335,,,,,,,,
15.312968959013233,,0.4952682,-1.4838644,-3.936731,-0.95309985,0.14524801,-0.26552534,-0.121768735,0.61914897,0.7757748,0.27707955,0.7717237,-0.57242423,,,,,,,,,,,,,,,0.46363297,-1.5179728,-4.050811,-0.7679112,0.6358719,0.07732568,0.6317051,0.7717606,-0.07303389,-0.10611713,-0.007236522,-0.9943273,,1.3352141775561723,-0.26170797164172016,0.15050445416000002,0.5466616826641549,-0.0016396379971852853,0.5208954808784735,0.5238444200926335,,,,,,,,
16.3341506299912,,0.49529546,-1.4838899,-3.9367294,-0.9531825,0.1450792,-0.26532042,-0.121683314,0.6192061,0.7757427,0.27683222,0.7717096,-0.5725628,,,,,,,,,,,,,,,0.46363586,-1.5179789,-4.0508103,-0.7679212,0.63585985,0.07732469,0.63169324,0.7717704,-0.073033206,-0.10611581,-0.007238281,-0.9943274,,1.3352064548232982,-0.26170797164172016,0.15050445416000002,0.5466616826641549,-0.0013663649976544045,0.5208360025513618,0.523517731960365,,,,,,,,
17.34939252398908,,0.49522734,-1.483792,-3.9367542,-0.9531983,0.14521673,-0.26518884,-0.12160528,0.61889356,0.77600425,0.2768125,0.7719344,-0.5722692,,,,,,,,,,,,,,,0.46359736,-1.5179454,-4.0508237,-0.7678863,0.63590163,0.077328146,0.63173485,0.771736,-0.073035605,-0.10612041,-0.007232158,-0.99432695,,1.3352141775561723,-0.26170797164172016,0.15050445416000002,0.5466616826641549,-0.0013663649976544045,0.521162717511924,0.523517731960365,,,,,,,,
18.366294612991624,,0.49946514,-1.4836936,-3.9370208,-0.9869848,-0.0853341,0.136305,0.056202695,0.611108,0.78954923,-0.15067258,0.78693384,-0.5983584,,,,,,,,,,,,,,,0.46362594,-1.5179651,-4.050819,-0.767901,0.63588405,0.07732669,0.6317173,0.7717505,-0.073034585,-0.10611847,-0.0072347308,-0.9943271,,1.3352064548232982,-0.26170797164172016,0.15050445416000002,0.5466616826641549,0.4671601926980409,0.5212038721144452,0.523517731960365,,,,,,,,
19.38396325201029,,0.4999567,-1.4837263,-3.9369323,-0.9766455,-0.11271078,0.18292016,0.077055,0.61098397,0.7878837,-0.20056432,0.78357816,-0.58802986,,,,,,,,,,,,,,,0.46362594,-1.5179651,-4.050819,-0.767901,0.63588405,0.07732669,0.6317173,0.7717505,-0.073034585,-0.10611847,-0.0072347308,-0.9943271,,1.3352141775561723,-0.26170797164172016,0.15050445416000002,0.5466616826641549,0.5222247021035133,0.5236761262063134,0.5235177319603649,,,,,,,,
20.401191623997875,,0.49997035,-1.4837483,-3.936908,-0.97668135,-0.112669095,0.18275468,0.07696662,0.6109062,0.7879527,-0.20042393,0.78364474,-0.58798903,,,,,,,,,,,,,,,0.4636012,-1.5179421,-4.0508156,-0.7678769,0.6359129,0.077329084,0.63174605,0.77172685,-0.073036246,-0.10612164,-0.0072305184,-0.99432683,,1.3352141775561723,-0.26170797164172016,0.15050445416000002,0.5466616826641549,0.522088065603748,0.5237875441100097,0.5235177319603649,,,,,,,,
21.417522781994194,,0.4999819,-1.483775,-3.9369051,-0.9766831,-0.11267698,0.18274014,0.076954395,0.61088914,0.78796715,-0.20041974,0.78365695,-0.58797425,,,,,,,,,,,,,,,0.4636148,-1.5179578,-4.050812,-0.7679023,0.63588256,0.077326566,0.6317158,0.7717518,-0.0730345,-0.10611831,-0.0072349636,-0.9943272,,1.3352141775561723,-0.26170797164172016,0.15050445416000002,0.5466616826641549,0.522088065603748,0.5237875441100097,0.5235177319603649,,,,,,,,
22.434546272997977,,0.49997783,-1.4837537,-3.9369192,-0.9766778,-0.1126313,0.1827959,0.07697788,0.6110813,0.7878157,-0.2004359,0.7835136,-0.5881597,,,,,,,,,,,,,,,0.4636189,-1.5179619,-4.0508175,-0.7679037,0.6358807,0.07732642,0.6317139,0.7717532,-0.0730344,-0.1061181,-0.007235225,-0.9943272,,1.3352141775561723,-0.26170797164172016,0.15050445416000002,0.5466616826641549,0.522088065603748,0.5235425078895881,0.5236810760264994,,,,,,,,
23.453593632992124,,0.49997392,-1.483752,-3.9369156,-0.9766782,-0.11262711,0.18279667,0.07697983,0.6110866,0.7878115,-0.20043355,0.78351015,-0.58816504,,,,,,,,,,,,,,,0.46363983,-1.5179819,-4.0508122,-0.7679273,0.6358526,0.077324085,0.631686,0.7717764,-0.07303279,-0.10611501,-0.0072393427,-0.9943275,,1.3352064548232982,-0.26170797164172016,0.15050445416000002,0.5466616826641549,0.522088065603748,0.5235425078895881,0.5236810760264994,,,,,,,,
24.471655099012423,,0.49994016,-1.4837062,-3.9369297,-0.97667384,-0.11260644,0.18283278,0.07701943,0.6110942,0.7878016,-0.20043963,0.78350717,-0.588167,,,,,,,,,,,,,,,0.46359593,-1.51794,-4.0508223,-0.767879,0.63591033,0.077328876,0.6317435,0.7717289,-0.0730361,-0.10612136,-0.007230882,-0.9943269,,1.3352219002890466,-0.2617156943745944,0.15050445416000002,0.5466616826641549,0.522088065603748,0.5235425078895881,0.5236810760264994,,,,,,,,
25.48908882201067,,0.4999852,-1.4837776,-3.9369056,-0.9766867,-0.11259377,0.18277192,0.07694965,0.61120486,0.78772265,-0.20040381,0.7834227,-0.58829176,,,,,,,,,,,,,,,0.46362412,-1.5179644,-4.0508194,-0.76790184,0.63588303,0.0773266,0.6317162,0.7717514,-0.07303453,-0.106118344,-0.00723489,-0.9943272,,1.3352141775561723,-0.26170797164172016,0.15050445416000002,0.5466616826641549,0.522088065603748,0.5233791504093068,0.5233543878942308,,,,,,,,
26.506339151994325,,0.49996144,-1.4837476,-3.9369216,-0.9767051,-0.112586476,0.18267831,0.076927595,0.6110137,0.78787315,-0.20032284,0.78357285,-0.5881192,,,,,,,,,,,,,,,0.46363127,-1.517972,-4.050812,-0.7679083,0.63587534,0.07732597,0.6317087,0.77175766,-0.07303409,-0.10611752,-0.0072360123,-0.99432725,,1.3352141775561723,-0.26170797164172016,0.15050445416000002,0.5466616826641549,0.5219514291039825,0.5236539257932845,0.5236810760264994,,,,,,,,
27.522853941016365,,0.4999927,-1.4837754,-3.9369154,-0.9767066,-0.112601675,0.18266052,0.076907024,0.61100185,0.78788435,-0.20032305,0.7835798,-0.58810985,,,,,,,,,,,,,,,0.46361968,-1.517964,-4.0508156,-0.7679006,0.6358845,0.07732673,0.63171786,0.7717501,-0.07303462,-0.10611852,-0.007234663,-0.9943271,,1.3352064548232982,-0.26170797164172016,0.15050445416000002,0.5466616826641549,0.5219514291039825,0.5236539257932845,0.5236810760264994,,,,,,,,
28.547163055016426,,0.4917241,-1.4846475,-3.9348216,-0.72336495,0.34068477,-0.6005639,-0.26958528,0.6614032,0.6999065,0.6356625,0.66819113,-0.3865924,,,,,,,,,,,,,,,0.463621,-1.5179626,-4.0508122,-0.76790047,0.6358847,0.077326745,0.631718,0.7717499,-0.07303463,-0.106118545,-0.007234637,-0.9943271,,1.3352064548232982,-0.26170797164172016,0.15050186158,0.5466616826641549,-0.4563659092165711,0.5248750424088989,0.5233543878942307,,,,,,,,
29.569851042004302,,0.49131224,-1.4847955,-3.93444,-0.67835903,0.36376962,-0.6383577,-0.2863379,0.6692466,0.68565255,0.6766384,0.6479047,-0.34982854,,,,,,,,,,,,,,,0.46361604,-1.5179559,-4.050816,-0.7678881,0.6358995,0.077327974,0.63173276,0.7717378,-0.07303547,-0.10612017,-0.007232473,-0.994327,,1.3352064548232982,-0.2617156943745944,0.15050186158,0.5466616826641549,-0.5194919721082046,0.526281046210481,0.523517731960365,,,,,,,,
30.587945548002608,,0.491322,-1.4848255,-3.9344397,-0.67847013,0.36314645,-0.6385943,-0.28629556,0.6698418,0.6850885,0.6765449,0.64763904,-0.35050055,,,,,,,,,,,,,,,0.46361786,-1.5179574,-4.050813,-0.7678918,0.63589495,0.077327594,0.6317281,0.7717415,-0.07303522,-0.106119655,-0.0072331363,-0.99432707,,1.3352064548232982,-0.26170797164172016,0.15050186158,0.5466616826641549,-0.5193553356084392,0.5254345196455193,0.5233543878942306,,,,,,,,
31.60871275200043,,0.49132085,-1.4848269,-3.9344385,-0.67827225,0.3632761,-0.63873076,-0.2863602,0.6698441,0.68505925,0.676716,0.647564,-0.35030895,,,,,,,,,,,,,,,0.46361786,-1.5179574,-4.050813,-0.7678918,0.63589495,0.077327594,0.6317281,0.7717415,-0.07303522,-0.106119655,-0.0072331363,-0.99432707,,1.335198732090424,-0.26170797164172016,0.15050186158,0.5466616826641549,-0.5196286086079701,0.5254939979726312,0.5236810760264992,,,,,,,,
32.62721460699686,,0.4913193,-1.4848415,-3.9344301,-0.6782478,0.3632808,-0.6387541,-0.28638858,0.669837,0.6850544,0.6767285,0.6475687,-0.35027608,,,,,,,,,,,,,,,0.4636083,-1.5179517,-4.0508184,-0.7678869,0.63590086,0.07732808,0.6317341,0.7717367,-0.07303556,-0.10612031,-0.007232273,-0.99432695,,1.335198732090424,-0.26170797164172016,0.15050186158,0.5466616826641549,-0.5196286086079701,0.5254939979726312,0.5236810760264992,,,,,,,,
33.65339470899198,,0.49132115,-1.4848198,-3.9344409,-0.6782776,0.36328834,-0.6387182,-0.2863547,0.6698309,0.6850747,0.67671293,0.6475709,-0.350302,,,,,,,,,,,,,,,0.46359932,-1.51794,-4.050816,-0.7678594,0.6359338,0.07733082,0.631767,0.7717097,-0.07303745,-0.10612395,-0.0072274436,-0.99432665,,1.335198732090424,-0.26170797164172016,0.15050186158,0.5466616826641549,-0.5196286086079701,0.5254939979726312,0.5236810760264992,,,,,,,,
34.678125356993405,,0.49133807,-1.4848442,-3.934434,-0.6782416,0.36318603,-0.63881445,-0.2864031,0.6699309,0.6849565,0.6767285,0.64752465,-0.35035753,,,,,,,,,,,,,,,0.46363607,-1.5179783,-4.0508146,-0.7679174,0.6358643,0.07732505,0.6316976,0.77176666,-0.07303347,-0.1061163,-0.0072376225,-0.99432737,,1.3352064548232982,-0.26170797164172016,0.15050186158,0.5466616826641549,-0.5196286086079701,0.5253306404923501,0.5233543878942306,,,,,,,,
35.69683807599358,,0.4913101,-1.4848206,-3.9344347,-0.6782489,0.36319605,-0.6388012,-0.2863794,0.6699357,0.6849618,0.6767313,0.64751416,-0.35037133,,,,,,,,,,,,,,,0.4635611,-1.5179108,-4.05083,-0.7678498,0.6359452,0.077331774,0.6317783,0.7717002,-0.0730381,-0.10612519,-0.0072257584,-0.99432653,,1.3352141775561723,-0.2617156943745944,0.15050186158,0.5466616826641549,-0.5196286086079701,0.5253306404923501,0.5233543878942306,,,,,,,,
36.72240550199058,,0.49132746,-1.4848456,-3.934439,-0.67825437,0.36306283,-0.6388711,-0.2863822,0.67007023,0.6848291,0.6767246,0.64744973,-0.35050339,,,,,,,,,,,,,,,0.46362776,-1.5179685,-4.050813,-0.76790625,0.6358778,0.07732617,0.631711,0.77175575,-0.073034234,-0.10611778,-0.00723566,-0.99432725,,1.335198732090424,-0.2617156943745944,0.15050186158,0.5466616826641549,-0.5196286086079701,0.5251672830120689,0.5236810760264992,,,,,,,,
