Time,si_T_psm1,Tx,Ty,Tz,R00,R01,R02,R10,R11,R12,R20,R21,R22,si_T_psm3,Tx,Ty,Tz,R00,R01,R02,R10,R11,R12,R20,R21,R22,si_T_ecm,Tx,Ty,Tz,R00,R01,R02,R10,R11,R12,R20,R21,R22,joint_vars_psm1,q1,q2,q3,q4,q5,q6,jaw,joint_vars_psm3,q1,q2,q3,q4,q5,q6,jaw
lci_T_si
0,-0.05302075,0.052371312,0.29498777,0.9948231,-0.101515934,0.0046375627,-0.10089349,-0.9921181,-0.07431096,0.0121447565,0.07345836,-0.99722433
rci_T_si
0,-0.06494534,0.053453855,1.1013877,0.9930256,-0.116793714,0.016107181,-0.11786022,-0.9798788,0.16107939,-0.0030299753,-0.16185434,-0.98681
ecm_T_lc
0,0.82637364,0.89959043,-4.471184,-0.8282249,-0.54140776,0.14464118,0.55436236,-0.82931954,0.07008122,0.08201124,0.13822663,0.9869993
ecm_T_rc
0,-0.10746905,0.019146087,-2.6037304,-0.34537515,0.93471545,0.08380301,-0.9384632,-0.34383708,-0.032600943,-0.0016580217,-0.0899056,0.9959489
0.022525500011397526,,0.503844,-1.4833653,-3.9357073,-0.9543725,-0.0071777143,-0.29853216,-0.12101913,0.9232321,0.36468706,0.2729969,0.38417554,-0.8819761,,,,,,,,,,,,,,,0.47260222,-1.5176111,-4.0524864,-0.76755404,0.636019,0.07962758,0.63184613,0.7716522,-0.07295939,-0.10784838,-0.0056879004,-0.9941511,,1.3343878451386304,-0.26159985338148106,0.15050445416000002,0.5466616826641549,-0.0005465459990617618,-0.00020775830633881223,0.0,,,,,,,,
1.0489233949920163,,0.50383353,-1.4833542,-3.9357076,-0.9543731,-0.007168509,-0.29853034,-0.12101644,0.92322356,0.36470956,0.2729959,0.38419616,-0.8819675,,,,,,,,,,,,,,,0.47261062,-1.5176178,-4.05248,-0.76756006,0.63601166,0.07962698,0.6318388,0.77165824,-0.072958976,-0.107847586,-0.005688984,-0.9941512,,1.3343878451386304,-0.26159985338148106,0.15050445416000002,0.5466616826641549,-0.0005465459990617618,-0.00020775830633881223,0.0,,,,,,,,
2.068930528999772,,0.5038357,-1.4833736,-3.935693,-0.9543681,-0.007183876,-0.2985458,-0.121029265,0.92323285,0.36468145,0.2730076,0.3841733,-0.88197374,,,,,,,,,,,,,,,0.47257924,-1.5175952,-4.052487,-0.7675369,0.6360394,0.079629265,0.6318664,0.7716354,-0.07296055,-0.10785056,-0.00568486,-0.9941509,,1.334380122405756,-0.26159985338148106,0.15050445416000002,0.5466616826641549,-0.0005465459990617618,-0.00020775830633881223,0.0,,,,,,,,
3.086486025014892,,0.50385255,-1.4833755,-3.935705,-0.9543738,-0.007184703,-0.29852784,-0.12102415,0.92323166,0.36468658,0.27299023,0.38417646,-0.8819778,,,,,,,,,,,,,,,0.4726167,-1.5176255,-4.0524826,-0.76756585,0.6360048,0.07962641,0.6318318,0.77166396,-0.07295859,-0.10784685,-0.0056900214,-0.99415123,,1.334380122405756,-0.26159985338148106,0.15050445416000002,0.5466616826641549,-0.0005465459990617618,-0.00020775830633881223,0.0,,,,,,,,
4.102550864015939,,0.5039006,-1.4834338,-3.9357,-0.9546914,-0.0062659755,-0.2975312,-0.12068222,0.92203385,0.36781645,0.27202916,0.38705802,-0.8810143,,,,,,,,,,,,,,,0.4726404,-1.5176487,-4.0524797,-0.76759934,0.63596475,0.0796231,0.63179183,0.7716968,-0.07295631,-0.107842565,-0.005695985,-0.99415165,,1.334380122405756,-0.26159985338148106,0.15050445416000002,0.5466616826641549,0.0005465459990617618,0.0030665142112584892,0.47974152223637817,,,,,,,,
5.1189853429968935,,0.503846,-1.4833741,-3.9356894,-0.95480317,-0.0065556504,-0.29716605,-0.12050465,0.92244774,0.36683574,0.2717154,0.38606596,-0.88154626,,,,,,,,,,,,,,,0.47258174,-1.5175931,-4.0524893,-0.76754135,0.6360341,0.079628825,0.6318612,0.77163976,-0.07296025,-0.10785,-0.0056856484,-0.99415094,,1.3343878451386304,-0.26159985338148106,0.15050445416000002,0.5466616826641549,0.0009564554983580831,0.0019154730987636093,0.5238444200926335,,,,,,,,
6.135778483992908,,0.50383615,-1.4833659,-3.9357064,-0.95481557,-0.006748941,-0.29712218,-0.12048228,0.92269653,0.36621723,0.27168202,0.38546795,-0.88181823,,,,,,,,,,,,,,,0.47259104,-1.5176067,-4.0524874,-0.76755977,0.63601214,0.07962701,0.6318393,0.77165794,-0.072959006,-0.107847646,-0.005688926,-0.9941512,,1.334380122405756,-0.26159985338148106,0.15050445416000002,0.5466616826641549,0.0009564554983580831,0.0012620431776390884,0.5238444200926335,,,,,,,,
7.156372094003018,,0.5038857,-1.483419,-3.9356928,-0.95473003,-0.006960362,-0.29739165,-0.12061729,0.9229144,0.3656232,0.27192223,0.3849421,-0.88197386,,,,,,,,,,,,,,,0.47261947,-1.5176264,-4.052479,-0.7675669,0.6360035,0.07962631,0.63183063,0.771665,-0.072958514,-0.107846715,-0.005690207,-0.99415123,,1.334380122405756,-0.26159985338148106,0.15050445416000002,0.5466616826641549,0.0006831824988272023,0.0006680915836263235,0.5238444200926335,,,,,,,,
8.174517147010192,,0.50384927,-1.4833714,-3.9356997,-0.9547335,-0.007008698,-0.29737976,-0.120587364,0.9230106,0.36539006,0.27192387,0.3847105,-0.8820744,,,,,,,,,,,,,,,0.47260723,-1.5176173,-4.0524807,-0.7675656,0.63600504,0.07962643,0.63183206,0.7716638,-0.072958596,-0.10784687,-0.0056899805,-0.99415123,,1.3343955678715045,-0.26159985338148106,0.15050445416000002,0.5466616826641549,0.0006831824988272023,0.00042305536320463855,0.5236810760264993,,,,,,,,
9.192256417998578,,0.50388443,-1.4834236,-3.935687,-0.9546003,-0.0070833527,-0.29780543,-0.12078505,0.9230536,0.3652159,0.27230346,0.3846057,-0.88200307,,,,,,,,,,,,,,,0.47260484,-1.5176142,-4.052488,-0.76755404,0.636019,0.07962758,0.63184613,0.7716522,-0.07295939,-0.10784838,-0.0056879004,-0.9941511,,1.3343878451386304,-0.26159985338148106,0.15050445416000002,0.5466616826641549,0.0002732729995308809,0.0002672366334505183,0.5236810760264993,,,,,,,,
10.208448298013536,,0.50388443,-1.4834236,-3.935687,-0.9546003,-0.0070833527,-0.29780543,-0.12078505,0.9230536,0.3652159,0.27230346,0.3846057,-0.88200307,,,,,,,,,,,,,,,0.47260484,-1.5176142,-4.052488,-0.76755404,0.636019,0.07962758,0.63184613,0.7716522,-0.07295939,-0.10784838,-0.0056879004,-0.9941511,,1.3343878451386304,-0.26159985338148106,0.15050445416000002,0.5466616826641549,0.0002732729995308809,0.0002672366334505183,0.5236810760264993,,,,,,,,
11.225567473011324,,0.5038551,-1.4834254,-3.9356844,-0.9537017,0.14360791,-0.26425296,-0.121882275,0.6187034,0.77611244,0.27495015,0.7723877,-0.57255536,,,,,,,,,,,,,,,0.47262266,-1.5176312,-4.0524793,-0.76757675,0.63599175,0.07962533,0.6318188,0.77167475,-0.07295784,-0.10784545,-0.005691965,-0.99415135,,1.3343878451386304,-0.2615921306486068,0.15050445416000002,0.5466616826641549,-0.002732729995308809,0.5216234666277637,0.5251511726217077,,,,,,,,
12.243287787016015,,0.5038271,-1.4833857,-3.9356885,-0.9537129,0.14357686,-0.26422954,-0.121837124,0.6188291,0.7760193,0.27493143,0.77229273,-0.57269245,,,,,,,,,,,,,,,0.47257185,-1.5175841,-4.052484,-0.767524,0.6360548,0.079630524,0.6318818,0.7716228,-0.07296143,-0.107852206,-0.0056825657,-0.9941507,,1.3343878451386304,-0.2615921306486068,0.15050445416000002,0.5466616826641549,-0.002732729995308809,0.5214601091474825,0.5244977963571706,,,,,,,,
13.262422486004652,,0.50382334,-1.4833595,-3.9356956,-0.9537214,0.14360581,-0.26418293,-0.12181017,0.61874926,0.77608716,0.27491367,0.7723513,-0.57262194,,,,,,,,,,,,,,,0.47257876,-1.5175915,-4.0524917,-0.76753634,0.63604003,0.07962932,0.63186705,0.7716349,-0.07296059,-0.107850626,-0.005684754,-0.9941509,,1.334380122405756,-0.2615921306486068,0.15050445416000002,0.5466616826641549,-0.002732729995308809,0.5215417878876232,0.5240077641587677,,,,,,,,
14.280654898000648,,0.5038331,-1.4833964,-3.9356773,-0.9537073,0.14360064,-0.26423666,-0.12184532,0.61878175,0.7760557,0.27494705,0.77232623,-0.5726398,,,,,,,,,,,,,,,0.47260925,-1.5176172,-4.0524826,-0.76755416,0.6360187,0.07962756,0.63184583,0.7716524,-0.07295938,-0.107848346,-0.005687943,-0.9941511,,1.334380122405756,-0.26159985338148106,0.15050445416000002,0.5466616826641549,-0.002732729995308809,0.5215417878876232,0.5240077641587677,,,,,,,,
15.297603404003894,,0.5038605,-1.4834185,-3.9356797,-0.9537864,0.14344676,-0.26403496,-0.121773005,0.61878496,0.7760646,0.27470487,0.7723523,-0.5727209,,,,,,,,,,,,,,,0.47259656,-1.5176076,-4.0524855,-0.76754963,0.63602424,0.07962801,0.63185126,0.771648,-0.072959684,-0.107848935,-0.0056871255,-0.99415106,,1.3343955678715045,-0.26159985338148106,0.15050445416000002,0.5466616826641549,-0.002459456995777928,0.5214823095605114,0.5236810760264992,,,,,,,,
16.314522697008215,,0.50383925,-1.483404,-3.9356906,-0.95378697,0.14345649,-0.26402745,-0.12175729,0.6187955,0.77605855,0.27470976,0.772342,-0.5727324,,,,,,,,,,,,,,,0.47261333,-1.5176241,-4.0524898,-0.7675685,0.6360016,0.07962615,0.63182867,0.7716665,-0.0729584,-0.107846506,-0.005690493,-0.9941513,,1.334380122405756,-0.26159985338148106,0.15050445416000002,0.5466616826641549,-0.002459456995777928,0.5214823095605114,0.5236810760264992,,,,,,,,
17.335693931992864,,0.5038123,-1.4833627,-3.9356945,-0.9537925,0.14347647,-0.2639965,-0.121727556,0.6187743,0.7760802,0.2747036,0.7723553,-0.57271737,,,,,,,,,,,,,,,0.47261593,-1.5176238,-4.0524836,-0.76756436,0.6360066,0.07962656,0.63183373,0.7716624,-0.07295869,-0.10784705,-0.005689743,-0.99415123,,1.334380122405756,-0.26159985338148106,0.15050445416000002,0.5466616826641549,-0.002459456995777928,0.5214823095605114,0.5236810760264992,,,,,,,,
18.357226071995683,,0.50858474,-1.4832994,-3.9358528,-0.9754875,-0.116541915,0.18665996,0.07810189,0.6096605,0.7888053,-0.20572814,0.78404844,-0.58561414,,,,,,,,,,,,,,,0.47260973,-1.517622,-4.0524864,-0.7675644,0.6360065,0.07962655,0.63183355,0.7716625,-0.07295868,-0.10784703,-0.0056897625,-0.99415123,,1.3343878451386304,-0.26159985338148106,0.15050445416000002,0.5466616826641549,0.5244108860997605,0.5256506617936365,0.5228643556958279,,,,,,,,
19.379859726002906,,0.5085828,-1.4833376,-3.9358516,-0.97594357,-0.11521474,0.18509358,0.077280656,0.61103153,0.7878248,-0.20386708,0.78317684,-0.5874285,,,,,,,,,,,,,,,0.47263864,-1.5176468,-4.052482,-0.7675946,0.63597053,0.07962359,0.63179773,0.7716921,-0.07295664,-0.10784319,-0.005695126,-0.9941516,,1.334380122405756,-0.26159985338148106,0.15050445416000002,0.5466616826641549,0.5223613386032788,0.5238097445230385,0.5233543878942308,,,,,,,,
20.398179792013252,,0.5085374,-1.4832666,-3.9358666,-0.97592956,-0.115190946,0.18518183,0.077361144,0.61105126,0.78780144,-0.20390323,0.7831649,-0.5874319,,,,,,,,,,,,,,,0.47257936,-1.5175915,-4.0524907,-0.76753646,0.63603985,0.0796293,0.6318669,0.771635,-0.07296057,-0.10785061,-0.005684787,-0.9941509,,1.334380122405756,-0.26159985338148106,0.15050445416000002,0.5466616826641549,0.5223613386032788,0.5238097445230385,0.5233543878942308,,,,,,,,
21.420320723002078,,0.50852436,-1.4832557,-3.9358685,-0.97593206,-0.115141764,0.18519896,0.07737831,0.6111528,0.787721,-0.20388451,0.7830929,-0.58753437,,,,,,,,,,,,,,,0.47256744,-1.5175827,-4.052498,-0.7675274,0.63605064,0.07963019,0.63187766,0.7716261,-0.07296119,-0.107851766,-0.0056831827,-0.99415076,,1.334380122405756,-0.26159985338148106,0.15050445416000002,0.5466616826641549,0.5223613386032788,0.5236463870427575,0.5236810760264993,,,,,,,,
22.438367205992108,,0.50852436,-1.4832557,-3.9358685,-0.97593206,-0.11511154,0.18521774,0.07737831,0.61128145,0.78762114,-0.20388451,0.7829969,-0.5876623,,,,,,,,,,,,,,,0.47256744,-1.5175827,-4.052498,-0.7675274,0.63605064,0.07963019,0.63187766,0.7716261,-0.07296119,-0.107851766,-0.0056831827,-0.99415076,,1.334380122405756,-0.26159985338148106,0.15050445416000002,0.5466616826641549,0.5223613386032788,0.5234830295624764,0.5233543878942307,,,,,,,,
23.456228640017798,,0.5085688,-1.4832913,-3.9358659,-0.9759312,-0.11517817,0.18518081,0.077339165,0.6111621,0.7877177,-0.20390342,0.78308034,-0.58754456,,,,,,,,,,,,,,,0.47260442,-1.517614,-4.052484,-0.7675636,0.6360074,0.07962663,0.6318345,0.7716617,-0.07295874,-0.10784714,-0.005689617,-0.99415123,,1.334380122405756,-0.26159985338148106,0.15050445416000002,0.5466616826641549,0.5223613386032788,0.5236463870427575,0.5236810760264993,,,,,,,,
24.481487512995955,,0.50856435,-1.4833144,-3.9358523,-0.97593844,-0.115174994,0.18514533,0.07731159,0.6111654,0.7877179,-0.20387986,0.78307813,-0.58755565,,,,,,,,,,,,,,,0.47260898,-1.517621,-4.052488,-0.76757234,0.63599706,0.07962577,0.63182414,0.7716703,-0.07295815,-0.10784602,-0.0056911684,-0.99415135,,1.334380122405756,-0.26159985338148106,0.15050445416000002,0.5466616826641549,0.5223613386032788,0.5236463870427575,0.5236810760264993,,,,,,,,
