Time,si_T_psm1,Tx,Ty,Tz,R00,R01,R02,R10,R11,R12,R20,R21,R22,si_T_psm3,Tx,Ty,Tz,R00,R01,R02,R10,R11,R12,R20,R21,R22,si_T_ecm,Tx,Ty,Tz,R00,R01,R02,R10,R11,R12,R20,R21,R22,joint_vars_psm1,q1,q2,q3,q4,q5,q6,jaw,joint_vars_psm3,q1,q2,q3,q4,q5,q6,jaw
lci_T_si
0,-0.08654869347810745,-0.08654869347810745,-0.08654869347810745,0.9993374347686768,-0.027248475700616837,0.02412966638803482,-0.024465247988700867,-0.9937456846237183,-0.10895378142595291,0.02694757655262947,0.10829125344753265,-0.9937539100646973
rci_T_si
0,-0.09752853214740753,-0.09752853214740753,-0.09752853214740753,0.9970909357070923,-0.052436769008636475,-0.05531818047165871,-0.04200003296136856,-0.9836114645004272,0.1753411591053009,-0.06360591948032379,-0.17250770330429077,-0.982952356338501
ecm_T_lc
0,0.8263736367225647,0.8995904326438904,-4.471183776855469,-0.8282248973846436,-0.5414077639579773,0.14464117586612701,0.5543623566627502,-0.8293195366859436,0.07008121907711029,0.08201123774051666,0.13822662830352783,0.9869992733001709
ecm_T_rc
0,-0.10746905207633972,0.019146086648106575,-2.6037304401397705,-0.3453751504421234,0.9347154498100281,0.08380301296710968,-0.9384632110595703,-0.34383708238601685,-0.03260094299912453,-0.00165802170522511,-0.08990559726953506,0.9959489107131958
0.04998384400005307,,3.680924654006958,1.7760957479476929,1.8271849155426025,-0.6611669659614563,-0.09031913429498672,-0.7447823286056519,0.23145169019699097,0.9197491407394409,-0.3170042335987091,0.7136443853378296,-0.38197386264801025,-0.5872032642364502,,1.5762182474136353,0.7174563407897949,-4.650251388549805,-0.03648637235164642,-0.8968414068222046,-0.44084498286247253,0.9594641923904419,0.09192434698343277,-0.2664177417755127,0.27945882081985474,-0.43269556760787964,0.8571332097053528,,0.4291229546070099,1.8171669244766235,4.145349025726318,-0.8407927751541138,-0.5395839214324951,-0.04378034546971321,-0.5151323676109314,0.8223076462745667,-0.24176178872585297,0.16645169258117676,-0.18071889877319336,-0.9693474769592285,,-0.0064484819499774654,0.028798070887983196,0.12527865076,0.6076814562181516,0.015576560973260212,0.007963080234170222,0.6620335000422337,,-1.5061182560627608,0.15747424603831198,0.10739114505000001,1.3975834733243548,-0.3888674783324435,2.124564194490517,-0.10764373958249007
0.09616986299988639,,3.680894374847412,1.7760862112045288,1.8272478580474854,-0.6611775755882263,-0.09031298756599426,-0.7447736263275146,0.23144936561584473,0.9197505712509155,-0.31700173020362854,0.7136353254318237,-0.3819718360900879,-0.5872155427932739,,1.5762182474136353,0.7174563407897949,-4.650251388549805,-0.03648637235164642,-0.8968414068222046,-0.44084498286247253,0.9594641923904419,0.09192434698343277,-0.2664177417755127,0.27945882081985474,-0.43269556760787964,0.8571332097053528,,0.4291229546070099,1.8171669244766235,4.145349025726318,-0.8407927751541138,-0.5395839214324951,-0.04378034546971321,-0.5151323676109314,0.8223076462745667,-0.24176178872585297,0.16645169258117676,-0.18071889877319336,-0.9693474769592285,,-0.006463927415725915,0.028798070887983196,0.12527865076,0.6076814562181516,0.015576560973260212,0.007963080234170222,0.6620335000422337,,-1.5061182560627608,0.15747424603831198,0.10739114505000001,1.3975834733243548,-0.3888674783324435,2.124564194490517,-0.10764373958249007
0.15196069700004955,,3.680894374847412,1.7760862112045288,1.8272478580474854,-0.6611775755882263,-0.09031298756599426,-0.7447736263275146,0.23144936561584473,0.9197505712509155,-0.31700173020362854,0.7136353254318237,-0.3819718360900879,-0.5872155427932739,,1.5762156248092651,0.717503011226654,-4.650244235992432,-0.03648737072944641,-0.8968416452407837,-0.44084420800209045,0.9594611525535583,0.09192799776792526,-0.26642757654190063,0.27946922183036804,-0.43269407749176025,0.8571304678916931,,0.4291229546070099,1.8171669244766235,4.145349025726318,-0.8407927751541138,-0.5395839214324951,-0.04378034546971321,-0.5151323676109314,0.8223076462745667,-0.24176178872585297,0.16645169258117676,-0.18071889877319336,-0.9693474769592285,,-0.006463927415725915,0.028798070887983196,0.12527865076,0.6076814562181516,0.015576560973260212,0.007963080234170222,0.6620335000422337,,-1.5061105333298865,0.15746652330543776,0.10739114505000001,1.3975834733243548,-0.3888674783324435,2.124564194490517,-0.10764373958249007
0.19865718900018692,,3.6809093952178955,1.7760908603668213,1.827216386795044,-0.6611722707748413,-0.0903160572052002,-0.7447779178619385,0.23145048320293427,0.9197498559951782,-0.3170030117034912,0.7136398553848267,-0.3819728195667267,-0.5872094035148621,,1.5762182474136353,0.7174563407897949,-4.650251388549805,-0.03648637235164642,-0.8968414068222046,-0.44084498286247253,0.9594641923904419,0.09192434698343277,-0.2664177417755127,0.27945882081985474,-0.43269556760787964,0.8571332097053528,,0.4291229546070099,1.8171669244766235,4.145349025726318,-0.8407927751541138,-0.5395839214324951,-0.04378034546971321,-0.5151323676109314,0.8223076462745667,-0.24176178872585297,0.16645169258117676,-0.18071889877319336,-0.9693474769592285,,-0.00645620468285169,0.028798070887983196,0.12527865076,0.6076814562181516,0.015576560973260212,0.007963080234170222,0.6620335000422337,,-1.5061182560627608,0.15747424603831198,0.10739114505000001,1.3975834733243548,-0.3888674783324435,2.124564194490517,-0.10764373958249007
0.2504083740000169,,3.680894374847412,1.7760862112045288,1.8272478580474854,-0.6611775755882263,-0.09031298756599426,-0.7447736263275146,0.23144936561584473,0.9197505712509155,-0.31700173020362854,0.7136353254318237,-0.3819718360900879,-0.5872155427932739,,1.5762590169906616,0.7174617052078247,-4.650235176086426,-0.036492399871349335,-0.8968371152877808,-0.4408530294895172,0.9594640135765076,0.09192145615816116,-0.2664192318916321,0.27945852279663086,-0.432704895734787,0.8571285605430603,,0.4291229546070099,1.8171669244766235,4.145349025726318,-0.8407927751541138,-0.5395839214324951,-0.04378034546971321,-0.5151323676109314,0.8223076462745667,-0.24176178872585297,0.16645169258117676,-0.18071889877319336,-0.9693474769592285,,-0.006463927415725915,0.028798070887983196,0.12527865076,0.6076814562181516,0.015576560973260212,0.007963080234170222,0.6620335000422337,,-1.506125978795635,0.15746652330543776,0.10739114505000001,1.3975834733243548,-0.3888674783324435,2.124564194490517,-0.10764373958249007
0.30861407000020336,,3.6809122562408447,1.7761263847351074,1.8271808624267578,-0.6611692309379578,-0.09032320231199265,-0.7447798252105713,0.23145237565040588,0.919746458530426,-0.317011296749115,0.7136420607566833,-0.3819791376590729,-0.5872026085853577,,1.576196312904358,0.717477023601532,-4.6502556800842285,-0.03648381680250168,-0.896843671798706,-0.44084057211875916,0.9594627618789673,0.09192764759063721,-0.2664218842983246,0.2794641852378845,-0.43269020318984985,0.8571341633796692,,0.4291229546070099,1.8171669244766235,4.145349025726318,-0.8407927751541138,-0.5395839214324951,-0.04378034546971321,-0.5151323676109314,0.8223076462745667,-0.24176178872585297,0.16645169258117676,-0.18071889877319336,-0.9693474769592285,,-0.0064484819499774654,0.02880579362085742,0.12527865076,0.6076814562181516,0.015576560973260212,0.007963080234170222,0.6620335000422337,,-1.5061105333298865,0.15747424603831198,0.10739114505000001,1.3975834733243548,-0.3888674783324435,2.124564194490517,-0.10764373958249007
0.3622428910002782,,3.6809093952178955,1.7760908603668213,1.827216386795044,-0.6611722707748413,-0.0903160572052002,-0.7447779178619385,0.23145048320293427,0.9197498559951782,-0.3170030117034912,0.7136398553848267,-0.3819728195667267,-0.5872094035148621,,1.576196312904358,0.717477023601532,-4.6502556800842285,-0.03648381680250168,-0.896843671798706,-0.44084057211875916,0.9594627618789673,0.09192764759063721,-0.2664218842983246,0.2794641852378845,-0.43269020318984985,0.8571341633796692,,0.4291229546070099,1.8171669244766235,4.145349025726318,-0.8407927751541138,-0.5395839214324951,-0.04378034546971321,-0.5151323676109314,0.8223076462745667,-0.24176178872585297,0.16645169258117676,-0.18071889877319336,-0.9693474769592285,,-0.00645620468285169,0.028798070887983196,0.12527865076,0.6076814562181516,0.015576560973260212,0.007963080234170222,0.6620335000422337,,-1.5061105333298865,0.15747424603831198,0.10739114505000001,1.3975834733243548,-0.3888674783324435,2.124564194490517,-0.10764373958249007
0.41513100500014843,,3.680894374847412,1.7760862112045288,1.8272478580474854,-0.6611775755882263,-0.09031298756599426,-0.7447736263275146,0.23144936561584473,0.9197505712509155,-0.31700173020362854,0.7136353254318237,-0.3819718360900879,-0.5872155427932739,,1.5762208700180054,0.7174096703529358,-4.650258541107178,-0.03648532181978226,-0.8968410491943359,-0.4408456087112427,0.9594672918319702,0.09192072600126266,-0.26640790700912476,0.27944841980934143,-0.4326968789100647,0.8571359515190125,,0.4291229546070099,1.8171669244766235,4.145349025726318,-0.8407927751541138,-0.5395839214324951,-0.04378034546971321,-0.5151323676109314,0.8223076462745667,-0.24176178872585297,0.16645169258117676,-0.18071889877319336,-0.9693474769592285,,-0.006463927415725915,0.028798070887983196,0.12527865076,0.6076814562181516,0.015576560973260212,0.007963080234170222,0.6620335000422337,,-1.506125978795635,0.1574819687711862,0.10739114505000001,1.3975834733243548,-0.3888674783324435,2.124564194490517,-0.10764373958249007
0.4766346669998711,,3.6809122562408447,1.7761263847351074,1.8271808624267578,-0.6611692309379578,-0.09032320231199265,-0.7447798252105713,0.23145237565040588,0.919746458530426,-0.317011296749115,0.7136420607566833,-0.3819791376590729,-0.5872026085853577,,1.5762182474136353,0.7174563407897949,-4.650251388549805,-0.03648637235164642,-0.8968414068222046,-0.44084498286247253,0.9594641923904419,0.09192434698343277,-0.2664177417755127,0.27945882081985474,-0.43269556760787964,0.8571332097053528,,0.4291229546070099,1.8171669244766235,4.145349025726318,-0.8407927751541138,-0.5395839214324951,-0.04378034546971321,-0.5151323676109314,0.8223076462745667,-0.24176178872585297,0.16645169258117676,-0.18071889877319336,-0.9693474769592285,,-0.0064484819499774654,0.02880579362085742,0.12527865076,0.6076814562181516,0.015576560973260212,0.007963080234170222,0.6620335000422337,,-1.5061182560627608,0.15747424603831198,0.10739114505000001,1.3975834733243548,-0.3888674783324435,2.124564194490517,-0.10764373958249007
0.5171358249999685,,3.6809093952178955,1.7760908603668213,1.827216386795044,-0.6611722707748413,-0.0903160572052002,-0.7447779178619385,0.23145048320293427,0.9197498559951782,-0.3170030117034912,0.7136398553848267,-0.3819728195667267,-0.5872094035148621,,1.5761537551879883,0.7173898816108704,-4.650233745574951,-0.03637555241584778,-0.896831750869751,-0.44087380170822144,0.959464430809021,0.0920335128903389,-0.2663792073726654,0.2794724702835083,-0.43269243836402893,0.8571302890777588,,0.4291229546070099,1.8171669244766235,4.145349025726318,-0.8407927751541138,-0.5395839214324951,-0.04378034546971321,-0.5151323676109314,0.8223076462745667,-0.24176178872585297,0.16645169258117676,-0.18071889877319336,-0.9693474769592285,,-0.00645620468285169,0.028798070887983196,0.12527865076,0.6076814562181516,0.015576560973260212,0.007963080234170222,0.6620335000422337,,-1.5061105333298865,0.15746652330543776,0.10739114505000001,1.3975834733243548,-0.3888674783324435,2.124564194490517,-0.10764373958249007
0.5706185140002162,,3.6809093952178955,1.7761026620864868,1.8272069692611694,-0.6611704230308533,-0.09032189100980759,-0.7447788715362549,0.23144620656967163,0.9197500944137573,-0.31700533628463745,0.713642954826355,-0.38197070360183716,-0.5872069597244263,,1.5762039422988892,0.717258870601654,-4.650231838226318,-0.0363994836807251,-0.8968274593353271,-0.44088035821914673,0.9594751000404358,0.09199721366167068,-0.2663533687591553,0.2794327139854431,-0.4327087104320526,0.857134997844696,,0.42917805910110474,1.8171416521072388,4.14534854888916,-0.84080970287323,-0.5395569801330566,-0.04378828406333923,-0.5151047110557556,0.8223252892494202,-0.24176034331321716,0.16645169258117676,-0.18071889877319336,-0.9693474769592285,,-0.006463927415725915,0.02880579362085742,0.12527865076,0.6076814562181516,0.015576560973260212,0.007963080234170222,0.6620335000422337,,-1.506125978795635,0.1574819687711862,0.10739114505000001,1.3975834733243548,-0.3888674783324435,2.124564194490517,-0.10764373958249007
0.6308210600000166,,3.680924415588379,1.7761074304580688,1.8271753787994385,-0.661165177822113,-0.09032499045133591,-0.7447831630706787,0.23144732415676117,0.91974937915802,-0.31700658798217773,0.7136474847793579,-0.38197171688079834,-0.5872007608413696,,1.5762230157852173,0.7172846794128418,-4.6502203941345215,-0.03640301525592804,-0.8968255519866943,-0.4408840537071228,0.9594733715057373,0.09199756383895874,-0.26635903120040894,0.279437780380249,-0.4327126741409302,0.8571313619613647,,0.42917805910110474,1.8171416521072388,4.14534854888916,-0.84080970287323,-0.5395569801330566,-0.04378828406333923,-0.5151047110557556,0.8223252892494202,-0.24176034331321716,0.16645169258117676,-0.18071889877319336,-0.9693474769592285,,-0.00645620468285169,0.02880579362085742,0.12527865076,0.6076814562181516,0.015576560973260212,0.007963080234170222,0.6620335000422337,,-1.506125978795635,0.15747424603831198,0.10739114505000001,1.3975834733243548,-0.3888674783324435,2.124564194490517,-0.10764373958249007
0.6818582089999836,,3.6809215545654297,1.7760719060897827,1.8272112607955933,-0.6611681580543518,-0.09031785279512405,-0.7447814345359802,0.2314455360174179,0.9197527170181274,-0.3169982433319092,0.7136452794075012,-0.38196539878845215,-0.5872076153755188,,1.5761984586715698,0.7173519730567932,-4.6502180099487305,-0.03640151023864746,-0.8968281745910645,-0.4408789277076721,0.9594689607620239,0.09200454503297806,-0.26637300848960876,0.2794535756111145,-0.43270596861839294,0.8571295738220215,,0.42917805910110474,1.8171416521072388,4.14534854888916,-0.84080970287323,-0.5395569801330566,-0.04378828406333923,-0.5151047110557556,0.8223252892494202,-0.24176034331321716,0.16645169258117676,-0.18071889877319336,-0.9693474769592285,,-0.006463927415725915,0.028798070887983196,0.12527865076,0.6076814562181516,0.015576560973260212,0.007963080234170222,0.6620335000422337,,-1.5061105333298865,0.15746652330543776,0.10739114505000001,1.3975834733243548,-0.3888674783324435,2.124564194490517,-0.10764373958249007
0.7315873219999958,,3.6809093952178955,1.7761026620864868,1.8272069692611694,-0.6611704230308533,-0.09032189100980759,-0.7447788715362549,0.23144620656967163,0.9197500944137573,-0.31700533628463745,0.713642954826355,-0.38197070360183716,-0.5872069597244263,,1.5762230157852173,0.7172846794128418,-4.6502203941345215,-0.03640301525592804,-0.8968255519866943,-0.4408840537071228,0.9594733715057373,0.09199756383895874,-0.26635903120040894,0.279437780380249,-0.4327126741409302,0.8571313619613647,,0.42917805910110474,1.8171416521072388,4.14534854888916,-0.84080970287323,-0.5395569801330566,-0.04378828406333923,-0.5151047110557556,0.8223252892494202,-0.24176034331321716,0.16645169258117676,-0.18071889877319336,-0.9693474769592285,,-0.006463927415725915,0.02880579362085742,0.12527865076,0.6076814562181516,0.015576560973260212,0.007963080234170222,0.6620335000422337,,-1.506125978795635,0.15747424603831198,0.10739114505000001,1.3975834733243548,-0.3888674783324435,2.124564194490517,-0.10764373958249007
0.7802948799999285,,3.6809215545654297,1.7760719060897827,1.8272112607955933,-0.6611681580543518,-0.09031785279512405,-0.7447814345359802,0.2314455360174179,0.9197527170181274,-0.3169982433319092,0.7136452794075012,-0.38196539878845215,-0.5872076153755188,,1.5762420892715454,0.7173107862472534,-4.650209426879883,-0.03640656918287277,-0.896823525428772,-0.4408876895904541,0.9594718813896179,0.09199797362089157,-0.2663646936416626,0.27944284677505493,-0.4327166974544525,0.8571277260780334,,0.42917805910110474,1.8171416521072388,4.14534854888916,-0.84080970287323,-0.5395569801330566,-0.04378828406333923,-0.5151047110557556,0.8223252892494202,-0.24176034331321716,0.16645169258117676,-0.18071889877319336,-0.9693474769592285,,-0.006463927415725915,0.028798070887983196,0.12527865076,0.6076814562181516,0.015576560973260212,0.007963080234170222,0.6620335000422337,,-1.506125978795635,0.15746652330543776,0.10739114505000001,1.3975834733243548,-0.3888674783324435,2.124564194490517,-0.10764373958249007
0.8325449090002621,,3.6809399127960205,1.7761123180389404,1.8271441459655762,-0.6611598134040833,-0.09032803773880005,-0.7447875738143921,0.23144853115081787,0.9197487235069275,-0.317007839679718,0.7136520147323608,-0.3819727599620819,-0.5871946811676025,,1.5761818885803223,0.7172794342041016,-4.6502366065979,-0.03639696538448334,-0.8968297839164734,-0.44087594747543335,0.9594736695289612,0.09200051426887512,-0.26635754108428955,0.2794380784034729,-0.4327033460140228,0.8571359515190125,,0.42917805910110474,1.8171416521072388,4.14534854888916,-0.84080970287323,-0.5395569801330566,-0.04378828406333923,-0.5151047110557556,0.8223252892494202,-0.24176034331321716,0.16645169258117676,-0.18071889877319336,-0.9693474769592285,,-0.0064484819499774654,0.02880579362085742,0.12527865076,0.6076814562181516,0.015576560973260212,0.007963080234170222,0.6620335000422337,,-1.5061182560627608,0.1574819687711862,0.10739114505000001,1.3975834733243548,-0.3888674783324435,2.124564194490517,-0.10764373958249007
0.8845911960002013,,3.680936574935913,1.7760765552520752,1.8271796703338623,-0.6611629128456116,-0.09032095223665237,-0.744785726070404,0.23144665360450745,0.9197520017623901,-0.31699949502944946,0.7136498093605042,-0.38196638226509094,-0.5872014164924622,,1.5762014389038086,0.7173054218292236,-4.6502251625061035,-0.03640054166316986,-0.8968278169631958,-0.4408796429634094,0.9594719409942627,0.09200086444616318,-0.2663631737232208,0.2794431447982788,-0.4327073097229004,0.8571323156356812,,0.42917805910110474,1.8171416521072388,4.14534854888916,-0.84080970287323,-0.5395569801330566,-0.04378828406333923,-0.5151047110557556,0.8223252892494202,-0.24176034331321716,0.16645169258117676,-0.18071889877319336,-0.9693474769592285,,-0.00645620468285169,0.028798070887983196,0.12527865076,0.6076814562181516,0.015576560973260212,0.007963080234170222,0.6620335000422337,,-1.5061182560627608,0.15747424603831198,0.10739114505000001,1.3975834733243548,-0.3888674783324435,2.124564194490517,-0.10764373958249007
0.9324828970002272,,3.680924415588379,1.7761074304580688,1.8271753787994385,-0.661165177822113,-0.09032499045133591,-0.7447831630706787,0.23144732415676117,0.91974937915802,-0.31700658798217773,0.7136474847793579,-0.38197171688079834,-0.5872007608413696,,1.5762230157852173,0.7172846794128418,-4.6502203941345215,-0.03640301525592804,-0.8968255519866943,-0.4408840537071228,0.9594733715057373,0.09199756383895874,-0.26635903120040894,0.279437780380249,-0.4327126741409302,0.8571313619613647,,0.42917805910110474,1.8171416521072388,4.14534854888916,-0.84080970287323,-0.5395569801330566,-0.04378828406333923,-0.5151047110557556,0.8223252892494202,-0.24176034331321716,0.16645169258117676,-0.18071889877319336,-0.9693474769592285,,-0.00645620468285169,0.02880579362085742,0.12527865076,0.6076814562181516,0.015576560973260212,0.007963080234170222,0.6620335000422337,,-1.506125978795635,0.15747424603831198,0.10739114505000001,1.3975834733243548,-0.3888674783324435,2.124564194490517,-0.10764373958249007
0.9853463330000523,,3.6809399127960205,1.7761123180389404,1.8271441459655762,-0.6611598134040833,-0.09032803773880005,-0.7447875738143921,0.23144853115081787,0.9197487235069275,-0.317007839679718,0.7136520147323608,-0.3819727599620819,-0.5871946811676025,,1.5762014389038086,0.7173054218292236,-4.6502251625061035,-0.03640054166316986,-0.8968278169631958,-0.4408796429634094,0.9594719409942627,0.09200086444616318,-0.2663631737232208,0.2794431447982788,-0.4327073097229004,0.8571323156356812,,0.42917805910110474,1.8171416521072388,4.14534854888916,-0.84080970287323,-0.5395569801330566,-0.04378828406333923,-0.5151047110557556,0.8223252892494202,-0.24176034331321716,0.16645169258117676,-0.18071889877319336,-0.9693474769592285,,-0.0064484819499774654,0.02880579362085742,0.12527865076,0.6076814562181516,0.015576560973260212,0.007963080234170222,0.6620335000422337,,-1.5061182560627608,0.15747424603831198,0.10739114505000001,1.3975834733243548,-0.3888674783324435,2.124564194490517,-0.10764373958249007
1.0358630910000102,,3.6809215545654297,1.7760719060897827,1.8272112607955933,-0.6611681580543518,-0.09031785279512405,-0.7447814345359802,0.2314455360174179,0.9197527170181274,-0.3169982433319092,0.7136452794075012,-0.38196539878845215,-0.5872076153755188,,1.5762420892715454,0.7173107862472534,-4.650209426879883,-0.03640656918287277,-0.896823525428772,-0.4408876895904541,0.9594718813896179,0.09199797362089157,-0.2663646936416626,0.27944284677505493,-0.4327166974544525,0.8571277260780334,,0.42917805910110474,1.8171416521072388,4.14534854888916,-0.84080970287323,-0.5395569801330566,-0.04378828406333923,-0.5151047110557556,0.8223252892494202,-0.24176034331321716,0.16645169258117676,-0.18071889877319336,-0.9693474769592285,,-0.006463927415725915,0.028798070887983196,0.12527865076,0.6076814562181516,0.015576560973260212,0.007963080234170222,0.6620335000422337,,-1.506125978795635,0.15746652330543776,0.10739114505000001,1.3975834733243548,-0.3888674783324435,2.124564194490517,-0.10764373958249007
1.1009054529999958,,3.6809093952178955,1.7761026620864868,1.8272069692611694,-0.6611704230308533,-0.09032189100980759,-0.7447788715362549,0.23144620656967163,0.9197500944137573,-0.31700533628463745,0.713642954826355,-0.38197070360183716,-0.5872069597244263,,1.5762039422988892,0.717258870601654,-4.650231838226318,-0.0363994836807251,-0.8968274593353271,-0.44088035821914673,0.9594751000404358,0.09199721366167068,-0.2663533687591553,0.2794327139854431,-0.4327087104320526,0.857134997844696,,0.42917805910110474,1.8171416521072388,4.14534854888916,-0.84080970287323,-0.5395569801330566,-0.04378828406333923,-0.5151047110557556,0.8223252892494202,-0.24176034331321716,0.16645169258117676,-0.18071889877319336,-0.9693474769592285,,-0.006463927415725915,0.02880579362085742,0.12527865076,0.6076814562181516,0.015576560973260212,0.007963080234170222,0.6620335000422337,,-1.506125978795635,0.1574819687711862,0.10739114505000001,1.3975834733243548,-0.3888674783324435,2.124564194490517,-0.10764373958249007
1.1348884630001521,,3.6809215545654297,1.7760719060897827,1.8272112607955933,-0.6611681580543518,-0.09031785279512405,-0.7447814345359802,0.2314455360174179,0.9197527170181274,-0.3169982433319092,0.7136452794075012,-0.38196539878845215,-0.5872076153755188,,1.5761795043945312,0.7173261046409607,-4.650229454040527,-0.03639795631170273,-0.8968300819396973,-0.44087523221969604,0.9594705700874329,0.09200410544872284,-0.2663673162460327,0.279448539018631,-0.4327020049095154,0.8571332693099976,,0.42917805910110474,1.8171416521072388,4.14534854888916,-0.84080970287323,-0.5395569801330566,-0.04378828406333923,-0.5151047110557556,0.8223252892494202,-0.24176034331321716,0.16645169258117676,-0.18071889877319336,-0.9693474769592285,,-0.006463927415725915,0.028798070887983196,0.12527865076,0.6076814562181516,0.015576560973260212,0.007963080234170222,0.6620335000422337,,-1.5061105333298865,0.15747424603831198,0.10739114505000001,1.3975834733243548,-0.3888674783324435,2.124564194490517,-0.10764373958249007
1.1833858220002185,,3.6809093952178955,1.7761026620864868,1.8272069692611694,-0.6611704230308533,-0.09032189100980759,-0.7447788715362549,0.23144620656967163,0.9197500944137573,-0.31700533628463745,0.713642954826355,-0.38197070360183716,-0.5872069597244263,,1.5762202739715576,0.7173313498497009,-4.650213241577148,-0.036404065787792206,-0.896825909614563,-0.4408833384513855,0.9594703912734985,0.09200124442577362,-0.2663688659667969,0.2794482409954071,-0.43271133303642273,0.8571286201477051,,0.42917805910110474,1.8171416521072388,4.14534854888916,-0.84080970287323,-0.5395569801330566,-0.04378828406333923,-0.5151047110557556,0.8223252892494202,-0.24176034331321716,0.16645169258117676,-0.18071889877319336,-0.9693474769592285,,-0.006463927415725915,0.02880579362085742,0.12527865076,0.6076814562181516,0.015576560973260212,0.007963080234170222,0.6620335000422337,,-1.5061182560627608,0.15746652330543776,0.10739114505000001,1.3975834733243548,-0.3888674783324435,2.124564194490517,-0.10764373958249007
1.232267573000172,,3.680936574935913,1.7760765552520752,1.8271796703338623,-0.6611629128456116,-0.09032095223665237,-0.744785726070404,0.23144665360450745,0.9197520017623901,-0.31699949502944946,0.7136498093605042,-0.38196638226509094,-0.5872014164924622,,1.5762230157852173,0.7172846794128418,-4.6502203941345215,-0.03640301525592804,-0.8968255519866943,-0.4408840537071228,0.9594733715057373,0.09199756383895874,-0.26635903120040894,0.279437780380249,-0.4327126741409302,0.8571313619613647,,0.42917805910110474,1.8171416521072388,4.14534854888916,-0.84080970287323,-0.5395569801330566,-0.04378828406333923,-0.5151047110557556,0.8223252892494202,-0.24176034331321716,0.16645169258117676,-0.18071889877319336,-0.9693474769592285,,-0.00645620468285169,0.028798070887983196,0.12527865076,0.6076814562181516,0.015576560973260212,0.007963080234170222,0.6620335000422337,,-1.506125978795635,0.15747424603831198,0.10739114505000001,1.3975834733243548,-0.3888674783324435,2.124564194490517,-0.10764373958249007
1.285975833000066,,3.6809215545654297,1.7760719060897827,1.8272112607955933,-0.6611681580543518,-0.09031785279512405,-0.7447814345359802,0.2314455360174179,0.9197527170181274,-0.3169982433319092,0.7136452794075012,-0.38196539878845215,-0.5872076153755188,,1.5762230157852173,0.7172846794128418,-4.6502203941345215,-0.03640301525592804,-0.8968255519866943,-0.4408840537071228,0.9594733715057373,0.09199756383895874,-0.26635903120040894,0.279437780380249,-0.4327126741409302,0.8571313619613647,,0.42917805910110474,1.8171416521072388,4.14534854888916,-0.84080970287323,-0.5395569801330566,-0.04378828406333923,-0.5151047110557556,0.8223252892494202,-0.24176034331321716,0.16645169258117676,-0.18071889877319336,-0.9693474769592285,,-0.006463927415725915,0.028798070887983196,0.12527865076,0.6076814562181516,0.015576560973260212,0.007963080234170222,0.6620335000422337,,-1.506125978795635,0.15747424603831198,0.10739114505000001,1.3975834733243548,-0.3888674783324435,2.124564194490517,-0.10764373958249007
1.3356913560000976,,3.680924415588379,1.7761074304580688,1.8271753787994385,-0.661165177822113,-0.09032499045133591,-0.7447831630706787,0.23144732415676117,0.91974937915802,-0.31700658798217773,0.7136474847793579,-0.38197171688079834,-0.5872007608413696,,1.5762230157852173,0.7172846794128418,-4.6502203941345215,-0.03640301525592804,-0.8968255519866943,-0.4408840537071228,0.9594733715057373,0.09199756383895874,-0.26635903120040894,0.279437780380249,-0.4327126741409302,0.8571313619613647,,0.42917805910110474,1.8171416521072388,4.14534854888916,-0.84080970287323,-0.5395569801330566,-0.04378828406333923,-0.5151047110557556,0.8223252892494202,-0.24176034331321716,0.16645169258117676,-0.18071889877319336,-0.9693474769592285,,-0.00645620468285169,0.02880579362085742,0.12527865076,0.6076814562181516,0.015576560973260212,0.007963080234170222,0.6620335000422337,,-1.506125978795635,0.15747424603831198,0.10739114505000001,1.3975834733243548,-0.3888674783324435,2.124564194490517,-0.10764373958249007
1.3875002250001671,,3.680936574935913,1.7760765552520752,1.8271796703338623,-0.6611629128456116,-0.09032095223665237,-0.744785726070404,0.23144665360450745,0.9197520017623901,-0.31699949502944946,0.7136498093605042,-0.38196638226509094,-0.5872014164924622,,1.5762014389038086,0.7173054218292236,-4.6502251625061035,-0.03640054166316986,-0.8968278169631958,-0.4408796429634094,0.9594719409942627,0.09200086444616318,-0.2663631737232208,0.2794431447982788,-0.4327073097229004,0.8571323156356812,,0.42917805910110474,1.8171416521072388,4.14534854888916,-0.84080970287323,-0.5395569801330566,-0.04378828406333923,-0.5151047110557556,0.8223252892494202,-0.24176034331321716,0.16645169258117676,-0.18071889877319336,-0.9693474769592285,,-0.00645620468285169,0.028798070887983196,0.12527865076,0.6076814562181516,0.015576560973260212,0.007963080234170222,0.6620335000422337,,-1.5061182560627608,0.15747424603831198,0.10739114505000001,1.3975834733243548,-0.3888674783324435,2.124564194490517,-0.10764373958249007
1.4350698180001018,,3.680924415588379,1.7761074304580688,1.8271753787994385,-0.661165177822113,-0.09032499045133591,-0.7447831630706787,0.23144732415676117,0.91974937915802,-0.31700658798217773,0.7136474847793579,-0.38197171688079834,-0.5872007608413696,,1.5762420892715454,0.7173107862472534,-4.650209426879883,-0.03640656918287277,-0.896823525428772,-0.4408876895904541,0.9594718813896179,0.09199797362089157,-0.2663646936416626,0.27944284677505493,-0.4327166974544525,0.8571277260780334,,0.42917805910110474,1.8171416521072388,4.14534854888916,-0.84080970287323,-0.5395569801330566,-0.04378828406333923,-0.5151047110557556,0.8223252892494202,-0.24176034331321716,0.16645169258117676,-0.18071889877319336,-0.9693474769592285,,-0.00645620468285169,0.02880579362085742,0.12527865076,0.6076814562181516,0.015576560973260212,0.007963080234170222,0.6620335000422337,,-1.506125978795635,0.15746652330543776,0.10739114505000001,1.3975834733243548,-0.3888674783324435,2.124564194490517,-0.10764373958249007
1.4834963500002232,,3.6809215545654297,1.7760719060897827,1.8272112607955933,-0.6611681580543518,-0.09031785279512405,-0.7447814345359802,0.2314455360174179,0.9197527170181274,-0.3169982433319092,0.7136452794075012,-0.38196539878845215,-0.5872076153755188,,1.5761984586715698,0.7173519730567932,-4.6502180099487305,-0.03640151023864746,-0.8968281745910645,-0.4408789277076721,0.9594689607620239,0.09200454503297806,-0.26637300848960876,0.2794535756111145,-0.43270596861839294,0.8571295738220215,,0.42917805910110474,1.8171416521072388,4.14534854888916,-0.84080970287323,-0.5395569801330566,-0.04378828406333923,-0.5151047110557556,0.8223252892494202,-0.24176034331321716,0.16645169258117676,-0.18071889877319336,-0.9693474769592285,,-0.006463927415725915,0.028798070887983196,0.12527865076,0.6076814562181516,0.015576560973260212,0.007963080234170222,0.6620335000422337,,-1.5061105333298865,0.15746652330543776,0.10739114505000001,1.3975834733243548,-0.3888674783324435,2.124564194490517,-0.10764373958249007
1.5246440060000168,,3.6809399127960205,1.7761123180389404,1.8271441459655762,-0.6611598134040833,-0.09032803773880005,-0.7447875738143921,0.23144853115081787,0.9197487235069275,-0.317007839679718,0.7136520147323608,-0.3819727599620819,-0.5871946811676025,,1.5761795043945312,0.7173261046409607,-4.650229454040527,-0.03639795631170273,-0.8968300819396973,-0.44087523221969604,0.9594705700874329,0.09200410544872284,-0.2663673162460327,0.279448539018631,-0.4327020049095154,0.8571332693099976,,0.42917805910110474,1.8171416521072388,4.14534854888916,-0.84080970287323,-0.5395569801330566,-0.04378828406333923,-0.5151047110557556,0.8223252892494202,-0.24176034331321716,0.16645169258117676,-0.18071889877319336,-0.9693474769592285,,-0.0064484819499774654,0.02880579362085742,0.12527865076,0.6076814562181516,0.015576560973260212,0.007963080234170222,0.6620335000422337,,-1.5061105333298865,0.15747424603831198,0.10739114505000001,1.3975834733243548,-0.3888674783324435,2.124564194490517,-0.10764373958249007
1.5687175050002224,,3.6809520721435547,1.7760814428329468,1.8271483182907104,-0.6611576080322266,-0.09032400697469711,-0.7447900772094727,0.23144783079624176,0.9197512269020081,-0.31700074672698975,0.7136542797088623,-0.3819674253463745,-0.5871952772140503,,1.5761984586715698,0.7173519730567932,-4.6502180099487305,-0.03640151023864746,-0.8968281745910645,-0.4408789277076721,0.9594689607620239,0.09200454503297806,-0.26637300848960876,0.2794535756111145,-0.43270596861839294,0.8571295738220215,,0.42917805910110474,1.8171416521072388,4.14534854888916,-0.84080970287323,-0.5395569801330566,-0.04378828406333923,-0.5151047110557556,0.8223252892494202,-0.24176034331321716,0.16645169258117676,-0.18071889877319336,-0.9693474769592285,,-0.0064484819499774654,0.028798070887983196,0.12527865076,0.6076814562181516,0.015576560973260212,0.007963080234170222,0.6620335000422337,,-1.5061105333298865,0.15746652330543776,0.10739114505000001,1.3975834733243548,-0.3888674783324435,2.124564194490517,-0.10764373958249007
1.616895943000145,,3.6809093952178955,1.7761026620864868,1.8272069692611694,-0.6611704230308533,-0.09032189100980759,-0.7447788715362549,0.23144620656967163,0.9197500944137573,-0.31700533628463745,0.713642954826355,-0.38197070360183716,-0.5872069597244263,,1.5762039422988892,0.717258870601654,-4.650231838226318,-0.0363994836807251,-0.8968274593353271,-0.44088035821914673,0.9594751000404358,0.09199721366167068,-0.2663533687591553,0.2794327139854431,-0.4327087104320526,0.857134997844696,,0.42917805910110474,1.8171416521072388,4.14534854888916,-0.84080970287323,-0.5395569801330566,-0.04378828406333923,-0.5151047110557556,0.8223252892494202,-0.24176034331321716,0.16645169258117676,-0.18071889877319336,-0.9693474769592285,,-0.006463927415725915,0.02880579362085742,0.12527865076,0.6076814562181516,0.015576560973260212,0.007963080234170222,0.6620335000422337,,-1.506125978795635,0.1574819687711862,0.10739114505000001,1.3975834733243548,-0.3888674783324435,2.124564194490517,-0.10764373958249007
1.6564870890001657,,3.6809215545654297,1.7760719060897827,1.8272112607955933,-0.6611681580543518,-0.09031785279512405,-0.7447814345359802,0.2314455360174179,0.9197527170181274,-0.3169982433319092,0.7136452794075012,-0.38196539878845215,-0.5872076153755188,,1.5762014389038086,0.7173054218292236,-4.6502251625061035,-0.03640054166316986,-0.8968278169631958,-0.4408796429634094,0.9594719409942627,0.09200086444616318,-0.2663631737232208,0.2794431447982788,-0.4327073097229004,0.8571323156356812,,0.42917805910110474,1.8171416521072388,4.14534854888916,-0.84080970287323,-0.5395569801330566,-0.04378828406333923,-0.5151047110557556,0.8223252892494202,-0.24176034331321716,0.16645169258117676,-0.18071889877319336,-0.9693474769592285,,-0.006463927415725915,0.028798070887983196,0.12527865076,0.6076814562181516,0.015576560973260212,0.007963080234170222,0.6620335000422337,,-1.5061182560627608,0.15747424603831198,0.10739114505000001,1.3975834733243548,-0.3888674783324435,2.124564194490517,-0.10764373958249007
1.7164145480001025,,3.680906295776367,1.7761540412902832,1.8272640705108643,-0.6611846089363098,-0.09031961858272552,-0.7447665929794312,0.2314443141222,0.919748842716217,-0.31701046228408813,0.7136304974555969,-0.381974458694458,-0.587219774723053,,1.5761889219284058,0.7172082662582397,-4.650257587432861,-0.03641635924577713,-0.8968333005905151,-0.44086721539497375,0.9594804048538208,0.09196953475475311,-0.26634353399276733,0.27941206097602844,-0.4327027201652527,0.857144832611084,,0.4291970729827881,1.8171496391296387,4.145350456237793,-0.8408161997795105,-0.539546549320221,-0.04379134252667427,-0.5150941014289856,0.8223322033882141,-0.241759791970253,0.16645169258117676,-0.18071889877319336,-0.9693474769592285,,-0.0064484819499774654,0.028798070887983196,0.12527865076,0.6076814562181516,0.015576560973260212,0.007963080234170222,0.6620335000422337,,-1.506125978795635,0.15746652330543776,0.10739114505000001,1.3975834733243548,-0.3888674783324435,2.124564194490517,-0.10764373958249007
1.765562406999834,,3.6808791160583496,1.7761801481246948,1.8272912502288818,-0.6611921787261963,-0.09032066911458969,-0.7447597980499268,0.2314438670873642,0.9197469353675842,-0.3170163035392761,0.713623583316803,-0.38197875022888184,-0.5872253775596619,,1.576150894165039,0.717156171798706,-4.650280475616455,-0.03640934079885483,-0.8968372344970703,-0.4408598244190216,0.9594836831092834,0.09196877479553223,-0.2663321793079376,0.279401957988739,-0.43269479274749756,0.8571521639823914,,0.4291970729827881,1.8171496391296387,4.145350456237793,-0.8408161997795105,-0.539546549320221,-0.04379134252667427,-0.5150941014289856,0.8223322033882141,-0.241759791970253,0.16645169258117676,-0.18071889877319336,-0.9693474769592285,,-0.00645620468285169,0.02880579362085742,0.12527865076,0.6076814562181516,0.015576560973260212,0.007963080234170222,0.6620335000422337,,-1.506125978795635,0.1574819687711862,0.10739114505000001,1.3975834733243548,-0.3888674783324435,2.124564194490517,-0.10764373958249007
1.806755049000003,,3.6808760166168213,1.7761447429656982,1.827327013015747,-0.6611952185630798,-0.09031349420547485,-0.7447579503059387,0.23144198954105377,0.9197502136230469,-0.31700795888900757,0.7136213183403015,-0.38197237253189087,-0.5872321128845215,,1.576169729232788,0.7171821594238281,-4.650269031524658,-0.03641286492347717,-0.8968352675437927,-0.4408635199069977,0.9594820737838745,0.09196918457746506,-0.2663378417491913,0.27940696477890015,-0.4326987564563751,0.8571484684944153,,0.4291970729827881,1.8171496391296387,4.145350456237793,-0.8408161997795105,-0.539546549320221,-0.04379134252667427,-0.5150941014289856,0.8223322033882141,-0.241759791970253,0.16645169258117676,-0.18071889877319336,-0.9693474769592285,,-0.006463927415725915,0.028798070887983196,0.12527865076,0.6076814562181516,0.015576560973260212,0.007963080234170222,0.6620335000422337,,-1.506125978795635,0.15747424603831198,0.10739114505000001,1.3975834733243548,-0.3888674783324435,2.124564194490517,-0.10764373958249007
1.8674632030001703,,3.680894136428833,1.7761847972869873,1.8272597789764404,-0.661186933517456,-0.09032373875379562,-0.7447640895843506,0.23144501447677612,0.9197462797164917,-0.317017525434494,0.7136281132698059,-0.381979763507843,-0.5872191190719604,,1.576169729232788,0.7171821594238281,-4.650269031524658,-0.03641286492347717,-0.8968352675437927,-0.4408635199069977,0.9594820737838745,0.09196918457746506,-0.2663378417491913,0.27940696477890015,-0.4326987564563751,0.8571484684944153,,0.4291970729827881,1.8171496391296387,4.145350456237793,-0.8408161997795105,-0.539546549320221,-0.04379134252667427,-0.5150941014289856,0.8223322033882141,-0.241759791970253,0.16645169258117676,-0.18071889877319336,-0.9693474769592285,,-0.0064484819499774654,0.02880579362085742,0.12527865076,0.6076814562181516,0.015576560973260212,0.007963080234170222,0.6620335000422337,,-1.506125978795635,0.15747424603831198,0.10739114505000001,1.3975834733243548,-0.3888674783324435,2.124564194490517,-0.10764373958249007
1.9084147260000464,,3.680891275405884,1.7761493921279907,1.8272955417633057,-0.6611899137496948,-0.09031657874584198,-0.7447623014450073,0.23144319653511047,0.9197496175765991,-0.31700921058654785,0.7136259078979492,-0.3819734454154968,-0.5872260332107544,,1.5761481523513794,0.71720290184021,-4.65027379989624,-0.03641033172607422,-0.8968375325202942,-0.4408591687679291,0.9594806432723999,0.0919724553823471,-0.26634201407432556,0.2794123589992523,-0.43269333243370056,0.8571494221687317,,0.4291970729827881,1.8171496391296387,4.145350456237793,-0.8408161997795105,-0.539546549320221,-0.04379134252667427,-0.5150941014289856,0.8223322033882141,-0.241759791970253,0.16645169258117676,-0.18071889877319336,-0.9693474769592285,,-0.00645620468285169,0.028798070887983196,0.12527865076,0.6076814562181516,0.015576560973260212,0.007963080234170222,0.6620335000422337,,-1.5061182560627608,0.15747424603831198,0.10739114505000001,1.3975834733243548,-0.3888674783324435,2.124564194490517,-0.10764373958249007
