Time,si_T_psm1,Tx,Ty,Tz,R00,R01,R02,R10,R11,R12,R20,R21,R22,si_T_psm3,Tx,Ty,Tz,R00,R01,R02,R10,R11,R12,R20,R21,R22,si_T_ecm,Tx,Ty,Tz,R00,R01,R02,R10,R11,R12,R20,R21,R22,joint_vars_psm1,q1,q2,q3,q4,q5,q6,jaw,joint_vars_psm3,q1,q2,q3,q4,q5,q6,jaw
lci_T_si
,,-0.046283375,0.05449445,0.47553676,0.99915797,0.039211154,-0.01207542,0.037573338,-0.99270505,-0.11456416,-0.016479522,0.11401398,-0.99334246
rci_T_si
,,-0.06565058,0.066439524,0.5751773,0.9996935,0.023561524,-0.0075989566,0.022733558,-0.9952142,-0.09503581,-0.009801778,0.094833925,-0.99544483
ecm_T_lc
,,-0.039348,0.051043153,-0.2725159,-0.9888841,-0.12934415,0.07333705,0.13224038,-0.9905602,0.036096916,0.06797584,0.045393787,0.9966537
ecm_T_rc
,,0.010096899,0.19171284,-0.6841031,-0.99695045,-0.013193613,-0.07691395,0.014341901,-0.9997935,-0.014396289,-0.07670814,-0.015455482,0.99693376
0.025739305012393743,,0.030015703,0.03306982,0.33599904,-0.70612,-0.5700916,-0.4199881,-0.6962557,0.45100582,0.5584099,-0.12892772,0.6867236,-0.7153938,,0.0036030076,-0.012405267,0.5780515,0.5423506,-0.80820644,0.22947365,-0.682497,-0.264542,0.6813334,-0.48995256,-0.52613664,-0.695073,,0.022565957,-0.02568628,0.20092638,-0.9941142,0.094371684,0.053205557,0.0980433,0.9926293,0.07123553,-0.04609077,0.07603272,-0.9960394,,-0.346356846676095,-0.058013169351174516,0.10915280316,0.0054519385305976335,-0.0038258219934323326,-0.013052689244331523,-0.003920257587222703,,-1.4635351069942868,0.14102482501621377,0.09033715381000001,-0.005661628474082157,-0.016942925970914614,0.0002571491950229222,0.003266881322685584
0.05111696902895346,,0.030016603,0.033069126,0.33599794,-0.7061206,-0.5700974,-0.41997924,-0.69625527,0.45101506,0.55840296,-0.12892713,0.6867126,-0.71540433,,0.0036030076,-0.012405267,0.5780515,0.5423506,-0.80820644,0.22947365,-0.682497,-0.264542,0.6813334,-0.48995256,-0.52613664,-0.695073,,0.022565957,-0.02568628,0.20092638,-0.9941142,0.094371684,0.053205557,0.0980433,0.9926293,0.07123553,-0.04609077,0.07603272,-0.9960394,,-0.3463722921418435,-0.058013169351174516,0.10915280316,0.0054519385305976335,-0.0038258219934323326,-0.013052689244331523,-0.003920257587222703,,-1.4635351069942868,0.14102482501621377,0.09033715381000001,-0.005661628474082157,-0.016942925970914614,0.0002571491950229222,0.003266881322685584
0.07718264200957492,,0.030015703,0.03306982,0.33599904,-0.70612,-0.57005733,-0.42003468,-0.6962557,0.4509602,0.5584467,-0.12892772,0.686782,-0.7153377,,0.003602486,-0.012405433,0.5780512,0.5423498,-0.8082087,0.22946745,-0.68249726,-0.2645466,0.6813314,-0.48995313,-0.52613086,-0.695077,,0.022565957,-0.02568628,0.20092638,-0.9941142,0.094371684,0.053205557,0.0980433,0.9926293,0.07123553,-0.04609077,0.07603272,-0.9960394,,-0.346356846676095,-0.058013169351174516,0.10915280316,0.0054519385305976335,-0.0038258219934323326,-0.012971010504190961,-0.004083601653356982,,-1.4635273842614127,0.14102482501621377,0.09033715381000001,-0.005661628474082157,-0.016942925970914614,0.0002571491950229222,0.003266881322685584
0.10284260200569406,,0.030016154,0.03306947,0.33599848,-0.7061203,-0.57002586,-0.42007676,-0.69625545,0.45091924,0.55848014,-0.12892741,0.68683493,-0.71528685,,0.0036026537,-0.012404833,0.57805187,0.5423524,-0.8082064,0.22946951,-0.6824918,-0.26454198,0.6813387,-0.489958,-0.5261367,-0.69506925,,0.022565957,-0.02568628,0.20092638,-0.9941142,0.094371684,0.053205557,0.0980433,0.9926293,0.07123553,-0.04609077,0.07603272,-0.9960394,,-0.34636456940896926,-0.058013169351174516,0.10915280316,0.0054519385305976335,-0.0038258219934323326,-0.012889331764050398,-0.004246945719491262,,-1.4635351069942868,0.141032547749088,0.09033715381000001,-0.005661628474082157,-0.016942925970914614,0.0002571491950229222,0.003266881322685584
0.1277025230228901,,0.030016603,0.033069126,0.33599794,-0.7061206,-0.57002884,-0.4200724,-0.69625527,0.45092386,0.5584766,-0.12892713,0.68682945,-0.7152921,,0.0036026537,-0.012404833,0.57805187,0.5423524,-0.8082064,0.22946951,-0.6824918,-0.26454198,0.6813387,-0.489958,-0.5261367,-0.69506925,,0.022565957,-0.02568628,0.20092638,-0.9941142,0.094371684,0.053205557,0.0980433,0.9926293,0.07123553,-0.04609077,0.07603272,-0.9960394,,-0.34636456940896926,-0.058020892084048745,0.10915280316,0.0054519385305976335,-0.0038258219934323326,-0.012889331764050398,-0.004246945719491262,,-1.4635351069942868,0.141032547749088,0.09033715381000001,-0.005661628474082157,-0.016942925970914614,0.0002571491950229222,0.003266881322685584
0.15860908100148663,,0.030015703,0.03306982,0.33599904,-0.70612,-0.570023,-0.42008126,-0.6962557,0.4509146,0.5584836,-0.12892772,0.6868404,-0.7152816,,0.0036026537,-0.012404833,0.57805187,0.5423524,-0.8082064,0.22946951,-0.6824918,-0.26454198,0.6813387,-0.489958,-0.5261367,-0.69506925,,0.022565957,-0.02568628,0.20092638,-0.9941142,0.094371684,0.053205557,0.0980433,0.9926293,0.07123553,-0.04609077,0.07603272,-0.9960394,,-0.346356846676095,-0.058013169351174516,0.10915280316,0.0054519385305976335,-0.0038258219934323326,-0.012889331764050398,-0.004246945719491262,,-1.4635351069942868,0.141032547749088,0.09033715381000001,-0.005661628474082157,-0.016942925970914614,0.0002571491950229222,0.003266881322685584
0.1916462750523351,,0.030016603,0.033069126,0.33599794,-0.7061206,-0.57002884,-0.4200724,-0.69625527,0.45092386,0.5584766,-0.12892713,0.68682945,-0.7152921,,0.0036030076,-0.012405267,0.5780515,0.5423506,-0.80820644,0.22947365,-0.682497,-0.264542,0.6813334,-0.48995256,-0.52613664,-0.695073,,0.022565957,-0.02568628,0.20092638,-0.9941142,0.094371684,0.053205557,0.0980433,0.9926293,0.07123553,-0.04609077,0.07603272,-0.9960394,,-0.3463722921418435,-0.058013169351174516,0.10915280316,0.0054519385305976335,-0.0038258219934323326,-0.012889331764050398,-0.004246945719491262,,-1.4635351069942868,0.14102482501621377,0.09033715381000001,-0.005661628474082157,-0.016942925970914614,0.0002571491950229222,0.003266881322685584
0.223817439051345,,0.030015144,0.033069268,0.33599895,-0.7061168,-0.57002306,-0.42008662,-0.6962601,0.45091456,0.5584782,-0.12892228,0.6868404,-0.71528256,,0.003602486,-0.012405433,0.5780512,0.5423498,-0.8082087,0.22946745,-0.68249726,-0.2645466,0.6813314,-0.48995313,-0.52613086,-0.695077,,0.022565957,-0.02568628,0.20092638,-0.9941142,0.094371684,0.053205557,0.0980433,0.9926293,0.07123553,-0.04609077,0.07603272,-0.9960394,,-0.346356846676095,-0.058020892084048745,0.10915280316,0.0054519385305976335,-0.0038258219934323326,-0.012889331764050398,-0.004246945719491262,,-1.4635273842614127,0.14102482501621377,0.09033715381000001,-0.005661628474082157,-0.016942925970914614,0.0002571491950229222,0.003266881322685584
0.24390033003874123,,0.030015703,0.03306982,0.33599904,-0.70612,-0.570023,-0.42008126,-0.6962557,0.4509146,0.5584836,-0.12892772,0.6868404,-0.7152816,,0.0036026537,-0.012404833,0.57805187,0.5423524,-0.8082064,0.22946951,-0.6824918,-0.26454198,0.6813387,-0.489958,-0.5261367,-0.69506925,,0.022565957,-0.02568628,0.20092638,-0.9941142,0.094371684,0.053205557,0.0980433,0.9926293,0.07123553,-0.04609077,0.07603272,-0.9960394,,-0.346356846676095,-0.058013169351174516,0.10915280316,0.0054519385305976335,-0.0038258219934323326,-0.012889331764050398,-0.004246945719491262,,-1.4635351069942868,0.141032547749088,0.09033715381000001,-0.005661628474082157,-0.016942925970914614,0.0002571491950229222,0.003266881322685584
0.2744157400447875,,0.030016154,0.03306947,0.33599848,-0.7061203,-0.57002586,-0.42007676,-0.69625545,0.45091924,0.55848014,-0.12892741,0.68683493,-0.71528685,,0.0036026537,-0.012404833,0.57805187,0.5423524,-0.8082064,0.22946951,-0.6824918,-0.26454198,0.6813387,-0.489958,-0.5261367,-0.69506925,,0.022565957,-0.02568628,0.20092638,-0.9941142,0.094371684,0.053205557,0.0980433,0.9926293,0.07123553,-0.04609077,0.07603272,-0.9960394,,-0.34636456940896926,-0.058013169351174516,0.10915280316,0.0054519385305976335,-0.0038258219934323326,-0.012889331764050398,-0.004246945719491262,,-1.4635351069942868,0.141032547749088,0.09033715381000001,-0.005661628474082157,-0.016942925970914614,0.0002571491950229222,0.003266881322685584
0.3015970090054907,,0.030015703,0.03306982,0.33599904,-0.70612,-0.570023,-0.42008126,-0.6962557,0.4509146,0.5584836,-0.12892772,0.6868404,-0.7152816,,0.0036026537,-0.012404833,0.57805187,0.5423524,-0.8082064,0.22946951,-0.6824918,-0.26454198,0.6813387,-0.489958,-0.5261367,-0.69506925,,0.022565957,-0.02568628,0.20092638,-0.9941142,0.094371684,0.053205557,0.0980433,0.9926293,0.07123553,-0.04609077,0.07603272,-0.9960394,,-0.346356846676095,-0.058013169351174516,0.10915280316,0.0054519385305976335,-0.0038258219934323326,-0.012889331764050398,-0.004246945719491262,,-1.4635351069942868,0.141032547749088,0.09033715381000001,-0.005661628474082157,-0.016942925970914614,0.0002571491950229222,0.003266881322685584
0.3265683780191466,,0.030015144,0.033069268,0.33599895,-0.7061168,-0.57002306,-0.42008662,-0.6962601,0.45091456,0.5584782,-0.12892228,0.6868404,-0.71528256,,0.0036019664,-0.0124056,0.57805085,0.542349,-0.80821097,0.22946122,-0.68249744,-0.26455116,0.68132937,-0.48995364,-0.5261251,-0.69508106,,0.022565957,-0.02568628,0.20092638,-0.9941142,0.094371684,0.053205557,0.0980433,0.9926293,0.07123553,-0.04609077,0.07603272,-0.9960394,,-0.346356846676095,-0.058020892084048745,0.10915280316,0.0054519385305976335,-0.0038258219934323326,-0.012889331764050398,-0.004246945719491262,,-1.4635196615285384,0.14102482501621377,0.09033715381000001,-0.005661628474082157,-0.016942925970914614,0.0002571491950229222,0.003266881322685584
0.3535867660539225,,0.030059945,0.033057988,0.3359816,-0.706089,-0.5700777,-0.42005903,-0.6962779,0.4508859,0.5584791,-0.12897782,0.6868138,-0.7152981,,0.0036047008,-0.012415502,0.5780454,0.54234266,-0.80821395,0.22946563,-0.6824985,-0.2645409,0.6813324,-0.48995933,-0.52612555,-0.69507664,,0.022569017,-0.025696578,0.2009206,-0.99411297,0.09438378,0.05320679,0.09805549,0.9926281,0.071235605,-0.04609106,0.07603346,-0.99603933,,-0.346356846676095,-0.058013169351174516,0.10915280316,0.0054519385305976335,-0.0038258219934323326,-0.012889331764050398,-0.004246945719491262,,-1.4635196615285384,0.141032547749088,0.09033715381000001,-0.005661628474082157,-0.016942925970914614,0.0002571491950229222,0.003266881322685584
0.3764822030207142,,0.030059945,0.033057988,0.3359816,-0.706089,-0.5700777,-0.42005903,-0.6962779,0.4508859,0.5584791,-0.12897782,0.6868138,-0.7152981,,0.003555989,-0.012414288,0.57809156,0.5423334,-0.80819273,0.22956234,-0.68255585,-0.2645099,0.681287,-0.48988968,-0.52617383,-0.69508916,,0.022569017,-0.025696578,0.2009206,-0.99411297,0.09438378,0.05320679,0.09805549,0.9926281,0.071235605,-0.04609106,0.07603346,-0.99603933,,-0.346356846676095,-0.058013169351174516,0.10915280316,0.0054519385305976335,-0.0038258219934323326,-0.012889331764050398,-0.004246945719491262,,-1.4635273842614127,0.141032547749088,0.09033715381000001,-0.005661628474082157,-0.016942925970914614,0.0002571491950229222,0.003266881322685584
0.40423030901001766,,0.030059839,0.03305708,0.33598095,-0.706086,-0.57008076,-0.42006,-0.696282,0.45089048,0.55847025,-0.12897207,0.6868083,-0.7153045,,0.0035573784,-0.012414392,0.578092,0.5423332,-0.8081882,0.22957891,-0.68256056,-0.26450077,0.68128574,-0.48988327,-0.5261854,-0.695085,,0.022569017,-0.025696578,0.2009206,-0.99411297,0.09438378,0.05320679,0.09805549,0.9926281,0.071235605,-0.04609106,0.07603346,-0.99603933,,-0.34636456940896926,-0.058020892084048745,0.10915280316,0.0054519385305976335,-0.0038258219934323326,-0.012889331764050398,-0.004246945719491262,,-1.463542829727161,0.14102482501621377,0.09033715381000001,-0.005661628474082157,-0.016942925970914614,0.0002571491950229222,0.003266881322685584
0.4272439390188083,,0.030059945,0.033057988,0.3359816,-0.706089,-0.5700777,-0.42005903,-0.6962779,0.4508859,0.5584791,-0.12897782,0.6868138,-0.7152981,,0.003556857,-0.012414556,0.5780916,0.5423324,-0.80819046,0.22957268,-0.6825608,-0.26450533,0.6812838,-0.4898838,-0.5261796,-0.6950889,,0.022569017,-0.025696578,0.2009206,-0.99411297,0.09438378,0.05320679,0.09805549,0.9926281,0.071235605,-0.04609106,0.07603346,-0.99603933,,-0.346356846676095,-0.058013169351174516,0.10915280316,0.0054519385305976335,-0.0038258219934323326,-0.012889331764050398,-0.004246945719491262,,-1.4635351069942868,0.14102482501621377,0.09033715381000001,-0.005661628474082157,-0.016942925970914614,0.0002571491950229222,0.003266881322685584
0.45465958304703236,,0.030059945,0.033057988,0.3359816,-0.706089,-0.5700777,-0.42005903,-0.6962779,0.4508859,0.5584791,-0.12897782,0.6868138,-0.7152981,,0.003556857,-0.012414556,0.5780916,0.5423324,-0.80819046,0.22957268,-0.6825608,-0.26450533,0.6812838,-0.4898838,-0.5261796,-0.6950889,,0.022569017,-0.025696578,0.2009206,-0.99411297,0.09438378,0.05320679,0.09805549,0.9926281,0.071235605,-0.04609106,0.07603346,-0.99603933,,-0.346356846676095,-0.058013169351174516,0.10915280316,0.0054519385305976335,-0.0038258219934323326,-0.012889331764050398,-0.004246945719491262,,-1.4635351069942868,0.14102482501621377,0.09033715381000001,-0.005661628474082157,-0.016942925970914614,0.0002571491950229222,0.003266881322685584
0.47748304303968325,,0.030059386,0.03305743,0.3359815,-0.7060856,-0.57007784,-0.4200644,-0.6962822,0.45088583,0.5584737,-0.12897237,0.68681365,-0.7152992,,0.0035565086,-0.012414124,0.5780919,0.5423342,-0.8081904,0.22956854,-0.6825556,-0.26450533,0.681289,-0.48988914,-0.5261797,-0.69508517,,0.022569017,-0.025696578,0.2009206,-0.99411297,0.09438378,0.05320679,0.09805549,0.9926281,0.071235605,-0.04609106,0.07603346,-0.99603933,,-0.346356846676095,-0.058020892084048745,0.10915280316,0.0054519385305976335,-0.0038258219934323326,-0.012889331764050398,-0.004246945719491262,,-1.4635351069942868,0.141032547749088,0.09033715381000001,-0.005661628474082157,-0.016942925970914614,0.0002571491950229222,0.003266881322685584
0.5049149190308526,,0.030060844,0.033057287,0.33598047,-0.7060896,-0.57008356,-0.42005017,-0.69627744,0.4508952,0.5584722,-0.12897722,0.68680286,-0.71530867,,0.0035565086,-0.012414124,0.5780919,0.5423342,-0.8081904,0.22956854,-0.6825556,-0.26450533,0.681289,-0.48988914,-0.5261797,-0.69508517,,0.022569017,-0.025696578,0.2009206,-0.99411297,0.09438378,0.05320679,0.09805549,0.9926281,0.071235605,-0.04609106,0.07603346,-0.99603933,,-0.3463722921418435,-0.058013169351174516,0.10915280316,0.0054519385305976335,-0.0038258219934323326,-0.012889331764050398,-0.004246945719491262,,-1.4635351069942868,0.141032547749088,0.09033715381000001,-0.005661628474082157,-0.016942925970914614,0.0002571491950229222,0.003266881322685584
0.5341619829996489,,0.030060396,0.033057638,0.33598107,-0.7060893,-0.5700807,-0.42005453,-0.6962777,0.4508905,0.5584757,-0.12897752,0.68680835,-0.7153034,,0.0035554692,-0.012414454,0.57809126,0.5423327,-0.808195,0.2295561,-0.682556,-0.26451445,0.681285,-0.48989022,-0.526168,-0.69509315,,0.022569017,-0.025696578,0.2009206,-0.99411297,0.09438378,0.05320679,0.09805549,0.9926281,0.071235605,-0.04609106,0.07603346,-0.99603933,,-0.34636456940896926,-0.058013169351174516,0.10915280316,0.0054519385305976335,-0.0038258219934323326,-0.012889331764050398,-0.004246945719491262,,-1.4635196615285384,0.141032547749088,0.09033715381000001,-0.005661628474082157,-0.016942925970914614,0.0002571491950229222,0.003266881322685584
0.5590740159968846,,0.030059945,0.033057988,0.3359816,-0.706089,-0.5700777,-0.42005903,-0.6962779,0.4508859,0.5584791,-0.12897782,0.6868138,-0.7152981,,0.003556857,-0.012414556,0.5780916,0.5423324,-0.80819046,0.22957268,-0.6825608,-0.26450533,0.6812838,-0.4898838,-0.5261796,-0.6950889,,0.022569017,-0.025696578,0.2009206,-0.99411297,0.09438378,0.05320679,0.09805549,0.9926281,0.071235605,-0.04609106,0.07603346,-0.99603933,,-0.346356846676095,-0.058013169351174516,0.10915280316,0.0054519385305976335,-0.0038258219934323326,-0.012889331764050398,-0.004246945719491262,,-1.4635351069942868,0.14102482501621377,0.09033715381000001,-0.005661628474082157,-0.016942925970914614,0.0002571491950229222,0.003266881322685584
0.5865928150014952,,0.030059945,0.033057988,0.3359816,-0.706089,-0.5700777,-0.42005903,-0.6962779,0.4508859,0.5584791,-0.12897782,0.6868138,-0.7152981,,0.003556857,-0.012414556,0.5780916,0.5423324,-0.80819046,0.22957268,-0.6825608,-0.26450533,0.6812838,-0.4898838,-0.5261796,-0.6950889,,0.022569017,-0.025696578,0.2009206,-0.99411297,0.09438378,0.05320679,0.09805549,0.9926281,0.071235605,-0.04609106,0.07603346,-0.99603933,,-0.346356846676095,-0.058013169351174516,0.10915280316,0.0054519385305976335,-0.0038258219934323326,-0.012889331764050398,-0.004246945719491262,,-1.4635351069942868,0.14102482501621377,0.09033715381000001,-0.005661628474082157,-0.016942925970914614,0.0002571491950229222,0.003266881322685584
0.6102063750149682,,0.030059945,0.033057988,0.3359816,-0.706089,-0.5700777,-0.42005903,-0.6962779,0.4508859,0.5584791,-0.12897782,0.6868138,-0.7152981,,0.0035565086,-0.012414124,0.5780919,0.5423342,-0.8081904,0.22956854,-0.6825556,-0.26450533,0.681289,-0.48988914,-0.5261797,-0.69508517,,0.022569017,-0.025696578,0.2009206,-0.99411297,0.09438378,0.05320679,0.09805549,0.9926281,0.071235605,-0.04609106,0.07603346,-0.99603933,,-0.346356846676095,-0.058013169351174516,0.10915280316,0.0054519385305976335,-0.0038258219934323326,-0.012889331764050398,-0.004246945719491262,,-1.4635351069942868,0.141032547749088,0.09033715381000001,-0.005661628474082157,-0.016942925970914614,0.0002571491950229222,0.003266881322685584
0.6400758360396139,,0.030060396,0.033057638,0.33598107,-0.7060893,-0.5700807,-0.42005453,-0.6962777,0.4508905,0.5584757,-0.12897752,0.68680835,-0.7153034,,0.0035565086,-0.012414124,0.5780919,0.5423342,-0.8081904,0.22956854,-0.6825556,-0.26450533,0.681289,-0.48988914,-0.5261797,-0.69508517,,0.022569017,-0.025696578,0.2009206,-0.99411297,0.09438378,0.05320679,0.09805549,0.9926281,0.071235605,-0.04609106,0.07603346,-0.99603933,,-0.34636456940896926,-0.058013169351174516,0.10915280316,0.0054519385305976335,-0.0038258219934323326,-0.012889331764050398,-0.004246945719491262,,-1.4635351069942868,0.141032547749088,0.09033715381000001,-0.005661628474082157,-0.016942925970914614,0.0002571491950229222,0.003266881322685584
0.6692362110479735,,0.030059839,0.03305708,0.33598095,-0.706086,-0.57008076,-0.42006,-0.696282,0.45089048,0.55847025,-0.12897207,0.6868083,-0.7153045,,0.0035565086,-0.012414124,0.5780919,0.5423342,-0.8081904,0.22956854,-0.6825556,-0.26450533,0.681289,-0.48988914,-0.5261797,-0.69508517,,0.022569017,-0.025696578,0.2009206,-0.99411297,0.09438378,0.05320679,0.09805549,0.9926281,0.071235605,-0.04609106,0.07603346,-0.99603933,,-0.34636456940896926,-0.058020892084048745,0.10915280316,0.0054519385305976335,-0.0038258219934323326,-0.012889331764050398,-0.004246945719491262,,-1.4635351069942868,0.141032547749088,0.09033715381000001,-0.005661628474082157,-0.016942925970914614,0.0002571491950229222,0.003266881322685584
0.6939891600050032,,0.030060388,0.033057645,0.33598107,-0.706326,-0.56978375,-0.42005932,-0.69609165,0.45118156,0.55847263,-0.12868562,0.68686354,-0.715303,,0.0035565086,-0.012414124,0.5780919,0.5423342,-0.8081904,0.22956854,-0.6825556,-0.26450533,0.681289,-0.48988914,-0.5261797,-0.69508517,,0.022569017,-0.025696578,0.2009206,-0.99411297,0.09438378,0.05320679,0.09805549,0.9926281,0.071235605,-0.04609106,0.07603346,-0.99603933,,-0.34636456940896926,-0.058013169351174516,0.10915280316,0.005871318417566682,-0.0038258219934323326,-0.012889331764050398,-0.004246945719491262,,-1.4635351069942868,0.141032547749088,0.09033715381000001,-0.005661628474082157,-0.016942925970914614,0.0002571491950229222,0.003266881322685584
0.7214057120145299,,0.030060837,0.033057295,0.33598053,-0.7063263,-0.5697867,-0.42005488,-0.69609135,0.4511862,0.5584691,-0.12868533,0.68685806,-0.71530825,,0.003556339,-0.0124147255,0.57809126,0.5423317,-0.80819273,0.22956648,-0.68256104,-0.26450992,0.68128175,-0.48988432,-0.5261738,-0.695093,,0.022569017,-0.025696578,0.2009206,-0.99411297,0.09438378,0.05320679,0.09805549,0.9926281,0.071235605,-0.04609106,0.07603346,-0.99603933,,-0.3463722921418435,-0.058013169351174516,0.10915280316,0.005871318417566682,-0.0038258219934323326,-0.012889331764050398,-0.004246945719491262,,-1.4635273842614127,0.14102482501621377,0.09033715381000001,-0.005661628474082157,-0.016942925970914614,0.0002571491950229222,0.003266881322685584
0.7429338060319424,,0.030059379,0.033057436,0.33598152,-0.7063224,-0.569781,-0.42006916,-0.6960962,0.4511769,0.55847067,-0.12868047,0.68686885,-0.7152987,,0.0035573784,-0.012414392,0.578092,0.5423332,-0.8081882,0.22957891,-0.68256056,-0.26450077,0.68128574,-0.48988327,-0.5261854,-0.695085,,0.022569017,-0.025696578,0.2009206,-0.99411297,0.09438378,0.05320679,0.09805549,0.9926281,0.071235605,-0.04609106,0.07603346,-0.99603933,,-0.346356846676095,-0.058020892084048745,0.10915280316,0.005871318417566682,-0.0038258219934323326,-0.012889331764050398,-0.004246945719491262,,-1.463542829727161,0.14102482501621377,0.09033715381000001,-0.005661628474082157,-0.016942925970914614,0.0002571491950229222,0.003266881322685584
0.7733122470090166,,0.030060837,0.033057295,0.33598053,-0.7063263,-0.5697867,-0.42005488,-0.69609135,0.4511862,0.5584691,-0.12868533,0.68685806,-0.71530825,,0.0035565086,-0.012414124,0.5780919,0.5423342,-0.8081904,0.22956854,-0.6825556,-0.26450533,0.681289,-0.48988914,-0.5261797,-0.69508517,,0.022569017,-0.025696578,0.2009206,-0.99411297,0.09438378,0.05320679,0.09805549,0.9926281,0.071235605,-0.04609106,0.07603346,-0.99603933,,-0.3463722921418435,-0.058013169351174516,0.10915280316,0.005871318417566682,-0.0038258219934323326,-0.012889331764050398,-0.004246945719491262,,-1.4635351069942868,0.141032547749088,0.09033715381000001,-0.005661628474082157,-0.016942925970914614,0.0002571491950229222,0.003266881322685584
0.8015587200061418,,0.030060388,0.033057645,0.33598107,-0.706326,-0.56978375,-0.42005932,-0.69609165,0.45118156,0.55847263,-0.12868562,0.68686354,-0.715303,,0.003556339,-0.0124147255,0.57809126,0.5423317,-0.80819273,0.22956648,-0.68256104,-0.26450992,0.68128175,-0.48988432,-0.5261738,-0.695093,,0.022569017,-0.025696578,0.2009206,-0.99411297,0.09438378,0.05320679,0.09805549,0.9926281,0.071235605,-0.04609106,0.07603346,-0.99603933,,-0.34636456940896926,-0.058013169351174516,0.10915280316,0.005871318417566682,-0.0038258219934323326,-0.012889331764050398,-0.004246945719491262,,-1.4635273842614127,0.14102482501621377,0.09033715381000001,-0.005661628474082157,-0.016942925970914614,0.0002571491950229222,0.003266881322685584
0.8297304700245149,,0.03005983,0.03305708,0.33598095,-0.7063227,-0.5697839,-0.42006475,-0.6960959,0.45118153,0.55846715,-0.12868018,0.6868634,-0.715304,,0.0035565086,-0.012414124,0.5780919,0.5423342,-0.8081904,0.22956854,-0.6825556,-0.26450533,0.681289,-0.48988914,-0.5261797,-0.69508517,,0.022569017,-0.025696578,0.2009206,-0.99411297,0.09438378,0.05320679,0.09805549,0.9926281,0.071235605,-0.04609106,0.07603346,-0.99603933,,-0.34636456940896926,-0.058020892084048745,0.10915280316,0.005871318417566682,-0.0038258219934323326,-0.012889331764050398,-0.004246945719491262,,-1.4635351069942868,0.141032547749088,0.09033715381000001,-0.005661628474082157,-0.016942925970914614,0.0002571491950229222,0.003266881322685584
0.85310336999828,,0.030060837,0.033057295,0.33598053,-0.7063263,-0.5697867,-0.42005488,-0.69609135,0.4511862,0.5584691,-0.12868533,0.68685806,-0.71530825,,0.003555989,-0.012414288,0.57809156,0.5423334,-0.80819273,0.22956234,-0.68255585,-0.2645099,0.681287,-0.48988968,-0.52617383,-0.69508916,,0.022569017,-0.025696578,0.2009206,-0.99411297,0.09438378,0.05320679,0.09805549,0.9926281,0.071235605,-0.04609106,0.07603346,-0.99603933,,-0.3463722921418435,-0.058013169351174516,0.10915280316,0.005871318417566682,-0.0038258219934323326,-0.012889331764050398,-0.004246945719491262,,-1.4635273842614127,0.141032547749088,0.09033715381000001,-0.005661628474082157,-0.016942925970914614,0.0002571491950229222,0.003266881322685584
0.8807204600307159,,0.030059937,0.033057988,0.3359816,-0.70632565,-0.5697809,-0.42006367,-0.6960918,0.45117694,0.5584761,-0.12868594,0.6868689,-0.7152977,,0.003555989,-0.012414288,0.57809156,0.5423334,-0.80819273,0.22956234,-0.68255585,-0.2645099,0.681287,-0.48988968,-0.52617383,-0.69508916,,0.022569017,-0.025696578,0.2009206,-0.99411297,0.09438378,0.05320679,0.09805549,0.9926281,0.071235605,-0.04609106,0.07603346,-0.99603933,,-0.346356846676095,-0.058013169351174516,0.10915280316,0.005871318417566682,-0.0038258219934323326,-0.012889331764050398,-0.004246945719491262,,-1.4635273842614127,0.141032547749088,0.09033715381000001,-0.005661628474082157,-0.016942925970914614,0.0002571491950229222,0.003266881322685584
0.9050778120290488,,0.030060837,0.033057295,0.33598053,-0.7063263,-0.5697867,-0.42005488,-0.69609135,0.4511862,0.5584691,-0.12868533,0.68685806,-0.71530825,,0.0035565086,-0.012414124,0.5780919,0.5423342,-0.8081904,0.22956854,-0.6825556,-0.26450533,0.681289,-0.48988914,-0.5261797,-0.69508517,,0.022569017,-0.025696578,0.2009206,-0.99411297,0.09438378,0.05320679,0.09805549,0.9926281,0.071235605,-0.04609106,0.07603346,-0.99603933,,-0.3463722921418435,-0.058013169351174516,0.10915280316,0.005871318417566682,-0.0038258219934323326,-0.012889331764050398,-0.004246945719491262,,-1.4635351069942868,0.141032547749088,0.09033715381000001,-0.005661628474082157,-0.016942925970914614,0.0002571491950229222,0.003266881322685584
0.9345347710186616,,0.030060388,0.033057645,0.33598107,-0.706326,-0.56978375,-0.42005932,-0.69609165,0.45118156,0.55847263,-0.12868562,0.68686354,-0.715303,,0.003556339,-0.0124147255,0.57809126,0.5423317,-0.80819273,0.22956648,-0.68256104,-0.26450992,0.68128175,-0.48988432,-0.5261738,-0.695093,,0.022569017,-0.025696578,0.2009206,-0.99411297,0.09438378,0.05320679,0.09805549,0.9926281,0.071235605,-0.04609106,0.07603346,-0.99603933,,-0.34636456940896926,-0.058013169351174516,0.10915280316,0.005871318417566682,-0.0038258219934323326,-0.012889331764050398,-0.004246945719491262,,-1.4635273842614127,0.14102482501621377,0.09033715381000001,-0.005661628474082157,-0.016942925970914614,0.0002571491950229222,0.003266881322685584
0.9593034650315531,,0.030059379,0.033057436,0.33598152,-0.7063224,-0.5698496,-0.41997606,-0.6960962,0.45126814,0.55839694,-0.12868047,0.686752,-0.71541095,,0.003556857,-0.012414556,0.5780916,0.5423324,-0.80819046,0.22957268,-0.6825608,-0.26450533,0.6812838,-0.4898838,-0.5261796,-0.6950889,,0.022569017,-0.025696578,0.2009206,-0.99411297,0.09438378,0.05320679,0.09805549,0.9926281,0.071235605,-0.04609106,0.07603346,-0.99603933,,-0.346356846676095,-0.058020892084048745,0.10915280316,0.005871318417566682,-0.0038258219934323326,-0.013052689244331523,-0.003920257587222703,,-1.4635351069942868,0.14102482501621377,0.09033715381000001,-0.005661628474082157,-0.016942925970914614,0.0002571491950229222,0.003266881322685584
0.9857680670102127,,0.030060837,0.033057295,0.33598053,-0.7063263,-0.56985533,-0.41996184,-0.69609135,0.45127743,0.55839545,-0.12868533,0.6867412,-0.7154205,,0.003556857,-0.012414556,0.5780916,0.5423324,-0.80819046,0.22957268,-0.6825608,-0.26450533,0.6812838,-0.4898838,-0.5261796,-0.6950889,,0.022569017,-0.025696578,0.2009206,-0.99411297,0.09438378,0.05320679,0.09805549,0.9926281,0.071235605,-0.04609106,0.07603346,-0.99603933,,-0.3463722921418435,-0.058013169351174516,0.10915280316,0.005871318417566682,-0.0038258219934323326,-0.013052689244331523,-0.003920257587222703,,-1.4635351069942868,0.14102482501621377,0.09033715381000001,-0.005661628474082157,-0.016942925970914614,0.0002571491950229222,0.003266881322685584
1.0102214210201055,,0.030059937,0.033057988,0.3359816,-0.70632565,-0.56984955,-0.41997063,-0.6960918,0.45126814,0.55840236,-0.12868594,0.686752,-0.71540993,,0.003556857,-0.012414556,0.5780916,0.5423324,-0.80819046,0.22957268,-0.6825608,-0.26450533,0.6812838,-0.4898838,-0.5261796,-0.6950889,,0.022569017,-0.025696578,0.2009206,-0.99411297,0.09438378,0.05320679,0.09805549,0.9926281,0.071235605,-0.04609106,0.07603346,-0.99603933,,-0.346356846676095,-0.058013169351174516,0.10915280316,0.005871318417566682,-0.0038258219934323326,-0.013052689244331523,-0.003920257587222703,,-1.4635351069942868,0.14102482501621377,0.09033715381000001,-0.005661628474082157,-0.016942925970914614,0.0002571491950229222,0.003266881322685584
1.0402245810255408,,0.030060388,0.033057645,0.33598107,-0.706326,-0.5698524,-0.41996622,-0.69609165,0.4512728,0.5583989,-0.12868562,0.6867466,-0.7154152,,0.003555989,-0.012414288,0.57809156,0.5423334,-0.80819273,0.22956234,-0.68255585,-0.2645099,0.681287,-0.48988968,-0.52617383,-0.69508916,,0.022569017,-0.025696578,0.2009206,-0.99411297,0.09438378,0.05320679,0.09805549,0.9926281,0.071235605,-0.04609106,0.07603346,-0.99603933,,-0.34636456940896926,-0.058013169351174516,0.10915280316,0.005871318417566682,-0.0038258219934323326,-0.013052689244331523,-0.003920257587222703,,-1.4635273842614127,0.141032547749088,0.09033715381000001,-0.005661628474082157,-0.016942925970914614,0.0002571491950229222,0.003266881322685584
1.0664819570374675,,0.03005983,0.03305708,0.33598095,-0.7063227,-0.56985253,-0.4199717,-0.6960959,0.45127273,0.55839354,-0.12868018,0.68674654,-0.7154162,,0.003555989,-0.012414288,0.57809156,0.5423334,-0.80819273,0.22956234,-0.68255585,-0.2645099,0.681287,-0.48988968,-0.52617383,-0.69508916,,0.022569017,-0.025696578,0.2009206,-0.99411297,0.09438378,0.05320679,0.09805549,0.9926281,0.071235605,-0.04609106,0.07603346,-0.99603933,,-0.34636456940896926,-0.058020892084048745,0.10915280316,0.005871318417566682,-0.0038258219934323326,-0.013052689244331523,-0.003920257587222703,,-1.4635273842614127,0.141032547749088,0.09033715381000001,-0.005661628474082157,-0.016942925970914614,0.0002571491950229222,0.003266881322685584
1.091238079010509,,0.030059937,0.033057988,0.3359816,-0.70632565,-0.56984955,-0.41997063,-0.6960918,0.45126814,0.55840236,-0.12868594,0.686752,-0.71540993,,0.0035565086,-0.012414124,0.5780919,0.5423342,-0.8081904,0.22956854,-0.6825556,-0.26450533,0.681289,-0.48988914,-0.5261797,-0.69508517,,0.022569017,-0.025696578,0.2009206,-0.99411297,0.09438378,0.05320679,0.09805549,0.9926281,0.071235605,-0.04609106,0.07603346,-0.99603933,,-0.346356846676095,-0.058013169351174516,0.10915280316,0.005871318417566682,-0.0038258219934323326,-0.013052689244331523,-0.003920257587222703,,-1.4635351069942868,0.141032547749088,0.09033715381000001,-0.005661628474082157,-0.016942925970914614,0.0002571491950229222,0.003266881322685584
1.116451683046762,,0.030060837,0.033057295,0.33598053,-0.7063263,-0.56985533,-0.41996184,-0.69609135,0.45127743,0.55839545,-0.12868533,0.6867412,-0.7154205,,0.003556857,-0.012414556,0.5780916,0.5423324,-0.80819046,0.22957268,-0.6825608,-0.26450533,0.6812838,-0.4898838,-0.5261796,-0.6950889,,0.022569017,-0.025696578,0.2009206,-0.99411297,0.09438378,0.05320679,0.09805549,0.9926281,0.071235605,-0.04609106,0.07603346,-0.99603933,,-0.3463722921418435,-0.058013169351174516,0.10915280316,0.005871318417566682,-0.0038258219934323326,-0.013052689244331523,-0.003920257587222703,,-1.4635351069942868,0.14102482501621377,0.09033715381000001,-0.005661628474082157,-0.016942925970914614,0.0002571491950229222,0.003266881322685584
1.1433504450251348,,0.03005983,0.03305708,0.33598095,-0.7063227,-0.56985253,-0.4199717,-0.6960959,0.45127273,0.55839354,-0.12868018,0.68674654,-0.7154162,,0.003556339,-0.0124147255,0.57809126,0.5423317,-0.80819273,0.22956648,-0.68256104,-0.26450992,0.68128175,-0.48988432,-0.5261738,-0.695093,,0.022569017,-0.025696578,0.2009206,-0.99411297,0.09438378,0.05320679,0.09805549,0.9926281,0.071235605,-0.04609106,0.07603346,-0.99603933,,-0.34636456940896926,-0.058020892084048745,0.10915280316,0.005871318417566682,-0.0038258219934323326,-0.013052689244331523,-0.003920257587222703,,-1.4635273842614127,0.14102482501621377,0.09033715381000001,-0.005661628474082157,-0.016942925970914614,0.0002571491950229222,0.003266881322685584
1.1726221950375475,,0.030060388,0.033057645,0.33598107,-0.706326,-0.5698524,-0.41996622,-0.69609165,0.4512728,0.5583989,-0.12868562,0.6867466,-0.7154152,,0.003556857,-0.012414556,0.5780916,0.5423324,-0.80819046,0.22957268,-0.6825608,-0.26450533,0.6812838,-0.4898838,-0.5261796,-0.6950889,,0.022569017,-0.025696578,0.2009206,-0.99411297,0.09438378,0.05320679,0.09805549,0.9926281,0.071235605,-0.04609106,0.07603346,-0.99603933,,-0.34636456940896926,-0.058013169351174516,0.10915280316,0.005871318417566682,-0.0038258219934323326,-0.013052689244331523,-0.003920257587222703,,-1.4635351069942868,0.14102482501621377,0.09033715381000001,-0.005661628474082157,-0.016942925970914614,0.0002571491950229222,0.003266881322685584
1.1972135310061276,,0.030060388,0.033057645,0.33598107,-0.706326,-0.5698524,-0.41996622,-0.69609165,0.4512728,0.5583989,-0.12868562,0.6867466,-0.7154152,,0.0035565086,-0.012414124,0.5780919,0.5423342,-0.8081904,0.22956854,-0.6825556,-0.26450533,0.681289,-0.48988914,-0.5261797,-0.69508517,,0.022569017,-0.025696578,0.2009206,-0.99411297,0.09438378,0.05320679,0.09805549,0.9926281,0.071235605,-0.04609106,0.07603346,-0.99603933,,-0.34636456940896926,-0.058013169351174516,0.10915280316,0.005871318417566682,-0.0038258219934323326,-0.013052689244331523,-0.003920257587222703,,-1.4635351069942868,0.141032547749088,0.09033715381000001,-0.005661628474082157,-0.016942925970914614,0.0002571491950229222,0.003266881322685584
1.2248778040520847,,0.030059937,0.033057988,0.3359816,-0.70632565,-0.56984955,-0.41997063,-0.6960918,0.45126814,0.55840236,-0.12868594,0.686752,-0.71540993,,0.0035565086,-0.012414124,0.5780919,0.5423342,-0.8081904,0.22956854,-0.6825556,-0.26450533,0.681289,-0.48988914,-0.5261797,-0.69508517,,0.022569017,-0.025696578,0.2009206,-0.99411297,0.09438378,0.05320679,0.09805549,0.9926281,0.071235605,-0.04609106,0.07603346,-0.99603933,,-0.346356846676095,-0.058013169351174516,0.10915280316,0.005871318417566682,-0.0038258219934323326,-0.013052689244331523,-0.003920257587222703,,-1.4635351069942868,0.141032547749088,0.09033715381000001,-0.005661628474082157,-0.016942925970914614,0.0002571491950229222,0.003266881322685584
1.2569055380299687,,0.030059937,0.033057988,0.3359816,-0.70632565,-0.56984955,-0.41997063,-0.6960918,0.45126814,0.55840236,-0.12868594,0.686752,-0.71540993,,0.003556857,-0.012414556,0.5780916,0.5423324,-0.80819046,0.22957268,-0.6825608,-0.26450533,0.6812838,-0.4898838,-0.5261796,-0.6950889,,0.022569017,-0.025696578,0.2009206,-0.99411297,0.09438378,0.05320679,0.09805549,0.9926281,0.071235605,-0.04609106,0.07603346,-0.99603933,,-0.346356846676095,-0.058013169351174516,0.10915280316,0.005871318417566682,-0.0038258219934323326,-0.013052689244331523,-0.003920257587222703,,-1.4635351069942868,0.14102482501621377,0.09033715381000001,-0.005661628474082157,-0.016942925970914614,0.0002571491950229222,0.003266881322685584
1.2880669690202922,,0.030059937,0.033057988,0.3359816,-0.70632565,-0.56984955,-0.41997063,-0.6960918,0.45126814,0.55840236,-0.12868594,0.686752,-0.71540993,,0.003556857,-0.012414556,0.5780916,0.5423324,-0.80819046,0.22957268,-0.6825608,-0.26450533,0.6812838,-0.4898838,-0.5261796,-0.6950889,,0.022569017,-0.025696578,0.2009206,-0.99411297,0.09438378,0.05320679,0.09805549,0.9926281,0.071235605,-0.04609106,0.07603346,-0.99603933,,-0.346356846676095,-0.058013169351174516,0.10915280316,0.005871318417566682,-0.0038258219934323326,-0.013052689244331523,-0.003920257587222703,,-1.4635351069942868,0.14102482501621377,0.09033715381000001,-0.005661628474082157,-0.016942925970914614,0.0002571491950229222,0.003266881322685584
1.3186711580492556,,0.030060837,0.033057295,0.33598053,-0.7063263,-0.56985533,-0.41996184,-0.69609135,0.45127743,0.55839545,-0.12868533,0.6867412,-0.7154205,,0.003556857,-0.012414556,0.5780916,0.5423324,-0.80819046,0.22957268,-0.6825608,-0.26450533,0.6812838,-0.4898838,-0.5261796,-0.6950889,,0.022569017,-0.025696578,0.2009206,-0.99411297,0.09438378,0.05320679,0.09805549,0.9926281,0.071235605,-0.04609106,0.07603346,-0.99603933,,-0.3463722921418435,-0.058013169351174516,0.10915280316,0.005871318417566682,-0.0038258219934323326,-0.013052689244331523,-0.003920257587222703,,-1.4635351069942868,0.14102482501621377,0.09033715381000001,-0.005661628474082157,-0.016942925970914614,0.0002571491950229222,0.003266881322685584
1.3428373650531285,,0.030060392,0.033057645,0.33598107,-0.70620763,-0.57000095,-0.41996384,-0.6961846,0.4511273,0.55840045,-0.12883158,0.68671906,-0.71541536,,0.003556339,-0.0124147255,0.57809126,0.5423317,-0.80819273,0.22956648,-0.68256104,-0.26450992,0.68128175,-0.48988432,-0.5261738,-0.695093,,0.022569017,-0.025696578,0.2009206,-0.99411297,0.09438378,0.05320679,0.09805549,0.9926281,0.071235605,-0.04609106,0.07603346,-0.99603933,,-0.34636456940896926,-0.058013169351174516,0.10915280316,0.005661628474082157,-0.0038258219934323326,-0.013052689244331523,-0.003920257587222703,,-1.4635273842614127,0.14102482501621377,0.09033715381000001,-0.005661628474082157,-0.016942925970914614,0.0002571491950229222,0.003266881322685584
1.3742146830190904,,0.030059945,0.033057988,0.3359816,-0.706089,-0.5701463,-0.41996583,-0.6962779,0.45097715,0.55840546,-0.12897782,0.6866969,-0.71541035,,0.003556857,-0.012414556,0.5780916,0.5423324,-0.80819046,0.22957268,-0.6825608,-0.26450533,0.6812838,-0.4898838,-0.5261796,-0.6950889,,0.022569017,-0.025696578,0.2009206,-0.99411297,0.09438378,0.05320679,0.09805549,0.9926281,0.071235605,-0.04609106,0.07603346,-0.99603933,,-0.346356846676095,-0.058013169351174516,0.10915280316,0.0054519385305976335,-0.0038258219934323326,-0.013052689244331523,-0.003920257587222703,,-1.4635351069942868,0.14102482501621377,0.09033715381000001,-0.005661628474082157,-0.016942925970914614,0.0002571491950229222,0.003266881322685584
1.399562198028434,,0.030059386,0.03305743,0.3359815,-0.7060856,-0.57014644,-0.4199713,-0.6962822,0.4509771,0.55840003,-0.12897237,0.6866969,-0.7154113,,0.003556339,-0.0124147255,0.57809126,0.5423317,-0.80819273,0.22956648,-0.68256104,-0.26450992,0.68128175,-0.48988432,-0.5261738,-0.695093,,0.022569017,-0.025696578,0.2009206,-0.99411297,0.09438378,0.05320679,0.09805549,0.9926281,0.071235605,-0.04609106,0.07603346,-0.99603933,,-0.346356846676095,-0.058020892084048745,0.10915280316,0.0054519385305976335,-0.0038258219934323326,-0.013052689244331523,-0.003920257587222703,,-1.4635273842614127,0.14102482501621377,0.09033715381000001,-0.005661628474082157,-0.016942925970914614,0.0002571491950229222,0.003266881322685584
1.4259107790421695,,0.030059945,0.033057988,0.3359816,-0.706089,-0.5701463,-0.41996583,-0.6962779,0.45097715,0.55840546,-0.12897782,0.6866969,-0.71541035,,0.0035565086,-0.012414124,0.5780919,0.5423342,-0.8081904,0.22956854,-0.6825556,-0.26450533,0.681289,-0.48988914,-0.5261797,-0.69508517,,0.022569017,-0.025696578,0.2009206,-0.99411297,0.09438378,0.05320679,0.09805549,0.9926281,0.071235605,-0.04609106,0.07603346,-0.99603933,,-0.346356846676095,-0.058013169351174516,0.10915280316,0.0054519385305976335,-0.0038258219934323326,-0.013052689244331523,-0.003920257587222703,,-1.4635351069942868,0.141032547749088,0.09033715381000001,-0.005661628474082157,-0.016942925970914614,0.0002571491950229222,0.003266881322685584
1.4501331290230155,,0.030059945,0.033057988,0.3359816,-0.706089,-0.5701463,-0.41996583,-0.6962779,0.45097715,0.55840546,-0.12897782,0.6866969,-0.71541035,,0.0035565086,-0.012414124,0.5780919,0.5423342,-0.8081904,0.22956854,-0.6825556,-0.26450533,0.681289,-0.48988914,-0.5261797,-0.69508517,,0.022569017,-0.025696578,0.2009206,-0.99411297,0.09438378,0.05320679,0.09805549,0.9926281,0.071235605,-0.04609106,0.07603346,-0.99603933,,-0.346356846676095,-0.058013169351174516,0.10915280316,0.0054519385305976335,-0.0038258219934323326,-0.013052689244331523,-0.003920257587222703,,-1.4635351069942868,0.141032547749088,0.09033715381000001,-0.005661628474082157,-0.016942925970914614,0.0002571491950229222,0.003266881322685584
