Time,si_T_psm1,Tx,Ty,Tz,R00,R01,R02,R10,R11,R12,R20,R21,R22,si_T_psm3,Tx,Ty,Tz,R00,R01,R02,R10,R11,R12,R20,R21,R22,si_T_ecm,Tx,Ty,Tz,R00,R01,R02,R10,R11,R12,R20,R21,R22,joint_vars_psm1,q1,q2,q3,q4,q5,q6,jaw,joint_vars_psm3,q1,q2,q3,q4,q5,q6,jaw
lci_T_si
,,-0.05524584,0.06696106,0.4075405,0.9968034,0.027796231,-0.07490248,0.011530676,-0.9777629,-0.20939633,-0.07905729,0.2078633,-0.9749578
rci_T_si
,,-0.0725779,0.076947674,0.49166793,0.9981069,0.014386248,-0.05979659,-0.0004237583,-0.97062606,-0.2405927,-0.061501358,0.24016258,-0.9687825
ecm_T_lc
,,-0.039348,0.051043153,-0.2725159,-0.9888841,-0.12934415,0.07333705,0.13224038,-0.9905602,0.036096916,0.06797584,0.045393787,0.9966537
ecm_T_rc
,,0.010096899,0.19171284,-0.6841031,-0.99695045,-0.013193613,-0.07691395,0.014341901,-0.9997935,-0.014396289,-0.07670814,-0.015455482,0.99693376
0.02359593310393393,,-0.10644762,0.11865837,0.10503727,-0.2346063,-0.76495165,-0.59984064,-0.97116244,0.15748066,0.17900702,-0.042468432,0.6245389,-0.77983826,,0.5363914,0.04778813,0.52184486,-0.13675198,-0.30109775,0.94373673,-0.9905427,0.052273072,-0.12685673,-0.011135723,-0.9521595,-0.3053987,,0.038547967,-0.018327005,0.13132372,-0.993008,0.117578454,-0.010505616,0.114261396,0.9797075,0.16467407,0.029654555,0.16232228,-0.9862921,,-0.24420053621585322,-0.2819646999708111,0.10295783325,0.0037744189827214384,-0.022818295460828555,0.016401463933507197,-0.0017967847274770713,,-0.6573049631238707,-0.1086742970060873,0.13362935094,-0.0033550390957523897,-0.0006831824988272023,-0.005650494732200622,-0.0022868169258799097
0.05742204817943275,,-0.10644573,0.11865765,0.10503569,-0.23460777,-0.76495546,-0.59983534,-0.971162,0.15748449,0.17900506,-0.04246611,0.62453336,-0.77984273,,0.5363914,0.04778813,0.52184486,-0.13675198,-0.30109775,0.94373673,-0.9905427,0.052273072,-0.12685673,-0.011135723,-0.9521595,-0.3053987,,0.038547967,-0.018327005,0.13132372,-0.993008,0.117578454,-0.010505616,0.114261396,0.9797075,0.16467407,0.029654555,0.16232228,-0.9862921,,-0.24420825894872744,-0.2819646999708111,0.10295783325,0.0037744189827214384,-0.022818295460828555,0.016401463933507197,-0.0017967847274770713,,-0.6573049631238707,-0.1086742970060873,0.13362935094,-0.0033550390957523897,-0.0006831824988272023,-0.005650494732200622,-0.0022868169258799097
0.11214960110373795,,-0.10644381,0.11865695,0.10503404,-0.23460928,-0.76495916,-0.59983,-0.9711619,0.1574883,0.17900309,-0.04246381,0.6245278,-0.7798473,,0.5363914,0.04778813,0.52184486,-0.13675198,-0.30109775,0.94373673,-0.9905427,0.052273072,-0.12685673,-0.011135723,-0.9521595,-0.3053987,,0.038547967,-0.018327005,0.13132372,-0.993008,0.117578454,-0.010505616,0.114261396,0.9797075,0.16467407,0.029654555,0.16232228,-0.9862921,,-0.24421598168160166,-0.2819646999708111,0.10295783325,0.0037744189827214384,-0.022818295460828555,0.016401463933507197,-0.0017967847274770713,,-0.6573049631238707,-0.1086742970060873,0.13362935094,-0.0033550390957523897,-0.0006831824988272023,-0.005650494732200622,-0.0022868169258799097
0.15924997301772237,,-0.10644762,0.11865837,0.10503727,-0.2346063,-0.76495165,-0.59984064,-0.97116244,0.15748066,0.17900702,-0.042468432,0.6245389,-0.77983826,,0.5363925,0.047787055,0.52184963,-0.13675359,-0.30109057,0.9437388,-0.9905425,0.0522738,-0.1268583,-0.011136953,-0.9521617,-0.3053916,,0.038547967,-0.018327005,0.13132372,-0.993008,0.117578454,-0.010505616,0.114261396,0.9797075,0.16467407,0.029654555,0.16232228,-0.9862921,,-0.24420053621585322,-0.2819646999708111,0.10295783325,0.0037744189827214384,-0.022818295460828555,0.016401463933507197,-0.0017967847274770713,,-0.657312685856745,-0.1086742970060873,0.13362935094,-0.0033550390957523897,-0.0006831824988272023,-0.005650494732200622,-0.0022868169258799097
0.22027414198964834,,-0.10644762,0.11865837,0.10503727,-0.2346063,-0.76495165,-0.59984064,-0.97116244,0.15748066,0.17900702,-0.042468432,0.6245389,-0.77983826,,0.5363914,0.04778813,0.52184486,-0.13675198,-0.30109775,0.94373673,-0.9905427,0.052273072,-0.12685673,-0.011135723,-0.9521595,-0.3053987,,0.038547967,-0.018327005,0.13132372,-0.993008,0.117578454,-0.010505616,0.114261396,0.9797075,0.16467407,0.029654555,0.16232228,-0.9862921,,-0.24420053621585322,-0.2819646999708111,0.10295783325,0.0037744189827214384,-0.022818295460828555,0.016401463933507197,-0.0017967847274770713,,-0.6573049631238707,-0.1086742970060873,0.13362935094,-0.0033550390957523897,-0.0006831824988272023,-0.005650494732200622,-0.0022868169258799097
0.25461824308149517,,-0.10644762,0.11865837,0.10503727,-0.2346063,-0.76495165,-0.59984064,-0.97116244,0.15748066,0.17900702,-0.042468432,0.6245389,-0.77983826,,0.5363914,0.04778813,0.52184486,-0.13675198,-0.30109775,0.94373673,-0.9905427,0.052273072,-0.12685673,-0.011135723,-0.9521595,-0.3053987,,0.038547967,-0.018327005,0.13132372,-0.993008,0.117578454,-0.010505616,0.114261396,0.9797075,0.16467407,0.029654555,0.16232228,-0.9862921,,-0.24420053621585322,-0.2819646999708111,0.10295783325,0.0037744189827214384,-0.022818295460828555,0.016401463933507197,-0.0017967847274770713,,-0.6573049631238707,-0.1086742970060873,0.13362935094,-0.0033550390957523897,-0.0006831824988272023,-0.005650494732200622,-0.0022868169258799097
0.3196171671152115,,-0.10644762,0.11865837,0.10503727,-0.2346063,-0.76495165,-0.59984064,-0.97116244,0.15748066,0.17900702,-0.042468432,0.6245389,-0.77983826,,0.5363914,0.04778813,0.52184486,-0.13675198,-0.30109775,0.94373673,-0.9905427,0.052273072,-0.12685673,-0.011135723,-0.9521595,-0.3053987,,0.038547967,-0.018327005,0.13132372,-0.993008,0.117578454,-0.010505616,0.114261396,0.9797075,0.16467407,0.029654555,0.16232228,-0.9862921,,-0.24420053621585322,-0.2819646999708111,0.10295783325,0.0037744189827214384,-0.022818295460828555,0.016401463933507197,-0.0017967847274770713,,-0.6573049631238707,-0.1086742970060873,0.13362935094,-0.0033550390957523897,-0.0006831824988272023,-0.005650494732200622,-0.0022868169258799097
0.3556764740496874,,-0.10644954,0.11865907,0.105038896,-0.23460478,-0.764948,-0.5998459,-0.9711627,0.1574768,0.17900899,-0.04247072,0.6245443,-0.7798336,,0.5363914,0.04778813,0.52184486,-0.13675198,-0.30109775,0.94373673,-0.9905427,0.052273072,-0.12685673,-0.011135723,-0.9521595,-0.3053987,,0.038547967,-0.018327005,0.13132372,-0.993008,0.117578454,-0.010505616,0.114261396,0.9797075,0.16467407,0.029654555,0.16232228,-0.9862921,,-0.244192813482979,-0.2819646999708111,0.10295783325,0.0037744189827214384,-0.022818295460828555,0.016401463933507197,-0.0017967847274770713,,-0.6573049631238707,-0.1086742970060873,0.13362935094,-0.0033550390957523897,-0.0006831824988272023,-0.005650494732200622,-0.0022868169258799097
