Task Time,PC1 Time,PC2 Time,Gaze Calib,s_T_psm1,Tx,Ty,Tz,R00,R01,R02,R10,R11,R12,R20,R21,R22,s_T_psm3,Tx,Ty,Tz,R00,R01,R02,R10,R11,R12,R20,R21,R22,cart_T_ecm,Tx,Ty,Tz,R00,R01,R02,R10,R11,R12,R20,R21,R22,ecm_T_psm1,Tx,Ty,Tz,R00,R01,R02,R10,R11,R12,R20,R21,R22,ecm_T_psm3,Tx,Ty,Tz,R00,R01,R02,R10,R11,R12,R20,R21,R22,psm1_joints,q1,q2,q3,q4,q5,q6,jaw,psm3_joints,q1,q2,q3,q4,q5,q6,jaw,ecm_joints,q1,q2,q3,q4,ecmi_T_ecm,Tx,Ty,Tz,R00,R01,R02,R10,R11,R12,R20,R21,R22,Sample #,Task Duration (s),Collisions (binary),Collisions (increments),Cumulative Collision Time (s),Clutch Press,MTMR Angle,MTML Angle
""
lci_T_si,,,,,-0.050445605,0.031140205,0.20799266,0.9865919,-0.013161347,0.16267522,0.100886725,-0.734317,-0.67126775,0.12828997,0.67867905,-0.7231434
rci_T_si,,,,,-0.059559833,0.035046782,0.21627636,0.9849687,-0.028336054,0.17039265,0.097400196,-0.72355855,-0.6833566,0.14265269,0.6896812,-0.7099226
ecm_T_lc,,,,,-4.4061628e-05,-0.00034663224,-0.01840835,-0.99912,0.030754527,0.028518902,-0.031987965,-0.99852574,-0.043852776,0.027128186,-0.04472645,0.9986309
ecm_T_rc,,,,,-0.0043358393,0.01870579,-0.007592615,-0.99555075,-0.052743673,-0.078081585,0.04863213,-0.9973746,0.053654674,-0.08070653,0.04961868,0.9955021
cart_T_ecmi,,,,,0.08296387,1.2897631,0.42729735,0.9916556,0.10047608,-0.08076963,0.018945528,-0.7333144,-0.6796257,-0.12751566,0.6724244,-0.7290989
ecmac_T_ecmrep_psm1,,,,,0.022898523,-0.26913688,-0.29720387,0.9902475,0.13300471,0.041468147,-0.1315095,0.99062705,-0.036922794,-0.045990374,0.031109251,0.9984574
ecmac_T_ecmrep_psm3,,,,,0.02078248,-0.4666591,-0.5231304,0.997355,0.0035024614,0.07259993,-0.011652398,0.993624,0.11214125,-0.07174426,-0.1126906,0.99103665
""
0,16:09:33.635473,16:08:15.855863,0,,0.122560844,-0.004852943,0.029202506,0.6571899,0.5461484,-0.51944506,0.2192504,0.5208475,0.8250134,0.7211315,-0.6560791,0.22255246,,0.0706618,-0.015792117,0.032191753,0.048952878,-0.3332644,0.9415616,-0.107836455,0.935418,0.33669645,-0.9929627,-0.11801687,0.009853333,,0.082985125,1.2897636,0.42730233,0.99165624,0.10045084,-0.08079301,0.018911408,-0.73331785,-0.6796229,-0.12751566,0.6724244,-0.7290989,,-0.12017903,0.25937933,-0.10451805,-0.69594616,-0.44711587,0.5619131,0.65568894,-0.07660586,0.7511349,-0.2927985,0.89118963,0.3464825,,-0.081582114,0.4306952,-0.34428918,0.1029982,0.31698695,-0.94282055,-0.8419668,0.5324623,0.087039396,0.52960676,0.7848587,0.32173514,,1.1195954757078241,0.5304436301989847,0.20828787720000003,3.252920093275426,-0.34309425091102097,-1.1838309883970206,-0.41505727204720366,,-1.3619116651023666,0.1599764114895607,0.18746297835000003,0.9069090055705677,0.8263775505813838,-0.6130048201512378,0.8328913932186899,,-0.07627525163528219,-0.034472434388453,0.0910472212,-0.1089195372335423,,2.0448118e-05,5.185604e-06,-5.6028366e-06,1.0,-2.5093555e-05,-2.3126602e-05,2.5093555e-05,1.0,-4.4107437e-06,2.3141503e-05,4.3809414e-06,1.0,38,0.114,0,0,0.0,False,-0.2617249448978165,1.0068835700704653
0.1328167379833758,16:09:33.667602,16:08:15.919454,0,,0.122471526,-0.0048296824,0.029215291,0.63342667,0.5691966,-0.52420014,0.21553127,0.5208449,0.8259945,0.7431802,-0.6361885,0.2072374,,0.07066558,-0.015795037,0.032193244,0.04904851,-0.33337718,0.94151676,-0.10773966,0.9353851,0.3368188,-0.99296856,-0.11795917,0.009961262,,0.082985125,1.2897636,0.42730233,0.99165624,0.10045084,-0.08079301,0.018911408,-0.73331785,-0.6796229,-0.12751566,0.6724244,-0.7290989,,-0.12008954,0.25940508,-0.104521506,-0.67446965,-0.4716734,0.567992,0.6682435,-0.06290326,0.74127847,-0.31391278,0.8795268,0.35761905,,-0.08158597,0.430694,-0.34429213,0.102901444,0.31709087,-0.9427962,-0.84192455,0.53250206,0.08720473,0.5296927,0.78478974,0.32176182,,1.119726762166686,0.5292466066034799,0.20835658057000003,3.226918540283345,-0.3660491828716149,-1.1670730703393954,-0.4158739923778749,,-1.361927110568115,0.15995324329093805,0.18746297835000003,0.9069090055705677,0.8265141870811493,-0.6128712018345125,0.832401361020287,,-0.07627525163528219,-0.034472434388453,0.0910472212,-0.1089195372335423,,2.0448118e-05,5.185604e-06,-5.6028366e-06,1.0,-2.5093555e-05,-2.3126602e-05,2.5093555e-05,1.0,-4.4107437e-06,2.3141503e-05,4.3809414e-06,1.0,46,0.137,0,0,0.0,False,-0.261427056305211,1.006738729468127
0.16493493295274675,16:09:33.695415,16:08:15.919454,0,,0.12240088,-0.0048222393,0.029191867,0.62065077,0.5768416,-0.5310803,0.2148555,0.5262793,0.82271934,0.7540754,-0.624727,0.20269802,,0.07066451,-0.015795246,0.03219247,0.049041536,-0.33337933,0.94151634,-0.1077421,0.9353843,0.33682016,-0.99296856,-0.11795911,0.009953678,,0.082985125,1.2897636,0.42730233,0.99165624,0.10045084,-0.08079301,0.018911408,-0.73331785,-0.6796229,-0.12751566,0.6724244,-0.7290989,,-0.12001683,0.25939438,-0.10450763,-0.66273975,-0.47980043,0.57495004,0.67528915,-0.051068146,0.735783,-0.32366738,0.87589014,0.35784894,,-0.08158479,0.43069342,-0.3442919,0.10290842,0.317093,-0.94279474,-0.84192514,0.5325019,0.08719973,0.5296904,0.78478897,0.3217675,,1.1197730985639311,0.5285052242475543,0.20840713588,3.212449934182913,-0.3768434663530848,-1.1646419976783418,-0.415383960179472,,-1.3619193878352407,0.15995324329093805,0.18746297835000003,0.9069090055705677,0.8265141870811493,-0.6128712018345125,0.832401361020287,,-0.07627525163528219,-0.034472434388453,0.0910472212,-0.1089195372335423,,2.0448118e-05,5.185604e-06,-5.6028366e-06,1.0,-2.5093555e-05,-2.3126602e-05,2.5093555e-05,1.0,-4.4107437e-06,2.3141503e-05,4.3809414e-06,1.0,57,0.171,0,0,0.0,False,-0.26243987752006825,1.0071732512751421
0.1927291378378868,16:09:33.726887,16:08:15.919454,0,,0.12231071,-0.0047908947,0.029199198,0.5964008,0.5950409,-0.538732,0.2093006,0.5326606,0.8200402,0.77491885,-0.6018297,0.19313684,,0.07066128,-0.015795901,0.032190084,0.049020644,-0.33346272,0.9414879,-0.10774943,0.93535453,0.33690053,-0.9929688,-0.11795986,0.009921238,,0.082985125,1.2897636,0.42730233,0.99165624,0.10045084,-0.08079301,0.018911408,-0.73331785,-0.6796229,-0.12751566,0.6724244,-0.7290989,,-0.11992541,0.2594222,-0.10450171,-0.6408226,-0.49929318,0.5831404,0.685684,-0.030665698,0.7272531,-0.3452301,0.86589026,0.36200863,,-0.08158122,0.43069163,-0.34429118,0.10292934,0.31717646,-0.94276434,-0.841927,0.5324943,0.08722822,0.5296834,0.7847604,0.3218487,,1.1198426031597992,0.5273082006520495,0.20849398731000002,3.1870774510212856,-0.40048158081250596,-1.1550864704155877,-0.41652736864241224,,-1.361896219636618,0.15995324329093805,0.18746297835000003,0.9069090055705677,0.8265141870811493,-0.612789523094372,0.8322380169541528,,-0.07627525163528219,-0.034472434388453,0.0910472212,-0.1089195372335423,,2.0448118e-05,5.185604e-06,-5.6028366e-06,1.0,-2.5093555e-05,-2.3126602e-05,2.5093555e-05,1.0,-4.4107437e-06,2.3141503e-05,4.3809414e-06,1.0,65,0.196,0,0,0.0,False,-0.26136747858668974,1.00736637207826
0.22423366596922278,16:09:33.757978,16:08:15.919454,0,,0.12216835,-0.004767753,0.029165432,0.5695975,0.61518395,-0.54507554,0.20310614,0.53725404,0.81859994,0.7964337,-0.5769807,0.18107092,,0.070660725,-0.015796557,0.032191098,0.049020644,-0.3333858,0.9415151,-0.10774943,0.935382,0.33682418,-0.9929688,-0.11795908,0.009930864,,0.082985125,1.2897636,0.42730233,0.99165624,0.10045084,-0.08079301,0.018911408,-0.73331785,-0.6796229,-0.12751566,0.6724244,-0.7290989,,-0.119779356,0.2594158,-0.10447785,-0.6164747,-0.52101946,0.5903369,0.69608235,-0.010211872,0.7178893,-0.36800584,0.85348374,0.3689678,,-0.0815808,0.43069208,-0.3442923,0.10292934,0.31709945,-0.94279027,-0.841927,0.5325014,0.087184735,0.5296834,0.7847867,0.32178462,,1.1199198304885416,0.5257327631457077,0.20861454228,3.1585596187073905,-0.4264425157679396,-1.1410231191054967,-0.41652736864241224,,-1.361896219636618,0.15995324329093805,0.18746168206000002,0.9069090055705677,0.8265141870811493,-0.6128712018345125,0.8320746728880186,,-0.07627525163528219,-0.034472434388453,0.0910472212,-0.1089195372335423,,2.0448118e-05,5.185604e-06,-5.6028366e-06,1.0,-2.5093555e-05,-2.3126602e-05,2.5093555e-05,1.0,-4.4107437e-06,2.3141503e-05,4.3809414e-06,1.0,77,0.232,0,0,0.0,False,-0.26160578946077395,1.0069318502712448
0.2553162700496614,16:09:33.791873,16:08:15.919454,0,,0.122062564,-0.0047205836,0.029169694,0.5443152,0.6307307,-0.55308187,0.19859177,0.54368335,0.8154567,0.81503505,-0.5537031,0.17067727,,0.0706635,-0.015801653,0.032191098,0.049031172,-0.3333669,0.94152117,-0.10777265,0.9353856,0.33680683,-0.9929658,-0.117984325,0.0099352,,0.082985125,1.2897636,0.42730233,0.99165624,0.10045084,-0.08079301,0.018911408,-0.73331785,-0.6796229,-0.12751566,0.6724244,-0.7290989,,-0.11967093,0.259453,-0.10446065,-0.5932636,-0.5379049,0.5989128,0.7056836,0.010490723,0.7084494,-0.38736147,0.8429402,0.37336692,,-0.08158338,0.43068856,-0.34429613,0.10291923,0.3170844,-0.9427964,-0.84194046,0.5324815,0.08717651,0.5296639,0.7848063,0.32176876,,1.11993527595429,0.524674748741939,0.20871176403000002,3.1323483757718247,-0.447347900232052,-1.1308371940117514,-0.4173440889730833,,-1.3619039423694923,0.15992235235944113,0.18746038577000002,0.9069090055705677,0.8265141870811493,-0.6128712018345125,0.8320746728880186,,-0.07627525163528219,-0.034472434388453,0.0910472212,-0.1089195372335423,,2.0448118e-05,5.185604e-06,-5.6028366e-06,1.0,-2.5093555e-05,-2.3126602e-05,2.5093555e-05,1.0,-4.4107437e-06,2.3141503e-05,4.3809414e-06,1.0,92,0.278,0,0,0.0,False,-0.26243987752006825,1.0066904492673474
0.28921150392852724,16:09:33.828983,16:08:15.919454,0,,0.12195888,-0.0046514645,0.02918987,0.51530135,0.6502277,-0.55827254,0.18929785,0.54897213,0.81412274,0.8358413,-0.52519846,0.1597994,,0.07066465,-0.015802965,0.03218746,0.049025986,-0.33328375,0.94155097,-0.10778788,0.9354137,0.33672377,-0.9929644,-0.11799607,0.009935573,,0.082985125,1.2897636,0.42730233,0.99165624,0.10045084,-0.08079301,0.018911408,-0.73331785,-0.6796229,-0.12751566,0.6724244,-0.7290989,,-0.11956421,0.25951704,-0.10443961,-0.56690264,-0.55924034,0.60487324,0.7133527,0.03397181,0.69998133,-0.4120064,0.82830924,0.37967688,,-0.08158393,0.43068475,-0.34429485,0.10292463,0.31700307,-0.9428232,-0.8419481,0.5324784,0.08712141,0.52965075,0.78484124,0.32170528,,1.11993527595429,0.5234854478793084,0.20884268932000002,3.1034111635709607,-0.47481183668490556,-1.1161199969419835,-0.4170174008408152,,-1.361896219636618,0.1599069068936927,0.18746297835000003,0.9069090055705677,0.8265141870811493,-0.612952880574653,0.8322380169541528,,-0.07627525163528219,-0.034472434388453,0.0910472212,-0.1089195372335423,,2.0448118e-05,5.185604e-06,-5.6028366e-06,1.0,-2.5093555e-05,-2.3126602e-05,2.5093555e-05,1.0,-4.4107437e-06,2.3141503e-05,4.3809414e-06,1.0,100,0.301,0,0,0.0,False,-0.2622611443645053,1.0069318502712448
0.32631149305962026,16:09:33.864270,16:08:15.919454,0,,0.12189853,-0.004591115,0.02923955,0.49401215,0.6677611,-0.55681866,0.17985886,0.54808336,0.816857,0.8506484,-0.50368613,0.15065706,,0.07066521,-0.015802369,0.03218639,0.049025986,-0.33328375,0.94155097,-0.10778788,0.9354137,0.33672377,-0.9929644,-0.11799607,0.009935573,,0.082985125,1.2897636,0.42730233,0.99165624,0.10045084,-0.08079301,0.018911408,-0.73331785,-0.6796229,-0.12751566,0.6724244,-0.7290989,,-0.119503684,0.25959507,-0.10444081,-0.54772633,-0.57852376,0.6044056,0.71676725,0.048158586,0.6956475,-0.43155593,0.8142426,0.38828918,,-0.08158436,0.43068427,-0.3442937,0.10292463,0.31700307,-0.9428232,-0.8419481,0.5324784,0.08712141,0.52965075,0.78484124,0.32170528,,1.1199507214200384,0.5227363427905086,0.20893213333000002,3.083280928996446,-0.496673676647376,-1.0995183134526647,-0.4158739923778749,,-1.361896219636618,0.1599069068936927,0.18746427464,0.9069090055705677,0.8265141870811493,-0.612952880574653,0.8322380169541528,,-0.07627525163528219,-0.034472434388453,0.0910472212,-0.1089195372335423,,2.0448118e-05,5.185604e-06,-5.6028366e-06,1.0,-2.5093555e-05,-2.3126602e-05,2.5093555e-05,1.0,-4.4107437e-06,2.3141503e-05,4.3809414e-06,1.0,112,0.338,0,0,0.0,False,-0.2623802998015474,1.0069318502712448
0.36159300804138184,16:09:33.894623,16:08:15.919454,0,,0.12183137,-0.004505247,0.02932088,0.46727672,0.6842694,-0.5598461,0.17072737,0.5514739,0.8165345,0.86747026,-0.47712868,0.14086738,,0.070667446,-0.01580526,0.032184064,0.049028665,-0.33334804,0.94152814,-0.10780722,0.9353883,0.33678818,-0.9929621,-0.118015885,0.009923488,,0.082985125,1.2897636,0.42730233,0.99165624,0.10045084,-0.08079301,0.018911408,-0.73331785,-0.6796229,-0.12751566,0.6724244,-0.7290989,,-0.119437054,0.25971344,-0.10444807,-0.5232837,-0.5968758,0.6082051,0.721801,0.06892534,0.68866,-0.45296526,0.7993676,0.39475805,,-0.08158613,0.43068036,-0.3442944,0.102922276,0.3170704,-0.9428008,-0.8419587,0.53245616,0.08715499,0.5296344,0.78482914,0.3217618,,1.1199275532214157,0.5220721877633253,0.20902805879000003,3.0566503061739114,-0.5205850641063281,-1.083940759832538,-0.4158739923778749,,-1.361896219636618,0.15988373869507003,0.18746557093000002,0.9069090055705677,0.8265141870811493,-0.6128712018345125,0.8320746728880186,,-0.07627525163528219,-0.034472434388453,0.0910472212,-0.1089195372335423,,2.0448118e-05,5.185604e-06,-5.6028366e-06,1.0,-2.5093555e-05,-2.3126602e-05,2.5093555e-05,1.0,-4.4107437e-06,2.3141503e-05,4.3809414e-06,1.0,123,0.372,0,0,0.0,False,-0.26249945523859,1.006738729468127
0.39195110090076923,16:09:33.927111,16:08:15.919454,0,,0.12174936,-0.0044281557,0.02941309,0.44057953,0.7001576,-0.5618443,0.1616286,0.5537663,0.8168347,0.88304347,-0.45069084,0.13081262,,0.07066907,-0.015805975,0.032182813,0.049153075,-0.33363086,0.94142145,-0.10789883,0.9352709,0.33708474,-0.992946,-0.118147016,0.009973049,,0.082985125,1.2897636,0.42730233,0.99165624,0.10045084,-0.08079301,0.018911408,-0.73331785,-0.6796229,-0.12751566,0.6724244,-0.7290989,,-0.11935726,0.25983295,-0.10447086,-0.49877223,-0.61468744,0.6110529,0.72599655,0.088815674,0.681939,-0.4734504,0.7837545,0.40196213,,-0.081587516,0.43067873,-0.34429407,0.10279985,0.3173732,-0.9427123,-0.84201986,0.53232074,0.08739126,0.5295609,0.7847986,0.32195702,,1.1199121077556673,0.5214312009347647,0.20910972506000003,3.0298099934078926,-0.5436766325666875,-1.0668263876507944,-0.41701740084081473,,-1.3619039423694923,0.15986829322932158,0.18746686722000003,0.9066993156270834,0.8265141870811493,-0.6127078443542313,0.8320746728880184,,-0.07627525163528219,-0.034472434388453,0.0910472212,-0.1089195372335423,,2.0448118e-05,5.185604e-06,-5.6028366e-06,1.0,-2.5093555e-05,-2.3126602e-05,2.5093555e-05,1.0,-4.4107437e-06,2.3141503e-05,4.3809414e-06,1.0,131,0.396,0,0,0.0,False,-0.2623802998015474,1.006545608665009
0.42445856099948287,16:09:33.949057,16:08:15.919454,0,,0.12165509,-0.0043622926,0.029442742,0.41974846,0.7113419,-0.56374085,0.15597948,0.55533195,0.8168701,0.8941374,-0.43081206,0.12214497,,0.07067245,-0.015807882,0.03218007,0.049039185,-0.3336367,0.9414252,-0.107830554,0.93528175,0.33707646,-0.99295914,-0.11804438,0.009889215,,0.082985125,1.2897636,0.42730233,0.99165624,0.10045084,-0.08079301,0.018911408,-0.73331785,-0.6796229,-0.12751566,0.6724244,-0.7290989,,-0.119260944,0.25990117,-0.10445776,-0.47944507,-0.6273355,0.6136633,0.72958964,0.1036578,0.6759837,-0.48767954,0.7718195,0.40799925,,-0.081590384,0.43067494,-0.34429365,0.102912165,0.31736338,-0.9427033,-0.8419722,0.5324077,0.08732072,0.5296149,0.7847436,0.32200235,,1.119904385022793,0.5208288277705752,0.20920046536000003,3.008002239285502,-0.559936376038775,-1.052832548449655,-0.41718074490694934,,-1.3619039423694923,0.1598528477635731,0.18746945980000002,0.9069090055705677,0.8265141870811493,-0.6125444868739502,0.832401361020287,,-0.07627525163528219,-0.034472434388453,0.0910472212,-0.1089195372335423,,2.0448118e-05,5.185604e-06,-5.6028366e-06,1.0,-2.5093555e-05,-2.3126602e-05,2.5093555e-05,1.0,-4.4107437e-06,2.3141503e-05,4.3809414e-06,1.0,139,0.421,0,0,0.0,False,-0.2623802998015474,1.006545608665009
0.4463995979167521,16:09:33.976462,16:08:15.919454,0,,0.12161052,-0.0043251514,0.029463187,0.40825948,0.7200217,-0.56115305,0.14922687,0.55380684,0.8191637,0.9005862,-0.41817057,0.11865032,,0.07067295,-0.015808925,0.032180846,0.04911911,-0.33360842,0.9414311,-0.10772577,0.93530095,0.3370567,-0.99296653,-0.117972344,0.010002911,,0.082985125,1.2897636,0.42730233,0.99165624,0.10045084,-0.08079301,0.018911408,-0.73331785,-0.6796229,-0.12751566,0.6724244,-0.7290989,,-0.119215466,0.2599422,-0.10445207,-0.4690972,-0.63713264,0.6115634,0.7291678,0.11127079,0.6752282,-0.49825907,0.76268,0.4123798,,-0.081590965,0.43067485,-0.34429494,0.102830924,0.31732404,-0.9427254,-0.8419241,0.5324714,0.087395705,0.52970713,0.78471625,0.32191727,,1.1198889395570446,0.520411800195367,0.20926527986000001,2.9975177421112758,-0.5722336610176646,-1.0425599008965556,-0.4173440889730837,,-1.3619039423694923,0.1598451250306989,0.18746945980000002,0.9069090055705677,0.8266508235809147,-0.6125742260375062,0.8322380169541528,,-0.07627525163528219,-0.034472434388453,0.0910472212,-0.1089195372335423,,2.0448118e-05,5.185604e-06,-5.6028366e-06,1.0,-2.5093555e-05,-2.3126602e-05,2.5093555e-05,1.0,-4.4107437e-06,2.3141503e-05,4.3809414e-06,1.0,147,0.445,0,0,0.0,False,-0.2630356547052788,1.0070284106728038
0.47380786295980215,16:09:33.999599,16:08:16.280594,0,,0.121507734,-0.0042310357,0.0294822,0.38271874,0.7308688,-0.56511676,0.14133069,0.55817103,0.8176005,0.9129907,-0.39277947,0.11032829,,0.07067406,-0.015809491,0.032179415,0.049119998,-0.33360422,0.94143254,-0.10773224,0.93530166,0.3370527,-0.9929658,-0.11797866,0.010002077,,0.082985125,1.2897636,0.42730233,0.99165624,0.10045084,-0.08079301,0.018911408,-0.73331785,-0.6796229,-0.12751566,0.6724244,-0.7290989,,-0.11910759,0.26002353,-0.104412936,-0.4453762,-0.6496871,0.6160736,0.73204494,0.13194317,0.6683571,-0.5155097,0.7486639,0.4168358,,-0.08159184,0.43067324,-0.3442944,0.102830134,0.3173208,-0.9427266,-0.8419276,0.5324664,0.0873924,0.5297017,0.78472096,0.32191473,,1.119765375831057,0.5197476451681837,0.20940398289000003,2.9708871192887414,-0.5921825899834189,-1.0282531767202516,-0.4176707771053523,,-1.3619039423694923,0.15983740229782467,0.18747075609000002,0.9069090055705677,0.8266508235809147,-0.6125742260375062,0.8322380169541528,,-0.07627525163528219,-0.034472434388453,0.0910472212,-0.1089195372335423,,2.0448118e-05,5.185604e-06,-5.6028366e-06,1.0,-2.5093555e-05,-2.3126602e-05,2.5093555e-05,1.0,-4.4107437e-06,2.3141503e-05,4.3809414e-06,1.0,155,0.469,0,0,0.0,False,-0.2621419889274632,1.007269811676701
0.49691749596968293,16:09:34.029814,16:08:16.280594,0,,0.12143025,-0.0041574314,0.0295095,0.35855976,0.74236435,-0.56597704,0.13142985,0.5601065,0.8179283,0.9242084,-0.36766255,0.10326278,,0.07067299,-0.01580973,0.03217864,0.049113024,-0.33360633,0.9414322,-0.10773462,0.935301,0.33705404,-0.9929658,-0.11797866,0.009994477,,0.082985125,1.2897636,0.42730233,0.99165624,0.10045084,-0.08079301,0.018911408,-0.73331785,-0.6796229,-0.12751566,0.6724244,-0.7290989,,-0.11902712,0.26009572,-0.10439094,-0.42308542,-0.66305256,0.6175435,0.7326508,0.15066826,0.66371816,-0.53312427,0.73325324,0.4220405,,-0.081590645,0.43067262,-0.34429416,0.102837116,0.31732294,-0.9427251,-0.8419282,0.5324663,0.0873874,0.5296994,0.78472024,0.32192042,,1.1195105256462077,0.5191298265382458,0.20953101931,2.946563085844536,-0.6128147014480004,-1.0122458606634974,-0.4176707771053523,,-1.361896219636618,0.15983740229782467,0.18747075609000002,0.9069090055705677,0.8266508235809147,-0.6125742260375062,0.8322380169541528,,-0.07627525163528219,-0.034472434388453,0.0910472212,-0.1089195372335423,,2.0448118e-05,5.185604e-06,-5.6028366e-06,1.0,-2.5093555e-05,-2.3126602e-05,2.5093555e-05,1.0,-4.4107437e-06,2.3141503e-05,4.3809414e-06,1.0,170,0.515,0,0,0.0,False,-0.2621419889274632,1.006642169066568
0.5270671430043876,16:09:34.068543,16:08:16.280594,0,,0.121395454,-0.0040816963,0.02947931,0.34027857,0.7510481,-0.56580657,0.12391722,0.56065035,0.81872797,0.9321239,-0.3487089,0.09770951,,0.07067354,-0.015809104,0.032177627,0.049113024,-0.33360633,0.9414322,-0.10773462,0.935301,0.33705404,-0.9929658,-0.11797866,0.009994477,,0.082985125,1.2897636,0.42730233,0.99165624,0.10045084,-0.08079301,0.018911408,-0.73331785,-0.6796229,-0.12751566,0.6724244,-0.7290989,,-0.118984126,0.26012972,-0.10432128,-0.4061717,-0.67321897,0.6179003,0.7326989,0.16413526,0.6604634,-0.5460557,0.72099644,0.4265997,,-0.08159107,0.43067217,-0.34429303,0.102837116,0.31732294,-0.9427251,-0.8419282,0.5324663,0.0873874,0.5296994,0.78472024,0.32192042,,1.1191321117353705,0.518689630764415,0.20968009266,2.928110370817898,-0.6281179894217297,-0.9990319467882335,-0.41750743303921767,,-1.361896219636618,0.15983740229782467,0.18747205238000003,0.9069090055705677,0.8266508235809147,-0.6125742260375062,0.8322380169541528,,-0.07627525163528219,-0.034472434388453,0.0910472212,-0.1089195372335423,,2.0448118e-05,5.185604e-06,-5.6028366e-06,1.0,-2.5093555e-05,-2.3126602e-05,2.5093555e-05,1.0,-4.4107437e-06,2.3141503e-05,4.3809414e-06,1.0,178,0.54,0,0,0.0,False,-0.2617249448978165,1.0063524878618912
0.565875822911039,16:09:34.097558,16:08:16.280594,0,,0.12137431,-0.0039835647,0.02939035,0.32320946,0.7564465,-0.56861603,0.11914089,0.5635584,0.81743944,0.9387977,-0.33194965,0.09202376,,0.07067523,-0.01581265,0.032176316,0.049115717,-0.33374757,0.941382,-0.10775393,0.9352479,0.33719486,-0.9929637,-0.117999196,0.009972736,,0.082985125,1.2897636,0.42730233,0.99165624,0.10045084,-0.08079301,0.018911408,-0.73331785,-0.6796229,-0.12751566,0.6724244,-0.7290989,,-0.11894803,0.26013935,-0.104192466,-0.3901447,-0.67975366,0.62106526,0.7338684,0.17780171,0.6556094,-0.5560794,0.7115627,0.42948133,,-0.081592426,0.4306687,-0.34429488,0.10283475,0.31746727,-0.9426768,-0.8419388,0.5324369,0.08746447,0.52968305,0.78468174,0.32204103,,1.1186455795642944,0.5183343850522006,0.20987194358000003,2.9098673457347446,-0.640005364901323,-0.9892569104265041,-0.4176707771053523,,-1.361896219636618,0.159814234099202,0.18747205238000003,0.9069090055705677,0.8266508235809147,-0.6124108685572252,0.8319113288218842,,-0.07627525163528219,-0.034472434388453,0.0910472212,-0.1089195372335423,,2.0448118e-05,5.185604e-06,-5.6028366e-06,1.0,-2.5093555e-05,-2.3126602e-05,2.5093555e-05,1.0,-4.4107437e-06,2.3141503e-05,4.3809414e-06,1.0,186,0.563,0,0,0.0,False,-0.2623802998015474,1.006545608665009
0.5949036919046193,16:09:34.120628,16:08:16.280594,0,,0.12137249,-0.003827922,0.029304937,0.30050352,0.7636483,-0.57143575,0.11125049,0.5669735,0.8161889,0.9472703,-0.30884022,0.085421264,,0.0706764,-0.01581575,0.032173157,0.04911141,-0.33381402,0.9413586,-0.10777572,0.9352218,0.33726057,-0.9929614,-0.118018895,0.009953007,,0.082985125,1.2897636,0.42730233,0.99165624,0.10045084,-0.08079301,0.018911408,-0.73331785,-0.6796229,-0.12751566,0.6724244,-0.7290989,,-0.118926935,0.260193,-0.10402454,-0.3689112,-0.6885704,0.6243199,0.7340326,0.1962165,0.6501502,-0.57017606,0.6981188,0.43304664,,-0.081593014,0.4306642,-0.34429532,0.10283937,0.3175367,-0.9426529,-0.84194994,0.53241456,0.08749303,0.52966434,0.78466886,0.3221032,,1.1180123154686081,0.5180949803330996,0.21012860900000002,2.885962692177509,-0.6566750178727068,-0.9757456049156813,-0.4171807449069491,,-1.361888496903744,0.15979106590057934,0.18747334867,0.9069090055705677,0.8266508235809147,-0.6123291898170845,0.8320746728880186,,-0.07627525163528219,-0.034472434388453,0.0910472212,-0.1089195372335423,,2.0448118e-05,5.185604e-06,-5.6028366e-06,1.0,-2.5093555e-05,-2.3126602e-05,2.5093555e-05,1.0,-4.4107437e-06,2.3141503e-05,4.3809414e-06,1.0,194,0.588,0,0,0.0,False,-0.2618441003348577,1.0076077730821573
0.6178924760315567,16:09:34.148191,16:08:16.415166,0,,0.121405646,-0.0037476271,0.029236779,0.29263043,0.76634234,-0.571915,0.107994854,0.5677832,0.81606334,0.9501077,-0.3005689,0.08338958,,0.07067861,-0.01581873,0.032173634,0.049076613,-0.33402643,0.94128513,-0.10759622,0.9351684,0.3374657,-0.99298275,-0.11784038,0.009954914,,0.082985125,1.2897636,0.42730233,0.99165624,0.10045084,-0.08079301,0.018911408,-0.73331785,-0.6796229,-0.12751566,0.6724244,-0.7290989,,-0.11894791,0.26020402,-0.10391669,-0.3615809,-0.69187397,0.6249557,0.7336441,0.20250872,0.6486575,-0.5753482,0.6930373,0.434366,,-0.08159517,0.43066242,-0.34429783,0.10287118,0.31772175,-0.9425871,-0.84185064,0.5325488,0.08763134,0.52981603,0.7845028,0.32225817,,1.117633901557771,0.5180795348673513,0.21026860832000002,2.8779944743250967,-0.6628236603621516,-0.9708134779894828,-0.41701740084081496,,-1.361888496903744,0.15977562043483087,0.18747334867,0.9071186955140523,0.8267874600806802,-0.6119505352799376,0.8330547372848243,,-0.07627525163528219,-0.034472434388453,0.0910472212,-0.1089195372335423,,2.0448118e-05,5.185604e-06,-5.6028366e-06,1.0,-2.5093555e-05,-2.3126602e-05,2.5093555e-05,1.0,-4.4107437e-06,2.3141503e-05,4.3809414e-06,1.0,202,0.613,0,0,0.0,False,-0.2621419889274632,1.0080422948891723
0.6455231909640133,16:09:34.172247,16:08:16.415166,0,,0.121467516,-0.0035984889,0.02916582,0.27756482,0.7733293,-0.570017,0.098695666,0.5672382,0.8176185,0.95562387,-0.2832004,0.08112109,,0.07067917,-0.015819952,0.032173216,0.049077496,-0.33402222,0.94128656,-0.1076026,0.93516916,0.33746168,-0.9929819,-0.11784667,0.009954095,,0.082985125,1.2897636,0.42730233,0.99165624,0.10045084,-0.08079301,0.018911408,-0.73331785,-0.6796229,-0.12751566,0.6724244,-0.7290989,,-0.11899181,0.26026288,-0.10375633,-0.34780097,-0.7003075,0.623381,0.73073983,0.21409558,0.64821476,-0.5874128,0.6809791,0.43727994,,-0.08159562,0.43066126,-0.34429845,0.1028704,0.31771854,-0.94258827,-0.84185416,0.5325438,0.08762803,0.52981055,0.7845075,0.32225564,,1.1170315283935814,0.518102703065974,0.21050582939,2.863735558168149,-0.6773071293372883,-0.9591665376779432,-0.4173440889730835,,-1.361888496903744,0.15976789770195665,0.18747334867,0.9071186955140523,0.8267874600806802,-0.6119505352799376,0.8330547372848243,,-0.07627525163528219,-0.034472434388453,0.0910472212,-0.1089195372335423,,2.0448118e-05,5.185604e-06,-5.6028366e-06,1.0,-2.5093555e-05,-2.3126602e-05,2.5093555e-05,1.0,-4.4107437e-06,2.3141503e-05,4.3809414e-06,1.0,213,0.646,0,0,0.0,False,-0.26243987752006825,1.0077526136844954
0.6695641649421304,16:09:34.203341,16:08:16.415166,0,,0.12152447,-0.0034862086,0.029112145,0.2675991,0.7750228,-0.5724773,0.09088054,0.5711948,0.81576777,0.9592348,-0.2703258,0.08241677,,0.07068413,-0.01582782,0.032172084,0.049169775,-0.3338897,0.9413287,-0.10753405,0.93522084,0.33734024,-0.9929848,-0.11781183,0.010080054,,0.082985125,1.2897636,0.42730233,0.99165624,0.10045084,-0.08079301,0.018911408,-0.73331785,-0.6796229,-0.12751566,0.6724244,-0.7290989,,-0.11903513,0.26030698,-0.10363423,-0.3388125,-0.7027554,0.6255725,0.7275886,0.22584344,0.6477728,-0.59650725,0.6746329,0.43479824,,-0.08160011,0.43065488,-0.3443036,0.10277744,0.3175807,-0.94264483,-0.8418266,0.5325846,0.08764469,0.5298724,0.7845356,0.3220856,,1.1165836098868764,0.518141316730345,0.21068730999000002,2.854928580541799,-0.688374685818289,-0.957084380390481,-0.41750743303921767,,-1.361896219636618,0.15971383857183707,0.18747334867,0.9071186955140523,0.8269240965804455,-0.612061953183634,0.8330547372848243,,-0.07627525163528219,-0.034472434388453,0.0910472212,-0.1089195372335423,,2.0448118e-05,5.185604e-06,-5.6028366e-06,1.0,-2.5093555e-05,-2.3126602e-05,2.5093555e-05,1.0,-4.4107437e-06,2.3141503e-05,4.3809414e-06,1.0,221,0.671,0,0,0.0,False,-0.26255903295711036,1.0076077730821573
0.7006569269578904,16:09:34.229876,16:08:16.415166,0,,0.121519044,-0.0034038872,0.029128656,0.25663972,0.77798504,-0.57347643,0.08611187,0.57258415,0.81531096,0.9626634,-0.25862443,0.07995406,,0.070686385,-0.015832469,0.032170296,0.049173336,-0.33394983,0.94130725,-0.10755977,0.93519616,0.33740062,-0.9929818,-0.117837906,0.01006712,,0.082985125,1.2897636,0.42730233,0.99165624,0.10045084,-0.08079301,0.018911408,-0.73331785,-0.6796229,-0.12751566,0.6724244,-0.7290989,,-0.11902469,0.26037797,-0.10359026,-0.32858372,-0.7065664,0.6267349,0.7265169,0.23492251,0.6457434,-0.60349476,0.6675143,0.43614072,,-0.08160192,0.4306503,-0.34430602,0.10277429,0.3176448,-0.9426236,-0.8418407,0.53255737,0.08767496,0.5298506,0.7845282,0.32213953,,1.1164137097636435,0.5182108213262131,0.21077805029000002,2.8431859437066658,-0.6967095123039809,-0.9500428520445774,-0.4166907127085462,,-1.361896219636618,0.1596829476403402,0.18747334867,0.9071186955140523,0.8269240965804455,-0.6119802744434935,0.8328913932186899,,-0.07627525163528219,-0.034472434388453,0.0910472212,-0.1089195372335423,,2.0448118e-05,5.185604e-06,-5.6028366e-06,1.0,-2.5093555e-05,-2.3126602e-05,2.5093555e-05,1.0,-4.4107437e-06,2.3141503e-05,4.3809414e-06,1.0,233,0.707,0,0,0.0,False,-0.2626781883941529,1.0078974542868337
0.7271866430528462,16:09:34.263444,16:08:16.415166,0,,0.121501446,-0.003242232,0.029221877,0.23536173,0.78695565,-0.5703557,0.07145691,0.57124174,0.81766534,0.96927744,-0.23320305,0.07821503,,0.07069482,-0.015848294,0.032163024,0.04918582,-0.33419865,0.9412182,-0.1076498,0.93509567,0.3376502,-0.9929714,-0.11792952,0.0100170225,,0.082985125,1.2897636,0.42730233,0.99165624,0.10045084,-0.08079301,0.018911408,-0.73331785,-0.6796229,-0.12751566,0.6724244,-0.7290989,,-0.11900236,0.26055932,-0.1035484,-0.30914214,-0.71770495,0.6239638,0.720502,0.2514888,0.64624316,-0.6207318,0.64934814,0.43936208,,-0.08160867,0.43063375,-0.3443134,0.102763295,0.3179076,-0.9425362,-0.84189004,0.53245836,0.08780263,0.52977437,0.7844889,0.3223604,,1.1162360869075365,0.5183421077850748,0.21094008654000002,2.822007259414729,-0.7177515332678587,-0.9321493862140635,-0.4178341211714862,,-1.361896219636618,0.15957482938010104,0.18747464496000002,0.9071186955140523,0.8269240965804455,-0.6116535594829311,0.8328913932186899,,-0.07627525163528219,-0.034472434388453,0.0910472212,-0.1089195372335423,,2.0448118e-05,5.185604e-06,-5.6028366e-06,1.0,-2.5093555e-05,-2.3126602e-05,2.5093555e-05,1.0,-4.4107437e-06,2.3141503e-05,4.3809414e-06,1.0,245,0.744,0,0,0.0,False,-0.26351227645344677,1.0076077730821573
0.7607128259260207,16:09:34.299607,16:08:16.415166,0,,0.12144469,-0.0031025708,0.029320344,0.21730332,0.7931817,-0.56889534,0.058967084,0.5710906,0.81876636,0.97432137,-0.21146679,0.077328265,,0.07070497,-0.015867874,0.03215611,0.049084496,-0.33445334,0.9411331,-0.10767144,0.935006,0.3378915,-0.99297416,-0.1179184,0.009883225,,0.082985125,1.2897636,0.42730233,0.99165624,0.10045084,-0.08079301,0.018911408,-0.73331785,-0.6796229,-0.12751566,0.6724244,-0.7290989,,-0.11894328,0.2607284,-0.10352988,-0.29259884,-0.7257164,0.622673,0.7149664,0.26637635,0.6464261,-0.63498735,0.6343338,0.44092146,,-0.08161703,0.43061486,-0.3443238,0.102864526,0.3181605,-0.9424398,-0.84189165,0.5324464,0.087859854,0.5297522,0.7843945,0.3226265,,1.1162824233047817,0.5184193351138171,0.21106323409000002,2.8033448544446062,-0.7353776417376005,-0.9177764766372251,-0.41750743303921767,,-1.361896219636618,0.15945126565411344,0.18747464496000002,0.9073283854575369,0.8269240965804455,-0.6111634870420877,0.8328913932186899,,-0.07627525163528219,-0.034472434388453,0.0910472212,-0.1089195372335423,,2.0448118e-05,5.185604e-06,-5.6028366e-06,1.0,-2.5093555e-05,-2.3126602e-05,2.5093555e-05,1.0,-4.4107437e-06,2.3141503e-05,4.3809414e-06,1.0,260,0.79,0,0,0.0,False,-0.2621419889274632,1.0074146522790395
0.7969459758605808,16:09:34.342358,16:08:16.415166,0,,0.121301904,-0.0028565675,0.029481307,0.18456508,0.799501,-0.57160634,0.042905003,0.57448924,0.81738687,0.98188335,-0.17538589,0.07172808,,0.070727855,-0.015902326,0.032145023,0.049023528,-0.33464074,0.9410697,-0.107773334,0.93492925,0.33807147,-0.9929662,-0.11799568,0.009768173,,0.082985125,1.2897636,0.42730233,0.99165624,0.10045084,-0.08079301,0.018911408,-0.73331785,-0.6796229,-0.12751566,0.6724244,-0.7290989,,-0.11879565,0.26101765,-0.103493184,-0.26196125,-0.73474044,0.62572587,0.70860034,0.29373384,0.64156526,-0.65518075,0.6114548,0.44369042,,-0.08163689,0.43058184,-0.34434253,0.10292685,0.31835967,-0.94236577,-0.84194005,0.5323647,0.08789072,0.52966315,0.7843692,0.32283437,,1.1164214324965178,0.5186973534972892,0.21125638130000002,2.7653909746739074,-0.7603821211946761,-0.894038171915017,-0.41636402457627786,,-1.361927110568115,0.15921958366788672,0.18747594125000003,0.9075380754010215,0.8269240965804455,-0.6106734146012445,0.8332180813509584,,-0.07627525163528219,-0.034472434388453,0.0910472212,-0.1089195372335423,,2.0448118e-05,5.185604e-06,-5.6028366e-06,1.0,-2.5093555e-05,-2.3126602e-05,2.5093555e-05,1.0,-4.4107437e-06,2.3141503e-05,4.3809414e-06,1.0,272,0.827,0,0,0.0,False,-0.2632143878608417,1.008428536495408
0.8397041680291295,16:09:34.380085,16:08:16.640304,0,,0.12122582,-0.0027161762,0.029518887,0.16831559,0.80111897,-0.57435024,0.036625534,0.5771781,0.8157965,0.9850525,-0.15834719,0.06780666,,0.07074498,-0.015917048,0.03213966,0.04903532,-0.3348646,0.9409894,-0.10766521,0.93486106,0.33829427,-0.99297726,-0.11790022,0.009787917,,0.082985125,1.2897636,0.42730233,0.99165624,0.10045084,-0.08079301,0.018911408,-0.73331785,-0.6796229,-0.12751566,0.6724244,-0.7290989,,-0.11871224,0.26114526,-0.1034326,-0.24657336,-0.7375599,0.6286549,0.70626223,0.30743882,0.63771075,-0.6636228,0.6012377,0.44510448,,-0.081652544,0.43056625,-0.34434962,0.102913395,0.31856892,-0.9422965,-0.8418835,0.5324271,0.0880547,0.52975565,0.78424186,0.3229918,,1.1164368779622662,0.5188440854218994,0.21138082514000003,2.746099499873331,-0.7706298586770841,-0.8829864307131469,-0.417834121171486,,-1.361965724232486,0.15910374267477334,0.18748112641000003,0.907747765344506,0.827060733080211,-0.6102130813239568,0.8340348016816299,,-0.07627525163528219,-0.034472434388453,0.0910472212,-0.1089195372335423,,2.0448118e-05,5.185604e-06,-5.6028366e-06,1.0,-2.5093555e-05,-2.3126602e-05,2.5093555e-05,1.0,-4.4107437e-06,2.3141503e-05,4.3809414e-06,1.0,280,0.85,0,0,0.0,False,-0.2634526987349264,1.009345860310218
0.8774059128481895,16:09:34.406373,16:08:16.640304,0,,0.121135324,-0.002533123,0.029608086,0.14558677,0.80534697,-0.57464826,0.02124381,0.57815814,0.81564796,0.9891174,-0.13095534,0.06706351,,0.0708031,-0.015928969,0.03211981,0.04907777,-0.3354441,0.9407808,-0.107732505,0.9346427,0.33887562,-0.99296784,-0.11798397,0.009731919,,0.082985125,1.2897636,0.42730233,0.99165624,0.10045084,-0.08079301,0.018911408,-0.73331785,-0.6796229,-0.12751566,0.6724244,-0.7290989,,-0.11861548,0.26133937,-0.10338151,-0.2255345,-0.74397004,0.62900144,0.69796354,0.32705095,0.6370907,-0.6796919,0.582706,0.44550267,,-0.08170666,0.43053558,-0.3443429,0.102872185,0.31916112,-0.9421006,-0.8419236,0.5323065,0.08839927,0.52969986,0.7840829,0.3234688,,1.1163982642978951,0.5190062628122581,0.21156360203000002,2.7203076368247343,-0.7912619701416657,-0.8651005036331599,-0.41701740084081496,,-1.3619888924311088,0.15899562441453421,0.18748760786000002,0.907747765344506,0.827060733080211,-0.6095596514028323,0.8350148660784356,,-0.07627525163528219,-0.034472434388453,0.0910472212,-0.1089195372335423,,2.0448118e-05,5.185604e-06,-5.6028366e-06,1.0,-2.5093555e-05,-2.3126602e-05,2.5093555e-05,1.0,-4.4107437e-06,2.3141503e-05,4.3809414e-06,1.0,288,0.875,0,0,0.0,False,-0.2632143878608417,1.0091527395071
0.9037041920237243,16:09:34.433037,16:08:16.640304,0,,0.12104159,-0.0023422241,0.029674932,0.12040286,0.8068546,-0.57835007,0.007686734,0.58181316,0.8132862,0.99269533,-0.10236764,0.063849896,,0.070817634,-0.015936686,0.03211248,0.04903442,-0.335331,0.9408233,-0.10739982,0.93472475,0.33875486,-0.9930059,-0.11765504,0.009819165,,0.082979865,1.2897632,0.42729858,0.9916557,0.10047161,-0.08077377,0.018939486,-0.733315,-0.6796252,-0.12751566,0.6724244,-0.7290989,,-0.11851172,0.26152447,-0.103314124,-0.20187448,-0.7475864,0.63274103,0.69065,0.3494094,0.633179,-0.6944417,0.5648253,0.44578373,,-0.08171729,0.43052557,-0.3443469,0.10291736,0.31897175,-0.9421598,-0.8417414,0.53260016,0.0883657,0.5299806,0.7839605,0.32330555,,1.1163364824349014,0.5191916084012396,0.21175415666000003,2.6894832151325097,-0.8102544436090618,-0.8469996953348593,-0.4173440889730835,,-1.3620043378968572,0.1589261198186662,0.18749279302000002,0.9081671452314749,0.827334006079742,-0.6093740935095224,0.8348515220123013,,-0.07627525163528219,-0.034472434388453,0.0910472212,-0.1089195372335423,,1.5705824e-05,2.3841858e-06,-2.1457672e-06,1.0,-4.440546e-06,-4.0903687e-06,4.4479966e-06,1.0,-7.4505806e-07,4.10527e-06,7.748604e-07,1.0,296,0.899,0,0,0.0,False,-0.262797343831195,1.0089596187039818
0.9303541840054095,16:09:34.452574,16:08:16.640304,0,,0.12101181,-0.0022134557,0.029688045,0.10955893,0.8085717,-0.57810783,-0.0010508001,0.5817028,0.81340075,0.9939797,-0.08850786,0.06458035,,0.07082698,-0.015950305,0.03211081,0.049174283,-0.33514345,0.94088274,-0.107060164,0.9348265,0.33858156,-0.99303573,-0.11738062,0.010088891,,0.082979865,1.2897632,0.42729858,0.9916557,0.10047161,-0.08077377,0.018939486,-0.733315,-0.6796252,-0.12751566,0.6724244,-0.7290989,,-0.11847317,0.26162672,-0.103238635,-0.19189116,-0.75045776,0.6324484,0.6852266,0.3588946,0.6337658,-0.7025968,0.5549845,0.44536495,,-0.08172583,0.43051454,-0.34435594,0.102772675,0.31874228,-0.94225323,-0.8415736,0.5328498,0.088459216,0.5302751,0.7838842,0.32300746,,1.1162747005719076,0.5193615085244725,0.21190063743,2.676901818523438,-0.8210487270905317,-0.8377076085019987,-0.4173440889730837,,-1.3620120606297315,0.15883344702417548,0.18749408931000003,0.9083768351749595,0.8277439155790383,-0.6093816322600494,0.8345248338800326,,-0.07627525163528219,-0.034472434388453,0.0910472212,-0.1089195372335423,,1.5705824e-05,2.3841858e-06,-2.1457672e-06,1.0,-4.440546e-06,-4.0903687e-06,4.4479966e-06,1.0,-7.4505806e-07,4.10527e-06,7.748604e-07,1.0,307,0.933,0,0,0.0,False,-0.2621419889274632,1.0081871354915106
0.9499084178823978,16:09:34.482590,16:08:16.640304,0,,0.120979756,-0.002092868,0.029709592,0.09799161,0.80986947,-0.5783675,-0.009049386,0.58186567,0.81323457,0.9951461,-0.074456275,0.06434679,,0.07084209,-0.015974117,0.03209883,0.049200904,-0.33589435,0.94061357,-0.1071991,0.93453836,0.33933216,-0.99301934,-0.1175285,0.009972513,,0.082979865,1.2897632,0.42729858,0.9916557,0.10047161,-0.08077377,0.018939486,-0.733315,-0.6796252,-0.12751566,0.6724244,-0.7290989,,-0.11843372,0.26172888,-0.10317507,-0.18112165,-0.7529072,0.6327129,0.68025726,0.36871028,0.63348466,-0.7102429,0.54514533,0.44538918,,-0.08173822,0.4304885,-0.34436622,0.10274839,0.31951568,-0.9419939,-0.8416505,0.5326599,0.08886995,0.5301577,0.7836984,0.32365048,,1.1161743050445425,0.5195777450449508,0.21203156272,2.662852592309975,-0.8311598280731742,-0.8277474300855118,-0.4178341211714862,,-1.3620197833626058,0.15866354690094256,0.18749797818000002,0.9083768351749595,0.8277439155790383,-0.6084831661185032,0.8333814254170928,,-0.07627525163528219,-0.034472434388453,0.0910472212,-0.1089195372335423,,1.5705824e-05,2.3841858e-06,-2.1457672e-06,1.0,-4.440546e-06,-4.0903687e-06,4.4479966e-06,1.0,-7.4505806e-07,4.10527e-06,7.748604e-07,1.0,315,0.958,0,0,0.0,False,-0.2617249448978165,1.0091527395071
