Task Time,PC1 Time,PC2 Time,Gaze Calib,s_T_psm1,Tx,Ty,Tz,R00,R01,R02,R10,R11,R12,R20,R21,R22,s_T_psm3,Tx,Ty,Tz,R00,R01,R02,R10,R11,R12,R20,R21,R22,cart_T_ecm,Tx,Ty,Tz,R00,R01,R02,R10,R11,R12,R20,R21,R22,ecm_T_psm1,Tx,Ty,Tz,R00,R01,R02,R10,R11,R12,R20,R21,R22,ecm_T_psm3,Tx,Ty,Tz,R00,R01,R02,R10,R11,R12,R20,R21,R22,psm1_joints,q1,q2,q3,q4,q5,q6,jaw,psm3_joints,q1,q2,q3,q4,q5,q6,jaw,ecm_joints,q1,q2,q3,q4,ecmi_T_ecm,Tx,Ty,Tz,R00,R01,R02,R10,R11,R12,R20,R21,R22,Sample #,Task Duration (s),Collisions (binary),Collisions (increments),Cumulative Collision Time (s),Clutch Press,MTMR Angle,MTML Angle
""
lci_T_si,,,,,-0.050445605,0.031140205,0.20799266,0.9865919,-0.013161347,0.16267522,0.100886725,-0.734317,-0.67126775,0.12828997,0.67867905,-0.7231434
rci_T_si,,,,,-0.059559833,0.035046782,0.21627636,0.9849687,-0.028336054,0.17039265,0.097400196,-0.72355855,-0.6833566,0.14265269,0.6896812,-0.7099226
ecm_T_lc,,,,,-4.4061628e-05,-0.00034663224,-0.01840835,-0.99912,0.030754527,0.028518902,-0.031987965,-0.99852574,-0.043852776,0.027128186,-0.04472645,0.9986309
ecm_T_rc,,,,,-0.0043358393,0.01870579,-0.007592615,-0.99555075,-0.052743673,-0.078081585,0.04863213,-0.9973746,0.053654674,-0.08070653,0.04961868,0.9955021
cart_T_ecmi,,,,,0.08296387,1.2897631,0.42729735,0.9916556,0.10047608,-0.08076963,0.018945528,-0.7333144,-0.6796257,-0.12751566,0.6724244,-0.7290989
ecmac_T_ecmrep_psm1,,,,,0.022898523,-0.26913688,-0.29720387,0.9902475,0.13300471,0.041468147,-0.1315095,0.99062705,-0.036922794,-0.045990374,0.031109251,0.9984574
ecmac_T_ecmrep_psm3,,,,,0.02078248,-0.4666591,-0.5231304,0.997355,0.0035024614,0.07259993,-0.011652398,0.993624,0.11214125,-0.07174426,-0.1126906,0.99103665
""
0,16:10:52.876361,16:09:35.061210,0,,0.12916131,-0.0033666044,0.015325695,0.97283703,-0.051476434,-0.2256949,0.22378322,0.45861518,0.859996,0.059237555,-0.8871428,0.45767745,,0.08667712,-0.012325267,0.022738993,-0.20666863,-0.6047505,0.7691323,-0.7679057,0.58739483,0.2555156,-0.6063077,-0.5378141,-0.58578753,,0.08295776,1.2897642,0.42729595,0.99165565,0.10047324,-0.08077226,0.01894169,-0.73331475,-0.6796254,-0.12751566,0.6724244,-0.7290989,,-0.12543918,0.25087392,-0.09277851,-0.9539303,0.16100286,0.25317004,0.20171776,-0.2804726,0.9384269,0.22209668,0.9462628,0.23507416,,-0.09608951,0.42333844,-0.33467877,0.3192048,0.6589744,-0.6810734,-0.915756,0.029502712,-0.40065017,-0.2439247,0.7515865,0.6128772,,1.0577595535839084,0.5389926954907512,0.21985467287000002,3.8272608484795385,0.21670548862798855,-1.375344306825275,-0.4134238313858608,,-1.4337639717641513,0.14911824906840107,0.20083420970000002,0.7077035592602697,-0.021042020963877826,-0.3866613340856908,0.8020193647193111,,-0.07627525163528219,-0.034472434388453,0.0910472212,-0.1089195372335423,,-5.8598816e-06,-2.3245811e-06,8.34465e-07,1.0,-2.82377e-06,-2.6002526e-06,2.82377e-06,1.0,-4.7683716e-07,2.6151538e-06,5.066395e-07,1.0,36,0.108,0,0,0.0,False,-0.26148663402373185,0.976418763378627
0.1279978931415826,16:10:52.905065,16:09:35.170726,0,,0.12894702,-0.0034505427,0.01544264,0.97234213,-0.04634974,-0.22891575,0.22438179,0.45744753,0.8604619,0.064834744,-0.8880279,0.45519555,,0.08667709,-0.012327175,0.02273947,-0.20667158,-0.60474706,0.7691342,-0.7679083,0.5873945,0.25550842,-0.6063033,-0.5378183,-0.5857882,,0.08295776,1.2897642,0.42729595,0.99165565,0.10047324,-0.08077226,0.01894169,-0.73331475,-0.6796254,-0.12751566,0.6724244,-0.7290989,,-0.1252426,0.25089416,-0.09294464,-0.9538591,0.15589246,0.25661334,0.20601496,-0.28193417,0.9370544,0.21842778,0.94668406,0.2368093,,-0.0960895,0.42333767,-0.3346806,0.31920716,0.65897167,-0.681075,-0.91575384,0.029498763,-0.40065536,-0.24392965,0.75158906,0.61287206,,1.0588330134534256,0.5383285404635679,0.21967967372000002,3.8226476697228793,0.21164993813666727,-1.3733454916321621,-0.41309714325359215,,-1.4337639717641513,0.14911052633552682,0.20083291341,0.7077035592602697,-0.021042020963877826,-0.3866613340856908,0.8020193647193111,,-0.07627525163528219,-0.034472434388453,0.0910472212,-0.1089195372335423,,-5.8598816e-06,-2.3245811e-06,8.34465e-07,1.0,-2.82377e-06,-2.6002526e-06,2.82377e-06,1.0,-4.7683716e-07,2.6151538e-06,5.066395e-07,1.0,43,0.128,0,0,0.0,False,-0.26041423509035333,0.976515323780186
0.15670508705079556,16:10:52.924265,16:09:35.170726,0,,0.12882948,-0.0035362989,0.015541077,0.97206223,-0.046139926,-0.23014331,0.22526154,0.45895094,0.8594308,0.065970406,-0.8872627,0.4565225,,0.08667594,-0.012327443,0.022738636,-0.20667484,-0.60475177,0.7691297,-0.7679101,0.58739233,0.255508,-0.6062998,-0.5378155,-0.5857943,,0.08295776,1.2897642,0.42729595,0.99165565,0.10047324,-0.08077226,0.01894169,-0.73331475,-0.6796254,-0.12751566,0.6724244,-0.7290989,,-0.12514074,0.2509002,-0.09308764,-0.95360714,0.15573755,0.25764158,0.20743574,-0.28031844,0.9372257,0.21818292,0.9471892,0.23500814,,-0.09608822,0.42333698,-0.3346803,0.31920993,0.65897596,-0.68106955,-0.9157519,0.029500253,-0.40065974,-0.24393341,0.7515853,0.6128752,,1.0593041001587533,0.5380119084157247,0.21953578553000003,3.8209701501750026,0.21083011913807462,-1.3751273464142004,-0.4127704551213236,,-1.4337562490312772,0.14911052633552682,0.20083291341,0.7077035592602697,-0.021042020963877826,-0.3866613340856908,0.8020193647193111,,-0.07627525163528219,-0.034472434388453,0.0910472212,-0.1089195372335423,,-5.8598816e-06,-2.3245811e-06,8.34465e-07,1.0,-2.82377e-06,-2.6002526e-06,2.82377e-06,1.0,-4.7683716e-07,2.6151538e-06,5.066395e-07,1.0,51,0.153,0,0,0.0,False,-0.2611887454311268,0.9765636039809653
0.175884349970147,16:10:52.952690,16:09:35.170726,0,,0.12878916,-0.0035915002,0.015645921,0.97181386,-0.041809328,-0.23201227,0.22504573,0.45769912,0.86015457,0.07022932,-0.88812363,0.4542074,,0.08667468,-0.012328665,0.022740483,-0.20667484,-0.60475177,0.7691297,-0.7679101,0.58739233,0.255508,-0.6062998,-0.5378155,-0.5857943,,0.08295776,1.2897642,0.42729595,0.99165565,0.10047324,-0.08077226,0.01894169,-0.73331475,-0.6796254,-0.12751566,0.6724244,-0.7290989,,-0.12511374,0.25093266,-0.09320546,-0.9537327,0.15140943,0.25974807,0.21021965,-0.2818233,0.9361535,0.21494552,0.9474444,0.23695487,,-0.09608722,0.42333785,-0.3346825,0.31920993,0.65897596,-0.68106955,-0.9157519,0.029500253,-0.40065974,-0.24393341,0.7515853,0.6128752,,1.0596439004052192,0.5379269583541082,0.21941004540000003,3.818244180909704,0.20714093364440772,-1.3730175291559434,-0.4126071110551893,,-1.4337562490312772,0.14911052633552682,0.20083032083000002,0.7077035592602697,-0.021042020963877826,-0.3866613340856908,0.8020193647193111,,-0.07627525163528219,-0.034472434388453,0.0910472212,-0.1089195372335423,,-5.8598816e-06,-2.3245811e-06,8.34465e-07,1.0,-2.82377e-06,-2.6002526e-06,2.82377e-06,1.0,-4.7683716e-07,2.6151538e-06,5.066395e-07,1.0,59,0.178,0,0,0.0,False,-0.26136747858668974,0.9758394009692735
0.204330129083246,16:10:52.977952,16:09:35.170726,0,,0.12874016,-0.003652878,0.015873015,0.9712199,-0.034822583,-0.23562515,0.22509703,0.45759422,0.860197,0.07786642,-0.888479,0.45226306,,0.08667646,-0.012334446,0.022739649,-0.2066866,-0.60480094,0.76908785,-0.7679207,0.5873701,0.25552738,-0.60628253,-0.5377845,-0.5858407,,0.08295776,1.2897642,0.42729595,0.99165565,0.10047324,-0.08077226,0.01894169,-0.73331475,-0.6796254,-0.12751566,0.6724244,-0.7290989,,-0.12508883,0.25104508,-0.093416385,-0.9537761,0.14448996,0.26350287,0.21552905,-0.28215235,0.9348461,0.20942384,0.9484264,0.23796839,,-0.09608867,0.42333338,-0.33468646,0.3192193,0.6590206,-0.6810219,-0.91574335,0.029517189,-0.40067798,-0.24395318,0.7515455,0.6129162,,1.0603235008981509,0.53805824481297,0.21918319465000002,3.813001932322591,0.2009922911549629,-1.3715975880557891,-0.41260711105518943,,-1.4337562490312772,0.14907963540402994,0.20082902454,0.7077035592602697,-0.021042020963877826,-0.3865796553455503,0.8018560206531768,,-0.07627525163528219,-0.034472434388453,0.0910472212,-0.1089195372335423,,-5.8598816e-06,-2.3245811e-06,8.34465e-07,1.0,-2.82377e-06,-2.6002526e-06,2.82377e-06,1.0,-4.7683716e-07,2.6151538e-06,5.066395e-07,1.0,70,0.21,0,0,0.0,False,-0.26112916771260597,0.9758394009692735
0.22956543997861445,16:10:53.011057,16:09:35.283059,0,,0.12869845,-0.0036601424,0.016095072,0.9709843,-0.026564144,-0.23766312,0.22290899,0.4604558,0.8592392,0.086608365,-0.88728505,0.45301673,,0.086676985,-0.012336771,0.022742033,-0.206508,-0.60514355,0.7688663,-0.7680153,0.5871195,0.25581858,-0.60622346,-0.53767264,-0.58600456,,0.08295776,1.2897642,0.42729595,0.99165565,0.10047324,-0.08077226,0.01894169,-0.73331475,-0.6796254,-0.12751566,0.6724244,-0.7290989,,-0.1250665,0.25119314,-0.09358572,-0.9544426,0.13640945,0.26538977,0.21998042,-0.27926698,0.93467563,0.2016132,0.95047486,0.2365369,,-0.09608947,0.42333373,-0.3346897,0.31903702,0.65935063,-0.68078786,-0.9157806,0.02949577,-0.40059447,-0.24405186,0.75125676,0.61323076,,1.0611807242471898,0.5382513131348257,0.21899264002000002,3.8088081334529007,0.19252082816950558,-1.372694194560386,-0.4122804229229209,,-1.4337639717641513,0.14907191267115572,0.20082643196000002,0.7074938693167852,-0.021042020963877826,-0.38617126164484744,0.8008759562563711,,-0.07627525163528219,-0.034472434388453,0.0910472212,-0.1089195372335423,,-5.8598816e-06,-2.3245811e-06,8.34465e-07,1.0,-2.82377e-06,-2.6002526e-06,2.82377e-06,1.0,-4.7683716e-07,2.6151538e-06,5.066395e-07,1.0,82,0.247,0,0,0.0,False,-0.2622015666459845,0.975791120768494
0.2626817610580474,16:10:53.048429,16:09:35.283059,0,,0.12868446,-0.0036180243,0.0165312,0.96990186,-0.012152277,-0.24319243,0.22078475,0.46507943,0.85729533,0.102685705,-0.88518554,0.45376456,,0.08667667,-0.012341241,0.02274251,-0.20627566,-0.6050156,0.76902944,-0.7680563,0.5870572,0.25583863,-0.60625064,-0.53788465,-0.58578175,,0.08295776,1.2897642,0.42729595,0.99165565,0.10047324,-0.08077226,0.01894169,-0.73331475,-0.6796254,-0.12751566,0.6724244,-0.7290989,,-0.1250857,0.25152466,-0.09387188,-0.9548752,0.12227785,0.27066866,0.22954226,-0.27448845,0.93379146,0.18847743,0.95378417,0.23403427,,-0.09608909,0.42333138,-0.3346935,0.31881276,0.6592577,-0.6809829,-0.91585875,0.029275618,-0.40043193,-0.24405164,0.75134695,0.6131204,,1.062663488959041,0.5390622000866192,0.21866856752000002,3.7995817759395814,0.17858390519343065,-1.3742348093255599,-0.41326048731972653,,-1.4337562490312772,0.14904874447253302,0.20082383938,0.7072841793733007,-0.020905384464112386,-0.38636435828868443,0.8008759562563711,,-0.07627525163528219,-0.034472434388453,0.0910472212,-0.1089195372335423,,-5.8598816e-06,-2.3245811e-06,8.34465e-07,1.0,-2.82377e-06,-2.6002526e-06,2.82377e-06,1.0,-4.7683716e-07,2.6151538e-06,5.066395e-07,1.0,90,0.272,0,0,0.0,False,-0.2618441003348577,0.9750669177568021
0.3000642969273031,16:10:53.070765,16:09:35.283059,0,,0.12865473,-0.0035609975,0.016765207,0.96955776,-0.004529491,-0.24482061,0.21857244,0.4667161,0.8569727,0.11038008,-0.88439554,0.45349827,,0.08667782,-0.012340973,0.022743464,-0.2062724,-0.6050109,0.76903397,-0.7680545,0.5870594,0.25583902,-0.6062541,-0.5378875,-0.5857756,,0.08295776,1.2897642,0.42729595,0.99165565,0.10047324,-0.08077226,0.01894169,-0.73331475,-0.6796254,-0.12751566,0.6724244,-0.7290989,,-0.12507126,0.2517275,-0.09400436,-0.9553483,0.114766896,0.27228317,0.23325306,-0.27276748,0.9333761,0.18139067,0.95521015,0.23381825,,-0.09609036,0.42333207,-0.3346938,0.31881,0.6592535,-0.6809883,-0.9158607,0.029274128,-0.40042752,-0.2440479,0.7513507,0.6131172,,1.0636442760340674,0.5395101185933242,0.21851560530000003,3.7960170469003445,0.17106889770633144,-1.3737426576919556,-0.4121170788567865,,-1.4337639717641513,0.14904874447253302,0.20082383938,0.7072841793733007,-0.020905384464112386,-0.3863643582886845,0.8012026443886398,,-0.07627525163528219,-0.034472434388453,0.0910472212,-0.1089195372335423,,-5.8598816e-06,-2.3245811e-06,8.34465e-07,1.0,-2.82377e-06,-2.6002526e-06,2.82377e-06,1.0,-4.7683716e-07,2.6151538e-06,5.066395e-07,1.0,101,0.305,0,0,0.0,False,-0.2622015666459845,0.9747289563513459
0.3223752900958061,16:10:53.104072,16:09:35.283059,0,,0.12849513,-0.0034301206,0.017152011,0.96727043,0.007086493,-0.25364858,0.22101338,0.46756816,0.8558815,0.12466318,-0.88392854,0.45069873,,0.08667863,-0.012345145,0.022744775,-0.20621502,-0.60534394,0.7687872,-0.76799977,0.58698004,0.256185,-0.6063429,-0.5375993,-0.5859482,,0.08295776,1.2897642,0.42729595,0.99165565,0.10047324,-0.08077226,0.01894169,-0.73331475,-0.6796254,-0.12751566,0.6724244,-0.7290989,,-0.12493476,0.25208935,-0.094210856,-0.9540776,0.1032546,0.28120172,0.24488091,-0.27184168,0.930664,0.17253768,0.9567866,0.23407297,,-0.096091226,0.4233304,-0.33469784,0.31876475,0.65954226,-0.6807298,-0.91590345,0.029493729,-0.40031356,-0.24394645,0.7510886,0.6134786,,1.0658143639717246,0.5401202144903879,0.21827968052000002,3.783855030178242,0.16095779672368885,-1.3717869958092437,-0.4116270466583838,,-1.4337639717641513,0.14902557627391036,0.20082124680000002,0.7072841793733007,-0.020768747964346947,-0.38590402501139687,0.8000592359256997,,-0.07627525163528219,-0.034472434388453,0.0910472212,-0.1089195372335423,,-5.8598816e-06,-2.3245811e-06,8.34465e-07,1.0,-2.82377e-06,-2.6002526e-06,2.82377e-06,1.0,-4.7683716e-07,2.6151538e-06,5.066395e-07,1.0,109,0.329,0,0,0.0,False,-0.261427056305211,0.9743909949458898
0.3557075019925833,16:10:53.124528,16:09:35.283059,0,,0.1283331,-0.003337346,0.017375052,0.96614546,0.0076756254,-0.25788382,0.22432576,0.4687463,0.85437393,0.12743995,-0.88329947,0.4511553,,0.08674477,-0.01233394,0.022740543,-0.2061658,-0.60528564,0.7688463,-0.76797235,0.58700925,0.25620025,-0.60639435,-0.53763306,-0.585864,,0.08295776,1.2897642,0.42729595,0.99165565,0.10047324,-0.08077226,0.01894169,-0.73331475,-0.6796254,-0.12751566,0.6724244,-0.7290989,,-0.12478518,0.25231063,-0.094326034,-0.9529331,0.10270882,0.28525338,0.24919559,-0.2705556,0.92989314,0.17268512,0.95720977,0.23222676,,-0.09615633,0.42332503,-0.334682,0.3187229,0.6594887,-0.6808013,-0.9159331,0.029477658,-0.400247,-0.24388994,0.7511363,0.6134427,,1.0669882193686067,0.5404445692711054,0.21814227378000003,3.7788224715346135,0.16054788722439253,-1.372596244460122,-0.41293379918745776,,-1.4337485262984029,0.14901013080816192,0.20082124680000002,0.7072841793733007,-0.02063211146458151,-0.38601544291509327,0.8000592359256997,,-0.07627525163528219,-0.034472434388453,0.0910472212,-0.1089195372335423,,-5.8598816e-06,-2.3245811e-06,8.34465e-07,1.0,-2.82377e-06,-2.6002526e-06,2.82377e-06,1.0,-4.7683716e-07,2.6151538e-06,5.066395e-07,1.0,117,0.354,0,0,0.0,False,-0.261427056305211,0.9741013137412129
0.37613261211663485,16:10:53.154265,16:09:35.434697,0,,0.1280509,-0.0032182336,0.017665148,0.9651091,0.011998132,-0.26157272,0.22566569,0.46856955,0.85411805,0.13281287,-0.88334507,0.44951326,,0.08669379,-0.012340271,0.022746503,-0.2061979,-0.6052007,0.7689046,-0.7679711,0.5870482,0.2561149,-0.606385,-0.5376862,-0.58582485,,0.08301123,1.2897632,0.42730203,0.99165624,0.10045068,-0.080793165,0.018911185,-0.73331785,-0.6796229,-0.12751566,0.6724244,-0.7290989,,-0.12456825,0.2525896,-0.09447543,-0.95223826,0.098418385,0.28906083,0.253897,-0.2707183,0.9285731,0.1696427,0.9576144,0.23280019,,-0.0961563,0.42332345,-0.33468562,0.31872758,0.6594276,-0.68085825,-0.91592884,0.029437076,-0.40025976,-0.24389985,0.75119156,0.61337113,,1.0690115753816536,0.5406916967230806,0.21797764495000002,3.773370533004016,0.1564487922314293,-1.370478888451338,-0.4121170788567865,,-1.4337485262984029,0.14899468534241347,0.20081865422000003,0.7072841793733007,-0.02063211146458151,-0.38609712165523385,0.800222579991834,,-0.07627525163528219,-0.034472434388453,0.0910472212,-0.1089195372335423,,4.636869e-05,7.867813e-06,-7.2717667e-06,1.0,-2.5257468e-05,-2.3283064e-05,2.5257468e-05,1.0,-4.4107437e-06,2.3290515e-05,4.4107437e-06,1.0,125,0.378,0,0,0.0,False,-0.26106958999408425,0.9740530335404334
0.40590193308889866,16:10:53.180381,16:09:35.434697,0,,0.12787615,-0.0031308904,0.017796397,0.96400815,0.015194371,-0.2654378,0.22740819,0.47011763,0.8528042,0.13774481,-0.88247293,0.449742,,0.08668822,-0.012344801,0.022752285,-0.2062012,-0.60533094,0.7688012,-0.76797295,0.5870042,0.25621045,-0.6063816,-0.5375877,-0.5859188,,0.08301123,1.2897632,0.42730203,0.99165624,0.10045068,-0.080793165,0.018911185,-0.73331785,-0.6796229,-0.12751566,0.6724244,-0.7290989,,-0.124398775,0.2527436,-0.09452983,-0.95142007,0.09529124,0.29277885,0.25856337,-0.26899967,0.92778456,0.16716716,0.95841473,0.23129286,,-0.09615149,0.42332587,-0.3346931,0.31873038,0.65954304,-0.6807451,-0.9159269,0.029503955,-0.40025932,-0.24390359,0.75108755,0.613497,,1.0703939445661397,0.5406530830587095,0.21791412674000002,3.768128284416903,0.1530328797372933,-1.3711239479448314,-0.41244376698905505,,-1.4337408035655286,0.14899468534241347,0.20080958019000003,0.7072841793733007,-0.02063211146458151,-0.38593376417495273,0.7995692037272969,,-0.07627525163528219,-0.034472434388453,0.0910472212,-0.1089195372335423,,4.636869e-05,7.867813e-06,-7.2717667e-06,1.0,-2.5257468e-05,-2.3283064e-05,2.5257468e-05,1.0,-4.4107437e-06,2.3290515e-05,4.4107437e-06,1.0,133,0.403,0,0,0.0,False,-0.26095043455704303,0.9737150721349774
0.4320194451138377,16:10:53.204535,16:09:35.434697,0,,0.12769036,-0.0030641407,0.017912418,0.9626989,0.0176166,-0.2700005,0.2298246,0.4733992,0.85033756,0.14279808,-0.88067174,0.45169222,,0.08668275,-0.012351268,0.02276206,-0.20613793,-0.60523134,0.76889664,-0.767913,0.58707184,0.25623506,-0.60647905,-0.53762597,-0.58578277,,0.08301123,1.2897632,0.42730203,0.99165624,0.10045068,-0.080793165,0.018911185,-0.73331785,-0.6796229,-0.12751566,0.6724244,-0.7290989,,-0.12421868,0.25287217,-0.09458868,-0.95035243,0.092990905,0.29695615,0.2638013,-0.26538467,0.927351,0.16504282,0.95964766,0.22767784,,-0.09614734,0.4233302,-0.3347046,0.31868047,0.6594481,-0.68086046,-0.91597384,0.029502537,-0.40015185,-0.24379225,0.751171,0.6134391,,1.0717299773533806,0.540498628401225,0.21784801595000003,3.7622569659993363,0.14989024024268818,-1.3740338117492312,-0.4114637025922492,,-1.4337408035655286,0.14898696260953925,0.20079661729,0.7072841793733007,-0.020495474964816067,-0.3860451820786492,0.7995692037272969,,-0.07627525163528219,-0.034472434388453,0.0910472212,-0.1089195372335423,,4.636869e-05,7.867813e-06,-7.2717667e-06,1.0,-2.5257468e-05,-2.3283064e-05,2.5257468e-05,1.0,-4.4107437e-06,2.3290515e-05,4.4107437e-06,1.0,144,0.436,0,0,0.0,False,-0.26053339052739544,0.9735219513318596
0.45617631496861577,16:10:53.233241,16:09:35.434697,0,,0.12739083,-0.0029880777,0.018129617,0.9605582,0.02387052,-0.27705225,0.233096,0.4741755,0.8490135,0.15163781,-0.8801067,0.4499091,,0.08667853,-0.01235553,0.02276361,-0.2061474,-0.6051744,0.76893884,-0.7679192,0.58708805,0.25617915,-0.6064679,-0.53767234,-0.5857518,,0.08301123,1.2897632,0.42730203,0.99165624,0.10045068,-0.080793165,0.018911185,-0.73331785,-0.6796229,-0.12751566,0.6724244,-0.7290989,,-0.12393329,0.25307748,-0.094726875,-0.94870806,0.08679146,0.30400708,0.27227247,-0.26443973,0.9251699,0.1606884,0.96048886,0.22724518,,-0.09614326,0.42332935,-0.33470914,0.31868836,0.65939826,-0.68090504,-0.9159678,0.02946889,-0.4001682,-0.2438047,0.75121605,0.61337894,,1.073876897092415,0.5402128872848787,0.21769764631000002,3.7528209185425325,0.14387823425300877,-1.373133682253476,-0.4114637025922494,,-1.4337253580997802,0.148979239876665,0.20079143213000003,0.7072841793733007,-0.020495474964816067,-0.3861268608187898,0.7994058596611626,,-0.07627525163528219,-0.034472434388453,0.0910472212,-0.1089195372335423,,4.636869e-05,7.867813e-06,-7.2717667e-06,1.0,-2.5257468e-05,-2.3283064e-05,2.5257468e-05,1.0,-4.4107437e-06,2.3290515e-05,4.4107437e-06,1.0,152,0.46,0,0,0.0,False,-0.26190367805337944,0.9734736711310801
0.4848361921031028,16:10:53.260288,16:09:35.434697,0,,0.12726204,-0.0029624626,0.018201858,0.96074826,0.026578061,-0.27614498,0.23097047,0.47475082,0.8492728,0.15367208,-0.8797188,0.44997737,,0.08668018,-0.012355649,0.022766411,-0.20614083,-0.6052278,0.7688985,-0.7679156,0.58707154,0.2562279,-0.60647476,-0.5376302,-0.58578336,,0.08301123,1.2897632,0.42730203,0.99165624,0.10045068,-0.080793165,0.018911185,-0.73331785,-0.6796229,-0.12751566,0.6724244,-0.7290989,,-0.12380938,0.25314602,-0.09477595,-0.94923276,0.084114246,0.30312032,0.2721385,-0.26375872,0.92540365,0.15779026,0.9609142,0.2274777,,-0.09614531,0.42333117,-0.33471087,0.3186828,0.65944535,-0.68086207,-0.91597176,0.029498592,-0.400157,-0.2437972,0.75117356,0.61343396,,1.074772734105825,0.5399580371000293,0.21764190584,3.7528209185425325,0.14005241225957646,-1.3723826644140527,-0.41244376698905527,,-1.4337408035655286,0.148979239876665,0.20079013584000002,0.7072841793733007,-0.020495474964816067,-0.3860451820786492,0.7992425155950283,,-0.07627525163528219,-0.034472434388453,0.0910472212,-0.1089195372335423,,4.636869e-05,7.867813e-06,-7.2717667e-06,1.0,-2.5257468e-05,-2.3283064e-05,2.5257468e-05,1.0,-4.4107437e-06,2.3290515e-05,4.4107437e-06,1.0,160,0.485,0,0,0.0,False,-0.261427056305211,0.9738599127373155
0.5119211049750447,16:10:53.282919,16:09:35.434697,0,,0.12714578,-0.0029529557,0.018259257,0.95958,0.03191404,-0.2796203,0.23152319,0.47536442,0.84877896,0.16000949,-0.87920994,0.44876137,,0.08667831,-0.0123555595,0.022768736,-0.20613793,-0.60523134,0.76889664,-0.767913,0.58707184,0.25623506,-0.60647905,-0.53762597,-0.58578277,,0.08301123,1.2897632,0.42730203,0.99165624,0.10045068,-0.080793165,0.018911185,-0.73331785,-0.6796229,-0.12751566,0.6724244,-0.7290989,,-0.12369794,0.25319263,-0.09482397,-0.9485579,0.0788187,0.30663574,0.27691418,-0.2629694,0.9242108,0.15348092,0.96157926,0.2276157,,-0.09614381,0.4233333,-0.33471236,0.31868047,0.6594481,-0.68086046,-0.91597384,0.029502537,-0.40015185,-0.24379225,0.751171,0.6134391,,1.0755527301261216,0.5396336823193119,0.21758875795000002,3.747788359898904,0.1351334982680206,-1.3720471631873068,-0.41244376698905527,,-1.4337408035655286,0.14898696260953925,0.20078754326,0.7072841793733007,-0.020495474964816067,-0.3860451820786492,0.7989158274627598,,-0.07627525163528219,-0.034472434388453,0.0910472212,-0.1089195372335423,,4.636869e-05,7.867813e-06,-7.2717667e-06,1.0,-2.5257468e-05,-2.3283064e-05,2.5257468e-05,1.0,-4.4107437e-06,2.3290515e-05,4.4107437e-06,1.0,168,0.509,0,0,0.0,False,-0.2608908568385213,0.9731839899264032
0.5345325840171427,16:10:53.310866,16:09:35.573371,0,,0.12694642,-0.0029649884,0.01832655,0.9576406,0.037097275,-0.2855663,0.23401748,0.47763032,0.8468206,0.16780984,-0.8777773,0.44871688,,0.08667834,-0.012360328,0.022767425,-0.20615001,-0.6052257,0.7688978,-0.76792264,0.5870686,0.25621322,-0.6064626,-0.5376358,-0.58579075,,0.08301123,1.2897632,0.42730203,0.99165624,0.10045068,-0.080793165,0.018911185,-0.73331785,-0.6796229,-0.12751566,0.6724244,-0.7290989,,-0.12350644,0.2532306,-0.09490337,-0.94708747,0.07372689,0.3123935,0.2841054,-0.26034665,0.9227696,0.14936353,0.9626962,0.22562484,,-0.0961435,0.42332935,-0.3347153,0.31869024,0.6594441,-0.68085974,-0.9159655,0.029492194,-0.40017173,-0.24381083,0.75117487,0.6134269,,1.076695694591507,0.5390235864222481,0.21750449910000003,3.7400298319899763,0.12966803827740297,-1.3736346738098515,-0.4134238313858607,,-1.4337330808326545,0.14896379441091656,0.20078624697000003,0.7072841793733007,-0.020495474964816067,-0.3860451820786492,0.7989158274627598,,-0.07627525163528219,-0.034472434388453,0.0910472212,-0.1089195372335423,,4.636869e-05,7.867813e-06,-7.2717667e-06,1.0,-2.5257468e-05,-2.3283064e-05,2.5257468e-05,1.0,-4.4107437e-06,2.3290515e-05,4.4107437e-06,1.0,176,0.534,0,0,0.0,False,-0.2617249448978165,0.9731839899264032
0.5624906281009316,16:10:53.332157,16:09:35.573371,0,,0.12680258,-0.0029855892,0.01839307,0.955873,0.04158608,-0.29082152,0.23668519,0.47740775,0.8462045,0.17403078,-0.8776972,0.44649845,,0.086677715,-0.012360924,0.022768438,-0.20615001,-0.6052257,0.7688978,-0.76792264,0.5870686,0.25621322,-0.6064626,-0.5376358,-0.58579075,,0.08301123,1.2897632,0.42730203,0.99165624,0.10045068,-0.080793165,0.018911185,-0.73331785,-0.6796229,-0.12751566,0.6724244,-0.7290989,,-0.1233707,0.25326177,-0.09498176,-0.94564235,0.06924344,0.31775132,0.29033166,-0.26045737,0.9207983,0.14651991,0.9629991,0.22619595,,-0.096143,0.4233298,-0.3347164,0.31869024,0.6594441,-0.68085974,-0.9159655,0.029492194,-0.40017173,-0.24381083,0.75117487,0.6134269,,1.0775220270090489,0.53860655884704,0.21742283283000002,3.733319753798472,0.12584221628397066,-1.3726386197500062,-0.4121170788567865,,-1.4337330808326545,0.14896379441091656,0.20078495068000002,0.7072841793733007,-0.020495474964816067,-0.3860451820786492,0.7992425155950283,,-0.07627525163528219,-0.034472434388453,0.0910472212,-0.1089195372335423,,4.636869e-05,7.867813e-06,-7.2717667e-06,1.0,-2.5257468e-05,-2.3283064e-05,2.5257468e-05,1.0,-4.4107437e-06,2.3290515e-05,4.4107437e-06,1.0,187,0.567,0,0,0.0,False,-0.26136747858668974,0.9729425889225058
0.583795232931152,16:10:53.361974,16:09:35.573371,0,,0.12651478,-0.0029975176,0.018530041,0.9543431,0.045016304,-0.2953009,0.23881713,0.47883838,0.844796,0.17943099,-0.87674814,0.44622546,,0.08667943,-0.012363964,0.022769392,-0.20615259,-0.6053398,0.7688073,-0.76792616,0.58702826,0.2562952,-0.6064573,-0.53755134,-0.5858737,,0.08301123,1.2897632,0.42730203,0.99165624,0.10045068,-0.080793165,0.018911185,-0.73331785,-0.6796229,-0.12751566,0.6724244,-0.7290989,,-0.123097144,0.253348,-0.09512128,-0.9444066,0.06586825,0.32211405,0.29560348,-0.25877085,0.91959566,0.14392589,0.96369034,0.22491403,,-0.09614475,0.42332846,-0.33471927,0.31869212,0.6595456,-0.68076056,-0.91596323,0.029548183,-0.40017283,-0.24381699,0.75108355,0.61353624,,1.0791283554468876,0.5379578492856051,0.21728024093000003,3.7272387454374205,0.12174312129100744,-1.37313498342572,-0.4122804229229209,,-1.4337408035655286,0.14894834894516812,0.20078365439,0.7072841793733007,-0.020495474964816067,-0.38588182459836806,0.7989158274627597,,-0.07627525163528219,-0.034472434388453,0.0910472212,-0.1089195372335423,,4.636869e-05,7.867813e-06,-7.2717667e-06,1.0,-2.5257468e-05,-2.3283064e-05,2.5257468e-05,1.0,-4.4107437e-06,2.3290515e-05,4.4107437e-06,1.0,195,0.591,0,0,0.0,False,-0.2607717014014801,0.972749468119388
0.6135491330642253,16:10:53.384592,16:09:35.573371,0,,0.1261722,-0.0029736087,0.018617004,0.9515716,0.047182366,-0.30378467,0.24519664,0.47959054,0.8425388,0.18544522,-0.87622297,0.44479576,,0.08667705,-0.012363487,0.022769868,-0.20615296,-0.6053479,0.76880085,-0.76792526,0.5870265,0.25630197,-0.6064583,-0.5375443,-0.5858792,,0.08301123,1.2897632,0.42730203,0.99165624,0.10045068,-0.080793165,0.018911185,-0.73331785,-0.6796229,-0.12751566,0.6724244,-0.7290989,,-0.12276221,0.2534257,-0.09520653,-0.94165695,0.06373132,0.33048522,0.3043739,-0.2578666,0.9169849,0.14366175,0.96407634,0.22342372,,-0.09614248,0.42332944,-0.33471936,0.3186926,0.6595526,-0.6807536,-0.91596335,0.02955362,-0.40017205,-0.24381578,0.75107723,0.6135445,,1.0809354749394562,0.5371855759981826,0.21719598208000002,3.7171736281501633,0.11969357379452583,-1.3735873621139283,-0.41260711105518943,,-1.4337330808326545,0.14895607167804234,0.20078235810000003,0.7072841793733007,-0.020495474964816067,-0.38588182459836806,0.7985891393304912,,-0.07627525163528219,-0.034472434388453,0.0910472212,-0.1089195372335423,,4.636869e-05,7.867813e-06,-7.2717667e-06,1.0,-2.5257468e-05,-2.3283064e-05,2.5257468e-05,1.0,-4.4107437e-06,2.3290515e-05,4.4107437e-06,1.0,203,0.616,0,0,0.0,False,-0.2618441003348577,0.9723149463123728
0.6362091661430895,16:10:53.413061,16:09:35.573371,0,,0.12587997,-0.0029284433,0.01868251,0.9497216,0.048304264,-0.30934682,0.2496486,0.47945273,0.8413089,0.18895602,-0.8762373,0.44328752,,0.08667705,-0.012363487,0.022769868,-0.20615296,-0.6053479,0.76880085,-0.76792526,0.5870265,0.25630197,-0.6064583,-0.5375443,-0.5858792,,0.08301123,1.2897632,0.42730203,0.99165624,0.10045068,-0.080793165,0.018911185,-0.73331785,-0.6796229,-0.12751566,0.6724244,-0.7290989,,-0.12247384,0.25350392,-0.09525607,-0.9397643,0.0626072,0.33604074,0.31002054,-0.25797734,0.9150601,0.14398025,0.9641203,0.22302838,,-0.09614248,0.42332944,-0.33471936,0.3186926,0.6595526,-0.6807536,-0.91596335,0.02955362,-0.40017205,-0.24381578,0.75107723,0.6135445,,1.0825031897129238,0.5365832028339932,0.21714801935000003,3.710463549958658,0.1186004817964023,-1.3730227338449192,-0.4122804229229209,,-1.4337330808326545,0.14895607167804234,0.20078235810000003,0.7072841793733007,-0.020495474964816067,-0.38588182459836806,0.7985891393304912,,-0.07627525163528219,-0.034472434388453,0.0910472212,-0.1089195372335423,,4.636869e-05,7.867813e-06,-7.2717667e-06,1.0,-2.5257468e-05,-2.3283064e-05,2.5257468e-05,1.0,-4.4107437e-06,2.3290515e-05,4.4107437e-06,1.0,211,0.64,0,0,0.0,False,-0.2613079008681689,0.972121825509255
0.664666912984103,16:10:53.440735,16:09:35.700477,0,,0.12540907,-0.002840355,0.018807977,0.94836336,0.04820629,-0.31350094,0.25329542,0.47980684,0.840016,0.19091396,-0.8760488,0.4428209,,0.08667842,-0.012364232,0.022772014,-0.20608638,-0.6053691,0.7688019,-0.7678635,0.5870545,0.25642294,-0.60655916,-0.5374898,-0.58582485,,0.08301123,1.2897632,0.42730203,0.99165624,0.10045068,-0.080793165,0.018911185,-0.73331785,-0.6796229,-0.12751566,0.6724244,-0.7290989,,-0.122009605,0.25365478,-0.095339656,-0.9382936,0.06271646,0.34010556,0.31401223,-0.25759092,0.91380703,0.14491884,0.96421653,0.22200216,,-0.09614414,0.4233305,-0.33472118,0.31863987,0.65956455,-0.68076664,-0.91601235,0.029616069,-0.40005535,-0.2437007,0.75106424,0.61360615,,1.0850671370271663,0.5357105340192058,0.21706764937000003,3.7050116114280605,0.1175073897982788,-1.3725397843160505,-0.41244376698905505,,-1.4337408035655286,0.14894834894516812,0.20078106181000002,0.7072841793733007,-0.020358838465050627,-0.38582988502178334,0.797935763065954,,-0.07627525163528219,-0.034472434388453,0.0910472212,-0.1089195372335423,,4.636869e-05,7.867813e-06,-7.2717667e-06,1.0,-2.5257468e-05,-2.3283064e-05,2.5257468e-05,1.0,-4.4107437e-06,2.3290515e-05,4.4107437e-06,1.0,219,0.665,0,0,0.0,False,-0.26154621174225356,0.9719287047061373
0.6923747691325843,16:10:53.464455,16:09:35.700477,0,,0.12510997,-0.002788879,0.018874764,0.947326,0.04856407,-0.31656724,0.25584498,0.47983682,0.83922577,0.19265686,-0.87601256,0.44213706,,0.08668018,-0.012365305,0.022772491,-0.20608602,-0.60536104,0.7688085,-0.7678643,0.58705634,0.2564162,-0.60655814,-0.53749686,-0.5858193,,0.08301123,1.2897632,0.42730203,0.99165624,0.10045068,-0.080793165,0.018911185,-0.73331785,-0.6796229,-0.12751566,0.6724244,-0.7290989,,-0.12171403,0.25373846,-0.09538656,-0.9372093,0.062360346,0.3431471,0.31706116,-0.25754464,0.91276664,0.14529614,0.964252,0.22160119,,-0.09614591,0.42332995,-0.3347222,0.3186394,0.6595576,-0.6807737,-0.91601217,0.029610632,-0.40005612,-0.24370189,0.7510706,0.61359787,,1.0866657427321307,0.535100438122142,0.21702357551,3.701027502501855,0.11655093429992071,-1.3720048952105972,-0.41195373479065234,,-1.4337485262984029,0.1489406262122939,0.20078106181000002,0.7072841793733007,-0.020358838465050627,-0.38582988502178334,0.797935763065954,,-0.07627525163528219,-0.034472434388453,0.0910472212,-0.1089195372335423,,4.636869e-05,7.867813e-06,-7.2717667e-06,1.0,-2.5257468e-05,-2.3283064e-05,2.5257468e-05,1.0,-4.4107437e-06,2.3290515e-05,4.4107437e-06,1.0,234,0.71,0,0,0.0,False,-0.26148663402373185,0.9720735453084759
0.7160672459285706,16:10:53.506970,16:09:35.700477,0,,0.124565326,-0.002681233,0.019056171,0.9463008,0.05736147,-0.31815746,0.25222838,0.48460722,0.83757794,0.2022261,-0.87284905,0.44411606,,0.086676165,-0.012369418,0.022768915,-0.206105,-0.60537285,0.76879394,-0.7678769,0.58704686,0.25640026,-0.6065358,-0.5374938,-0.58584523,,0.08301123,1.2897632,0.42730203,0.99165624,0.10045068,-0.080793165,0.018911185,-0.73331785,-0.6796229,-0.12751566,0.6724244,-0.7290989,,-0.1211797,0.25394216,-0.09550538,-0.93727213,0.053729232,0.34443298,0.32105076,-0.251919,0.91294205,0.1358209,0.96625566,0.21886685,,-0.09614127,0.42332518,-0.3347235,0.31865522,0.6595691,-0.680755,-0.91600007,0.029608715,-0.40008402,-0.24372678,0.75106055,0.6136003,,1.0900019633337958,0.5337875735335239,0.21689913167000002,3.6959949438582265,0.10425364932103107,-1.373248950017317,-0.4122804229229209,,-1.433717635366906,0.14892518074654545,0.20077976552000001,0.7072841793733007,-0.020358838465050627,-0.38582988502178334,0.797935763065954,,-0.07627525163528219,-0.034472434388453,0.0910472212,-0.1089195372335423,,4.636869e-05,7.867813e-06,-7.2717667e-06,1.0,-2.5257468e-05,-2.3283064e-05,2.5257468e-05,1.0,-4.4107437e-06,2.3290515e-05,4.4107437e-06,1.0,242,0.735,0,0,0.0,False,-0.2618441003348577,0.9710113808913277
0.7585494650993496,16:10:53.541559,16:09:35.700477,0,,0.12443139,-0.0026626438,0.019151866,0.9463894,0.06064871,-0.31728336,0.24926502,0.48762336,0.8367141,0.20546043,-0.870945,0.446364,,0.08667852,-0.012371802,0.022768974,-0.20610757,-0.60554963,0.768654,-0.7678804,0.5869855,0.25653017,-0.60653055,-0.5373616,-0.58597195,,0.08301123,1.2897632,0.42730203,0.99165624,0.10045068,-0.080793165,0.018911185,-0.73331785,-0.6796229,-0.12751566,0.6724244,-0.7290989,,-0.12105317,0.25402182,-0.09557672,-0.93786156,0.05054023,0.3433095,0.32113907,-0.24842593,0.9138678,0.13147406,0.9673315,0.21675868,,-0.096143536,0.42332342,-0.33472523,0.3186571,0.65972614,-0.68060195,-0.91599774,0.02969737,-0.4000827,-0.24373293,0.7509191,0.61377096,,1.0909518594773253,0.5335018324171775,0.21682394685000003,3.695785253914742,0.09919809882970976,-1.37500735687067,-0.4139138635842634,,-1.4337253580997802,0.14890973528079698,0.20077976552000001,0.7072841793733007,-0.020358838465050627,-0.3855848488013616,0.7967923546030141,,-0.07627525163528219,-0.034472434388453,0.0910472212,-0.1089195372335423,,4.636869e-05,7.867813e-06,-7.2717667e-06,1.0,-2.5257468e-05,-2.3283064e-05,2.5257468e-05,1.0,-4.4107437e-06,2.3290515e-05,4.4107437e-06,1.0,254,0.772,0,0,0.0,False,-0.2616653671792948,0.9713976224975633
0.7931903440039605,16:10:53.565942,16:09:35.700477,0,,0.12444859,-0.002689056,0.01921323,0.94599104,0.06332156,-0.31794834,0.24873535,0.48723498,0.8370979,0.20792189,-0.87097204,0.4451697,,0.086681426,-0.012372666,0.022770345,-0.20610398,-0.6055997,0.7686156,-0.76787937,0.58696866,0.25657177,-0.60653305,-0.53732365,-0.58600414,,0.08301123,1.2897632,0.42730203,0.99165624,0.10045068,-0.080793165,0.018911185,-0.73331785,-0.6796229,-0.12751566,0.6724244,-0.7290989,,-0.12107745,0.25404504,-0.095636964,-0.93771267,0.04785683,0.34409976,0.32245532,-0.24872859,0.9133218,0.12929614,0.9673902,0.21780427,,-0.09614658,0.42332357,-0.33472657,0.31865388,0.6597705,-0.6805605,-0.9159996,0.029723117,-0.40007666,-0.24373038,0.7508791,0.61382085,,1.0909904731416964,0.5335713370130456,0.21676042864000003,3.6945271142538347,0.0970119148334627,-1.3738781003326515,-0.4126071110551892,,-1.4337408035655286,0.14890201254792276,0.20077976552000001,0.7072841793733007,-0.020358838465050627,-0.38550317006122115,0.79662901053688,,-0.07627525163528219,-0.034472434388453,0.0910472212,-0.1089195372335423,,4.636869e-05,7.867813e-06,-7.2717667e-06,1.0,-2.5257468e-05,-2.3283064e-05,2.5257468e-05,1.0,-4.4107437e-06,2.3290515e-05,4.4107437e-06,1.0,262,0.796,0,0,0.0,False,-0.2618441003348577,0.971156221493666
0.8175526480190456,16:10:53.594804,16:09:35.859241,0,,0.124505796,-0.0027165413,0.019265205,0.9459565,0.063608706,-0.3179936,0.24861905,0.48734593,0.83706784,0.20821771,-0.8708891,0.4451938,,0.08668027,-0.012372845,0.022769451,-0.20610724,-0.6054789,0.7687099,-0.7678812,0.58700836,0.2564755,-0.6065297,-0.5374165,-0.58592254,,0.08301123,1.2897632,0.42730203,0.99165624,0.10045068,-0.080793165,0.018911185,-0.73331785,-0.6796229,-0.12751566,0.6724244,-0.7290989,,-0.121140756,0.25406095,-0.095686615,-0.9377122,0.047573313,0.34414038,0.32257536,-0.24859138,0.9133167,0.12899983,0.9674395,0.21776119,,-0.0961453,0.4233229,-0.33472624,0.31865665,0.65966356,-0.6806629,-0.9159976,0.029659254,-0.4000859,-0.24373414,0.75097555,0.61370134,,1.0907742366212183,0.5338107417321466,0.21670857704000002,3.6945271142538347,0.0970119148334627,-1.3739597790727922,-0.4127704551213236,,-1.4337330808326545,0.14890201254792276,0.20077976552000001,0.7072841793733007,-0.020358838465050627,-0.38566652754150216,0.7966290105368798,,-0.07627525163528219,-0.034472434388453,0.0910472212,-0.1089195372335423,,4.636869e-05,7.867813e-06,-7.2717667e-06,1.0,-2.5257468e-05,-2.3283064e-05,2.5257468e-05,1.0,-4.4107437e-06,2.3290515e-05,4.4107437e-06,1.0,281,0.853,0,0,0.0,False,-0.26148663402373185,0.9711079412928865
0.8464283889625221,16:10:53.644803,16:09:35.859241,0,,0.12481455,-0.0027900785,0.019402802,0.94541824,0.07319704,-0.31753162,0.24432254,0.48554924,0.8393738,0.21561694,-0.8711395,0.44116345,,0.08667849,-0.012373709,0.02276951,-0.20611054,-0.60554624,0.76865596,-0.767883,0.58698523,0.256523,-0.60652626,-0.5373658,-0.58597255,,0.08301123,1.2897632,0.42730203,0.99165624,0.10045068,-0.080793165,0.018911185,-0.73331785,-0.6796229,-0.12751566,0.6724244,-0.7290989,,-0.121464714,0.2541024,-0.09580066,-0.9381307,0.03792838,0.344198,0.32457465,-0.25007474,0.9122028,0.120673604,0.96748334,0.2222922,,-0.09614352,0.42332265,-0.33472705,0.31865945,0.6597234,-0.68060356,-0.91599566,0.029693427,-0.40008786,-0.24373788,0.75092167,0.61376584,,1.0897239449503238,0.534652519615437,0.21657894804000002,3.6934786645364124,0.08977018034589437,-1.3697698837198338,-0.412933799187458,,-1.4337253580997802,0.14890201254792276,0.20077846923,0.7072841793733007,-0.020358838465050627,-0.3855848488013616,0.7967923546030141,,-0.07627525163528219,-0.034472434388453,0.0910472212,-0.1089195372335423,,4.636869e-05,7.867813e-06,-7.2717667e-06,1.0,-2.5257468e-05,-2.3283064e-05,2.5257468e-05,1.0,-4.4107437e-06,2.3290515e-05,4.4107437e-06,1.0,285,0.866,0,0,0.0,False,-0.26255903295711036,0.9708182600882096
0.8964318791404366,16:10:53.666599,16:09:35.859241,0,,0.12500663,-0.002866827,0.019547462,0.9450116,0.081199564,-0.3167959,0.23884302,0.4903491,0.83815974,0.22339879,-0.8677351,0.44399172,,0.08668266,-0.012379997,0.0227682,-0.2061219,-0.6055246,0.7686701,-0.7678944,0.5869857,0.25648767,-0.6065079,-0.53738976,-0.58596957,,0.08301123,1.2897632,0.42730203,0.99165624,0.10045068,-0.080793165,0.018911185,-0.73331785,-0.6796229,-0.12751566,0.6724244,-0.7290989,,-0.121673614,0.25414652,-0.095935315,-0.93880427,0.030069133,0.34313613,0.3259819,-0.24426061,0.9132757,0.11127605,0.9692433,0.21951091,,-0.096147254,0.4233172,-0.33473092,0.31866834,0.65970546,-0.6806168,-0.91598696,0.029672218,-0.4001093,-0.24375887,0.75093824,0.61373717,,1.0892142445806248,0.5350927153892678,0.21643117098000003,3.6928495947059585,0.08088880786114075,-1.3729825987175583,-0.412933799187458,,-1.4337330808326545,0.14886339888355166,0.20077846923,0.7072841793733007,-0.020358838465050627,-0.3855848488013616,0.7967923546030141,,-0.07627525163528219,-0.034472434388453,0.0910472212,-0.1089195372335423,,4.636869e-05,7.867813e-06,-7.2717667e-06,1.0,-2.5257468e-05,-2.3283064e-05,2.5257468e-05,1.0,-4.4107437e-06,2.3290515e-05,4.4107437e-06,1.0,297,0.903,0,0,0.0,False,-0.2622611443645053,0.9707699798874305
