Task Time,PC1 Time,PC2 Time,Gaze Calib,s_T_psm1,Tx,Ty,Tz,R00,R01,R02,R10,R11,R12,R20,R21,R22,s_T_psm3,Tx,Ty,Tz,R00,R01,R02,R10,R11,R12,R20,R21,R22,cart_T_ecm,Tx,Ty,Tz,R00,R01,R02,R10,R11,R12,R20,R21,R22,ecm_T_psm1,Tx,Ty,Tz,R00,R01,R02,R10,R11,R12,R20,R21,R22,ecm_T_psm3,Tx,Ty,Tz,R00,R01,R02,R10,R11,R12,R20,R21,R22,psm1_joints,q1,q2,q3,q4,q5,q6,jaw,psm3_joints,q1,q2,q3,q4,q5,q6,jaw,ecm_joints,q1,q2,q3,q4,ecmi_T_ecm,Tx,Ty,Tz,R00,R01,R02,R10,R11,R12,R20,R21,R22,Sample #,Task Duration (s),Collisions (binary),Collisions (increments),Cumulative Collision Time (s),Clutch Press,MTMR Angle,MTML Angle
""
lci_T_si,,,,,-0.050445605,0.031140205,0.20799266,0.9865919,-0.013161347,0.16267522,0.100886725,-0.734317,-0.67126775,0.12828997,0.67867905,-0.7231434
rci_T_si,,,,,-0.059559833,0.035046782,0.21627636,0.9849687,-0.028336054,0.17039265,0.097400196,-0.72355855,-0.6833566,0.14265269,0.6896812,-0.7099226
ecm_T_lc,,,,,-4.4061628e-05,-0.00034663224,-0.01840835,-0.99912,0.030754527,0.028518902,-0.031987965,-0.99852574,-0.043852776,0.027128186,-0.04472645,0.9986309
ecm_T_rc,,,,,-0.0043358393,0.01870579,-0.007592615,-0.99555075,-0.052743673,-0.078081585,0.04863213,-0.9973746,0.053654674,-0.08070653,0.04961868,0.9955021
cart_T_ecmi,,,,,0.08296387,1.2897631,0.42729735,0.9916556,0.10047608,-0.08076963,0.018945528,-0.7333144,-0.6796257,-0.12751566,0.6724244,-0.7290989
ecmac_T_ecmrep_psm1,,,,,0.022898523,-0.26913688,-0.29720387,0.9902475,0.13300471,0.041468147,-0.1315095,0.99062705,-0.036922794,-0.045990374,0.031109251,0.9984574
ecmac_T_ecmrep_psm3,,,,,0.02078248,-0.4666591,-0.5231304,0.997355,0.0035024614,0.07259993,-0.011652398,0.993624,0.11214125,-0.07174426,-0.1126906,0.99103665
""
0,16:05:39.649504,16:04:21.868864,0,,0.12947237,-0.00354968,0.014229625,0.9977102,-0.039765693,-0.05470718,0.06475459,0.3281959,0.94238746,-0.019520044,-0.94377226,0.3300194,,0.04217335,-0.0325712,0.030154884,0.2113842,-0.15598987,0.9648749,-0.7894428,0.5547958,0.26264364,-0.5762784,-0.8172324,-0.0058700144,,0.0829804,1.2897646,0.42730394,0.99165547,0.10048147,-0.08076462,0.018952828,-0.7333136,-0.6796263,-0.12751566,0.6724244,-0.7290989,,-0.12569381,0.24997638,-0.09207336,-0.98448664,0.14390793,0.10038219,0.032251887,-0.4139408,0.9097323,0.17246999,0.8988568,0.40287787,,-0.052583303,0.42264143,-0.3581286,-0.09773875,0.2581226,-0.9611555,-0.96298885,-0.2682966,0.02587293,-0.25119635,0.9281108,0.27479216,,1.0540680872700292,0.5341968783758578,0.22054170657000002,4.005916680328354,0.1736649912018748,-1.20335409868532,-0.4153839601794722,,-1.2207092172300456,0.14952755391073497,0.16770233359000003,0.25141824223794473,0.21083011913807462,-1.1238835417418311,0.6751010253329761,,-0.07627525163528219,-0.034472434388453,0.0910472212,-0.1089195372335423,,1.5586615e-05,4.9471855e-06,-7.1525574e-06,1.0,5.364418e-06,4.9620867e-06,-5.364418e-06,1.0,9.536743e-07,-4.9471855e-06,-9.536743e-07,1.0,37,0.111,0,0,0.0,False,-0.26148663402373185,0.8468347044865605
0.12395250191912055,16:05:39.679288,16:04:21.939423,0,,0.12985167,-0.0036164,0.014397085,0.99789566,-0.037191562,-0.05311196,0.06243009,0.32992288,0.94194126,-0.017509446,-0.943275,0.33155045,,0.042204197,-0.032553915,0.030180871,0.20945497,-0.15474814,0.96549547,-0.7883178,0.55746204,0.26036716,-0.5785184,-0.8156526,-0.005227551,,0.0829804,1.2897646,0.42730394,0.99165547,0.10048147,-0.08076462,0.018952828,-0.7333136,-0.6796263,-0.12751566,0.6724244,-0.7290989,,-0.1260898,0.25004327,-0.09219612,-0.98502016,0.141444,0.09863478,0.03195762,-0.41235086,0.9104644,0.16945188,0.899978,0.40165374,,-0.052618235,0.4226681,-0.358129,-0.09553443,0.25657448,-0.9617914,-0.96376354,-0.2655954,0.024878154,-0.2490643,0.9293162,0.27265063,,1.0526162134896748,0.5355251884302245,0.22041207757000003,4.0071748199892605,0.17243526270398585,-1.2047200210161286,-0.4139138635842635,,-1.2209177310176496,0.1495121084449865,0.16770103730000002,0.2541442115032435,0.21260639363502531,-1.1250052595293223,0.6737942728039021,,-0.07627525163528219,-0.034472434388453,0.0910472212,-0.1089195372335423,,1.5586615e-05,4.9471855e-06,-7.1525574e-06,1.0,5.364418e-06,4.9620867e-06,-5.364418e-06,1.0,9.536743e-07,-4.9471855e-06,-9.536743e-07,1.0,48,0.143,0,0,0.0,False,-0.2604738128088746,0.8450483370577202
0.15368489804677665,16:05:39.703957,16:04:21.939423,0,,0.13009958,-0.0036520958,0.014494419,0.9980007,-0.034123227,-0.05319742,0.061473243,0.3286417,0.94245195,-0.014676638,-0.943838,0.3300823,,0.042216223,-0.03254131,0.030200183,0.20837525,-0.15473929,0.9657304,-0.78648734,0.5604438,0.2595001,-0.5813925,-0.8136084,-0.0049179047,,0.0829804,1.2897646,0.42730394,0.99165547,0.10048147,-0.08076462,0.018952828,-0.7333136,-0.6796263,-0.12751566,0.6724244,-0.7290989,,-0.12634699,0.25008434,-0.09226223,-0.9854357,0.13834274,0.098882094,0.03322056,-0.41366997,0.9098206,0.16677164,0.89985466,0.40304935,,-0.052633397,0.42268917,-0.35813016,-0.094097815,0.25616553,-0.962042,-0.9647091,-0.26217097,0.024549708,-0.2459307,0.9304008,0.27179495,,1.0517049310105164,0.5363669663135149,0.22034078162,4.006545750158807,0.17079562470680054,-1.2032196486914906,-0.4142405517165322,,-1.2209872356135176,0.14943488111624426,0.16769974101000001,0.25624111093808877,0.21561239662986503,-1.1252511274268484,0.6719974880764249,,-0.07627525163528219,-0.034472434388453,0.0910472212,-0.1089195372335423,,1.5586615e-05,4.9471855e-06,-7.1525574e-06,1.0,5.364418e-06,4.9620867e-06,-5.364418e-06,1.0,9.536743e-07,-4.9471855e-06,-9.536743e-07,1.0,56,0.168,0,0,0.0,False,-0.26136747858668974,0.8450966172584997
0.178408243926242,16:05:39.731652,16:04:21.939423,0,,0.1303953,-0.003700383,0.014695734,0.9981907,-0.027155578,-0.053644244,0.059569903,0.3255982,0.9436298,-0.0081583485,-0.9451182,0.32662675,,0.042224474,-0.032549623,0.030204237,0.20824651,-0.16049717,0.96481806,-0.7850709,0.5609119,0.26275736,-0.58334976,-0.8121691,-0.009193718,,0.0829804,1.2897646,0.42730394,0.99165547,0.10048147,-0.08076462,0.018952828,-0.7333136,-0.6796263,-0.12751566,0.6724244,-0.7290989,,-0.12666136,0.25018802,-0.09240624,-0.98631716,0.13128996,0.0997064,0.03634252,-0.41676366,0.9082881,0.16080311,0.89948374,0.40628976,,-0.05264189,0.42268604,-0.35813865,-0.093724445,0.26162672,-0.9606077,-0.9653309,-0.25998014,0.023378285,-0.24362254,0.92949545,0.27692285,,1.0508708758601002,0.5375099307789001,0.22018393053000002,4.004239160780477,0.1658767107152447,-1.1996169978591222,-0.414077207650398,,-1.2209872356135176,0.14924953552726286,0.16769974101000001,0.25707987071202687,0.21807185362564296,-1.1195788481201712,0.6716707999441563,,-0.07627525163528219,-0.034472434388453,0.0910472212,-0.1089195372335423,,1.5586615e-05,4.9471855e-06,-7.1525574e-06,1.0,5.364418e-06,4.9620867e-06,-5.364418e-06,1.0,9.536743e-07,-4.9471855e-06,-9.536743e-07,1.0,64,0.192,0,0,0.0,False,-0.2611887454311268,0.8449034964553821
0.20610129204578698,16:05:39.762577,16:04:21.939423,0,,0.13057013,-0.0038797855,0.01484786,0.9981517,-0.019571856,-0.057532143,0.060769547,0.32558683,0.94355726,0.00026453286,-0.9453095,0.32617444,,0.04222902,-0.032564823,0.0302006,0.20833202,-0.16192664,0.9645607,-0.78400785,0.5619668,0.2636758,-0.5847472,-0.81115544,-0.009876102,,0.0829804,1.2897646,0.42730394,0.99165547,0.10048147,-0.08076462,0.018952828,-0.7333136,-0.6796263,-0.12751566,0.6724244,-0.7290989,,-0.12686175,0.25016302,-0.09261864,-0.9868878,0.12377103,0.10360091,0.043024596,-0.41691256,0.90792775,0.15556768,0.9004802,0.40612072,,-0.052645348,0.4226732,-0.358148,-0.093634844,0.26285467,-0.9602812,-0.9657672,-0.25834796,0.023453018,-0.24192195,0.92960405,0.2780468,,1.0500986025726777,0.5378574537582402,0.21996615381,3.998158152419426,0.16095779672368885,-1.2003433202542035,-0.41440389578266623,,-1.2209486219491466,0.14904874447253302,0.16770103730000002,0.2574992505989959,0.21998476462235914,-1.118361621607142,0.6706907355473507,,-0.07627525163528219,-0.034472434388453,0.0910472212,-0.1089195372335423,,1.5586615e-05,4.9471855e-06,-7.1525574e-06,1.0,5.364418e-06,4.9620867e-06,-5.364418e-06,1.0,9.536743e-07,-4.9471855e-06,-9.536743e-07,1.0,71,0.214,0,0,0.0,False,-0.26112916771260597,0.8450483370577202
0.2370237798895687,16:05:39.782884,16:04:22.041278,0,,0.1306163,-0.003999926,0.015034467,0.9981644,-0.009859994,-0.05975389,0.05971181,0.3249673,0.94383836,0.010111801,-0.9456738,0.32495955,,0.042225607,-0.03258652,0.030185938,0.20842402,-0.16252331,0.9644405,-0.78418624,0.5615211,0.2640946,-0.5844752,-0.81134474,-0.010414064,,0.0829804,1.2897646,0.42730394,0.99165547,0.10048147,-0.08076462,0.018952828,-0.7333136,-0.6796263,-0.12751566,0.6724244,-0.7290989,,-0.12693258,0.25020486,-0.09282986,-0.98780495,0.11410485,0.10593145,0.04905649,-0.41762325,0.90729505,0.1477662,0.90142715,0.40693274,,-0.052639093,0.42264888,-0.35815626,-0.093760595,0.26348686,-0.96009564,-0.96567947,-0.25868845,0.023311926,-0.24222326,0.9293304,0.27869862,,1.0502221662986653,0.5379810174842278,0.21974189564000002,3.9924965239453436,0.15275960673776243,-1.1997841515429606,-0.41489392798106917,,-1.22086367188753,0.14891745801367123,0.16770233359000003,0.2572895606555114,0.2198481281225937,-1.1177601312626022,0.6716707999441563,,-0.07627525163528219,-0.034472434388453,0.0910472212,-0.1089195372335423,,1.5586615e-05,4.9471855e-06,-7.1525574e-06,1.0,5.364418e-06,4.9620867e-06,-5.364418e-06,1.0,9.536743e-07,-4.9471855e-06,-9.536743e-07,1.0,79,0.237,0,0,0.0,False,-0.2607717014014801,0.8443241340460288
0.2573264860548079,16:05:39.804666,16:04:22.041278,0,,0.13067476,-0.0040893406,0.015176505,0.9979992,0.0011347011,-0.06321532,0.059402227,0.3255857,0.9436447,0.021652758,-0.9455118,0.32486686,,0.04222742,-0.03260908,0.03017497,0.20745838,-0.16337642,0.9645046,-0.7845959,0.56108576,0.263803,-0.58426905,-0.8114746,-0.011782572,,0.0829804,1.2897646,0.42730394,0.99165547,0.10048147,-0.08076462,0.018952828,-0.7333136,-0.6796263,-0.12751566,0.6724244,-0.7290989,,-0.1270095,0.25023815,-0.092986606,-0.9886284,0.10321696,0.10936282,0.05679899,-0.4170764,0.9070949,0.13924024,0.9029914,0.40647095,,-0.05263853,0.4226262,-0.3581671,-0.09282381,0.26436332,-0.95994574,-0.965641,-0.2589414,0.022063607,-0.24273689,0.929011,0.279316,,1.0503380072917787,0.5380814130115927,0.21957208165000003,3.985157375923386,0.14374159775324336,-1.2006801226531933,-0.41375051951812936,,-1.2208096127574104,0.14880161702055786,0.16770103730000002,0.25812832042944944,0.21930158212353193,-1.116661029726692,0.6713441118118877,,-0.07627525163528219,-0.034472434388453,0.0910472212,-0.1089195372335423,,1.5586615e-05,4.9471855e-06,-7.1525574e-06,1.0,5.364418e-06,4.9620867e-06,-5.364418e-06,1.0,9.536743e-07,-4.9471855e-06,-9.536743e-07,1.0,87,0.262,0,0,0.0,False,-0.26112916771260597,0.8437930518374546
0.2791167248506099,16:05:39.824748,16:04:22.041278,0,,0.13070132,-0.0041433573,0.0153927505,0.99791133,0.009900212,-0.06383399,0.057052147,0.32838076,0.94282085,0.030295976,-0.9444935,0.32713008,,0.042234626,-0.032623444,0.030171633,0.20724781,-0.16361687,0.96450907,-0.78465307,0.56102055,0.26377156,-0.58426696,-0.8114712,-0.012112215,,0.0829804,1.2897646,0.42730394,0.99165547,0.10048147,-0.08076462,0.018952828,-0.7333136,-0.6796263,-0.12751566,0.6724244,-0.7290989,,-0.12705813,0.2503483,-0.093176045,-0.98944604,0.09464213,0.109724194,0.0610648,-0.414361,0.9080617,0.13140632,0.9051783,0.40420857,,-0.05264469,0.42261374,-0.3581758,-0.09261418,0.26460254,-0.9599001,-0.96564597,-0.2589462,0.021788407,-0.2427972,0.92894155,0.27949446,,1.0507782030656094,0.5383825995936875,0.21936726783000002,3.9811732669971795,0.1355434077673169,-1.203143067327151,-0.41440389578266623,,-1.2208173354902847,0.14870122149319293,0.16769974101000001,0.25833801037293397,0.21930158212353193,-1.1163343147661298,0.6703640474150822,,-0.07627525163528219,-0.034472434388453,0.0910472212,-0.1089195372335423,,1.5586615e-05,4.9471855e-06,-7.1525574e-06,1.0,5.364418e-06,4.9620867e-06,-5.364418e-06,1.0,9.536743e-07,-4.9471855e-06,-9.536743e-07,1.0,91,0.274,0,0,0.0,False,-0.260652545964438,0.843648211235116
0.29919528984464705,16:05:39.850808,16:04:22.041278,0,,0.13056964,-0.0041416064,0.01574704,0.99704057,0.019784786,-0.074286565,0.06373492,0.32758912,0.9426681,0.04298596,-0.9446131,0.3253587,,0.042252205,-0.032635365,0.030172765,0.20678625,-0.16326118,0.9646684,-0.7844565,0.5615656,0.2631958,-0.58469427,-0.8111658,-0.011947274,,0.0829804,1.2897646,0.42730394,0.99165547,0.10048147,-0.08076462,0.018952828,-0.7333136,-0.6796263,-0.12751566,0.6724244,-0.7290989,,-0.12695676,0.25059426,-0.09344451,-0.98911846,0.0847705,0.120244205,0.07466059,-0.41502756,0.90674025,0.12676948,0.905851,0.40418237,,-0.052661855,0.42260486,-0.3581847,-0.09210065,0.26418802,-0.96006364,-0.9657921,-0.25842154,0.021538373,-0.24241093,0.9292056,0.2789515,,1.052268690510335,0.5388382408332667,0.21907949145000002,3.9671240407837165,0.12953140177763753,-1.2022429378313961,-0.4142405517165323,,-1.2208868400861528,0.14857765776720533,0.16769974101000001,0.2589670802033876,0.21971149162282821,-1.1165868897370783,0.6702007033489475,,-0.07627525163528219,-0.034472434388453,0.0910472212,-0.1089195372335423,,1.5586615e-05,4.9471855e-06,-7.1525574e-06,1.0,5.364418e-06,4.9620867e-06,-5.364418e-06,1.0,9.536743e-07,-4.9471855e-06,-9.536743e-07,1.0,102,0.308,0,0,0.0,False,-0.2612483231496481,0.8431171290265418
0.3252524668350816,16:05:39.874845,16:04:22.041278,0,,0.13042602,-0.004032269,0.015958816,0.99684846,0.023447394,-0.07578446,0.06395945,0.32757846,0.94265664,0.046928175,-0.944533,0.32504636,,0.042257838,-0.032626692,0.03018099,0.20486237,-0.16392279,0.96496665,-0.78358835,0.5633118,0.26204783,-0.5865327,-0.80982053,-0.013046637,,0.0829804,1.2897646,0.42730394,0.99165547,0.10048147,-0.08076462,0.018952828,-0.7333136,-0.6796263,-0.12751566,0.6724244,-0.7290989,,-0.12682322,0.2508197,-0.093538165,-0.9892391,0.08112439,0.121757455,0.07754446,-0.4149841,0.9065181,0.12406813,0.90620476,0.40422773,,-0.052668918,0.4226158,-0.35818258,-0.089953184,0.26458547,-0.96015775,-0.96641546,-0.25621024,0.019936971,-0.24072722,0.9297047,0.27874643,,1.0537282870235631,0.5391780410797326,0.21897060309000002,3.963769001687964,0.12597885278373608,-1.201224683358522,-0.41309714325359226,,-1.2209022855519012,0.1485622123014569,0.16770103730000002,0.26148335952520185,0.22107785662048265,-1.1158224577508098,0.670364047415082,,-0.07627525163528219,-0.034472434388453,0.0910472212,-0.1089195372335423,,1.5586615e-05,4.9471855e-06,-7.1525574e-06,1.0,5.364418e-06,4.9620867e-06,-5.364418e-06,1.0,9.536743e-07,-4.9471855e-06,-9.536743e-07,1.0,110,0.332,0,0,0.0,False,-0.26041423509035333,0.8428757280226447
0.34929489390924573,16:05:39.896731,16:04:22.041278,0,,0.13033807,-0.003746383,0.016361654,0.99597275,0.041746266,-0.07934302,0.061410576,0.32712016,0.9429852,0.06532081,-0.94406015,0.32323903,,0.042249363,-0.032610986,0.030189216,0.20521037,-0.1698947,0.963859,-0.78190404,0.56386507,0.26586097,-0.58865494,-0.80820286,-0.01713042,,0.0829804,1.2897646,0.42730394,0.99165547,0.10048147,-0.08076462,0.018952828,-0.7333136,-0.6796263,-0.12751566,0.6724244,-0.7290989,,-0.12674716,0.25130475,-0.09364166,-0.9901034,0.062870175,0.12546921,0.08839699,-0.41501004,0.90551233,0.1090007,0.907642,0.40534532,,-0.05266228,0.42263305,-0.3581759,-0.09003498,0.2702289,-0.9585771,-0.9670646,-0.25379944,0.019284511,-0.23807509,0.92874223,0.28417963,,1.0563771843994223,0.540328728277992,0.21882152974000002,3.9524457447397996,0.10889929031305604,-1.198405754055586,-0.41375051951812947,,-1.2208559491546558,0.14853904410283422,0.16770362988,0.2619027394121709,0.22381058661579145,-1.1101279780311037,0.6698740152166791,,-0.07627525163528219,-0.034472434388453,0.0910472212,-0.1089195372335423,,1.5586615e-05,4.9471855e-06,-7.1525574e-06,1.0,5.364418e-06,4.9620867e-06,-5.364418e-06,1.0,9.536743e-07,-4.9471855e-06,-9.536743e-07,1.0,118,0.356,0,0,0.0,False,-0.26148663402373185,0.8432619696288803
0.37114786682650447,16:05:39.917410,16:04:22.041278,0,,0.1303471,-0.0035943016,0.016709685,0.9953901,0.05445274,-0.07895081,0.056512445,0.33210534,0.9415479,0.077489845,-0.9416692,0.32749707,,0.042247728,-0.03260896,0.030193985,0.20552081,-0.17256036,0.96331924,-0.7807581,0.56457984,0.2677058,-0.5900661,-0.80713856,-0.018695012,,0.0829804,1.2897646,0.42730394,0.99165547,0.10048147,-0.08076462,0.018952828,-0.7333136,-0.6796263,-0.12751566,0.6724244,-0.7290989,,-0.1267733,0.251655,-0.09378647,-0.9909228,0.050436627,0.12461192,0.093253456,-0.40976694,0.90741104,0.0968286,0.9107948,0.40134403,,-0.052661438,0.42263824,-0.3581774,-0.090168335,0.27268192,-0.95786965,-0.9674909,-0.25216922,0.019287659,-0.23628584,0.9284693,0.28655496,,1.0578367809126508,0.5412786244215216,0.21865430833000002,3.94783256598314,0.09673864183393184,-1.201639837789235,-0.4152206161133377,,-1.220832780956033,0.14846181677409198,0.16770362988,0.26211242935565543,0.22572349761250762,-1.107685570415966,0.669710671150545,,-0.07627525163528219,-0.034472434388453,0.0910472212,-0.1089195372335423,,1.5586615e-05,4.9471855e-06,-7.1525574e-06,1.0,5.364418e-06,4.9620867e-06,-5.364418e-06,1.0,9.536743e-07,-4.9471855e-06,-9.536743e-07,1.0,126,0.381,0,0,0.0,False,-0.26101001227556386,0.8416204428023786
0.39185712998732924,16:05:39.951074,16:04:22.212701,0,,0.13023876,-0.0033615306,0.017231107,0.9943613,0.06767854,-0.08164019,0.054437052,0.3349171,0.94067377,0.091006115,-0.93981385,0.3293443,,0.042260684,-0.032617573,0.030196488,0.20502456,-0.17451586,0.9630727,-0.7806223,0.5644101,0.2684587,-0.5904182,-0.8068367,-0.020513058,,0.0829804,1.2897646,0.42730394,0.99165547,0.10048147,-0.08076462,0.018952828,-0.7333136,-0.6796263,-0.12751566,0.6724244,-0.7290989,,-0.12669101,0.25218347,-0.094013974,-0.99119097,0.037362166,0.12706125,0.10108278,-0.40646675,0.90805674,0.08557314,0.91290134,0.3991095,,-0.05267434,0.42263305,-0.35818478,-0.08962976,0.27457505,-0.9573793,-0.96761173,-0.25177315,0.018379528,-0.23599584,0.92801875,0.28824842,,1.0604161736926416,0.5426146572087625,0.21839375404000003,3.939444968243759,0.0844413568550422,-1.2019854264544083,-0.4134238313858609,,-1.2208868400861528,0.1483768667124755,0.16770233359000003,0.262741499186109,0.22599677061203852,-1.1055397227592825,0.6682405745553364,,-0.07627525163528219,-0.034472434388453,0.0910472212,-0.1089195372335423,,1.5586615e-05,4.9471855e-06,-7.1525574e-06,1.0,5.364418e-06,4.9620867e-06,-5.364418e-06,1.0,9.536743e-07,-4.9471855e-06,-9.536743e-07,1.0,134,0.405,0,0,0.0,False,-0.2620824112089424,0.8405099981844515
0.4255027079489082,16:05:39.968539,16:04:22.212701,0,,0.13012204,-0.003206402,0.017497092,0.99371874,0.07207458,-0.08560434,0.056847084,0.3337907,0.94093156,0.09639117,-0.93988776,0.32759678,,0.04226601,-0.03262708,0.030193448,0.20501298,-0.17471567,0.96303886,-0.7806631,0.56430304,0.2685651,-0.59036833,-0.80686843,-0.020704642,,0.0829804,1.2897646,0.42730394,0.99165547,0.10048147,-0.08076462,0.018952828,-0.7333136,-0.6796263,-0.12751566,0.6724244,-0.7290989,,-0.12658514,0.25247943,-0.09411208,-0.990814,0.03291316,0.1311654,0.106544405,-0.40733775,0.9070415,0.08328222,0.9126843,0.40008923,,-0.052678853,0.42262414,-0.35819,-0.089624435,0.2747807,-0.95732075,-0.9675967,-0.25183648,0.018301608,-0.23605937,0.9279407,0.2884476,,1.0619916111989836,0.5433097031674428,0.21828097681000003,3.9333639598827084,0.08143535386020251,-1.199534232573087,-0.4134238313858609,,-1.2208945628190269,0.14830736211660747,0.16770233359000003,0.262741499186109,0.22599677061203852,-1.1052946865388606,0.6677505423569334,,-0.07627525163528219,-0.034472434388453,0.0910472212,-0.1089195372335423,,1.5586615e-05,4.9471855e-06,-7.1525574e-06,1.0,5.364418e-06,4.9620867e-06,-5.364418e-06,1.0,9.536743e-07,-4.9471855e-06,-9.536743e-07,1.0,145,0.439,0,0,0.0,False,-0.26101001227556386,0.8379028673423603
0.44298833585344255,16:05:40.003662,16:04:22.212701,0,,0.12996462,-0.0030946955,0.017867506,0.99219435,0.08197473,-0.093970075,0.06193195,0.33012766,0.9419024,0.10823431,-0.9403701,0.32247388,,0.042267904,-0.032639716,0.030185878,0.20421161,-0.17578635,0.9630143,-0.7807092,0.5642468,0.26854926,-0.590585,-0.80667514,-0.022012323,,0.0829804,1.2897646,0.42730394,0.99165547,0.10048147,-0.08076462,0.018952828,-0.7333136,-0.6796263,-0.12751566,0.6724244,-0.7290989,,-0.12645096,0.25281614,-0.094319694,-0.9898911,0.022832142,0.13997974,0.11840022,-0.41033226,0.90421724,0.07808342,0.91165024,0.40348092,,-0.052679185,0.42261016,-0.35819516,-0.08879869,0.27581188,-0.95710117,-0.9676834,-0.25157532,0.017282968,-0.23601618,0.9277056,0.28923815,,1.0639531853490365,0.5439661354617518,0.21805542235000003,3.9207825632736366,0.07501343837122681,-1.1942975910993554,-0.41375051951812925,,-1.2208559491546558,0.148222412054991,0.16770362988,0.2635802589600471,0.22599677061203852,-1.1040695054367524,0.6646470051003823,,-0.07627525163528219,-0.034472434388453,0.0910472212,-0.1089195372335423,,1.5586615e-05,4.9471855e-06,-7.1525574e-06,1.0,5.364418e-06,4.9620867e-06,-5.364418e-06,1.0,9.536743e-07,-4.9471855e-06,-9.536743e-07,1.0,153,0.463,0,0,0.0,False,-0.2618441003348577,0.8338956106776654
0.4781128929462284,16:05:40.025921,16:04:22.212701,0,,0.12981567,-0.0030447543,0.01804313,0.9912965,0.086314425,-0.09940227,0.06575721,0.32948205,0.9418692,0.11404817,-0.9402081,0.3209386,,0.042272583,-0.03264204,0.030184567,0.20321405,-0.17729643,0.96294856,-0.7807878,0.5640982,0.2686329,-0.5908251,-0.80644864,-0.023798242,,0.0829804,1.2897646,0.42730394,0.99165547,0.10048147,-0.08076462,0.018952828,-0.7333136,-0.6796263,-0.12751566,0.6724244,-0.7290989,,-0.12631375,0.25297368,-0.09442871,-0.9891858,0.018456956,0.1455019,0.12518214,-0.41069248,0.9031396,0.07642574,0.91158706,0.4039407,,-0.052683536,0.42260706,-0.35819584,-0.08777448,0.27727532,-0.95677274,-0.9677814,-0.2512853,0.01596125,-0.23599729,0.9273479,0.29039836,,1.0651810998760383,0.5440665309891167,0.21793875625000003,3.913443415251678,0.07241734487568344,-1.1929974383305288,-0.4147305839149349,,-1.22086367188753,0.14820696658924257,0.16770492617000002,0.26462870867746974,0.22586013411227307,-1.1023245127302446,0.661053435645428,,-0.07627525163528219,-0.034472434388453,0.0910472212,-0.1089195372335423,,1.5586615e-05,4.9471855e-06,-7.1525574e-06,1.0,5.364418e-06,4.9620867e-06,-5.364418e-06,1.0,9.536743e-07,-4.9471855e-06,-9.536743e-07,1.0,161,0.487,0,0,0.0,False,-0.26106958999408425,0.8313367600363541
0.5003570369444788,16:05:40.053794,16:04:22.212701,0,,0.12951995,-0.002935715,0.018209249,0.99068564,0.0908375,-0.10144146,0.06619958,0.32971275,0.94175744,0.118993424,-0.93970096,0.32062826,,0.042277887,-0.032639686,0.030192375,0.20323935,-0.17820078,0.96277624,-0.78077006,0.5638602,0.26918355,-0.5908399,-0.8064157,-0.024535283,,0.0829804,1.2897646,0.42730394,0.99165547,0.10048147,-0.08076462,0.018952828,-0.7333136,-0.6796263,-0.12751566,0.6724244,-0.7290989,,-0.12602532,0.25316757,-0.09450711,-0.9889571,0.013939214,0.14754489,0.12891644,-0.41018063,0.9028468,0.07310503,0.9118978,0.40385407,,-0.05269002,0.4226139,-0.35819846,-0.08779786,0.27817187,-0.9565103,-0.96778536,-0.2512833,0.015754705,-0.23597254,0.9270799,0.2912728,,1.0672662377520787,0.5437807898727705,0.21785060853000002,3.9088302364950187,0.06749843088412759,-1.1920901859227988,-0.41505727204720366,,-1.2209177310176496,0.148222412054991,0.16770103730000002,0.26462870867746974,0.22586013411227307,-1.101344367848558,0.6584399305872796,,-0.07627525163528219,-0.034472434388453,0.0910472212,-0.1089195372335423,,1.5586615e-05,4.9471855e-06,-7.1525574e-06,1.0,5.364418e-06,4.9620867e-06,-5.364418e-06,1.0,9.536743e-07,-4.9471855e-06,-9.536743e-07,1.0,169,0.512,0,0,0.0,False,-0.2617249448978165,0.8304194362215442
0.5282333639916033,16:05:40.084624,16:04:22.340683,0,,0.12927948,-0.0028580204,0.018336743,0.98890036,0.101593256,-0.108419724,0.06937144,0.32958603,0.94157344,0.13139114,-0.93864363,0.31888008,,0.04228034,-0.032641742,0.030193508,0.20320621,-0.17944634,0.96255183,-0.78085756,0.56340456,0.26988262,-0.59073555,-0.80645794,-0.02563475,,0.0829804,1.2897646,0.42730394,0.99165547,0.10048147,-0.08076462,0.018952828,-0.7333136,-0.6796263,-0.12751566,0.6724244,-0.7290989,,-0.125791,0.25331205,-0.094572924,-0.9879707,0.0031557838,0.154609,0.1397712,-0.4095546,0.9015149,0.06616581,0.91228014,0.40418684,,-0.052692536,0.42261308,-0.35820058,-0.08777784,0.27942377,-0.9561472,-0.9677542,-0.25142732,0.015366461,-0.23610777,0.9266643,0.29248327,,1.06909652544327,0.5433637622975622,0.21777542371000003,3.8972972896033697,0.0587536948991394,-1.1910036668566297,-0.4140772076503978,,-1.2209331764833982,0.1482146893221168,0.16769974101000001,0.26462870867746974,0.22572349761250762,-1.1000077688427532,0.6566431458598027,,-0.07627525163528219,-0.034472434388453,0.0910472212,-0.1089195372335423,,1.5586615e-05,4.9471855e-06,-7.1525574e-06,1.0,5.364418e-06,4.9620867e-06,-5.364418e-06,1.0,9.536743e-07,-4.9471855e-06,-9.536743e-07,1.0,177,0.536,0,0,0.0,False,-0.2620824112089424,0.82993663421375
0.5590694779530168,16:05:40.104302,16:04:22.340683,0,,0.12909302,-0.0027969405,0.01845643,0.98796475,0.10836597,-0.110373884,0.068828054,0.33104038,0.9411031,0.13852176,-0.9373735,0.3195976,,0.042281635,-0.032647435,0.030190885,0.20319489,-0.18014401,0.9624239,-0.7808821,0.5631797,0.27028078,-0.590707,-0.8064595,-0.026236027,,0.0829804,1.2897646,0.42730394,0.99165547,0.10048147,-0.08076462,0.018952828,-0.7333136,-0.6796263,-0.12751566,0.6724244,-0.7290989,,-0.12561098,0.25343907,-0.09463837,-0.9876789,-0.0035650115,0.15645371,0.1443011,-0.40763322,0.901672,0.06056126,0.9131388,0.40312514,,-0.052693263,0.42260745,-0.3582034,-0.0877701,0.28012073,-0.95594394,-0.9677457,-0.25147215,0.015164671,-0.23614533,0.92644167,0.29315737,,1.0705870128879953,0.543078021181216,0.21770023889,3.8920550410162567,0.05192186991086737,-1.1918037134027726,-0.41587399237787503,,-1.2209254537505239,0.14817607565774565,0.16769974101000001,0.26462870867746974,0.22572349761250762,-1.0992726601814882,0.6561531136613998,,-0.07627525163528219,-0.034472434388453,0.0910472212,-0.1089195372335423,,1.5586615e-05,4.9471855e-06,-7.1525574e-06,1.0,5.364418e-06,4.9620867e-06,-5.364418e-06,1.0,9.536743e-07,-4.9471855e-06,-9.536743e-07,1.0,192,0.583,0,0,0.0,False,-0.26101001227556386,0.8303228758199857
0.5787526099011302,16:05:40.140687,16:04:22.340683,0,,0.12870304,-0.0026117861,0.018684685,0.98671997,0.113866664,-0.115835726,0.072192095,0.3314044,0.9407228,0.14550543,-0.93659246,0.3187831,,0.042291123,-0.032647405,0.030194461,0.20321676,-0.18047795,0.96235675,-0.78088176,0.56307787,0.2704937,-0.5906999,-0.80645585,-0.026505113,,0.0829804,1.2897646,0.42730394,0.99165547,0.10048147,-0.08076462,0.018952828,-0.7333136,-0.6796263,-0.12751566,0.6724244,-0.7290989,,-0.12522815,0.25373104,-0.094720006,-0.9867626,-0.0090664355,0.16191806,0.15155718,-0.40683693,0.9008408,0.05770683,0.9134558,0.40282553,,-0.052703165,0.42260888,-0.35820493,-0.0877928,0.2804535,-0.9558443,-0.96774304,-0.2514866,0.015097193,-0.23614797,0.92633706,0.29348564,,1.0733826421884647,0.5428772301264861,0.21761079488,3.883667443276875,0.047002955919311515,-1.1902430310739183,-0.4150572720472038,,-1.2209872356135176,0.1481606301919972,0.16769974101000001,0.26462870867746974,0.22572349761250762,-1.0988642664807853,0.6566431458598027,,-0.07627525163528219,-0.034472434388453,0.0910472212,-0.1089195372335423,,1.5586615e-05,4.9471855e-06,-7.1525574e-06,1.0,5.364418e-06,4.9620867e-06,-5.364418e-06,1.0,9.536743e-07,-4.9471855e-06,-9.536743e-07,1.0,200,0.606,0,0,0.0,False,-0.2612483231496481,0.8295021124067348
0.6150841659400612,16:05:40.170545,16:04:22.340683,0,,0.12843217,-0.0024060756,0.018880278,0.98480403,0.12415519,-0.12143499,0.074837565,0.32759836,0.9418485,0.1567173,-0.93662417,0.3133287,,0.042300977,-0.032663886,0.030187905,0.20280978,-0.18060206,0.9624193,-0.780949,0.5631074,0.2702382,-0.59075105,-0.80640745,-0.026837304,,0.0829804,1.2897646,0.42730394,0.99165547,0.10048147,-0.08076462,0.018952828,-0.7333136,-0.6796263,-0.12751566,0.6724244,-0.7290989,,-0.12495933,0.2540152,-0.094750464,-0.98558843,-0.019582065,0.16802381,0.16121264,-0.4096243,0.89789665,0.051243965,0.9120441,0.40687785,,-0.052711394,0.42259228,-0.35821313,-0.08738081,0.280568,-0.9558484,-0.96776843,-0.25141388,0.014673566,-0.23619664,0.9263221,0.2934936,,1.0758153030438453,0.5428772301264861,0.2175693136,3.8729732561591645,0.03880476593338509,-1.184293065513398,-0.41456723984880073,,-1.220994958346392,0.14803706646600961,0.16770103730000002,0.2650480885644388,0.22572349761250762,-1.0986192302603635,0.6561531136613997,,-0.07627525163528219,-0.034472434388453,0.0910472212,-0.1089195372335423,,1.5586615e-05,4.9471855e-06,-7.1525574e-06,1.0,5.364418e-06,4.9620867e-06,-5.364418e-06,1.0,9.536743e-07,-4.9471855e-06,-9.536743e-07,1.0,208,0.631,0,0,0.0,False,-0.261427056305211,0.8282951073872482
0.6449456568807364,16:05:40.191272,16:04:22.465750,0,,0.12809142,-0.0022022128,0.019101828,0.9832594,0.12776431,-0.12991226,0.08140592,0.32984123,0.94052,0.16301532,-0.9353507,0.31391868,,0.042320438,-0.03268415,0.03018409,0.1995029,-0.18138438,0.96296316,-0.7814642,0.563447,0.2680319,-0.5911956,-0.8059946,-0.029336095,,0.0829804,1.2897646,0.42730394,0.99165547,0.10048147,-0.08076462,0.018952828,-0.7333136,-0.6796263,-0.12751566,0.6724244,-0.7290989,,-0.12462338,0.25431603,-0.09480883,-0.9840668,-0.023098702,0.17629255,0.17031427,-0.40712655,0.8973522,0.05104571,0.9130796,0.40457374,,-0.052729413,0.42257413,-0.3582254,-0.0840298,0.28126878,-0.9559429,-0.96797884,-0.2507774,0.0113011105,-0.23655024,0.9262821,0.293335,,1.0783792503580878,0.5429312892566057,0.21750320281000002,3.862488758984939,0.036891854936668925,-1.185020219585584,-0.4148939279810693,,-1.221033572010763,0.1479289482057705,0.16769974101000001,0.2684031276601912,0.22490367861391497,-1.0971339354367793,0.654519673000057,,-0.07627525163528219,-0.034472434388453,0.0910472212,-0.1089195372335423,,1.5586615e-05,4.9471855e-06,-7.1525574e-06,1.0,5.364418e-06,4.9620867e-06,-5.364418e-06,1.0,9.536743e-07,-4.9471855e-06,-9.536743e-07,1.0,216,0.655,0,0,0.0,False,-0.26136747858668974,0.8269432617654235
0.6656514259520918,16:05:40.219606,16:04:22.465750,0,,0.12797476,-0.002128698,0.019180685,0.9829196,0.12831295,-0.13192704,0.08308572,0.3302488,0.94023,0.16421244,-0.9351318,0.313947,,0.04232722,-0.032686863,0.030184567,0.19943942,-0.18229753,0.9628039,-0.78163785,0.5629799,0.26850665,-0.5909874,-0.806115,-0.030210271,,0.0829804,1.2897646,0.42730394,0.99165547,0.10048147,-0.08076462,0.018952828,-0.7333136,-0.6796263,-0.12751566,0.6724244,-0.7290989,,-0.124508336,0.25442377,-0.09482841,-0.983698,-0.0236302,0.17826913,0.17235641,-0.40668118,0.8971642,0.051298533,0.9132645,0.4041243,,-0.052736092,0.42257187,-0.35822737,-0.08399251,0.28220418,-0.9556705,-0.9679163,-0.25103444,0.0109397005,-0.23681898,0.92592794,0.29423505,,1.0792596419057494,0.5429776256538511,0.21748116588000002,3.8599724796631243,0.036618581937138045,-1.1848790625183314,-0.414730583914935,,-1.221072185675134,0.14791350274002205,0.16769974101000001,0.2684031276601912,0.2246304056143841,-1.096094312227981,0.6548463611323257,,-0.07627525163528219,-0.034472434388453,0.0910472212,-0.1089195372335423,,1.5586615e-05,4.9471855e-06,-7.1525574e-06,1.0,5.364418e-06,4.9620867e-06,-5.364418e-06,1.0,9.536743e-07,-4.9471855e-06,-9.536743e-07,1.0,224,0.68,0,0,0.0,False,-0.2611887454311268,0.8263156191552907
0.694055441999808,16:05:40.247148,16:04:22.465750,0,,0.12766996,-0.0018981844,0.019394785,0.9813928,0.13508269,-0.13645753,0.085691735,0.32784992,0.9408355,0.17182818,-0.9350225,0.3101741,,0.04234106,-0.032686327,0.030188441,0.1998564,-0.18359819,0.9624703,-0.78164476,0.56244797,0.26959914,-0.59083736,-0.8061911,-0.031099752,,0.0829804,1.2897646,0.42730394,0.99165547,0.10048147,-0.08076462,0.018952828,-0.7333136,-0.6796263,-0.12751566,0.6724244,-0.7290989,,-0.124205396,0.2547387,-0.09485901,-0.98261344,-0.030552004,0.18313213,0.17950061,-0.40834907,0.89500314,0.047437698,0.9123144,0.4067334,,-0.052750375,0.42257336,-0.35822842,-0.08442676,0.28351805,-0.95524323,-0.9678615,-0.25124437,0.010972177,-0.23688868,0.9254695,0.29561797,,1.0818467574186146,0.5430625757154676,0.21744227718000003,3.8515848819237437,0.031153121946520423,-1.1802589888901935,-0.41505727204720366,,-1.2211648584696249,0.14789033454139935,0.16770103730000002,0.26798374777322215,0.2246304056143841,-1.0947057736455912,0.6523962001403112,,-0.07627525163528219,-0.034472434388453,0.0910472212,-0.1089195372335423,,1.5586615e-05,4.9471855e-06,-7.1525574e-06,1.0,5.364418e-06,4.9620867e-06,-5.364418e-06,1.0,9.536743e-07,-4.9471855e-06,-9.536743e-07,1.0,239,0.726,0,0,0.0,False,-0.26249945523859,0.8235153675100819
0.7215928758960217,16:05:40.287794,16:04:22.465750,0,,0.1273129,-0.0016222522,0.01964289,0.97767603,0.14902222,-0.1481278,0.09272839,0.3266023,0.9406022,0.18854949,-0.93333983,0.30549264,,0.042360827,-0.03268421,0.030197918,0.20001565,-0.18385026,0.96238905,-0.7813918,0.56266147,0.26988676,-0.591118,-0.8059846,-0.03111802,,0.0829804,1.2897646,0.42730394,0.99165547,0.10048147,-0.08076462,0.018952828,-0.7333136,-0.6796263,-0.12751566,0.6724244,-0.7290989,,-0.12384983,0.25511003,-0.09488892,-0.9797673,-0.044638038,0.19509846,0.19613837,-0.40810606,0.89161605,0.039820872,0.9118426,0.40860423,,-0.052771386,0.4225793,-0.35823125,-0.08455043,0.28372958,-0.9551695,-0.96794415,-0.25091812,0.011146924,-0.23650661,0.9254932,0.29584962,,1.0850053551641725,0.5430548529825933,0.21740338848000001,3.83334185684059,0.02131529396340871,-1.1759941218705172,-0.41505727204720366,,-1.2212961449284867,0.14785172087702825,0.16770103730000002,0.26798374777322215,0.22504031511368042,-1.0943865974355562,0.6497826950821629,,-0.07627525163528219,-0.034472434388453,0.0910472212,-0.1089195372335423,,1.5586615e-05,4.9471855e-06,-7.1525574e-06,1.0,5.364418e-06,4.9620867e-06,-5.364418e-06,1.0,9.536743e-07,-4.9471855e-06,-9.536743e-07,1.0,243,0.737,0,0,0.0,False,-0.26160578946077395,0.8226463238960515
0.7622439358383417,16:05:40.311454,16:04:22.465750,0,,0.1270736,-0.0014005601,0.019818664,0.97553855,0.15910462,-0.1516911,0.092472985,0.32900763,0.9397886,0.19943222,-0.9308274,0.30624673,,0.04238732,-0.03267822,0.030209482,0.20008957,-0.18392539,0.9623593,-0.7813674,0.56264544,0.26999086,-0.5911253,-0.80597866,-0.031133845,,0.0829804,1.2897646,0.42730394,0.99165547,0.10048147,-0.08076462,0.018952828,-0.7333136,-0.6796263,-0.12751566,0.6724244,-0.7290989,,-0.123609476,0.25539201,-0.094890565,-0.9785722,-0.054676272,0.19851196,0.20346797,-0.40464285,0.891552,0.031579707,0.9128388,0.4070971,,-0.052799482,0.4225883,-0.35823187,-0.08462319,0.28380346,-0.95514107,-0.9679448,-0.25091314,0.011203109,-0.23647799,0.92547184,0.29593915,,1.0873376204921883,0.5430548529825933,0.21739561074000002,3.824954259101209,0.011614102480062437,-1.176087967241846,-0.41375051951812936,,-1.221481490517468,0.14784399814415403,0.16770233359000003,0.26798374777322215,0.22504031511368042,-1.0941415612151344,0.6492926628837602,,-0.07627525163528219,-0.034472434388453,0.0910472212,-0.1089195372335423,,1.5586615e-05,4.9471855e-06,-7.1525574e-06,1.0,5.364418e-06,4.9620867e-06,-5.364418e-06,1.0,9.536743e-07,-4.9471855e-06,-9.536743e-07,1.0,255,0.774,0,0,0.0,False,-0.26148663402373185,0.8227911644983901
0.7858787740115076,16:05:40.347135,16:04:22.465750,0,,0.1268684,-0.0011980459,0.019988924,0.97322285,0.17035405,-0.15432656,0.091981724,0.32666695,0.94065297,0.21065745,-0.9296602,0.30225024,,0.042420924,-0.032668892,0.030222714,0.1996412,-0.18372731,0.96249026,-0.7812402,0.5630455,0.26952434,-0.5914448,-0.8057445,-0.031128094,,0.0829804,1.2897646,0.42730394,0.99165547,0.10048147,-0.08076462,0.018952828,-0.7333136,-0.6796263,-0.12751566,0.6724244,-0.7290989,,-0.12340401,0.2556563,-0.094897486,-0.977247,-0.06613219,0.20153122,0.21086352,-0.40554354,0.88942176,0.022910276,0.9116803,0.41026106,,-0.052834965,0.42259973,-0.3582304,-0.08413653,0.28355995,-0.9552564,-0.9680522,-0.25051162,0.010901254,-0.23621167,0.9256553,0.295578,,1.0894613720326,0.543078021181216,0.21738394413000003,3.816566661361828,0.0016396379971852853,-1.1711399311374893,-0.41489392798106917,,-1.2217054497708206,0.14783627541127978,0.16770622246000003,0.26861281760367567,0.22517695161344586,-1.0940896216385496,0.6486392866192229,,-0.07627525163528219,-0.034472434388453,0.0910472212,-0.1089195372335423,,1.5586615e-05,4.9471855e-06,-7.1525574e-06,1.0,5.364418e-06,4.9620867e-06,-5.364418e-06,1.0,9.536743e-07,-4.9471855e-06,-9.536743e-07,1.0,263,0.799,0,0,0.0,False,-0.260652545964438,0.8178183038181057
0.8215797620359808,16:05:40.362113,16:04:22.465750,0,,0.12675257,-0.0010967553,0.020086199,0.9714889,0.17671844,-0.15805,0.09353494,0.32688183,0.9404251,0.21785414,-0.92839587,0.3010327,,0.04245269,-0.03266916,0.030225158,0.19624017,-0.184897,0.96296555,-0.78158593,0.56353974,0.2674814,-0.59212595,-0.8051311,-0.03392376,,0.0829804,1.2897646,0.42730394,0.99165547,0.10048147,-0.08076462,0.018952828,-0.7333136,-0.6796263,-0.12751566,0.6724244,-0.7290989,,-0.12328916,0.25579688,-0.09491118,-0.9760039,-0.07254362,0.20531411,0.21695694,-0.40452248,0.88842064,0.018604921,0.9116463,0.41055435,,-0.05286672,0.4225971,-0.35823002,-0.08066267,0.28460875,-0.9552442,-0.96832806,-0.24957134,0.007409348,-0.2362928,0.92558736,0.29572573,,1.0906043364979852,0.543078021181216,0.21736838865000002,3.809856583170323,-0.0034159124941360113,-1.169957903345782,-0.4135871754519952,,-1.2218521816954309,0.1478131072126571,0.16771270391,0.2721775466429126,0.22449376911461866,-1.092143993537678,0.6461891256272086,,-0.07627525163528219,-0.034472434388453,0.0910472212,-0.1089195372335423,,1.5586615e-05,4.9471855e-06,-7.1525574e-06,1.0,5.364418e-06,4.9620867e-06,-5.364418e-06,1.0,9.536743e-07,-4.9471855e-06,-9.536743e-07,1.0,271,0.823,0,0,0.0,False,-0.26148663402373185,0.8151628927752355
0.8365078410133719,16:05:40.387199,16:04:22.465750,0,,0.12669647,-0.0010139719,0.020186007,0.9694922,0.18544005,-0.16030204,0.09267394,0.32813394,0.9400743,0.22692795,-0.9262506,0.3009378,,0.042471576,-0.032671187,0.03023082,0.19662851,-0.18672058,0.9625345,-0.7816838,0.56275153,0.2688513,-0.5918678,-0.80526155,-0.035303473,,0.0829804,1.2897646,0.42730394,0.99165547,0.10048147,-0.08076462,0.018952828,-0.7333136,-0.6796263,-0.12751566,0.6724244,-0.7290989,,-0.123235285,0.25592571,-0.094932556,-0.9748449,-0.08128938,0.20753191,0.22259957,-0.40214553,0.88810384,0.011264624,0.91196,0.4101245,,-0.052886166,0.42259768,-0.35823384,-0.08108178,0.28645575,-0.9546564,-0.9682419,-0.2499102,0.0072471723,-0.23650238,0.9249259,0.29762164,,1.0915310644428922,0.5431166348455871,0.21734505543000002,3.8037755748092716,-0.011340829480531557,-1.1697032491820722,-0.4148939279810695,,-1.2219757454214184,0.147774493548286,0.16771270391,0.27175816675594355,0.2243571326148532,-1.0901539646107488,0.642758900238389,,-0.07627525163528219,-0.034472434388453,0.0910472212,-0.1089195372335423,,1.5586615e-05,4.9471855e-06,-7.1525574e-06,1.0,5.364418e-06,4.9620867e-06,-5.364418e-06,1.0,9.536743e-07,-4.9471855e-06,-9.536743e-07,1.0,282,0.857,0,0,0.0,False,-0.2620824112089424,0.813183404543278
