Task Time,PC1 Time,PC2 Time,Gaze Calib,s_T_psm1,Tx,Ty,Tz,R00,R01,R02,R10,R11,R12,R20,R21,R22,s_T_psm3,Tx,Ty,Tz,R00,R01,R02,R10,R11,R12,R20,R21,R22,cart_T_ecm,Tx,Ty,Tz,R00,R01,R02,R10,R11,R12,R20,R21,R22,ecm_T_psm1,Tx,Ty,Tz,R00,R01,R02,R10,R11,R12,R20,R21,R22,ecm_T_psm3,Tx,Ty,Tz,R00,R01,R02,R10,R11,R12,R20,R21,R22,psm1_joints,q1,q2,q3,q4,q5,q6,jaw,psm3_joints,q1,q2,q3,q4,q5,q6,jaw,ecm_joints,q1,q2,q3,q4,ecmi_T_ecm,Tx,Ty,Tz,R00,R01,R02,R10,R11,R12,R20,R21,R22,Sample #,Task Duration (s),Collisions (binary),Collisions (increments),Cumulative Collision Time (s),Clutch Press,MTMR Angle,MTML Angle
""
lci_T_si,,,,,-0.05352222,0.052262206,0.18758368,0.9852688,0.08240888,0.14984752,0.16226129,-0.7272103,-0.6669606,0.054007176,0.6814499,-0.72986937
rci_T_si,,,,,-0.062090434,0.054590147,0.19598114,0.98279583,0.06324867,0.17352791,0.16653219,-0.70975983,-0.68447644,0.079870924,0.7015986,-0.70808196
ecm_T_lc,,,,,-4.4061628e-05,-0.00034663224,-0.01840835,-0.99912,0.030754527,0.028518902,-0.031987965,-0.99852574,-0.043852776,0.027128186,-0.04472645,0.9986309
ecm_T_rc,,,,,-0.0043358393,0.01870579,-0.007592615,-0.99555075,-0.052743673,-0.078081585,0.04863213,-0.9973746,0.053654674,-0.08070653,0.04961868,0.9955021
cart_T_ecmi,,,,,0.08275826,1.28792,0.42543122,0.99152017,0.10184248,-0.08072096,0.019885775,-0.73274505,-0.6802127,-0.12842242,0.6728394,-0.7285567
ecmac_T_ecmrep_psm1,,,,,0.022898523,-0.26913688,-0.29720387,0.9902475,0.13300471,0.041468147,-0.1315095,0.99062705,-0.036922794,-0.045990374,0.031109251,0.9984574
ecmac_T_ecmrep_psm3,,,,,0.02078248,-0.4666591,-0.5231304,0.997355,0.0035024614,0.07259993,-0.011652398,0.993624,0.11214125,-0.07174426,-0.1126906,0.99103665
""
0,16:47:57.323048,16:46:39.562911,0,,0.10609101,0.004195571,0.027539358,-0.28294876,0.8746337,-0.39364418,0.22580096,0.459624,0.8589294,0.93217695,0.15414771,-0.32754332,,0.048320226,0.017506672,0.026795328,0.6149987,0.32432148,0.7187435,-0.24481851,-0.78792083,0.5650176,0.74956024,-0.5234467,-0.4051704,,0.08278762,1.2879165,0.42543745,0.9915207,0.10182191,-0.08074005,0.019857945,-0.73274785,-0.6802104,-0.12842242,0.6728394,-0.7285567,,-0.10224829,0.23706718,-0.12768635,0.21195547,-0.8913798,0.40064573,0.81971544,0.38537177,0.42373955,-0.53211045,0.23860157,0.8123594,,-0.056399435,0.42997083,-0.3438648,-0.67481637,-0.14715247,-0.723166,0.3147324,-0.9437209,-0.10165815,-0.6675076,-0.29620436,0.68315196,,1.0885732577520641,0.3702587049218199,0.19213221493000002,2.0838986583492027,-0.6777170388365846,-0.07866218021215537,-0.4121170788567866,,-1.2224700003253688,0.2413508477852644,0.18221300385000003,-1.3172722249697821,-0.6543521973766943,-0.10400390473506665,0.8190071475972761,,-0.07622289175772236,-0.03365431130158066,0.09367255299999999,-0.10990079432573638,,2.8245151e-05,9.655952e-06,-4.529953e-06,0.99999994,-2.0451844e-05,-1.8879771e-05,2.0444393e-05,1.0,-3.606081e-06,1.8887222e-05,3.5762787e-06,1.0,38,0.114,0,0,0.0,False,-0.25683957197909146,0.9950066406787184
0.12005941988900304,16:47:57.354369,16:46:39.630727,0,,0.106619835,0.004142143,0.027301058,-0.2865076,0.8735046,-0.39357716,0.23456621,0.4622501,0.8551628,0.9289197,0.15269071,-0.33733302,,0.04831318,0.017511142,0.026797712,0.6149868,0.32451415,0.7186667,-0.2446832,-0.78787035,0.56514657,0.7496141,-0.5234033,-0.40512672,,0.08278762,1.2879165,0.42543745,0.9915207,0.10182191,-0.08074005,0.019857945,-0.73274785,-0.6802104,-0.12842242,0.6728394,-0.7285567,,-0.10275782,0.23683259,-0.12752937,0.21558094,-0.8901967,0.4013412,0.82406986,0.38635078,0.41429693,-0.5238642,0.24141867,0.8168741,,-0.056393396,0.42997667,-0.34386268,-0.67482924,-0.14735408,-0.7231129,0.31485856,-0.94369245,-0.10153163,-0.66743505,-0.2961948,0.683227,,1.0857235693214753,0.3713012738598402,0.19220480717000002,2.086205247727533,-0.6695188488506583,-0.0843671095522539,-0.4127704551213237,,-1.222446832126746,0.2413894614496355,0.18221170756000002,-1.3174819149132664,-0.6543521973766943,-0.10400390473506672,0.8193338357295447,,-0.07622289175772236,-0.03365431130158066,0.09367255299999999,-0.10990079432573638,,2.8245151e-05,9.655952e-06,-4.529953e-06,0.99999994,-2.0451844e-05,-1.8879771e-05,2.0444393e-05,1.0,-3.606081e-06,1.8887222e-05,3.5762787e-06,1.0,46,0.138,0,0,0.0,False,-0.25767366003838577,0.9958756842927488
0.15137881180271506,16:47:57.382837,16:46:39.630727,0,,0.10714839,0.0040508956,0.02702792,-0.2856573,0.87685704,-0.3866801,0.24514943,0.45692876,0.85505426,0.9264456,0.149458,-0.3454862,,0.04831085,0.01751454,0.026798308,0.6150529,0.3248403,0.7184627,-0.24448326,-0.787717,0.56544673,0.7496252,-0.52343166,-0.4050697,,0.08278762,1.2879165,0.42543745,0.9915207,0.10182191,-0.08074005,0.019857945,-0.73274785,-0.6802104,-0.12842242,0.6728394,-0.7285567,,-0.10326392,0.2365467,-0.12737311,0.21472122,-0.8932162,0.3950439,0.8300086,0.38006625,0.40820995,-0.5147626,0.2402385,0.8229854,,-0.05639163,0.42997968,-0.34386036,-0.6749212,-0.14769027,-0.72295845,0.31497657,-0.9436815,-0.10126694,-0.6672864,-0.29606217,0.68342966,,1.08278893082927,0.3719577061541493,0.19228776973000003,2.0943831555234294,-0.6615939318642626,-0.08552022985750984,-0.412933799187458,,-1.222446832126746,0.24140490691538394,0.18221170756000002,-1.317691604856751,-0.6542155608769288,-0.10411532263876318,0.8198238679279477,,-0.07622289175772236,-0.03365431130158066,0.09367255299999999,-0.10990079432573638,,2.8245151e-05,9.655952e-06,-4.529953e-06,0.99999994,-2.0451844e-05,-1.8879771e-05,2.0444393e-05,1.0,-3.606081e-06,1.8887222e-05,3.5762787e-06,1.0,54,0.163,0,0,0.0,False,-0.25773323775690704,0.995392882284954
0.17977535794489086,16:47:57.405828,16:46:39.630727,0,,0.107629865,0.003960222,0.026766047,-0.28184795,0.88201344,-0.3776424,0.25312027,0.4480093,0.85744834,0.9254683,0.14608108,-0.3495261,,0.048306733,0.017517013,0.026798666,0.6150716,0.32472196,0.71850014,-0.24448553,-0.7877982,0.56533253,0.749609,-0.52338284,-0.40516263,,0.08278762,1.2879165,0.42543745,0.9915207,0.10182191,-0.08074005,0.019857945,-0.73274785,-0.6802104,-0.12842242,0.6728394,-0.7285567,,-0.1037239,0.23627186,-0.12722649,0.21085034,-0.89796084,0.3862751,0.83489275,0.37095878,0.40662476,-0.50842524,0.2367613,0.82791775,,-0.056387946,0.4299822,-0.3438586,-0.6749371,-0.14757024,-0.7229681,0.31495926,-0.94367135,-0.10141513,-0.6672784,-0.29615435,0.6833975,,1.0800087469945492,0.37236701099648317,0.19238758406,2.104657962754171,-0.6573582003715339,-0.08407346046366498,-0.41293379918745793,,-1.2224313866609977,0.24142807511400663,0.18221170756000002,-1.317691604856751,-0.6542155608769288,-0.10403364389862248,0.8204772441924847,,-0.07622289175772236,-0.03365431130158066,0.09367255299999999,-0.10990079432573638,,2.8245151e-05,9.655952e-06,-4.529953e-06,0.99999994,-2.0451844e-05,-1.8879771e-05,2.0444393e-05,1.0,-3.606081e-06,1.8887222e-05,3.5762787e-06,1.0,61,0.184,0,0,0.0,False,-0.25731619372725945,0.9950549208794979
0.20282445289194584,16:47:57.434191,16:46:39.630727,0,,0.10791565,0.0039032847,0.026593551,-0.2801533,0.88365173,-0.37506482,0.2563882,0.4453944,0.8578396,0.92508316,0.14416435,-0.35133675,,0.048301652,0.017522437,0.02680391,0.61496335,0.32536387,0.7183024,-0.24407354,-0.78764004,0.5657309,0.74983215,-0.5232223,-0.40495712,,0.08278762,1.2879165,0.42543745,0.9915207,0.10182191,-0.08074005,0.019857945,-0.73274785,-0.6802104,-0.12842242,0.6728394,-0.7285567,,-0.10399564,0.23609476,-0.1271292,0.20912974,-0.89941216,0.38382617,0.8368977,0.36764634,0.40551013,-0.505833,0.236419,0.8296017,,-0.056384355,0.42999047,-0.3438575,-0.6749135,-0.14824289,-0.7228525,0.31540233,-0.9435703,-0.10097733,-0.667093,-0.29614034,0.6835846,,1.078247963899226,0.37256780205121304,0.19246665775000002,2.109480831454315,-0.656128471873645,-0.08523957907721402,-0.4127704551213237,,-1.2224236639281234,0.24145896604550351,0.18220911498000003,-1.3183206746872045,-0.6542155608769288,-0.10411532263876312,0.8206405882586189,,-0.07622289175772236,-0.03365431130158066,0.09367255299999999,-0.10990079432573638,,2.8245151e-05,9.655952e-06,-4.529953e-06,0.99999994,-2.0451844e-05,-1.8879771e-05,2.0444393e-05,1.0,-3.606081e-06,1.8887222e-05,3.5762787e-06,1.0,73,0.22,0,0,0.0,False,-0.25779281547542787,0.9965033269028816
0.23119833879172802,16:47:57.470551,16:46:39.749491,0,,0.108463176,0.0037768856,0.026274577,-0.2828816,0.8832583,-0.37394196,0.25767672,0.44551647,0.85739005,0.9238943,0.1461837,-0.35362366,,0.048293665,0.017530603,0.026806831,0.61487097,0.32600328,0.7180916,-0.24366093,-0.7874748,0.5661386,0.7500421,-0.523073,-0.40476117,,0.08278762,1.2879165,0.42543745,0.9915207,0.10182191,-0.08074005,0.019857945,-0.73274785,-0.6802104,-0.12842242,0.6728394,-0.7285567,,-0.104516804,0.23575078,-0.12696311,0.21191235,-0.89916545,0.38287675,0.83718747,0.36914197,0.4035485,-0.50419277,0.2350227,0.8309958,,-0.056377944,0.42999917,-0.34385282,-0.67490387,-0.14891246,-0.72272396,0.31583267,-0.9434732,-0.10053878,-0.6668992,-0.29611385,0.6837851,,1.0746105567154662,0.3730929478866603,0.19261443481,2.1096905213977997,-0.6564017448731759,-0.0858335306712269,-0.41326048731972653,,-1.2224004957295007,0.24150530244274887,0.18220911498000003,-1.3189497445176583,-0.6542155608769288,-0.10419700137890368,0.8204772441924846,,-0.07622289175772236,-0.03365431130158066,0.09367255299999999,-0.10990079432573638,,2.8245151e-05,9.655952e-06,-4.529953e-06,0.99999994,-2.0451844e-05,-1.8879771e-05,2.0444393e-05,1.0,-3.606081e-06,1.8887222e-05,3.5762787e-06,1.0,81,0.245,0,0,0.0,False,-0.2571374605716965,0.9961170852966461
0.26755701284855604,16:47:57.492613,16:46:39.749491,0,,0.108721584,0.0037171692,0.026184693,-0.2847484,0.883333,-0.3723452,0.25600386,0.44439134,0.8584744,0.9237858,0.14912735,-0.35267657,,0.04828956,0.017531378,0.026807666,0.6149312,0.32586756,0.71810156,-0.24380332,-0.78744936,0.5661127,0.74994636,-0.52319586,-0.40477964,,0.08278762,1.2879165,0.42543745,0.9915207,0.10182191,-0.08074005,0.019857945,-0.73274785,-0.6802104,-0.12842242,0.6728394,-0.7285567,,-0.10476708,0.23562995,-0.12692878,0.2138115,-0.8994292,0.3811978,0.83601356,0.37033594,0.40488592,-0.5053375,0.23211728,0.8311171,,-0.056374125,0.43000105,-0.34385267,-0.6749319,-0.14876564,-0.72272795,0.31566098,-0.9435273,-0.10057067,-0.6669521,-0.29601538,0.68377614,,1.0729270009488854,0.3734790845303715,0.19264554577,2.108222691793408,-0.6584512923696575,-0.0834271534545154,-0.41244376698905505,,-1.2223850502637523,0.24152847064137153,0.18220781869000002,-1.3187400545741736,-0.6542155608769288,-0.10427868011904422,0.820640588258619,,-0.07622289175772236,-0.03365431130158066,0.09367255299999999,-0.10990079432573638,,2.8245151e-05,9.655952e-06,-4.529953e-06,0.99999994,-2.0451844e-05,-1.8879771e-05,2.0444393e-05,1.0,-3.606081e-06,1.8887222e-05,3.5762787e-06,1.0,92,0.277,0,0,0.0,False,-0.25826943722359585,0.9957308436904104
0.28962106187827885,16:47:57.523352,16:46:39.749491,0,,0.10919128,0.0036257356,0.026058927,-0.28895822,0.88442516,-0.36646283,0.25701,0.4404058,0.86022586,0.92219776,0.15438466,-0.35456514,,0.048287414,0.017536445,0.026810408,0.6148118,0.32639176,0.71796584,-0.2433888,-0.78739077,0.5663725,0.75017893,-0.52295727,-0.404657,,0.08278762,1.2879165,0.42543745,0.9915207,0.10182191,-0.08074005,0.019857945,-0.73274785,-0.6802104,-0.12842242,0.6728394,-0.7285567,,-0.10522496,0.23544843,-0.12688184,0.21810502,-0.9008214,0.3754344,0.8359165,0.37097418,0.4045018,-0.5036603,0.22560796,0.83392286,,-0.056373026,0.43000662,-0.34385034,-0.6748989,-0.14932054,-0.7226443,0.31611496,-0.94340485,-0.100292675,-0.6667704,-0.2961261,0.68390536,,1.0701699853127873,0.37440581247527843,0.19265721238000003,2.106125792358563,-0.6574948368712994,-0.07750942208886424,-0.4127704551213237,,-1.2223850502637523,0.24154391610711998,0.18220781869000002,-1.3193691244046273,-0.6542155608769288,-0.10419700137890363,0.8211306204570219,,-0.07622289175772236,-0.03365431130158066,0.09367255299999999,-0.10990079432573638,,2.8245151e-05,9.655952e-06,-4.529953e-06,0.99999994,-2.0451844e-05,-1.8879771e-05,2.0444393e-05,1.0,-3.606081e-06,1.8887222e-05,3.5762787e-06,1.0,104,0.314,0,0,0.0,False,-0.25761408231986493,0.9945238386709241
0.3203604950103909,16:47:57.555997,16:46:39.749491,0,,0.10967023,0.0035507157,0.025959775,-0.2915386,0.8860336,-0.3604851,0.2616122,0.4363432,0.86090857,0.9200892,0.15668076,-0.35900825,,0.048283827,0.017541243,0.026812375,0.61474174,0.3267213,0.71787584,-0.24311408,-0.78736067,0.5665324,0.7503254,-0.52279675,-0.40459293,,0.08278762,1.2879165,0.42543745,0.9915207,0.10182191,-0.08074005,0.019857945,-0.73274785,-0.6802104,-0.12842242,0.6728394,-0.7285567,,-0.10569424,0.23529655,-0.1268426,0.22074679,-0.90251666,0.36977628,0.8379739,0.369497,0.40158653,-0.49906975,0.22121392,0.8378507,,-0.05637038,0.43001175,-0.3438478,-0.67488503,-0.14966999,-0.72258496,0.3164082,-0.9433239,-0.10012921,-0.66664535,-0.29620752,0.683992,,1.0676369289300416,0.375456104146173,0.19264036061,2.1073839320194696,-0.6533957418783363,-0.07448101746879293,-0.41309714325359215,,-1.222377327530878,0.24156708430574267,0.18220781869000002,-1.3197885042915962,-0.6542155608769288,-0.10411532263876318,0.819987211994082,,-0.07622289175772236,-0.03365431130158066,0.09367255299999999,-0.10990079432573638,,2.8245151e-05,9.655952e-06,-4.529953e-06,0.99999994,-2.0451844e-05,-1.8879771e-05,2.0444393e-05,1.0,-3.606081e-06,1.8887222e-05,3.5762787e-06,1.0,111,0.335,0,0,0.0,False,-0.2571374605716965,0.9947169594740419
0.353007007855922,16:47:57.577964,16:46:39.749491,0,,0.11015248,0.00350219,0.025964454,-0.29152194,0.8887733,-0.3536903,0.2635485,0.4300669,0.86347234,0.9195417,0.15850654,-0.35960895,,0.048282202,0.017543448,0.026813328,0.61479115,0.3264734,0.71794635,-0.24326295,-0.78742546,0.5663784,0.7502367,-0.52285415,-0.40468332,,0.08278762,1.2879165,0.42543745,0.9915207,0.10182191,-0.08074005,0.019857945,-0.73274785,-0.6802104,-0.12842242,0.6728394,-0.7285567,,-0.10617468,0.23523477,-0.1268603,0.22073476,-0.90526754,0.36299703,0.8390041,0.36602047,0.4026179,-0.49734125,0.2156842,0.8403166,,-0.056369204,0.43001416,-0.34384665,-0.67490256,-0.14941037,-0.7226224,0.31623998,-0.9433616,-0.100305736,-0.66670746,-0.2962187,0.68392664,,1.0652814954034031,0.37673035507042,0.19257295353,2.110738971115222,-0.652712559379509,-0.07070913375982535,-0.4129337991874578,,-1.2223850502637523,0.24159025250436533,0.18220781869000002,-1.3195788143481118,-0.6542155608769288,-0.10403364389862253,0.8198238679279476,,-0.07622289175772236,-0.03365431130158066,0.09367255299999999,-0.10990079432573638,,2.8245151e-05,9.655952e-06,-4.529953e-06,0.99999994,-2.0451844e-05,-1.8879771e-05,2.0444393e-05,1.0,-3.606081e-06,1.8887222e-05,3.5762787e-06,1.0,122,0.367,0,0,0.0,False,-0.25672041654204936,0.9943789980685855
0.3749078989494592,16:47:57.614321,16:46:39.892106,0,,0.11067167,0.0034649596,0.026052013,-0.287543,0.892387,-0.3477994,0.2675087,0.4235132,0.8654915,0.91965103,0.15582663,-0.36049968,,0.048280355,0.017545892,0.02681595,0.6147546,0.32666948,0.71788836,-0.2431286,-0.78738433,0.56649315,0.7503101,-0.5227935,-0.40462554,,0.08278762,1.2879165,0.42543745,0.9915207,0.10182191,-0.08074005,0.019857945,-0.73274785,-0.6802104,-0.12842242,0.6728394,-0.7285567,,-0.10669803,0.23523565,-0.1269289,0.21668856,-0.908565,0.35714942,0.8417093,0.35920337,0.4031109,-0.49454173,0.21326646,0.8425829,,-0.056368053,0.430018,-0.34384635,-0.6748938,-0.14961646,-0.72258794,0.31638515,-0.9433262,-0.10018053,-0.66664743,-0.2962273,0.6839814,,1.0630650710685006,0.3782208425151454,0.19243943566000002,2.119755638685057,-0.6513461943818546,-0.0715782765763679,-0.4127704551213237,,-1.222377327530878,0.24160569797011378,0.18220652240000001,-1.3197885042915962,-0.6542155608769288,-0.10403364389862253,0.8198238679279476,,-0.07622289175772236,-0.03365431130158066,0.09367255299999999,-0.10990079432573638,,2.8245151e-05,9.655952e-06,-4.529953e-06,0.99999994,-2.0451844e-05,-1.8879771e-05,2.0444393e-05,1.0,-3.606081e-06,1.8887222e-05,3.5762787e-06,1.0,133,0.4,0,0,0.0,False,-0.2566608388235285,0.9936065148561142
0.4113196018151939,16:47:57.645446,16:46:39.892106,0,,0.11115132,0.0034195632,0.026146218,-0.28072152,0.8965587,-0.34260437,0.27386504,0.41694173,0.8666934,0.91988754,0.14947207,-0.36258078,,0.048277225,0.017547144,0.026815832,0.6147265,0.327035,0.71774596,-0.24298501,-0.7872113,0.5667952,0.75037956,-0.52282554,-0.40445513,,0.08278762,1.2879165,0.42543745,0.9915207,0.10182191,-0.08074005,0.019857945,-0.73274785,-0.6802104,-0.12842242,0.6728394,-0.7285567,,-0.10718228,0.23523761,-0.1270095,0.209756,-0.91215765,0.35209495,0.8460664,0.34982282,0.40223822,-0.4900755,0.21352382,0.8451234,,-0.056365125,0.43001926,-0.34384522,-0.6748939,-0.14999329,-0.7225096,0.31653145,-0.94331336,-0.0998388,-0.6665778,-0.29607764,0.68411404,,1.061149833315693,0.3795028161722666,0.19229165860000003,2.132756415181097,-0.6484768278867804,-0.07579666357722564,-0.4126071110551893,,-1.2223618820651296,0.241613420702988,0.18220652240000001,-1.319998194235081,-0.6542155608769288,-0.1042786801190443,0.8196605238618134,,-0.07622289175772236,-0.03365431130158066,0.09367255299999999,-0.10990079432573638,,2.8245151e-05,9.655952e-06,-4.529953e-06,0.99999994,-2.0451844e-05,-1.8879771e-05,2.0444393e-05,1.0,-3.606081e-06,1.8887222e-05,3.5762787e-06,1.0,144,0.433,0,0,0.0,False,-0.2579715486309908,0.9939927564623499
0.4424488749355078,16:47:57.684450,16:46:39.892106,0,,0.11170141,0.003320597,0.026282653,-0.2753275,0.89967453,-0.3387924,0.277583,0.41180116,0.86796737,0.92040336,0.14493227,-0.3631147,,0.048272718,0.017547322,0.02681619,0.61470395,0.32728067,0.71765333,-0.2428382,-0.787132,0.5669682,0.75044566,-0.52279115,-0.40437698,,0.08278762,1.2879165,0.42543745,0.9915207,0.10182191,-0.08074005,0.019857945,-0.73274785,-0.6802104,-0.12842242,0.6728394,-0.7285567,,-0.10773884,0.23522522,-0.12715475,0.20427398,-0.9148515,0.3483086,0.8487868,0.34278908,0.40256268,-0.48768145,0.21340665,0.8465367,,-0.05636077,0.43002048,-0.34384522,-0.67489946,-0.15024944,-0.72245127,0.316676,-0.94328415,-0.09965591,-0.6665036,-0.2960407,0.6842023,,1.058709449727438,0.3809160762882497,0.19208814107000002,2.143450602298808,-0.6479302818877185,-0.07975452101805558,-0.4127704551213237,,-1.222338713866507,0.24162114343586225,0.18220522611,-1.3202078841785652,-0.6542155608769288,-0.10436035885918482,0.8188438035311417,,-0.07622289175772236,-0.03365431130158066,0.09367255299999999,-0.10990079432573638,,2.8245151e-05,9.655952e-06,-4.529953e-06,0.99999994,-2.0451844e-05,-1.8879771e-05,2.0444393e-05,1.0,-3.606081e-06,1.8887222e-05,3.5762787e-06,1.0,155,0.466,0,0,0.0,False,-0.25731619372725945,0.9931237128483195
0.48142024385742843,16:47:57.713168,16:46:39.892106,0,,0.112039305,0.0032125562,0.026329443,-0.2748299,0.90043,-0.33718553,0.27786106,0.4101054,0.8686811,0.92046815,0.14504875,-0.36290383,,0.04826658,0.017551405,0.026817024,0.61468905,0.3274718,0.71757895,-0.24270004,-0.7870854,0.56709206,0.7505026,-0.52274173,-0.4043354,,0.08278762,1.2879165,0.42543745,0.9915207,0.10182191,-0.08074005,0.019857945,-0.73274785,-0.6802104,-0.12842242,0.6728394,-0.7285567,,-0.108077236,0.23515797,-0.12724961,0.2037682,-0.9155832,0.34667844,0.84900236,0.34159082,0.40312618,-0.4875177,0.21218652,0.84693766,,-0.056355372,0.43002474,-0.34384242,-0.6749101,-0.15044986,-0.7223996,0.31680673,-0.94325304,-0.09953464,-0.66643065,-0.29603797,0.68427455,,1.056886884769121,0.38159567678118145,0.19197406755000002,2.1459668816206223,-0.6488867373860767,-0.0802814555344295,-0.4134238313858607,,-1.2223155456678843,0.24165203436735913,0.18220522611,-1.3206272640655343,-0.6542155608769288,-0.10436035885918482,0.8188438035311417,,-0.07622289175772236,-0.03365431130158066,0.09367255299999999,-0.10990079432573638,,2.8245151e-05,9.655952e-06,-4.529953e-06,0.99999994,-2.0451844e-05,-1.8879771e-05,2.0444393e-05,1.0,-3.606081e-06,1.8887222e-05,3.5762787e-06,1.0,166,0.499,0,0,0.0,False,-0.25731619372725945,0.9933168336514373
0.5101710779126734,16:47:57.738731,16:46:40.033179,0,,0.112394996,0.003082022,0.026292905,-0.27071625,0.90290916,-0.33386746,0.2799395,0.4056676,0.8700963,0.9210572,0.14208648,-0.36258096,,0.048260625,0.017553015,0.02681619,0.6146745,0.32765764,0.7175066,-0.24255297,-0.787049,0.56720555,0.7505621,-0.5226801,-0.40430468,,0.08278762,1.2879165,0.42543745,0.9915207,0.10182191,-0.08074005,0.019857945,-0.73274785,-0.6802104,-0.12842242,0.6728394,-0.7285567,,-0.10842706,0.23501623,-0.12729879,0.19958691,-0.91776663,0.3433212,0.85066134,0.3361869,0.40417033,-0.48635414,0.21138297,0.8478071,,-0.056349605,0.43002617,-0.3438406,-0.67492265,-0.15064546,-0.72234714,0.31694493,-0.9432179,-0.099428385,-0.6663523,-0.29605073,0.6843454,,1.0548403605574515,0.3819277542947731,0.19191443821,2.153515719586065,-0.6497065563846693,-0.0818182740960462,-0.4132604873197265,,-1.2222846547363875,0.24166747983310757,0.18220522611,-1.3206272640655343,-0.6542155608769288,-0.10436035885918482,0.8188438035311417,,-0.07622289175772236,-0.03365431130158066,0.09367255299999999,-0.10990079432573638,,2.8245151e-05,9.655952e-06,-4.529953e-06,0.99999994,-2.0451844e-05,-1.8879771e-05,2.0444393e-05,1.0,-3.606081e-06,1.8887222e-05,3.5762787e-06,1.0,177,0.531,0,0,0.0,False,-0.25815028178655464,0.993703075257673
0.5357352308928967,16:47:57.776016,16:46:40.033179,0,,0.11266985,0.0029261783,0.026213542,-0.27119875,0.9035978,-0.33160537,0.27780125,0.40333652,0.87186354,0.92156243,0.14432788,-0.36040515,,0.048257206,0.01755525,0.026816607,0.6146045,0.32804045,0.7173916,-0.24226928,-0.78698236,0.5674192,0.75071096,-0.5225403,-0.40420878,,0.08278762,1.2879165,0.42543745,0.9915207,0.10182191,-0.08074005,0.019857945,-0.73274785,-0.6802104,-0.12842242,0.6728394,-0.7285567,,-0.10869278,0.23483175,-0.12733749,0.2000701,-0.9185713,0.34087932,0.8494843,0.3359864,0.406804,-0.48820928,0.20818232,0.8475328,,-0.05634659,0.4300285,-0.34383905,-0.67491025,-0.15104906,-0.7222744,0.31724554,-0.9431405,-0.09920298,-0.6662218,-0.29609147,0.6844548,,1.0528015590786564,0.38193547702764735,0.19189499386000003,2.1537254095295495,-0.6532591053785708,-0.07924812356050143,-0.41293379918745793,,-1.2222692092706389,0.2416752025659818,0.18220522611,-1.3210466439525035,-0.6542155608769288,-0.10436035885918482,0.8188438035311417,,-0.07622289175772236,-0.03365431130158066,0.09367255299999999,-0.10990079432573638,,2.8245151e-05,9.655952e-06,-4.529953e-06,0.99999994,-2.0451844e-05,-1.8879771e-05,2.0444393e-05,1.0,-3.606081e-06,1.8887222e-05,3.5762787e-06,1.0,188,0.564,0,0,0.0,False,-0.2568991496976123,0.993799635659232
0.5730092849116772,16:47:57.806589,16:46:40.033179,0,,0.112975344,0.0027810484,0.026093408,-0.2675721,0.9061562,-0.32754537,0.28116682,0.39857474,0.8729738,0.9216019,0.14148849,-0.3614287,,0.048256908,0.01756115,0.02682048,0.6145174,0.32849464,0.7172584,-0.2420043,-0.78685534,0.5677084,0.7508677,-0.5224462,-0.40403923,,0.08278762,1.2879165,0.42543745,0.9915207,0.10182191,-0.08074005,0.019857945,-0.73274785,-0.6802104,-0.12842242,0.6728394,-0.7285567,,-0.10898635,0.23462527,-0.12733804,0.19639075,-0.92083675,0.33688328,0.85173166,0.33042645,0.40665895,-0.48578167,0.2070701,0.8491985,,-0.05634757,0.4300351,-0.34383678,-0.6748797,-0.15152428,-0.72220343,0.31754395,-0.9430749,-0.098871365,-0.6661105,-0.2960576,0.68457776,,1.050762757599861,0.3818968633632762,0.19189240128,2.161064557551508,-0.652712559379509,-0.07993883139570884,-0.4130971432535922,,-1.2222846547363875,0.2416983707646045,0.18220522611,-1.3214660238394724,-0.6542155608769288,-0.10444203759932535,0.8190071475972761,,-0.07622289175772236,-0.03365431130158066,0.09367255299999999,-0.10990079432573638,,2.8245151e-05,9.655952e-06,-4.529953e-06,0.99999994,-2.0451844e-05,-1.8879771e-05,2.0444393e-05,1.0,-3.606081e-06,1.8887222e-05,3.5762787e-06,1.0,196,0.589,0,0,0.0,False,-0.2566012611050077,0.993799635659232
0.6035666198004037,16:47:57.838796,16:46:40.033179,0,,0.11328857,0.002587907,0.025931403,-0.27363494,0.90570575,-0.3237605,0.2808981,0.39718336,0.8736942,0.9199022,0.14812951,-0.36309442,,0.04825154,0.017563296,0.026822686,0.6144421,0.3284799,0.7173297,-0.24207222,-0.7868612,0.56767124,0.7509074,-0.52244663,-0.40396482,,0.08278762,1.2879165,0.42543745,0.9915207,0.10182191,-0.08074005,0.019857945,-0.73274785,-0.6802104,-0.12842242,0.6728394,-0.7285567,,-0.1092838,0.23435476,-0.12734093,0.20256285,-0.9208347,0.33321416,0.8507466,0.33399114,0.40580806,-0.48497275,0.20127916,0.8510512,,-0.056342874,0.43003914,-0.34383646,-0.6748025,-0.15150896,-0.72227883,0.3175472,-0.9430761,-0.09884985,-0.6661872,-0.29606172,0.6845013,,1.0483609876759772,0.38191230882902466,0.19190017902,2.1551932391339412,-0.652712559379509,-0.07348621092460439,-0.41260711105518943,,-1.2222614865377648,0.24172926169610137,0.18220392982000003,-1.3214660238394724,-0.6543521973766943,-0.1044122984357696,0.8191704916634105,,-0.07622289175772236,-0.03365431130158066,0.09367255299999999,-0.10990079432573638,,2.8245151e-05,9.655952e-06,-4.529953e-06,0.99999994,-2.0451844e-05,-1.8879771e-05,2.0444393e-05,1.0,-3.606081e-06,1.8887222e-05,3.5762787e-06,1.0,207,0.621,0,0,0.0,False,-0.25767366003838577,0.9940893168639089
0.6357960188761353,16:47:57.867371,16:46:40.033179,0,,0.113435976,0.0025298148,0.025850669,-0.2757847,0.90573627,-0.3218455,0.28375584,0.39662194,0.87302554,0.9183818,0.1494415,-0.3663904,,0.048248064,0.017564667,0.026822507,0.6144583,0.32841894,0.7173437,-0.24207163,-0.786901,0.5676164,0.7508944,-0.52242506,-0.40401694,,0.08278762,1.2879165,0.42543745,0.9915207,0.10182191,-0.08074005,0.019857945,-0.73274785,-0.6802104,-0.12842242,0.6728394,-0.7285567,,-0.10942404,0.2342482,-0.12731646,0.20476425,-0.92094845,0.33155033,0.8519134,0.33447996,0.40294752,-0.4819908,0.19994293,0.85305786,,-0.056339614,0.43004048,-0.3438352,-0.67481667,-0.15144694,-0.72227854,0.3175345,-0.9430724,-0.09892604,-0.6661789,-0.2961053,0.68449056,,1.0474188142653218,0.3820513180207607,0.19191054934000001,2.1543544793600033,-0.6497065563846693,-0.07226186149960045,-0.4127704551213237,,-1.2222460410720162,0.24174470716184981,0.18220392982000003,-1.3214660238394724,-0.6543521973766943,-0.10433061969562904,0.8193338357295448,,-0.07622289175772236,-0.03365431130158066,0.09367255299999999,-0.10990079432573638,,2.8245151e-05,9.655952e-06,-4.529953e-06,0.99999994,-2.0451844e-05,-1.8879771e-05,2.0444393e-05,1.0,-3.606081e-06,1.8887222e-05,3.5762787e-06,1.0,214,0.642,0,0,0.0,False,-0.25791197091247,0.993799635659232
0.664376885863021,16:47:57.888729,16:46:40.033179,0,,0.11359258,0.002510585,0.025796667,-0.27390033,0.9075564,-0.3183077,0.28640327,0.3929173,0.8738358,0.91812396,0.14817952,-0.36754748,,0.048243955,0.017567081,0.026822865,0.614477,0.32841793,0.7173281,-0.24207392,-0.7868898,0.5676308,0.75087833,-0.5224425,-0.40402433,,0.08278762,1.2879165,0.42543745,0.9915207,0.10182191,-0.08074005,0.019857945,-0.73274785,-0.6802104,-0.12842242,0.6728394,-0.7285567,,-0.109576054,0.23418759,-0.12728432,0.20285635,-0.92260844,0.3280899,0.8535431,0.33081332,0.40252542,-0.47990987,0.19838402,0.85459363,,-0.05633593,0.43004298,-0.34383345,-0.6748326,-0.151445,-0.72226405,0.31751722,-0.9430788,-0.09892005,-0.66617095,-0.29608575,0.6845067,,1.0466233727792766,0.38227527727411326,0.19192869740000001,2.158338588286209,-0.6482035548872495,-0.07160884741702805,-0.41293379918745793,,-1.2222305956062678,0.2417678753604725,0.18220392982000003,-1.3214660238394724,-0.6543521973766943,-0.10433061969562904,0.8193338357295448,,-0.07622289175772236,-0.03365431130158066,0.09367255299999999,-0.10990079432573638,,2.8245151e-05,9.655952e-06,-4.529953e-06,0.99999994,-2.0451844e-05,-1.8879771e-05,2.0444393e-05,1.0,-3.606081e-06,1.8887222e-05,3.5762787e-06,1.0,229,0.687,0,0,0.0,False,-0.2570183051346544,0.9935099544545551
0.6857346259057522,16:47:57.936237,16:46:40.199868,0,,0.113961786,0.0025626272,0.025697753,-0.2751241,0.90770644,-0.316821,0.28780368,0.39218584,0.8737043,0.9173197,0.14919478,-0.36914125,,0.048227865,0.0175734,0.02682048,0.6145109,0.32859665,0.71721727,-0.241925,-0.7868333,0.5677726,0.7508986,-0.52241516,-0.40402192,,0.08278762,1.2879165,0.42543745,0.9915207,0.10182191,-0.08074005,0.019857945,-0.73274785,-0.6802104,-0.12842242,0.6728394,-0.7285567,,-0.10993815,0.23413488,-0.12716222,0.20410918,-0.92281723,0.32672277,0.8540849,0.33096808,0.4012469,-0.4784124,0.19715081,0.8557179,,-0.056320608,0.430048,-0.34382677,-0.6748876,-0.1516315,-0.7221736,0.3176173,-0.9430565,-0.09881128,-0.66606754,-0.29606134,0.68461794,,1.0448316987524566,0.38339507354087576,0.19201684512000003,2.159387038003632,-0.647110462889126,-0.0722551544261778,-0.4124437669890551,,-1.2221533682775256,0.2418296572234663,0.18220522611,-1.3216757137829571,-0.6543521973766943,-0.10433061969562904,0.8193338357295448,,-0.07622289175772236,-0.03365431130158066,0.09367255299999999,-0.10990079432573638,,2.8245151e-05,9.655952e-06,-4.529953e-06,0.99999994,-2.0451844e-05,-1.8879771e-05,2.0444393e-05,1.0,-3.606081e-06,1.8887222e-05,3.5762787e-06,1.0,236,0.707,0,0,0.0,False,-0.25767366003838577,0.9940410366631294
0.7332385389599949,16:47:57.956854,16:46:40.199868,0,,0.114126444,0.0026131347,0.025676593,-0.2730108,0.9089718,-0.31501627,0.29079407,0.39011276,0.8736422,0.917008,0.14690883,-0.37082878,,0.048216358,0.017577095,0.026819408,0.61456496,0.32858703,0.71717536,-0.24192,-0.7868147,0.5678006,0.75085604,-0.5224493,-0.40405697,,0.08278762,1.2879165,0.42543745,0.9915207,0.10182191,-0.08074005,0.019857945,-0.73274785,-0.6802104,-0.12842242,0.6728394,-0.7285567,,-0.11010176,0.2341469,-0.12710567,0.20197073,-0.92388004,0.3250439,0.8559126,0.32781932,0.39993504,-0.47604766,0.19743401,0.8569705,,-0.056309614,0.4300515,-0.34382302,-0.6749356,-0.15161979,-0.7221312,0.31757748,-0.9430697,-0.09881349,-0.6660379,-0.29602534,0.6846623,,1.0442833847183866,0.38398972397219105,0.19204406721000003,2.1637905268168067,-0.6449242788928788,-0.07403784088532062,-0.4124437669890551,,-1.222099309147406,0.24187599362071163,0.18220522611,-1.3216757137829571,-0.6543521973766943,-0.10433061969562904,0.8193338357295448,,-0.07622289175772236,-0.03365431130158066,0.09367255299999999,-0.10990079432573638,,2.8245151e-05,9.655952e-06,-4.529953e-06,0.99999994,-2.0451844e-05,-1.8879771e-05,2.0444393e-05,1.0,-3.606081e-06,1.8887222e-05,3.5762787e-06,1.0,247,0.74,0,0,0.0,False,-0.25672041654204936,0.9939927564623499
0.7538465419784188,16:47:57.979892,16:46:40.199868,0,,0.11439345,0.0026927069,0.025641486,-0.27003884,0.91062486,-0.31279573,0.2975311,0.38788426,0.8723651,0.91572595,0.14250597,-0.3756832,,0.04819768,0.017582072,0.026820123,0.6146068,0.32876453,0.7170581,-0.24177077,-0.78675485,0.56794703,0.75086975,-0.5224277,-0.4040593,,0.08278762,1.2879165,0.42543745,0.9915207,0.10182191,-0.08074005,0.019857945,-0.73274785,-0.6802104,-0.12842242,0.6728394,-0.7285567,,-0.11036697,0.23416421,-0.12701501,0.19897851,-0.9251764,0.32319683,0.8597438,0.3230843,0.3955467,-0.4703703,0.19916117,0.85970145,,-0.056291994,0.43005857,-0.3438193,-0.67499757,-0.15180476,-0.72203434,0.3176712,-0.94304955,-0.0987043,-0.6659304,-0.2959947,0.6847802,,1.043464775033719,0.38499367924584027,0.19207647446,2.1709199848952805,-0.6391855459027305,-0.07830899913986739,-0.41293379918745793,,-1.2220143590857895,0.24194549821657965,0.18220263353000002,-1.3218854037264416,-0.6543521973766943,-0.10433061969562896,0.8190071475972761,,-0.07622289175772236,-0.03365431130158066,0.09367255299999999,-0.10990079432573638,,2.8245151e-05,9.655952e-06,-4.529953e-06,0.99999994,-2.0451844e-05,-1.8879771e-05,2.0444393e-05,1.0,-3.606081e-06,1.8887222e-05,3.5762787e-06,1.0,258,0.773,0,0,0.0,False,-0.25779281547542787,0.9949100802771598
0.7769023918081075,16:47:58.019599,16:46:40.199868,0,,0.114655994,0.0027872995,0.025650695,-0.26315352,0.91470206,-0.3067086,0.30159777,0.37997788,0.8744458,0.91639996,0.13761084,-0.3758648,,0.04816927,0.01758678,0.026816726,0.6147945,0.32917377,0.7167093,-0.24153888,-0.7864884,0.56841457,0.7507908,-0.52257127,-0.40402055,,0.08278762,1.2879165,0.42543745,0.9915207,0.10182191,-0.08074005,0.019857945,-0.73274785,-0.6802104,-0.12842242,0.6728394,-0.7285567,,-0.11063114,0.234223,-0.12694629,0.19199175,-0.92875475,0.3171021,0.86273366,0.3137395,0.39655787,-0.46779248,0.19743882,0.8615034,,-0.056264225,0.4300641,-0.3438131,-0.6752008,-0.15222129,-0.7217565,0.31771672,-0.94307387,-0.09832493,-0.6657026,-0.29570317,0.6851275,,1.0427233926777932,0.38596674358799254,0.19210240026000003,2.1818238619564756,-0.6374092714057796,-0.07926735944707752,-0.41195373479065217,,-1.2218753498940536,0.24203044827819614,0.18220004095000003,-1.322095093669926,-0.6542155608769288,-0.10468707381974704,0.8198238679279475,,-0.07622289175772236,-0.03365431130158066,0.09367255299999999,-0.10990079432573638,,2.8245151e-05,9.655952e-06,-4.529953e-06,0.99999994,-2.0451844e-05,-1.8879771e-05,2.0444393e-05,1.0,-3.606081e-06,1.8887222e-05,3.5762787e-06,1.0,269,0.806,0,0,0.0,False,-0.25773323775690704,0.994765239674821
0.816580805927515,16:47:58.050065,16:46:40.352948,0,,0.11492111,0.002844356,0.025623247,-0.25626436,0.9181906,-0.30208343,0.3072389,0.37368673,0.87519276,0.9164784,0.1314689,-0.37786663,,0.048142582,0.017586632,0.026814163,0.61482036,0.3291252,0.7167095,-0.24156988,-0.78649104,0.5683978,0.7507596,-0.5225979,-0.404044,,0.08278762,1.2879165,0.42543745,0.9915207,0.10182191,-0.08074005,0.019857945,-0.73274785,-0.6802104,-0.12842242,0.6728394,-0.7285567,,-0.110894606,0.2342293,-0.12687671,0.18501557,-0.9316861,0.31261835,0.86645895,0.3047502,0.39544427,-0.46370044,0.19770762,0.86365134,,-0.056237638,0.430067,-0.34381115,-0.67521805,-0.15216963,-0.72175133,0.31766894,-0.943087,-0.09835327,-0.6657079,-0.29568788,0.6851289,,1.0418584465958802,0.3867467396082892,0.19212962235000003,2.19314711890464,-0.6341299954114091,-0.08243146157663506,-0.41293379918745793,,-1.221728617969443,0.24210767560693838,0.18219615208,-1.322095093669926,-0.6543521973766943,-0.10465733465619118,0.8199872119940819,,-0.07622289175772236,-0.03365431130158066,0.09367255299999999,-0.10990079432573638,,2.8245151e-05,9.655952e-06,-4.529953e-06,0.99999994,-2.0451844e-05,-1.8879771e-05,2.0444393e-05,1.0,-3.606081e-06,1.8887222e-05,3.5762787e-06,1.0,280,0.839,0,0,0.0,False,-0.25719703829021734,0.9955377228872926
0.8470252240076661,16:47:58.087796,16:46:40.352948,0,,0.11519002,0.0028391108,0.025550142,-0.25330696,0.9195905,-0.3003146,0.3102855,0.3712704,0.8751464,0.9162741,0.12849738,-0.37938112,,0.048111197,0.017586721,0.026809394,0.61496747,0.32902434,0.7166297,-0.24152821,-0.7865189,0.568377,0.75065255,-0.5226196,-0.40421477,,0.08278762,1.2879165,0.42543745,0.9915207,0.10182191,-0.08074005,0.019857945,-0.73274785,-0.6802104,-0.12842242,0.6728394,-0.7285567,,-0.11115751,0.23415881,-0.12681668,0.18202668,-0.93282825,0.31096268,0.8683491,0.3008745,0.39426443,-0.4613417,0.1982575,0.8647877,,-0.056206167,0.4300692,-0.34380764,-0.67535335,-0.15206407,-0.721647,0.31758448,-0.94310194,-0.098482795,-0.66561097,-0.2956946,0.6852202,,1.0405533047401363,0.3872873309094849,0.19216851105000002,2.199018437322207,-0.6326269939139892,-0.08512727583982588,-0.4132604873197266,,-1.2215587178462102,0.2421771802028064,0.18219226321,-1.322095093669926,-0.6543521973766943,-0.10457565591605061,0.8201505560602161,,-0.07622289175772236,-0.03365431130158066,0.09367255299999999,-0.10990079432573638,,2.8245151e-05,9.655952e-06,-4.529953e-06,0.99999994,-2.0451844e-05,-1.8879771e-05,2.0444393e-05,1.0,-3.606081e-06,1.8887222e-05,3.5762787e-06,1.0,291,0.871,0,0,0.0,False,-0.2571374605716965,0.9955377228872926
0.8847844309639186,16:47:58.119067,16:46:40.352948,0,,0.11531534,0.0027593076,0.025475815,-0.25878713,0.9170684,-0.30333903,0.30943808,0.37619558,0.8733412,0.9150285,0.13214475,-0.38113064,,0.0480887,0.01758988,0.026806116,0.61507326,0.32864726,0.7167118,-0.24150622,-0.78677475,0.5680321,0.7505729,-0.52247167,-0.4045538,,0.08278762,1.2879165,0.42543745,0.9915207,0.10182191,-0.08074005,0.019857945,-0.73274785,-0.6802104,-0.12842242,0.6728394,-0.7285567,,-0.11127579,0.23404224,-0.12681267,0.18759562,-0.9306594,0.3141353,0.8672188,0.3071041,0.39194217,-0.4612369,0.19889739,0.8646967,,-0.05618402,0.43007278,-0.3438028,-0.6754493,-0.15168104,-0.7216378,0.31751686,-0.94307375,-0.098969534,-0.6655458,-0.29598105,0.6851598,,1.0394721221377448,0.38734911277247874,0.19217888137000003,2.1929374289611556,-0.6324903574142238,-0.08548372996394399,-0.41277045512132376,,-1.221442876853097,0.24224668479867442,0.18219096692000003,-1.322095093669926,-0.6543521973766943,-0.10408558347520726,0.8208039323247532,,-0.07622289175772236,-0.03365431130158066,0.09367255299999999,-0.10990079432573638,,2.8245151e-05,9.655952e-06,-4.529953e-06,0.99999994,-2.0451844e-05,-1.8879771e-05,2.0444393e-05,1.0,-3.606081e-06,1.8887222e-05,3.5762787e-06,1.0,302,0.904,0,0,0.0,False,-0.2575545046013441,0.9955377228872926
0.9160711488220841,16:47:58.150402,16:46:40.352948,0,,0.11545896,0.0026555136,0.025377288,-0.25961548,0.91728455,-0.30197465,0.31013408,0.3753262,0.87346834,0.91455805,0.13311322,-0.38192183,,0.048063487,0.017591728,0.026804447,0.6151036,0.32900146,0.7165233,-0.24119478,-0.78669393,0.5682762,0.75064826,-0.52237034,-0.40454483,,0.08278762,1.2879165,0.42543745,0.9915207,0.10182191,-0.08074005,0.019857945,-0.73274785,-0.6802104,-0.12842242,0.6728394,-0.7285567,,-0.11141019,0.23389056,-0.12680687,0.18844287,-0.93092835,0.31282854,0.8674532,0.3071226,0.39140856,-0.46045002,0.19760595,0.8654118,,-0.056159258,0.43007725,-0.34379992,-0.675529,-0.15205309,-0.7214849,0.317759,-0.9430122,-0.098778956,-0.66534936,-0.29598638,0.6853483,,1.0382982667408627,0.38717148991637157,0.19219573314000002,2.1929374289611556,-0.6324903574142238,-0.0844219063421166,-0.4126071110551894,,-1.221280699462738,0.24233163486029088,0.18218707805,-1.322514473556895,-0.6543521973766943,-0.10408558347520726,0.8208039323247532,,-0.07622289175772236,-0.03365431130158066,0.09367255299999999,-0.10990079432573638,,2.8245151e-05,9.655952e-06,-4.529953e-06,0.99999994,-2.0451844e-05,-1.8879771e-05,2.0444393e-05,1.0,-3.606081e-06,1.8887222e-05,3.5762787e-06,1.0,313,0.937,0,0,0.0,False,-0.25731619372725945,0.9956342832888514
0.9473986809607595,16:47:58.189338,16:46:40.352948,0,,0.11564609,0.0025242567,0.025266275,-0.26078555,0.91769683,-0.2997054,0.31069198,0.3737128,0.8739617,0.91403556,0.1348005,-0.38258016,,0.04804007,0.017596854,0.026802242,0.6151699,0.32917014,0.7163888,-0.24103564,-0.7866342,0.56842643,0.750645,-0.522354,-0.404572,,0.08278762,1.2879165,0.42543745,0.9915207,0.10182191,-0.08074005,0.019857945,-0.73274785,-0.6802104,-0.12842242,0.6728394,-0.7285567,,-0.11158659,0.23370768,-0.12680918,0.18963704,-0.9314308,0.3106034,0.8675728,0.30708086,0.39117613,-0.45973384,0.1952896,0.8663179,,-0.056136604,0.43008307,-0.34379417,-0.675614,-0.15222865,-0.72136825,0.3178411,-0.9429945,-0.09868348,-0.66522384,-0.2959524,0.6854848,,1.0368000565632631,0.3869938670602644,0.19220739975,2.192727739017671,-0.6327636304137547,-0.08232045951149086,-0.4127704551213237,,-1.2211957494011216,0.24238569399041046,0.18218578176000003,-1.3227241635003797,-0.6543521973766943,-0.10408558347520726,0.8208039323247532,,-0.07622289175772236,-0.03365431130158066,0.09367255299999999,-0.10990079432573638,,2.8245151e-05,9.655952e-06,-4.529953e-06,0.99999994,-2.0451844e-05,-1.8879771e-05,2.0444393e-05,1.0,-3.606081e-06,1.8887222e-05,3.5762787e-06,1.0,324,0.97,0,0,0.0,False,-0.2566012611050077,0.99486180007638
