Task Time,PC1 Time,PC2 Time,Gaze Calib,s_T_psm1,Tx,Ty,Tz,R00,R01,R02,R10,R11,R12,R20,R21,R22,s_T_psm3,Tx,Ty,Tz,R00,R01,R02,R10,R11,R12,R20,R21,R22,cart_T_ecm,Tx,Ty,Tz,R00,R01,R02,R10,R11,R12,R20,R21,R22,ecm_T_psm1,Tx,Ty,Tz,R00,R01,R02,R10,R11,R12,R20,R21,R22,ecm_T_psm3,Tx,Ty,Tz,R00,R01,R02,R10,R11,R12,R20,R21,R22,psm1_joints,q1,q2,q3,q4,q5,q6,jaw,psm3_joints,q1,q2,q3,q4,q5,q6,jaw,ecm_joints,q1,q2,q3,q4,ecmi_T_ecm,Tx,Ty,Tz,R00,R01,R02,R10,R11,R12,R20,R21,R22,Sample #,Task Duration (s),Collisions (binary),Collisions (increments),Cumulative Collision Time (s),Clutch Press,MTMR Angle,MTML Angle
""
lci_T_si,,,,,-0.050445605,0.031140205,0.20799266,0.9865919,-0.013161347,0.16267522,0.100886725,-0.734317,-0.67126775,0.12828997,0.67867905,-0.7231434
rci_T_si,,,,,-0.059559833,0.035046782,0.21627636,0.9849687,-0.028336054,0.17039265,0.097400196,-0.72355855,-0.6833566,0.14265269,0.6896812,-0.7099226
ecm_T_lc,,,,,-4.4061628e-05,-0.00034663224,-0.01840835,-0.99912,0.030754527,0.028518902,-0.031987965,-0.99852574,-0.043852776,0.027128186,-0.04472645,0.9986309
ecm_T_rc,,,,,-0.0043358393,0.01870579,-0.007592615,-0.99555075,-0.052743673,-0.078081585,0.04863213,-0.9973746,0.053654674,-0.08070653,0.04961868,0.9955021
cart_T_ecmi,,,,,0.08296387,1.2897631,0.42729735,0.9916556,0.10047608,-0.08076963,0.018945528,-0.7333144,-0.6796257,-0.12751566,0.6724244,-0.7290989
ecmac_T_ecmrep_psm1,,,,,0.022898523,-0.26913688,-0.29720387,0.9902475,0.13300471,0.041468147,-0.1315095,0.99062705,-0.036922794,-0.045990374,0.031109251,0.9984574
ecmac_T_ecmrep_psm3,,,,,0.02078248,-0.4666591,-0.5231304,0.997355,0.0035024614,0.07259993,-0.011652398,0.993624,0.11214125,-0.07174426,-0.1126906,0.99103665
""
0,16:04:34.903870,16:03:17.143860,0,,0.12799285,-0.002905406,0.012302637,0.97099805,0.23858525,-0.015484583,-0.03253196,0.19600692,0.9800627,0.23686358,-0.9511353,0.19808397,,0.07324946,-0.012648477,0.028549552,-0.73210883,-0.20395184,0.6499384,-0.017563403,0.95946014,0.28129646,-0.680961,0.19452447,-0.70601153,,0.08298951,1.2897635,0.42729357,0.99165606,0.100458026,-0.08078636,0.018921115,-0.73331684,-0.6796237,-0.12751566,0.6724244,-0.7290989,,-0.12401928,0.24912174,-0.09042158,-0.9869447,-0.14231929,0.07540213,0.13888538,-0.5149771,0.8458779,-0.081554376,0.84530693,0.52801996,,-0.08370398,0.4294707,-0.33941096,0.8255679,0.14184436,-0.5461848,-0.4378664,0.7715716,-0.46146536,0.3559644,0.62012696,0.69909364,,1.0687567251968042,0.5185274533740563,0.22217243939000003,3.9054751973992663,-0.10671310631680898,-1.0672665728795203,-0.41685405677468046,,-1.3855200594988708,0.18600202127569732,0.19024481669,1.6393559781620113,0.18336618268522106,-0.25006935587362966,0.8345248338800327,,-0.07627525163528219,-0.034472434388453,0.0910472212,-0.1089195372335423,,2.5909394e-05,-1.7881393e-07,4.7683716e-07,1.0,-1.7948449e-05,-1.655519e-05,1.7948449e-05,1.0,-3.1292439e-06,1.655519e-05,3.1292439e-06,1.0,36,0.108,0,0,0.0,False,-0.2617249448978165,1.0086216572985258
0.12150769890286028,16:04:34.931929,16:03:17.143860,0,,0.12807603,-0.002821654,0.0129476935,0.9677341,0.25117928,-0.01998591,-0.030762669,0.19650006,0.98002106,0.2500882,-0.94778514,0.1978868,,0.07324495,-0.012649371,0.028546214,-0.73242444,-0.20316496,0.64982927,-0.016864121,0.9595615,0.2809932,-0.6806393,0.19484746,-0.7062327,,0.08298951,1.2897635,0.42729357,0.99165606,0.100458026,-0.08078636,0.018921115,-0.73331684,-0.6796237,-0.12751566,0.6724244,-0.7290989,,-0.12414921,0.24962749,-0.09081825,-0.98466784,-0.15507187,0.07988717,0.14929765,-0.5123217,0.84571666,-0.090218924,0.844677,0.5276186,,-0.083698995,0.42946815,-0.33940995,0.8258094,0.14101532,-0.5460343,-0.43714195,0.7717767,-0.4618091,0.3562944,0.6200608,0.6989842,,1.0701004807169192,0.5203345728666248,0.22175503401000002,3.8943616303945863,-0.11545784230179718,-1.0649548727112426,-0.41701740084081473,,-1.385489168567374,0.18600974400857154,0.19024481669,1.6401947379359496,0.18336618268522106,-0.2502327133539108,0.8341981457477642,,-0.07627525163528219,-0.034472434388453,0.0910472212,-0.1089195372335423,,2.5909394e-05,-1.7881393e-07,4.7683716e-07,1.0,-1.7948449e-05,-1.655519e-05,1.7948449e-05,1.0,-3.1292439e-06,1.655519e-05,3.1292439e-06,1.0,44,0.133,0,0,0.0,False,-0.26160578946077395,1.0080905750899518
0.14954178384505212,16:04:34.963068,16:03:17.143860,0,,0.12816052,-0.0027211383,0.013564572,0.9642618,0.2640944,-0.021286607,-0.03241878,0.19734159,0.97979856,0.26296005,-0.9440924,0.19885057,,0.073247746,-0.012650146,0.028547466,-0.7324139,-0.20300181,0.64989215,-0.016859591,0.9596321,0.2807525,-0.6806508,0.19467017,-0.7062706,,0.08298951,1.2897635,0.42729357,0.99165606,0.100458026,-0.08078636,0.018921115,-0.73331684,-0.6796237,-0.12751566,0.6724244,-0.7290989,,-0.124276794,0.25012594,-0.09118304,-0.98242205,-0.16814484,0.08108151,0.15698819,-0.50917816,0.8462224,-0.10100299,0.8440764,0.5266246,,-0.083701916,0.42946824,-0.33941108,0.8258006,0.14087823,-0.54608303,-0.43714944,0.77166075,-0.46199575,0.35630572,0.6202363,0.69882274,,1.0715137408329023,0.5220644650304511,0.22137392475000003,3.885974032655205,-0.12625212578326697,-1.0632589087114541,-0.4152206161133377,,-1.3855046140331224,0.18600202127569732,0.19024481669,1.6401947379359496,0.18336618268522106,-0.25047774957433244,0.8337081135493614,,-0.07627525163528219,-0.034472434388453,0.0910472212,-0.1089195372335423,,2.5909394e-05,-1.7881393e-07,4.7683716e-07,1.0,-1.7948449e-05,-1.655519e-05,1.7948449e-05,1.0,-3.1292439e-06,1.655519e-05,3.1292439e-06,1.0,52,0.157,0,0,0.0,False,-0.261427056305211,1.0082836958930697
0.18066626298241317,16:04:34.983014,16:03:17.143860,0,,0.1281978,-0.002674669,0.013979197,0.9618901,0.27232048,-0.02467522,-0.03135261,0.19948795,0.9793986,0.2716327,-0.94130015,0.20042351,,0.073247865,-0.012650444,0.028547287,-0.7324877,-0.20261835,0.64992875,-0.016682237,0.95973784,0.28040144,-0.6805757,0.19454834,-0.70637643,,0.08298951,1.2897635,0.42729357,0.99165606,0.100458026,-0.08078636,0.018921115,-0.73331684,-0.6796237,-0.12751566,0.6724244,-0.7290989,,-0.12434481,0.25044572,-0.0914449,-0.9807065,-0.17638242,0.08428537,0.16374868,-0.50570685,0.8470224,-0.10677617,0.84448195,0.5248324,,-0.083702005,0.42946795,-0.33941123,0.8258566,0.14051399,-0.54609215,-0.43697166,0.7715794,-0.4622997,0.35639387,0.6204201,0.6986146,,1.072432746044935,0.5231533703657167,0.22110170385000003,3.878634884633247,-0.1321274952731809,-1.0635320207412229,-0.4168540567746807,,-1.3855046140331224,0.18600202127569732,0.19024481669,1.6404044278794339,0.18336618268522106,-0.2508044645348947,0.8337081135493614,,-0.07627525163528219,-0.034472434388453,0.0910472212,-0.1089195372335423,,2.5909394e-05,-1.7881393e-07,4.7683716e-07,1.0,-1.7948449e-05,-1.655519e-05,1.7948449e-05,1.0,-3.1292439e-06,1.655519e-05,3.1292439e-06,1.0,59,0.178,0,0,0.0,False,-0.2618441003348577,1.0080905750899518
0.2006323419045657,16:04:35.016961,16:03:17.272577,0,,0.12836537,-0.0025990605,0.014860436,0.9561325,0.29163653,-0.027545497,-0.034600303,0.20580915,0.97798026,0.29088387,-0.93412566,0.20687151,,0.07324628,-0.012652381,0.028545022,-0.7328655,-0.2018154,0.6497525,-0.015800983,0.9597851,0.2802904,-0.68018985,0.19514853,-0.70658255,,0.08298951,1.2897635,0.42729357,0.99165606,0.100458026,-0.08078636,0.018921115,-0.73331684,-0.6796237,-0.12751566,0.6724244,-0.7290989,,-0.12457892,0.25110853,-0.092007264,-0.9768472,-0.19567692,0.08648782,0.17469355,-0.49620217,0.8504502,-0.12349803,0.84586877,0.5188972,,-0.08370003,0.42946517,-0.33941147,0.82614434,0.1396295,-0.5458838,-0.43607655,0.7719634,-0.4625038,0.35682312,0.620142,0.6986424,,1.0741008563457675,0.5255551402896006,0.22052485480000003,3.8666825578546296,-0.14866051174479922,-1.066467881162209,-0.41767077710535205,,-1.385489168567374,0.18600202127569732,0.19024481669,1.6414528775968567,0.18336618268522106,-0.25072278579475415,0.8338714576154956,,-0.07627525163528219,-0.034472434388453,0.0910472212,-0.1089195372335423,,2.5909394e-05,-1.7881393e-07,4.7683716e-07,1.0,-1.7948449e-05,-1.655519e-05,1.7948449e-05,1.0,-3.1292439e-06,1.655519e-05,3.1292439e-06,1.0,71,0.214,0,0,0.0,False,-0.2607717014014801,1.007800893885275
0.23458698787726462,16:04:35.042273,16:03:17.272577,0,,0.1285848,-0.00255391,0.01524432,0.9529124,0.3021617,-0.025614362,-0.040743083,0.2112743,0.9765772,0.30049592,-0.9295491,0.2136369,,0.07324739,-0.012652143,0.028545856,-0.73286074,-0.20181546,0.649758,-0.01579827,0.95978487,0.28029135,-0.6801952,0.19514948,-0.7065771,,0.08298951,1.2897635,0.42729357,0.99165606,0.100458026,-0.08078636,0.018921115,-0.73331684,-0.6796237,-0.12751566,0.6724244,-0.7290989,,-0.12482543,0.25140592,-0.09222712,-0.9749304,-0.20608824,0.08389504,0.17688733,-0.4891004,0.85410285,-0.13498746,0.8475308,0.51329327,,-0.08370125,0.4294658,-0.33941174,0.8261403,0.13962942,-0.54589,-0.43607962,0.771964,-0.46249983,0.35682887,0.6201412,0.6986401,,1.0743788747292395,0.5269606776727094,0.22030318921000003,3.864375968476299,-0.159454795226269,-1.0710611801532437,-0.41587399237787503,,-1.3854968913002481,0.18600202127569732,0.19024481669,1.6414528775968567,0.18336618268522106,-0.25072278579475415,0.8338714576154956,,-0.07627525163528219,-0.034472434388453,0.0910472212,-0.1089195372335423,,2.5909394e-05,-1.7881393e-07,4.7683716e-07,1.0,-1.7948449e-05,-1.655519e-05,1.7948449e-05,1.0,-3.1292439e-06,1.655519e-05,3.1292439e-06,1.0,79,0.239,0,0,0.0,False,-0.26148663402373185,1.0076560532829368
0.25988542987033725,16:04:35.059088,16:03:17.272577,0,,0.12880506,-0.0025133044,0.01555945,0.9499095,0.31138533,-0.026661754,-0.042411424,0.2129601,0.97614,0.30963358,-0.926114,0.2154991,,0.07324218,-0.012653395,0.028543651,-0.7331014,-0.20114632,0.6496939,-0.015276164,0.95989376,0.27994737,-0.6799477,0.19530502,-0.7067723,,0.08298951,1.2897635,0.42729357,0.99165606,0.100458026,-0.08078636,0.018921115,-0.73331684,-0.6796237,-0.12751566,0.6724244,-0.7290989,,-0.12506738,0.2516526,-0.09240057,-0.97284025,-0.21540646,0.08474597,0.18199092,-0.4855198,0.855073,-0.1430424,0.84727246,0.5115352,,-0.08369574,0.42946404,-0.3394117,0.8263246,0.13894144,-0.5457866,-0.4355324,0.7720602,-0.4628548,0.35707042,0.620176,0.6984858,,1.0743788747292395,0.5282735422613276,0.22012689377000003,3.8591337198891864,-0.16683316621360278,-1.0714972338247415,-0.41718074490694934,,-1.3854660003687513,0.18600974400857154,0.19024352040000003,1.64208194742731,0.18336618268522106,-0.25096782201517587,0.8333814254170928,,-0.07627525163528219,-0.034472434388453,0.0910472212,-0.1089195372335423,,2.5909394e-05,-1.7881393e-07,4.7683716e-07,1.0,-1.7948449e-05,-1.655519e-05,1.7948449e-05,1.0,-3.1292439e-06,1.655519e-05,3.1292439e-06,1.0,90,0.272,0,0,0.0,False,-0.2621419889274632,1.0076077730821573
0.2767102688085288,16:04:35.096827,16:03:17.272577,0,,0.12904954,-0.002498664,0.016149804,0.94727397,0.31908646,-0.029250681,-0.041295238,0.21209794,0.97637546,0.3177522,-0.9236872,0.21409175,,0.07324139,-0.0126568815,0.02854085,-0.7332562,-0.2006895,0.64966047,-0.014928728,0.95997155,0.27969936,-0.67978835,0.19539273,-0.7069014,,0.08298951,1.2897635,0.42729357,0.99165606,0.100458026,-0.08078636,0.018921115,-0.73331684,-0.6796237,-0.12751566,0.6724244,-0.7290989,,-0.1253584,0.25207043,-0.09278691,-0.9708125,-0.22332698,0.08745381,0.18840547,-0.484477,0.8542748,-0.14841324,0.8458174,0.51241237,,-0.08369443,0.42945984,-0.33941275,0.8264427,0.13847439,-0.54572636,-0.43517312,0.77211374,-0.46310338,0.35723484,0.62021387,0.69836813,,1.0746182794483405,0.5304050165346136,0.21972634016000003,3.8522139517541967,-0.17106889770633144,-1.0682883150305742,-0.41701740084081496,,-1.3854505549030027,0.1859942985428231,0.19024352040000003,1.6425013273142792,0.18336618268522106,-0.25113117949545694,0.8333814254170927,,-0.07627525163528219,-0.034472434388453,0.0910472212,-0.1089195372335423,,2.5909394e-05,-1.7881393e-07,4.7683716e-07,1.0,-1.7948449e-05,-1.655519e-05,1.7948449e-05,1.0,-3.1292439e-06,1.655519e-05,3.1292439e-06,1.0,98,0.296,0,0,0.0,False,-0.2608908568385213,1.006738729468127
0.31443859194405377,16:04:35.124479,16:03:17.384832,0,,0.12920754,-0.0025177822,0.016472653,0.9464174,0.3216528,-0.02886891,-0.042289376,0.21205887,0.97634137,0.32016486,-0.9228057,0.21429875,,0.07323859,-0.012656166,0.028539658,-0.7332668,-0.20048112,0.6497129,-0.014933318,0.9600612,0.27939117,-0.6797769,0.19516593,-0.706975,,0.08298951,1.2897635,0.42729357,0.99165606,0.100458026,-0.08078636,0.018921115,-0.73331684,-0.6796237,-0.12751566,0.6724244,-0.7290989,,-0.1255438,0.25227925,-0.09301399,-0.97024053,-0.22595313,0.08705459,0.18935247,-0.48389965,0.85439265,-0.150927,0.84545034,0.5122838,,-0.08369151,0.42945975,-0.33941165,0.8264516,0.13829936,-0.54575735,-0.43516564,0.77196515,-0.46335804,0.3572235,0.6204378,0.69817495,,1.0745642203182209,0.5316097628629926,0.21949171167000003,3.8511655020367743,-0.1727085357035167,-1.0674413726270604,-0.41636402457627786,,-1.3854351094372543,0.18600202127569732,0.19024352040000003,1.6425013273142792,0.18336618268522106,-0.2514578944560192,0.8330547372848243,,-0.07627525163528219,-0.034472434388453,0.0910472212,-0.1089195372335423,,2.5909394e-05,-1.7881393e-07,4.7683716e-07,1.0,-1.7948449e-05,-1.655519e-05,1.7948449e-05,1.0,-3.1292439e-06,1.655519e-05,3.1292439e-06,1.0,106,0.321,0,0,0.0,False,-0.2613079008681689,1.007076690873583
0.3420850688125938,16:04:35.152919,16:03:17.384832,0,,0.1293085,-0.002627641,0.016830519,0.94443417,0.32709697,-0.032426413,-0.04055687,0.21385774,0.97602254,0.32618865,-0.920474,0.21524054,,0.073237486,-0.012660875,0.028539598,-0.73363596,-0.19935179,0.64964354,-0.013805717,0.9601766,0.27905238,-0.67940223,0.19575405,-0.7071725,,0.08298951,1.2897635,0.42729357,0.99165606,0.100458026,-0.08078636,0.018921115,-0.73331684,-0.6796237,-0.12751566,0.6724244,-0.7290989,,-0.12568256,0.25244668,-0.09333501,-0.96863776,-0.23141575,0.090485245,0.19476625,-0.48099455,0.85481596,-0.15429497,0.8456305,0.5109815,,-0.083690256,0.42945695,-0.3394154,0.8267245,0.1370919,-0.5456485,-0.4341281,0.7723373,-0.4637109,0.3578537,0.62024254,0.6980257,,1.0745719430510952,0.5324438180134088,0.21916763917,3.8455038735626923,-0.17571453869835643,-1.0680122921309398,-0.41685405677468035,,-1.385419663971506,0.1859942985428231,0.19024092782000002,1.6437594669751863,0.1835028191849865,-0.2515693123597156,0.8330547372848243,,-0.07627525163528219,-0.034472434388453,0.0910472212,-0.1089195372335423,,2.5909394e-05,-1.7881393e-07,4.7683716e-07,1.0,-1.7948449e-05,-1.655519e-05,1.7948449e-05,1.0,-3.1292439e-06,1.655519e-05,3.1292439e-06,1.0,118,0.358,0,0,0.0,False,-0.262797343831195,1.0063524878618912
0.3705597559455782,16:04:35.176846,16:03:17.384832,0,,0.12932079,-0.002690427,0.016991839,0.94331753,0.33027443,-0.032722495,-0.04166741,0.21566597,0.9755778,0.3292655,-0.9189162,0.21720311,,0.07323095,-0.0126601895,0.028533876,-0.73441136,-0.19979113,0.6486318,-0.014003873,0.9599483,0.27982688,-0.67856,0.19642466,-0.7077949,,0.08298951,1.2897635,0.42729357,0.99165606,0.100458026,-0.08078636,0.018921115,-0.73331684,-0.6796237,-0.12751566,0.6724244,-0.7290989,,-0.12571314,0.2525126,-0.09349261,-0.96787196,-0.23456116,0.090580836,0.19608779,-0.47861442,0.85584915,-0.15739568,0.8461142,0.5092321,,-0.08368297,0.42945382,-0.33941177,0.8273717,0.13743353,-0.54458064,-0.43349266,0.77277535,-0.4635756,0.35712767,0.61962104,0.6989489,,1.074741843174328,0.5326368863352644,0.21901208437000003,3.844036043958301,-0.17885717819296154,-1.0695336173529504,-0.41620068051014325,,-1.38542738670438,0.18600202127569732,0.19024092782000002,1.6441788468621554,0.182409727186863,-0.25067796913014423,0.8327280491525555,,-0.07627525163528219,-0.034472434388453,0.0910472212,-0.1089195372335423,,2.5909394e-05,-1.7881393e-07,4.7683716e-07,1.0,-1.7948449e-05,-1.655519e-05,1.7948449e-05,1.0,-3.1292439e-06,1.655519e-05,3.1292439e-06,1.0,122,0.369,0,0,0.0,False,-0.2616653671792948,1.005483444247861
0.39447602280415595,16:04:35.203832,16:03:17.384832,0,,0.12936088,-0.0027524456,0.017260745,0.94021356,0.33826604,-0.039677963,-0.037084386,0.21748424,0.97535896,0.3385602,-0.91557455,0.21702603,,0.0732287,-0.012663021,0.028533518,-0.7346417,-0.19928037,0.64852804,-0.013966501,0.9601289,0.27920845,-0.67831135,0.19606057,-0.7081341,,0.08298951,1.2897635,0.42729357,0.99165606,0.100458026,-0.08078636,0.018921115,-0.73331684,-0.6796237,-0.12751566,0.6724244,-0.7290989,,-0.12578027,0.2526533,-0.09372381,-0.96520627,-0.24263729,0.097488396,0.20582308,-0.475001,0.85557634,-0.16128764,0.84587306,0.50841427,,-0.08368061,0.42945212,-0.33941394,0.82756114,0.13697718,-0.5444077,-0.43324557,0.7725353,-0.46420628,0.35698852,0.62002134,0.69866496,,1.0749735251605548,0.5331234185063406,0.21878134475000002,3.833761236727559,-0.18295627318592475,-1.06945822984768,-0.4171807449069491,,-1.38542738670438,0.1859942985428231,0.19023833524000003,1.6443885368056401,0.1821364541873321,-0.25127192072415705,0.8307679203589443,,-0.07627525163528219,-0.034472434388453,0.0910472212,-0.1089195372335423,,2.5909394e-05,-1.7881393e-07,4.7683716e-07,1.0,-1.7948449e-05,-1.655519e-05,1.7948449e-05,1.0,-3.1292439e-06,1.655519e-05,3.1292439e-06,1.0,133,0.403,0,0,0.0,False,-0.26196325577190027,1.0057248452517584
0.4214681580197066,16:04:35.223500,16:03:17.384832,0,,0.1293806,-0.0027849227,0.01748912,0.939528,0.33982423,-0.042502392,-0.03545598,0.21995491,0.9748654,0.3406315,-0.91440654,0.21870267,,0.07322921,-0.012666031,0.028531551,-0.7348651,-0.19897377,0.64836895,-0.013682902,0.9601511,0.2791463,-0.6780751,0.19626337,-0.7083043,,0.08298951,1.2897635,0.42729357,0.99165606,0.100458026,-0.08078636,0.018921115,-0.73331684,-0.6796237,-0.12751566,0.6724244,-0.7290989,,-0.12582144,0.2527874,-0.09390798,-0.9645709,-0.24408975,0.10011581,0.20843185,-0.47240883,0.8563796,-0.1617379,0.8469062,0.50654787,,-0.083680704,0.42944863,-0.33941504,0.8277377,0.13664326,-0.5442232,-0.4328568,0.77266407,-0.4643546,0.35705078,0.61993456,0.69871014,,1.0752283753454042,0.5336794552732848,0.21859208641000002,3.8308255775187754,-0.18322954618545564,-1.0710323263233799,-0.4188141855682921,,-1.38542738670438,0.18597885307707465,0.19023833524000003,1.6448079166926088,0.18199981768756668,-0.25124218156060113,0.83060457629281,,-0.07627525163528219,-0.034472434388453,0.0910472212,-0.1089195372335423,,2.5909394e-05,-1.7881393e-07,4.7683716e-07,1.0,-1.7948449e-05,-1.655519e-05,1.7948449e-05,1.0,-3.1292439e-06,1.655519e-05,3.1292439e-06,1.0,141,0.427,0,0,0.0,False,-0.26136747858668974,1.005483444247861
0.44112524786032736,16:04:35.254497,16:03:17.384832,0,,0.12935726,-0.0027937368,0.01770465,0.93853176,0.34249866,-0.04304239,-0.03525173,0.21913567,0.9750573,0.34338796,-0.913605,0.21773952,,0.07323072,-0.012670382,0.028530955,-0.7350099,-0.19883464,0.6482476,-0.013574988,0.9601617,0.27911508,-0.67792034,0.19635236,-0.70842767,,0.08298951,1.2897635,0.42729357,0.99165606,0.100458026,-0.08078636,0.018921115,-0.73331684,-0.6796237,-0.12751566,0.6724244,-0.7290989,,-0.12581694,0.25292984,-0.0940716,-0.9637953,-0.24687754,0.10074765,0.2104834,-0.47245133,0.8558543,-0.16369282,0.846074,0.50731,,-0.08368198,0.4294453,-0.339418,0.8278542,0.13649213,-0.5440839,-0.43265057,0.7727205,-0.46445286,0.35703063,0.6198975,0.69875336,,1.0757689666466,0.5340810373827444,0.21842616129000003,3.8283092981969613,-0.18527909368193726,-1.069279379027793,-0.41750743303921767,,-1.3854351094372543,0.18595568487845196,0.19023703895000002,1.6450176066360935,0.18186318118780123,-0.2512124423970454,0.8310946084912129,,-0.07627525163528219,-0.034472434388453,0.0910472212,-0.1089195372335423,,2.5909394e-05,-1.7881393e-07,4.7683716e-07,1.0,-1.7948449e-05,-1.655519e-05,1.7948449e-05,1.0,-3.1292439e-06,1.655519e-05,3.1292439e-06,1.0,153,0.464,0,0,0.0,False,-0.26255903295711036,1.0057731254525375
0.4720949709881097,16:04:35.289549,16:03:17.524178,0,,0.12929027,-0.002734907,0.017864063,0.93706524,0.34631008,-0.044472698,-0.034308523,0.21808422,0.97532666,0.34746423,-0.9124191,0.21624056,,0.07321845,-0.012669786,0.02852583,-0.735421,-0.19799283,0.64803886,-0.012708396,0.9602213,0.27895072,-0.6774911,0.19691065,-0.70868325,,0.08298951,1.2897635,0.42729357,0.99165606,0.100458026,-0.08078636,0.018921115,-0.73331684,-0.6796237,-0.12751566,0.6724244,-0.7290989,,-0.1257591,0.2530825,-0.0941535,-0.962605,-0.2508451,0.10231475,0.21398121,-0.4723977,0.85501605,-0.16614333,0.8449362,0.50840855,,-0.0836691,0.42944336,-0.3394152,0.82816887,0.13557509,-0.54383427,-0.4317264,0.77307445,-0.4647238,0.35741943,0.6196574,0.69876754,,1.076595299064142,0.5343436103004681,0.21834319873000002,3.8241154993272706,-0.18814846017701148,-1.066939603050168,-0.41767077710535205,,-1.3853656048413863,0.18598657580994887,0.19023574266,1.6460660563535163,0.18186318118780123,-0.2512124423970454,0.8310946084912129,,-0.07627525163528219,-0.034472434388453,0.0910472212,-0.1089195372335423,,2.5909394e-05,-1.7881393e-07,4.7683716e-07,1.0,-1.7948449e-05,-1.655519e-05,1.7948449e-05,1.0,-3.1292439e-06,1.655519e-05,3.1292439e-06,1.0,165,0.5,0,0,0.0,False,-0.2622611443645053,1.0056282848501994
0.5070961439050734,16:04:35.320906,16:03:17.524178,0,,0.1292511,-0.0027534813,0.017983928,0.9374188,0.34541902,-0.043948945,-0.035038814,0.21915123,0.97506154,0.3464363,-0.9125012,0.21753955,,0.07321152,-0.012676074,0.028520644,-0.73552656,-0.19802459,0.64790934,-0.012797028,0.96022016,0.27895048,-0.67737484,0.19688419,-0.70880175,,0.08298951,1.2897635,0.42729357,0.99165606,0.100458026,-0.08078636,0.018921115,-0.73331684,-0.6796237,-0.12751566,0.6724244,-0.7290989,,-0.12573163,0.25315186,-0.094256856,-0.96292746,-0.2498697,0.10166529,0.21274285,-0.47168136,0.8557203,-0.16586496,0.8456251,0.50735295,,-0.08366129,0.42943642,-0.33941743,0.8282587,0.13561043,-0.5436886,-0.43167675,0.7730576,-0.46479794,0.35727116,0.6196707,0.69883156,,1.076942822043482,0.534513510423701,0.21823690295000003,3.8251639490446934,-0.1878751871774806,-1.067897547518826,-0.41685405677468057,,-1.385319268444141,0.18596340761132618,0.19023315008000002,1.6460660563535163,0.1817265446880358,-0.2511827032334895,0.8312579525573471,,-0.07627525163528219,-0.034472434388453,0.0910472212,-0.1089195372335423,,2.5909394e-05,-1.7881393e-07,4.7683716e-07,1.0,-1.7948449e-05,-1.655519e-05,1.7948449e-05,1.0,-3.1292439e-06,1.655519e-05,3.1292439e-06,1.0,176,0.534,0,0,0.0,False,-0.2618441003348577,1.0047109610353895
0.5385176779236645,16:04:35.356287,16:03:17.524178,0,,0.12920769,-0.0028205141,0.017978117,0.93778926,0.34438407,-0.044167396,-0.035114378,0.22062865,0.9747256,0.3454246,-0.9125363,0.21899608,,0.07321114,-0.012681021,0.028522372,-0.73596174,-0.19667393,0.6478266,-0.011732727,0.9604368,0.27825046,-0.6769213,0.19718096,-0.70915246,,0.08298951,1.2897635,0.42729357,0.99165606,0.100458026,-0.08078636,0.018921115,-0.73331684,-0.6796237,-0.12751566,0.6724244,-0.7290989,,-0.12569326,0.25309938,-0.094303615,-0.96321696,-0.24872321,0.10173448,0.21198942,-0.47063544,0.8564828,-0.16514729,0.84654534,0.5060507,,-0.08366101,0.42943475,-0.33942237,0.8285871,0.13422443,-0.54353213,-0.43060827,0.7732366,-0.46549085,0.3577987,0.6197491,0.698492,,1.0769119311119852,0.5342200465744804,0.21819153280000003,3.8260027088186317,-0.18732864117841885,-1.0697317577160013,-0.41832415336988915,,-1.385319268444141,0.18595568487845196,0.19022926121000003,1.6473241960144234,0.1817265446880358,-0.2516727756743329,0.8302778881605415,,-0.07627525163528219,-0.034472434388453,0.0910472212,-0.1089195372335423,,2.5909394e-05,-1.7881393e-07,4.7683716e-07,1.0,-1.7948449e-05,-1.655519e-05,1.7948449e-05,1.0,-3.1292439e-06,1.655519e-05,3.1292439e-06,1.0,184,0.559,0,0,0.0,False,-0.2618441003348577,1.0051454828424047
0.5738867649342865,16:04:35.386760,16:03:17.641209,0,,0.1292095,-0.0029313043,0.01793833,0.9358227,0.34998658,-0.041773327,-0.036902495,0.2151514,0.97588325,0.3505336,-0.9117123,0.21425894,,0.07319278,-0.012712612,0.02851057,-0.73670316,-0.19747627,0.64673895,-0.0121233165,0.9601121,0.27935237,-0.6761075,0.19795913,-0.7097118,,0.08298951,1.2897635,0.42729357,0.99165606,0.100458026,-0.08078636,0.018921115,-0.73331684,-0.6796237,-0.12751566,0.6724244,-0.7290989,,-0.1257004,0.25299177,-0.09435079,-0.9618294,-0.2547856,0.09984194,0.21422438,-0.47403595,0.8540479,-0.17027043,0.84283704,0.510523,,-0.08364009,0.42940855,-0.33944115,0.8292111,0.13491186,-0.5424092,-0.43011844,0.77374786,-0.4650939,0.35694128,0.6189613,0.6996284,,1.07666480366001,0.5336408416089137,0.21815782926000002,3.823905809383786,-0.1929307376688019,-1.064428515003183,-0.41718074490694934,,-1.385249763848273,0.18597113034420043,0.19022407605000002,1.6475338859579076,0.18063345268991227,-0.25045471748419923,0.8309312644250786,,-0.07627525163528219,-0.034472434388453,0.0910472212,-0.1089195372335423,,2.5909394e-05,-1.7881393e-07,4.7683716e-07,1.0,-1.7948449e-05,-1.655519e-05,1.7948449e-05,1.0,-3.1292439e-06,1.655519e-05,3.1292439e-06,1.0,196,0.595,0,0,0.0,False,-0.26112916771260597,1.0043247194291538
0.6043992119375616,16:04:35.416845,16:03:17.641209,0,,0.1291254,-0.0030817464,0.01787971,0.9349459,0.35232165,-0.04178081,-0.036277056,0.21207717,0.9765793,0.3529308,-0.9115332,0.21106187,,0.07316747,-0.01271321,0.028499305,-0.7373149,-0.19847795,0.64573455,-0.012640506,0.9597522,0.2805636,-0.6754309,0.19870126,-0.71014845,,0.08299335,1.2897625,0.42729613,0.99165606,0.10045778,-0.080786586,0.018920787,-0.7333169,-0.67962366,-0.12751566,0.6724244,-0.7290989,,-0.12562713,0.2528397,-0.09442,-0.96110946,-0.25736037,0.10017093,0.21633282,-0.47613922,0.85234475,-0.17166445,0.84086686,0.5132974,,-0.08361682,0.42940015,-0.339435,0.8297314,0.13580315,-0.5413902,-0.42983097,0.7742368,-0.4645457,0.35607743,0.6181544,0.700781,,1.076325003413544,0.5328454001228685,0.21808782960000003,3.8220185998924254,-0.19484364866551807,-1.061725161989465,-0.41816080930375477,,-1.3851570910537823,0.18598657580994887,0.19022277976000002,1.6475338859579076,0.1796769971915542,-0.24918471971748085,0.8306045762928099,,-0.07627525163528219,-0.034472434388453,0.0910472212,-0.1089195372335423,,2.9373914e-05,2.682209e-06,-9.536743e-07,1.0,-1.8186867e-05,-1.6771257e-05,1.8186867e-05,1.0,-3.1590462e-06,1.6778708e-05,3.1590462e-06,1.0,204,0.62,0,0,0.0,False,-0.26154621174225356,1.0040350382244774
0.6344738269690424,16:04:35.445662,16:03:17.641209,0,,0.12900811,-0.0032374933,0.017825976,0.934525,0.35328856,-0.043013867,-0.034533948,0.2103054,0.9770256,0.35421807,-0.91156936,0.20873606,,0.07316484,-0.012712018,0.028501451,-0.73694783,-0.19816437,0.6462496,-0.012549281,0.95990825,0.28003335,-0.675833,0.19825992,-0.70988923,,0.08299335,1.2897625,0.42729613,0.99165606,0.10045778,-0.080786586,0.018920787,-0.7333169,-0.67962366,-0.12751566,0.6724244,-0.7290989,,-0.12551829,0.25269005,-0.09450161,-0.96066266,-0.25845632,0.10162489,0.21848306,-0.4774473,0.8510636,-0.17144224,0.8397883,0.5151341,,-0.08361458,0.4294029,-0.33943555,0.8294257,0.13555394,-0.54192084,-0.430136,0.7739488,-0.46474323,0.3564212,0.6185696,0.70023966,,1.0762709442834246,0.5319263949108358,0.21801394107000002,3.8199217004575803,-0.19539019466457985,-1.0601359880127115,-0.41652736864241224,,-1.3851262001222855,0.18600202127569732,0.19022148347,1.6473241960144234,0.18022354319061595,-0.24979374881254773,0.83060457629281,,-0.07627525163528219,-0.034472434388453,0.0910472212,-0.1089195372335423,,2.9373914e-05,2.682209e-06,-9.536743e-07,1.0,-1.8186867e-05,-1.6771257e-05,1.8186867e-05,1.0,-3.1590462e-06,1.6778708e-05,3.1590462e-06,1.0,212,0.644,0,0,0.0,False,-0.2622611443645053,1.0033591154135648
0.6633019698783755,16:04:35.469686,16:03:17.641209,0,,0.12885527,-0.0034149066,0.017732576,0.9328603,0.35705647,-0.04777287,-0.029193886,0.20711026,0.9778819,0.3590533,-0.9108326,0.20362875,,0.07315703,-0.012717293,0.028496742,-0.73727083,-0.1973677,0.646125,-0.0118588805,0.96000946,0.2797162,-0.6754931,0.19856429,-0.7101276,,0.08299335,1.2897625,0.42729613,0.99165606,0.10045778,-0.080786586,0.018920787,-0.7333169,-0.67962366,-0.12751566,0.6724244,-0.7290989,,-0.12537251,0.25249738,-0.09457361,-0.9589954,-0.2625106,0.10684589,0.22568636,-0.4792547,0.84816307,-0.1714454,0.8374981,0.5188481,,-0.08360599,0.42939705,-0.33943734,0.8296721,0.13471799,-0.54175204,-0.429402,0.77413803,-0.46510673,0.3567326,0.6185155,0.70012885,,1.0762091624204309,0.5306675894523372,0.21795042286000002,3.812372862492137,-0.19661992316246882,-1.0563561497146647,-0.4178341211714862,,-1.3850721409921658,0.1859942985428231,0.19021889089000002,1.6481629557883615,0.18022354319061595,-0.24995710629282883,0.8296245118960044,,-0.07627525163528219,-0.034472434388453,0.0910472212,-0.1089195372335423,,2.9373914e-05,2.682209e-06,-9.536743e-07,1.0,-1.8186867e-05,-1.6771257e-05,1.8186867e-05,1.0,-3.1590462e-06,1.6778708e-05,3.1590462e-06,1.0,223,0.677,0,0,0.0,False,-0.26190367805337944,1.0034073956143443
0.6873246419709176,16:04:35.500965,16:03:17.641209,0,,0.12870502,-0.0035963506,0.017682388,0.93244714,0.35822427,-0.047091227,-0.02899579,0.20410874,0.9785187,0.3601409,-0.9110516,0.20070755,,0.0731414,-0.012721525,0.028485835,-0.73793423,-0.19808492,0.64514744,-0.012434661,0.95978314,0.28046706,-0.67475796,0.19894397,-0.71071994,,0.08299335,1.2897625,0.42729613,0.99165606,0.10045778,-0.080786586,0.018920787,-0.7333169,-0.67962366,-0.12751566,0.6724244,-0.7290989,,-0.12523323,0.2523316,-0.09467915,-0.95866024,-0.2638869,0.10646229,0.22658086,-0.48157895,0.8466067,-0.17213842,0.8357305,0.5214623,,-0.08358878,0.4293881,-0.33943498,0.8302367,0.13537753,-0.5407217,-0.42909816,0.7743901,-0.4649675,0.35578337,0.61805576,0.7010173,,1.0762709442834246,0.5295864068499457,0.21785838627,3.811743792661684,-0.1982595611596541,-1.053793953768199,-0.41767077710535183,,-1.3850180818620463,0.18598657580994887,0.19021629831000003,1.6481629557883615,0.17913045119249243,-0.249147441803398,0.8294611678298701,,-0.07627525163528219,-0.034472434388453,0.0910472212,-0.1089195372335423,,2.9373914e-05,2.682209e-06,-9.536743e-07,1.0,-1.8186867e-05,-1.6771257e-05,1.8186867e-05,1.0,-3.1590462e-06,1.6778708e-05,3.1590462e-06,1.0,231,0.702,0,0,0.0,False,-0.262797343831195,1.0025383520003142
0.7185811589006335,16:04:35.527885,16:03:17.775049,0,,0.12850475,-0.0037636012,0.017687395,0.93133384,0.3602721,-0.053114325,-0.023375541,0.20469335,0.97854704,0.36341536,-0.91011244,0.1990594,,0.07312304,-0.012721852,0.028472185,-0.7394196,-0.19848675,0.6433206,-0.012772322,0.95951617,0.28136387,-0.6731236,0.19982913,-0.7120203,,0.08299335,1.2897625,0.42729613,0.99165606,0.10045778,-0.080786586,0.018920787,-0.7333169,-0.67962366,-0.12751566,0.6724244,-0.7290989,,-0.12504774,0.25221425,-0.09482036,-0.9573886,-0.26595405,0.11258569,0.2329089,-0.4805099,0.8454961,-0.17076458,0.83569056,0.5219778,,-0.08356859,0.42937988,-0.3394281,0.83147204,0.13565136,-0.53875124,-0.4278387,0.77496517,-0.46516985,0.35441253,0.6172744,0.70239884,,1.076595299064142,0.5285438379119255,0.21772357211,3.805033714470179,-0.19812292465988865,-1.0535786567113332,-0.4176707771053523,,-1.3849949136634236,0.18600202127569732,0.19021500202000002,1.6490017155622994,0.17708090369601082,-0.24804792442893564,0.8279910712346614,,-0.07627525163528219,-0.034472434388453,0.0910472212,-0.1089195372335423,,2.9373914e-05,2.682209e-06,-9.536743e-07,1.0,-1.8186867e-05,-1.6771257e-05,1.8186867e-05,1.0,-3.1590462e-06,1.6778708e-05,3.1590462e-06,1.0,239,0.726,0,0,0.0,False,-0.2626186106756321,1.0028280332049906
0.7455246530007571,16:04:35.553977,16:03:17.775049,0,,0.12834144,-0.003851682,0.017696396,0.93127966,0.36023667,-0.054290973,-0.021924771,0.20417705,0.9786885,0.36364442,-0.91024244,0.19804406,,0.07312372,-0.012721286,0.028475285,-0.73926324,-0.19792977,0.6436718,-0.012632519,0.95973814,0.28061196,-0.6732979,0.19931489,-0.71199965,,0.08299335,1.2897625,0.42729613,0.99165606,0.10045778,-0.080786586,0.018920787,-0.7333169,-0.67962366,-0.12751566,0.6724244,-0.7290989,,-0.12489315,0.25215694,-0.09490592,-0.9572406,-0.26594833,0.11385042,0.2341168,-0.48097318,0.8448989,-0.16994044,0.8354258,0.52267003,,-0.08356975,0.42938253,-0.3394295,0.83133906,0.1351704,-0.5390773,-0.42790857,0.77462816,-0.46566668,0.3546401,0.6178027,0.70181924,,1.077043217570847,0.5278487919532452,0.21764190584,3.803565884865787,-0.19812292465988865,-1.052925226790209,-0.4179974652376204,,-1.3849949136634236,0.18600974400857154,0.19021370573000002,1.6490017155622994,0.1773541766955417,-0.24884251141731245,0.8284811034330644,,-0.07627525163528219,-0.034472434388453,0.0910472212,-0.1089195372335423,,2.9373914e-05,2.682209e-06,-9.536743e-07,1.0,-1.8186867e-05,-1.6771257e-05,1.8186867e-05,1.0,-3.1590462e-06,1.6778708e-05,3.1590462e-06,1.0,247,0.751,0,0,0.0,False,-0.26178452261633733,1.002103830193299
0.7716149059124291,16:04:35.578466,16:03:17.775049,0,,0.12815696,-0.0038982853,0.017735884,0.9305752,0.3613232,-0.058950488,-0.01744277,0.20459834,0.97869056,0.36568484,-0.9097171,0.19669658,,0.07312653,-0.012722031,0.028476417,-0.7392528,-0.19797853,0.6436688,-0.0126279,0.9597169,0.2806849,-0.67330945,0.19936883,-0.7119736,,0.08299335,1.2897625,0.42729613,0.99165606,0.10045778,-0.080786586,0.018920787,-0.7333169,-0.67962366,-0.12751566,0.6724244,-0.7290989,,-0.12471681,0.25215068,-0.09498734,-0.95636094,-0.2670387,0.11859204,0.23876897,-0.48030692,0.8439755,-0.16841355,0.8354613,0.52310735,,-0.08357267,0.4293826,-0.33943063,0.8313303,0.13521121,-0.5390805,-0.4279161,0.77466345,-0.46560106,0.3546515,0.6177495,0.7018603,,1.0777150953309045,0.5272773097205526,0.21756153586000002,3.798323636278674,-0.19757637866082686,-1.0523090747831674,-0.41783412117148644,,-1.385010359129172,0.18600202127569732,0.19021370573000002,1.6490017155622994,0.1773541766955417,-0.24876083267717186,0.8286444474991987,,-0.07627525163528219,-0.034472434388453,0.0910472212,-0.1089195372335423,,2.9373914e-05,2.682209e-06,-9.536743e-07,1.0,-1.8186867e-05,-1.6771257e-05,1.8186867e-05,1.0,-3.1590462e-06,1.6778708e-05,3.1590462e-06,1.0,255,0.776,0,0,0.0,False,-0.26190367805337944,1.00287631340577
0.7960615558549762,16:04:35.605043,16:03:17.775049,0,,0.12782583,-0.003913939,0.017867431,0.9297553,0.3624871,-0.06448375,-0.012009062,0.20490727,0.9787077,0.3679821,-0.9091843,0.19486675,,0.073127344,-0.012723819,0.028475761,-0.73939663,-0.19768366,0.6435943,-0.012273371,0.9597218,0.28068373,-0.6731581,0.19963753,-0.7120414,,0.08299335,1.2897625,0.42729613,0.99165606,0.10045778,-0.080786586,0.018920787,-0.7333169,-0.67962366,-0.12751566,0.6724244,-0.7290989,,-0.12440006,0.25223053,-0.09513049,-0.9553137,-0.26821527,0.12424309,0.2442872,-0.47971693,0.84273094,-0.16643178,0.8354234,0.5238017,,-0.08357332,0.42938083,-0.33943152,0.8314385,0.1348796,-0.5389968,-0.42756015,0.77483416,-0.46564403,0.35482723,0.6176079,0.7018961,,1.0792750873714978,0.5265822637618724,0.21741764767000002,3.7916135580871697,-0.19716646916153055,-1.050846396211164,-0.4178341211714862,,-1.385010359129172,0.1859942985428231,0.19021370573000002,1.6494210954492685,0.1773541766955417,-0.24867915393703122,0.8284811034330644,,-0.07627525163528219,-0.034472434388453,0.0910472212,-0.1089195372335423,,2.9373914e-05,2.682209e-06,-9.536743e-07,1.0,-1.8186867e-05,-1.6771257e-05,1.8186867e-05,1.0,-3.1590462e-06,1.6778708e-05,3.1590462e-06,1.0,270,0.821,0,0,0.0,False,-0.26196325577190027,1.0022486707956373
0.8226673838216811,16:04:35.641522,16:03:17.775049,0,,0.12728328,-0.003832817,0.018103555,0.9283061,0.36412287,-0.07524814,-0.0019706786,0.20719513,0.9782976,0.37181157,-0.9080114,0.19305807,,0.073119566,-0.01272379,0.028469145,-0.7401685,-0.1979003,0.6426397,-0.012228042,0.9595134,0.28139746,-0.67231005,0.2004233,-0.7126217,,0.08299335,1.2897625,0.42729613,0.99165606,0.10045778,-0.080786586,0.018920787,-0.7333169,-0.67962366,-0.12751566,0.6724244,-0.7290989,,-0.12387444,0.25245282,-0.09530658,-0.95340955,-0.2697595,0.13505585,0.25419548,-0.47725374,0.84119767,-0.16246514,0.83633643,0.5235899,,-0.08356465,0.4293768,-0.339428,0.8320736,0.13498333,-0.53798974,-0.42677012,0.7753432,-0.46552148,0.35428903,0.6169461,0.7027495,,1.0821479440007093,0.5257945450087015,0.21723616707,3.7794515413650673,-0.19566346766411072,-1.0496216309476079,-0.41816080930375477,,-1.3850026363962977,0.18600202127569732,0.19021370573000002,1.6500501652797221,0.1763977211971836,-0.24781754987101579,0.8283177593669302,,-0.07627525163528219,-0.034472434388453,0.0910472212,-0.1089195372335423,,2.9373914e-05,2.682209e-06,-9.536743e-07,1.0,-1.8186867e-05,-1.6771257e-05,1.8186867e-05,1.0,-3.1590462e-06,1.6778708e-05,3.1590462e-06,1.0,278,0.845,0,0,0.0,False,-0.26255903295711036,1.0012347865792688
0.8591498448513448,16:04:35.672814,16:03:17.933309,0,,0.12677193,-0.0036819428,0.018260375,0.9274652,0.36453098,-0.083219126,0.005377233,0.20953852,0.9777855,0.37387076,-0.90730965,0.1923795,,0.07311281,-0.012727247,0.02846235,-0.7411556,-0.19738854,0.6416587,-0.01189521,0.959509,0.2814267,-0.6712278,0.20094827,-0.7134935,,0.08299335,1.2897625,0.42729613,0.99165606,0.10045778,-0.080786586,0.018920787,-0.7333169,-0.67962366,-0.12751566,0.6724244,-0.7290989,,-0.12336775,0.2526708,-0.09537427,-0.95217204,-0.27004048,0.14299123,0.2609344,-0.4750742,0.8403676,-0.15900184,0.8374859,0.5228152,,-0.083556846,0.42937037,-0.33942696,0.8328773,0.13439949,-0.5368913,-0.42559168,0.77567685,-0.4660442,0.35381803,0.6166541,0.7032429,,1.0849667414998014,0.5250763308513986,0.21716487112000002,3.770644563738717,-0.19443373916622175,-1.049072496018205,-0.41832415336988904,,-1.3850026363962977,0.1859942985428231,0.19021240944,1.6510986149971447,0.1753046291990601,-0.24757963656256887,0.8266843187055872,,-0.07627525163528219,-0.034472434388453,0.0910472212,-0.1089195372335423,,2.9373914e-05,2.682209e-06,-9.536743e-07,1.0,-1.8186867e-05,-1.6771257e-05,1.8186867e-05,1.0,-3.1590462e-06,1.6778708e-05,3.1590462e-06,1.0,286,0.87,0,0,0.0,False,-0.26243987752006825,1.0014279073823864
0.8904485260136425,16:04:35.701814,16:03:17.933309,0,,0.1264179,-0.0035685971,0.018360332,0.92655987,0.36560547,-0.08842724,0.010284476,0.21037522,0.97756654,0.3760066,-0.90668344,0.19116515,,0.073108256,-0.012726978,0.028456151,-0.7418431,-0.19771858,0.640762,-0.0120226145,0.95931154,0.28209358,-0.6704656,0.2015655,-0.71403587,,0.08299335,1.2897625,0.42729613,0.99165606,0.10045778,-0.080786586,0.018920787,-0.7333169,-0.67962366,-0.12751566,0.6724244,-0.7290989,,-0.12301554,0.2528222,-0.09540883,-0.9510677,-0.27109483,0.14824945,0.2659604,-0.47403777,0.8393767,-0.15727486,0.83773255,0.5229425,,-0.08355142,0.4293663,-0.33942327,0.8334473,0.13464004,-0.5359456,-0.42498645,0.7760777,-0.46592915,0.3532027,0.616097,0.70404005,,1.0869437611156028,0.5245511850159513,0.21712987129000003,3.7641441754906966,-0.19429710266645633,-1.0477953753395117,-0.4184874974360233,,-1.385010359129172,0.1859942985428231,0.19021370573000002,1.6515179948841139,0.17434817370070202,-0.24679971123669392,0.8266843187055872,,-0.07627525163528219,-0.034472434388453,0.0910472212,-0.1089195372335423,,2.9373914e-05,2.682209e-06,-9.536743e-07,1.0,-1.8186867e-05,-1.6771257e-05,1.8186867e-05,1.0,-3.1590462e-06,1.6778708e-05,3.1590462e-06,1.0,298,0.907,0,0,0.0,False,-0.2622015666459845,1.0012347865792688
