Task Time,PC1 Time,PC2 Time,Gaze Calib,s_T_psm1,Tx,Ty,Tz,R00,R01,R02,R10,R11,R12,R20,R21,R22,s_T_psm3,Tx,Ty,Tz,R00,R01,R02,R10,R11,R12,R20,R21,R22,cart_T_ecm,Tx,Ty,Tz,R00,R01,R02,R10,R11,R12,R20,R21,R22,ecm_T_psm1,Tx,Ty,Tz,R00,R01,R02,R10,R11,R12,R20,R21,R22,ecm_T_psm3,Tx,Ty,Tz,R00,R01,R02,R10,R11,R12,R20,R21,R22,psm1_joints,q1,q2,q3,q4,q5,q6,jaw,psm3_joints,q1,q2,q3,q4,q5,q6,jaw,ecm_joints,q1,q2,q3,q4,ecmi_T_ecm,Tx,Ty,Tz,R00,R01,R02,R10,R11,R12,R20,R21,R22,Sample #,Task Duration (s),Collisions (binary),Collisions (increments),Cumulative Collision Time (s),Clutch Press,MTMR Angle,MTML Angle
""
lci_T_si,,,,,-0.050445605,0.031140205,0.20799266,0.9865919,-0.013161347,0.16267522,0.100886725,-0.734317,-0.67126775,0.12828997,0.67867905,-0.7231434
rci_T_si,,,,,-0.059559833,0.035046782,0.21627636,0.9849687,-0.028336054,0.17039265,0.097400196,-0.72355855,-0.6833566,0.14265269,0.6896812,-0.7099226
ecm_T_lc,,,,,-4.4061628e-05,-0.00034663224,-0.01840835,-0.99912,0.030754527,0.028518902,-0.031987965,-0.99852574,-0.043852776,0.027128186,-0.04472645,0.9986309
ecm_T_rc,,,,,-0.0043358393,0.01870579,-0.007592615,-0.99555075,-0.052743673,-0.078081585,0.04863213,-0.9973746,0.053654674,-0.08070653,0.04961868,0.9955021
cart_T_ecmi,,,,,0.08296387,1.2897631,0.42729735,0.9916556,0.10047608,-0.08076963,0.018945528,-0.7333144,-0.6796257,-0.12751566,0.6724244,-0.7290989
ecmac_T_ecmrep_psm1,,,,,0.022898523,-0.26913688,-0.29720387,0.9902475,0.13300471,0.041468147,-0.1315095,0.99062705,-0.036922794,-0.045990374,0.031109251,0.9984574
ecmac_T_ecmrep_psm3,,,,,0.02078248,-0.4666591,-0.5231304,0.997355,0.0035024614,0.07259993,-0.011652398,0.993624,0.11214125,-0.07174426,-0.1126906,0.99103665
""
0,16:03:12.162775,16:01:54.404842,0,,0.123413324,-0.0026648268,0.0123592615,0.9502048,0.23522034,-0.20440695,0.125259,0.31232262,0.94168186,0.28534368,-0.9203945,0.26730707,,0.0727716,-0.029056586,0.06638259,0.20358975,-0.5484833,0.8109976,-0.38666964,0.7159623,0.5812783,-0.8994652,-0.43193063,-0.06631935,,0.082962215,1.2897649,0.42730072,0.99165535,0.10048458,-0.080761746,0.018957024,-0.7333132,-0.67962664,-0.12751566,0.6724244,-0.7290989,,-0.11943213,0.24933626,-0.09081863,-0.9580165,-0.13246809,0.2542766,0.28651783,-0.40960073,0.86610323,-0.010579152,0.90259594,0.43035874,,-0.0883168,0.44867647,-0.37560606,-0.05480463,0.5834571,-0.8102927,-0.9631066,0.18325068,0.19709127,0.263481,0.79119974,0.5518884,,1.0861714878281803,0.5071518678503235,0.22183281141000002,3.7423364213683064,-0.06162306139421364,-1.170030903132914,-0.4207743143619034,,-1.5056240011588105,0.1464925198911647,0.15617831549000002,0.6401833974582528,0.5734633895155536,-0.4220442048154469,0.8751975063474682,,-0.07627525163528219,-0.034472434388453,0.0910472212,-0.10859245153614427,,-2.041459e-06,7.748604e-07,-3.4570694e-06,1.0,8.448958e-06,7.8082085e-06,-8.448958e-06,1.0,1.4901161e-06,-7.785857e-06,-1.4901161e-06,1.0,35,0.106,0,0,0.0,False,-0.26112916771260597,1.0497563883626244
0.1280645749066025,16:03:12.185148,16:01:54.404842,0,,0.1233216,-0.0025978982,0.012407109,0.9500804,0.23568991,-0.20444408,0.12523156,0.3120942,0.94176126,0.28576946,-0.9203518,0.26699877,,0.07276034,-0.0290666,0.06639689,0.20358975,-0.5484833,0.8109976,-0.38666964,0.7159623,0.5812783,-0.8994652,-0.43193063,-0.06631935,,0.082962215,1.2897649,0.42730072,0.99165535,0.10048458,-0.080761746,0.018957024,-0.7333132,-0.67962664,-0.12751566,0.6724244,-0.7290989,,-0.11933978,0.2494178,-0.09081758,-0.9579306,-0.13295598,0.2543454,0.28679204,-0.40973714,0.8659479,-0.010918202,0.9024623,0.43063048,,-0.08830747,0.44868287,-0.37562343,-0.05480463,0.5834571,-0.8102927,-0.9631066,0.18325068,0.19709127,0.263481,0.79119974,0.5518884,,1.086843365588238,0.5071518678503235,0.22183281141000002,3.7417073515378525,-0.06230624389304085,-1.16922877739401,-0.4212643465603063,,-1.5056240011588105,0.1464925198911647,0.15615757485,0.6401833974582528,0.5734633895155536,-0.4220442048154469,0.8751975063474682,,-0.07627525163528219,-0.034472434388453,0.0910472212,-0.10859245153614427,,-2.041459e-06,7.748604e-07,-3.4570694e-06,1.0,8.448958e-06,7.8082085e-06,-8.448958e-06,1.0,1.4901161e-06,-7.785857e-06,-1.4901161e-06,1.0,46,0.138,0,0,0.0,False,-0.26148663402373185,1.0498529487641832
0.1504168699029833,16:03:12.224286,16:01:54.404842,0,,0.12320169,-0.002552487,0.012477443,0.94769734,0.24295244,-0.20698707,0.12621707,0.31037754,0.94219685,0.29315314,-0.91904294,0.26347926,,0.07265894,-0.029083941,0.066432536,0.20359476,-0.5484181,0.8110404,-0.3866614,0.7160113,0.58122355,-0.8994677,-0.4319322,-0.06627607,,0.08297769,1.2897626,0.42729515,0.9916557,0.10047289,-0.080772586,0.018941214,-0.7333148,-0.67962533,-0.12751566,0.6724244,-0.7290989,,-0.11923707,0.24950103,-0.09085433,-0.9560994,-0.14040929,0.25721422,0.29261562,-0.41008052,0.8638345,-0.015811853,0.9011766,0.43316367,,-0.08822684,0.4487143,-0.37567016,-0.05481783,0.583402,-0.81033146,-0.9631028,0.18326566,0.19709559,0.2634919,0.7912369,0.5518299,,1.0876156388756604,0.5068970176654741,0.22180040416000002,3.735416653233317,-0.06804497688318935,-1.165692727800728,-0.4219177228248432,,-1.5056394466245588,0.14650796535691318,0.15612127873,0.6401833974582528,0.5734633895155536,-0.4220442048154469,0.8751975063474682,,-0.07627525163528219,-0.034472434388453,0.0910472212,-0.10859245153614427,,1.3973564e-05,2.9802322e-07,9.536743e-07,1.0,-3.1664968e-06,-2.9206276e-06,3.181398e-06,1.0,-5.364418e-07,2.9280782e-06,5.364418e-07,1.0,54,0.163,0,0,0.0,False,-0.2611887454311268,1.0495632675595068
0.18956792796961963,16:03:12.245186,16:01:54.404842,0,,0.12318973,-0.0025922507,0.012504831,0.94652534,0.24680737,-0.20778765,0.12594435,0.31028715,0.94226325,0.29703134,-0.91804576,0.2626107,,0.07265364,-0.029085193,0.06643683,0.20359105,-0.5483643,0.8110777,-0.38665116,0.7160561,0.58117515,-0.8994729,-0.4319263,-0.06624311,,0.08297769,1.2897626,0.42729515,0.9916557,0.10047289,-0.080772586,0.018941214,-0.7333148,-0.67962533,-0.12751566,0.6724244,-0.7290989,,-0.11923059,0.24949118,-0.09090265,-0.95528007,-0.14432926,0.25808725,0.29509658,-0.40946198,0.8632838,-0.018920211,0.9008385,0.43374196,,-0.088222206,0.4487176,-0.37567422,-0.054813728,0.5833464,-0.81037176,-0.9631,0.18329057,0.19708608,0.26350296,0.7912721,0.5517741,,1.0876928662044025,0.5067039493436185,0.22175503401000002,3.7329003739115025,-0.07146088937732537,-1.1649492487118316,-0.4211010024941719,,-1.5056317238916845,0.14652341082266163,0.15611479728000002,0.6401833974582528,0.5734633895155536,-0.42212588355558744,0.875034162281334,,-0.07627525163528219,-0.034472434388453,0.0910472212,-0.10859245153614427,,1.3973564e-05,2.9802322e-07,9.536743e-07,1.0,-3.1664968e-06,-2.9206276e-06,3.181398e-06,1.0,-5.364418e-07,2.9280782e-06,5.364418e-07,1.0,62,0.187,0,0,0.0,False,-0.26053339052739544,1.0494667071579475
0.21046645590104163,16:03:12.267380,16:01:54.520949,0,,0.12322879,-0.0026375353,0.012558892,0.9434516,0.25775775,-0.20847037,0.12420713,0.30820125,0.94317794,0.30736226,-0.9157363,0.25875753,,0.07265526,-0.029084954,0.06643838,0.20360288,-0.54835606,0.8110803,-0.38664716,0.7160598,0.5811732,-0.89947194,-0.43193057,-0.06622854,,0.08297769,1.2897626,0.42729515,0.9916557,0.10047289,-0.080772586,0.018941214,-0.7333148,-0.67962533,-0.12751566,0.6724244,-0.7290989,,-0.11927743,0.2494957,-0.0909681,-0.9532244,-0.15556355,0.25915855,0.30097413,-0.4093894,0.86128676,-0.027888058,0.89899963,0.4370606,,-0.088224046,0.44871873,-0.37567484,-0.054825675,0.58333886,-0.8103764,-0.9630984,0.18328846,0.19709581,0.2635063,0.7912782,0.5517638,,1.0877469253345222,0.5064954355560145,0.22169410838000003,3.727029055493936,-0.08088880786114075,-1.1609369566631038,-0.4212643465603063,,-1.5056471693574331,0.14652341082266163,0.15611479728000002,0.6401833974582528,0.5734633895155536,-0.42212588355558744,0.875034162281334,,-0.07627525163528219,-0.034472434388453,0.0910472212,-0.10859245153614427,,1.3973564e-05,2.9802322e-07,9.536743e-07,1.0,-3.1664968e-06,-2.9206276e-06,3.181398e-06,1.0,-5.364418e-07,2.9280782e-06,5.364418e-07,1.0,73,0.22,0,0,0.0,False,-0.26154621174225356,1.0493218665556094
0.2326691539492458,16:03:12.298664,16:01:54.520949,0,,0.12332457,-0.0027062893,0.01271297,0.9368591,0.27745116,-0.21287481,0.12218457,0.31066173,0.9426347,0.32766715,-0.909126,0.2571461,,0.07265405,-0.029086117,0.06643945,0.20368503,-0.5484904,0.8109688,-0.38683078,0.71584696,0.58131313,-0.8993743,-0.4321126,-0.06636572,,0.08297769,1.2897626,0.42729515,0.9916557,0.10047289,-0.080772586,0.018941214,-0.7333148,-0.67962533,-0.12751566,0.6724244,-0.7290989,,-0.11939082,0.2495522,-0.09111504,-0.948528,-0.17548747,0.2636262,0.31353384,-0.4030683,0.8597863,-0.04462236,0.8981871,0.43734285,,-0.08822297,0.448719,-0.37567648,-0.05491553,0.58350563,-0.8102503,-0.96314764,0.18303435,0.19709137,0.26330754,0.791214,0.55195063,,1.087878211793384,0.50634098089853,0.22155410906000003,3.71423796894138,-0.09837827983111713,-1.1596623846723113,-0.4204476262296346,,-1.5056548920903072,0.14652341082266163,0.1561122047,0.6399737075147683,0.5733267530157882,-0.42201446565189105,0.875034162281334,,-0.07627525163528219,-0.034472434388453,0.0910472212,-0.10859245153614427,,1.3973564e-05,2.9802322e-07,9.536743e-07,1.0,-3.1664968e-06,-2.9206276e-06,3.181398e-06,1.0,-5.364418e-07,2.9280782e-06,5.364418e-07,1.0,81,0.245,0,0,0.0,False,-0.26136747858668974,1.0490321853509326
0.2639548499137163,16:03:12.328925,16:01:54.520949,0,,0.12334953,-0.0028323159,0.01309,0.92966574,0.29655296,-0.21858129,0.12158018,0.31310904,0.9419029,0.34776387,-0.90223,0.25503182,,0.072651505,-0.029091183,0.066443205,0.20368282,-0.54848224,0.81097496,-0.3868431,0.71584773,0.5813041,-0.8993696,-0.4321218,-0.066370726,,0.08297769,1.2897626,0.42729515,0.9916557,0.10047289,-0.080772586,0.018941214,-0.7333148,-0.67962533,-0.12751566,0.6724244,-0.7290989,,-0.11945693,0.24972124,-0.0914696,-0.9431065,-0.19484858,0.2694146,0.32697666,-0.39655894,0.85780376,-0.060303073,0.8970925,0.43770826,,-0.08822086,0.4487191,-0.37568298,-0.054913655,0.58349884,-0.8102553,-0.9631513,0.18302658,0.19708104,0.26329482,0.79122084,0.55194694,,1.0885269213548188,0.506410485494398,0.22120411076000002,3.6999790527844323,-0.11491129630273542,-1.1576158419447231,-0.4197942499650975,,-1.5056548920903072,0.14650796535691318,0.15610572325000002,0.6399737075147683,0.5733267530157882,-0.42201446565189105,0.875034162281334,,-0.07627525163528219,-0.034472434388453,0.0910472212,-0.10859245153614427,,1.3973564e-05,2.9802322e-07,9.536743e-07,1.0,-3.1664968e-06,-2.9206276e-06,3.181398e-06,1.0,-5.364418e-07,2.9280782e-06,5.364418e-07,1.0,93,0.281,0,0,0.0,False,-0.26112916771260597,1.0497563883626244
0.29415803402662277,16:03:12.365107,16:01:54.520949,0,,0.12325293,-0.0028642341,0.013451055,0.92509514,0.30836266,-0.2216109,0.12168017,0.31210417,0.94222337,0.35971218,-0.89861196,0.25120446,,0.07265021,-0.029092941,0.06644666,0.20368873,-0.5484781,0.8109762,-0.38684112,0.7158496,0.5813031,-0.89936906,-0.43212396,-0.066363454,,0.08297769,1.2897626,0.42729515,0.9916557,0.10047289,-0.080772586,0.018941214,-0.7333148,-0.67962533,-0.12751566,0.6724244,-0.7290989,,-0.11939359,0.24994746,-0.09176202,-0.9395553,-0.20696135,0.27276888,0.33530167,-0.3948018,0.85539716,-0.06934451,0.8951528,0.4403326,,-0.08822003,0.44872087,-0.37568656,-0.05491963,0.583495,-0.8102576,-0.96315044,0.18302552,0.1970859,0.26329646,0.7912239,0.5519418,,1.0897471131489462,0.5065726628847567,0.22091244551000003,3.690543005327629,-0.12474912428584713,-1.1529425812243437,-0.42093765842803776,,-1.5056626148231815,0.14650796535691318,0.15610183438000003,0.6399737075147683,0.5733267530157882,-0.42201446565189105,0.875034162281334,,-0.07627525163528219,-0.034472434388453,0.0910472212,-0.10859245153614427,,1.3973564e-05,2.9802322e-07,9.536743e-07,1.0,-3.1664968e-06,-2.9206276e-06,3.181398e-06,1.0,-5.364418e-07,2.9280782e-06,5.364418e-07,1.0,104,0.314,0,0,0.0,False,-0.2612483231496481,1.049708108161845
0.33039430901408195,16:03:12.397948,16:01:54.653931,0,,0.12313041,-0.0028396025,0.0138415545,0.91970295,0.32309026,-0.22306736,0.11783308,0.31482035,0.9418087,0.37451532,-0.892469,0.2514705,,0.07264609,-0.02909458,0.06644976,0.20368394,-0.5484863,0.81097186,-0.38683692,0.7158474,0.5813086,-0.899372,-0.43211722,-0.06636822,,0.08297769,1.2897626,0.42729515,0.9916557,0.10047289,-0.080772586,0.018941214,-0.7333148,-0.67962533,-0.12751566,0.6724244,-0.7290989,,-0.11930255,0.250235,-0.0920398,-0.9357345,-0.22189307,0.2741612,0.3427422,-0.38861275,0.85528237,-0.08323869,0.89428383,0.4396905,,-0.08821637,0.44872284,-0.37569004,-0.054914594,0.58350223,-0.8102528,-0.9631494,0.18303047,0.1970862,0.26330116,0.79121745,0.5519488,,1.091415223449779,0.5066962266107443,0.22064022461000002,3.681736027701279,-0.13964250276028015,-1.151416265939707,-0.4219177228248432,,-1.5056548920903072,0.1465156880897874,0.15609664922000002,0.6399737075147683,0.5733267530157882,-0.42201446565189105,0.875034162281334,,-0.07627525163528219,-0.034472434388453,0.0910472212,-0.10859245153614427,,1.3973564e-05,2.9802322e-07,9.536743e-07,1.0,-3.1664968e-06,-2.9206276e-06,3.181398e-06,1.0,-5.364418e-07,2.9280782e-06,5.364418e-07,1.0,115,0.347,0,0,0.0,False,-0.26059296824591627,1.0496115477602863
0.3632336910814047,16:03:12.429239,16:01:54.653931,0,,0.12291912,-0.0027829856,0.01425375,0.91535455,0.33369446,-0.22533056,0.11555417,0.31837386,0.94089603,0.38571113,-0.88729143,0.25286528,,0.07264387,-0.029098544,0.06645471,0.20368873,-0.5484781,0.8109762,-0.38684112,0.7158496,0.5813031,-0.89936906,-0.43212396,-0.066363454,,0.08297769,1.2897626,0.42729515,0.9916557,0.10047289,-0.080772586,0.018941214,-0.7333148,-0.67962533,-0.12751566,0.6724244,-0.7290989,,-0.11912263,0.2505607,-0.09232138,-0.9325271,-0.23258245,0.27622184,0.34882626,-0.38247958,0.8555873,-0.093345374,0.8942118,0.43780345,,-0.08821478,0.44872448,-0.37569633,-0.05491963,0.583495,-0.8102576,-0.96315044,0.18302552,0.1970859,0.26329646,0.7912239,0.5519418,,1.0934926385929453,0.5068275130696062,0.22036281855000003,3.6739774997923518,-0.15084669574104626,-1.151101301771781,-0.42093765842803754,,-1.5056626148231815,0.14650796535691318,0.15609016777,0.6399737075147683,0.5733267530157882,-0.42201446565189105,0.875034162281334,,-0.07627525163528219,-0.034472434388453,0.0910472212,-0.10859245153614427,,1.3973564e-05,2.9802322e-07,9.536743e-07,1.0,-3.1664968e-06,-2.9206276e-06,3.181398e-06,1.0,-5.364418e-07,2.9280782e-06,5.364418e-07,1.0,130,0.392,0,0,0.0,False,-0.2611887454311268,1.0495632675595068
0.39452714403159916,16:03:12.467341,16:01:54.653931,0,,0.12262948,-0.002689734,0.014671966,0.91077,0.34352994,-0.22909608,0.11733446,0.31663784,0.9412615,0.395892,-0.88415366,0.24807632,,0.07263591,-0.029104445,0.066461146,0.20367692,-0.5484863,0.81097364,-0.38684505,0.7158459,0.581305,-0.8993701,-0.43211967,-0.06637803,,0.08297769,1.2897626,0.42729515,0.9916557,0.10047289,-0.080772586,0.018941214,-0.7333148,-0.67962533,-0.12751566,0.6724244,-0.7290989,,-0.11886251,0.25091717,-0.092591114,-0.9286834,-0.24275099,0.28039098,0.35714704,-0.3815808,0.8525503,-0.09996563,0.89189017,0.44106555,,-0.088207684,0.44872692,-0.37570548,-0.054907683,0.5835026,-0.81025296,-0.96315205,0.18302764,0.19707617,0.26329315,0.7912178,0.5519521,,1.0959098539825776,0.5069433540627195,0.22009578281000003,3.663493002618125,-0.1587716127274418,-1.1447207420975292,-0.4207743143619034,,-1.5056471693574331,0.14650796535691318,0.15607850116000002,0.6399737075147683,0.5733267530157882,-0.42201446565189105,0.875034162281334,,-0.07627525163528219,-0.034472434388453,0.0910472212,-0.10859245153614427,,1.3973564e-05,2.9802322e-07,9.536743e-07,1.0,-3.1664968e-06,-2.9206276e-06,3.181398e-06,1.0,-5.364418e-07,2.9280782e-06,5.364418e-07,1.0,137,0.413,0,0,0.0,False,-0.26112916771260597,1.0496115477602863
0.4326231540180743,16:03:12.497778,16:01:54.653931,0,,0.12249016,-0.0026556775,0.014898881,0.9076125,0.3498469,-0.23204857,0.117911324,0.31806067,0.9407095,0.40290982,-0.881161,0.2474249,,0.07263276,-0.029110644,0.066467464,0.2036806,-0.5484739,0.8109811,-0.38685536,0.7158485,0.5812949,-0.8993648,-0.43213096,-0.0663757,,0.08297769,1.2897626,0.42729515,0.9916557,0.10047289,-0.080772586,0.018941214,-0.7333148,-0.67962533,-0.12751566,0.6724244,-0.7290989,,-0.11874039,0.2510986,-0.09274678,-0.9260873,-0.24916524,0.2833354,0.36241212,-0.37849268,0.8517046,-0.104974814,0.89143705,0.44081777,,-0.088205315,0.44872844,-0.37571442,-0.05491178,0.583492,-0.8102603,-0.96315485,0.18301883,0.1970707,0.2632821,0.79122764,0.55194324,,1.097130045776705,0.5069587995284679,0.21994411688,3.656992614370105,-0.1645103457175903,-1.143471697228183,-0.4220810668909776,,-1.5056548920903072,0.1464925198911647,0.15606942713000002,0.6399737075147683,0.5733267530157882,-0.42201446565189105,0.875034162281334,,-0.07627525163528219,-0.034472434388453,0.0910472212,-0.10859245153614427,,1.3973564e-05,2.9802322e-07,9.536743e-07,1.0,-3.1664968e-06,-2.9206276e-06,3.181398e-06,1.0,-5.364418e-07,2.9280782e-06,5.364418e-07,1.0,148,0.446,0,0,0.0,False,-0.2620824112089424,1.049514987358727
0.4630471889395267,16:03:12.521305,16:01:54.653931,0,,0.12247001,-0.002729848,0.015126482,0.9034213,0.35974154,-0.23327224,0.116689384,0.31723428,0.9411408,0.4125694,-0.87746704,0.24461818,,0.0726294,-0.02911583,0.066470444,0.20367248,-0.54846984,0.810986,-0.38686958,0.71584743,0.5812868,-0.8993605,-0.4321381,-0.06638795,,0.08297769,1.2897626,0.42729515,0.9916557,0.10047289,-0.080772586,0.018941214,-0.7333148,-0.67962533,-0.12751566,0.6724244,-0.7290989,,-0.118745156,0.25120208,-0.092963524,-0.9228253,-0.25936788,0.284819,0.36820036,-0.3765519,0.85008067,-0.113234475,0.88934636,0.44299096,,-0.088202275,0.448728,-0.3757206,-0.054903936,0.583489,-0.81026304,-0.9631592,0.18301213,0.19705552,0.2632677,0.79123145,0.55194473,,1.0976243006806554,0.5069356313298453,0.21973541419000003,3.6502825361786004,-0.1732550817025785,-1.1398531372176564,-0.42159103469257486,,-1.5056471693574331,0.14647707442541627,0.15606294568,0.6399737075147683,0.5733267530157882,-0.42201446565189105,0.875034162281334,,-0.07627525163528219,-0.034472434388453,0.0910472212,-0.10859245153614427,,1.3973564e-05,2.9802322e-07,9.536743e-07,1.0,-3.1664968e-06,-2.9206276e-06,3.181398e-06,1.0,-5.364418e-07,2.9280782e-06,5.364418e-07,1.0,159,0.478,0,0,0.0,False,-0.26136747858668974,1.0498529487641832
0.48659520293585956,16:03:12.558957,16:01:54.793051,0,,0.12249775,-0.002856262,0.015296295,0.90017873,0.36663777,-0.2350633,0.115696356,0.31902534,0.94065785,0.41987187,-0.87395626,0.2447612,,0.072625875,-0.029118989,0.066474915,0.20367248,-0.54840356,0.81103075,-0.38686958,0.71589494,0.5812283,-0.8993605,-0.43214345,-0.066352636,,0.08297769,1.2897626,0.42729515,0.9916557,0.10047289,-0.080772586,0.018941214,-0.7333148,-0.67962533,-0.12751566,0.6724244,-0.7290989,,-0.118796766,0.2512278,-0.093169115,-0.9202911,-0.26637208,0.28654867,0.3725261,-0.37284034,0.84983194,-0.119534604,0.88883966,0.4423522,,-0.088199355,0.44873,-0.37572604,-0.054903936,0.5834228,-0.81031066,-0.9631592,0.18302822,0.19704057,0.2632677,0.7912765,0.55188006,,1.0976165779477811,0.506858404001103,0.21953708182000004,3.645459667478456,-0.1798136336913196,-1.1399775534296457,-0.4211010024941719,,-1.5056471693574331,0.14647707442541627,0.15605646423000002,0.6399737075147683,0.5733267530157882,-0.4220961443920316,0.8751975063474682,,-0.07627525163528219,-0.034472434388453,0.0910472212,-0.10859245153614427,,1.3973564e-05,2.9802322e-07,9.536743e-07,1.0,-3.1664968e-06,-2.9206276e-06,3.181398e-06,1.0,-5.364418e-07,2.9280782e-06,5.364418e-07,1.0,174,0.523,0,0,0.0,False,-0.26232072208302704,1.0493218665556094
0.5242189329583198,16:03:12.600498,16:01:54.793051,0,,0.12265748,-0.0030945614,0.015554205,0.89238155,0.38728148,-0.23166367,0.10443916,0.32217658,0.940901,0.43903017,-0.86383754,0.24705708,,0.07262024,-0.029121403,0.06647813,0.20366178,-0.5483497,0.8110699,-0.38686743,0.7159383,0.5811763,-0.8993639,-0.43214005,-0.06632945,,0.08297769,1.2897626,0.42729515,0.9916557,0.10047289,-0.080772586,0.018941214,-0.7333148,-0.67962533,-0.12751566,0.6724244,-0.7290989,,-0.118995585,0.25123322,-0.093499646,-0.91502327,-0.28747904,0.28299868,0.37761396,-0.36359882,0.85158885,-0.14191595,0.8860879,0.44125748,,-0.0881942,0.44873178,-0.3757303,-0.054892927,0.5833676,-0.8103512,-0.963159,0.18305032,0.19702105,0.26327074,0.7913121,0.5518276,,1.0972922231670637,0.5064954355560145,0.21923763883000003,3.6395883490608893,-0.20276856565191362,-1.1398820983606952,-0.4217543787587088,,-1.5056317238916845,0.1464847971582905,0.15604998278,0.6399737075147683,0.5733267530157882,-0.4221778231321722,0.8753608504136026,,-0.07627525163528219,-0.034472434388453,0.0910472212,-0.10859245153614427,,1.3973564e-05,2.9802322e-07,9.536743e-07,1.0,-3.1664968e-06,-2.9206276e-06,3.181398e-06,1.0,-5.364418e-07,2.9280782e-06,5.364418e-07,1.0,181,0.544,0,0,0.0,False,-0.2608908568385213,1.0494667071579475
0.5657701089512557,16:03:12.621891,16:01:54.793051,0,,0.12268818,-0.003220208,0.015712515,0.8902633,0.3932432,-0.22976278,0.101307094,0.32086003,0.941693,0.44403607,-0.86163133,0.24581161,,0.07261721,-0.029125456,0.066482306,0.20366067,-0.5483455,0.81107295,-0.38687357,0.7159387,0.58117175,-0.8993615,-0.43214464,-0.06633195,,0.08297769,1.2897626,0.42729515,0.9916557,0.10047289,-0.080772586,0.018941214,-0.7333148,-0.67962533,-0.12751566,0.6724244,-0.7290989,,-0.11904911,0.25125155,-0.0936961,-0.9135813,-0.29368863,0.28127605,0.37880552,-0.36303523,0.85130006,-0.14790402,0.88428074,0.44291306,,-0.08819168,0.44873285,-0.37573627,-0.054891992,0.5833642,-0.8103537,-0.9631608,0.18304643,0.19701588,0.26326436,0.7913155,0.55182576,,1.0972613322355669,0.5064259309601464,0.21904967678000004,3.6381205194564976,-0.20891720814135845,-1.1375636911189946,-0.420610970295769,,-1.5056317238916845,0.14647707442541627,0.15604350133000003,0.6399737075147683,0.5733267530157882,-0.4221778231321722,0.8753608504136026,,-0.07627525163528219,-0.034472434388453,0.0910472212,-0.10859245153614427,,1.3973564e-05,2.9802322e-07,9.536743e-07,1.0,-3.1664968e-06,-2.9206276e-06,3.181398e-06,1.0,-5.364418e-07,2.9280782e-06,5.364418e-07,1.0,192,0.577,0,0,0.0,False,-0.2607717014014801,1.050046069567301
0.5871807159855962,16:03:12.658687,16:01:54.793051,0,,0.122674614,-0.0034142435,0.015974924,0.8887122,0.39634138,-0.23044299,0.10169653,0.3196968,0.9420466,0.44704393,-0.8606436,0.24381194,,0.07261342,-0.029128645,0.06649041,0.20367359,-0.54834145,0.81107247,-0.38686347,0.715942,0.5811744,-0.8993629,-0.4321443,-0.066314876,,0.08297769,1.2897626,0.42729515,0.9916557,0.10047289,-0.080772586,0.018941214,-0.7333148,-0.67962533,-0.12751566,0.6724244,-0.7290989,,-0.11907269,0.2512923,-0.09401932,-0.91226107,-0.29693982,0.2821463,0.38116527,-0.36319858,0.85017633,-0.14997607,0.88312715,0.44451505,,-0.08818904,0.4487377,-0.375744,-0.054904874,0.58336,-0.81035584,-0.9631574,0.1830482,0.19703078,0.26327404,0.7913182,0.5518173,,1.0973308368314347,0.5064490991587691,0.21872819686000003,3.635394550191199,-0.21110339213760548,-1.1353726109591493,-0.421754378758709,,-1.5056471693574331,0.1464847971582905,0.15603442730000003,0.6399737075147683,0.5733267530157882,-0.4221778231321722,0.8753608504136026,,-0.07627525163528219,-0.034472434388453,0.0910472212,-0.10859245153614427,,1.3973564e-05,2.9802322e-07,9.536743e-07,1.0,-3.1664968e-06,-2.9206276e-06,3.181398e-06,1.0,-5.364418e-07,2.9280782e-06,5.364418e-07,1.0,203,0.609,0,0,0.0,False,-0.2617249448978165,1.049370146756389
0.6239754869602621,16:03:12.690187,16:01:54.943204,0,,0.12266821,-0.003612101,0.016291484,0.88632256,0.4017344,-0.23030765,0.10119401,0.31729734,0.9429115,0.45187598,-0.8590296,0.24057466,,0.07260579,-0.029133383,0.06649798,0.20366879,-0.5483497,0.8110681,-0.38685936,0.71593976,0.58117986,-0.8993658,-0.4321376,-0.066319644,,0.08297769,1.2897626,0.42729515,0.9916557,0.10047289,-0.080772586,0.018941214,-0.7333148,-0.67962533,-0.12751566,0.6724244,-0.7290989,,-0.11910819,0.25136766,-0.09438327,-0.91032964,-0.30261958,0.28234965,0.38413975,-0.3638267,0.8485675,-0.15406679,0.8809379,0.44745043,,-0.08818248,0.44874167,-0.37575293,-0.054899838,0.5833672,-0.81035095,-0.9631564,0.18305314,0.19703108,0.26327875,0.79131174,0.5518243,,1.097508459687542,0.5065417719532598,0.21836782824000003,3.6318298211519617,-0.21533912363033417,-1.1313469047635762,-0.4212643465603063,,-1.5056394466245588,0.1464925198911647,0.15602276069,0.6399737075147683,0.5733267530157882,-0.4221778231321722,0.8753608504136026,,-0.07627525163528219,-0.034472434388453,0.0910472212,-0.10859245153614427,,1.3973564e-05,2.9802322e-07,9.536743e-07,1.0,-3.1664968e-06,-2.9206276e-06,3.181398e-06,1.0,-5.364418e-07,2.9280782e-06,5.364418e-07,1.0,214,0.642,0,0,0.0,False,-0.2621419889274632,1.049804668563404
0.6554609059821814,16:03:12.720197,16:01:54.943204,0,,0.12270534,-0.0037424862,0.016605988,0.8824426,0.41046637,-0.22980905,0.099975616,0.31372017,0.9442376,0.4596735,-0.8562108,0.2358034,,0.07260002,-0.029140983,0.0665099,0.20361611,-0.5484164,0.8110362,-0.38696587,0.71585894,0.5812086,-0.89933187,-0.4321869,-0.066458106,,0.08297769,1.2897626,0.42729515,0.9916557,0.10047289,-0.080772586,0.018941214,-0.7333148,-0.67962533,-0.12751566,0.6724244,-0.7290989,,-0.11918152,0.25149035,-0.09469449,-0.90722114,-0.31180894,0.28235608,0.38864487,-0.36447906,0.84623295,-0.16095011,0.87745667,0.45184606,,-0.08817831,0.44874698,-0.37576658,-0.054849412,0.58344305,-0.81029975,-0.9631888,0.1829741,0.19694601,0.26317066,0.7912741,0.55192983,,1.0977324189408946,0.5068275130696062,0.2180619038,3.626377882621364,-0.22230758511837162,-1.1251745192342153,-0.42224441095711196,,-1.5056626148231815,0.1464925198911647,0.15600720521000003,0.6399737075147683,0.5731901165160227,-0.4220664052284757,0.8753608504136026,,-0.07627525163528219,-0.034472434388453,0.0910472212,-0.10859245153614427,,1.3973564e-05,2.9802322e-07,9.536743e-07,1.0,-3.1664968e-06,-2.9206276e-06,3.181398e-06,1.0,-5.364418e-07,2.9280782e-06,5.364418e-07,1.0,222,0.666,0,0,0.0,False,-0.26178452261633733,1.049804668563404
0.6854883469641209,16:03:12.749790,16:01:54.943204,0,,0.12274886,-0.003823243,0.016860202,0.8814803,0.4136684,-0.22775173,0.09761358,0.3122635,0.94496727,0.46202165,-0.8552017,0.23487446,,0.07259275,-0.029146735,0.06651801,0.20354682,-0.5484994,0.8109974,-0.3870723,0.71577203,0.58124465,-0.89930177,-0.43222523,-0.06661585,,0.08297769,1.2897626,0.42729515,0.9916557,0.10047289,-0.080772586,0.018941214,-0.7333148,-0.67962533,-0.12751566,0.6724244,-0.7290989,,-0.11925228,0.25160736,-0.09492761,-0.90664554,-0.31518796,0.28044683,0.38855773,-0.36484006,0.8461174,-0.16436778,0.87609833,0.45324934,,-0.088172145,0.44875073,-0.3757766,-0.054782007,0.58353364,-0.8102391,-0.96322185,0.18290213,0.19685149,0.26306394,0.7912239,0.5520526,,1.0979100417970016,0.5072754315763112,0.21782727531,3.6261681926778797,-0.22545022461297673,-1.1229386224097597,-0.4212643465603061,,-1.5056626148231815,0.14650024262403896,0.15599424231,0.6399737075147683,0.5730534800162572,-0.4219549873247793,0.8753608504136026,,-0.07627525163528219,-0.034472434388453,0.0910472212,-0.10859245153614427,,1.3973564e-05,2.9802322e-07,9.536743e-07,1.0,-3.1664968e-06,-2.9206276e-06,3.181398e-06,1.0,-5.364418e-07,2.9280782e-06,5.364418e-07,1.0,229,0.687,0,0,0.0,False,-0.2611887454311268,1.049418426957168
0.7150540619622916,16:03:12.769385,16:01:54.943204,0,,0.122795686,-0.0038302243,0.017003521,0.88093185,0.41479197,-0.22783014,0.09673645,0.31342614,0.9446725,0.46325046,-0.8542316,0.23598161,,0.0725891,-0.029149804,0.06652337,0.20348345,-0.54851216,0.8110047,-0.38717663,0.71573466,0.5812213,-0.89927125,-0.43227112,-0.066731036,,0.08297769,1.2897626,0.42729515,0.9916557,0.10047289,-0.080772586,0.018941214,-0.7333148,-0.67962533,-0.12751566,0.6724244,-0.7290989,,-0.11931131,0.25170118,-0.09503006,-0.90627176,-0.31629434,0.28040925,0.38877192,-0.36333042,0.8466684,-0.16591522,0.8763269,0.45224246,,-0.08816924,0.44875345,-0.37578255,-0.054720573,0.5835543,-0.81022835,-0.96325403,0.18284519,0.19674689,0.26295885,0.79122186,0.55210567,,1.0980104373243667,0.507715627350142,0.21772097953000003,3.6257488127909108,-0.2266799531108657,-1.123651114819444,-0.4220810668909778,,-1.5056703375560558,0.14650796535691318,0.15598646457,0.6399737075147683,0.5729168435164919,-0.42192524816122345,0.8751975063474682,,-0.07627525163528219,-0.034472434388453,0.0910472212,-0.10859245153614427,,1.3973564e-05,2.9802322e-07,9.536743e-07,1.0,-3.1664968e-06,-2.9206276e-06,3.181398e-06,1.0,-5.364418e-07,2.9280782e-06,5.364418e-07,1.0,240,0.72,0,0,0.0,False,-0.2621419889274632,1.0498529487641832
0.7346601749304682,16:03:12.799771,16:01:54.943204,0,,0.12291555,-0.003788665,0.017212167,0.88012034,0.41676188,-0.22737092,0.09514458,0.3143708,0.94452024,0.46511877,-0.8529247,0.23703155,,0.072585724,-0.029157255,0.066530526,0.20303635,-0.5483336,0.8112375,-0.38696536,0.716118,0.58088976,-0.8994632,-0.4318626,-0.06678817,,0.08297769,1.2897626,0.42729515,0.9916557,0.10047289,-0.080772586,0.018941214,-0.7333148,-0.67962533,-0.12751566,0.6724244,-0.7290989,,-0.119444564,0.25187513,-0.09513781,-0.90574586,-0.31828666,0.27985352,0.38891065,-0.36174703,0.84728247,-0.16844253,0.87626064,0.45143595,,-0.08816673,0.44875485,-0.375793,-0.05425687,0.58330464,-0.8104393,-0.9632109,0.18337396,0.1964659,0.26321292,0.79128355,0.5518961,,1.0980876646531088,0.5086500780279231,0.21760431343000003,3.6253294329039414,-0.22845622760781642,-1.1238362568742017,-0.421754378758709,,-1.5056626148231815,0.14650024262403896,0.15597609425,0.640602777345222,0.5729168435164919,-0.42192524816122345,0.8751975063474682,,-0.07627525163528219,-0.034472434388453,0.0910472212,-0.10859245153614427,,1.3973564e-05,2.9802322e-07,9.536743e-07,1.0,-3.1664968e-06,-2.9206276e-06,3.181398e-06,1.0,-5.364418e-07,2.9280782e-06,5.364418e-07,1.0,251,0.753,0,0,0.0,False,-0.26196325577190027,1.0496598279610654
0.7650585619267076,16:03:12.832515,16:01:55.081250,0,,0.123154856,-0.0036705583,0.017510608,0.8752508,0.42804763,-0.22519115,0.08993833,0.3134325,0.9453418,0.47523355,-0.8476646,0.23583421,,0.07260369,-0.029174868,0.06654841,0.19901243,-0.5471208,0.8130514,-0.3850888,0.71925133,0.5782596,-0.9011663,-0.42817795,-0.06755021,,0.08297769,1.2897626,0.42729515,0.9916557,0.10047289,-0.080772586,0.018941214,-0.7333148,-0.67962533,-0.12751566,0.6724244,-0.7290989,,-0.11969798,0.25216633,-0.095243946,-0.9021591,-0.3300108,0.27785215,0.392131,-0.3588077,0.847048,-0.17983949,0.8731265,0.45310912,,-0.08818658,0.44875532,-0.37581664,-0.0500864,0.58145666,-0.8120342,-0.9628189,0.1879972,0.19400212,0.26546398,0.79155874,0.55042136,,1.0982189511119707,0.5100324472124093,0.21749801765000001,3.6209259440907666,-0.23897723808975535,-1.1199127664775892,-0.42224441095711196,,-1.5056703375560558,0.14650024262403896,0.15596442764000001,0.6462644058193041,0.5727802070167264,-0.4214054365568243,0.8747074741490655,,-0.07627525163528219,-0.034472434388453,0.0910472212,-0.10859245153614427,,1.3973564e-05,2.9802322e-07,9.536743e-07,1.0,-3.1664968e-06,-2.9206276e-06,3.181398e-06,1.0,-5.364418e-07,2.9280782e-06,5.364418e-07,1.0,262,0.785,0,0,0.0,False,-0.26148663402373185,1.0498529487641832
0.7978054510895163,16:03:12.861965,16:01:55.081250,0,,0.123245314,-0.0036483854,0.017701402,0.87234664,0.4340015,-0.22506419,0.086696535,0.31573373,0.9448788,0.48113918,-0.8437742,0.23780286,,0.072600566,-0.029175255,0.06654942,0.19930562,-0.5475071,0.8127195,-0.38523674,0.718807,0.5787134,-0.9010382,-0.4284303,-0.06765762,,0.08297769,1.2897626,0.42729515,0.9916557,0.10047289,-0.080772586,0.018941214,-0.7333148,-0.67962533,-0.12751566,0.6724244,-0.7290989,,-0.11980204,0.25231397,-0.09535554,-0.90002006,-0.33607066,0.2775255,0.39386505,-0.3544639,0.84807175,-0.18663925,0.8725892,0.45139113,,-0.08818363,0.4487563,-0.37581778,-0.05039049,0.5818903,-0.8117047,-0.96285135,0.18757997,0.19424492,0.26528877,0.79133904,0.55082154,,1.0984120194338263,0.5105962067122277,0.21739042558000002,3.6184096647689525,-0.2455357900784965,-1.1206906126107032,-0.42208106689097735,,-1.5056703375560558,0.14650024262403896,0.15596183506000003,0.645845025932335,0.5727802070167264,-0.421078721596262,0.8747074741490654,,-0.07627525163528219,-0.034472434388453,0.0910472212,-0.10859245153614427,,1.3973564e-05,2.9802322e-07,9.536743e-07,1.0,-3.1664968e-06,-2.9206276e-06,3.181398e-06,1.0,-5.364418e-07,2.9280782e-06,5.364418e-07,1.0,266,0.797,0,0,0.0,False,-0.2626781883941529,1.049804668563404
0.8272395129315555,16:03:12.885044,16:01:55.081250,0,,0.12332695,-0.0036243126,0.017974421,0.8679241,0.44234324,-0.22592033,0.08405076,0.3174884,0.9445298,0.48953348,-0.8387691,0.23837656,,0.07259834,-0.029176626,0.06655043,0.19929971,-0.5477103,0.81258404,-0.3852387,0.7186633,0.57889056,-0.90103865,-0.4284116,-0.067769915,,0.08297769,1.2897626,0.42729515,0.9916557,0.10047289,-0.080772586,0.018941214,-0.7333148,-0.67962533,-0.12751566,0.6724244,-0.7290989,,-0.119904056,0.25251976,-0.095525935,-0.8965338,-0.3446385,0.27830094,0.39774996,-0.34974882,0.8482162,-0.19499254,0.8711487,0.4506416,,-0.08818154,0.44875655,-0.37581962,-0.050384507,0.58209294,-0.81155974,-0.9628521,0.18753342,0.194286,0.2652871,0.791201,0.5510206,,1.0988213242761602,0.5112758072051594,0.21722579675000003,3.613167416181839,-0.25373398006442294,-1.1198047289388977,-0.4232244753539174,,-1.5056626148231815,0.14650024262403896,0.15595924248,0.645845025932335,0.5727802070167264,-0.4208336853758403,0.8751975063474682,,-0.07627525163528219,-0.034472434388453,0.0910472212,-0.10859245153614427,,1.3973564e-05,2.9802322e-07,9.536743e-07,1.0,-3.1664968e-06,-2.9206276e-06,3.181398e-06,1.0,-5.364418e-07,2.9280782e-06,5.364418e-07,1.0,277,0.83,0,0,0.0,False,-0.2621419889274632,1.0496115477602863
0.8503080781083554,16:03:12.910862,16:01:55.081250,0,,0.123342626,-0.00360962,0.018103257,0.86577564,0.44627333,-0.22643411,0.08334388,0.31757313,0.944564,0.49344316,-0.83665246,0.237753,,0.07259763,-0.029177252,0.06655133,0.19929971,-0.5477767,0.81253934,-0.3852387,0.71861595,0.5789492,-0.90103865,-0.42840606,-0.0678049,,0.08297769,1.2897626,0.42729515,0.9916557,0.10047289,-0.080772586,0.018941214,-0.7333148,-0.67962533,-0.12751566,0.6724244,-0.7290989,,-0.11992923,0.2526193,-0.09560665,-0.894781,-0.3487129,0.27886605,0.3999396,-0.3482309,0.84781104,-0.19853288,0.8701348,0.45105448,,-0.08818095,0.44875696,-0.37582073,-0.050384507,0.5821592,-0.81151223,-0.9628521,0.18751755,0.19430132,0.2652871,0.791156,0.55108523,,1.0991070653925064,0.5115461028557573,0.21714801935000003,3.6102317569730555,-0.2572865290583244,-1.1184597595054615,-0.421754378758709,,-1.5056626148231815,0.14650024262403896,0.15595794619,0.645845025932335,0.5727802070167264,-0.4207520066356997,0.8753608504136025,,-0.07627525163528219,-0.034472434388453,0.0910472212,-0.10859245153614427,,1.3973564e-05,2.9802322e-07,9.536743e-07,1.0,-3.1664968e-06,-2.9206276e-06,3.181398e-06,1.0,-5.364418e-07,2.9280782e-06,5.364418e-07,1.0,284,0.851,0,0,0.0,False,-0.2622611443645053,1.049418426957168
0.8761499740649015,16:03:12.934505,16:01:55.081250,0,,0.12336284,-0.0035903305,0.018230304,0.8614161,0.45401964,-0.22765808,0.08289531,0.3165453,0.94494843,0.5010892,-0.83286566,0.23504114,,0.07259573,-0.02917755,0.066553414,0.1993008,-0.54784715,0.81249154,-0.3852325,0.71856827,0.5790125,-0.90104103,-0.42839587,-0.06783739,,0.08297769,1.2897626,0.42729515,0.9916557,0.10047289,-0.080772586,0.018941214,-0.7333148,-0.67962533,-0.12751566,0.6724244,-0.7290989,,-0.11995841,0.25272092,-0.09568242,-0.8911233,-0.3568048,0.28033838,0.40489775,-0.3463694,0.8462187,-0.20483427,0.8675936,0.4531273,,-0.08817939,0.4487587,-0.37582237,-0.050385434,0.5822289,-0.81146216,-0.9628503,0.18750557,0.19432181,0.26529345,0.79110754,0.5511517,,1.0994082519746011,0.511708280246116,0.21708190856,3.6039410586685197,-0.2638450810470655,-1.1147452749308444,-0.4224077550232461,,-1.5056626148231815,0.14650796535691318,0.15595535361,0.645845025932335,0.5727802070167264,-0.4206703278955592,0.8750341622813339,,-0.07627525163528219,-0.034472434388453,0.0910472212,-0.10859245153614427,,1.3973564e-05,2.9802322e-07,9.536743e-07,1.0,-3.1664968e-06,-2.9206276e-06,3.181398e-06,1.0,-5.364418e-07,2.9280782e-06,5.364418e-07,1.0,295,0.884,0,0,0.0,False,-0.26101001227556386,1.0497563883626244
0.8997751011047512,16:03:12.965015,16:01:55.081250,0,,0.12341345,-0.0035321638,0.0184585,0.8574854,0.4610677,-0.22833118,0.07821387,0.32181484,0.94356656,0.5085285,-0.8269533,0.23988971,,0.07259423,-0.029178295,0.06655359,0.19929487,-0.54798394,0.8124007,-0.38523448,0.7184718,0.5791309,-0.9010415,-0.4283827,-0.067914665,,0.08297769,1.2897626,0.42729515,0.9916557,0.10047289,-0.080772586,0.018941214,-0.7333148,-0.67962533,-0.12751566,0.6724244,-0.7290989,,-0.1200232,0.25292048,-0.09580077,-0.8882049,-0.36388868,0.28049445,0.40664992,-0.3384834,0.84856635,-0.21384099,0.8677638,0.4486179,,-0.08817789,0.4487585,-0.37582314,-0.05037945,0.5823652,-0.8113647,-0.96285105,0.18747488,0.19434756,0.26529175,0.7910145,0.5512861,,1.099987456940168,0.5122488715473117,0.21697431649,3.6007957095162526,-0.2728630900315846,-1.1180916082452945,-0.4219177228248434,,-1.5056548920903072,0.14650796535691318,0.15595405732,0.645845025932335,0.5727802070167264,-0.4205069704152781,0.8748708182151996,,-0.07627525163528219,-0.034472434388453,0.0910472212,-0.10859245153614427,,1.3973564e-05,2.9802322e-07,9.536743e-07,1.0,-3.1664968e-06,-2.9206276e-06,3.181398e-06,1.0,-5.364418e-07,2.9280782e-06,5.364418e-07,1.0,306,0.917,0,0,0.0,False,-0.26243987752006825,1.0499012289649627
0.9303000429645181,16:03:12.993744,16:01:55.081250,0,,0.12346643,-0.003479451,0.01858221,0.8570472,0.46187297,-0.22834897,0.076897785,0.32356402,0.9430764,0.509467,-0.8258206,0.24179271,,0.07259352,-0.029178951,0.06655449,0.19929487,-0.54798394,0.8124007,-0.38523448,0.7184718,0.5791309,-0.9010415,-0.4283827,-0.067914665,,0.08297769,1.2897626,0.42729515,0.9916557,0.10047289,-0.080772586,0.018941214,-0.7333148,-0.67962533,-0.12751566,0.6724244,-0.7290989,,-0.12008204,0.25304395,-0.09584746,-0.88795066,-0.36464658,0.28031498,0.406346,-0.33643678,0.8495253,-0.21546823,0.8682414,0.44691193,,-0.0881773,0.44875893,-0.37582424,-0.05037945,0.5823652,-0.8113647,-0.96285105,0.18747488,0.19434756,0.26529175,0.7910145,0.5512861,,1.1001959707277722,0.5128203537800043,0.21692376118,3.6007957095162526,-0.2740928185294736,-1.119457530576103,-0.4217543787587088,,-1.5056548920903072,0.14650796535691318,0.15595276103000003,0.645845025932335,0.5727802070167264,-0.4205069704152781,0.8748708182151996,,-0.07627525163528219,-0.034472434388453,0.0910472212,-0.10859245153614427,,1.3973564e-05,2.9802322e-07,9.536743e-07,1.0,-3.1664968e-06,-2.9206276e-06,3.181398e-06,1.0,-5.364418e-07,2.9280782e-06,5.364418e-07,1.0,317,0.949,0,0,0.0,False,-0.2622611443645053,1.049514987358727
0.9590109619311988,16:03:13.031520,16:01:55.081250,0,,0.12363938,-0.0033238307,0.01887007,0.85449755,0.4657369,-0.23005,0.077116266,0.32422352,0.942832,0.5136993,-0.8233883,0.24113235,,0.07259436,-0.029180858,0.066554606,0.19922894,-0.5480552,0.81236887,-0.385351,0.7183881,0.5791573,-0.90100634,-0.4284321,-0.068069965,,0.08297769,1.2897626,0.42729515,0.9916557,0.10047289,-0.080772586,0.018941214,-0.7333148,-0.67962533,-0.12751566,0.6724244,-0.7290989,,-0.12026572,0.25335503,-0.09592784,-0.88575387,-0.36863673,0.2820409,0.40942833,-0.334285,0.8488946,-0.21865167,0.8673872,0.44702452,,-0.0881781,0.44875774,-0.37582582,-0.050315786,0.5824456,-0.81131095,-0.9628868,0.18739459,0.19424805,0.2651742,0.7909743,0.5514003,,1.1004971573098667,0.5143957912863462,0.21683042830000002,3.596601910646562,-0.27614236602595515,-1.1177862620206567,-0.4217543787587088,,-1.5056626148231815,0.14650024262403896,0.15595146474000002,0.645845025932335,0.5726435705169609,-0.4203955525115816,0.8748708182151996,,-0.07627525163528219,-0.034472434388453,0.0910472212,-0.10859245153614427,,1.3973564e-05,2.9802322e-07,9.536743e-07,1.0,-3.1664968e-06,-2.9206276e-06,3.181398e-06,1.0,-5.364418e-07,2.9280782e-06,5.364418e-07,1.0,328,0.982,0,0,0.0,False,-0.2622015666459845,1.0494667071579475
