Task Time,PC1 Time,PC2 Time,Gaze Calib,s_T_psm1,Tx,Ty,Tz,R00,R01,R02,R10,R11,R12,R20,R21,R22,s_T_psm3,Tx,Ty,Tz,R00,R01,R02,R10,R11,R12,R20,R21,R22,cart_T_ecm,Tx,Ty,Tz,R00,R01,R02,R10,R11,R12,R20,R21,R22,ecm_T_psm1,Tx,Ty,Tz,R00,R01,R02,R10,R11,R12,R20,R21,R22,ecm_T_psm3,Tx,Ty,Tz,R00,R01,R02,R10,R11,R12,R20,R21,R22,psm1_joints,q1,q2,q3,q4,q5,q6,jaw,psm3_joints,q1,q2,q3,q4,q5,q6,jaw,ecm_joints,q1,q2,q3,q4,ecmi_T_ecm,Tx,Ty,Tz,R00,R01,R02,R10,R11,R12,R20,R21,R22,Sample #,Task Duration (s),Collisions (binary),Collisions (increments),Cumulative Collision Time (s),Clutch Press,MTMR Angle,MTML Angle
""
lci_T_si,,,,,-0.05352222,0.052262206,0.18758368,0.9852688,0.08240888,0.14984752,0.16226129,-0.7272103,-0.6669606,0.054007176,0.6814499,-0.72986937
rci_T_si,,,,,-0.062090434,0.054590147,0.19598114,0.98279583,0.06324867,0.17352791,0.16653219,-0.70975983,-0.68447644,0.079870924,0.7015986,-0.70808196
ecm_T_lc,,,,,-4.4061628e-05,-0.00034663224,-0.01840835,-0.99912,0.030754527,0.028518902,-0.031987965,-0.99852574,-0.043852776,0.027128186,-0.04472645,0.9986309
ecm_T_rc,,,,,-0.0043358393,0.01870579,-0.007592615,-0.99555075,-0.052743673,-0.078081585,0.04863213,-0.9973746,0.053654674,-0.08070653,0.04961868,0.9955021
cart_T_ecmi,,,,,0.08275826,1.28792,0.42543122,0.99152017,0.10184248,-0.08072096,0.019885775,-0.73274505,-0.6802127,-0.12842242,0.6728394,-0.7285567
ecmac_T_ecmrep_psm1,,,,,0.022898523,-0.26913688,-0.29720387,0.9902475,0.13300471,0.041468147,-0.1315095,0.99062705,-0.036922794,-0.045990374,0.031109251,0.9984574
ecmac_T_ecmrep_psm3,,,,,0.02078248,-0.4666591,-0.5231304,0.997355,0.0035024614,0.07259993,-0.011652398,0.993624,0.11214125,-0.07174426,-0.1126906,0.99103665
""
0,16:53:55.981797,16:52:38.195511,0,,0.091120295,0.0019178241,0.024208188,-0.20533808,0.64708596,-0.7342452,-0.20022446,0.70658845,0.6787067,0.9579908,0.2863781,-0.015527189,,0.059300218,0.019668225,0.019724488,0.36500284,0.11695775,0.92363083,-0.216236,-0.9542982,0.20629378,0.9055467,-0.27502,-0.32303107,,0.08281086,1.2879158,0.42542714,0.9915215,0.10179418,-0.08076579,0.019820428,-0.7327517,-0.6802074,-0.12842242,0.6728394,-0.7285567,,-0.08706185,0.2340614,-0.12743151,0.14025834,-0.67818666,0.72138095,0.52322435,0.6693105,0.5275033,-0.84057355,0.30345735,0.44872016,,-0.066523984,0.4238018,-0.3379515,-0.45402205,0.044019043,-0.8899024,0.49882278,-0.8150229,-0.29481107,-0.7382681,-0.5777543,0.34808066,,1.128739191430906,0.31433067344668597,0.19817551891000001,1.7469269191695724,-1.0740995246561273,-0.0968559753763869,-0.4238778516184546,,-1.2517932170487993,0.20167144627749883,0.19319906160000003,-1.5221392997541623,-0.859306947024855,0.355206125552216,0.8667036149084857,,-0.07621634677302738,-0.033641221332190704,0.09367612488,-0.1102278800231344,,5.2589923e-05,5.6028366e-06,1.5497208e-06,1.0,-4.8018992e-05,-4.4345856e-05,4.8018992e-05,1.0,-8.434057e-06,4.4345856e-05,8.434057e-06,1.0,34,0.101,0,0,0.0,False,-0.25791197091247,1.0408245512184247
0.12416017218492925,16:53:56.005867,16:52:38.294429,0,,0.091477744,0.0016591474,0.024798334,-0.18733494,0.6463204,-0.7397132,-0.20920396,0.7095171,0.6729183,0.95975995,0.28081203,0.0022954047,,0.059288632,0.01972339,0.019714892,0.36491504,0.116816245,0.9236834,-0.21634603,-0.9543023,0.2061593,0.90555584,-0.27506575,-0.32296646,,0.08281086,1.2879158,0.42542714,0.9915215,0.10179418,-0.08076579,0.019820428,-0.7327517,-0.6802074,-0.12842242,0.6728394,-0.7285567,,-0.087455705,0.23425563,-0.12802324,0.12233655,-0.6770794,0.7256702,0.516805,0.6676732,0.53584063,-0.84731716,0.3094771,0.4315988,,-0.06651833,0.42383015,-0.3379022,-0.453923,0.044164803,-0.88994575,0.4987791,-0.81503445,-0.29485294,-0.73835856,-0.57772684,0.3479344,,1.1275344451025269,0.31475542375476834,0.19764533630000003,1.765169944252726,-1.0937751806223508,-0.11552526180384132,-0.4246945719491262,,-1.2518009397816734,0.20192629646234825,0.19323406143000002,-1.522348989697647,-0.8594435835246205,0.3556442584164746,0.8673569911730228,,-0.07621634677302738,-0.033641221332190704,0.09367612488,-0.1102278800231344,,5.2589923e-05,5.6028366e-06,1.5497208e-06,1.0,-4.8018992e-05,-4.4345856e-05,4.8018992e-05,1.0,-8.434057e-06,4.4345856e-05,8.434057e-06,1.0,42,0.126,0,0,0.0,False,-0.25826943722359585,1.0408728314192042
0.14823212916962802,16:53:56.029225,16:52:38.294429,0,,0.09180597,0.0014522895,0.025342226,-0.16943187,0.6474097,-0.74307054,-0.21830857,0.71058667,0.66888547,0.9610589,0.27554905,0.020938963,,0.0592732,0.019789848,0.019706786,0.36477026,0.11738971,0.9236679,-0.21607292,-0.9542669,0.20660895,0.90567935,-0.27494434,-0.3227234,,0.08281086,1.2879158,0.42542714,0.9915215,0.10179418,-0.08076579,0.019820428,-0.7327517,-0.6802074,-0.12842242,0.6728394,-0.7285567,,-0.08781805,0.23445758,-0.12854694,0.104550175,-0.67781067,0.7277651,0.509979,0.664779,0.54588485,-0.85380954,0.31407255,0.41517195,,-0.066510536,0.42386726,-0.3378449,-0.45383227,0.043580383,-0.8900208,0.49906754,-0.8150257,-0.29438874,-0.7382194,-0.5777836,0.3481354,,1.1265227670960034,0.31516472859710226,0.19718644964,1.7840420391663332,-1.1131775635890433,-0.13221205805489328,-0.42469457194912597,,-1.251816385247422,0.20220431484582033,0.19326906126,-1.5231877494715849,-0.8594435835246205,0.3559709733770369,0.8673569911730228,,-0.07621634677302738,-0.033641221332190704,0.09367612488,-0.1102278800231344,,5.2589923e-05,5.6028366e-06,1.5497208e-06,1.0,-4.8018992e-05,-4.4345856e-05,4.8018992e-05,1.0,-8.434057e-06,4.4345856e-05,8.434057e-06,1.0,50,0.149,0,0,0.0,False,-0.25815028178655464,1.0408728314192042
0.1715804471168667,16:53:56.055157,16:52:38.294429,0,,0.092259936,0.0010662079,0.026180655,-0.14507844,0.64191216,-0.7529284,-0.238866,0.71574676,0.65623885,0.96015376,0.275055,0.049491465,,0.05924929,0.019871835,0.019703984,0.3647858,0.1173148,0.9236713,-0.2160944,-0.9542762,0.2065441,0.905668,-0.27494445,-0.32275525,,0.08281086,1.2879158,0.42542714,0.9915215,0.10179418,-0.08076579,0.019820428,-0.7327517,-0.6802074,-0.12842242,0.6728394,-0.7285567,,-0.08832354,0.23472333,-0.12940246,0.0806898,-0.672384,0.7357913,0.49292925,0.6685269,0.55685955,-0.8663198,0.3177602,0.38538104,,-0.06649711,0.42391947,-0.33777863,-0.4538433,0.043655157,-0.8900115,0.4990428,-0.81501746,-0.29445344,-0.73822933,-0.5777896,0.34810442,,1.1248778249937936,0.3159447246173989,0.19647737901,1.7993494050407037,-1.145970323532749,-0.15358053911054315,-0.4251846041475288,,-1.2518318307131704,0.20260589695528,0.19330665367000002,-1.5236071293585538,-0.8594435835246205,0.35662440329816136,0.8673569911730228,,-0.07621634677302738,-0.033641221332190704,0.09367612488,-0.1102278800231344,,5.2589923e-05,5.6028366e-06,1.5497208e-06,1.0,-4.8018992e-05,-4.4345856e-05,4.8018992e-05,1.0,-8.434057e-06,4.4345856e-05,8.434057e-06,1.0,57,0.171,0,0,0.0,False,-0.25767366003838577,1.0415004740293372
0.19752185116522014,16:53:56.073357,16:52:38.294429,0,,0.09257144,0.0008460656,0.026657403,-0.13439158,0.6431485,-0.7538561,-0.24818677,0.7146636,0.6539565,0.9593446,0.27498323,0.06357604,,0.059235297,0.019915644,0.019701302,0.3648678,0.1170159,0.92367685,-0.21622807,-0.95429677,0.2063087,0.90560305,-0.27500013,-0.32288998,,0.08281086,1.2879158,0.42542714,0.9915215,0.10179418,-0.08076579,0.019820428,-0.7327517,-0.6802074,-0.12842242,0.6728394,-0.7285567,,-0.08866418,0.23487072,-0.12988727,0.070253864,-0.6735928,0.73575616,0.4849478,0.66761494,0.56490344,-0.87171674,0.31711668,0.3735599,,-0.06648858,0.42394668,-0.33774242,-0.453898,0.043959033,-0.88996863,0.49889606,-0.8150175,-0.29470176,-0.73829484,-0.5777664,0.34800386,,1.1237811969256537,0.3166166023774564,0.19603664041000002,1.807107932949631,-1.160863702007182,-0.1590785954779948,-0.4245312278829918,,-1.2518318307131704,0.20282985620863253,0.19332739431,-1.5236071293585538,-0.8594435835246205,0.35703279699886414,0.86686695897462,,-0.07621634677302738,-0.033641221332190704,0.09367612488,-0.1102278800231344,,5.2589923e-05,5.6028366e-06,1.5497208e-06,1.0,-4.8018992e-05,-4.4345856e-05,4.8018992e-05,1.0,-8.434057e-06,4.4345856e-05,8.434057e-06,1.0,65,0.196,0,0,0.0,False,-0.25672041654204936,1.0425626384464852
0.21569104120135307,16:53:56.102765,16:52:38.294429,0,,0.09306669,0.0005976558,0.027258456,-0.12778375,0.65047723,-0.7486994,-0.25361517,0.70835966,0.65871525,0.9588276,0.2740546,0.07445398,,0.059225135,0.019957308,0.019688427,0.36489812,0.115712024,0.92382914,-0.21652117,-0.95449615,0.20507562,0.9055208,-0.27486017,-0.32323965,,0.08281086,1.2879158,0.42542714,0.9915215,0.10179418,-0.08076579,0.019820428,-0.7327517,-0.6802074,-0.12842242,0.6728394,-0.7285567,,-0.08919642,0.23507132,-0.13047437,0.06379644,-0.68072444,0.7297563,0.48024437,0.66194934,0.5754897,-0.8748116,0.31374714,0.3691441,,-0.06648215,0.423964,-0.33770165,-0.4538793,0.045246482,-0.8899137,0.49864855,-0.81478906,-0.29575068,-0.7384736,-0.5779893,0.34725377,,1.122174868487815,0.31800669429481687,0.19540664347000003,1.8157052206324964,-1.170428256990763,-0.1574869264699279,-0.42485791601526024,,-1.251816385247422,0.20302292453048815,0.19335720898000003,-1.5233974394150696,-0.8595802200243859,0.35828771726452857,0.8688270877682313,,-0.07621634677302738,-0.033641221332190704,0.09367612488,-0.1102278800231344,,5.2589923e-05,5.6028366e-06,1.5497208e-06,1.0,-4.8018992e-05,-4.4345856e-05,4.8018992e-05,1.0,-8.434057e-06,4.4345856e-05,8.434057e-06,1.0,73,0.219,0,0,0.0,False,-0.2575545046013441,1.044011044469869
0.2450765590183437,16:53:56.132383,16:52:38.421670,0,,0.093465,0.000502415,0.027605772,-0.12598588,0.65684766,-0.74342376,-0.25325733,0.70326704,0.66428614,0.95916015,0.27196813,0.0777497,,0.059222706,0.019988451,0.019674182,0.3648605,0.116144195,0.92378974,-0.21617037,-0.9545091,0.20538512,0.90561986,-0.27463278,-0.32315564,,0.08281086,1.2879158,0.42542714,0.9915215,0.10179418,-0.08076579,0.019820428,-0.7327517,-0.6802074,-0.12842242,0.6728394,-0.7285567,,-0.089616664,0.23521544,-0.13077605,0.061973456,-0.68683946,0.72416216,0.48062104,0.65642977,0.5814666,-0.8747358,0.31201208,0.37079072,,-0.06648181,0.4239725,-0.3376684,-0.45390046,0.044792656,-0.88992584,0.4989455,-0.8147018,-0.2954901,-0.73826,-0.5781476,0.34744442,,1.1209623994265618,0.3192423315546928,0.19502034905,1.8238831284283927,-1.1720678949879482,-0.15696669902697646,-0.4250212600813945,,-1.251824107980296,0.20311559732497883,0.19338313478000002,-1.524026509245523,-0.8594435835246205,0.3585030143213943,0.869807152165037,,-0.07621634677302738,-0.033641221332190704,0.09367612488,-0.1102278800231344,,5.2589923e-05,5.6028366e-06,1.5497208e-06,1.0,-4.8018992e-05,-4.4345856e-05,4.8018992e-05,1.0,-8.434057e-06,4.4345856e-05,8.434057e-06,1.0,84,0.253,0,0,0.0,False,-0.25779281547542787,1.0453628900916938
0.2747455360367894,16:53:56.153855,16:52:38.421670,0,,0.09418233,0.0004798025,0.028090566,-0.12010182,0.6690008,-0.7334941,-0.2559105,0.69300973,0.67397857,0.95921075,0.26865482,0.08797249,,0.059224643,0.020003859,0.019657433,0.36487836,0.115701675,0.9238382,-0.21618545,-0.9546015,0.20493887,0.905609,-0.27449796,-0.3233004,,0.08281086,1.2879158,0.42542714,0.9915215,0.10179418,-0.08076579,0.019820428,-0.7327517,-0.6802074,-0.12842242,0.6728394,-0.7285567,,-0.0903661,0.23548675,-0.13111487,0.05614849,-0.6985433,0.7133615,0.47836623,0.6459631,0.5948928,-0.8763636,0.3078457,0.37042937,,-0.06648339,0.42396855,-0.33764592,-0.4539146,0.045220923,-0.8898969,0.4989247,-0.8145721,-0.2958825,-0.73826534,-0.57829696,0.34718436,,1.1187536978245336,0.3217290515401931,0.19455886981,1.8394001842462477,-1.179172992975751,-0.15566529874249357,-0.424041195684589,,-1.251816385247422,0.20314648825647572,0.19340517171000002,-1.524026509245523,-0.8594435835246205,0.3589930867622377,0.8711139046941113,,-0.07621634677302738,-0.033641221332190704,0.09367612488,-0.1102278800231344,,5.2589923e-05,5.6028366e-06,1.5497208e-06,1.0,-4.8018992e-05,-4.4345856e-05,4.8018992e-05,1.0,-8.434057e-06,4.4345856e-05,8.434057e-06,1.0,92,0.277,0,0,0.0,False,-0.2587460589717643,1.0460870931033857
0.2962060810532421,16:53:56.183507,16:52:38.421670,0,,0.09473737,0.0005231425,0.028379261,-0.11757982,0.67526394,-0.72814405,-0.25880376,0.68705595,0.67895114,0.9587469,0.26827726,0.093976825,,0.059224553,0.020012174,0.0196504,0.3649995,0.11575477,0.92378366,-0.21612719,-0.95459926,0.2050109,0.9055741,-0.27448347,-0.3234104,,0.08281086,1.2879158,0.42542714,0.9915215,0.10179418,-0.08076579,0.019820428,-0.7327517,-0.6802074,-0.12842242,0.6728394,-0.7285567,,-0.090940945,0.23568165,-0.13127255,0.053717367,-0.7046576,0.70751125,0.47579208,0.64099485,0.60228527,-0.8779159,0.30427507,0.36970305,,-0.06648341,0.4239682,-0.337635,-0.4540363,0.0451665,-0.8898376,0.49891075,-0.8145694,-0.29591334,-0.7381999,-0.578305,0.34731004,,1.116946578331965,0.3239377531422213,0.19430350068000002,1.8467393322682062,-1.184091906967307,-0.15426797389392044,-0.4246945719491262,,-1.251816385247422,0.2031696564550984,0.19341424574000002,-1.524026509245523,-0.859306947024855,0.35896334759868187,0.8717672809586483,,-0.07621634677302738,-0.033641221332190704,0.09367612488,-0.1102278800231344,,5.2589923e-05,5.6028366e-06,1.5497208e-06,1.0,-4.8018992e-05,-4.4345856e-05,4.8018992e-05,1.0,-8.434057e-06,4.4345856e-05,8.434057e-06,1.0,100,0.302,0,0,0.0,False,-0.259580147031059,1.045797411898709
0.32587068900465965,16:53:56.204199,16:52:38.421670,0,,0.095567346,0.00067029893,0.028652221,-0.11794172,0.6838548,-0.7200226,-0.26422352,0.6773329,0.6865901,0.9572228,0.27122444,0.10080463,,0.05922474,0.020025376,0.01964444,0.3650099,0.11562067,0.9237964,-0.21615818,-0.95461893,0.20488665,0.90556246,-0.27447176,-0.3234529,,0.08281086,1.2879158,0.42542714,0.9915215,0.10179418,-0.08076579,0.019820428,-0.7327517,-0.6802074,-0.12842242,0.6728394,-0.7285567,,-0.091790676,0.23592426,-0.13133663,0.05428239,-0.7132629,0.69879144,0.47083506,0.63542247,0.612007,-0.88054967,0.2957943,0.37032145,,-0.066484466,0.42397162,-0.33762097,-0.454041,0.045299154,-0.8898285,0.49888098,-0.8145474,-0.29602414,-0.7382171,-0.5783256,0.34723902,,1.1139810489082629,0.32767555585334596,0.19408831654000003,1.8484168518160822,-1.1899672764572207,-0.14400452844555667,-0.4251846041475287,,-1.251824107980296,0.20321599285234374,0.19342591235,-1.524026509245523,-0.859306947024855,0.359126705078963,0.8722573131570511,,-0.07621634677302738,-0.033641221332190704,0.09367612488,-0.1102278800231344,,5.2589923e-05,5.6028366e-06,1.5497208e-06,1.0,-4.8018992e-05,-4.4345856e-05,4.8018992e-05,1.0,-8.434057e-06,4.4345856e-05,8.434057e-06,1.0,108,0.326,0,0,0.0,False,-0.259282258438454,1.0459905327018268
0.34655815502628684,16:53:56.233445,16:52:38.421670,0,,0.09615317,0.00080584735,0.02873835,-0.12003417,0.69171876,-0.71212155,-0.2679613,0.66811067,0.694136,0.95592284,0.27414098,0.10515764,,0.05922679,0.020040367,0.019637048,0.36495158,0.115753405,0.92380285,-0.21607557,-0.95461845,0.20497605,0.9056057,-0.2744174,-0.323378,,0.08281086,1.2879158,0.42542714,0.9915215,0.10179418,-0.08076579,0.019820428,-0.7327517,-0.6802074,-0.12842242,0.6728394,-0.7285567,,-0.092383444,0.23604555,-0.1312828,0.05652765,-0.72115,0.6904689,0.4673596,0.63023764,0.6199803,-0.88225824,0.28765124,0.37266222,,-0.066487394,0.4239747,-0.3376047,-0.45400015,0.045161296,-0.88985634,0.4989755,-0.81452984,-0.29591313,-0.7381784,-0.5783611,0.3472623,,1.1116873972446182,0.3303862350921988,0.19403516865,1.8461102624377523,-1.193109915951826,-0.1306603229619847,-0.4258379804120659,,-1.2518395534460445,0.20325460651671487,0.19344017154,-1.5242361991890077,-0.859306947024855,0.3592083838191036,0.8720939690909169,,-0.07621634677302738,-0.033641221332190704,0.09367612488,-0.1102278800231344,,5.2589923e-05,5.6028366e-06,1.5497208e-06,1.0,-4.8018992e-05,-4.4345856e-05,4.8018992e-05,1.0,-8.434057e-06,4.4345856e-05,8.434057e-06,1.0,123,0.372,0,0,0.0,False,-0.2588652144088064,1.0459905327018268
0.3758070240728557,16:53:56.272804,16:52:38.421670,0,,0.09748917,0.0011630282,0.028761134,-0.12847292,0.70512396,-0.6973483,-0.26772907,0.6524061,0.7090045,0.9548905,0.27778834,0.10496569,,0.059215248,0.020088447,0.019621491,0.36495537,0.11581157,0.9237939,-0.21613666,-0.95458674,0.20505914,0.90558964,-0.27450323,-0.32335046,,0.082764,1.2879169,0.4254324,0.99152,0.101847894,-0.08071593,0.019893108,-0.7327443,-0.6802133,-0.12842242,0.6728394,-0.7285567,,-0.09368285,0.2362364,-0.13100275,0.06503155,-0.73454756,0.67543375,0.46735334,0.6204623,0.6297677,-0.88167554,0.27471146,0.38364288,,-0.06643895,0.42399573,-0.33755574,-0.45398414,0.045183804,-0.8898634,0.49890777,-0.8145796,-0.2958904,-0.738234,-0.57828933,0.34726366,,1.106621284479127,0.3361010574191249,0.19401961317000002,1.8467393322682062,-1.190923731955579,-0.11210500312612737,-0.4256746363459315,,-1.251824107980296,0.2034862885029416,0.19346739363,-1.524445889132492,-0.859306947024855,0.35945342003952524,0.871603936892514,,-0.07621634677302738,-0.033641221332190704,0.09367612488,-0.1102278800231344,,5.479902e-06,3.5762787e-06,8.34465e-07,0.99999994,5.379319e-06,4.976988e-06,-5.3942204e-06,1.0000001,9.536743e-07,-4.9695373e-06,-9.834766e-07,1.0,131,0.396,0,0,0.0,False,-0.25922268071993226,1.0446869672807815
0.41517056222073734,16:53:56.302793,16:52:38.570908,0,,0.09862802,0.0014676154,0.028746054,-0.1363821,0.7105806,-0.69027174,-0.26472124,0.6453041,0.7165929,0.95463216,0.28046003,0.100097835,,0.059208464,0.020106507,0.019619346,0.36493367,0.11588329,0.9237935,-0.21607155,-0.954592,0.2051032,0.905614,-0.27445465,-0.32332373,,0.082764,1.2879169,0.4254324,0.99152,0.101847894,-0.08071593,0.019893108,-0.7327443,-0.6802133,-0.12842242,0.6728394,-0.7285567,,-0.09482298,0.23637696,-0.13073754,0.07288445,-0.7400533,0.6685873,0.46984878,0.6167976,0.63150835,-0.8797329,0.2681078,0.3926681,,-0.066434294,0.4240063,-0.33754018,-0.45397443,0.04510741,-0.8898722,0.4989702,-0.8145586,-0.29584286,-0.7381978,-0.5783248,0.34728152,,1.1021266539463281,0.3408350926710245,0.19401572430000003,1.8503040613074428,-1.186551363963085,-0.10758418077049725,-0.42551129227979745,,-1.251816385247422,0.20357123856455808,0.19347646766,-1.5246555790759766,-0.859306947024855,0.3596167775198063,0.8712772487602456,,-0.07621634677302738,-0.033641221332190704,0.09367612488,-0.1102278800231344,,5.479902e-06,3.5762787e-06,8.34465e-07,0.99999994,5.379319e-06,4.976988e-06,-5.3942204e-06,1.0000001,9.536743e-07,-4.9695373e-06,-9.834766e-07,1.0,139,0.421,0,0,0.0,False,-0.259282258438454,1.0452180494893553
0.44515677308663726,16:53:56.325838,16:52:38.570908,0,,0.099809214,0.001749441,0.02875407,-0.14155118,0.716254,-0.6833325,-0.26378933,0.6380327,0.72341514,0.95413756,0.2826562,0.09862587,,0.059202887,0.020140214,0.019615352,0.36495864,0.11621479,0.923742,-0.21586758,-0.95457846,0.2053808,0.9056525,-0.2743615,-0.32329473,,0.082764,1.2879169,0.4254324,0.99152,0.101847894,-0.08071593,0.019893108,-0.7327443,-0.6802133,-0.12842242,0.6728394,-0.7285567,,-0.09600657,0.23651423,-0.1305031,0.07805826,-0.74573845,0.6616503,0.47050577,0.612671,0.63502645,-0.87893754,0.26174122,0.39869827,,-0.06643257,0.42402482,-0.3375112,-0.45403022,0.044767335,-0.8898609,0.49911952,-0.8145401,-0.29564187,-0.7380625,-0.5783773,0.34748158,,1.0973771732286801,0.345530514258553,0.19401183543000003,1.8563850696684943,-1.185731544964492,-0.1049855385870534,-0.4258379804120661,,-1.2518395534460445,0.20371024775629412,0.19349461572,-1.5250749589629458,-0.8591703105250895,0.3597503958365315,0.8714405928263798,,-0.07621634677302738,-0.033641221332190704,0.09367612488,-0.1102278800231344,,5.479902e-06,3.5762787e-06,8.34465e-07,0.99999994,5.379319e-06,4.976988e-06,-5.3942204e-06,1.0000001,9.536743e-07,-4.9695373e-06,-9.834766e-07,1.0,147,0.445,0,0,0.0,False,-0.2588652144088064,1.0449283682846786
0.4681801542174071,16:53:56.349425,16:52:38.570908,0,,0.10059414,0.0019288585,0.028754279,-0.14513822,0.7210513,-0.67750996,-0.2622503,0.63223314,0.7290447,0.9540229,0.28348953,0.09733474,,0.059204847,0.020158721,0.019611835,0.36495787,0.11601512,0.92376745,-0.21592256,-0.9546063,0.20519385,0.90563977,-0.2743494,-0.32334083,,0.082764,1.2879169,0.4254324,0.99152,0.101847894,-0.08071593,0.019893108,-0.7327443,-0.6802133,-0.12842242,0.6728394,-0.7285567,,-0.096792586,0.23659623,-0.13034898,0.08161649,-0.75047916,0.6558352,0.4717662,0.6087341,0.6378711,-0.87793815,0.25734007,0.40373343,,-0.06643639,0.42403305,-0.33749458,-0.4540207,0.044965398,-0.8898558,0.49907634,-0.81451064,-0.295796,-0.73809755,-0.5784035,0.34736353,,1.094210852750248,0.34856554827812325,0.19400665027000003,1.8614176283121227,-1.1843651799668378,-0.10266921053811384,-0.42616466854433466,,-1.2518704443775415,0.20377975235216214,0.19350757862,-1.5250749589629458,-0.8591703105250895,0.3599954320569532,0.8712772487602455,,-0.07621634677302738,-0.033641221332190704,0.09367612488,-0.1102278800231344,,5.479902e-06,3.5762787e-06,8.34465e-07,0.99999994,5.379319e-06,4.976988e-06,-5.3942204e-06,1.0000001,9.536743e-07,-4.9695373e-06,-9.834766e-07,1.0,155,0.469,0,0,0.0,False,-0.25910352528289105,1.0448318078831196
0.4917764400597662,16:53:56.374044,16:52:38.570908,0,,0.10132343,0.0020872205,0.028759852,-0.14901876,0.7272994,-0.6699469,-0.25993896,0.6248715,0.73618424,0.9540572,0.28385067,0.09593588,,0.059208155,0.020183546,0.01960808,0.36489022,0.11594006,0.9238035,-0.21588105,-0.95464003,0.20508026,0.90567684,-0.2742635,-0.32330957,,0.082764,1.2879169,0.4254324,0.99152,0.101847894,-0.08071593,0.019893108,-0.7327443,-0.6802133,-0.12842242,0.6728394,-0.7285567,,-0.09752312,0.23667003,-0.1302154,0.08544315,-0.75660545,0.6482651,0.47370762,0.60324997,0.6416312,-0.87652755,0.25226513,0.40995333,,-0.06644228,0.4240446,-0.3374729,-0.45396456,0.0450318,-0.8898811,0.49914283,-0.81445104,-0.2958478,-0.7380871,-0.57848215,0.3472546,,1.0912762142580428,0.35136117757859253,0.19398720592000002,1.8662404970122668,-1.1820423594708254,-0.09794733694956748,-0.42600132447820027,,-1.2519167807747869,0.2038647024137786,0.19352443039000003,-1.5252846489064302,-0.8591703105250895,0.36032214701751547,0.8711139046941112,,-0.07621634677302738,-0.033641221332190704,0.09367612488,-0.1102278800231344,,5.479902e-06,3.5762787e-06,8.34465e-07,0.99999994,5.379319e-06,4.976988e-06,-5.3942204e-06,1.0000001,9.536743e-07,-4.9695373e-06,-9.834766e-07,1.0,166,0.503,0,0,0.0,False,-0.2593418361569748,1.0442041652729868
0.5164110041223466,16:53:56.405590,16:52:38.570908,0,,0.10268688,0.002350755,0.028817698,-0.15575717,0.7390127,-0.6554386,-0.25396478,0.6112716,0.74956584,0.9545897,0.2832086,0.09247327,,0.059204485,0.02024178,0.019602895,0.36491236,0.11593299,0.92379564,-0.21575722,-0.9546776,0.20503567,0.9056974,-0.2741357,-0.32336032,,0.082764,1.2879169,0.4254324,0.99152,0.101847894,-0.08071593,0.019893108,-0.7327443,-0.6802133,-0.12842242,0.6728394,-0.7285567,,-0.098891705,0.23681688,-0.13002248,0.0920196,-0.76800036,0.63380426,0.4788264,0.5922116,0.6480823,-0.8730737,0.24384592,0.42223394,,-0.066445395,0.4240768,-0.33742398,-0.4540049,0.045026176,-0.88986075,0.49923,-0.8143741,-0.29591262,-0.7380033,-0.578591,0.34725142,,1.0858625785132114,0.35642729034408377,0.19389257675000002,1.878402513734369,-1.1765768994802077,-0.0919491743594324,-0.4256746363459317,,-1.251986285370655,0.20410410713287958,0.19355683764,-1.5257040287933992,-0.859033674025324,0.36086415903494357,0.8702971843634397,,-0.07621634677302738,-0.033641221332190704,0.09367612488,-0.1102278800231344,,5.479902e-06,3.5762787e-06,8.34465e-07,0.99999994,5.379319e-06,4.976988e-06,-5.3942204e-06,1.0000001,9.536743e-07,-4.9695373e-06,-9.834766e-07,1.0,174,0.527,0,0,0.0,False,-0.25910352528289105,1.044735247481561
0.5479540131054819,16:53:56.432813,16:52:38.570908,0,,0.10321487,0.0024169236,0.02885504,-0.15596008,0.7439138,-0.6498219,-0.25386512,0.60558534,0.75420076,0.95458317,0.2825924,0.094406664,,0.0591996,0.02027507,0.019592881,0.36511272,0.115886524,0.9237223,-0.21558532,-0.9547264,0.20498893,0.90565765,-0.27398506,-0.3235994,,0.082764,1.2879169,0.4254324,0.99152,0.101847894,-0.08071593,0.019893108,-0.7327443,-0.6802133,-0.12842242,0.6728394,-0.7285567,,-0.0994221,0.23685792,-0.12998325,0.09222066,-0.7727436,0.62798303,0.47890672,0.587358,0.6524254,-0.87300843,0.24057819,0.42423865,,-0.06644348,0.42409024,-0.33739164,-0.45421827,0.045057613,-0.8897503,0.49926683,-0.8142791,-0.29611182,-0.73784715,-0.5787222,0.34736466,,1.0836538769111832,0.35820351890515545,0.19385368805000003,1.8844835220954204,-1.1778066279780968,-0.09021130456489945,-0.42616466854433444,,-1.2520017308364033,0.2042353935917414,0.19357887457000003,-1.5259137187368836,-0.8587604010257932,0.3612130744085347,0.8707872165618427,,-0.07621634677302738,-0.033641221332190704,0.09367612488,-0.1102278800231344,,5.479902e-06,3.5762787e-06,8.34465e-07,0.99999994,5.379319e-06,4.976988e-06,-5.3942204e-06,1.0000001,9.536743e-07,-4.9695373e-06,-9.834766e-07,1.0,182,0.552,0,0,0.0,False,-0.2585077480976805,1.0446869672807815
0.5751781871076673,16:53:56.455259,16:52:38.570908,0,,0.10396968,0.0024387464,0.028909847,-0.15478039,0.75173986,-0.64103824,-0.25520247,0.59641314,0.76102763,0.95441854,0.2813868,0.09953287,,0.05918715,0.02033819,0.019561768,0.36611384,0.11817792,0.92303556,-0.2143578,-0.9545186,0.20723183,0.9055449,-0.2737303,-0.32413018,,0.082764,1.2879169,0.4254324,0.99152,0.101847894,-0.08071593,0.019893108,-0.7327443,-0.6802133,-0.12842242,0.6728394,-0.7285567,,-0.100179166,0.23686472,-0.12997822,0.09107956,-0.78030014,0.6187376,0.47775006,0.5793889,0.660351,-0.87376165,0.23545745,0.42555892,,-0.06643508,0.42410702,-0.33732268,-0.45534304,0.04274523,-0.8892894,0.49974173,-0.81438136,-0.29502752,-0.73683167,-0.5787537,0.34946132,,1.0802635971793986,0.3604276659729321,0.19377720694000003,1.8937098796087395,-1.1819057229710597,-0.08670540997372589,-0.42616466854433444,,-1.2520171763021517,0.20444390737934545,0.19362294843000002,-1.5269621684543064,-0.8572573995283733,0.36006915620801455,0.870950560627977,,-0.07621634677302738,-0.033641221332190704,0.09367612488,-0.1102278800231344,,5.479902e-06,3.5762787e-06,8.34465e-07,0.99999994,5.379319e-06,4.976988e-06,-5.3942204e-06,1.0000001,9.536743e-07,-4.9695373e-06,-9.834766e-07,1.0,190,0.576,0,0,0.0,False,-0.2584481703791588,1.044880088083899
0.5975841612089425,16:53:56.482892,16:52:38.786069,0,,0.10437868,0.002395369,0.028929487,-0.15551972,0.75452393,-0.63757896,-0.25494477,0.5929088,0.763847,0.95436716,0.28134078,0.10015294,,0.05918133,0.020374818,0.019550562,0.3659953,0.118453,0.92304736,-0.21440518,-0.95445055,0.2074962,0.9055816,-0.27384877,-0.32392752,,0.082764,1.2879169,0.4254324,0.99152,0.101847894,-0.08071593,0.019893108,-0.7327443,-0.6802133,-0.12842242,0.6728394,-0.7285567,,-0.10058769,0.23682143,-0.13000615,0.091815986,-0.7830113,0.61519355,0.47794768,0.57664084,0.6626095,-0.87357646,0.23319218,0.4271833,,-0.0664325,0.42412174,-0.33728695,-0.4552255,0.04248236,-0.88936216,0.49976316,-0.8144823,-0.29471242,-0.7368898,-0.57863104,0.349542,,1.0782556866321003,0.3614779576438266,0.19370202212,1.897064918704492,-1.1827255419696525,-0.08530179389028214,-0.4250212600813946,,-1.2520171763021517,0.2045906393039557,0.19365017052000003,-1.527171858397791,-0.8573940360281388,0.36001721663142994,0.8709505606279768,,-0.07621634677302738,-0.033641221332190704,0.09367612488,-0.1102278800231344,,5.479902e-06,3.5762787e-06,8.34465e-07,0.99999994,5.379319e-06,4.976988e-06,-5.3942204e-06,1.0000001,9.536743e-07,-4.9695373e-06,-9.834766e-07,1.0,198,0.6,0,0,0.0,False,-0.25910352528289105,1.0443007256745458
0.6252534789964557,16:53:56.505602,16:52:38.786069,0,,0.104738906,0.0023085251,0.028952852,-0.15514165,0.7602131,-0.630878,-0.2561942,0.5858009,0.76889646,0.9540942,0.2809152,0.10388011,,0.059172813,0.02041219,0.01954627,0.36615938,0.11901378,0.92291003,-0.21444541,-0.9543009,0.20814176,0.9055057,-0.27412692,-0.32390434,,0.082764,1.2879169,0.4254324,0.99152,0.101847894,-0.08071593,0.019893108,-0.7327443,-0.6802133,-0.12842242,0.6728394,-0.7285567,,-0.10094707,0.23675212,-0.13006857,0.091480516,-0.78852874,0.608156,0.47683007,0.5708368,0.6684149,-0.87422216,0.22884014,0.42821464,,-0.06642831,0.42414278,-0.33725488,-0.4553713,0.041950088,-0.88931274,0.49964973,-0.81470966,-0.29427588,-0.7368766,-0.57834965,0.35003507,,1.076325003413544,0.3622270627326264,0.19362035585,1.8997908879697907,-1.1854582719649613,-0.07858110510862282,-0.4264913566766031,,-1.2520326217679,0.20476826216006289,0.19366961487,-1.527171858397791,-0.8572573995283733,0.3594974050270306,0.8711139046941112,,-0.07621634677302738,-0.033641221332190704,0.09367612488,-0.1102278800231344,,5.479902e-06,3.5762787e-06,8.34465e-07,0.99999994,5.379319e-06,4.976988e-06,-5.3942204e-06,1.0000001,9.536743e-07,-4.9695373e-06,-9.834766e-07,1.0,213,0.646,0,0,0.0,False,-0.25910352528289105,1.0448318078831196
0.6479676750022918,16:53:56.552367,16:52:38.786069,0,,0.10562332,0.0020130053,0.02880691,-0.15776733,0.77529573,-0.6115766,-0.25454882,0.566472,0.78378206,0.954104,0.2793313,0.107979804,,0.059139665,0.020531518,0.019515276,0.3666202,0.12226657,0.9223017,-0.21381682,-0.95372003,0.21142499,0.90546787,-0.27471638,-0.32351044,,0.082764,1.2879169,0.4254324,0.99152,0.101847894,-0.08071593,0.019893108,-0.7327443,-0.6802133,-0.12842242,0.6728394,-0.7285567,,-0.101813495,0.23638304,-0.13013095,0.094069235,-0.80311525,0.58835095,0.4781937,0.5547853,0.6808407,-0.873202,0.21729957,0.4362329,,-0.06640675,0.42419773,-0.3371417,-0.45589903,0.038760208,-0.8891871,0.49991783,-0.81541413,-0.29185948,-0.73636824,-0.57757896,0.3523696,,1.0709963177303292,0.3633854726637601,0.19349850459,1.9050331365569038,-1.1869612734623811,-0.05816100423492998,-0.42600132447820005,,-1.2520171763021517,0.2052779625297617,0.19374220711,-1.5282203081152135,-0.8565742170295462,0.3573067407057372,0.8711139046941113,,-0.07621634677302738,-0.033641221332190704,0.09367612488,-0.1102278800231344,,5.479902e-06,3.5762787e-06,8.34465e-07,0.99999994,5.379319e-06,4.976988e-06,-5.3942204e-06,1.0000001,9.536743e-07,-4.9695373e-06,-9.834766e-07,1.0,221,0.671,0,0,0.0,False,-0.25856732581620134,1.0445421266784427
0.6946532630827278,16:53:56.574565,16:52:38.786069,0,,0.106012784,0.0018593296,0.028709814,-0.15907517,0.78345555,-0.6007431,-0.25405905,0.5555137,0.791744,0.9540174,0.27857107,0.110675514,,0.05912279,0.020594222,0.019498587,0.3664091,0.12412093,0.9221379,-0.2130878,-0.9535291,0.21301605,0.9057251,-0.2745473,-0.3229331,,0.082764,1.2879169,0.4254324,0.99152,0.101847894,-0.08071593,0.019893108,-0.7327443,-0.6802133,-0.12842242,0.6728394,-0.7285567,,-0.10219228,0.23618092,-0.13015077,0.09537102,-0.81100476,0.5772137,0.47857076,0.54580355,0.68779975,-0.8728542,0.21064144,0.440177,,-0.06639589,0.42422616,-0.3370819,-0.4558195,0.03689101,-0.8893074,0.5005995,-0.8155117,-0.29041484,-0.7359543,-0.5775636,0.3532585,,1.0684941522790805,0.3637638865745971,0.19346220847,1.9065009661612955,-1.1879177289607394,-0.045455982848532916,-0.42567463634593194,,-1.2520017308364033,0.20550964451598844,0.1937823921,-1.5296881377196052,-0.8564375805297808,0.3568686078414787,0.8711139046941112,,-0.07621634677302738,-0.033641221332190704,0.09367612488,-0.1102278800231344,,5.479902e-06,3.5762787e-06,8.34465e-07,0.99999994,5.379319e-06,4.976988e-06,-5.3942204e-06,1.0000001,9.536743e-07,-4.9695373e-06,-9.834766e-07,1.0,229,0.695,0,0,0.0,False,-0.2585077480976805,1.0444938464776636
0.7169270261656493,16:53:56.602849,16:52:38.786069,0,,0.10663773,0.0016447306,0.028512761,-0.16251197,0.79046124,-0.5905596,-0.25110215,0.5456794,0.7994884,0.95422095,0.27821723,0.109807104,,0.05910532,0.020667953,0.019487739,0.36635405,0.12431335,0.92213386,-0.21325412,-0.95343804,0.21325709,0.9057083,-0.27477652,-0.32278565,,0.082764,1.2879169,0.4254324,0.99152,0.101847894,-0.08071593,0.019893108,-0.7327443,-0.6802133,-0.12842242,0.6728394,-0.7285567,,-0.10279775,0.23585159,-0.13013068,0.09873165,-0.81779194,0.5669818,0.48106945,0.53798753,0.69220054,-0.8711052,0.20441553,0.44653112,,-0.06638666,0.42426598,-0.33701724,-0.45574194,0.036721453,-0.88935417,0.5004954,-0.81566864,-0.29015356,-0.73607314,-0.57735276,0.3533555,,1.0645323903146033,0.3643971506702835,0.19343628267000001,1.9092269354265943,-1.1868246369626156,-0.03532069615912847,-0.42551129227979756,,-1.2520094535692776,0.20584944476245431,0.19382516967000002,-1.5298978276630897,-0.8565742170295462,0.356980025745175,0.8711139046941112,,-0.07621634677302738,-0.033641221332190704,0.09367612488,-0.1102278800231344,,5.479902e-06,3.5762787e-06,8.34465e-07,0.99999994,5.379319e-06,4.976988e-06,-5.3942204e-06,1.0000001,9.536743e-07,-4.9695373e-06,-9.834766e-07,1.0,237,0.72,0,0,0.0,False,-0.25826943722359585,1.04478352768234
0.7451772540807724,16:53:56.633050,16:52:38.786069,0,,0.10732773,0.0013853833,0.02831076,-0.16350453,0.7952282,-0.5838479,-0.25401846,0.53792226,0.8038123,0.953279,0.2797351,0.11404991,,0.05909198,0.020750446,0.01946646,0.36635846,0.12431847,0.9221314,-0.21354553,-0.95334816,0.2133676,0.90563786,-0.27508605,-0.32271954,,0.082764,1.2879169,0.4254324,0.99152,0.101847894,-0.08071593,0.019893108,-0.7327443,-0.6802133,-0.12842242,0.6728394,-0.7285567,,-0.103466935,0.23548235,-0.13013518,0.09984023,-0.8225162,0.5599099,0.47836798,0.53309965,0.6978315,-0.8724655,0.1981713,0.4466902,,-0.06638118,0.42430228,-0.3369392,-0.45569953,0.036746994,-0.88937485,0.50026274,-0.81585354,-0.29003483,-0.7362575,-0.57708985,0.35340095,,1.059945086987314,0.36513081029333483,0.19344276412000003,1.9092269354265943,-1.1925633699527642,-0.025740419795445058,-0.42551129227979734,,-1.252024899035026,0.20620469047466863,0.19388220643,-1.5298978276630897,-0.8567108535293115,0.3570914436488716,0.8707872165618427,,-0.07621634677302738,-0.033641221332190704,0.09367612488,-0.1102278800231344,,5.479902e-06,3.5762787e-06,8.34465e-07,0.99999994,5.379319e-06,4.976988e-06,-5.3942204e-06,1.0000001,9.536743e-07,-4.9695373e-06,-9.834766e-07,1.0,260,0.789,0,0,0.0,False,-0.259282258438454,1.0441558850722072
0.7754119741730392,16:53:56.689248,16:52:38.786069,0,,0.108518615,0.0010136217,0.027772084,-0.17535186,0.80906135,-0.56095564,-0.2522856,0.513831,0.81995714,0.95163214,0.2853021,0.114013344,,0.05904932,0.020895405,0.019448757,0.36621732,0.12467077,0.92213994,-0.21375737,-0.95321214,0.21376286,0.905645,-0.27539793,-0.3224335,,0.082764,1.2879169,0.4254324,0.99152,0.101847894,-0.08071593,0.019893108,-0.7327443,-0.6802133,-0.12842242,0.6728394,-0.7285567,,-0.10460975,0.23477006,-0.129953,0.11174201,-0.8362802,0.5367952,0.4792297,0.51856345,0.70811784,-0.8705473,0.1781217,0.45871565,,-0.06635533,0.42438477,-0.33681402,-0.45553482,0.036425877,-0.8894724,0.5001654,-0.8160765,-0.2895751,-0.7364256,-0.57679486,0.35353228,,1.051867108400875,0.36682208879279,0.19356720796000002,1.8976939885349453,-1.19119700495511,0.013004626356185156,-0.42567463634593183,,-1.2520094535692776,0.2068920137004746,0.19396128012000002,-1.5305268974935433,-0.8569841265288425,0.357559315676686,0.870950560627977,,-0.07621634677302738,-0.033641221332190704,0.09367612488,-0.1102278800231344,,5.479902e-06,3.5762787e-06,8.34465e-07,0.99999994,5.379319e-06,4.976988e-06,-5.3942204e-06,1.0000001,9.536743e-07,-4.9695373e-06,-9.834766e-07,1.0,268,0.814,0,0,0.0,False,-0.25910352528289105,1.0445421266784427
0.8315780630800873,16:53:56.718046,16:52:39.010072,0,,0.10897254,0.0009634644,0.027471647,-0.1861608,0.81610954,-0.5470915,-0.24310249,0.50125164,0.8304504,0.95196915,0.2875967,0.105084926,,0.059041187,0.020942463,0.01943916,0.3662803,0.12466947,0.9221151,-0.2138885,-0.95316815,0.21382803,0.9055885,-0.27555078,-0.32246137,,0.082764,1.2879169,0.4254324,0.99152,0.101847894,-0.08071593,0.019893108,-0.7327443,-0.6802133,-0.12842242,0.6728394,-0.7285567,,-0.10504022,0.2344999,-0.12975167,0.12233498,-0.84324926,0.52341646,0.48679602,0.51056486,0.7087688,-0.8649068,0.16808985,0.47295034,,-0.06635205,0.4244076,-0.3367711,-0.45557234,0.03644229,-0.8894525,0.50003034,-0.81616735,-0.28955227,-0.73649406,-0.5766653,0.353601,,1.0490560336346575,0.3676793121418289,0.19365665197,1.8928711198348012,-1.1797195389748127,0.031824687794179574,-0.42665470074273737,,-1.252024899035026,0.20710052748807867,0.19399109479,-1.5305268974935433,-0.8569841265288425,0.35764099441682656,0.8707872165618427,,-0.07621634677302738,-0.033641221332190704,0.09367612488,-0.1102278800231344,,5.479902e-06,3.5762787e-06,8.34465e-07,0.99999994,5.379319e-06,4.976988e-06,-5.3942204e-06,1.0000001,9.536743e-07,-4.9695373e-06,-9.834766e-07,1.0,280,0.851,0,0,0.0,False,-0.2580311263495121,1.0452663296901348
0.860412352019921,16:53:56.747020,16:52:39.010072,0,,0.109254636,0.0009883717,0.027310506,-0.1890547,0.8206077,-0.53931546,-0.23889813,0.494282,0.8358306,0.95246315,0.28685927,0.10259533,,0.05903626,0.020979626,0.01942432,0.36614424,0.12521705,0.92209494,-0.21362525,-0.9531306,0.2142576,0.9057057,-0.275432,-0.32223377,,0.082764,1.2879169,0.4254324,0.99152,0.101847894,-0.08071593,0.019893108,-0.7327443,-0.6802133,-0.12842242,0.6728394,-0.7285567,,-0.105310544,0.23439024,-0.12960654,0.1251114,-0.8475592,0.5157427,0.49036595,0.50472116,0.71049124,-0.86248964,0.1640121,0.47876054,,-0.06634993,0.42441973,-0.33673272,-0.45548812,0.035883386,-0.8895184,0.50030625,-0.81615454,-0.2891114,-0.73635876,-0.5767184,0.353796,,1.0475501007241836,0.3682044579772762,0.19374998485000003,1.8958067790435849,-1.175757080481615,0.0375782300024452,-0.4253479482136632,,-1.252024899035026,0.20722409121406626,0.19402090946000003,-1.5311559673239967,-0.8569841265288425,0.3577226731569671,0.8709505606279769,,-0.07621634677302738,-0.033641221332190704,0.09367612488,-0.1102278800231344,,5.479902e-06,3.5762787e-06,8.34465e-07,0.99999994,5.379319e-06,4.976988e-06,-5.3942204e-06,1.0000001,9.536743e-07,-4.9695373e-06,-9.834766e-07,1.0,288,0.874,0,0,0.0,False,-0.2589843698458485,1.0470526971189749
0.8893649692181498,16:53:56.778617,16:52:39.010072,0,,0.109601706,0.0010297447,0.027088448,-0.1902436,0.82256216,-0.53590924,-0.23895836,0.4906633,0.83794296,0.95221126,0.28747332,0.103212595,,0.05903558,0.021005524,0.019408643,0.36617526,0.124568865,0.92217034,-0.21367595,-0.9532634,0.21361536,0.90568113,-0.27526632,-0.3224441,,0.082764,1.2879169,0.4254324,0.99152,0.101847894,-0.08071593,0.019893108,-0.7327443,-0.6802133,-0.12842242,0.6728394,-0.7285567,,-0.10564164,0.23424684,-0.12940335,0.12631609,-0.84948784,0.51226425,0.49022308,0.5023932,0.7122376,-0.8623952,0.1611567,0.4798989,,-0.06635043,0.42442352,-0.33670264,-0.4555088,0.036514666,-0.8894821,0.5002507,-0.8159874,-0.28967878,-0.7363837,-0.5769153,0.35342294,,1.0455267447111367,0.36891494940170483,0.19393924319000003,1.8968552287610074,-1.1767135359799732,0.040808517532537225,-0.4258379804120661,,-1.252024899035026,0.20730904127568273,0.19404683526000002,-1.5311559673239967,-0.8569841265288425,0.3584577818182322,0.8720939690909169,,-0.07621634677302738,-0.033641221332190704,0.09367612488,-0.1102278800231344,,5.479902e-06,3.5762787e-06,8.34465e-07,0.99999994,5.379319e-06,4.976988e-06,-5.3942204e-06,1.0000001,9.536743e-07,-4.9695373e-06,-9.834766e-07,1.0,307,0.933,0,0,0.0,False,-0.259580147031059,1.04748721892599
