camera_matrix:
- - 1746.5262716009165
  - 0.0
  - 744.5960668569733
- - 0.0
  - 1711.3563353851027
  - 531.2279064629898
- - 0.0
  - 0.0
  - 1.0
dist_coeff:
- - -0.3271068831918726
  - 1.0418803015996454
  - 0.011220304328083188
  - 0.006843830029016873
  - -5.1539460995383894
mean reprojection error:
- 0.05098599059839885
