Task Time,PC1 Time,PC2 Time,Gaze Calib,s_T_psm1,Tx,Ty,Tz,R00,R01,R02,R10,R11,R12,R20,R21,R22,s_T_psm3,Tx,Ty,Tz,R00,R01,R02,R10,R11,R12,R20,R21,R22,cart_T_ecm,Tx,Ty,Tz,R00,R01,R02,R10,R11,R12,R20,R21,R22,ecm_T_psm1,Tx,Ty,Tz,R00,R01,R02,R10,R11,R12,R20,R21,R22,ecm_T_psm3,Tx,Ty,Tz,R00,R01,R02,R10,R11,R12,R20,R21,R22,psm1_joints,q1,q2,q3,q4,q5,q6,jaw,psm3_joints,q1,q2,q3,q4,q5,q6,jaw,ecm_joints,q1,q2,q3,q4,ecmi_T_ecm,Tx,Ty,Tz,R00,R01,R02,R10,R11,R12,R20,R21,R22,Sample #,Task Duration (s),Collisions (binary),Collisions (increments),Cumulative Collision Time (s),Clutch Press,MTMR Angle,MTML Angle
""
lci_T_si,,,,,-0.049124364,0.02991215,0.20692563,0.9896189,-0.012728876,0.14315182,0.085764766,-0.7469579,-0.65931654,0.115320735,0.6647495,-0.7381119
rci_T_si,,,,,-0.058113385,0.033566415,0.21507215,0.9884834,-0.028870352,0.14854968,0.08002212,-0.73343956,-0.675028,0.1284405,0.6791413,-0.7226826
ecm_T_lc,,,,,-4.4061628e-05,-0.00034663224,-0.01840835,-0.99912,0.030754527,0.028518902,-0.031987965,-0.99852574,-0.043852776,0.027128186,-0.04472645,0.9986309
ecm_T_rc,,,,,-0.0043358393,0.01870579,-0.007592615,-0.99555075,-0.052743673,-0.078081585,0.04863213,-0.9973746,0.053654674,-0.08070653,0.04961868,0.9955021
cart_T_ecmi,,,,,0.0835391,1.2908473,0.4262244,0.99383307,0.08264993,-0.07392409,0.012264122,-0.7445041,-0.66750526,-0.110206045,0.6624822,-0.74092644
ecmac_T_ecmrep_psm1,,,,,0.023195708,-0.2631036,-0.30022871,0.99664557,0.07921609,0.02055357,-0.078295335,0.99603295,-0.04228661,-0.023821812,0.040535513,0.9988941
ecmac_T_ecmrep_psm3,,,,,0.022281613,-0.4507852,-0.5326207,0.99995744,0.002629678,0.008843231,-0.0032003638,0.99787027,0.06515156,-0.008653069,-0.06517708,0.9978362
""
0,13:59:13.831647,13:57:53.824127,0,,0.12628886,-0.0017622933,0.02415815,0.5396846,0.6970677,-0.47205633,0.075215906,0.51855856,0.8517273,0.83850044,-0.49517033,0.22742745,,0.01728303,-0.0089898035,0.005363643,0.20985866,0.63545257,0.74307436,-0.31647775,-0.6749351,0.6665617,0.92509526,-0.37505013,0.059465587,,0.08340446,1.2908493,0.42621395,0.9938311,0.08277097,-0.07381556,0.01242571,-0.7444906,-0.66751724,-0.110206045,0.6624822,-0.74092644,,-0.118893966,0.25200054,-0.1028869,-0.62914795,-0.6064247,0.48623237,0.5940919,0.028217023,0.8039021,-0.5012261,0.7946401,0.3425193,,-0.014911357,0.41726547,-0.3361654,-0.37201217,-0.56431854,-0.7369882,0.4382673,-0.80668515,0.39646038,-0.8182474,-0.17550972,0.5474191,,1.0756067892562413,0.49792320206562524,0.21625617183,3.3105848277336705,-0.5802952145038256,-1.1904407421842698,-0.3946392637804188,,-1.0197096487126043,0.2692762498584602,0.19717996819000003,-1.5682710873207575,-1.1809492674727018,-0.3482855525684158,0.8765042588765424,,-0.06912158336367043,-0.051437034717837886,0.09109722752,-0.09158399527144698,,-0.00013263896,-1.9490719e-05,1.6331673e-05,1.0,0.00012046099,0.000107713044,-0.00012046099,1.0,1.7881393e-05,-0.000107713044,-1.7940998e-05,1.0,35,0.105,0,0,0.0,False,-0.23813216836348694,1.0506737121774343
0.1277892431244254,13:59:13.851229,13:57:53.824127,0,,0.12629203,-0.0017632619,0.024168193,0.539178,0.6982828,-0.47083786,0.07402781,0.51760364,0.85241205,0.83893204,-0.49445695,0.22738805,,0.017281279,-0.0089888945,0.0053637624,0.20986821,0.63545126,0.74307275,-0.3164816,-0.6749313,0.66656375,0.92509174,-0.37505937,0.05946198,,0.08340446,1.2908493,0.42621395,0.9938311,0.08277097,-0.07381556,0.01242571,-0.7444906,-0.66751724,-0.110206045,0.6624822,-0.74092644,,-0.11889835,0.25200638,-0.10289452,-0.6287581,-0.60776305,0.48506433,0.59351563,0.02793472,0.8043375,-0.50239676,0.79362696,0.34315267,,-0.014909638,0.41726637,-0.33616498,-0.372021,-0.56431556,-0.736986,0.43826094,-0.80668914,0.3964593,-0.8182467,-0.17550099,0.54742277,,1.0756222347219897,0.4979077565998768,0.21625487554000003,3.310794517677155,-0.5816615795014799,-1.1893265631473058,-0.3946392637804188,,-1.01970192597973,0.2692839725913344,0.19717996819000003,-1.5682710873207575,-1.1809492674727018,-0.3482855525684158,0.8765042588765424,,-0.06912158336367043,-0.051437034717837886,0.09109722752,-0.09158399527144698,,-0.00013263896,-1.9490719e-05,1.6331673e-05,1.0,0.00012046099,0.000107713044,-0.00012046099,1.0,1.7881393e-05,-0.000107713044,-1.7940998e-05,1.0,43,0.129,0,0,0.0,False,-0.2386683678301762,1.0507702725789931
0.14737155591137707,13:59:13.885962,13:57:53.926662,0,,0.12631913,-0.0017668083,0.02419445,0.53600836,0.70124996,-0.4700464,0.07197133,0.5168019,0.8530744,0.8411392,-0.49108487,0.22654024,,0.017280862,-0.0089916065,0.0053609014,0.21002525,0.6354829,0.7430013,-0.31648773,-0.6748433,0.66664994,0.925054,-0.3751641,0.05938834,,0.08340446,1.2908493,0.42621395,0.9938311,0.08277097,-0.07381556,0.01242571,-0.7444906,-0.66751724,-0.110206045,0.6624822,-0.74092644,,-0.11892845,0.2520202,-0.10291293,-0.6259796,-0.61114126,0.48441294,0.593582,0.029471142,0.80423373,-0.5057766,0.7909727,0.34431407,,-0.014908752,0.41726255,-0.3361652,-0.37216896,-0.5643276,-0.73690206,0.43820944,-0.8067108,0.39647225,-0.818207,-0.17536275,0.5475264,,1.0755063937288762,0.49789231113412835,0.21625487554000003,3.30869761824231,-0.5856240379946778,-1.1869122313415152,-0.39365919938361293,,-1.019694203246856,0.2692762498584602,0.19717996819000003,-1.5680613973772732,-1.1808126309729363,-0.34856032795239356,0.8761775707442738,,-0.06912158336367043,-0.051437034717837886,0.09109722752,-0.09158399527144698,,-0.00013263896,-1.9490719e-05,1.6331673e-05,1.0,0.00012046099,0.000107713044,-0.00012046099,1.0,1.7881393e-05,-0.000107713044,-1.7940998e-05,1.0,54,0.163,0,0,0.0,False,-0.23884710098573914,1.051108233984449
0.18200425105169415,13:59:13.906003,13:57:53.926662,0,,0.12632655,-0.0017717332,0.024194837,0.5359736,0.701121,-0.4702783,0.071983665,0.51706547,0.85291356,0.84116024,-0.49099153,0.22666419,,0.017281353,-0.008992828,0.0053604245,0.21002279,0.6354214,0.7430546,-0.3164816,-0.6749018,0.6665936,0.92505664,-0.37516287,0.059354395,,0.08340446,1.2908493,0.42621395,0.9938311,0.08277097,-0.07381556,0.01242571,-0.7444906,-0.66751724,-0.110206045,0.6624822,-0.74092644,,-0.11893613,0.2520165,-0.10291561,-0.625947,-0.61101043,0.48462006,0.59360653,0.029734476,0.8042059,-0.5057881,0.7910639,0.34408757,,-0.014909154,0.4172613,-0.3361657,-0.37216696,-0.56426775,-0.7369489,0.43821582,-0.80674136,0.39640293,-0.8182045,-0.17541458,0.54751354,,1.075460057331631,0.4979000338670026,0.21625228296000001,3.30869761824231,-0.5856240379946778,-1.1872389463020774,-0.39431257564815003,,-1.019694203246856,0.26926852712558597,0.19717996819000003,-1.5680613973772732,-1.1808126309729363,-0.348478649212253,0.8760142266781397,,-0.06912158336367043,-0.051437034717837886,0.09109722752,-0.09158399527144698,,-0.00013263896,-1.9490719e-05,1.6331673e-05,1.0,0.00012046099,0.000107713044,-0.00012046099,1.0,1.7881393e-05,-0.000107713044,-1.7940998e-05,1.0,62,0.187,0,0,0.0,False,-0.23968118904503388,1.0513013547875674
0.20214608707465231,13:59:13.933310,13:57:53.926662,0,,0.12633753,-0.0017770231,0.024200618,0.5359243,0.7010433,-0.47045016,0.07197964,0.51726073,0.85279554,0.841192,-0.4908967,0.22675171,,0.017282337,-0.008995302,0.0053593516,0.21001783,0.6354199,0.7430573,-0.31646925,-0.67490995,0.66659117,0.925062,-0.37515077,0.05934775,,0.08340446,1.2908493,0.42621395,0.9938311,0.08277097,-0.07381556,0.01242571,-0.7444906,-0.66751724,-0.110206045,0.6624822,-0.74092644,,-0.11894796,0.252016,-0.10292203,-0.625902,-0.61093426,0.48477417,0.5936267,0.029946078,0.8041832,-0.50582016,0.79111475,0.34392357,,-0.0149099585,0.41725874,-0.3361667,-0.37216294,-0.5642684,-0.7369504,0.43822858,-0.8067378,0.39639607,-0.8181995,-0.1754288,0.54751647,,1.0754059982015114,0.4979309247984995,0.21624580151000003,3.30869761824231,-0.5856240379946778,-1.187483982522499,-0.39480260784655274,,-1.019694203246856,0.2692530816598375,0.19717996819000003,-1.5680613973772732,-1.1808126309729363,-0.34847864921225297,0.8763409148104082,,-0.06912158336367043,-0.051437034717837886,0.09109722752,-0.09158399527144698,,-0.00013263896,-1.9490719e-05,1.6331673e-05,1.0,0.00012046099,0.000107713044,-0.00012046099,1.0,1.7881393e-05,-0.000107713044,-1.7940998e-05,1.0,70,0.211,0,0,0.0,False,-0.23980034448207643,1.0508668329805522
0.2294273809529841,13:59:13.955259,13:57:53.926662,0,,0.1263302,-0.0017742068,0.024205148,0.5365815,0.70027053,-0.47085193,0.07237738,0.5177331,0.85247517,0.8407389,-0.4915015,0.22712225,,0.017284855,-0.008994646,0.0053602457,0.2100037,0.6354848,0.7430058,-0.31647387,-0.67485505,0.6666446,0.9250636,-0.3751397,0.059392244,,0.08340446,1.2908493,0.42621395,0.9938311,0.08277097,-0.07381556,0.01242571,-0.7444906,-0.66751724,-0.110206045,0.6624822,-0.74092644,,-0.11894108,0.2520214,-0.102924384,-0.6264801,-0.6100725,0.4851126,0.5935946,0.029924467,0.8042077,-0.50514174,0.79178035,0.34338865,,-0.014912593,0.41725954,-0.3361665,-0.37214935,-0.56433386,-0.7369072,0.4382285,-0.80670106,0.39647093,-0.8182058,-0.17538732,0.54752046,,1.075460057331631,0.49796181572999637,0.21623932006000002,3.309116998129279,-0.584804218996085,-1.1883158474249587,-0.39480260784655297,,-1.0197096487126043,0.2692530816598375,0.19717996819000003,-1.5680613973772732,-1.1808126309729363,-0.3485603279523936,0.8765042588765426,,-0.06912158336367043,-0.051437034717837886,0.09109722752,-0.09158399527144698,,-0.00013263896,-1.9490719e-05,1.6331673e-05,1.0,0.00012046099,0.000107713044,-0.00012046099,1.0,1.7881393e-05,-0.000107713044,-1.7940998e-05,1.0,74,0.224,0,0,0.0,False,-0.24140894288214376,1.0506737121774343
0.25140543398447335,13:59:13.983839,13:57:53.926662,0,,0.12631787,-0.0017688051,0.024225771,0.5359524,0.7008355,-0.4707277,0.071781605,0.5177231,0.8525317,0.84119105,-0.49070594,0.22716779,,0.017284855,-0.008994646,0.0053602457,0.2100037,0.6354241,0.7430577,-0.31647387,-0.6749095,0.6665895,0.9250636,-0.37514454,0.059361607,,0.08340446,1.2908493,0.42621395,0.9938311,0.08277097,-0.07381556,0.01242571,-0.7444906,-0.66751724,-0.110206045,0.6624822,-0.74092644,,-0.11893097,0.25203967,-0.102937475,-0.6259401,-0.61072624,0.48498708,0.5934776,0.030425504,0.8042752,-0.50594795,0.7912571,0.3434078,,-0.014912593,0.41725954,-0.3361665,-0.37214935,-0.56427366,-0.73695326,0.4382285,-0.8067334,0.39640504,-0.8182058,-0.17543204,0.5475061,,1.075560452858996,0.49796181572999637,0.21623024603000002,3.30869761824231,-0.5857606744944432,-1.1879443157997864,-0.3952926400449559,,-1.0197096487126043,0.2692530816598375,0.19717996819000003,-1.5680613973772732,-1.1808126309729363,-0.3484786492122531,0.8766676029426768,,-0.06912158336367043,-0.051437034717837886,0.09109722752,-0.09158399527144698,,-0.00013263896,-1.9490719e-05,1.6331673e-05,1.0,0.00012046099,0.000107713044,-0.00012046099,1.0,1.7881393e-05,-0.000107713044,-1.7940998e-05,1.0,85,0.256,0,0,0.0,False,-0.2439707847785484,1.0507219923782136
0.27998434309847653,13:59:14.003857,13:57:54.061120,0,,0.12631452,-0.0017532706,0.024278134,0.5324823,0.7037794,-0.47027344,0.069485545,0.517369,0.85293674,0.8435842,-0.486851,0.2265873,,0.017284095,-0.008996181,0.0053592324,0.2100083,0.6354212,0.74305886,-0.31646544,-0.6749138,0.66658914,0.92506546,-0.37514165,0.059351325,,0.08340446,1.2908493,0.42621395,0.9938311,0.08277097,-0.07381556,0.01242571,-0.7444906,-0.66751724,-0.110206045,0.6624822,-0.74092644,,-0.11893294,0.25208628,-0.102966055,-0.622898,-0.6141142,0.48462543,0.5935015,0.032617897,0.8041716,-0.5096607,0.7885428,0.3441601,,-0.014911678,0.41725788,-0.3361671,-0.37215412,-0.5642714,-0.7369526,0.43823493,-0.80673385,0.3963971,-0.8182001,-0.17543752,0.54751277,,1.075668571119235,0.4979695384628706,0.21622117200000002,3.3061813389204957,-0.5901330424869373,-1.18568580272375,-0.3975794569708355,,-1.01970192597973,0.26924535892696333,0.19717996819000003,-1.5680613973772732,-1.1808126309729363,-0.3484786492122531,0.8766676029426768,,-0.06912158336367043,-0.051437034717837886,0.09109722752,-0.09158399527144698,,-0.00013263896,-1.9490719e-05,1.6331673e-05,1.0,0.00012046099,0.000107713044,-0.00012046099,1.0,1.7881393e-05,-0.000107713044,-1.7940998e-05,1.0,97,0.293,0,0,0.0,False,-0.2448048728378427,1.0509151131813312
0.3000011129770428,13:59:14.036903,13:57:54.061120,0,,0.1262851,-0.0017393157,0.024341732,0.53161967,0.7010573,-0.47528842,0.068847,0.52352995,0.8492211,0.8441804,-0.4841848,0.23005316,,0.01728344,-0.008998044,0.0053581595,0.21004274,0.6352593,0.74318755,-0.31653187,-0.6750196,0.6664505,0.92503494,-0.37522557,0.059296787,,0.08340446,1.2908493,0.42621395,0.9938311,0.08277097,-0.07381556,0.01242571,-0.7444906,-0.66751724,-0.110206045,0.6624822,-0.74092644,,-0.11891047,0.25214022,-0.103007145,-0.62214535,-0.6114031,0.4890004,0.59345794,0.039086875,0.8039154,-0.51062983,0.79035336,0.33852428,,-0.014910852,0.41725588,-0.33616784,-0.37218314,-0.56409794,-0.7370707,0.43816373,-0.8068457,0.3962481,-0.8182251,-0.17548078,0.5474616,,1.0759311440369588,0.4980544885244871,0.21618357959,3.3053425791465574,-0.5912261344850608,-1.1922272248469699,-0.39872286543377555,,-1.019694203246856,0.26924535892696333,0.19717996819000003,-1.5678517074337885,-1.1808126309729363,-0.3484786492122531,0.8766676029426768,,-0.06912158336367043,-0.051437034717837886,0.09109722752,-0.09158399527144698,,-0.00013263896,-1.9490719e-05,1.6331673e-05,1.0,0.00012046099,0.000107713044,-0.00012046099,1.0,1.7881393e-05,-0.000107713044,-1.7940998e-05,1.0,105,0.318,0,0,0.0,False,-0.24796249191945785,1.0506737121774343
0.33304554410278797,13:59:14.063389,13:57:54.061120,0,,0.12626623,-0.00174319,0.024428904,0.5305156,0.70180714,-0.47541553,0.0669246,0.52441853,0.8488264,0.8450291,-0.48213267,0.23124398,,0.017282948,-0.008996807,0.005358696,0.21004522,0.6351993,0.74323815,-0.31653804,-0.67507,0.6663965,0.92503226,-0.3752365,0.059269458,,0.08340446,1.2908493,0.42621395,0.9938311,0.08277097,-0.07381556,0.01242571,-0.7444906,-0.66751724,-0.110206045,0.6624822,-0.74092644,,-0.11890211,0.25219622,-0.10307615,-0.62125003,-0.6123397,0.48896682,0.592637,0.041087367,0.804421,-0.51266927,0.7895264,0.33736962,,-0.01491045,0.41725716,-0.33616734,-0.37218514,-0.5640374,-0.73711604,0.43815732,-0.8068799,0.3961856,-0.8182276,-0.1755184,0.54744583,,1.0761628260231855,0.49813943858610354,0.21612395025000003,3.305132889203073,-0.5935489549810733,-1.1928651614284882,-0.4011730264257898,,-1.019694203246856,0.2692530816598375,0.19717996819000003,-1.5678517074337885,-1.1808126309729363,-0.34839697047211243,0.8765042588765424,,-0.06912158336367043,-0.051437034717837886,0.09109722752,-0.09158399527144698,,-0.00013263896,-1.9490719e-05,1.6331673e-05,1.0,0.00012046099,0.000107713044,-0.00012046099,1.0,1.7881393e-05,-0.000107713044,-1.7940998e-05,1.0,124,0.375,0,0,0.0,False,-0.2489753131343151,1.050963393382111
0.35953063308261335,13:59:14.123974,13:57:54.061120,0,,0.1261957,-0.0017358139,0.02464497,0.53039604,0.69999313,-0.4782151,0.066511154,0.52800035,0.8466356,0.8451368,-0.48085877,0.23349188,,0.01728344,-0.008998044,0.0053581595,0.21004274,0.6351379,0.7432914,-0.31653187,-0.67512846,0.6663402,0.92503494,-0.3752353,0.059235513,,0.08340446,1.2908493,0.42621395,0.9938311,0.08277097,-0.07381556,0.01242571,-0.7444906,-0.66751724,-0.110206045,0.6624822,-0.74092644,,-0.118857,0.2523486,-0.103238836,-0.62116563,-0.61050165,0.49136645,0.5924059,0.04467312,0.8044001,-0.51303846,0.7907541,0.3339154,,-0.014910852,0.41725588,-0.33616784,-0.37218314,-0.56397754,-0.7371628,0.43816373,-0.80691046,0.3961163,-0.8182251,-0.1755702,0.54743296,,1.0768501492489915,0.498533297962689,0.21595672884000003,3.304503819372619,-0.5936855914808388,-1.1963476080909763,-0.4041132196162067,,-1.019694203246856,0.26924535892696333,0.19717996819000003,-1.5678517074337885,-1.1808126309729363,-0.3483152917319719,0.8763409148104082,,-0.06912158336367043,-0.051437034717837886,0.09109722752,-0.09158399527144698,,-0.00013263896,-1.9490719e-05,1.6331673e-05,1.0,0.00012046099,0.000107713044,-0.00012046099,1.0,1.7881393e-05,-0.000107713044,-1.7940998e-05,1.0,132,0.4,0,0,0.0,False,-0.24826038051206245,1.050963393382111
0.42008779011666775,13:59:14.148031,13:57:54.212325,0,,0.12616906,-0.0017237887,0.024689108,0.5313341,0.6985815,-0.47923687,0.067090064,0.5292214,0.84582716,0.8445016,-0.48156884,0.23432548,,0.01728405,-0.008999564,0.0053574443,0.2100701,0.634978,0.74342024,-0.3166006,-0.67523396,0.6662006,0.9250052,-0.37531602,0.05918789,,0.08340446,1.2908493,0.42621395,0.9938311,0.08277097,-0.07381556,0.01242571,-0.7444906,-0.66751724,-0.110206045,0.6624822,-0.74092644,,-0.11883508,0.25238803,-0.10326655,-0.6219916,-0.60895485,0.49224025,0.5923762,0.04516336,0.80439466,-0.51207125,0.7919181,0.3326391,,-0.014911343,0.4172543,-0.33616844,-0.37220535,-0.56380665,-0.73728234,0.43809247,-0.80702007,0.3959717,-0.8182531,-0.17561506,0.54737663,,1.0770818312352182,0.49865686168867657,0.21592172901,3.3049231992595884,-0.5924558629829498,-1.1980037991453687,-0.40411321961620694,,-1.019694203246856,0.26924535892696333,0.19717996819000003,-1.567642017490304,-1.1808126309729363,-0.3483152917319719,0.8763409148104082,,-0.06912158336367043,-0.051437034717837886,0.09109722752,-0.09158399527144698,,-0.00013263896,-1.9490719e-05,1.6331673e-05,1.0,0.00012046099,0.000107713044,-0.00012046099,1.0,1.7881393e-05,-0.000107713044,-1.7940998e-05,1.0,140,0.424,0,0,0.0,False,-0.24778375876389402,1.05105995378367
0.4441723709460348,13:59:14.169140,13:57:54.212325,0,,0.12609686,-0.0017004535,0.02477169,0.53247446,0.69608915,-0.48159188,0.06753889,0.5322038,0.843918,0.84374714,-0.48189104,0.23637179,,0.01728405,-0.008999564,0.0053574443,0.2100701,0.634978,0.74342024,-0.3166006,-0.67523396,0.6662006,0.9250052,-0.37531602,0.05918789,,0.08340446,1.2908493,0.42621395,0.9938311,0.08277097,-0.07381556,0.01242571,-0.7444906,-0.66751724,-0.110206045,0.6624822,-0.74092644,,-0.118771896,0.2524633,-0.103320554,-0.6230111,-0.60628927,0.4942372,0.5921622,0.04726507,0.80443144,-0.5110783,0.7938384,0.32957494,,-0.014911343,0.4172543,-0.33616844,-0.37220535,-0.56380665,-0.73728234,0.43809247,-0.80702007,0.3959717,-0.8182531,-0.17561506,0.54737663,,1.0776146998035396,0.4987881481475384,0.21585950709,3.3053425791465574,-0.5912261344850608,-1.2016202799631346,-0.40476659588074404,,-1.019694203246856,0.26924535892696333,0.19717996819000003,-1.567642017490304,-1.1808126309729363,-0.3483152917319719,0.8763409148104082,,-0.06912158336367043,-0.051437034717837886,0.09109722752,-0.09158399527144698,,-0.00013263896,-1.9490719e-05,1.6331673e-05,1.0,0.00012046099,0.000107713044,-0.00012046099,1.0,1.7881393e-05,-0.000107713044,-1.7940998e-05,1.0,148,0.449,0,0,0.0,False,-0.24885615769727254,1.0506737121774343
0.4652781900949776,13:59:14.198237,13:57:54.212325,0,,0.12604539,-0.0016788915,0.024826467,0.5315832,0.6961925,-0.48242646,0.067650676,0.5328492,0.84350175,0.8443001,-0.48102787,0.23615567,,0.017284542,-0.009000801,0.0053569674,0.21006761,0.6350379,0.74336976,-0.3165944,-0.67518365,0.6662545,0.9250078,-0.3753052,0.059215218,,0.08340446,1.2908493,0.42621395,0.9938311,0.08277097,-0.07381556,0.01242571,-0.7444906,-0.66751724,-0.110206045,0.6624822,-0.74092644,,-0.11872611,0.2525179,-0.10335277,-0.62218577,-0.60645866,0.4950684,0.5926491,0.048316956,0.8040103,-0.5115192,0.7936456,0.3293551,,-0.014911745,0.41725305,-0.33616894,-0.37220332,-0.5638672,-0.73723704,0.43809885,-0.806986,0.39603418,-0.8182506,-0.17557746,0.5473924,,1.0779622227828798,0.49882676181190955,0.21582839613000002,3.303874749542166,-0.5917726804841226,-1.2013379658286298,-0.4031331552194011,,-1.019694203246856,0.2692376361940891,0.19717996819000003,-1.567642017490304,-1.1808126309729363,-0.34839697047211243,0.876177570744274,,-0.06912158336367043,-0.051437034717837886,0.09109722752,-0.09158399527144698,,-0.00013263896,-1.9490719e-05,1.6331673e-05,1.0,0.00012046099,0.000107713044,-0.00012046099,1.0,1.7881393e-05,-0.000107713044,-1.7940998e-05,1.0,156,0.474,0,0,0.0,False,-0.24903489085283592,1.0508668329805522
0.4943778170272708,13:59:14.220192,13:57:54.212325,0,,0.12597397,-0.0016527921,0.02488029,0.53027177,0.6957466,-0.4845085,0.068819016,0.53426284,0.84251237,0.84503,-0.48010397,0.23542392,,0.017281525,-0.009000234,0.00535661,0.21008426,0.6350344,0.7433679,-0.31659597,-0.6751801,0.66625744,0.9250035,-0.37531748,0.059204668,,0.08340446,1.2908493,0.42621395,0.9938311,0.08277097,-0.07381556,0.01242571,-0.7444906,-0.66751724,-0.110206045,0.6624822,-0.74092644,,-0.1186602,0.25257602,-0.103383675,-0.62090915,-0.6060502,0.4971669,0.5940566,0.050002493,0.80286765,-0.5114377,0.79385316,0.32898113,,-0.014908708,0.41725352,-0.33616865,-0.37221894,-0.5638616,-0.7372334,0.43809256,-0.8069921,0.39602864,-0.8182469,-0.17556712,0.5474013,,1.0783715276252137,0.49883448454478374,0.21579598888,3.3011487802768666,-0.5917726804841226,-1.2012562870884895,-0.40394987555007233,,-1.0196787577811073,0.26924535892696333,0.19717996819000003,-1.567642017490304,-1.1808126309729363,-0.34839697047211243,0.876177570744274,,-0.06912158336367043,-0.051437034717837886,0.09109722752,-0.09158399527144698,,-0.00013263896,-1.9490719e-05,1.6331673e-05,1.0,0.00012046099,0.000107713044,-0.00012046099,1.0,1.7881393e-05,-0.000107713044,-1.7940998e-05,1.0,167,0.506,0,0,0.0,False,-0.2481412250750208,1.0505771517758753
0.5163290549535304,13:59:14.253976,13:57:54.212325,0,,0.12591924,-0.0016218275,0.024947643,0.5246927,0.6985721,-0.48651263,0.068529904,0.5349837,0.84207845,0.8485288,-0.47517312,0.2328289,,0.017281525,-0.009000234,0.00535661,0.21008426,0.6350344,0.7433679,-0.31659597,-0.6751801,0.66625744,0.9250035,-0.37531748,0.059204668,,0.08340446,1.2908493,0.42621395,0.9938311,0.08277097,-0.07381556,0.01242571,-0.7444906,-0.66751724,-0.110206045,0.6624822,-0.74092644,,-0.11861214,0.25264612,-0.10341927,-0.61579925,-0.6093901,0.49943468,0.5963939,0.053716928,0.8008925,-0.51488405,0.7910488,0.3303577,,-0.014908708,0.41725352,-0.33616865,-0.37221894,-0.5638616,-0.7372334,0.43809256,-0.8069921,0.39602864,-0.8182469,-0.17556712,0.5474013,,1.0786649914744342,0.49877270268178997,0.21577913711000002,3.2946483920288467,-0.5960084119768512,-1.197884010814041,-0.40378653148393817,,-1.0196787577811073,0.26924535892696333,0.19717996819000003,-1.567642017490304,-1.1808126309729363,-0.34839697047211243,0.876177570744274,,-0.06912158336367043,-0.051437034717837886,0.09109722752,-0.09158399527144698,,-0.00013263896,-1.9490719e-05,1.6331673e-05,1.0,0.00012046099,0.000107713044,-0.00012046099,1.0,1.7881393e-05,-0.000107713044,-1.7940998e-05,1.0,175,0.531,0,0,0.0,False,-0.2476646033268528,1.0509151131813312
0.550120874075219,13:59:14.279633,13:57:54.212325,0,,0.12589255,-0.0016226172,0.024957478,0.5249966,0.6978578,-0.48720944,0.06820062,0.53610885,0.8413893,0.8483674,-0.47495446,0.23386092,,0.017281368,-0.009003304,0.005354941,0.21011621,0.63487166,0.74349797,-0.31665626,-0.6752898,0.6661175,0.9249757,-0.37539536,0.059146702,,0.08340446,1.2908493,0.42621395,0.9938311,0.08277097,-0.07381556,0.01242571,-0.7444906,-0.66751724,-0.110206045,0.6624822,-0.74092644,,-0.11858687,0.25265315,-0.10343029,-0.616099,-0.6086483,0.49996927,0.59602934,0.054727927,0.8010954,-0.51494765,0.79155046,0.32905442,,-0.014908284,0.41725028,-0.33616987,-0.3722459,-0.56368846,-0.7373522,0.43802774,-0.8071021,0.3958761,-0.8182693,-0.17561746,0.54735166,,1.0788117233990444,0.4987186435516704,0.21576876679,3.2950677719158152,-0.5961450484766166,-1.1994061677131558,-0.4021530908225954,,-1.0196710350482332,0.2692376361940891,0.19717996819000003,-1.5674323275468196,-1.1808126309729363,-0.34839697047211243,0.876177570744274,,-0.06912158336367043,-0.051437034717837886,0.09109722752,-0.09158399527144698,,-0.00013263896,-1.9490719e-05,1.6331673e-05,1.0,0.00012046099,0.000107713044,-0.00012046099,1.0,1.7881393e-05,-0.000107713044,-1.7940998e-05,1.0,183,0.555,0,0,0.0,False,-0.24736671473424732,1.0511565141852286
0.5757689320016652,13:59:14.300183,13:57:54.358184,0,,0.12585692,-0.0016294792,0.024964869,0.52665013,0.6960964,-0.48794392,0.06822711,0.5375325,0.8404783,0.8473397,-0.47592914,0.23559882,,0.017284214,-0.00900694,0.005353689,0.21013154,0.6347123,0.74362975,-0.316715,-0.67540324,0.6659746,0.9249521,-0.37546092,0.059099376,,0.08340446,1.2908493,0.42621395,0.9938311,0.08277097,-0.07381556,0.01242571,-0.7444906,-0.66751724,-0.110206045,0.6624822,-0.74092644,,-0.11855275,0.25265437,-0.10344463,-0.6176177,-0.6067132,0.5004473,0.59529877,0.055206094,0.80160564,-0.51397246,0.79300153,0.32707936,,-0.014910895,0.41724655,-0.3361714,-0.37225726,-0.56352085,-0.7374746,0.4379692,-0.807206,0.39572912,-0.8182955,-0.17567813,0.54729307,,1.0790047917209,0.4986645844215508,0.21574932244000003,3.296745291463692,-0.5950519564784932,-1.2020944432258194,-0.402479778954864,,-1.0196787577811073,0.26922219072834064,0.19717996819000003,-1.567222637603335,-1.1808126309729363,-0.34839697047211243,0.876177570744274,,-0.06912158336367043,-0.051437034717837886,0.09109722752,-0.09158399527144698,,-0.00013263896,-1.9490719e-05,1.6331673e-05,1.0,0.00012046099,0.000107713044,-0.00012046099,1.0,1.7881393e-05,-0.000107713044,-1.7940998e-05,1.0,191,0.58,0,0,0.0,False,-0.24790291420093657,1.0506254319766548
0.5963284780737013,13:59:14.331160,13:57:54.358184,0,,0.12581411,-0.0016285852,0.025000155,0.5268347,0.6957322,-0.48826414,0.06814182,0.53802913,0.8401674,0.84723186,-0.47590056,0.23604393,,0.017283022,-0.009008251,0.005355537,0.21001348,0.6346371,0.7437272,-0.31676677,-0.6754924,0.6658596,0.9249612,-0.37542748,0.05916941,,0.08340446,1.2908493,0.42621395,0.9938311,0.08277097,-0.07381556,0.01242571,-0.7444906,-0.66751724,-0.110206045,0.6624822,-0.74092644,,-0.11851436,0.25268024,-0.1034752,-0.61779267,-0.6063292,0.50069666,0.59515613,0.055608913,0.8016837,-0.51392746,0.793267,0.32650575,,-0.014910051,0.41724718,-0.3361737,-0.37214306,-0.56345344,-0.73758376,0.43795606,-0.8072318,0.39569095,-0.8183545,-0.17577565,0.54717356,,1.0792596419057494,0.4986414162229281,0.21571821148000003,3.296745291463692,-0.5950519564784932,-1.2025845156666626,-0.40280646708713275,,-1.0196710350482332,0.26922219072834064,0.19717867190000002,-1.567222637603335,-1.1809492674727018,-0.3482855525684158,0.876177570744274,,-0.06912158336367043,-0.051437034717837886,0.09109722752,-0.09158399527144698,,-0.00013263896,-1.9490719e-05,1.6331673e-05,1.0,0.00012046099,0.000107713044,-0.00012046099,1.0,1.7881393e-05,-0.000107713044,-1.7940998e-05,1.0,199,0.605,0,0,0.0,False,-0.2481412250750208,1.0511565141852286
0.6273014601320028,13:59:14.357450,13:57:54.358184,0,,0.12577094,-0.0016208142,0.025021255,0.52733004,0.69392264,-0.4903003,0.06924072,0.54003847,0.8387873,0.84683454,-0.47626653,0.23673075,,0.017283514,-0.009009458,0.005354941,0.21001098,0.6346363,0.74372864,-0.31676063,-0.67549646,0.66585827,0.92496383,-0.37542143,0.059166074,,0.08340446,1.2908493,0.42621395,0.9938311,0.08277097,-0.07381556,0.01242571,-0.7444906,-0.66751724,-0.110206045,0.6624822,-0.74092644,,-0.118473604,0.2527018,-0.10349083,-0.61818004,-0.6043866,0.50256366,0.5956893,0.05693071,0.80119485,-0.5128428,0.7946544,0.3248332,,-0.014910453,0.4172459,-0.33617422,-0.37214103,-0.56345373,-0.73758453,0.43796244,-0.80723,0.39568752,-0.818352,-0.17578276,0.547175,,1.079491323891976,0.4986414162229281,0.21569617455,3.296325911576723,-0.5938222279806042,-1.2047307791618984,-0.4031331552194011,,-1.0196710350482332,0.2692144679954664,0.19717867190000002,-1.567222637603335,-1.1809492674727018,-0.3482855525684158,0.876177570744274,,-0.06912158336367043,-0.051437034717837886,0.09109722752,-0.09158399527144698,,-0.00013263896,-1.9490719e-05,1.6331673e-05,1.0,0.00012046099,0.000107713044,-0.00012046099,1.0,1.7881393e-05,-0.000107713044,-1.7940998e-05,1.0,214,0.65,0,0,0.0,False,-0.24802206963797868,1.0507702725789931
0.6535922870971262,13:59:14.397838,13:57:54.455653,0,,0.12571229,-0.001594156,0.025118113,0.5239851,0.697667,-0.48856956,0.06590521,0.53869087,0.8399218,0.8491738,-0.4723058,0.23628603,,0.017277986,-0.009009577,0.005353749,0.21004182,0.63462865,0.7437264,-0.31675753,-0.67549336,0.66586286,0.9249579,-0.37543988,0.059141606,,0.08340446,1.2908493,0.42621395,0.9938311,0.08277097,-0.07381556,0.01242571,-0.7444906,-0.66751724,-0.110206045,0.6624822,-0.74092644,,-0.11842534,0.25278854,-0.10355148,-0.6153101,-0.608633,0.50095844,0.594899,0.058423143,0.8016744,-0.5171931,0.79129803,0.3261268,,-0.014904781,0.4172456,-0.33617413,-0.37217027,-0.56344295,-0.73757803,0.43795624,-0.8072405,0.39567295,-0.818342,-0.1757692,0.54719424,,1.079970133330178,0.4986182480243055,0.21565858214000003,3.294229012141878,-0.5990144149716908,-1.2013136862228402,-0.40280646708713275,,-1.0196401441167362,0.26922219072834064,0.19717867190000002,-1.567222637603335,-1.1809492674727018,-0.3482855525684158,0.876177570744274,,-0.06912158336367043,-0.051437034717837886,0.09109722752,-0.09158399527144698,,-0.00013263896,-1.9490719e-05,1.6331673e-05,1.0,0.00012046099,0.000107713044,-0.00012046099,1.0,1.7881393e-05,-0.000107713044,-1.7940998e-05,1.0,222,0.674,0,0,0.0,False,-0.24879657997875215,1.0510116735828905
0.6939700611401349,13:59:14.421124,13:57:54.455653,0,,0.1256616,-0.0015916973,0.025142848,0.52519983,0.6954705,-0.49039355,0.06723264,0.5405572,0.8386165,0.8483188,-0.47341177,0.23714215,,0.017278582,-0.009011112,0.0053530335,0.2100691,0.6344686,0.7438552,-0.31682628,-0.67559886,0.66572326,0.9249282,-0.3755207,0.059093922,,0.08340446,1.2908493,0.42621395,0.9938311,0.08277097,-0.07381556,0.01242571,-0.7444906,-0.66751724,-0.110206045,0.6624822,-0.74092644,,-0.11837781,0.25280884,-0.10357421,-0.6163456,-0.60622776,0.50259924,0.5952688,0.059160117,0.8013458,-0.5155319,0.79308766,0.32440537,,-0.014905271,0.41724402,-0.33617476,-0.3721924,-0.563272,-0.7376974,0.43788502,-0.80735004,0.3955283,-0.81837004,-0.17581402,0.5471379,,1.0802404289807759,0.4986182480243055,0.21562617489000002,3.2944387020853623,-0.5971015039749749,-1.2036903242759955,-0.4028064670871325,,-1.0196401441167362,0.26922219072834064,0.19717867190000002,-1.5670129476598507,-1.1809492674727018,-0.3482855525684158,0.876177570744274,,-0.06912158336367043,-0.051437034717837886,0.09109722752,-0.09158399527144698,,-0.00013263896,-1.9490719e-05,1.6331673e-05,1.0,0.00012046099,0.000107713044,-0.00012046099,1.0,1.7881393e-05,-0.000107713044,-1.7940998e-05,1.0,230,0.699,0,0,0.0,False,-0.24903489085283592,1.0507702725789931
0.7172682429663837,13:59:14.448142,13:57:54.455653,0,,0.12556839,-0.0015784428,0.025227249,0.52548826,0.6951979,-0.49047112,0.06677064,0.5410059,0.838364,0.8481767,-0.47329956,0.2378734,,0.01728034,-0.009011991,0.005352974,0.21005955,0.63447005,0.7438568,-0.3168224,-0.6756026,0.6657212,0.92493165,-0.37551156,0.0590975,,0.08340446,1.2908493,0.42621395,0.9938311,0.08277097,-0.07381556,0.01242571,-0.7444906,-0.66751724,-0.110206045,0.6624822,-0.74092644,,-0.11829454,0.25287867,-0.10363885,-0.61663926,-0.60594696,0.50257766,0.59481895,0.059579536,0.80164874,-0.5157,0.79327077,0.32368967,,-0.01490699,0.41724312,-0.33617514,-0.3721836,-0.563275,-0.7376996,0.43789136,-0.8073461,0.39552936,-0.81837064,-0.17582273,0.5471342,,1.0808428021449654,0.49861052529143124,0.21556136039,3.2944387020853623,-0.5973747769745056,-1.203957560909446,-0.40345984335166984,,-1.0196478668496105,0.2692144679954664,0.19717867190000002,-1.5670129476598507,-1.1809492674727018,-0.3482855525684158,0.876177570744274,,-0.06912158336367043,-0.051437034717837886,0.09109722752,-0.09158399527144698,,-0.00013263896,-1.9490719e-05,1.6331673e-05,1.0,0.00012046099,0.000107713044,-0.00012046099,1.0,1.7881393e-05,-0.000107713044,-1.7940998e-05,1.0,238,0.723,0,0,0.0,False,-0.24861784682318921,1.051108233984449
0.7442760309204459,13:59:14.471241,13:57:54.455653,0,,0.12551601,-0.0015619919,0.025292873,0.52467316,0.69683576,-0.48901728,0.064736515,0.5401113,0.83910006,0.8488387,-0.47191063,0.23827118,,0.017280072,-0.009014778,0.005351424,0.21006165,0.63446635,0.74385923,-0.3168078,-0.675611,0.6657195,0.9249362,-0.37550256,0.05908391,,0.08340446,1.2908493,0.42621395,0.9938311,0.08277097,-0.07381556,0.01242571,-0.7444906,-0.66751724,-0.110206045,0.6624822,-0.74092644,,-0.11824937,0.25293675,-0.103682555,-0.6160146,-0.6077803,0.50112784,0.593779,0.059776183,0.8024047,-0.51764125,0.79185224,0.32406417,,-0.014906477,0.41724017,-0.33617625,-0.37218636,-0.563273,-0.7376997,0.43790415,-0.8073447,0.395518,-0.81836253,-0.17583534,0.54714227,,1.0812521069872993,0.49860280255855705,0.21552765685000003,3.2944387020853623,-0.5996975974705181,-1.2025535289874505,-0.4031331552194013,,-1.0196401441167362,0.26919902252971795,0.19717867190000002,-1.5670129476598507,-1.1809492674727018,-0.3482855525684158,0.876177570744274,,-0.06912158336367043,-0.051437034717837886,0.09109722752,-0.09158399527144698,,-0.00013263896,-1.9490719e-05,1.6331673e-05,1.0,0.00012046099,0.000107713044,-0.00012046099,1.0,1.7881393e-05,-0.000107713044,-1.7940998e-05,1.0,246,0.748,0,0,0.0,False,-0.24903489085283592,1.0506254319766548
0.7673790049739182,13:59:14.498922,13:57:54.455653,0,,0.12542431,-0.0015650913,0.025396079,0.5268304,0.6942567,-0.49036455,0.06365308,0.54307383,0.8372688,0.84758365,-0.47231185,0.2419162,,0.017282546,-0.009017505,0.0053505898,0.21010914,0.63414836,0.74411696,-0.31694758,-0.6758215,0.66543937,0.9248775,-0.3756609,0.058995485,,0.08340446,1.2908493,0.42621395,0.9938311,0.08277097,-0.07381556,0.01242571,-0.7444906,-0.66751724,-0.110206045,0.6624822,-0.74092644,,-0.11817063,0.25300685,-0.1037717,-0.61806434,-0.60502046,0.50194293,0.5920512,0.0618138,0.8035262,-0.5171768,0.79380685,0.31999817,,-0.014908774,0.41723743,-0.33617738,-0.3722238,-0.5629337,-0.7379398,0.43776163,-0.80756146,0.3952331,-0.8184218,-0.17592657,0.54702437,,1.0819008165487343,0.4986414162229281,0.21543432397,3.2969549814071764,-0.5991510514714563,-1.2073281738296857,-0.4049299399468782,,-1.0196478668496105,0.26919902252971795,0.19717867190000002,-1.5665935677728815,-1.1809492674727018,-0.3482855525684158,0.876177570744274,,-0.06912158336367043,-0.051437034717837886,0.09109722752,-0.09158399527144698,,-0.00013263896,-1.9490719e-05,1.6331673e-05,1.0,0.00012046099,0.000107713044,-0.00012046099,1.0,1.7881393e-05,-0.000107713044,-1.7940998e-05,1.0,257,0.781,0,0,0.0,False,-0.2500477120676936,1.0506737121774343
0.7950638420879841,13:59:14.535125,13:57:54.595242,0,,0.12534058,-0.0015434027,0.025586575,0.52359635,0.6974505,-0.489295,0.059107423,0.543191,0.83752596,0.8499136,-0.46744657,0.2431883,,0.017280519,-0.009019397,0.0053490996,0.2101208,0.6340826,0.74416965,-0.31693682,-0.67588043,0.66538465,0.9248785,-0.3756659,0.058947533,,0.08340446,1.2908493,0.42621395,0.9938311,0.08277097,-0.07381556,0.01242571,-0.7444906,-0.66751724,-0.110206045,0.6624822,-0.74092644,,-0.11810868,0.25315332,-0.10390764,-0.6153667,-0.60874957,0.5007472,0.59035,0.06502103,0.8045242,-0.5223128,0.7906935,0.31936353,,-0.014906541,0.41723534,-0.3361781,-0.3722354,-0.5628685,-0.73798364,0.4377681,-0.8075963,0.3951547,-0.818413,-0.17597514,0.5470218,,1.0826653671032824,0.4987572572160415,0.21532413932000002,3.295487151802785,-0.6051630574611357,-1.2058562931529468,-0.40525662807914675,,-1.0196324213838621,0.26919129979684375,0.19717867190000002,-1.5665935677728815,-1.1809492674727018,-0.3482038738282753,0.8763409148104082,,-0.06912158336367043,-0.051437034717837886,0.09109722752,-0.09158399527144698,,-0.00013263896,-1.9490719e-05,1.6331673e-05,1.0,0.00012046099,0.000107713044,-0.00012046099,1.0,1.7881393e-05,-0.000107713044,-1.7940998e-05,1.0,265,0.805,0,0,0.0,False,-0.24820080279354162,1.0504805913743163
0.8312671049498022,13:59:14.555610,13:57:54.595242,0,,0.12528682,-0.0015602782,0.025660336,0.5258874,0.6948333,-0.49056005,0.059310704,0.5453922,0.83607984,0.8484837,-0.46877936,0.24560381,,0.01728227,-0.009020306,0.0053490996,0.21011125,0.634084,0.74417126,-0.31693298,-0.67588437,0.66538256,0.92488205,-0.37565678,0.0589512,,0.08340446,1.2908493,0.42621395,0.9938311,0.08277097,-0.07381556,0.01242571,-0.7444906,-0.66751724,-0.110206045,0.6624822,-0.74092644,,-0.11806485,0.25319207,-0.10397971,-0.6174615,-0.60588306,0.5016443,0.5894577,0.06587232,0.80510896,-0.52084637,0.7928219,0.3164688,,-0.014908261,0.41723448,-0.3361785,-0.37222657,-0.56287146,-0.73798585,0.43777445,-0.8075924,0.3951558,-0.8184137,-0.17598386,0.54701805,,1.0830360582812453,0.49882676181190955,0.21524247305000002,3.29758405123763,-0.603386782964185,-1.209673409365077,-0.4037865314839386,,-1.0196401441167362,0.2691835770639695,0.19717867190000002,-1.5665935677728815,-1.1809492674727018,-0.3482038738282753,0.8763409148104082,,-0.06912158336367043,-0.051437034717837886,0.09109722752,-0.09158399527144698,,-0.00013263896,-1.9490719e-05,1.6331673e-05,1.0,0.00012046099,0.000107713044,-0.00012046099,1.0,1.7881393e-05,-0.000107713044,-1.7940998e-05,1.0,273,0.83,0,0,0.0,False,-0.2489753131343151,1.0509151131813312
0.8517543571069837,13:59:14.583062,13:57:54.595242,0,,0.1252152,-0.0015929118,0.025852323,0.5257495,0.6948642,-0.49066398,0.058147132,0.5461113,0.83569205,0.8486497,-0.46789548,0.2467133,,0.0172835,-0.009027965,0.0053468347,0.21016541,0.6337593,0.7444325,-0.3170497,-0.67610735,0.6651003,0.92482966,-0.37580314,0.058838814,,0.08340446,1.2908493,0.42621395,0.9938311,0.08277097,-0.07381556,0.01242571,-0.7444906,-0.66751724,-0.110206045,0.6624822,-0.74092644,,-0.118017934,0.25329867,-0.10415143,-0.617405,-0.60597926,0.50159764,0.5887081,0.06699567,0.8055646,-0.52176034,0.7926542,0.31538147,,-0.014909137,0.41722757,-0.33618256,-0.3722715,-0.5625277,-0.7382252,0.43765116,-0.807808,0.3948515,-0.81845915,-0.17609313,0.5469148,,1.0836075405139378,0.4990121074008909,0.21507265906000003,3.29758405123763,-0.6043432384625431,-1.2102003438814508,-0.40411321961620694,,-1.0196324213838621,0.2691604088653468,0.19717737561,-1.5661741878859123,-1.1809492674727018,-0.3482038738282753,0.8763409148104082,,-0.06912158336367043,-0.051437034717837886,0.09109722752,-0.09158399527144698,,-0.00013263896,-1.9490719e-05,1.6331673e-05,1.0,0.00012046099,0.000107713044,-0.00012046099,1.0,1.7881393e-05,-0.000107713044,-1.7940998e-05,1.0,281,0.854,0,0,0.0,False,-0.24849869138614666,1.0503840309727575
0.8791063339449465,13:59:14.608187,13:57:54.595242,0,,0.1251759,-0.0015682206,0.025932357,0.5271852,0.694154,-0.49012828,0.0568749,0.54667336,0.83541214,0.84784484,-0.468293,0.2487181,,0.017272301,-0.0090123415,0.0053776503,0.20879138,0.63561445,0.7432365,-0.31629935,-0.67524976,0.6663277,0.92539763,-0.3742087,0.060058117,,0.083470024,1.2908485,0.4262098,0.99383193,0.082720004,-0.07386126,0.012357663,-0.7444963,-0.6675122,-0.110206045,0.6624822,-0.74092644,,-0.11804448,0.25337395,-0.104194045,-0.6187955,-0.60515976,0.50087297,0.58719593,0.067213185,0.80664945,-0.5218171,0.79326165,0.31375614,,-0.014963138,0.41725698,-0.33619398,-0.37102854,-0.5646774,-0.7372091,0.43875524,-0.8062734,0.39675814,-0.81843245,-0.17624575,0.54690564,,1.0839859544247747,0.49920517572274653,0.21499228908,3.2996809506724754,-0.6042066019627776,-1.2119453365879584,-0.4037865314839386,,-1.0196246986509878,0.2691295179338499,0.19717607932000003,-1.569529226981665,-1.1819057229710597,-0.3471789122819789,0.8761775707442739,,-0.06912158336367043,-0.051437034717837886,0.09109722752,-0.09158399527144698,,-6.702542e-05,-1.6272068e-05,1.513958e-05,1.0,6.9744885e-05,6.235391e-05,-6.9729984e-05,1.0,1.0371208e-05,-6.235391e-05,-1.0371208e-05,1.0,289,0.879,0,0,0.0,False,-0.2486774245417096,1.0501909101696396
