Task Time,PC1 Time,PC2 Time,Gaze Calib,s_T_psm1,Tx,Ty,Tz,R00,R01,R02,R10,R11,R12,R20,R21,R22,s_T_psm3,Tx,Ty,Tz,R00,R01,R02,R10,R11,R12,R20,R21,R22,cart_T_ecm,Tx,Ty,Tz,R00,R01,R02,R10,R11,R12,R20,R21,R22,ecm_T_psm1,Tx,Ty,Tz,R00,R01,R02,R10,R11,R12,R20,R21,R22,ecm_T_psm3,Tx,Ty,Tz,R00,R01,R02,R10,R11,R12,R20,R21,R22,psm1_joints,q1,q2,q3,q4,q5,q6,jaw,psm3_joints,q1,q2,q3,q4,q5,q6,jaw,ecm_joints,q1,q2,q3,q4,ecmi_T_ecm,Tx,Ty,Tz,R00,R01,R02,R10,R11,R12,R20,R21,R22,Sample #,Task Duration (s),Collisions (binary),Collisions (increments),Cumulative Collision Time (s),Clutch Press,MTMR Angle,MTML Angle
""
lci_T_si,,,,,-0.05129452,0.048553377,0.19299848,0.991276,0.046896584,0.12317695,0.11708693,-0.74244076,-0.65960014,0.060518593,0.6682682,-0.7414547
rci_T_si,,,,,-0.059571687,0.0508194,0.20016095,0.98826504,0.02463223,0.15074971,0.12190245,-0.72187847,-0.68119836,0.092043534,0.6915813,-0.71641
ecm_T_lc,,,,,-4.4061628e-05,-0.00034663224,-0.01840835,-0.99912,0.030754527,0.028518902,-0.031987965,-0.99852574,-0.043852776,0.027128186,-0.04472645,0.9986309
ecm_T_rc,,,,,-0.0043358393,0.01870579,-0.007592615,-0.99555075,-0.052743673,-0.078081585,0.04863213,-0.9973746,0.053654674,-0.08070653,0.04961868,0.9955021
cart_T_ecmi,,,,,0.08361981,1.2907763,0.42627257,0.9937988,0.08374649,-0.07314679,0.013490307,-0.743785,-0.66828275,-0.11037182,0.6631518,-0.74030244
ecmac_T_ecmrep_psm1,,,,,0.023195708,-0.2631036,-0.30022871,0.99664557,0.07921609,0.02055357,-0.078295335,0.99603295,-0.04228661,-0.023821812,0.040535513,0.9988941
ecmac_T_ecmrep_psm3,,,,,0.022281613,-0.4507852,-0.5326207,0.99995744,0.002629678,0.008843231,-0.0032003638,0.99787027,0.06515156,-0.008653069,-0.06517708,0.9978362
""
0,14:51:13.150896,14:49:53.308385,0,,0.08751111,0.009605154,0.023256898,0.40133488,-0.22632667,-0.88752836,0.0009521544,-0.9688864,0.24750414,-0.91593087,-0.10017702,-0.38863242,,0.057863757,0.0026034182,0.021637142,0.19946314,-0.27430254,0.94072986,0.14889109,0.9573582,0.24758172,-0.9685277,0.090682864,0.2317989,,0.083598286,1.2907714,0.4262755,0.9937985,0.08376469,-0.073130436,0.013514621,-0.743783,-0.66828454,-0.11037182,0.6631518,-0.74030244,,-0.07905127,0.23991667,-0.118175566,-0.31085065,0.24198553,0.91913813,-0.6377885,-0.7701027,-0.0129504595,0.7046969,-0.5902414,0.3937225,,-0.05522087,0.41341153,-0.35259393,-0.05295942,0.20668322,-0.9769736,-0.6410816,0.74308026,0.19195352,0.76564336,0.6364855,0.0931477,,1.1668508781652038,0.33610878015199913,0.20694621705000002,-1.3862602163761906,0.7875727846479987,0.6553356689667987,-0.421754378758709,,-1.2292505597889378,0.11334655039499313,0.18973537472000002,0.9700256785594097,1.2796008203033498,-0.6739140477210829,0.8471023269723721,,-0.06866343443502192,-0.04953898915629405,0.0911007994,-0.09223816666624303,,-2.1781772e-05,3.7550926e-06,2.6226044e-06,1.0,1.8112361e-05,1.6219914e-05,-1.8112361e-05,1.0,2.7120113e-06,-1.6227365e-05,-2.682209e-06,1.0,37,0.11,0,0,0.0,False,-0.25761408231986493,1.0216573115089795
0.12031577085144818,14:51:13.183849,14:49:53.308385,0,,0.08759688,0.010394268,0.02407533,0.3947245,-0.22721264,-0.8902623,0.0054792464,-0.96834147,0.24956937,-0.91878325,-0.103389084,-0.38098314,,0.05781126,0.0026416546,0.021469057,0.19906747,-0.26176065,0.9443799,0.1286234,0.96230936,0.23961756,-0.97150815,0.07376936,0.22523308,,0.083598286,1.2907714,0.4262755,0.9937985,0.08376469,-0.073130436,0.013514621,-0.743783,-0.66828454,-0.11037182,0.6631518,-0.74030244,,-0.079221524,0.2410418,-0.11824622,-0.3040284,0.24317406,0.9211043,-0.6358646,-0.7717763,-0.006128408,0.7093962,-0.58756083,0.38926768,,-0.055144794,0.4133217,-0.35245755,-0.051051132,0.19670159,-0.9791334,-0.65665275,0.73207587,0.1813066,0.7524632,0.65220654,0.09179133,,1.1700094759107618,0.34055707428755244,0.20675566242,-1.3793404482412013,0.7918085161407274,0.661519805288796,-0.4207743143619036,,-1.229798873823008,0.11222675412823058,0.18972630069000002,0.9360559077149168,1.2626578943324351,-0.715231377257606,0.8472656710385065,,-0.06866343443502192,-0.04953898915629405,0.0911007994,-0.09223816666624303,,-2.1781772e-05,3.7550926e-06,2.6226044e-06,1.0,1.8112361e-05,1.6219914e-05,-1.8112361e-05,1.0,2.7120113e-06,-1.6227365e-05,-2.682209e-06,1.0,45,0.135,0,0,0.0,False,-0.25791197091247,1.0264853315869256
0.1532667619176209,14:51:13.214791,14:49:53.399207,0,,0.087657064,0.011195675,0.024874121,0.38703102,-0.22954762,-0.89303696,0.009480149,-0.9674748,0.2527898,-0.92201793,-0.10630357,-0.37226662,,0.05775521,0.0026802486,0.021318376,0.20574516,-0.25843087,0.94386566,0.10073909,0.9649697,0.24224997,-0.9734067,0.04524243,0.22457196,,0.083598286,1.2907714,0.4262755,0.9937985,0.08376469,-0.073130436,0.013514621,-0.743783,-0.66828454,-0.11037182,0.6631518,-0.74030244,,-0.07936452,0.24216476,-0.11829585,-0.29608735,0.24577364,0.92299926,-0.63451016,-0.7729112,0.002265187,0.71395314,-0.58498174,0.3847951,,-0.055067938,0.41324535,-0.35233262,-0.055893436,0.19774164,-0.9786594,-0.6775534,0.71243364,0.18264638,0.73334664,0.67330277,0.09416017,,1.173291637382307,0.34488180469711816,0.20659881133000002,-1.3707431605583356,0.7961808841332215,0.6675925237070969,-0.4211010024941719,,-1.231219856671865,0.11029607090967444,0.18967704167000002,0.8775524134827344,1.242708965366681,-0.7675745050360009,0.8482457354353121,,-0.06866343443502192,-0.04953898915629405,0.0911007994,-0.09223816666624303,,-2.1781772e-05,3.7550926e-06,2.6226044e-06,1.0,1.8112361e-05,1.6219914e-05,-1.8112361e-05,1.0,2.7120113e-06,-1.6227365e-05,-2.682209e-06,1.0,57,0.171,0,0,0.0,False,-0.25725661600873906,1.0373483767623035
0.18412636290304363,14:51:13.243592,14:49:53.399207,0,,0.087721616,0.011960067,0.025611937,0.37897936,-0.23342533,-0.8954816,0.01166594,-0.9663824,0.2568442,-0.9253316,-0.107785136,-0.36351585,,0.057664137,0.002722389,0.021284819,0.21484281,-0.26964766,0.9386867,0.087142855,0.9625894,0.2565691,-0.97275317,0.026677787,0.23030327,,0.083598286,1.2907714,0.4262755,0.9937985,0.08376469,-0.073130436,0.013514621,-0.743783,-0.66828454,-0.11037182,0.6631518,-0.74030244,,-0.07950568,0.24321932,-0.11832486,-0.287769,0.24976845,0.9245565,-0.6345306,-0.7728154,0.011277485,0.7173283,-0.58341414,0.38087806,,-0.054975055,0.41326252,-0.35228497,-0.06426331,0.21183255,-0.9751909,-0.6874701,0.69894564,0.19712915,0.72336376,0.6830827,0.10071199,,1.1764038987306196,0.34891307125746335,0.20646788604000002,-1.3602586633841094,0.7994601601275921,0.6739031554338445,-0.4217543787587088,,-1.2321620300825205,0.10923033377303147,0.18962778265000002,0.8364531845597677,1.235603867378878,-0.7906950480535462,0.8492257998321178,,-0.06866343443502192,-0.04953898915629405,0.0911007994,-0.09223816666624303,,-2.1781772e-05,3.7550926e-06,2.6226044e-06,1.0,1.8112361e-05,1.6219914e-05,-1.8112361e-05,1.0,2.7120113e-06,-1.6227365e-05,-2.682209e-06,1.0,64,0.192,0,0,0.0,False,-0.2579715486309908,1.0395692659981588
0.21300616604276001,14:51:13.266027,14:49:53.399207,0,,0.087802514,0.012435511,0.026044518,0.37279955,-0.23720914,-0.89707994,0.009648681,-0.9657295,0.2593714,-0.9278618,-0.10534912,-0.3577348,,0.057539783,0.0027637547,0.021208584,0.22706689,-0.2784524,0.93322283,0.05784449,0.96041757,0.27249226,-0.97215974,-0.007892162,0.23418595,,0.083598286,1.2907714,0.4262755,0.9937985,0.08376469,-0.073130436,0.013514621,-0.743783,-0.66828454,-0.11037182,0.6631518,-0.74030244,,-0.0796315,0.2438548,-0.11832073,-0.28135896,0.25329405,0.9255697,-0.63728034,-0.77044195,0.01711792,0.7174336,-0.5850311,0.37819007,,-0.054842614,0.41325283,-0.35221177,-0.074892566,0.22603723,-0.97123545,-0.7083211,0.673503,0.21136454,0.7019062,0.7037762,0.109666586,,1.1782110182231882,0.35136117757859253,0.20639270122000003,-1.3493547863229143,0.7995967966273575,0.6808977879223772,-0.42044762622963483,,-1.233891922246347,0.10757766893794742,0.18949037591,0.771029922192596,1.2152450289138275,-0.834781084327217,0.8513492726918634,,-0.06866343443502192,-0.04953898915629405,0.0911007994,-0.09223816666624303,,-2.1781772e-05,3.7550926e-06,2.6226044e-06,1.0,1.8112361e-05,1.6219914e-05,-1.8112361e-05,1.0,2.7120113e-06,-1.6227365e-05,-2.682209e-06,1.0,76,0.229,0,0,0.0,False,-0.25761408231986493,1.0444938464776636
0.2354451739229262,14:51:13.296437,14:49:53.399207,0,,0.08792854,0.013143785,0.026684105,0.36355639,-0.24006513,-0.90010864,0.009979248,-0.9651662,0.26144707,-0.9315188,-0.10403305,-0.34849668,,0.05742516,0.0028087562,0.021089137,0.23523499,-0.2823454,0.93002445,0.028179765,0.9584547,0.28384897,-0.9715299,-0.040563345,0.23341855,,0.083598286,1.2907714,0.4262755,0.9937985,0.08376469,-0.073130436,0.013514621,-0.743783,-0.66828454,-0.11037182,0.6631518,-0.74030244,,-0.07982395,0.24479793,-0.11831062,-0.27180803,0.25600517,0.9276754,-0.63882315,-0.76894647,0.025027081,0.7197398,-0.585818,0.37254784,,-0.05471321,0.4132125,-0.35210663,-0.08150803,0.23508953,-0.96855015,-0.7287755,0.6488481,0.21882033,0.6798843,0.7236912,0.11844116,,1.1807749655374307,0.3550835348239687,0.20630455350000002,-1.3357249399964202,0.8024661631224318,0.6912182166665394,-0.4214276906264405,,-1.2351970641020908,0.106565990931424,0.18936852465,0.7200752659258566,1.1916069144544061,-0.8700671854016315,0.8533094014854747,,-0.06866343443502192,-0.04953898915629405,0.0911007994,-0.09223816666624303,,-2.1781772e-05,3.7550926e-06,2.6226044e-06,1.0,1.8112361e-05,1.6219914e-05,-1.8112361e-05,1.0,2.7120113e-06,-1.6227365e-05,-2.682209e-06,1.0,80,0.241,0,0,0.0,False,-0.25731619372725945,1.0463284941072828
0.2658516620285809,14:51:13.316994,14:49:53.399207,0,,0.08806905,0.01361461,0.027071506,0.35469043,-0.24342614,-0.90273935,0.007966131,-0.96469164,0.26326162,-0.9349499,-0.10056767,-0.34022772,,0.05737263,0.0028193062,0.020936012,0.24133286,-0.27529967,0.9305743,-0.0088713765,0.95825166,0.28578833,-0.9704019,-0.077225566,0.22881533,,0.083598286,1.2907714,0.4262755,0.9937985,0.08376469,-0.073130436,0.013514621,-0.743783,-0.66828454,-0.11037182,0.6631518,-0.74030244,,-0.080004685,0.24539572,-0.11827218,-0.26263738,0.25901166,0.9294808,-0.64198166,-0.7660491,0.032068726,0.72033405,-0.5882872,0.36747384,,-0.054638,0.41311526,-0.3520008,-0.08577616,0.23388556,-0.968473,-0.7534526,0.6207831,0.2166508,0.6518831,0.748282,0.12297329,,1.1822036711191621,0.3574775820149783,0.20627084996000003,-1.321256333895988,0.804379074119148,0.7014201045950303,-0.4207743143619034,,-1.2366952742796904,0.10559292658927172,0.18921685872000002,0.6728950286418387,1.1594973370095278,-0.9111055811686555,0.8551061862129519,,-0.06866343443502192,-0.04953898915629405,0.0911007994,-0.09223816666624303,,-2.1781772e-05,3.7550926e-06,2.6226044e-06,1.0,1.8112361e-05,1.6219914e-05,-1.8112361e-05,1.0,2.7120113e-06,-1.6227365e-05,-2.682209e-06,1.0,91,0.274,0,0,0.0,False,-0.2571374605716965,1.0453146098909143
0.2864028380718082,14:51:13.344309,14:49:53.399207,0,,0.08825889,0.014247246,0.027620494,0.34499913,-0.24248365,-0.90673995,0.011743754,-0.9648618,0.2624951,-0.9385296,-0.101209015,-0.33002886,,0.057370417,0.0027800268,0.020780623,0.25040823,-0.25766316,0.9332231,-0.057713002,0.9582466,0.2800581,-0.9664186,-0.12398794,0.22508235,,0.083598286,1.2907714,0.4262755,0.9937985,0.08376469,-0.073130436,0.013514621,-0.743783,-0.66828454,-0.11037182,0.6631518,-0.74030244,,-0.08025132,0.24621783,-0.11824148,-0.25267297,0.2581369,0.93248147,-0.6408826,-0.766669,0.038576484,0.72486264,-0.5878639,0.359152,,-0.054609466,0.41297564,-0.35192734,-0.092815846,0.22380537,-0.9702043,-0.78431004,0.58384764,0.20971319,0.61338645,0.7804057,0.12134249,,1.1840030678788565,0.36097598000700204,0.20623066497000003,-1.3095136970608547,0.8108009896081236,0.713090962330395,-0.4199575940312319,,-1.2388730849502216,0.10438045752801847,0.18898223023000002,0.6171175036749552,1.116456839583414,-0.9667540218004472,0.8582097234695032,,-0.06866343443502192,-0.04953898915629405,0.0911007994,-0.09223816666624303,,-2.1781772e-05,3.7550926e-06,2.6226044e-06,1.0,1.8112361e-05,1.6219914e-05,-1.8112361e-05,1.0,2.7120113e-06,-1.6227365e-05,-2.682209e-06,1.0,99,0.299,0,0,0.0,False,-0.257435349164302,1.0413073532262194
0.31372415204532444,14:51:13.375472,14:49:53.399207,0,,0.08848501,0.014884204,0.02811271,0.3370095,-0.24523042,-0.90900314,0.014517039,-0.9640144,0.26545346,-0.9413894,-0.102656275,-0.32132196,,0.057402752,0.0026856726,0.020756483,0.26212737,-0.24224025,0.9341354,-0.097969145,0.95630175,0.2754795,-0.9600476,-0.1637271,0.22694081,,0.083598286,1.2907714,0.4262755,0.9937985,0.08376469,-0.073130436,0.013514621,-0.743783,-0.66828454,-0.11037182,0.6631518,-0.74030244,,-0.080528624,0.2470028,-0.11816351,-0.24446447,0.26100457,0.9338703,-0.64016885,-0.7668115,0.04673323,0.72830003,-0.58641005,0.35454518,,-0.05463269,0.4128905,-0.35197967,-0.10328216,0.21491052,-0.9711572,-0.8081211,0.5511063,0.20789944,0.57989055,0.8062849,0.116754286,,1.1855862281180725,0.3645284371291453,0.20622547981000003,-1.2988195099431439,0.8154466306001487,0.7201660260434115,-0.4207743143619036,,-1.2411358456823693,0.10324521579550747,0.18869834272000002,0.5688888166735145,1.0813412591436957,-1.013672455180487,0.8600065081969801,,-0.06866343443502192,-0.04953898915629405,0.0911007994,-0.09223816666624303,,-2.1781772e-05,3.7550926e-06,2.6226044e-06,1.0,1.8112361e-05,1.6219914e-05,-1.8112361e-05,1.0,2.7120113e-06,-1.6227365e-05,-2.682209e-06,1.0,107,0.323,0,0,0.0,False,-0.25677999426057063,1.0293338634329134
0.3448577930685133,14:51:13.396190,14:49:53.399207,0,,0.088651955,0.015333101,0.02843538,0.33427125,-0.24587375,-0.90984005,0.01591888,-0.96376044,0.26629364,-0.9423425,-0.10349792,-0.31824344,,0.057422325,0.0025948947,0.020757258,0.26925096,-0.23634186,0.9336201,-0.12367752,0.9529083,0.27689254,-0.95509565,-0.1900214,0.2273413,,0.083598286,1.2907714,0.4262755,0.9937985,0.08376469,-0.073130436,0.013514621,-0.743783,-0.66828454,-0.11037182,0.6631518,-0.74030244,,-0.080729246,0.24753931,-0.11809012,-0.24165717,0.2617244,0.93439937,-0.6395712,-0.76713866,0.049467016,0.7297606,-0.5856608,0.35277596,,-0.054647405,0.41282788,-0.35204664,-0.109748766,0.21338202,-0.9707849,-0.8226257,0.5286954,0.2092083,0.55789083,0.82155293,0.11750987,,1.1866596879875897,0.36712327537488476,0.20622807239000002,-1.294416021129969,0.8165397225982721,0.7242570859624143,-0.4219177228248434,,-1.2424718784696103,0.10256561530257571,0.18848964003000002,0.5412097441335574,1.0583863271831018,-1.0359569749100503,0.8600065081969803,,-0.06866343443502192,-0.04953898915629405,0.0911007994,-0.09223816666624303,,-2.1781772e-05,3.7550926e-06,2.6226044e-06,1.0,1.8112361e-05,1.6219914e-05,-1.8112361e-05,1.0,2.7120113e-06,-1.6227365e-05,-2.682209e-06,1.0,115,0.347,0,0,0.0,False,-0.257435349164302,1.0265818919884844
0.3656043680384755,14:51:13.433267,14:49:53.399207,0,,0.08902174,0.016322963,0.029100686,0.32931846,-0.25011283,-0.9104905,0.015333205,-0.96273524,0.27001044,-0.9440944,-0.10288006,-0.31321156,,0.057541117,0.0023098951,0.020842493,0.27580667,-0.21228442,0.9374785,-0.1700468,0.9491485,0.26495486,-0.94605213,-0.23249155,0.22568321,,0.083598286,1.2907714,0.4262755,0.9937985,0.08376469,-0.073130436,0.013514621,-0.743783,-0.66828454,-0.11037182,0.6631518,-0.74030244,,-0.08116884,0.24869151,-0.11789405,-0.23655403,0.2658763,0.934533,-0.64082575,-0.76566845,0.05562476,0.7303318,-0.5857146,0.35150236,,-0.054763112,0.41268328,-0.35230798,-0.11522309,0.1964921,-0.9737117,-0.84775394,0.49144378,0.1994899,0.5177227,0.8484538,0.1099513,,1.1890614579114736,0.37273770217444596,0.20625140561000002,-1.283302454125289,0.8151733576006177,0.7323139579113264,-0.4214276906264405,,-1.2447423619346323,0.10119869158383797,0.18801649418000002,0.5074496632325489,1.0149359202576917,-1.0757522012040464,0.8572296590726975,,-0.06866343443502192,-0.04953898915629405,0.0911007994,-0.09223816666624303,,-2.1781772e-05,3.7550926e-06,2.6226044e-06,1.0,1.8112361e-05,1.6219914e-05,-1.8112361e-05,1.0,2.7120113e-06,-1.6227365e-05,-2.682209e-06,1.0,127,0.384,0,0,0.0,False,-0.25677999426057063,1.0421763968402495
0.4026764139998704,14:51:13.458941,14:49:53.626258,0,,0.08925328,0.017105818,0.029633999,0.32791638,-0.2531891,-0.91014624,0.017958283,-0.96157193,0.27396512,-0.94453615,-0.10618219,-0.3107684,,0.057619922,0.0020692712,0.020950794,0.2778713,-0.1996358,0.93964523,-0.19044995,0.94730145,0.25758222,-0.94154996,-0.25053006,0.22520727,,0.083598286,1.2907714,0.4262755,0.9937985,0.08376469,-0.073130436,0.013514621,-0.743783,-0.66828454,-0.11037182,0.6631518,-0.74030244,,-0.08145655,0.24961177,-0.11774833,-0.2351349,0.26924902,0.93392533,-0.639073,-0.7667894,0.060164258,0.7323232,-0.5826998,0.3523687,,-0.054845292,0.41259107,-0.35255414,-0.11690492,0.18693402,-0.9753917,-0.8583036,0.47508848,0.19392222,0.499648,0.8598527,0.10490597,,1.1911620412532626,0.37718599630999927,0.20628381286000003,-1.2803667949165056,0.8150367211008523,0.7334055206967094,-0.42044762622963483,,-1.2457849308726525,0.10014839991294344,0.18771575490000003,0.49549733645393107,0.9958068102905301,-1.09249847578221,0.8585364116017717,,-0.06866343443502192,-0.04953898915629405,0.0911007994,-0.09223816666624303,,-2.1781772e-05,3.7550926e-06,2.6226044e-06,1.0,1.8112361e-05,1.6219914e-05,-1.8112361e-05,1.0,2.7120113e-06,-1.6227365e-05,-2.682209e-06,1.0,142,0.43,0,0,0.0,False,-0.25582675076423333,1.0468112961150775
0.4283111388795078,14:51:13.497532,14:49:53.626258,0,,0.08947055,0.017915763,0.030142128,0.32671192,-0.257043,-0.9094989,0.018454581,-0.96038795,0.27805454,-0.94494385,-0.10762808,-0.30902663,,0.05764924,0.0018534726,0.02106905,0.27864844,-0.20147298,0.93902266,-0.19307983,0.946033,0.2602722,-0.94078434,-0.25383088,0.22471029,,0.083598286,1.2907714,0.4262755,0.9937985,0.08376469,-0.073130436,0.013514621,-0.743783,-0.66828454,-0.11037182,0.6631518,-0.74030244,,-0.08172783,0.25053635,-0.11756679,-0.23390028,0.273216,0.9330829,-0.63889176,-0.76660347,0.06431516,0.73287654,-0.58109564,0.35386422,,-0.05488151,0.41253012,-0.35279164,-0.11765473,0.18932824,-0.97483957,-0.8596049,0.47210574,0.1954368,0.49722907,0.860971,0.10720201,,1.1934170792525363,0.3816033995140557,0.20634603478000002,-1.2761729960468153,0.8128505371046052,0.7352698858959927,-0.420610970295769,,-1.2460243355917535,0.09913672190642003,0.18752908914000002,0.4938198169060548,0.9941671722933447,-1.09075306723715,0.8616399488583231,,-0.06866343443502192,-0.04953898915629405,0.0911007994,-0.09223816666624303,,-2.1781772e-05,3.7550926e-06,2.6226044e-06,1.0,1.8112361e-05,1.6219914e-05,-1.8112361e-05,1.0,2.7120113e-06,-1.6227365e-05,-2.682209e-06,1.0,150,0.454,0,0,0.0,False,-0.25719703829021734,1.04835626254002
0.46691997605375946,14:51:13.528240,14:49:53.626258,0,,0.08965854,0.01871407,0.030638099,0.32530442,-0.26158297,-0.9087087,0.020422399,-0.95880914,0.28331593,-0.94538885,-0.11072183,-0.30656275,,0.05767016,0.0016630953,0.021230996,0.2737343,-0.19730605,0.94135,-0.18836972,0.9487802,0.25363928,-0.9431789,-0.24675164,0.2225472,,0.083598286,1.2907714,0.4262755,0.9937985,0.08376469,-0.073130436,0.013514621,-0.743783,-0.66828454,-0.11037182,0.6631518,-0.74030244,,-0.08196871,0.25144625,-0.11738605,-0.23247065,0.27802238,0.9320198,-0.63762873,-0.76717436,0.069807194,0.7344297,-0.5780545,0.3556206,,-0.054917596,0.4125193,-0.3530396,-0.112677634,0.18396834,-0.97645247,-0.8574919,0.47848624,0.1890993,0.50200737,0.85860735,0.10383666,,1.1956952854504324,0.3858817935263761,0.20642770105000002,-1.2730276468945474,0.8120307181060126,0.7350399271766253,-0.4207743143619034,,-1.2457849308726525,0.09845712141348828,0.18735668257000002,0.5055624537411882,0.9984029037860733,-1.0870192931193696,0.8676836793052914,,-0.06866343443502192,-0.04953898915629405,0.0911007994,-0.09223816666624303,,-2.1781772e-05,3.7550926e-06,2.6226044e-06,1.0,1.8112361e-05,1.6219914e-05,-1.8112361e-05,1.0,2.7120113e-06,-1.6227365e-05,-2.682209e-06,1.0,158,0.479,0,0,0.0,False,-0.2564821056679656,1.0482597021384612
0.49762520007789135,14:51:13.557160,14:49:53.626258,0,,0.089853466,0.019559406,0.031128764,0.32507002,-0.26451778,-0.90794265,0.019873261,-0.9579621,0.2862055,-0.9454812,-0.11108059,-0.306148,,0.05760158,0.001466251,0.021576047,0.26775897,-0.19138934,0.94428563,-0.17464823,0.95419466,0.2429205,-0.9475248,-0.22996196,0.2220684,,0.083598286,1.2907714,0.4262755,0.9937985,0.08376469,-0.073130436,0.013514621,-0.743783,-0.66828454,-0.11037182,0.6631518,-0.74030244,,-0.082216315,0.25238705,-0.11716937,-0.23222445,0.28097188,0.93119633,-0.63808143,-0.7665787,0.07217484,0.73411435,-0.5774183,0.35730127,,-0.05489371,0.41265193,-0.3534195,-0.10681631,0.17522518,-0.97871673,-0.8506697,0.49348766,0.18119325,0.5147342,0.85191905,0.09634623,,1.1981511145044357,0.39033781039480364,0.20652751538000003,-1.2694629178553105,0.8082048961125803,0.7377512347794221,-0.420610970295769,,-1.2452443395714567,0.09810187570127395,0.18705723958,0.5235957888808573,1.0109734617644939,-1.082567567034139,0.8694804640327685,,-0.06866343443502192,-0.04953898915629405,0.0911007994,-0.09223816666624303,,-2.1781772e-05,3.7550926e-06,2.6226044e-06,1.0,1.8112361e-05,1.6219914e-05,-1.8112361e-05,1.0,2.7120113e-06,-1.6227365e-05,-2.682209e-06,1.0,166,0.503,0,0,0.0,False,-0.2559459062012759,1.0490321853509326
0.5265489870216697,14:51:13.579989,14:49:53.743298,0,,0.09005911,0.020366907,0.03157404,0.32356635,-0.2692724,-0.9070817,0.017914087,-0.9567368,0.2904029,-0.946036,-0.110214025,-0.3047441,,0.057511598,0.0013280278,0.022019446,0.26351953,-0.19529836,0.9446777,-0.14898127,0.9593028,0.23988047,-0.9530803,-0.20395246,0.22369924,,0.083598286,1.2907714,0.4262755,0.9937985,0.08376469,-0.073130436,0.013514621,-0.743783,-0.66828454,-0.11037182,0.6631518,-0.74030244,,-0.08246992,0.25326875,-0.11694379,-0.23065996,0.28561136,0.93017316,-0.63979995,-0.764758,0.076165766,0.7331112,-0.5775564,0.35913318,,-0.054867152,0.41289875,-0.35382226,-0.103097826,0.17474711,-0.97920084,-0.8370708,0.5165268,0.1803121,0.5372925,0.8382503,0.09302292,,1.2004061525037093,0.39451580887975907,0.20664029261000003,-1.263381909494259,0.804105801119617,0.7406853781896121,-0.4207743143619034,,-1.2446419664072674,0.0980555393040286,0.18677983352000002,0.5454035430032479,1.0351581222229769,-1.0674933926885262,0.8711139046941112,,-0.06866343443502192,-0.04953898915629405,0.0911007994,-0.09223816666624303,,-2.1781772e-05,3.7550926e-06,2.6226044e-06,1.0,1.8112361e-05,1.6219914e-05,-1.8112361e-05,1.0,2.7120113e-06,-1.6227365e-05,-2.682209e-06,1.0,185,0.561,0,0,0.0,False,-0.25695872741613357,1.0487907843470352
0.549375823000446,14:51:13.630906,14:49:53.743298,0,,0.09041363,0.021575995,0.032189876,0.32164013,-0.27605116,-0.9057282,0.013706565,-0.95509994,0.29596633,-0.9467629,-0.10760903,-0.3034148,,0.057250537,0.0011548763,0.022616804,0.26346266,-0.21410975,0.9406085,-0.12606773,0.95905364,0.25361973,-0.9563966,-0.18539971,0.22568253,,0.083598286,1.2907714,0.4262755,0.9937985,0.08376469,-0.073130436,0.013514621,-0.743783,-0.66828454,-0.11037182,0.6631518,-0.74030244,,-0.08289112,0.25455177,-0.116565265,-0.22864194,0.2920943,0.928657,-0.6432725,-0.7613314,0.081086434,0.7307006,-0.5788397,0.36196852,,-0.054694105,0.41326103,-0.3543642,-0.10371211,0.19041206,-0.97621053,-0.82429,0.53279954,0.1914959,0.5565877,0.82454103,0.10169698,,1.2035106911191475,0.4007866679736294,0.20684381014000003,-1.253736172093971,0.7968640666320487,0.7461821333848194,-0.420610970295769,,-1.2439546431814614,0.09826405309163266,0.18628335445000002,0.5579849396123193,1.0574298716847434,-1.043263244858091,0.8735640656861254,,-0.06866343443502192,-0.04953898915629405,0.0911007994,-0.09223816666624303,,-2.1781772e-05,3.7550926e-06,2.6226044e-06,1.0,1.8112361e-05,1.6219914e-05,-1.8112361e-05,1.0,2.7120113e-06,-1.6227365e-05,-2.682209e-06,1.0,193,0.586,0,0,0.0,False,-0.2561246393568388,1.0490321853509326
0.6002844020258635,14:51:13.659521,14:49:53.743298,0,,0.0905623,0.022013068,0.032396853,0.32114038,-0.2782307,-0.90523845,0.011779845,-0.9546217,0.2975879,-0.9469583,-0.106230974,-0.3032901,,0.057148036,0.0010630852,0.022870958,0.26161486,-0.2145119,0.9410326,-0.12558767,0.95913434,0.25355268,-0.95696676,-0.18451518,0.22398373,,0.083598286,1.2907714,0.4262755,0.9937985,0.08376469,-0.073130436,0.013514621,-0.743783,-0.66828454,-0.11037182,0.6631518,-0.74030244,,-0.083062276,0.25500372,-0.11641553,-0.22811165,0.29412678,0.92814577,-0.644798,-0.75990516,0.08233891,0.7295208,-0.579684,0.36299556,,-0.054628003,0.41340187,-0.3546078,-0.101825275,0.19066617,-0.9763596,-0.8241101,0.533562,0.1901425,0.5572021,0.8239891,0.10279981,,1.204560982790042,0.403180715164639,0.20693066157,-1.2499617531112497,0.793858063637209,0.7486333272661407,-0.420610970295769,,-1.243869693119845,0.09841850774911715,0.18599428178000002,0.5617593585950407,1.0572932351849782,-1.0398846773487722,0.8742174419506625,,-0.06866343443502192,-0.04953898915629405,0.0911007994,-0.09223816666624303,,-2.1781772e-05,3.7550926e-06,2.6226044e-06,1.0,1.8112361e-05,1.6219914e-05,-1.8112361e-05,1.0,2.7120113e-06,-1.6227365e-05,-2.682209e-06,1.0,201,0.61,0,0,0.0,False,-0.2561842170753601,1.0490321853509326
0.628878602059558,14:51:13.680631,14:49:53.743298,0,,0.09079806,0.02266591,0.032699287,0.31974217,-0.2824047,-0.90444046,0.010278642,-0.95346,0.3013444,-0.94744885,-0.105648875,-0.30195862,,0.05708374,0.0010196036,0.023003757,0.26234764,-0.22326267,0.93879044,-0.12338513,0.95711994,0.2621021,-0.9570527,-0.18459466,0.22355084,,0.083598286,1.2907714,0.4262755,0.9937985,0.08376469,-0.073130436,0.013514621,-0.743783,-0.66828454,-0.11037182,0.6631518,-0.74030244,,-0.08333092,0.25567332,-0.11618593,-0.2266617,0.29821634,0.9271955,-0.6461411,-0.75836194,0.085958675,0.728784,-0.5796156,0.36458144,,-0.054583114,0.41348007,-0.35473245,-0.10264889,0.19941424,-0.9745241,-0.8228225,0.5334897,0.19583637,0.55895114,0.8219627,0.10932039,,1.205904738310157,0.406516935766304,0.20706677202,-1.244929194467621,0.7909886971421347,0.7508097457634846,-0.420610970295769,,-1.2438310794554737,0.09844167594773982,0.18585946762000002,0.5615496686515562,1.0596160556809908,-1.0313239029736196,0.8748708182151997,,-0.06866343443502192,-0.04953898915629405,0.0911007994,-0.09223816666624303,,-2.1781772e-05,3.7550926e-06,2.6226044e-06,1.0,1.8112361e-05,1.6219914e-05,-1.8112361e-05,1.0,2.7120113e-06,-1.6227365e-05,-2.682209e-06,1.0,209,0.634,0,0,0.0,False,-0.2570183051346544,1.04927358635483
0.6500306548550725,14:51:13.700367,14:49:53.888981,0,,0.09094894,0.02304808,0.032859176,0.31978247,-0.28377524,-0.9039972,0.0086556375,-0.953181,0.3022765,-0.9474515,-0.10448727,-0.30235434,,0.056973882,0.0009880429,0.023159921,0.2665181,-0.2353466,0.9346551,-0.11640358,0.9547725,0.27360478,-0.956775,-0.18171781,0.22706896,,0.083598286,1.2907714,0.4262755,0.9937985,0.08376469,-0.073130436,0.013514621,-0.743783,-0.66828454,-0.11037182,0.6631518,-0.74030244,,-0.08349935,0.25605297,-0.11603799,-0.22668977,0.29946604,0.92678577,-0.6473505,-0.75728464,0.08635579,0.72770125,-0.58037925,0.36552817,,-0.05449754,0.41359016,-0.3548666,-0.10716807,0.2110047,-0.97159255,-0.8186172,0.53586656,0.20667098,0.5642525,0.8175109,0.1153043,,1.2066461206660828,0.40855573724509925,0.20715491974000003,-1.2424129151458068,0.788255967146826,0.7530381038374129,-0.420610970295769,,-1.2437384066609831,0.0984339532148656,0.18573632007000002,0.5571461798383812,1.0675409726673861,-1.0239007555641162,0.8748708182151996,,-0.06866343443502192,-0.04953898915629405,0.0911007994,-0.09223816666624303,,-2.1781772e-05,3.7550926e-06,2.6226044e-06,1.0,1.8112361e-05,1.6219914e-05,-1.8112361e-05,1.0,2.7120113e-06,-1.6227365e-05,-2.682209e-06,1.0,217,0.658,0,0,0.0,False,-0.25695872741613357,1.048983905150153
0.669778754003346,14:51:13.734673,14:49:53.888981,0,,0.09119679,0.023634762,0.033093214,0.31844264,-0.28735828,-0.90333796,0.0077976584,-0.95212007,0.305625,-0.9479101,-0.10436788,-0.3009549,,0.05674446,0.00095400866,0.023335278,0.27658376,-0.2540203,0.92680913,-0.10844648,0.95002073,0.2927454,-0.95485115,-0.18147779,0.23521273,,0.083598286,1.2907714,0.4262755,0.9937985,0.08376469,-0.073130436,0.013514621,-0.743783,-0.66828454,-0.11037182,0.6631518,-0.74030244,,-0.08377292,0.25662705,-0.11580135,-0.22530566,0.30301294,0.92597,-0.6481989,-0.75616604,0.089727744,0.72737575,-0.57999665,0.36678115,,-0.054296914,0.41373074,-0.35502324,-0.11781,0.22963214,-0.9661211,-0.8134494,0.5357119,0.2265235,0.5695796,0.8125773,0.1236819,,1.207619185008235,0.4116602758605375,0.20731306712000003,-1.2377997363891473,0.7863430561501098,0.7549246694497251,-0.42093765842803754,,-1.243560783804876,0.09835672588612336,0.18557169124000003,0.5405806743031037,1.078061983149325,-1.0198197294269535,0.8747074741490655,,-0.06866343443502192,-0.04953898915629405,0.0911007994,-0.09223816666624303,,-2.1781772e-05,3.7550926e-06,2.6226044e-06,1.0,1.8112361e-05,1.6219914e-05,-1.8112361e-05,1.0,2.7120113e-06,-1.6227365e-05,-2.682209e-06,1.0,232,0.704,0,0,0.0,False,-0.25624379479388093,1.0480665813353434
0.7040908690541983,14:51:13.778656,14:49:53.888981,0,,0.09152957,0.02435641,0.033347964,0.31742206,-0.2909721,-0.90254,0.0066707134,-0.95105225,0.30895814,-0.94826096,-0.10409066,-0.29994398,,0.056471646,0.00089988764,0.023424864,0.2865053,-0.26130062,0.9217574,-0.10614151,0.94751024,0.30159253,-0.952181,-0.18424457,0.24373192,,0.083598286,1.2907714,0.4262755,0.9937985,0.08376469,-0.073130436,0.013514621,-0.743783,-0.66828454,-0.11037182,0.6631518,-0.74030244,,-0.08413401,0.25730914,-0.11548391,-0.22424777,0.30657515,0.92505383,-0.6491977,-0.754935,0.09281966,0.72681177,-0.5797282,0.36832038,,-0.054039042,0.41380173,-0.3551409,-0.12813318,0.23737597,-0.9629302,-0.8114628,0.5331191,0.23939946,0.5701841,0.8120571,0.12431154,,1.20861541754901,0.4155061968319013,0.20753084384000003,-1.2327671777455187,0.7837469626545664,0.7576133608009411,-0.42044762622963483,,-1.243151478962542,0.09820227122863887,0.18541224757000002,0.5200310598416203,1.0831175336406464,-1.0299047398939822,0.8735640656861254,,-0.06866343443502192,-0.04953898915629405,0.0911007994,-0.09223816666624303,,-2.1781772e-05,3.7550926e-06,2.6226044e-06,1.0,1.8112361e-05,1.6219914e-05,-1.8112361e-05,1.0,2.7120113e-06,-1.6227365e-05,-2.682209e-06,1.0,240,0.729,0,0,0.0,False,-0.2570778828531757,1.0479217407330053
0.7480684139300138,14:51:13.800037,14:49:53.888981,0,,0.09168197,0.024694055,0.033443153,0.31754902,-0.291731,-0.9022504,0.006263286,-0.950832,0.3096436,-0.9482212,-0.10397801,-0.30010864,,0.05635284,0.0008721715,0.023447037,0.29017413,-0.25921008,0.9211998,-0.10417339,0.94834113,0.29966137,-0.9512869,-0.18291846,0.24818128,,0.083598286,1.2907714,0.4262755,0.9937985,0.08376469,-0.073130436,0.013514621,-0.743783,-0.66828454,-0.11037182,0.6631518,-0.74030244,,-0.08429735,0.25761253,-0.11531786,-0.22437502,0.30731794,0.9247765,-0.64948255,-0.75464326,0.09319846,0.72651786,-0.5797148,0.36892074,,-0.05392389,0.41381752,-0.35518408,-0.13199382,0.23506345,-0.96297604,-0.8100563,0.5343261,0.24146287,0.5713023,0.81193644,0.119886905,,1.209032445124218,0.4172669799272245,0.20765139881000003,-1.231299348141127,0.7823805976569119,0.7591359335386081,-0.4212643465603061,,-1.2428502923804472,0.09811732116702239,0.18536169226000002,0.5126919118196621,1.086123536635486,-1.0389719117266891,0.8740540978845284,,-0.06866343443502192,-0.04953898915629405,0.0911007994,-0.09223816666624303,,-2.1781772e-05,3.7550926e-06,2.6226044e-06,1.0,1.8112361e-05,1.6219914e-05,-1.8112361e-05,1.0,2.7120113e-06,-1.6227365e-05,-2.682209e-06,1.0,248,0.753,0,0,0.0,False,-0.25695872741613357,1.047294098122872
0.7694567909929901,14:51:13.825914,14:49:53.888981,0,,0.09191342,0.025188781,0.033584118,0.31667814,-0.29453883,-0.90164393,0.005598128,-0.9499698,0.31229153,-0.9485166,-0.10394338,-0.2991858,,0.056212552,0.0008097952,0.023438811,0.29312372,-0.2589298,0.9203444,-0.10405791,0.9482695,0.299928,-0.95039487,-0.18368506,0.25101662,,0.083598286,1.2907714,0.4262755,0.9937985,0.08376469,-0.073130436,0.013514621,-0.743783,-0.66828454,-0.11037182,0.6631518,-0.74030244,,-0.08454494,0.25805745,-0.1150751,-0.22347483,0.31010294,0.92406446,-0.65011203,-0.75378305,0.095736474,0.72623235,-0.5793507,0.37005317,,-0.053781003,0.41379136,-0.3552344,-0.1350486,0.23491062,-0.9625897,-0.8097718,0.5336745,0.24384673,0.5709917,0.8124091,0.11815201,,1.2096116500897849,0.4198232045085928,0.20783028683000002,-1.22773461910189,0.7808775961594921,0.7606065666996904,-0.4207743143619034,,-1.242325146545,0.09790880737941833,0.18530076663000003,0.5055624537411882,1.087353265133375,-1.0454471484493746,0.8735640656861254,,-0.06866343443502192,-0.04953898915629405,0.0911007994,-0.09223816666624303,,-2.1781772e-05,3.7550926e-06,2.6226044e-06,1.0,1.8112361e-05,1.6219914e-05,-1.8112361e-05,1.0,2.7120113e-06,-1.6227365e-05,-2.682209e-06,1.0,256,0.777,0,0,0.0,False,-0.25677999426057063,1.0476320595283284
0.7953310960438102,14:51:13.849961,14:49:53.888981,0,,0.09205044,0.025521152,0.033673167,0.3163202,-0.29559427,-0.9014242,0.005384922,-0.9496405,0.3132949,-0.9486371,-0.10395542,-0.29879886,,0.05615408,0.0007771896,0.02341938,0.29531282,-0.26125255,0.9189872,-0.103174716,0.9475408,0.30252472,-0.9498133,-0.18415576,0.25286633,,0.08361183,1.2907727,0.42627332,0.99379855,0.08376136,-0.07313343,0.013510175,-0.74378335,-0.6682842,-0.11037182,0.6631518,-0.74030244,,-0.084705554,0.25835547,-0.11490873,-0.2231054,0.31114796,0.92380244,-0.65032446,-0.75347406,0.0967209,0.72615564,-0.5791924,0.37045127,,-0.053731985,0.41376558,-0.35524946,-0.1373456,0.23731726,-0.9616739,-0.8090898,0.5331968,0.24713339,0.5714105,0.8120232,0.118778735,,1.2100286776649931,0.4215299284737964,0.20796510099,-1.2258474096105294,0.779921140661134,0.7620399219466898,-0.4207743143619034,,-1.2420007917642826,0.09776979818768229,0.18528391486,0.5007395850410442,1.0889929031305603,-1.0473559144747153,0.873400721619991,,-0.06866343443502192,-0.04953898915629405,0.0911007994,-0.09223816666624303,,-8.054078e-06,2.4437904e-06,2.3841858e-06,1.0,1.47894025e-05,1.3254583e-05,-1.4796853e-05,0.9999999,2.1755695e-06,-1.3269484e-05,-2.2053719e-06,1.0,275,0.835,0,0,0.0,False,-0.2566012611050077,1.047390658524431
0.8193813578691334,14:51:13.901442,14:49:54.081748,0,,0.09243407,0.026557282,0.033918113,0.3138262,-0.29927525,-0.9010814,0.005467415,-0.9484402,0.31690863,-0.9494647,-0.10438073,-0.2960092,,0.056057945,0.00073519815,0.023379922,0.29530218,-0.26088938,0.9190937,-0.10202873,0.94788235,0.30184272,-0.94994044,-0.18290886,0.2532935,,0.08361183,1.2907727,0.42627332,0.99379855,0.08376136,-0.07313343,0.013510175,-0.74378335,-0.6682842,-0.11037182,0.6631518,-0.74030244,,-0.085118584,0.25926092,-0.114369914,-0.22054371,0.314844,0.9231651,-0.65063965,-0.75260806,0.10123828,0.7266557,-0.5783203,0.37083295,,-0.05362882,0.41372335,-0.355261,-0.13737467,0.23674628,-0.96181047,-0.80842096,0.5342822,0.24697785,0.5723493,0.8114763,0.11799382,,1.21150371964397,0.4264415865818032,0.20840454330000002,-1.2191373314190246,0.7782815026639488,0.7663173714361072,-0.4212643465603061,,-1.241359804935722,0.0976771253931916,0.18527613712000002,0.5003202051540752,1.0904959046279803,-1.0486631901555168,0.8735640656861254,,-0.06866343443502192,-0.04953898915629405,0.0911007994,-0.09223816666624303,,-8.054078e-06,2.4437904e-06,2.3841858e-06,1.0,1.47894025e-05,1.3254583e-05,-1.4796853e-05,0.9999999,2.1755695e-06,-1.3269484e-05,-2.2053719e-06,1.0,283,0.86,0,0,0.0,False,-0.2566012611050077,1.04748721892599
0.8708615980576724,14:51:13.930552,14:49:54.081748,0,,0.09258219,0.02709873,0.034006774,0.31203344,-0.29845548,-0.9019754,0.006223172,-0.9487141,0.31607378,-0.9500507,-0.10423863,-0.29417324,,0.056034237,0.000738685,0.02337265,0.29517615,-0.26095775,0.9191148,-0.1020087,0.9478717,0.3018829,-0.94998175,-0.18286636,0.25316918,,0.08361183,1.2907727,0.42627332,0.99379855,0.08376136,-0.07313343,0.013510175,-0.74378335,-0.6682842,-0.11037182,0.6631518,-0.74030244,,-0.08527852,0.25971153,-0.11406279,-0.21870819,0.31401637,0.9238834,-0.6503433,-0.75277424,0.10190467,0.7274753,-0.578554,0.36885634,,-0.053604472,0.4137239,-0.35525513,-0.13724494,0.23680763,-0.9618139,-0.8084189,0.5343166,0.24691018,0.57238334,0.8114357,0.11810753,,1.2123763884587573,0.4287429609783221,0.20867676420000003,-1.2157822923232722,0.7782815026639488,0.7711364171044003,-0.42093765842803754,,-1.24122851847686,0.09773890725618539,0.18527484083,0.5003202051540752,1.0904959046279803,-1.0486631901555168,0.8735640656861254,,-0.06866343443502192,-0.04953898915629405,0.0911007994,-0.09223816666624303,,-8.054078e-06,2.4437904e-06,2.3841858e-06,1.0,1.47894025e-05,1.3254583e-05,-1.4796853e-05,0.9999999,2.1755695e-06,-1.3269484e-05,-2.2053719e-06,1.0,291,0.885,0,0,0.0,False,-0.25636295023092304,1.0480665813353434
0.899957689922303,14:51:13.960378,14:49:54.081748,0,,0.09267837,0.02744349,0.03406915,0.3111023,-0.2977138,-0.90254194,0.006689012,-0.9489583,0.31533036,-0.95035285,-0.10413697,-0.2932318,,0.056030378,0.0007503377,0.023373365,0.2951629,-0.26099184,0.9191094,-0.101943165,0.94787395,0.30189797,-0.9499929,-0.18280607,0.2531709,,0.08361183,1.2907727,0.42627332,0.99379855,0.08376136,-0.07313343,0.013510175,-0.74378335,-0.6682842,-0.11037182,0.6631518,-0.74030244,,-0.08538278,0.2600023,-0.113871485,-0.21775562,0.3132701,0.9243616,-0.6501335,-0.7529398,0.10201992,0.7279484,-0.57874304,0.36762425,,-0.053601384,0.41373274,-0.3552472,-0.13723353,0.23683172,-0.9618096,-0.8083816,0.53436744,0.24692228,0.5724388,0.8113952,0.11811729,,1.2129401479585757,0.43023344842304745,0.2088452819,-1.2138950828319115,0.7781448661641833,0.7742699483932974,-0.42012093809736606,,-1.24122851847686,0.09780841185205341,0.18527743341000003,0.5003202051540752,1.0904959046279803,-1.0486631901555168,0.8735640656861254,,-0.06866343443502192,-0.04953898915629405,0.0911007994,-0.09223816666624303,,-8.054078e-06,2.4437904e-06,2.3841858e-06,1.0,1.47894025e-05,1.3254583e-05,-1.4796853e-05,0.9999999,2.1755695e-06,-1.3269484e-05,-2.2053719e-06,1.0,299,0.908,0,0,0.0,False,-0.2561842170753601,1.0477769001306665
0.9297780280467123,14:51:13.989817,14:49:54.081748,0,,0.092822224,0.028001308,0.034157664,0.31025845,-0.29728067,-0.90297514,0.008189052,-0.94897676,0.3152392,-0.95061696,-0.10519999,-0.29199368,,0.05603611,0.00076711643,0.023382366,0.29521394,-0.26101118,0.9190875,-0.101840675,0.9478841,0.3019007,-0.949988,-0.18272576,0.25324708,,0.08361183,1.2907727,0.42627332,0.99379855,0.08376136,-0.07313343,0.013510175,-0.74378335,-0.6682842,-0.11037182,0.6631518,-0.74030244,,-0.085538566,0.26046526,-0.113553576,-0.21690105,0.31294197,0.9246736,-0.6491367,-0.7536923,0.10280766,0.7290922,-0.5779405,0.36661878,,-0.053609326,0.41374964,-0.35524026,-0.13728994,0.2368377,-0.9618001,-0.8083177,0.5344359,0.24698322,0.5725154,0.8113483,0.118067436,,1.21384370770486,0.43261205014830856,0.20913176199000003,-1.2122175632840353,0.7782815026639488,0.7771806438748019,-0.42028428216350044,,-1.2413057458056023,0.09789336191366989,0.1852787297,0.5003202051540752,1.0904959046279803,-1.0486631901555168,0.8735640656861254,,-0.06866343443502192,-0.04953898915629405,0.0911007994,-0.09223816666624303,,-8.054078e-06,2.4437904e-06,2.3841858e-06,1.0,1.47894025e-05,1.3254583e-05,-1.4796853e-05,0.9999999,2.1755695e-06,-1.3269484e-05,-2.2053719e-06,1.0,311,0.945,0,0,0.0,False,-0.25600548391979716,1.0484045427407995
