Task Time,PC1 Time,PC2 Time,Gaze Calib,s_T_psm1,Tx,Ty,Tz,R00,R01,R02,R10,R11,R12,R20,R21,R22,s_T_psm3,Tx,Ty,Tz,R00,R01,R02,R10,R11,R12,R20,R21,R22,cart_T_ecm,Tx,Ty,Tz,R00,R01,R02,R10,R11,R12,R20,R21,R22,ecm_T_psm1,Tx,Ty,Tz,R00,R01,R02,R10,R11,R12,R20,R21,R22,ecm_T_psm3,Tx,Ty,Tz,R00,R01,R02,R10,R11,R12,R20,R21,R22,psm1_joints,q1,q2,q3,q4,q5,q6,jaw,psm3_joints,q1,q2,q3,q4,q5,q6,jaw,ecm_joints,q1,q2,q3,q4,ecmi_T_ecm,Tx,Ty,Tz,R00,R01,R02,R10,R11,R12,R20,R21,R22,Sample #,Task Duration (s),Collisions (binary),Collisions (increments),Cumulative Collision Time (s),Clutch Press,MTMR Angle,MTML Angle
""
lci_T_si,,,,,-0.05129452,0.048553377,0.19299848,0.991276,0.046896584,0.12317695,0.11708693,-0.74244076,-0.65960014,0.060518593,0.6682682,-0.7414547
rci_T_si,,,,,-0.059571687,0.0508194,0.20016095,0.98826504,0.02463223,0.15074971,0.12190245,-0.72187847,-0.68119836,0.092043534,0.6915813,-0.71641
ecm_T_lc,,,,,-4.4061628e-05,-0.00034663224,-0.01840835,-0.99912,0.030754527,0.028518902,-0.031987965,-0.99852574,-0.043852776,0.027128186,-0.04472645,0.9986309
ecm_T_rc,,,,,-0.0043358393,0.01870579,-0.007592615,-0.99555075,-0.052743673,-0.078081585,0.04863213,-0.9973746,0.053654674,-0.08070653,0.04961868,0.9955021
cart_T_ecmi,,,,,0.08361981,1.2907763,0.42627257,0.9937988,0.08374649,-0.07314679,0.013490307,-0.743785,-0.66828275,-0.11037182,0.6631518,-0.74030244
ecmac_T_ecmrep_psm1,,,,,0.023195708,-0.2631036,-0.30022871,0.99664557,0.07921609,0.02055357,-0.078295335,0.99603295,-0.04228661,-0.023821812,0.040535513,0.9988941
ecmac_T_ecmrep_psm3,,,,,0.022281613,-0.4507852,-0.5326207,0.99995744,0.002629678,0.008843231,-0.0032003638,0.99787027,0.06515156,-0.008653069,-0.06517708,0.9978362
""
0,14:37:22.330893,14:36:02.448633,0,,0.08843444,0.0125793815,0.028164938,0.45980638,-0.34899646,-0.81656563,-0.20750156,-0.93630534,0.28332895,-0.86343575,0.03916228,-0.5029366,,0.06108558,0.009270758,0.03829372,0.062045105,-0.46745148,0.88183856,-0.030887514,0.8822184,0.46982607,-0.9975953,-0.05638814,0.04029894,,0.08370481,1.2907671,0.42626604,0.9937998,0.08369069,-0.073196925,0.013415747,-0.74379134,-0.66827726,-0.11037182,0.6631518,-0.74030244,,-0.080563284,0.245329,-0.119749255,-0.37263167,0.35026956,0.8593351,-0.7616198,-0.6444927,-0.06756093,0.5301707,-0.679662,0.5069306,,-0.061449014,0.4295486,-0.35843897,0.09644249,0.42418534,-0.90042526,-0.7608918,0.61462176,0.20804751,0.64167166,0.6650616,0.3820348,,1.190212145109733,0.3594546016307798,0.20352660403000003,-1.3002873395475354,0.5455895435634037,0.6767207701503898,-0.4184874974360234,,-1.3091190631741678,0.17067239652036167,0.17808950536,0.9849136645468108,0.9529029493641817,-0.44402423682577064,0.8698071521650369,,-0.06878124415953153,-0.05048146695237099,0.0911007994,-0.09256525236364105,,8.505955e-05,9.596348e-06,4.7683716e-06,0.99999994,-5.554408e-05,-4.9747527e-05,5.554408e-05,1.0,-8.285046e-06,4.9747527e-05,8.314848e-06,1.0,34,0.102,0,0,0.0,False,-0.25791197091247,1.0449283682846786
0.12736105197109282,14:37:22.366567,14:36:02.448633,0,,0.08841605,0.012901172,0.028896019,0.45524806,-0.3466925,-0.8200936,-0.18631199,-0.93777823,0.29301843,-0.8706533,0.019397259,-0.4915148,,0.0611171,0.009284587,0.038303852,0.062236022,-0.46763697,0.88172686,-0.030810773,0.8821182,0.47001922,-0.9975858,-0.056418777,0.040491283,,0.08370481,1.2907671,0.42626604,0.9937998,0.08369069,-0.073196925,0.013415747,-0.74379134,-0.66827726,-0.11037182,0.6631518,-0.74030244,,-0.080617994,0.2460563,-0.120075405,-0.36754847,0.3498989,0.86167216,-0.7503798,-0.65891796,-0.052509863,0.54939806,-0.6658813,0.5047414,,-0.061482415,0.42956045,-0.3584333,0.096248716,0.4243782,-0.9003551,-0.7608627,0.61456084,0.20833352,0.6417352,0.66499484,0.38204423,,1.191903423609188,0.36201854894502233,0.20323493878,-1.306787727795556,0.5654018360293926,0.6678345819869189,-0.4183241533698894,,-1.3093275769617718,0.1706801192532359,0.17810117197000003,0.9849136645468108,0.9529029493641817,-0.443779200605349,0.8699704962311713,,-0.06878124415953153,-0.05048146695237099,0.0911007994,-0.09256525236364105,,8.505955e-05,9.596348e-06,4.7683716e-06,0.99999994,-5.554408e-05,-4.9747527e-05,5.554408e-05,1.0,-8.285046e-06,4.9747527e-05,8.314848e-06,1.0,46,0.139,0,0,0.0,False,-0.25791197091247,1.044976648485458
0.16305730701424181,14:37:22.397838,14:36:02.448633,0,,0.08850682,0.013303056,0.029492542,0.44918737,-0.3493803,-0.8222919,-0.17573744,-0.9369396,0.30209365,-0.8759835,0.008810878,-0.4822607,,0.061144866,0.009296031,0.038309336,0.062212594,-0.4676354,0.8817293,-0.030784458,0.8821212,0.4700153,-0.99758804,-0.056384355,0.040483177,,0.08370481,1.2907671,0.42626604,0.9937998,0.08369069,-0.073196925,0.013415747,-0.74379134,-0.66827726,-0.11037182,0.6631518,-0.74030244,,-0.08076892,0.24674578,-0.1202411,-0.3610765,0.35359204,0.8629,-0.74565685,-0.6651612,-0.039452393,0.5600175,-0.65767264,0.5038324,,-0.061511245,0.42956787,-0.35842654,0.09627082,0.4243711,-0.9003561,-0.7608434,0.61458784,0.20832457,0.6417548,0.6649744,0.38204682,,1.193409356519662,0.36482190097836587,0.20304697673000002,-1.305319898191164,0.5766060290101588,0.6632723233316837,-0.4186508415021577,,-1.3094974770850047,0.17068784198611012,0.17811283858000002,0.9851233544902954,0.9527663128644163,-0.443586103961512,0.8701338402973056,,-0.06878124415953153,-0.05048146695237099,0.0911007994,-0.09256525236364105,,8.505955e-05,9.596348e-06,4.7683716e-06,0.99999994,-5.554408e-05,-4.9747527e-05,5.554408e-05,1.0,-8.285046e-06,4.9747527e-05,8.314848e-06,1.0,57,0.171,0,0,0.0,False,-0.25856732581620134,1.0457491316979295
0.19432634697295725,14:37:22.428228,14:36:02.543914,0,,0.08864751,0.013762869,0.030058429,0.43775594,-0.3526316,-0.82705534,-0.16975299,-0.93574846,0.30912566,-0.88292336,0.0050736666,-0.46948984,,0.06116885,0.009304793,0.038314164,0.062349774,-0.4676795,0.8816962,-0.030741543,0.882096,0.47006547,-0.9975808,-0.056413144,0.04062128,,0.08370481,1.2907671,0.42626604,0.9937998,0.08369069,-0.073196925,0.013415747,-0.74379134,-0.66827726,-0.11037182,0.6631518,-0.74030244,,-0.08096697,0.24745433,-0.120341964,-0.34907058,0.35718098,0.8663553,-0.7450374,-0.6665394,-0.025388507,0.5683916,-0.6543295,0.49878246,,-0.061536107,0.4295736,-0.3584216,0.09613217,0.42442045,-0.90034765,-0.76083034,0.61455667,0.20846407,0.64179105,0.6649717,0.38199064,,1.1948689530328904,0.3677102030733258,0.20291086628000002,-1.2950450909604225,0.5869904029923322,0.6664029437507156,-0.41963090589896346,,-1.309644209009615,0.1706801192532359,0.17812320890000002,0.9851233544902954,0.9527663128644163,-0.4435044252213714,0.8706238724957084,,-0.06878124415953153,-0.05048146695237099,0.0911007994,-0.09256525236364105,,8.505955e-05,9.596348e-06,4.7683716e-06,0.99999994,-5.554408e-05,-4.9747527e-05,5.554408e-05,1.0,-8.285046e-06,4.9747527e-05,8.314848e-06,1.0,65,0.196,0,0,0.0,False,-0.2594014138754961,1.046666455512739
0.22471787501126528,14:37:22.450229,14:36:02.543914,0,,0.088773794,0.014213324,0.030529752,0.42966783,-0.35399875,-0.83070475,-0.16436112,-0.9352441,0.3135344,-0.8879026,0.0018200278,-0.460028,,0.06118104,0.009311558,0.03831643,0.06241943,-0.4678865,0.8815814,-0.030708969,0.8819853,0.47027516,-0.99757755,-0.056426734,0.0406847,,0.08370481,1.2907671,0.42626604,0.9937998,0.08369069,-0.073196925,0.013415747,-0.74379134,-0.66827726,-0.11037182,0.6631518,-0.74030244,,-0.08114149,0.24809395,-0.12038019,-0.34057754,0.35885277,0.86904067,-0.7437857,-0.66823715,-0.015555004,0.57514334,-0.65167767,0.4944961,,-0.06154883,0.4295779,-0.35841724,0.096061245,0.4246325,-0.90025526,-0.7608168,0.6145045,0.20866701,0.64181775,0.6648845,0.3820976,,1.1962358767516281,0.3704286050450528,0.20283568146000003,-1.288125322825433,0.5947786834789622,0.6696085358364654,-0.419957594031232,,-1.3097214363383574,0.17068784198611012,0.17812969035,0.9851233544902954,0.9527663128644163,-0.44325938900094985,0.8714405928263798,,-0.06878124415953153,-0.05048146695237099,0.0911007994,-0.09256525236364105,,8.505955e-05,9.596348e-06,4.7683716e-06,0.99999994,-5.554408e-05,-4.9747527e-05,5.554408e-05,1.0,-8.285046e-06,4.9747527e-05,8.314848e-06,1.0,73,0.221,0,0,0.0,False,-0.2586269035347226,1.0464733347096211
0.24669957906007767,14:37:22.479152,14:36:02.543914,0,,0.088851005,0.014480799,0.030751422,0.42712393,-0.35553104,-0.831362,-0.16386393,-0.9346633,0.3155203,-0.8892209,0.0014640093,-0.45747584,,0.061191697,0.009318353,0.03831619,0.062474832,-0.46788,0.88158095,-0.03068167,0.88198864,0.47027072,-0.99757487,-0.056428373,0.04074675,,0.08370481,1.2907671,0.42626604,0.9937998,0.08369069,-0.073196925,0.013415747,-0.74379134,-0.66827726,-0.11037182,0.6631518,-0.74030244,,-0.08124169,0.24843478,-0.12035968,-0.3379217,0.3604081,0.8694337,-0.74411666,-0.66793585,-0.012334119,0.5762806,-0.65112805,0.49389568,,-0.061559666,0.42958063,-0.35841134,0.09600478,0.42462617,-0.90026426,-0.76080513,0.6145046,0.20870961,0.64184004,0.6648885,0.38205314,,1.1970467637034217,0.3719885970856462,0.20281882969,-1.2849799736731653,0.595598502477555,0.6709819969178008,-0.41946756183282896,,-1.3097832182013511,0.17069556471898434,0.17813746809000003,0.9851233544902954,0.9527663128644163,-0.44325938900094985,0.8714405928263798,,-0.06878124415953153,-0.05048146695237099,0.0911007994,-0.09256525236364105,,8.505955e-05,9.596348e-06,4.7683716e-06,0.99999994,-5.554408e-05,-4.9747527e-05,5.554408e-05,1.0,-8.285046e-06,4.9747527e-05,8.314848e-06,1.0,84,0.253,0,0,0.0,False,-0.2591631030014119,1.0463767743080625
0.275643551023677,14:37:22.501253,14:36:02.543914,0,,0.08891985,0.014806323,0.031000629,0.42508227,-0.35804912,-0.83132774,-0.1635811,-0.93370247,0.31849772,-0.8902507,0.0006017983,-0.4554705,,0.061198883,0.009321214,0.03831345,0.06250502,-0.4678712,0.8815835,-0.030677795,0.8819927,0.47026348,-0.99757314,-0.056438804,0.040775746,,0.08370481,1.2907671,0.42626604,0.9937998,0.08369069,-0.073196925,0.013415747,-0.74379134,-0.66827726,-0.11037182,0.6631518,-0.74030244,,-0.08133664,0.24883766,-0.12032122,-0.33579206,0.3629909,0.86918426,-0.7444498,-0.6676206,-0.008789999,0.5770946,-0.65001565,0.4944102,,-0.061566476,0.42957944,-0.3584069,0.09597452,0.42461893,-0.9002709,-0.76080585,0.61449826,0.20872563,0.64184374,0.664899,0.38202873,,1.1981279463058132,0.37380343931108895,0.20281364453000003,-1.2822540044078663,0.595598502477555,0.6711453543980821,-0.41963090589896346,,-1.309814109132848,0.17068784198611012,0.17814394954,0.9851233544902954,0.9527663128644163,-0.44325938900094985,0.8714405928263798,,-0.06878124415953153,-0.05048146695237099,0.0911007994,-0.09256525236364105,,8.505955e-05,9.596348e-06,4.7683716e-06,0.99999994,-5.554408e-05,-4.9747527e-05,5.554408e-05,1.0,-8.285046e-06,4.9747527e-05,8.314848e-06,1.0,92,0.278,0,0,0.0,False,-0.2584481703791588,1.046425054508842
0.2977548339404166,14:37:22.532488,14:36:02.658043,0,,0.088949606,0.015041225,0.03117548,0.42374456,-0.35996935,-0.83118147,-0.16366574,-0.9329641,0.3206111,-0.8908727,0.00017887354,-0.4542532,,0.061201442,0.00932324,0.038311064,0.062512144,-0.46787,0.8815837,-0.030675232,0.8819933,0.47026247,-0.99757266,-0.056439817,0.040783316,,0.08370481,1.2907671,0.42626604,0.9937998,0.08369069,-0.073196925,0.013415747,-0.74379134,-0.66827726,-0.11037182,0.6631518,-0.74030244,,-0.08138486,0.24912648,-0.12029112,-0.3343999,0.36493763,0.8689058,-0.74483335,-0.66721964,-0.0064202957,0.577408,-0.64933693,0.4949359,,-0.061568722,0.4295786,-0.35840365,0.0959673,0.4246178,-0.9002722,-0.7608049,0.6144977,0.20873052,0.6418459,0.6649002,0.38202298,,1.1990006151206005,0.3750467993038391,0.20281494082,-1.2803667949165056,0.5951885929782587,0.671152893148609,-0.42028428216350067,,-1.3098218318657222,0.17068784198611012,0.17814783841,0.9851233544902954,0.9527663128644163,-0.44325938900094985,0.8714405928263798,,-0.06878124415953153,-0.05048146695237099,0.0911007994,-0.09256525236364105,,8.505955e-05,9.596348e-06,4.7683716e-06,0.99999994,-5.554408e-05,-4.9747527e-05,5.554408e-05,1.0,-8.285046e-06,4.9747527e-05,8.314848e-06,1.0,100,0.303,0,0,0.0,False,-0.2589843698458485,1.0463767743080625
0.3289745410438627,14:37:22.558177,14:36:02.658043,0,,0.088941656,0.015128396,0.031239495,0.42564654,-0.35840216,-0.8308867,-0.16172665,-0.9335656,0.31984326,-0.8903199,-0.0017635524,-0.45533225,,0.06120107,0.00932482,0.03831017,0.062404428,-0.46773484,0.881663,-0.030592382,0.8820733,0.4701178,-0.9975821,-0.05630955,0.04073614,,0.08370481,1.2907671,0.42626604,0.9937998,0.08369069,-0.073196925,0.013415747,-0.74379134,-0.66827726,-0.11037182,0.6631518,-0.74030244,,-0.081383765,0.2492344,-0.120280586,-0.3363603,0.36357006,0.8687224,-0.7431589,-0.66907036,-0.0077299406,0.578426,-0.6481988,0.49523902,,-0.061568297,0.42957905,-0.3584019,0.09607072,0.42445996,-0.90033555,-0.7607405,0.6146259,0.20858799,0.6419068,0.66488254,0.38195145,,1.199363583565689,0.37554105420778944,0.20282012598000002,-1.2835121440687736,0.595325229478024,0.6703880453237882,-0.42028428216350044,,-1.309814109132848,0.17070328745185856,0.17814913470000002,0.98533304443378,0.9527663128644163,-0.44325938900094985,0.8714405928263798,,-0.06878124415953153,-0.05048146695237099,0.0911007994,-0.09256525236364105,,8.505955e-05,9.596348e-06,4.7683716e-06,0.99999994,-5.554408e-05,-4.9747527e-05,5.554408e-05,1.0,-8.285046e-06,4.9747527e-05,8.314848e-06,1.0,111,0.335,0,0,0.0,False,-0.2591631030014119,1.0468112961150775
0.35453673102892935,14:37:22.586059,14:36:02.658043,0,,0.088918015,0.0152744055,0.031351432,0.42528826,-0.35929605,-0.8306841,-0.15456864,-0.93317413,0.324491,-0.8917614,-0.009604394,-0.45240402,,0.061202105,0.009325952,0.038308084,0.062404428,-0.46773484,0.881663,-0.030592382,0.8820733,0.4701178,-0.9975821,-0.05630955,0.04073614,,0.08370481,1.2907671,0.42626604,0.9937998,0.08369069,-0.073196925,0.013415747,-0.74379134,-0.66827726,-0.11037182,0.6631518,-0.74030244,,-0.08137211,0.24941903,-0.12026712,-0.33591554,0.36521536,0.8682042,-0.7387807,-0.67394185,-0.00234273,0.58426356,-0.6421994,0.49620157,,-0.061569046,0.42957813,-0.35839957,0.09607072,0.42445996,-0.90033555,-0.7607405,0.6146259,0.20858799,0.6419068,0.66488254,0.38195145,,1.199811502072394,0.3762438228993439,0.20285512581,-1.2870768731080104,0.6013372354677035,0.6645055126794588,-0.4206109702957689,,-1.309814109132848,0.17070328745185856,0.17815172728,0.98533304443378,0.9527663128644163,-0.44325938900094985,0.8714405928263798,,-0.06878124415953153,-0.05048146695237099,0.0911007994,-0.09256525236364105,,8.505955e-05,9.596348e-06,4.7683716e-06,0.99999994,-5.554408e-05,-4.9747527e-05,5.554408e-05,1.0,-8.285046e-06,4.9747527e-05,8.314848e-06,1.0,118,0.356,0,0,0.0,False,-0.259282258438454,1.0461353733041652
0.3824856779538095,14:37:22.616695,14:36:02.658043,0,,0.08893411,0.015432984,0.031425938,0.4272449,-0.3570322,-0.8306562,-0.1476529,-0.9339478,0.32548425,-0.891998,-0.016412616,-0.4517414,,0.06120368,0.009325952,0.03830558,0.062406074,-0.46773112,0.8816649,-0.030598998,0.88207483,0.47011447,-0.9975817,-0.05631599,0.040734768,,0.08370481,1.2907671,0.42626604,0.9937998,0.08369069,-0.073196925,0.013415747,-0.74379134,-0.66827726,-0.11037182,0.6631518,-0.74030244,,-0.08139647,0.24958524,-0.12021485,-0.33788958,0.36362633,0.8681051,-0.7339416,-0.67921156,-0.0011658153,0.5892031,-0.6375324,0.49637902,,-0.061570223,0.4295761,-0.35839784,0.09606938,0.42445725,-0.900337,-0.76074487,0.61462164,0.20858447,0.6419018,0.6648882,0.38195,,1.2000663522572435,0.37710876898125706,0.20291475515000001,-1.2929481915255772,0.6058462399599629,0.6609104005976174,-0.4201209380973663,,-1.309814109132848,0.17069556471898434,0.17815431986000002,0.98533304443378,0.9527663128644163,-0.44325938900094985,0.8714405928263798,,-0.06878124415953153,-0.05048146695237099,0.0911007994,-0.09256525236364105,,8.505955e-05,9.596348e-06,4.7683716e-06,0.99999994,-5.554408e-05,-4.9747527e-05,5.554408e-05,1.0,-8.285046e-06,4.9747527e-05,8.314848e-06,1.0,129,0.389,0,0,0.0,False,-0.25910352528289105,1.0458456920994883
0.4132002380210906,14:37:22.642974,14:36:02.658043,0,,0.08905892,0.01570744,0.031500086,0.42527732,-0.36001915,-0.83037657,-0.14824152,-0.9327971,0.32850277,-0.8928402,-0.016608417,-0.4500673,,0.061205722,0.009326489,0.03830701,0.062420335,-0.46772859,0.8816652,-0.030593723,0.882076,0.47011253,-0.9975809,-0.056318015,0.040749937,,0.08370481,1.2907671,0.42626604,0.9937998,0.08369069,-0.073196925,0.013415747,-0.74379134,-0.66827726,-0.11037182,0.6631518,-0.74030244,,-0.081529826,0.24982966,-0.12007744,-0.3358456,0.36660987,0.86764336,-0.7348019,-0.6782783,0.0021708822,0.5892995,-0.63681686,0.4971824,,-0.06157248,0.4295772,-0.35839823,0.09605493,0.424455,-0.9003396,-0.760743,0.61462057,0.20859425,0.64190614,0.6648906,0.38193852,,1.2003675388393382,0.37852202909724014,0.20300938432,-1.2895931524298248,0.6058462399599629,0.6609920793377579,-0.42028428216350044,,-1.3098295545985965,0.17069556471898434,0.17815431986000002,0.98533304443378,0.9527663128644163,-0.44325938900094985,0.8714405928263798,,-0.06878124415953153,-0.05048146695237099,0.0911007994,-0.09256525236364105,,8.505955e-05,9.596348e-06,4.7683716e-06,0.99999994,-5.554408e-05,-4.9747527e-05,5.554408e-05,1.0,-8.285046e-06,4.9747527e-05,8.314848e-06,1.0,140,0.421,0,0,0.0,False,-0.2593418361569748,1.045797411898709
0.43947894987650216,14:37:22.671267,14:36:02.798632,0,,0.089146,0.01591365,0.03157963,0.42424682,-0.36175096,-0.8301511,-0.1481303,-0.9321154,0.3304818,-0.8933488,-0.01723519,-0.44903338,,0.061204657,0.009327919,0.03830558,0.06241155,-0.46773356,0.8816632,-0.030589819,0.8820739,0.47011682,-0.99758166,-0.056310564,0.04074374,,0.08370481,1.2907671,0.42626604,0.9937998,0.08369069,-0.073196925,0.013415747,-0.74379134,-0.66827726,-0.11037182,0.6631518,-0.74030244,,-0.08162568,0.25002962,-0.11999224,-0.33477154,0.36838925,0.8673047,-0.734986,-0.6780686,0.0043131113,0.58968097,-0.63601285,0.497759,,-0.061571293,0.4295773,-0.35839632,0.096063495,0.42445883,-0.90033686,-0.76073956,0.61462533,0.20859288,0.64190894,0.66488373,0.3819457,,1.200668725421433,0.37963410263112846,0.20306382850000002,-1.2879156328819485,0.6059828764597284,0.6608806614340615,-0.42028428216350044,,-1.3098218318657222,0.17070328745185856,0.17815561615000003,0.98533304443378,0.9527663128644163,-0.44325938900094985,0.8714405928263798,,-0.06878124415953153,-0.05048146695237099,0.0911007994,-0.09256525236364105,,8.505955e-05,9.596348e-06,4.7683716e-06,0.99999994,-5.554408e-05,-4.9747527e-05,5.554408e-05,1.0,-8.285046e-06,4.9747527e-05,8.314848e-06,1.0,151,0.454,0,0,0.0,False,-0.2588652144088064,1.0454594504932526
0.4677604869939387,14:37:22.700946,14:36:02.798632,0,,0.089316994,0.016372353,0.031774268,0.42160934,-0.36585045,-0.829698,-0.14932275,-0.93051636,0.33442765,-0.8943983,-0.017104924,-0.4469443,,0.061207257,0.009328217,0.03830391,0.062420335,-0.46772859,0.8816652,-0.030593723,0.882076,0.47011253,-0.9975809,-0.056318015,0.040749937,,0.08370481,1.2907671,0.42626604,0.9937998,0.08369069,-0.073196925,0.013415747,-0.74379134,-0.66827726,-0.11037182,0.6631518,-0.74030244,,-0.081817985,0.25048786,-0.11981736,-0.33203644,0.37244537,0.86662346,-0.7363856,-0.67650735,0.008602584,0.5894812,-0.6353127,0.4988885,,-0.0615736,0.4295758,-0.35839477,0.09605493,0.424455,-0.9003396,-0.760743,0.61462057,0.20859425,0.64190614,0.6648906,0.38193852,,1.2015413942362203,0.38205904075363495,0.20316882799000002,-1.2830927641818046,0.6050264209613704,0.6616605867599364,-0.42028428216350044,,-1.3098295545985965,0.17069556471898434,0.17815820873000002,0.98533304443378,0.9527663128644163,-0.44325938900094985,0.8714405928263798,,-0.06878124415953153,-0.05048146695237099,0.0911007994,-0.09256525236364105,,8.505955e-05,9.596348e-06,4.7683716e-06,0.99999994,-5.554408e-05,-4.9747527e-05,5.554408e-05,1.0,-8.285046e-06,4.9747527e-05,8.314848e-06,1.0,155,0.466,0,0,0.0,False,-0.2594014138754961,1.044735247481561
0.4974478909280151,14:37:22.723094,14:36:02.798632,0,,0.08944045,0.01685793,0.032037362,0.41993856,-0.36844242,-0.8293984,-0.14791611,-0.9294511,0.33799618,-0.89541745,-0.019256085,-0.44481105,,0.061207168,0.009331615,0.03830254,0.062417034,-0.46766397,0.88169974,-0.03058067,0.8821113,0.47004715,-0.9975816,-0.056301802,0.0407573,,0.08370481,1.2907671,0.42626604,0.9937998,0.08369069,-0.073196925,0.013415747,-0.74379134,-0.66827726,-0.11037182,0.6631518,-0.74030244,,-0.081969775,0.25101498,-0.119678274,-0.33028504,0.37522554,0.8660933,-0.73590344,-0.6769683,0.012652112,0.5910651,-0.6331822,0.49972227,,-0.06157348,0.42957708,-0.35839137,0.09605761,0.4243869,-0.90037143,-0.7607343,0.6146461,0.20855106,0.6419161,0.6649105,0.3818871,,1.2027770314960962,0.38463071080075173,0.20325179055000003,-1.2809958647469593,0.6054363304606666,0.6614080117889878,-0.42012093809736606,,-1.3098295545985965,0.17071101018473278,0.17816080131,0.98533304443378,0.9527663128644163,-0.4433410677410903,0.8709505606279769,,-0.06878124415953153,-0.05048146695237099,0.0911007994,-0.09256525236364105,,8.505955e-05,9.596348e-06,4.7683716e-06,0.99999994,-5.554408e-05,-4.9747527e-05,5.554408e-05,1.0,-8.285046e-06,4.9747527e-05,8.314848e-06,1.0,166,0.499,0,0,0.0,False,-0.2585077480976805,1.0443972860761046
0.519533596932888,14:37:22.751370,14:36:02.798632,0,,0.089470476,0.017199956,0.032237217,0.421061,-0.36733717,-0.82931954,-0.14371711,-0.9297909,0.3388719,-0.8955741,-0.023498237,-0.4442914,,0.061206527,0.009336085,0.038301587,0.06241206,-0.46774706,0.881656,-0.030561,0.8820683,0.47012922,-0.99758255,-0.056285977,0.04075688,,0.08370481,1.2907671,0.42626604,0.9937998,0.08369069,-0.073196925,0.013415747,-0.74379134,-0.66827726,-0.11037182,0.6631518,-0.74030244,,-0.08202143,0.25139993,-0.11959485,-0.33141708,0.3745383,0.8659583,-0.7329694,-0.68012476,0.013642924,0.5940695,-0.63019943,0.49993008,,-0.061572928,0.42957944,-0.35838744,0.09606164,0.42446864,-0.90033245,-0.7607212,0.61464167,0.2086118,0.64193106,0.6648624,0.38194576,,1.2038427686327393,0.3863992166289491,0.20331401247000003,-1.284141213899227,0.6070759684578518,0.6601526756847714,-0.42028428216350067,,-1.3098295545985965,0.17073417838335547,0.17816339389000002,0.98533304443378,0.9527663128644163,-0.44325938900094974,0.8707872165618427,,-0.06878124415953153,-0.05048146695237099,0.0911007994,-0.09256525236364105,,8.505955e-05,9.596348e-06,4.7683716e-06,0.99999994,-5.554408e-05,-4.9747527e-05,5.554408e-05,1.0,-8.285046e-06,4.9747527e-05,8.314848e-06,1.0,173,0.52,0,0,0.0,False,-0.25963972474957986,1.0439627642690894
0.5478722988627851,14:37:22.772292,14:36:02.798632,0,,0.089483075,0.017541438,0.032450303,0.41979557,-0.36889446,-0.8292698,-0.1393671,-0.92904025,0.34272575,-0.8968548,-0.028301805,-0.44141883,,0.061208487,0.009340019,0.038301647,0.062423002,-0.46775195,0.88165265,-0.030542731,0.88206637,0.47013396,-0.9975824,-0.05627519,0.040774852,,0.08370481,1.2907671,0.42626604,0.9937998,0.08369069,-0.073196925,0.013415747,-0.74379134,-0.66827726,-0.11037182,0.6631518,-0.74030244,,-0.08205704,0.25179455,-0.11952278,-0.33006495,0.37654752,0.8656033,-0.7305049,-0.6826592,0.018414412,0.597846,-0.62624943,0.50039166,,-0.061575066,0.4295818,-0.35838443,0.096049875,0.42447183,-0.9003322,-0.7607106,0.61464906,0.20862861,0.6419453,0.6648535,0.38193718,,1.2049780103652503,0.3880596041969074,0.20337623439000002,-1.2847702837296808,0.610218607952457,0.6574267064194725,-0.42028428216350044,,-1.309845000064345,0.17074962384910392,0.17816598647,0.98533304443378,0.9527663128644163,-0.44325938900094974,0.8707872165618427,,-0.06878124415953153,-0.05048146695237099,0.0911007994,-0.09256525236364105,,8.505955e-05,9.596348e-06,4.7683716e-06,0.99999994,-5.554408e-05,-4.9747527e-05,5.554408e-05,1.0,-8.285046e-06,4.9747527e-05,8.314848e-06,1.0,184,0.552,0,0,0.0,False,-0.25922268071993226,1.0438662038675306
0.5687969860155135,14:37:22.801686,14:36:02.798632,0,,0.08947283,0.018008076,0.032748386,0.4201223,-0.36874104,-0.8291727,-0.13259569,-0.9288589,0.3458893,-0.8977281,-0.035371006,-0.43912786,,0.061209254,0.00935039,0.03829831,0.062420182,-0.46748477,0.8817946,-0.030500859,0.8822112,0.46986476,-0.9975838,-0.056224436,0.040809184,,0.08370481,1.2907671,0.42626604,0.9937998,0.08369069,-0.073196925,0.013415747,-0.74379134,-0.66827726,-0.11037182,0.6631518,-0.74030244,,-0.082079016,0.2523403,-0.1194312,-0.33035412,0.3770773,0.8652623,-0.72608304,-0.6872459,0.022282638,0.60305023,-0.6208911,0.5008239,,-0.06157584,0.42958614,-0.35837445,0.09605071,0.42419288,-0.9004636,-0.7606834,0.614742,0.20845373,0.64197737,0.6649456,0.3817229,,1.2066692888647055,0.39033781039480364,0.20345790066000002,-1.2885447027124022,0.6139077934461239,0.6540100293189666,-0.42044762622963494,,-1.309852722797219,0.17079596024634924,0.17817376421000003,0.98533304443378,0.9527663128644163,-0.443586103961512,0.8701338402973056,,-0.06878124415953153,-0.05048146695237099,0.0911007994,-0.09256525236364105,,8.505955e-05,9.596348e-06,4.7683716e-06,0.99999994,-5.554408e-05,-4.9747527e-05,5.554408e-05,1.0,-8.285046e-06,4.9747527e-05,8.314848e-06,1.0,195,0.585,0,0,0.0,False,-0.2591631030014119,1.0445904068792222
0.598181976005435,14:37:22.839783,14:36:02.798632,0,,0.0894607,0.018699706,0.033193693,0.4153371,-0.3738547,-0.8292935,-0.12527046,-0.92646533,0.35492134,-0.9010008,-0.043525904,-0.43162847,,0.06120702,0.009368361,0.038294673,0.06250637,-0.46773997,0.881653,-0.030498505,0.8820727,0.47012493,-0.9975785,-0.0562748,0.040869802,,0.08370481,1.2907671,0.42626604,0.9937998,0.08369069,-0.073196925,0.013415747,-0.74379134,-0.66827726,-0.11037182,0.6631518,-0.74030244,,-0.08211498,0.2531513,-0.11929786,-0.3253274,0.38293856,0.8645925,-0.72249055,-0.6905446,0.0339931,0.61005694,-0.613601,0.50132257,,-0.061574,0.42959574,-0.35835874,0.09596474,0.4244597,-0.900347,-0.760691,0.61465174,0.20869218,0.64198124,0.66485876,0.3818676,,1.2092100679803253,0.39352729907185835,0.2035823445,-1.2866574932210415,0.6200564359355687,0.6489962236526275,-0.42044762622963494,,-1.3098604455300933,0.17088091030796573,0.17818413453,0.9851233544902954,0.9527663128644163,-0.44350442522137146,0.8699704962311713,,-0.06878124415953153,-0.05048146695237099,0.0911007994,-0.09256525236364105,,8.505955e-05,9.596348e-06,4.7683716e-06,0.99999994,-5.554408e-05,-4.9747527e-05,5.554408e-05,1.0,-8.285046e-06,4.9747527e-05,8.314848e-06,1.0,206,0.618,0,0,0.0,False,-0.25922268071993226,1.0439627642690894
0.6362880598753691,14:37:22.866814,14:36:02.974613,0,,0.08946724,0.0192217,0.033516154,0.4114106,-0.37729466,-0.82969266,-0.119415104,-0.9247655,0.36131504,-0.90359354,-0.049570948,-0.42551315,,0.06120501,0.00938514,0.03829044,0.062488142,-0.4677087,0.88167095,-0.030426383,0.882094,0.4700896,-0.99758184,-0.05620101,0.04088974,,0.08370481,1.2907671,0.42626604,0.9937998,0.08369069,-0.073196925,0.013415747,-0.74379134,-0.66827726,-0.11037182,0.6631518,-0.74030244,,-0.08215642,0.25375322,-0.11918611,-0.3212106,0.38693485,0.86435246,-0.7195963,-0.69306976,0.042842325,0.6156337,-0.60822344,0.5010582,,-0.061572228,0.42960405,-0.35834354,0.09597952,0.42441615,-0.90036595,-0.7606429,0.6147152,0.20868061,0.6420361,0.6648279,0.3818292,,1.2110480784043907,0.3959831281258617,0.20369123286000002,-1.2847702837296808,0.625385259426421,0.6457944277704348,-0.42028428216350056,,-1.3098604455300933,0.1709658603695822,0.17819450485000002,0.9851233544902954,0.9527663128644163,-0.443586103961512,0.8701338402973056,,-0.06878124415953153,-0.05048146695237099,0.0911007994,-0.09256525236364105,,8.505955e-05,9.596348e-06,4.7683716e-06,0.99999994,-5.554408e-05,-4.9747527e-05,5.554408e-05,1.0,-8.285046e-06,4.9747527e-05,8.314848e-06,1.0,217,0.652,0,0,0.0,False,-0.2598184579051428,1.0442041652729868
0.663274368038401,14:37:22.900262,14:36:02.974613,0,,0.08950172,0.019781627,0.033907577,0.4059624,-0.38004738,-0.83111876,-0.11202976,-0.9232662,0.36746255,-0.9069972,-0.056065828,-0.4173881,,0.06120462,0.009399415,0.038287222,0.06248035,-0.46774074,0.8816545,-0.03036493,0.8820807,0.4701187,-0.9975842,-0.056144476,0.040909827,,0.08370481,1.2907671,0.42626604,0.9937998,0.08369069,-0.073196925,0.013415747,-0.74379134,-0.66827726,-0.11037182,0.6631518,-0.74030244,,-0.0822326,0.25442725,-0.11909804,-0.31551173,0.3902921,0.86494184,-0.71599996,-0.6960916,0.05291993,0.622733,-0.60260147,0.49907422,,-0.06157207,0.4296112,-0.35833076,0.095984384,0.42443958,-0.9003544,-0.76060265,0.61475265,0.20871712,0.64208305,0.66477835,0.3818365,,1.212878366095582,0.39866291643321766,0.20377808429000002,-1.2822540044078663,0.6324903574142238,0.6440029550451086,-0.42028428216350056,,-1.3098681682629676,0.17103536496545022,0.17820357888000002,0.9851233544902954,0.9527663128644163,-0.443586103961512,0.8701338402973056,,-0.06878124415953153,-0.05048146695237099,0.0911007994,-0.09256525236364105,,8.505955e-05,9.596348e-06,4.7683716e-06,0.99999994,-5.554408e-05,-4.9747527e-05,5.554408e-05,1.0,-8.285046e-06,4.9747527e-05,8.314848e-06,1.0,228,0.685,0,0,0.0,False,-0.25880563669028556,1.0443972860761046
0.6967483670450747,14:37:22.936040,14:36:02.974613,0,,0.0895879,0.020667471,0.034515783,0.39360648,-0.38548863,-0.8345492,-0.09960249,-0.92036915,0.37815344,-0.91386724,-0.06572038,-0.40065897,,0.06120622,0.009415955,0.03828472,0.062485166,-0.46770188,0.88167477,-0.030291587,0.88210535,0.4700771,-0.9975862,-0.056080133,0.040951103,,0.08370481,1.2907671,0.42626604,0.9937998,0.08369069,-0.073196925,0.013415747,-0.74379134,-0.66827726,-0.11037182,0.6631518,-0.74030244,,-0.08238355,0.2554841,-0.118948445,-0.30263853,0.39662084,0.8666613,-0.71048635,-0.6999928,0.072244115,0.6353102,-0.5938872,0.49363852,,-0.061574116,0.42962012,-0.3583167,0.095976144,0.42438993,-0.9003787,-0.76055616,0.6148103,0.20871669,0.6421394,0.6647567,0.3817795,,1.215604490800183,0.4029026967811669,0.20394271312,-1.2738664066684855,0.646837189889595,0.6427589538949763,-0.4206109702957691,,-1.3098913364615903,0.17111259229419246,0.17821394920000003,0.9851233544902954,0.9527663128644163,-0.4436677827016525,0.8702971843634398,,-0.06878124415953153,-0.05048146695237099,0.0911007994,-0.09256525236364105,,8.505955e-05,9.596348e-06,4.7683716e-06,0.99999994,-5.554408e-05,-4.9747527e-05,5.554408e-05,1.0,-8.285046e-06,4.9747527e-05,8.314848e-06,1.0,236,0.708,0,0,0.0,False,-0.2588652144088064,1.0445421266784427
0.7325363759882748,14:37:22.955388,14:36:02.974613,0,,0.089642644,0.021133773,0.03485404,0.38704294,-0.38904554,-0.83596724,-0.0942117,-0.9185691,0.38386822,-0.91723603,-0.06981552,-0.39217842,,0.061205577,0.009420396,0.038283765,0.06248019,-0.46764097,0.88170743,-0.030271888,0.8821391,0.47001505,-0.99758697,-0.056057513,0.040959835,,0.08370481,1.2907671,0.42626604,0.9937998,0.08369069,-0.073196925,0.013415747,-0.74379134,-0.66827726,-0.11037182,0.6631518,-0.74030244,,-0.082474105,0.2560518,-0.11888243,-0.2958187,0.40054423,0.8672114,-0.70826924,-0.70113605,0.082236834,0.6409727,-0.58989197,0.4911023,,-0.061573565,0.42962247,-0.35831276,0.095980175,0.42432457,-0.90040904,-0.760543,0.61484003,0.20867701,0.6421543,0.66477096,0.38172954,,1.2171027009777828,0.40518862571193737,0.20401141649,-1.2686241580813724,0.6532591053785708,0.642423036829678,-0.42028428216350056,,-1.3098913364615903,0.17113576049281515,0.17821654178000002,0.9851233544902954,0.9527663128644163,-0.44374946144179317,0.8704605284295741,,-0.06878124415953153,-0.05048146695237099,0.0911007994,-0.09256525236364105,,8.505955e-05,9.596348e-06,4.7683716e-06,0.99999994,-5.554408e-05,-4.9747527e-05,5.554408e-05,1.0,-8.285046e-06,4.9747527e-05,8.314848e-06,1.0,247,0.741,0,0,0.0,False,-0.2585077480976805,1.044638687080002
0.7518716510385275,14:37:22.994791,14:36:02.974613,0,,0.089751616,0.02190099,0.03537239,0.37505412,-0.39832827,-0.8370597,-0.09105486,-0.91443735,0.39435154,-0.92252016,-0.07168475,-0.37923333,,0.06120655,0.009425701,0.038281202,0.062400974,-0.4676733,0.88169587,-0.030359477,0.8821193,0.47004655,-0.99758935,-0.056099117,0.040846825,,0.08370481,1.2907671,0.42626604,0.9937998,0.08369069,-0.073196925,0.013415747,-0.74379134,-0.66827726,-0.11037182,0.6631518,-0.74030244,,-0.082638204,0.2569591,-0.11874436,-0.28339788,0.40993437,0.86697143,-0.7086064,-0.6986637,0.0987215,0.6461908,-0.58636403,0.48848194,,-0.061574396,0.42962396,-0.35830706,0.0960632,0.42436403,-0.9003816,-0.7605908,0.6148013,0.20861685,0.64208525,0.6647816,0.38182715,,1.21962031189478,0.4088337556285713,0.20413067517000003,-1.2552040016983628,0.6592711113682501,0.6433198396170154,-0.4197942499650975,,-1.3098990591944644,0.1711589286914378,0.17822043065,0.9851233544902954,0.9526296763646508,-0.44371972227823725,0.8702971843634398,,-0.06878124415953153,-0.05048146695237099,0.0911007994,-0.09256525236364105,,8.505955e-05,9.596348e-06,4.7683716e-06,0.99999994,-5.554408e-05,-4.9747527e-05,5.554408e-05,1.0,-8.285046e-06,4.9747527e-05,8.314848e-06,1.0,254,0.761,0,0,0.0,False,-0.2585077480976805,1.0446869672807815
0.7912771049886942,14:37:23.015515,14:36:02.974613,0,,0.08980908,0.022409111,0.03573732,0.36726594,-0.40391058,-0.8378376,-0.08806226,-0.9118421,0.40098506,-0.92593783,-0.07348618,-0.37045792,,0.06120604,0.009425969,0.038279474,0.062393837,-0.46760255,0.8817339,-0.03036207,0.8821571,0.46997547,-0.9975897,-0.056094766,0.040843815,,0.08370481,1.2907671,0.42626604,0.9937998,0.08369069,-0.073196925,0.013415747,-0.74379134,-0.66827726,-0.11037182,0.6631518,-0.74030244,,-0.08273433,0.25757545,-0.11866986,-0.27533728,0.41564605,0.8668493,-0.7081163,-0.6975461,0.10954785,0.65020055,-0.5836675,0.48638618,,-0.06157364,0.42962295,-0.35830572,0.09607042,0.4242916,-0.90041494,-0.7605917,0.6148189,0.20856175,0.6420831,0.66481155,0.3817786,,1.2213888177229772,0.4112586937510778,0.20420067483,-1.2470260939024662,0.6637801158605097,0.6438086645422023,-0.4193042177666948,,-1.3098913364615903,0.1711589286914378,0.17822172694000002,0.9851233544902954,0.9526296763646508,-0.4438014010183778,0.8704605284295741,,-0.06878124415953153,-0.05048146695237099,0.0911007994,-0.09256525236364105,,8.505955e-05,9.596348e-06,4.7683716e-06,0.99999994,-5.554408e-05,-4.9747527e-05,5.554408e-05,1.0,-8.285046e-06,4.9747527e-05,8.314848e-06,1.0,265,0.794,0,0,0.0,False,-0.2586269035347226,1.044880088083899
0.8120175679214299,14:37:23.046849,14:36:03.164508,0,,0.08993538,0.023284793,0.036404565,0.35896683,-0.40513286,-0.840839,-0.077595085,-0.9107176,0.4056752,-0.9301193,-0.08037889,-0.35835382,,0.061225705,0.009399449,0.038278043,0.062424574,-0.46746492,0.8818048,-0.030336648,0.8822309,0.46983847,-0.9975886,-0.05608043,0.040891558,,0.08364596,1.2907736,0.42627457,0.99379915,0.0837289,-0.073162585,0.013466814,-0.74378705,-0.668281,-0.11037182,0.6631518,-0.74030244,,-0.08287731,0.25866294,-0.11856296,-0.26674354,0.41756755,0.8686111,-0.7025645,-0.70119953,0.121335804,0.65973556,-0.57788974,0.48040858,,-0.061536245,0.42960522,-0.35831657,0.096045665,0.42410374,-0.90050614,-0.76057863,0.61486995,0.20845874,0.6421023,0.66488415,0.38161984,,1.2248717702492526,0.41555253322914665,0.20435752592000003,-1.2422032252023223,0.6730713978445597,0.6459520171675726,-0.41979424996509773,,-1.309914504660213,0.17116665142431203,0.17822691210000002,0.9851233544902954,0.9526296763646508,-0.44396475849865885,0.8704605284295741,,-0.06878124415953153,-0.05048146695237099,0.0911007994,-0.09256525236364105,,2.573058e-05,5.4240227e-06,-1.66893e-06,1.0,-1.7508864e-05,-1.5676022e-05,1.7508864e-05,1.0,-2.6226044e-06,1.5668571e-05,2.6524067e-06,1.0,280,0.839,0,0,0.0,False,-0.2585077480976805,1.0451214890877965
0.8433535099029541,14:37:23.085858,14:36:03.164508,0,,0.08994545,0.024021178,0.036939397,0.34364066,-0.41386464,-0.8429871,-0.072778374,-0.9066899,0.41547167,-0.9362769,-0.081421584,-0.34169596,,0.0612328,0.009404814,0.03827679,0.062458582,-0.46746233,0.8818038,-0.030317187,0.88223237,0.46983695,-0.99758697,-0.05607903,0.040930897,,0.08364596,1.2907736,0.42627457,0.99379915,0.0837289,-0.073162585,0.013466814,-0.74378705,-0.668281,-0.11037182,0.6631518,-0.74030244,,-0.082944386,0.25956526,-0.11846431,-0.25092873,0.42632997,0.869067,-0.702017,-0.69829196,0.13985866,0.66648847,-0.5750053,0.47451243,,-0.061543323,0.42960677,-0.35831124,0.09601087,0.42410082,-0.9005112,-0.7605697,0.61487156,0.20848668,0.6421181,0.6648845,0.38159257,,1.2277677950770867,0.4186879627760818,0.20448456234,-1.2260570995540139,0.6816794973297824,0.6490608530121277,-0.42044762622963483,,-1.3099608410574581,0.17117437415718625,0.17823468984000002,0.9851233544902954,0.9526296763646508,-0.44396475849865885,0.8704605284295741,,-0.06878124415953153,-0.05048146695237099,0.0911007994,-0.09256525236364105,,2.573058e-05,5.4240227e-06,-1.66893e-06,1.0,-1.7508864e-05,-1.5676022e-05,1.7508864e-05,1.0,-2.6226044e-06,1.5668571e-05,2.6524067e-06,1.0,287,0.86,0,0,0.0,False,-0.25773323775690704,1.0457491316979295
0.882360951974988,14:37:23.115071,14:36:03.164508,0,,0.08992088,0.02467233,0.03741096,0.33313188,-0.41829222,-0.8450177,-0.06793827,-0.904528,0.4209671,-0.94042945,-0.08282846,-0.32974523,,0.06124248,0.009408807,0.038279414,0.062515646,-0.46752414,0.88176686,-0.030296296,0.8821989,0.46990114,-0.9975841,-0.056090385,0.040986985,,0.08364596,1.2907736,0.42627457,0.99379915,0.0837289,-0.073162585,0.013466814,-0.74378705,-0.668281,-0.11037182,0.6631518,-0.74030244,,-0.08297024,0.2603646,-0.118378356,-0.24010277,0.43085715,0.8698924,-0.70045394,-0.6973141,0.1520439,0.6720974,-0.5728134,0.46922264,,-0.06155348,0.42960984,-0.35830936,0.09595305,0.42416534,-0.90048695,-0.76056236,0.6148504,0.20857598,0.64213544,0.664863,0.38160095,,1.230493919781688,0.4214681466108026,0.20459863586000002,-1.2157822923232722,0.6879647763189927,0.6525118971568512,-0.4199575940312317,,-1.3100149001875778,0.17117437415718625,0.17823728242,0.9851233544902954,0.9526296763646508,-0.4438830797585183,0.8706238724957084,,-0.06878124415953153,-0.05048146695237099,0.0911007994,-0.09256525236364105,,2.573058e-05,5.4240227e-06,-1.66893e-06,1.0,-1.7508864e-05,-1.5676022e-05,1.7508864e-05,1.0,-2.6226044e-06,1.5668571e-05,2.6524067e-06,1.0,298,0.892,0,0,0.0,False,-0.25737577144578117,1.0459905327018268
0.9115577030461282,14:37:23.145357,14:36:03.164508,0,,0.08988853,0.025382265,0.037906185,0.32320288,-0.4243606,-0.84584755,-0.063075215,-0.9014915,0.42817572,-0.9442253,-0.08503553,-0.31813136,,0.061250024,0.009413814,0.03828478,0.06256939,-0.46737733,0.8818409,-0.03026241,0.88227737,0.46975592,-0.9975817,-0.05607888,0.041059643,,0.08364596,1.2907736,0.42627457,0.99379915,0.0837289,-0.073162585,0.013466814,-0.74378705,-0.668281,-0.11037182,0.6631518,-0.74030244,,-0.08299106,0.26122385,-0.118271,-0.22988848,0.43708852,0.86954296,-0.6986769,-0.696105,0.1651922,0.6774968,-0.5695538,0.46541017,,-0.06156202,0.42961597,-0.35830867,0.09589791,0.42401466,-0.9005638,-0.76054627,0.6148887,0.20852163,0.64216274,0.6649236,0.3814493,,1.233482617404013,0.4244877351646244,0.20473474631000002,-1.206136554922984,0.6935668728093758,0.6537429536552779,-0.41979424996509773,,-1.3100766820505716,0.1711898196229347,0.17823857871,0.9851233544902954,0.9526296763646508,-0.4440464372387995,0.8709505606279769,,-0.06878124415953153,-0.05048146695237099,0.0911007994,-0.09256525236364105,,2.573058e-05,5.4240227e-06,-1.66893e-06,1.0,-1.7508864e-05,-1.5676022e-05,1.7508864e-05,1.0,-2.6226044e-06,1.5668571e-05,2.6524067e-06,1.0,309,0.925,0,0,0.0,False,-0.25779281547542787,1.0466181753119597
