Task Time,PC1 Time,PC2 Time,Gaze Calib,s_T_psm1,Tx,Ty,Tz,R00,R01,R02,R10,R11,R12,R20,R21,R22,s_T_psm3,Tx,Ty,Tz,R00,R01,R02,R10,R11,R12,R20,R21,R22,cart_T_ecm,Tx,Ty,Tz,R00,R01,R02,R10,R11,R12,R20,R21,R22,ecm_T_psm1,Tx,Ty,Tz,R00,R01,R02,R10,R11,R12,R20,R21,R22,ecm_T_psm3,Tx,Ty,Tz,R00,R01,R02,R10,R11,R12,R20,R21,R22,psm1_joints,q1,q2,q3,q4,q5,q6,jaw,psm3_joints,q1,q2,q3,q4,q5,q6,jaw,ecm_joints,q1,q2,q3,q4,ecmi_T_ecm,Tx,Ty,Tz,R00,R01,R02,R10,R11,R12,R20,R21,R22,Sample #,Task Duration (s),Collisions (binary),Collisions (increments),Cumulative Collision Time (s),Clutch Press,MTMR Angle,MTML Angle
""
lci_T_si,,,,,-0.05129452,0.048553377,0.19299848,0.991276,0.046896584,0.12317695,0.11708693,-0.74244076,-0.65960014,0.060518593,0.6682682,-0.7414547
rci_T_si,,,,,-0.059571687,0.0508194,0.20016095,0.98826504,0.02463223,0.15074971,0.12190245,-0.72187847,-0.68119836,0.092043534,0.6915813,-0.71641
ecm_T_lc,,,,,-4.4061628e-05,-0.00034663224,-0.01840835,-0.99912,0.030754527,0.028518902,-0.031987965,-0.99852574,-0.043852776,0.027128186,-0.04472645,0.9986309
ecm_T_rc,,,,,-0.0043358393,0.01870579,-0.007592615,-0.99555075,-0.052743673,-0.078081585,0.04863213,-0.9973746,0.053654674,-0.08070653,0.04961868,0.9955021
cart_T_ecmi,,,,,0.08361981,1.2907763,0.42627257,0.9937988,0.08374649,-0.07314679,0.013490307,-0.743785,-0.66828275,-0.11037182,0.6631518,-0.74030244
ecmac_T_ecmrep_psm1,,,,,0.023195708,-0.2631036,-0.30022871,0.99664557,0.07921609,0.02055357,-0.078295335,0.99603295,-0.04228661,-0.023821812,0.040535513,0.9988941
ecmac_T_ecmrep_psm3,,,,,0.022281613,-0.4507852,-0.5326207,0.99995744,0.002629678,0.008843231,-0.0032003638,0.99787027,0.06515156,-0.008653069,-0.06517708,0.9978362
""
0,14:40:51.396724,14:39:31.489338,0,,0.09483805,0.030365072,0.032033175,0.47368893,-0.18742764,-0.8605171,0.080703676,-0.96374273,0.25433597,-0.87698674,-0.18992296,-0.44138825,,0.047833666,0.006723663,0.011714697,0.49784097,-0.6281126,0.5980206,0.15205503,0.7420796,0.65283763,-0.8538347,-0.2340773,0.46494532,,0.08366135,1.2907679,0.42627734,0.9937993,0.08371726,-0.07317305,0.013451251,-0.74378836,-0.6682799,-0.11037182,0.6631518,-0.74030244,,-0.087398134,0.26065552,-0.110259056,-0.38720503,0.21185273,0.8973242,-0.5576903,-0.8288301,-0.044967685,0.7342028,-0.51784074,0.4390754,,-0.044047225,0.4103806,-0.3436045,-0.36536047,0.6176761,-0.6964108,-0.6000071,0.41571578,0.6834997,0.71169037,0.6675752,0.21872391,,1.2042211825435762,0.44904602570465835,0.21213785850000003,-1.4554578977260835,0.750134383712268,0.6898664328465058,-0.4166907127085464,,-1.2170023054504178,0.12605044597309245,0.19671719266,-0.30572793760043654,1.292034741782005,-1.3945764374402083,0.8606598844615174,,-0.06878124415953153,-0.05048146695237099,0.0911007994,-0.09256525236364105,,4.0646642e-05,1.2814999e-05,-9.536743e-07,0.99999994,-2.9101968e-05,-2.6062131e-05,2.9094517e-05,1.0,-4.3213367e-06,2.6062131e-05,4.351139e-06,1.0,35,0.104,0,0,0.0,False,-0.25636295023092304,1.0351757677272282
0.13030434399843216,14:40:51.421110,14:39:31.561806,0,,0.09496527,0.031059131,0.032400966,0.47067076,-0.19322911,-0.8608899,0.07738984,-0.962922,0.25844154,-0.87890834,-0.188265,-0.43826532,,0.04784768,0.006725749,0.011685967,0.4979031,-0.6282045,0.59787244,0.15203476,0.74195516,0.65298384,-0.8538021,-0.23422527,0.46493077,,0.08366135,1.2907679,0.42627734,0.9937993,0.08371726,-0.07317305,0.013451251,-0.74378836,-0.6682799,-0.11037182,0.6631518,-0.74030244,,-0.08756533,0.2614069,-0.110057436,-0.38399136,0.21746057,0.89736366,-0.5612191,-0.8267092,-0.039812867,0.733201,-0.5189054,0.43949223,,-0.04405666,0.4103588,-0.34358302,-0.36542583,0.6177963,-0.69626987,-0.600006,0.41553867,0.6836084,0.71165776,0.6675742,0.21883291,,1.2062985976867426,0.4521891779844677,0.21229600588000003,-1.4470702999867027,0.7472650172171938,0.6938397836269419,-0.41701740084081496,,-1.217010028183292,0.12599638684297287,0.19674700733000003,-0.305937627543921,1.292034741782005,-1.3945764374402083,0.8606598844615174,,-0.06878124415953153,-0.05048146695237099,0.0911007994,-0.09256525236364105,,4.0646642e-05,1.2814999e-05,-9.536743e-07,0.99999994,-2.9101968e-05,-2.6062131e-05,2.9094517e-05,1.0,-4.3213367e-06,2.6062131e-05,4.351139e-06,1.0,43,0.129,0,0,0.0,False,-0.2550522404234603,1.034644685518654
0.15469268895685673,14:40:51.456554,14:39:31.561806,0,,0.09509835,0.031732462,0.032777816,0.46806943,-0.1978473,-0.8612592,0.077579826,-0.96165204,0.26307175,-0.8802798,-0.1899522,-0.434771,,0.047862746,0.006727418,0.011672378,0.49783105,-0.62811035,0.59803134,0.15208358,0.74209297,0.6528159,-0.85383534,-0.23404127,0.46496224,,0.08366135,1.2907679,0.42627734,0.9937993,0.08371726,-0.07317305,0.013451251,-0.74378836,-0.6682799,-0.11037182,0.6631518,-0.74030244,,-0.08773908,0.26214853,-0.10987603,-0.381271,0.22221103,0.89735985,-0.5618095,-0.8265668,-0.034021366,0.73416793,-0.5171166,0.4399862,,-0.044069484,0.41034767,-0.34357178,-0.36535206,0.6176675,-0.6964228,-0.5999871,0.41575068,0.68349606,0.7117115,0.6675614,0.21869716,,1.2082215581724245,0.4553941121272709,0.21245156068,-1.442037741343074,0.7469917442176629,0.6949610855758809,-0.4165273686424118,,-1.2170409191147888,0.12595005044572752,0.19676515539000003,-0.30572793760043654,1.2921713782817703,-1.394606176603764,0.8604965403953831,,-0.06878124415953153,-0.05048146695237099,0.0911007994,-0.09256525236364105,,4.0646642e-05,1.2814999e-05,-9.536743e-07,0.99999994,-2.9101968e-05,-2.6062131e-05,2.9094517e-05,1.0,-4.3213367e-06,2.6062131e-05,4.351139e-06,1.0,54,0.163,0,0,0.0,False,-0.25546928445310746,1.0349343667233308
0.19015084696002305,14:40:51.481618,14:39:31.561806,0,,0.09523734,0.032385133,0.033106893,0.4649876,-0.20319569,-0.86168325,0.07686007,-0.96036434,0.2679417,-0.88197446,-0.19081864,-0.43093997,,0.047872312,0.006725779,0.011664391,0.49786103,-0.6281368,0.5979786,0.15205216,0.7420465,0.652876,-0.8538235,-0.2341176,0.4649456,,0.08366135,1.2907679,0.42627734,0.9937993,0.08371726,-0.07317305,0.013451251,-0.74378836,-0.6682799,-0.11037182,0.6631518,-0.74030244,,-0.08791394,0.26284257,-0.10967272,-0.37803462,0.22760874,0.89737624,-0.5632569,-0.82581323,-0.027823687,0.7347322,-0.51597166,0.4403882,,-0.044077583,0.4103393,-0.3435671,-0.36538184,0.6177079,-0.6963713,-0.60000384,0.41566792,0.6835317,0.71168214,0.66757554,0.21874963,,1.2099746185348734,0.4583982552153442,0.21262915241000002,-1.4357470430385384,0.7464451982186011,0.6964685808124939,-0.41571064831174076,,-1.2170640873134115,0.1259114367813564,0.19677422942000003,-0.30572793760043654,1.2921713782817703,-1.3945244978636235,0.8603331963292488,,-0.06878124415953153,-0.05048146695237099,0.0911007994,-0.09256525236364105,,4.0646642e-05,1.2814999e-05,-9.536743e-07,0.99999994,-2.9101968e-05,-2.6062131e-05,2.9094517e-05,1.0,-4.3213367e-06,2.6062131e-05,4.351139e-06,1.0,62,0.186,0,0,0.0,False,-0.2552905512975445,1.0345964053178744
0.21513679903000593,14:40:51.507123,14:39:31.561806,0,,0.0953343,0.03279333,0.03329879,0.46259043,-0.20692481,-0.86208594,0.07524446,-0.9597093,0.2707329,-0.8833733,-0.19010565,-0.42838246,,0.047872998,0.00672563,0.011660039,0.49785694,-0.6281362,0.5979826,0.15204296,0.7420459,0.6528788,-0.85382754,-0.23412123,0.4649364,,0.08366135,1.2907679,0.42627734,0.9937993,0.08371726,-0.07317305,0.013451251,-0.74378836,-0.6682799,-0.11037182,0.6631518,-0.74030244,,-0.08803195,0.26326665,-0.109534614,-0.37550178,0.2312466,0.8975096,-0.56522024,-0.8245903,-0.024019223,0.73452336,-0.5163098,0.4403404,,-0.044077568,0.4103359,-0.34356427,-0.36537674,0.6177079,-0.696374,-0.60001224,0.41566476,0.6835262,0.71167773,0.6675775,0.21875808,,1.211024910205768,0.4602285429065354,0.21274711480000003,-1.4302951045079406,0.7454887427202431,0.6986370447207582,-0.4158739923778749,,-1.2170563645805375,0.1259037140484822,0.19677811829000003,-0.30572793760043654,1.2921713782817703,-1.3945244978636235,0.8603331963292488,,-0.06878124415953153,-0.05048146695237099,0.0911007994,-0.09256525236364105,,4.0646642e-05,1.2814999e-05,-9.536743e-07,0.99999994,-2.9101968e-05,-2.6062131e-05,2.9094517e-05,1.0,-4.3213367e-06,2.6062131e-05,4.351139e-06,1.0,70,0.211,0,0,0.0,False,-0.2549926627049395,1.0345964053178744
0.2407196389976889,14:40:51.535954,14:39:31.673230,0,,0.09544578,0.03330893,0.033552885,0.46132472,-0.20945728,-0.8621526,0.07647464,-0.9587298,0.2738408,-0.8839294,-0.19226232,-0.42626765,,0.04787628,0.0067273583,0.011659026,0.4978695,-0.6281314,0.5979773,0.15204656,0.7420484,0.6528752,-0.8538196,-0.23412631,0.4649485,,0.08366135,1.2907679,0.42627734,0.9937993,0.08371726,-0.07317305,0.013451251,-0.74378836,-0.6682799,-0.11037182,0.6631518,-0.74030244,,-0.0881712,0.2638109,-0.10936958,-0.37419713,0.2339687,0.89734894,-0.5645888,-0.8251227,-0.020298257,0.73567384,-0.5142287,0.44085467,,-0.04408074,0.4103358,-0.34356213,-0.36539054,0.6177038,-0.6963704,-0.6000059,0.41566196,0.6835335,0.71167594,0.66758305,0.21874699,,1.2123532202601346,0.46266892649479036,0.21289878073000001,-1.4281982050730955,0.745762015719774,0.6987409238739276,-0.4158739923778749,,-1.2170718100462858,0.1259037140484822,0.19678071087000001,-0.30572793760043654,1.2921713782817703,-1.3945244978636235,0.8603331963292488,,-0.06878124415953153,-0.05048146695237099,0.0911007994,-0.09256525236364105,,4.0646642e-05,1.2814999e-05,-9.536743e-07,0.99999994,-2.9101968e-05,-2.6062131e-05,2.9094517e-05,1.0,-4.3213367e-06,2.6062131e-05,4.351139e-06,1.0,81,0.245,0,0,0.0,False,-0.2546351963938136,1.0349826469241103
0.26952005410566926,14:40:51.559712,14:39:31.673230,0,,0.09551961,0.033681244,0.033714175,0.45897338,-0.21247384,-0.8626692,0.076141834,-0.95800304,0.27646476,-0.8851813,-0.19257519,-0.42351976,,0.04788135,0.006728163,0.011658251,0.49789056,-0.62812114,0.5979705,0.15204456,0.7420527,0.6528707,-0.8538077,-0.23414002,0.46496344,,0.08366135,1.2907679,0.42627734,0.9937993,0.08371726,-0.07317305,0.013451251,-0.74378836,-0.6682799,-0.11037182,0.6631518,-0.74030244,,-0.08826295,0.26418957,-0.109234415,-0.37173337,0.23699605,0.8975785,-0.56550515,-0.8245801,-0.01648313,0.73621887,-0.5137126,0.44054642,,-0.04408566,0.410335,-0.34356064,-0.36541307,0.6176956,-0.69636583,-0.6000017,0.41565326,0.6835425,0.71166795,0.66759604,0.21873328,,1.2133031164036643,0.46427525493262906,0.21302581715000002,-1.424004406203405,0.7458986522195394,0.7000180445526208,-0.4153839601794722,,-1.2170949782449085,0.12589599131560797,0.19678330345000003,-0.30572793760043654,1.2921713782817703,-1.3945244978636235,0.8603331963292488,,-0.06878124415953153,-0.05048146695237099,0.0911007994,-0.09256525236364105,,4.0646642e-05,1.2814999e-05,-9.536743e-07,0.99999994,-2.9101968e-05,-2.6062131e-05,2.9094517e-05,1.0,-4.3213367e-06,2.6062131e-05,4.351139e-06,1.0,89,0.268,0,0,0.0,False,-0.25588632848275505,1.0342584439124183
0.2933080850634724,14:40:51.578943,14:39:31.673230,0,,0.09558854,0.034056626,0.03386706,0.45707238,-0.21498363,-0.8630567,0.07585406,-0.95739126,0.278654,-0.88618904,-0.19283137,-0.42128977,,0.04788179,0.0067286696,0.011657119,0.49789056,-0.62812114,0.5979705,0.15204456,0.7420527,0.6528707,-0.8538077,-0.23414002,0.46496344,,0.08366135,1.2907679,0.42627734,0.9937993,0.08371726,-0.07317305,0.013451251,-0.74378836,-0.6682799,-0.11037182,0.6631518,-0.74030244,,-0.08834906,0.2645653,-0.10909132,-0.3697418,0.2395144,0.8977326,-0.566257,-0.8241207,-0.013344838,0.7366438,-0.5132815,0.44033855,,-0.04408594,0.41033444,-0.3435595,-0.36541307,0.6176956,-0.69636583,-0.6000017,0.41565326,0.6835425,0.71166795,0.66759604,0.21873328,,1.2142684580129424,0.46587386063759356,0.21316063131000001,-1.420439677164168,0.745762015719774,0.7013546435584257,-0.4155473042456064,,-1.2170949782449085,0.12589599131560797,0.19678459974,-0.30572793760043654,1.2921713782817703,-1.3945244978636235,0.8603331963292488,,-0.06878124415953153,-0.05048146695237099,0.0911007994,-0.09256525236364105,,4.0646642e-05,1.2814999e-05,-9.536743e-07,0.99999994,-2.9101968e-05,-2.6062131e-05,2.9094517e-05,1.0,-4.3213367e-06,2.6062131e-05,4.351139e-06,1.0,93,0.28,0,0,0.0,False,-0.25582675076423333,1.0342584439124183
0.3125409430358559,14:40:51.601866,14:39:31.673230,0,,0.09567119,0.034590922,0.0340977,0.45709714,-0.21597548,-0.8627959,0.07641873,-0.9569452,0.28002855,-0.8861277,-0.19393396,-0.42091244,,0.047886055,0.0067291167,0.011658847,0.49786502,-0.62799776,0.5981213,0.15201116,0.74218583,0.6527271,-0.85382843,-0.23404887,0.46497107,,0.08366135,1.2907679,0.42627734,0.9937993,0.08371726,-0.07317305,0.013451251,-0.74378836,-0.6682799,-0.11037182,0.6631518,-0.74030244,,-0.088457465,0.2651098,-0.10889836,-0.36977646,0.24060501,0.89742666,-0.5657987,-0.8244547,-0.012091357,0.7369784,-0.512234,0.44099796,,-0.044090446,0.41033536,-0.34356004,-0.3653829,0.61755276,-0.69650835,-0.60003525,0.41578975,0.68343,0.71165514,0.6676432,0.21863092,,1.2157589454576676,0.4682601850957289,0.21333951933000003,-1.41960091739023,0.7445322872218849,0.7025207621719747,-0.41587399237787515,,-1.217110423710657,0.12588826858273372,0.19678459974,-0.305518247656952,1.2921713782817703,-1.3945244978636233,0.8600065081969803,,-0.06878124415953153,-0.05048146695237099,0.0911007994,-0.09256525236364105,,4.0646642e-05,1.2814999e-05,-9.536743e-07,0.99999994,-2.9101968e-05,-2.6062131e-05,2.9094517e-05,1.0,-4.3213367e-06,2.6062131e-05,4.351139e-06,1.0,101,0.305,0,0,0.0,False,-0.25540970673458663,1.0345481251170952
0.3354625159408897,14:40:51.627558,14:39:31.673230,0,,0.09573928,0.034999683,0.03425467,0.45536676,-0.21995959,-0.8627044,0.07365319,-0.956371,0.28271815,-0.8872522,-0.19228145,-0.41929892,,0.047884706,0.006730458,0.011657536,0.49785653,-0.6279543,0.598174,0.15201682,0.7422373,0.6526673,-0.8538324,-0.23400219,0.46498734,,0.08366135,1.2907679,0.42627734,0.9937993,0.08371726,-0.07317305,0.013451251,-0.74378836,-0.6682799,-0.11037182,0.6631518,-0.74030244,,-0.08854337,0.26551306,-0.10873597,-0.36792555,0.24440636,0.8971602,-0.56847954,-0.8226479,-0.00902599,0.7358409,-0.513338,0.44161317,,-0.044088982,0.4103355,-0.34355822,-0.3653742,0.61749995,-0.6965597,-0.60003316,0.41585153,0.68339425,0.7116614,0.66765356,0.21857902,,1.2169096326559272,0.4699205726636872,0.21348211123000002,-1.4143586688031167,0.742072830226107,0.7046079631786508,-0.4160373364440093,,-1.2171027009777828,0.12589599131560797,0.19678589603000002,-0.305518247656952,1.2921713782817703,-1.3946061766037638,0.859843164130846,,-0.06878124415953153,-0.05048146695237099,0.0911007994,-0.09256525236364105,,4.0646642e-05,1.2814999e-05,-9.536743e-07,0.99999994,-2.9101968e-05,-2.6062131e-05,2.9094517e-05,1.0,-4.3213367e-06,2.6062131e-05,4.351139e-06,1.0,112,0.339,0,0,0.0,False,-0.2551118181419816,1.0343550043139773
0.3611278759781271,14:40:51.658533,14:39:31.673230,0,,0.09585051,0.035818316,0.03463322,0.4540971,-0.22380254,-0.86238515,0.06981313,-0.9560224,0.28486362,-0.8882128,-0.18956155,-0.41850266,,0.04788453,0.006730756,0.011657476,0.49778637,-0.62795466,0.5982321,0.1521323,0.74228954,0.652581,-0.85385275,-0.23383552,0.46503386,,0.08366135,1.2907679,0.42627734,0.9937993,0.08371726,-0.07317305,0.013451251,-0.74378836,-0.6682799,-0.11037182,0.6631518,-0.74030244,,-0.088696584,0.2663652,-0.10845992,-0.3665413,0.24796557,0.89675,-0.57188123,-0.8203072,-0.0069251447,0.7338933,-0.5153728,0.4424833,,-0.04408881,0.4103357,-0.34355798,-0.3653078,0.6174715,-0.6966198,-0.5999608,0.41600838,0.6833623,0.7117564,0.66758215,0.2184876,,1.2194735799701697,0.47344213885433356,0.21372451746,-1.408067970498581,0.7368806432350203,0.7096586309205204,-0.41571064831174076,,-1.2171027009777828,0.12589599131560797,0.19678719232000003,-0.305518247656952,1.2923080147815358,-1.3947175945074604,0.859843164130846,,-0.06878124415953153,-0.05048146695237099,0.0911007994,-0.09256525236364105,,4.0646642e-05,1.2814999e-05,-9.536743e-07,0.99999994,-2.9101968e-05,-2.6062131e-05,2.9094517e-05,1.0,-4.3213367e-06,2.6062131e-05,4.351139e-06,1.0,124,0.376,0,0,0.0,False,-0.2550522404234603,1.0339204825069621
0.39211715501733124,14:40:51.687397,14:39:31.819000,0,,0.09589222,0.03622616,0.034827262,0.45264137,-0.22645634,-0.8624577,0.06913957,-0.95538896,0.28714374,-0.88900816,-0.18960312,-0.41679153,,0.04788497,0.0067312624,0.011656404,0.49778637,-0.62795466,0.5982321,0.1521323,0.74228954,0.652581,-0.85385275,-0.23383552,0.46503386,,0.08366135,1.2907679,0.42627734,0.9937993,0.08371726,-0.07317305,0.013451251,-0.74378836,-0.6682799,-0.11037182,0.6631518,-0.74030244,,-0.088759795,0.26679432,-0.10832733,-0.36501062,0.25060633,0.89664024,-0.57280916,-0.8196786,-0.004087233,0.7339325,-0.5150956,0.442741,,-0.044089094,0.41033512,-0.34355685,-0.3653078,0.6174715,-0.6966198,-0.5999608,0.41600838,0.6833623,0.7117564,0.66758215,0.2184876,,1.2207709990930393,0.4751565855524114,0.21385285017000003,-1.404922621346313,0.7357875512368969,0.7107950103705134,-0.4155473042456064,,-1.2171027009777828,0.12589599131560797,0.19678848861,-0.305518247656952,1.2923080147815358,-1.3947175945074604,0.859843164130846,,-0.06878124415953153,-0.05048146695237099,0.0911007994,-0.09256525236364105,,4.0646642e-05,1.2814999e-05,-9.536743e-07,0.99999994,-2.9101968e-05,-2.6062131e-05,2.9094517e-05,1.0,-4.3213367e-06,2.6062131e-05,4.351139e-06,1.0,132,0.399,0,0,0.0,False,-0.2552309735790237,1.0342101637116388
0.42093211505562067,14:40:51.721201,14:39:31.819000,0,,0.09597652,0.03683675,0.035146832,0.45056722,-0.23014273,-0.8625679,0.066482246,-0.9548674,0.2894966,-0.8902637,-0.18778306,-0.4149316,,0.04788675,0.0067303684,0.011656582,0.4977949,-0.6279492,0.59823066,0.1521267,0.74229145,0.65258014,-0.8538488,-0.23384422,0.46503675,,0.08366135,1.2907679,0.42627734,0.9937993,0.08371726,-0.07317305,0.013451251,-0.74378836,-0.6682799,-0.11037182,0.6631518,-0.74030244,,-0.08887901,0.26745462,-0.10814884,-0.3628057,0.25409552,0.8965531,-0.5754729,-0.81782013,-0.0010935325,0.7329413,-0.51633877,0.4429349,,-0.04409084,0.41033444,-0.34355754,-0.36531654,0.6174674,-0.69661885,-0.5999629,0.41600245,0.6833641,0.7117502,0.66758966,0.21848497,,1.2227557414417152,0.4778286511268931,0.21401488642000002,-1.3990513029287464,0.7326449117422917,0.7145011245174989,-0.4155473042456064,,-1.217110423710657,0.12588826858273372,0.19678848861,-0.305518247656952,1.2923080147815358,-1.3947175945074604,0.859843164130846,,-0.06878124415953153,-0.05048146695237099,0.0911007994,-0.09256525236364105,,4.0646642e-05,1.2814999e-05,-9.536743e-07,0.99999994,-2.9101968e-05,-2.6062131e-05,2.9094517e-05,1.0,-4.3213367e-06,2.6062131e-05,4.351139e-06,1.0,140,0.424,0,0,0.0,False,-0.2546351963938136,1.0343067241131978
0.45479603204876184,14:40:51.742463,14:39:31.819000,0,,0.096037194,0.037407078,0.03538543,0.44775343,-0.23488814,-0.8627539,0.065913975,-0.95358384,0.29382506,-0.89172435,-0.18842867,-0.4114881,,0.04788847,0.006731799,0.011656344,0.49775463,-0.6278336,0.59838545,0.15209714,0.7424215,0.65243906,-0.85387754,-0.23374188,0.46503538,,0.08366135,1.2907679,0.42627734,0.9937993,0.08371726,-0.07317305,0.013451251,-0.74378836,-0.6682799,-0.11037182,0.6631518,-0.74030244,,-0.088966586,0.26803273,-0.10793908,-0.35985976,0.25887176,0.896374,-0.5766707,-0.8169647,0.0044272617,0.73345196,-0.51531947,0.4432765,,-0.044092577,0.41033497,-0.3435562,-0.36527076,0.6173306,-0.69676405,-0.5999975,0.41614625,0.68324614,0.71174455,0.66762656,0.21839078,,1.2244933563384155,0.4801840846535316,0.21423136685000002,-1.3938090543416335,0.7319617292434645,0.7151398927761217,-0.415383960179472,,-1.217110423710657,0.12588826858273372,0.19678978490000001,-0.3053085577134675,1.2923080147815358,-1.3947175945074604,0.859843164130846,,-0.06878124415953153,-0.05048146695237099,0.0911007994,-0.09256525236364105,,4.0646642e-05,1.2814999e-05,-9.536743e-07,0.99999994,-2.9101968e-05,-2.6062131e-05,2.9094517e-05,1.0,-4.3213367e-06,2.6062131e-05,4.351139e-06,1.0,159,0.482,0,0,0.0,False,-0.25540970673458663,1.0344515647155361
0.47603460610844195,14:40:51.802629,14:39:31.819000,0,,0.09617452,0.038366757,0.03574574,0.44402832,-0.24208552,-0.8626897,0.062538326,-0.95208824,0.29936087,-0.8938276,-0.18687579,-0.40761456,,0.047887564,0.0067336466,0.01165396,0.49774608,-0.627839,0.5983869,0.15210274,0.7424196,0.6524399,-0.85388154,-0.23373315,0.46503252,,0.08366135,1.2907679,0.42627734,0.9937993,0.08371726,-0.07317305,0.013451251,-0.74378836,-0.6682799,-0.11037182,0.6631518,-0.74030244,,-0.08914503,0.2689756,-0.10755328,-0.3559245,0.26587424,0.8958955,-0.5803169,-0.8143149,0.0111132935,0.7324958,-0.5159478,0.44412592,,-0.044091396,0.41033456,-0.34355327,-0.36526203,0.6173347,-0.696765,-0.59999543,0.4161522,0.68324435,0.71175075,0.66761905,0.2183934,,1.227157699180023,0.4839759464947758,0.21459692063000002,-1.3850020767152833,0.7282725437497977,0.7184748911364874,-0.4153839601794722,,-1.2171027009777828,0.12589599131560797,0.19679237748000003,-0.3053085577134675,1.2923080147815358,-1.3947175945074604,0.859843164130846,,-0.06878124415953153,-0.05048146695237099,0.0911007994,-0.09256525236364105,,4.0646642e-05,1.2814999e-05,-9.536743e-07,0.99999994,-2.9101968e-05,-2.6062131e-05,2.9094517e-05,1.0,-4.3213367e-06,2.6062131e-05,4.351139e-06,1.0,167,0.507,0,0,0.0,False,-0.25493308498641865,1.034017042908521
0.5362070431001484,14:40:51.826078,14:39:31.968137,0,,0.09623116,0.038634576,0.035802007,0.44417354,-0.24279825,-0.86241454,0.061047673,-0.9521409,0.29950088,-0.89385855,-0.18567872,-0.40809366,,0.047888577,0.006732961,0.01165241,0.49774835,-0.62783605,0.5983882,0.15209538,0.7424202,0.6524409,-0.8538815,-0.23373932,0.46502936,,0.08366135,1.2907679,0.42627734,0.9937993,0.08371726,-0.07317305,0.013451251,-0.74378836,-0.6682799,-0.11037182,0.6631518,-0.74030244,,-0.089208774,0.26920792,-0.10741166,-0.35605535,0.2664682,0.89566696,-0.5814542,-0.81350636,0.010878691,0.7315296,-0.5169159,0.44459236,,-0.044092122,0.4103328,-0.34355274,-0.36526385,0.6173327,-0.6967659,-0.6000006,0.41614765,0.6832425,0.71174544,0.66762376,0.2183963,,1.2277523496113383,0.48503396089854456,0.21472525334000003,-1.3835342471108918,0.726222996253316,0.7202278384320743,-0.4155473042456064,,-1.2171027009777828,0.12588826858273372,0.19679367377,-0.3053085577134675,1.2923080147815358,-1.3947175945074604,0.859843164130846,,-0.06878124415953153,-0.05048146695237099,0.0911007994,-0.09256525236364105,,4.0646642e-05,1.2814999e-05,-9.536743e-07,0.99999994,-2.9101968e-05,-2.6062131e-05,2.9094517e-05,1.0,-4.3213367e-06,2.6062131e-05,4.351139e-06,1.0,175,0.53,0,0,0.0,False,-0.2551713958605024,1.0337756419046236
0.5596694538835436,14:40:51.852834,14:39:31.968137,0,,0.096284956,0.038893797,0.035850167,0.44356883,-0.24440317,-0.86227244,0.059946507,-0.95185447,0.3006319,-0.8942333,-0.18504116,-0.40756184,,0.04788737,0.006732544,0.011651814,0.49774203,-0.6278873,0.59833956,0.15209359,0.7423657,0.6525034,-0.85388553,-0.23377478,0.46500427,,0.08366135,1.2907679,0.42627734,0.9937993,0.08371726,-0.07317305,0.013451251,-0.74378836,-0.6682799,-0.11037182,0.6631518,-0.74030244,,-0.08926884,0.26942867,-0.10726998,-0.35540926,0.2680018,0.89546597,-0.58247894,-0.8127563,0.012062679,0.7310284,-0.5173029,0.4449665,,-0.04409082,0.4103323,-0.3435527,-0.36525694,0.61739165,-0.69671726,-0.6000038,0.41609323,0.6832729,0.71174634,0.6676032,0.21845639,,1.228292940912534,0.4860147479735711,0.21485877121000002,-1.3814373476760464,0.724993267755427,0.7212305995653421,-0.4155473042456064,,-1.2170949782449085,0.12588826858273372,0.19679367377,-0.3053085577134675,1.2923080147815358,-1.3946359157673196,0.8596798200647118,,-0.06878124415953153,-0.05048146695237099,0.0911007994,-0.09256525236364105,,4.0646642e-05,1.2814999e-05,-9.536743e-07,0.99999994,-2.9101968e-05,-2.6062131e-05,2.9094517e-05,1.0,-4.3213367e-06,2.6062131e-05,4.351139e-06,1.0,183,0.555,0,0,0.0,False,-0.25535012901606535,1.0342584439124183
0.5864096449222416,14:40:51.872883,14:39:31.968137,0,,0.09633976,0.03914442,0.035896063,0.44345292,-0.24525541,-0.86209005,0.05946088,-0.9516657,0.301325,-0.89432317,-0.18488401,-0.4074359,,0.047890335,0.0067357924,0.011651516,0.49777588,-0.627772,0.5984324,0.15195769,0.74244404,0.65244585,-0.85388994,-0.23383543,0.46496558,,0.08366135,1.2907679,0.42627734,0.9937993,0.08371726,-0.07317305,0.013451251,-0.74378836,-0.6682799,-0.11037182,0.6631518,-0.74030244,,-0.08932962,0.26964146,-0.10713232,-0.3552817,0.2688335,0.89526725,-0.5828912,-0.8124517,0.012648327,0.7307617,-0.5173497,0.44534993,,-0.04409387,0.41033378,-0.34354994,-0.3652826,0.61728334,-0.69679976,-0.6001023,0.41608337,0.6831924,0.7116501,0.6677094,0.21844517,,1.2287871958164844,0.4869955350485976,0.21498969650000002,-1.3803888979586239,0.7240368122570688,0.7220105248912171,-0.4155473042456064,,-1.2171027009777828,0.12589599131560797,0.19679497006000002,-0.30509886776998296,1.2921713782817703,-1.3945244978636233,0.8596798200647118,,-0.06878124415953153,-0.05048146695237099,0.0911007994,-0.09256525236364105,,4.0646642e-05,1.2814999e-05,-9.536743e-07,0.99999994,-2.9101968e-05,-2.6062131e-05,2.9094517e-05,1.0,-4.3213367e-06,2.6062131e-05,4.351139e-06,1.0,191,0.579,0,0,0.0,False,-0.25535012901606535,1.0342101637116388
0.6064766249619424,14:40:51.903009,14:39:31.968137,0,,0.096432954,0.03949686,0.035946846,0.44221464,-0.24784483,-0.8619855,0.059016824,-0.9509387,0.30369803,-0.89496547,-0.18517143,-0.40589204,,0.047890335,0.0067357924,0.011651516,0.49777588,-0.627772,0.5984324,0.15195769,0.74244404,0.65244585,-0.85388994,-0.23383543,0.46496558,,0.08366135,1.2907679,0.42627734,0.9937993,0.08371726,-0.07317305,0.013451251,-0.74378836,-0.6682799,-0.11037182,0.6631518,-0.74030244,,-0.089429826,0.2699304,-0.106927514,-0.35398397,0.27143323,0.8949968,-0.583562,-0.81192195,0.015431325,0.7308561,-0.5168237,0.44580546,,-0.04409387,0.41033378,-0.34354994,-0.3652826,0.61728334,-0.69679976,-0.6001023,0.41608337,0.6831924,0.7116501,0.6677094,0.21844517,,1.229350955316303,0.48834701330158686,0.21518802887000002,-1.377662928693325,0.7236269027577726,0.7223447786023063,-0.4155473042456064,,-1.2171027009777828,0.12589599131560797,0.19679497006000002,-0.30509886776998296,1.2921713782817703,-1.3945244978636233,0.8596798200647118,,-0.06878124415953153,-0.05048146695237099,0.0911007994,-0.09256525236364105,,4.0646642e-05,1.2814999e-05,-9.536743e-07,0.99999994,-2.9101968e-05,-2.6062131e-05,2.9094517e-05,1.0,-4.3213367e-06,2.6062131e-05,4.351139e-06,1.0,202,0.613,0,0,0.0,False,-0.2551118181419816,1.0334376804991676
0.6365691930986941,14:40:51.926429,14:39:31.968137,0,,0.09651066,0.039861538,0.035962343,0.44086477,-0.25038084,-0.8619441,0.05864501,-0.9502176,0.3060184,-0.89565563,-0.18546137,-0.40423393,,0.047891356,0.0067350175,0.011649966,0.49777812,-0.627769,0.59843373,0.15195036,0.7424447,0.65244687,-0.85388994,-0.2338416,0.46496248,,0.08366135,1.2907679,0.42627734,0.9937993,0.08371726,-0.07317305,0.013451251,-0.74378836,-0.6682799,-0.11037182,0.6631518,-0.74030244,,-0.08951129,0.270206,-0.10668943,-0.352571,0.27398014,0.8947785,-0.5842033,-0.811402,0.018255806,0.7310268,-0.5162961,0.44613695,,-0.044094596,0.41033202,-0.34354943,-0.3652844,0.6172813,-0.69680065,-0.60010755,0.4160788,0.6831906,0.7116447,0.6677142,0.21844807,,1.2299147148161211,0.4895980960272112,0.21542265736000002,-1.3749369594280263,0.7233536297582418,0.7226492931498396,-0.41571064831174054,,-1.2171027009777828,0.12588826858273372,0.19679626635000003,-0.30509886776998296,1.2921713782817703,-1.3945244978636233,0.8596798200647118,,-0.06878124415953153,-0.05048146695237099,0.0911007994,-0.09256525236364105,,4.0646642e-05,1.2814999e-05,-9.536743e-07,0.99999994,-2.9101968e-05,-2.6062131e-05,2.9094517e-05,1.0,-4.3213367e-06,2.6062131e-05,4.351139e-06,1.0,210,0.638,0,0,0.0,False,-0.2549926627049395,1.0335342409007262
0.6600027000531554,14:40:51.959602,14:39:32.091418,0,,0.09656437,0.040190198,0.03596452,0.44121724,-0.25053844,-0.86171794,0.058893055,-0.9500841,0.30638474,-0.89546573,-0.18593135,-0.40443864,,0.047890633,0.0067379978,0.011649728,0.49777368,-0.62782395,0.5983798,0.15196508,0.7423901,0.6525055,-0.85388994,-0.23386724,0.46494955,,0.08366135,1.2907679,0.42627734,0.9937993,0.08371726,-0.07317305,0.013451251,-0.74378836,-0.6682799,-0.11037182,0.6631518,-0.74030244,,-0.089567326,0.27044764,-0.10646724,-0.352942,0.27418151,0.8945705,-0.5839173,-0.8116051,0.018375473,0.73107624,-0.5158698,0.44654888,,-0.044093993,0.41033387,-0.34354705,-0.3652808,0.61734235,-0.69674844,-0.60009706,0.4160321,0.6832282,0.71165544,0.6676868,0.2184968,,1.2304630288501912,0.4907178922939738,0.21564173037000003,-1.3749369594280263,0.7226704472594145,0.7232063826683217,-0.41571064831174054,,-1.2171027009777828,0.1259037140484822,0.19679756264,-0.30509886776998296,1.2921713782817703,-1.3944428191234828,0.8595164759985775,,-0.06878124415953153,-0.05048146695237099,0.0911007994,-0.09256525236364105,,4.0646642e-05,1.2814999e-05,-9.536743e-07,0.99999994,-2.9101968e-05,-2.6062131e-05,2.9094517e-05,1.0,-4.3213367e-06,2.6062131e-05,4.351139e-06,1.0,218,0.661,0,0,0.0,False,-0.25535012901606535,1.0334376804991676
0.6931959760840982,14:40:51.981509,14:39:32.091418,0,,0.09660576,0.04040163,0.035966575,0.44053772,-0.25170025,-0.86172694,0.05892244,-0.94971454,0.3075231,-0.8957984,-0.18625048,-0.40355432,,0.047889866,0.006738117,0.011647999,0.4977674,-0.62782633,0.5983825,0.1519633,0.74238884,0.6525073,-0.8538939,-0.23386472,0.4649436,,0.08366135,1.2907679,0.42627734,0.9937993,0.08371726,-0.07317305,0.013451251,-0.74378836,-0.6682799,-0.11037182,0.6631518,-0.74030244,,-0.089610234,0.27060306,-0.106324315,-0.3522337,0.27536607,0.89448583,-0.5840695,-0.81146187,0.019810403,0.7312963,-0.515464,0.44665715,,-0.04409297,0.4103328,-0.34354585,-0.3652739,0.6173444,-0.6967502,-0.6001002,0.4160335,0.68322456,0.7116563,0.6676841,0.21850234,,1.2307796608980344,0.4914206609855282,0.21578432227000002,-1.373678819767119,0.7226704472594145,0.7233697401486028,-0.41571064831174076,,-1.2170949782449085,0.1259037140484822,0.19679885893000001,-0.30509886776998296,1.2921713782817703,-1.3944428191234828,0.8595164759985775,,-0.06878124415953153,-0.05048146695237099,0.0911007994,-0.09256525236364105,,4.0646642e-05,1.2814999e-05,-9.536743e-07,0.99999994,-2.9101968e-05,-2.6062131e-05,2.9094517e-05,1.0,-4.3213367e-06,2.6062131e-05,4.351139e-06,1.0,226,0.686,0,0,0.0,False,-0.2551713958605024,1.0332445596960498
0.715096608037129,14:40:52.007456,14:39:32.091418,0,,0.09665476,0.040678717,0.035964966,0.44046968,-0.2522355,-0.8616052,0.059518248,-0.9494042,0.3083656,-0.89579237,-0.18710697,-0.40317118,,0.04789458,0.006739041,0.011648536,0.49774188,-0.62765396,0.5985845,0.15192994,0.7425753,0.652303,-0.85391474,-0.23373562,0.46497023,,0.08366135,1.2907679,0.42627734,0.9937993,0.08371726,-0.07317305,0.013451251,-0.74378836,-0.6682799,-0.11037182,0.6631518,-0.74030244,,-0.08966085,0.27080426,-0.1061342,-0.35217085,0.2759794,0.89432156,-0.58361846,-0.8117646,0.02068261,0.73168653,-0.51465875,0.4469465,,-0.044097763,0.41033316,-0.34354526,-0.3652437,0.6171445,-0.6969431,-0.6001338,0.41622576,0.68307805,0.7116435,0.66774905,0.21834542,,1.2311966884732424,0.49235511166330936,0.21597487690000003,-1.3734691298236346,0.7226704472594145,0.7233697401486028,-0.41571064831174076,,-1.217110423710657,0.12589599131560797,0.19680015522000002,-0.3048891778264984,1.2921713782817703,-1.3945244978636235,0.8590264438001745,,-0.06878124415953153,-0.05048146695237099,0.0911007994,-0.09256525236364105,,4.0646642e-05,1.2814999e-05,-9.536743e-07,0.99999994,-2.9101968e-05,-2.6062131e-05,2.9094517e-05,1.0,-4.3213367e-06,2.6062131e-05,4.351139e-06,1.0,238,0.723,0,0,0.0,False,-0.2552905512975445,1.0319409942750042
0.7410485011059791,14:40:52.038778,14:39:32.091418,0,,0.09669325,0.040901773,0.03592992,0.4410342,-0.25181663,-0.861439,0.06030804,-0.94934636,0.3083899,-0.8954618,-0.18796211,-0.4035077,,0.047895454,0.0067400243,0.01164633,0.49774188,-0.6275562,0.598687,0.15192994,0.7426818,0.6521816,-0.85391474,-0.23365964,0.46500844,,0.08366135,1.2907679,0.42627734,0.9937993,0.08371726,-0.07317305,0.013451251,-0.74378836,-0.6682799,-0.11037182,0.6631518,-0.74030244,,-0.08969736,0.27094376,-0.10595626,-0.35277036,0.2756448,0.89418846,-0.58285147,-0.81232095,0.020464737,0.73200905,-0.5139597,0.44722274,,-0.044098325,0.41033202,-0.343543,-0.3652437,0.6170307,-0.6970439,-0.6001338,0.41633734,0.68301004,0.7116435,0.6677847,0.21823633,,1.2314438159252177,0.4930501576219896,0.21615246863,-1.3743078895975727,0.7226704472594145,0.7233697401486028,-0.41571064831174076,,-1.217110423710657,0.12589599131560797,0.1968027478,-0.3048891778264984,1.2921713782817703,-1.3946878553439046,0.8580463794033689,,-0.06878124415953153,-0.05048146695237099,0.0911007994,-0.09256525236364105,,4.0646642e-05,1.2814999e-05,-9.536743e-07,0.99999994,-2.9101968e-05,-2.6062131e-05,2.9094517e-05,1.0,-4.3213367e-06,2.6062131e-05,4.351139e-06,1.0,249,0.757,0,0,0.0,False,-0.25540970673458663,1.0309753902594152
0.7723691728897393,14:40:52.072165,14:39:32.091418,0,,0.09672959,0.041033395,0.035906315,0.44057858,-0.2521733,-0.8615678,0.06283817,-0.9487181,0.3098149,-0.8955121,-0.19063711,-0.40213883,,0.04789791,0.0067475345,0.011634231,0.49773112,-0.62761354,0.59863573,0.15194288,0.7426261,0.6522422,-0.8539187,-0.23368277,0.4649896,,0.08366135,1.2907679,0.42627734,0.9937993,0.08371726,-0.07317305,0.013451251,-0.74378836,-0.6682799,-0.11037182,0.6631518,-0.74030244,,-0.0897322,0.2710232,-0.10584821,-0.35233024,0.27625403,0.894174,-0.5809748,-0.81361204,0.02244373,0.7337109,-0.51158494,0.44715676,,-0.044099238,0.41032776,-0.3435292,-0.36523318,0.61709374,-0.6969935,-0.60012645,0.41629204,0.6830441,0.7116551,0.6677546,0.2182906,,1.2314360931923434,0.49349035339582037,0.21627172731000002,-1.3751466493715108,0.724993267755427,0.7215573145259043,-0.4155473042456064,,-1.2171027009777828,0.1259114367813564,0.19681700699000002,-0.3048891778264984,1.2921713782817703,-1.3946061766037638,0.857556347204966,,-0.06878124415953153,-0.05048146695237099,0.0911007994,-0.09256525236364105,,4.0646642e-05,1.2814999e-05,-9.536743e-07,0.99999994,-2.9101968e-05,-2.6062131e-05,2.9094517e-05,1.0,-4.3213367e-06,2.6062131e-05,4.351139e-06,1.0,257,0.781,0,0,0.0,False,-0.2552309735790237,1.0300580664446055
0.8057594739366323,14:40:52.103532,14:39:32.091418,0,,0.096744925,0.04104478,0.03587258,0.441273,-0.25096405,-0.8615655,0.065048695,-0.9486261,0.30964017,-0.8950122,-0.19267958,-0.40227824,,0.047909297,0.0067625847,0.011610866,0.49769258,-0.6273548,0.59893894,0.15192989,0.74291575,0.6519152,-0.85394347,-0.23345666,0.46505767,,0.08366135,1.2907679,0.42627734,0.9937993,0.08371726,-0.07317305,0.013451251,-0.74378836,-0.6682799,-0.11037182,0.6631518,-0.74030244,,-0.089744285,0.2710081,-0.10581458,-0.35308567,0.2752474,0.89418644,-0.57904947,-0.81498957,0.022220984,0.7348689,-0.5099322,0.44714296,,-0.0441076,0.4103189,-0.34350172,-0.36519065,0.61678815,-0.69728625,-0.60014737,0.41661087,0.6828312,0.71165925,0.6678381,0.2180214,,1.2312353021376137,0.49354441252593995,0.21631191230000002,-1.3774532387498404,0.7266329057526123,0.7202202996815473,-0.4155473042456064,,-1.217110423710657,0.12592688224710485,0.19684682166000003,-0.30467948788301386,1.2921713782817703,-1.3948512128241857,0.8560862506097576,,-0.06878124415953153,-0.05048146695237099,0.0911007994,-0.09256525236364105,,4.0646642e-05,1.2814999e-05,-9.536743e-07,0.99999994,-2.9101968e-05,-2.6062131e-05,2.9094517e-05,1.0,-4.3213367e-06,2.6062131e-05,4.351139e-06,1.0,265,0.805,0,0,0.0,False,-0.25576717304571295,1.0300580664446055
0.8371256398968399,14:40:52.125339,14:39:32.263429,0,,0.09676018,0.04100562,0.035842657,0.44070902,-0.25151166,-0.86169446,0.0661217,-0.9482412,0.31059054,-0.89521146,-0.19385666,-0.40126815,,0.04791809,0.00677385,0.011587858,0.49776047,-0.6273576,0.59887964,0.15182179,0.74286294,0.65200055,-0.8539231,-0.23361717,0.4650144,,0.08366135,1.2907679,0.42627734,0.9937993,0.08371726,-0.07317305,0.013451251,-0.74378836,-0.6682799,-0.11037182,0.6631518,-0.74030244,,-0.08975629,0.27095804,-0.10581769,-0.3525128,0.27590352,0.8942102,-0.57834613,-0.8154498,0.02360859,0.73569727,-0.50884074,0.44702423,,-0.044113256,0.41030818,-0.34347752,-0.36525515,0.6168188,-0.6972254,-0.6002145,0.4164586,0.68286514,0.71156955,0.6679048,0.21810992,,1.2309495610212673,0.4933976806013297,0.21631320859000003,-1.3774532387498404,0.7281359072500322,0.7189947027408866,-0.4155473042456064,,-1.217110423710657,0.12593460497997908,0.19687274746000002,-0.30467948788301386,1.292034741782005,-1.3947397949204894,0.8560862506097576,,-0.06878124415953153,-0.05048146695237099,0.0911007994,-0.09256525236364105,,4.0646642e-05,1.2814999e-05,-9.536743e-07,0.99999994,-2.9101968e-05,-2.6062131e-05,2.9094517e-05,1.0,-4.3213367e-06,2.6062131e-05,4.351139e-06,1.0,273,0.829,0,0,0.0,False,-0.25493308498641865,1.0298166654407082
0.8588726730085909,14:40:52.152511,14:39:32.263429,0,,0.09679523,0.040895797,0.03576511,0.43988523,-0.25205323,-0.8619571,0.06768149,-0.9477713,0.31168708,-0.89549994,-0.19544506,-0.3998513,,0.047931097,0.0067959633,0.011550307,0.4977516,-0.6273697,0.5988742,0.15185127,0.74286044,0.65199655,-0.8539231,-0.23359258,0.46502686,,0.08366135,1.2907679,0.42627734,0.9937993,0.08371726,-0.07317305,0.013451251,-0.74378836,-0.6682799,-0.11037182,0.6631518,-0.74030244,,-0.089782886,0.27082238,-0.105831586,-0.3516762,0.2765928,0.8943267,-0.5773227,-0.81612134,0.025385147,0.73690045,-0.5073878,0.44669378,,-0.04412136,0.4102934,-0.3434353,-0.36524794,0.616827,-0.6972219,-0.60019356,0.41647682,0.6828724,0.71159095,0.66788584,0.21809831,,1.2302622377954613,0.4929883757589958,0.21630283827000002,-1.3774532387498404,0.7305953642458101,0.7173158954349131,-0.41652736864241224,,-1.217110423710657,0.125965495911476,0.19691811761000003,-0.30467948788301386,1.292034741782005,-1.3947397949204894,0.8560862506097576,,-0.06878124415953153,-0.05048146695237099,0.0911007994,-0.09256525236364105,,4.0646642e-05,1.2814999e-05,-9.536743e-07,0.99999994,-2.9101968e-05,-2.6062131e-05,2.9094517e-05,1.0,-4.3213367e-06,2.6062131e-05,4.351139e-06,1.0,281,0.854,0,0,0.0,False,-0.25439688551972894,1.0302511872477231
0.8860767649021,14:40:52.175458,14:39:32.263429,0,,0.09682001,0.04078787,0.035690546,0.44147182,-0.24957195,-0.8618681,0.06810427,-0.9484483,0.3095279,-0.8946868,-0.19534466,-0.40171635,,0.047937855,0.006813517,0.011523426,0.49778083,-0.62754947,0.59866154,0.15191758,0.7426741,0.6521933,-0.8538942,-0.23370215,0.46502477,,0.08366135,1.2907679,0.42627734,0.9937993,0.08371726,-0.07317305,0.013451251,-0.74378836,-0.6682799,-0.11037182,0.6631518,-0.74030244,,-0.08979957,0.27069083,-0.10584712,-0.353337,0.27411836,0.894434,-0.5765783,-0.8167311,0.022533285,0.7366888,-0.5077494,0.44663203,,-0.044124734,0.4102843,-0.34340397,-0.36528474,0.6170311,-0.69702196,-0.60013276,0.41630006,0.6830336,0.71162325,0.6678075,0.21823254,,1.2297062010285171,0.4926408527796557,0.21627820876000003,-1.3797598281281702,0.7305953642458101,0.7178059678757566,-0.4155473042456066,,-1.217110423710657,0.1260041095758471,0.19695052486000003,-0.3048891778264984,1.292034741782005,-1.3946581161803489,0.8559229065436232,,-0.06878124415953153,-0.05048146695237099,0.0911007994,-0.09256525236364105,,4.0646642e-05,1.2814999e-05,-9.536743e-07,0.99999994,-2.9101968e-05,-2.6062131e-05,2.9094517e-05,1.0,-4.3213367e-06,2.6062131e-05,4.351139e-06,1.0,296,0.9,0,0,0.0,False,-0.2541585746456452,1.030009786243826
