Task Time,PC1 Time,PC2 Time,Gaze Calib,s_T_psm1,Tx,Ty,Tz,R00,R01,R02,R10,R11,R12,R20,R21,R22,s_T_psm3,Tx,Ty,Tz,R00,R01,R02,R10,R11,R12,R20,R21,R22,cart_T_ecm,Tx,Ty,Tz,R00,R01,R02,R10,R11,R12,R20,R21,R22,ecm_T_psm1,Tx,Ty,Tz,R00,R01,R02,R10,R11,R12,R20,R21,R22,ecm_T_psm3,Tx,Ty,Tz,R00,R01,R02,R10,R11,R12,R20,R21,R22,psm1_joints,q1,q2,q3,q4,q5,q6,jaw,psm3_joints,q1,q2,q3,q4,q5,q6,jaw,ecm_joints,q1,q2,q3,q4,ecmi_T_ecm,Tx,Ty,Tz,R00,R01,R02,R10,R11,R12,R20,R21,R22,Sample #,Task Duration (s),Collisions (binary),Collisions (increments),Cumulative Collision Time (s),Clutch Press,MTMR Angle,MTML Angle
""
lci_T_si,,,,,-0.049124364,0.02991215,0.20692563,0.9896189,-0.012728876,0.14315182,0.085764766,-0.7469579,-0.65931654,0.115320735,0.6647495,-0.7381119
rci_T_si,,,,,-0.058113385,0.033566415,0.21507215,0.9884834,-0.028870352,0.14854968,0.08002212,-0.73343956,-0.675028,0.1284405,0.6791413,-0.7226826
ecm_T_lc,,,,,-4.4061628e-05,-0.00034663224,-0.01840835,-0.99912,0.030754527,0.028518902,-0.031987965,-0.99852574,-0.043852776,0.027128186,-0.04472645,0.9986309
ecm_T_rc,,,,,-0.0043358393,0.01870579,-0.007592615,-0.99555075,-0.052743673,-0.078081585,0.04863213,-0.9973746,0.053654674,-0.08070653,0.04961868,0.9955021
cart_T_ecmi,,,,,0.0835391,1.2908473,0.4262244,0.99383307,0.08264993,-0.07392409,0.012264122,-0.7445041,-0.66750526,-0.110206045,0.6624822,-0.74092644
ecmac_T_ecmrep_psm1,,,,,0.023195708,-0.2631036,-0.30022871,0.99664557,0.07921609,0.02055357,-0.078295335,0.99603295,-0.04228661,-0.023821812,0.040535513,0.9988941
ecmac_T_ecmrep_psm3,,,,,0.022281613,-0.4507852,-0.5326207,0.99995744,0.002629678,0.008843231,-0.0032003638,0.99787027,0.06515156,-0.008653069,-0.06517708,0.9978362
""
0,13:56:53.241277,13:55:33.267871,0,,0.12656079,0.0005109608,0.026460871,0.30870774,0.9348414,-0.17541693,-0.1987359,0.24374956,0.94925773,0.93016315,-0.25818157,0.26103395,,0.0425701,-0.03029665,0.017764032,-0.6192463,0.19466886,0.7606827,0.76182866,0.3835457,0.52202475,-0.19013461,0.9027716,-0.3858135,,0.08361586,1.2908477,0.4262142,0.9938341,0.0825914,-0.07397657,0.012185989,-0.7445106,-0.6674994,-0.110206045,0.6624822,-0.74092644,,-0.119494244,0.255217,-0.10300712,-0.42514554,-0.8842131,0.19343856,0.4605134,-0.027324088,0.8872321,-0.7792167,0.4662838,0.4188087,,-0.042338956,0.40885323,-0.35701397,0.6488408,-0.34785578,-0.67675847,0.44929588,0.8929375,-0.028210908,0.6141163,-0.2857604,0.7356644,,1.083916449828907,0.4995758669007093,0.21821745860000002,3.238451487174994,-0.9494870368700457,-0.8570447853008767,-0.40476659588074404,,-1.188428193815787,0.14552717828188666,0.17926135152000003,-3.637072069739075,0.2358345985951502,0.6235816334840529,0.8766676029426769,,-0.06956009733823401,-0.051437034717837886,0.09109722752,-0.09158399527144698,,7.741153e-05,-7.1525574e-07,1.66893e-06,1.0,-5.824864e-05,-5.208701e-05,5.825609e-05,1.0,-8.672476e-06,5.208701e-05,8.702278e-06,1.0,36,0.109,0,0,0.0,False,-0.25636295023092304,1.0513013547875674
0.12077046814374626,13:56:53.271430,13:55:33.267871,0,,0.12653929,0.00057388097,0.026647374,0.30539158,0.935824,-0.17598142,-0.2007846,0.24394023,0.9487775,0.9308176,-0.2544143,0.2623963,,0.042574298,-0.030299183,0.017764688,-0.61947876,0.19537008,0.76031345,0.7615819,0.38444066,0.5217265,-0.19036563,0.9022393,-0.38694307,,0.08361586,1.2908477,0.4262142,0.9938341,0.0825914,-0.07397657,0.012185989,-0.7445106,-0.6674994,-0.110206045,0.6624822,-0.74092644,,-0.11949136,0.25538903,-0.103105046,-0.4220407,-0.88561714,0.19381419,0.45955503,-0.024707753,0.8878056,-0.7814671,0.46375835,0.41741747,,-0.04234323,0.4088515,-0.35701576,0.6491085,-0.34844536,-0.6761982,0.4489908,0.89305943,-0.02919067,0.6140565,-0.28465882,0.73614126,,1.0843798138013603,0.5001010127361566,0.21813838491,3.2348867581357577,-0.9526296763646508,-0.8550539246968429,-0.40460325181460965,,-1.1884436392815356,0.145504010083264,0.17926135152000003,-3.637491449626044,0.2358345985951502,0.622274773641804,0.876667602942677,,-0.06956009733823401,-0.051437034717837886,0.09109722752,-0.09158399527144698,,7.741153e-05,-7.1525574e-07,1.66893e-06,1.0,-5.824864e-05,-5.208701e-05,5.825609e-05,1.0,-8.672476e-06,5.208701e-05,8.702278e-06,1.0,43,0.131,0,0,0.0,False,-0.25588632848275505,1.0507219923782136
0.15109783504158258,13:56:53.293891,13:55:33.346742,0,,0.1265186,0.0006267503,0.026793107,0.30098206,0.9367563,-0.17859852,-0.20171353,0.24558304,0.9481565,0.93205225,-0.2493523,0.2628725,,0.042574808,-0.030301835,0.01776278,-0.61991626,0.19535595,0.7599605,0.76125264,0.38456833,0.52211285,-0.19025889,0.90218794,-0.3871153,,0.08361586,1.2908477,0.4262142,0.9938341,0.0825914,-0.07397657,0.012185989,-0.7445106,-0.6674994,-0.110206045,0.6624822,-0.74092644,,-0.119485065,0.25552636,-0.1031796,-0.41786033,-0.887046,0.19632156,0.4598594,-0.020145467,0.8877632,-0.7835318,0.46124133,0.41633442,,-0.042343423,0.4088483,-0.35701644,0.6495177,-0.34842142,-0.67581743,0.4489033,0.8931092,-0.029013379,0.6136877,-0.28453198,0.7364978,,1.0846346639862097,0.5004871493798678,0.21808264444000003,3.2288057497747062,-0.9556356793594905,-0.8527660882958027,-0.405256628079147,,-1.1884436392815356,0.14546539641889286,0.17926135152000003,-3.637910829513013,0.2354246890958539,0.6221189549120496,0.8766676029426765,,-0.06956009733823401,-0.051437034717837886,0.09109722752,-0.09158399527144698,,7.741153e-05,-7.1525574e-07,1.66893e-06,1.0,-5.824864e-05,-5.208701e-05,5.825609e-05,1.0,-8.672476e-06,5.208701e-05,8.702278e-06,1.0,51,0.154,0,0,0.0,False,-0.25540970673458663,1.0505771517758753
0.1735617199447006,13:56:53.321208,13:55:33.346742,0,,0.1265569,0.00065822154,0.026938275,0.3008033,0.9370019,-0.17760876,-0.20311734,0.24490574,0.9480319,0.931805,-0.24909575,0.2639897,,0.042578086,-0.03030273,0.017763138,-0.62003875,0.19545236,0.7598357,0.7612034,0.38446826,0.52225816,-0.19005606,0.9022097,-0.38716418,,0.08361586,1.2908477,0.4262142,0.9938341,0.0825914,-0.07397657,0.012185989,-0.7445106,-0.6674994,-0.110206045,0.6624822,-0.74092644,,-0.11953834,0.25564513,-0.1032608,-0.41772804,-0.8873551,0.19520304,0.45865706,-0.02048787,0.88837713,-0.7843067,0.4606313,0.41555005,,-0.042346712,0.4088475,-0.35701692,0.64960223,-0.3485209,-0.6756849,0.44903412,0.89304596,-0.028935993,0.61350244,-0.2846087,0.73662245,,1.0848431777738137,0.5010586316125604,0.21800357075000001,3.229644509548644,-0.9563188618583177,-0.8527807499583046,-0.40509328401301237,,-1.1884668074801583,0.1454422282202702,0.17926135152000003,-3.637910829513013,0.235151416096323,0.6220967544990208,0.8761775707442738,,-0.06956009733823401,-0.051437034717837886,0.09109722752,-0.09158399527144698,,7.741153e-05,-7.1525574e-07,1.66893e-06,1.0,-5.824864e-05,-5.208701e-05,5.825609e-05,1.0,-8.672476e-06,5.208701e-05,8.702278e-06,1.0,59,0.179,0,0,0.0,False,-0.2556480176086704,1.0513496349883464
0.2008846141397953,13:56:53.341801,13:55:33.346742,0,,0.12657209,0.0006888285,0.027062759,0.29791492,0.9379449,-0.17749962,-0.20485044,0.24442698,0.9477825,0.9323534,-0.24599767,0.26495683,,0.042579066,-0.030306753,0.01776117,-0.6194238,0.19645569,0.7600785,0.7619082,0.383814,0.5217114,-0.18923555,0.90227044,-0.38742468,,0.08361586,1.2908477,0.4262142,0.9938341,0.0825914,-0.07397657,0.012185989,-0.7445106,-0.6674994,-0.110206045,0.6624822,-0.74092644,,-0.11956631,0.25575033,-0.10333015,-0.41501853,-0.888677,0.19496883,0.457846,-0.018814439,0.8888324,-0.7862167,0.45814762,0.41468555,,-0.042347364,0.40884325,-0.3570185,0.64885765,-0.34952417,-0.6758821,0.4500292,0.8925257,-0.029523507,0.6135613,-0.28501013,0.7364182,,1.0849744642326755,0.5014447682562716,0.21795171915000003,3.226918540283345,-0.9590515918536265,-0.8507157493646572,-0.4050932840130126,,-1.1884822529459067,0.14541133728877328,0.17926135152000003,-3.636652689852106,0.2348781430967921,0.6219928753458515,0.8761775707442738,,-0.06956009733823401,-0.051437034717837886,0.09109722752,-0.09158399527144698,,7.741153e-05,-7.1525574e-07,1.66893e-06,1.0,-5.824864e-05,-5.208701e-05,5.825609e-05,1.0,-8.672476e-06,5.208701e-05,8.702278e-06,1.0,67,0.203,0,0,0.0,False,-0.2551713958605024,1.0512530745867876
0.2214694139547646,13:56:53.364766,13:55:33.346742,0,,0.12658745,0.0007442981,0.027213141,0.29434788,0.93854517,-0.18025614,-0.20527014,0.24629694,0.94720745,0.9333935,-0.24180727,0.2651523,,0.042562947,-0.030299451,0.017749786,-0.6184356,0.1990734,0.76020205,0.7637466,0.3800137,0.5218053,-0.18500969,0.9033046,-0.38705567,,0.08361586,1.2908477,0.4262142,0.9938341,0.0825914,-0.07397657,0.012185989,-0.7445106,-0.6674994,-0.110206045,0.6624822,-0.74092644,,-0.11959618,0.25589132,-0.103402,-0.41162422,-0.8896629,0.19764966,0.4583666,-0.014651522,0.88864243,-0.78769636,0.45638275,0.41382268,,-0.042329438,0.40884188,-0.3570076,0.6471539,-0.35231203,-0.67606807,0.4542282,0.8904065,-0.029206188,0.6122651,-0.2881883,0.7362601,,1.0851134734244117,0.5019853595574674,0.21789079352000001,3.221676291696232,-0.9609645028503427,-0.8491558987129073,-0.4050932840130126,,-1.188489975678781,0.14536500089152796,0.17926264781,-3.6326685809258996,0.23214541310148332,0.6233227672782337,0.8769942910749452,,-0.06956009733823401,-0.051437034717837886,0.09109722752,-0.09158399527144698,,7.741153e-05,-7.1525574e-07,1.66893e-06,1.0,-5.824864e-05,-5.208701e-05,5.825609e-05,1.0,-8.672476e-06,5.208701e-05,8.702278e-06,1.0,78,0.236,0,0,0.0,False,-0.2544564632382502,1.0506737121774343
0.24439684115350246,13:56:53.395895,13:55:33.444806,0,,0.12657423,0.0007949695,0.027322277,0.28944308,0.9391442,-0.18501557,-0.20514941,0.24966235,0.9463521,0.9349526,-0.23595926,0.26492792,,0.042564213,-0.030295279,0.017748654,-0.6195279,0.20158397,0.7586496,0.76307786,0.38133878,0.52181697,-0.18411255,0.9021887,-0.3900742,,0.08361586,1.2908477,0.4262142,0.9938341,0.0825914,-0.07397657,0.012185989,-0.7445106,-0.6674994,-0.110206045,0.6624822,-0.74092644,,-0.119593136,0.25600234,-0.10345018,-0.40693533,-0.8907624,0.20235114,0.45968774,-0.008270271,0.8880421,-0.789361,0.45439404,0.412838,,-0.04233045,0.40884367,-0.35700357,0.6480658,-0.35457638,-0.67400765,0.45457393,0.890162,-0.031211229,0.6110428,-0.2861594,0.7380647,,1.0851907007531538,0.5023019916053105,0.21785838627,3.213917763787305,-0.9634239598461206,-0.8473954126667936,-0.40460325181460965,,-1.188528589343152,0.14531094176140838,0.17926264781,-3.633297650756354,0.23064241160406349,0.620137712251304,0.8763409148104081,,-0.06956009733823401,-0.051437034717837886,0.09109722752,-0.09158399527144698,,7.741153e-05,-7.1525574e-07,1.66893e-06,1.0,-5.824864e-05,-5.208701e-05,5.825609e-05,1.0,-8.672476e-06,5.208701e-05,8.702278e-06,1.0,86,0.261,0,0,0.0,False,-0.25535012901606535,1.0511565141852286
0.2754697611089796,13:56:53.416492,13:55:33.444806,0,,0.12647732,0.00087504834,0.027397618,0.281694,0.93998766,-0.19254014,-0.20454273,0.2548825,0.945091,0.9374491,-0.22684383,0.2640664,,0.04252531,-0.03029044,0.017727375,-0.6199632,0.20215692,0.7581412,0.7629144,0.38106412,0.5222565,-0.18332264,0.9021767,-0.39047414,,0.083612144,1.2908487,0.4262112,0.99383384,0.08260456,-0.07396477,0.012203555,-0.7445091,-0.66750073,-0.110206045,0.6624822,-0.74092644,,-0.119500384,0.25611764,-0.10346678,-0.39950612,-0.8923932,0.20983158,0.46210298,0.001648227,0.8868247,-0.7917422,0.4512557,0.41171905,,-0.042286176,0.4088394,-0.3569922,0.6483407,-0.35514858,-0.67344177,0.45510438,0.8898929,-0.031155642,0.6103559,-0.2862868,0.73858345,,1.0852447598832735,0.5024255553312982,0.21783764563000002,3.201336367178233,-0.967249781839553,-0.8442757113632938,-0.40460325181460965,,-1.1885440348089005,0.14527232809703725,0.17926264781,-3.633297650756354,0.22968595610570539,0.6198558139553516,0.876830947008811,,-0.06956009733823401,-0.051437034717837886,0.09109722752,-0.09158399527144698,,7.405877e-05,-3.7550926e-06,3.4570694e-06,1.0,-4.515797e-05,-4.0367246e-05,4.515797e-05,1.0,-6.7055225e-06,4.0374696e-05,6.7055225e-06,1.0,94,0.285,0,0,0.0,False,-0.25535012901606535,1.0509151131813312
0.29612385015934706,13:56:53.445196,13:55:33.444806,0,,0.12644783,0.00089249015,0.027524278,0.27338326,0.9418539,-0.19537851,-0.2069158,0.25594288,0.94428754,0.9393867,-0.21772552,0.26485485,,0.042537387,-0.030296907,0.017729342,-0.6199918,0.20225605,0.75809145,0.76290166,0.3810985,0.52225,-0.1832793,0.9021399,-0.3905794,,0.083612144,1.2908487,0.4262112,0.99383384,0.08260456,-0.07396477,0.012203555,-0.7445091,-0.66750073,-0.110206045,0.6624822,-0.74092644,,-0.119485,0.25621626,-0.103551954,-0.39161453,-0.8952522,0.21251242,0.46195412,0.008446325,0.8868636,-0.7957616,0.44547966,0.41025773,,-0.042298447,0.40883493,-0.35699677,0.648361,-0.35523945,-0.67337424,0.4551311,0.8898766,-0.03123075,0.61031437,-0.28622478,0.7386418,,1.085229314417525,0.5025491190572857,0.21779875693000003,3.191061559947492,-0.973808333828294,-0.838845973245725,-0.40443990774847527,,-1.1886058166718942,0.14521054623404345,0.17926264781,-3.633297650756354,0.22954931960593997,0.6197221956386263,0.8766676029426765,,-0.06956009733823401,-0.051437034717837886,0.09109722752,-0.09158399527144698,,7.405877e-05,-3.7550926e-06,3.4570694e-06,1.0,-4.515797e-05,-4.0367246e-05,4.515797e-05,1.0,-6.7055225e-06,4.0374696e-05,6.7055225e-06,1.0,105,0.318,0,0,0.0,False,-0.2546351963938136,1.0505771517758753
0.3248357910197228,13:56:53.480591,13:55:33.444806,0,,0.12640199,0.0008831173,0.027677462,0.26398245,0.9437527,-0.1991081,-0.20920068,0.25753975,0.9433495,0.94156694,-0.20737416,0.2654196,,0.042556085,-0.030302778,0.017733514,-0.61976576,0.20241043,0.7582351,0.7632178,0.3804141,0.5222872,-0.18272695,0.90239406,-0.39025083,,0.083612144,1.2908487,0.4262112,0.99383384,0.08260456,-0.07396477,0.012203555,-0.7445091,-0.66750073,-0.110206045,0.6624822,-0.74092644,,-0.11945791,0.25631323,-0.103676505,-0.3826655,-0.8982592,0.21609612,0.46207517,0.016464716,0.8866879,-0.8000335,0.43915752,0.4087628,,-0.042317647,0.40883178,-0.35700163,0.6480436,-0.3554414,-0.67357326,0.45571852,0.88958454,-0.030983543,0.61021316,-0.28688112,0.7384708,,1.0851752552874054,0.5026109009202795,0.21772486840000002,3.1788995432253895,-0.980913431816097,-0.8326438485528082,-0.40329649928553546,,-1.1887216576650077,0.1451333189053012,0.17926264781,-3.6326685809258996,0.22913941010664365,0.6201381280898561,0.8765042588765423,,-0.06956009733823401,-0.051437034717837886,0.09109722752,-0.09158399527144698,,7.405877e-05,-3.7550926e-06,3.4570694e-06,1.0,-4.515797e-05,-4.0367246e-05,4.515797e-05,1.0,-6.7055225e-06,4.0374696e-05,6.7055225e-06,1.0,116,0.351,0,0,0.0,False,-0.2559459062012759,1.0507219923782136
0.3602493079379201,13:56:53.513033,13:55:33.444806,0,,0.12628163,0.0009147972,0.027885064,0.24815995,0.945785,-0.20954078,-0.20953062,0.26359197,0.94160295,0.9457872,-0.18976292,0.26358384,,0.042563766,-0.030303374,0.017733335,-0.61786664,0.20508172,0.7590667,0.7656991,0.37638274,0.5215756,-0.17873392,0.9034808,-0.38958517,,0.083612144,1.2908487,0.4262112,0.99383384,0.08260456,-0.07396477,0.012203555,-0.7445091,-0.66750073,-0.110206045,0.6624822,-0.74092644,,-0.11936109,0.25647998,-0.10382286,-0.36748284,-0.90201133,0.2265654,0.46526217,0.03263523,0.88457114,-0.8052872,0.430477,0.40767887,,-0.042325176,0.40883026,-0.35700098,0.6454891,-0.35829294,-0.6745146,0.46006328,0.8873421,-0.03107799,0.6096602,-0.29025888,0.73760706,,1.08512891889016,0.5026804055161476,0.21764190584,3.154156129894216,-0.9897948043008505,-0.8219711777266372,-0.4042765636823411,,-1.1888606668567436,0.14504836884368474,0.17926135152000003,-3.627845712225756,0.22708986261016204,0.6216460391650214,0.8765042588765424,,-0.06956009733823401,-0.051437034717837886,0.09109722752,-0.09158399527144698,,7.405877e-05,-3.7550926e-06,3.4570694e-06,1.0,-4.515797e-05,-4.0367246e-05,4.515797e-05,1.0,-6.7055225e-06,4.0374696e-05,6.7055225e-06,1.0,131,0.396,0,0,0.0,False,-0.25576717304571295,1.0505771517758753
0.3926973370835185,13:56:53.553625,13:55:33.444806,0,,0.12620243,0.000955753,0.028181061,0.2293677,0.95025927,-0.21070783,-0.21539646,0.26066652,0.9410937,0.9492074,-0.1704708,0.26447082,,0.04259092,-0.030305818,0.017740726,-0.6178888,0.20577744,0.75886035,0.7659824,0.37534583,0.5219066,-0.1774385,0.9037539,-0.3895439,,0.083612144,1.2908487,0.4262112,0.99383384,0.08260456,-0.07396477,0.012203555,-0.7445091,-0.66750073,-0.110206045,0.6624822,-0.74092644,,-0.11931494,0.25671098,-0.104023024,-0.34955254,-0.9088535,0.22759257,0.46391258,0.043151915,0.8848294,-0.8140013,0.4148774,0.4065447,,-0.04235322,0.40883058,-0.35700428,0.6452847,-0.35903373,-0.6743162,0.4612036,0.8867596,-0.030800018,0.60901463,-0.29112232,0.73780006,,1.0850825824929147,0.5030202057626134,0.21754727667,3.1298320964500106,-1.0044149097757529,-0.8029434116388909,-0.40591000434368407,,-1.1890537351785992,0.1449402505834456,0.17926135152000003,-3.627006952451818,0.22586013411227307,0.6218320128968835,0.8758508826120052,,-0.06956009733823401,-0.051437034717837886,0.09109722752,-0.09158399527144698,,7.405877e-05,-3.7550926e-06,3.4570694e-06,1.0,-4.515797e-05,-4.0367246e-05,4.515797e-05,1.0,-6.7055225e-06,4.0374696e-05,6.7055225e-06,1.0,138,0.416,0,0,0.0,False,-0.25624379479388093,1.0506737121774343
0.4332813019864261,13:56:53.581298,13:55:33.637910,0,,0.12619743,0.0009733215,0.028441593,0.21941626,0.9534235,-0.20697844,-0.22020483,0.25506994,0.9415143,0.9504559,-0.16100588,0.26591486,,0.0425962,-0.030303612,0.017740428,-0.61653996,0.20990032,0.7588283,0.76791716,0.37298948,0.5207516,-0.173729,0.90378124,-0.39114898,,0.083612144,1.2908487,0.4262112,0.99383384,0.08260456,-0.07396477,0.012203555,-0.7445091,-0.66750073,-0.110206045,0.6624822,-0.74092644,,-0.11933943,0.25689802,-0.10420366,-0.3400813,-0.9133903,0.22374749,0.4615561,0.04517752,0.8859599,-0.8193355,0.40457043,0.40621683,,-0.042358354,0.4088312,-0.3570018,0.64331776,-0.36311463,-0.6740104,0.46504393,0.8846818,-0.032744154,0.6081746,-0.29237953,0.7379958,,1.0851134734244117,0.5035607970638092,0.21742931428,3.1182991495583616,-1.0131596457607408,-0.7897684390319186,-0.4044399077484755,,-1.189177298904587,0.14486302325470335,0.17926005523000002,-3.6230228435256118,0.223673950116026,0.6207559434511066,0.8763409148104081,,-0.06956009733823401,-0.051437034717837886,0.09109722752,-0.09158399527144698,,7.405877e-05,-3.7550926e-06,3.4570694e-06,1.0,-4.515797e-05,-4.0367246e-05,4.515797e-05,1.0,-6.7055225e-06,4.0374696e-05,6.7055225e-06,1.0,149,0.449,0,0,0.0,False,-0.25695872741613357,1.0503840309727575
0.460965579142794,13:56:53.613415,13:55:33.637910,0,,0.12620303,0.001058653,0.028743312,0.20681635,0.9561661,-0.2073001,-0.22624099,0.25287682,0.9406744,0.9518624,-0.14764708,0.26862285,,0.04257965,-0.030279145,0.017731965,-0.6165444,0.21419507,0.7576235,0.76939845,0.36806452,0.52206767,-0.16703,0.90479225,-0.39172947,,0.083612144,1.2908487,0.4262112,0.99383384,0.08260456,-0.07396477,0.012203555,-0.7445091,-0.66750073,-0.110206045,0.6624822,-0.74092644,,-0.119375706,0.25716254,-0.104368165,-0.32806644,-0.9177842,0.2237064,0.45849493,0.052349117,0.88715386,-0.82592666,0.39361367,0.40362543,,-0.042340383,0.40884346,-0.35698012,0.64215237,-0.36755756,-0.67271227,0.47093788,0.8815809,-0.032135364,0.60486186,-0.29616988,0.739206,,1.0851984234860281,0.5044025749470996,0.21734246285000003,3.103201473627476,-1.0239539292422106,-0.77786263251456,-0.40607334840981824,,-1.1892776944319519,0.1447857959259611,0.17926005523000002,-3.6186193547124366,0.21820849012540838,0.6213737588123571,0.8761775707442739,,-0.06956009733823401,-0.051437034717837886,0.09109722752,-0.09158399527144698,,7.405877e-05,-3.7550926e-06,3.4570694e-06,1.0,-4.515797e-05,-4.0367246e-05,4.515797e-05,1.0,-6.7055225e-06,4.0374696e-05,6.7055225e-06,1.0,160,0.482,0,0,0.0,False,-0.2568991496976123,1.0510116735828905
0.4929954931139946,13:56:53.645687,13:55:33.637910,0,,0.12630112,0.0011428073,0.028979644,0.20575267,0.95689416,-0.20498607,-0.23126873,0.25108024,0.9399327,0.9508841,-0.14598683,0.27296007,,0.042589337,-0.030285254,0.017731607,-0.6172763,0.21494782,0.7568139,0.7688738,0.36869156,0.5223981,-0.16674253,0.9043584,-0.39285228,,0.083612144,1.2908487,0.4262112,0.99383384,0.08260456,-0.07396477,0.012203555,-0.7445091,-0.66750073,-0.110206045,0.6624822,-0.74092644,,-0.11949615,0.25737897,-0.10447406,-0.3271617,-0.91879445,0.22086635,0.4541431,0.05209143,0.8894046,-0.8286853,0.39128405,0.40022185,,-0.042349897,0.40883788,-0.3569832,0.6428181,-0.36821726,-0.6717149,0.47088876,0.8815888,-0.032633483,0.60419255,-0.2953256,0.7400906,,1.085538223732494,0.5054683120837427,0.21726209287000003,3.1061371328362593,-1.027779751235643,-0.7789902256983693,-0.406073348409818,,-1.1893317535620713,0.14469312313147042,0.17926005523000002,-3.6192484245428904,0.21738867112681573,0.6201636552113028,0.8766676029426768,,-0.06956009733823401,-0.051437034717837886,0.09109722752,-0.09158399527144698,,7.405877e-05,-3.7550926e-06,3.4570694e-06,1.0,-4.515797e-05,-4.0367246e-05,4.515797e-05,1.0,-6.7055225e-06,4.0374696e-05,6.7055225e-06,1.0,171,0.515,0,0,0.0,False,-0.25546928445310746,1.0507702725789931
0.5253358059562743,13:56:53.676103,13:55:33.736880,0,,0.12636833,0.0012489483,0.029216692,0.20798278,0.95732605,-0.20067355,-0.23683462,0.2483427,0.9392738,0.94902706,-0.14782634,0.2783789,,0.042597353,-0.03029652,0.017730176,-0.61724156,0.21492684,0.7568483,0.76888657,0.36873832,0.5223464,-0.16681272,0.9043442,-0.3928549,,0.083612144,1.2908487,0.4262112,0.99383384,0.08260456,-0.07396477,0.012203555,-0.7445091,-0.66750073,-0.110206045,0.6624822,-0.74092644,,-0.11958488,0.25761342,-0.104569614,-0.3294494,-0.9191521,0.21592243,0.44867626,0.048810754,0.89236045,-0.8307543,0.39086688,0.39632106,,-0.04235762,0.40882826,-0.35698962,0.6427963,-0.36819375,-0.6717487,0.47084156,0.8816125,-0.032674413,0.6042526,-0.2952842,0.7400582,,1.0863877243486586,0.5066035538162537,0.21717913031000002,3.114944110462609,-1.0306491177307173,-0.78326642767213,-0.4062366924759524,,-1.189354921760694,0.14461589580272816,0.17926005523000002,-3.6192484245428904,0.21738867112681573,0.6201636552113028,0.8766676029426768,,-0.06956009733823401,-0.051437034717837886,0.09109722752,-0.09158399527144698,,7.405877e-05,-3.7550926e-06,3.4570694e-06,1.0,-4.515797e-05,-4.0367246e-05,4.515797e-05,1.0,-6.7055225e-06,4.0374696e-05,6.7055225e-06,1.0,182,0.547,0,0,0.0,False,-0.2552309735790237,1.0511565141852286
0.5557469259947538,13:56:53.706039,13:55:33.736880,0,,0.12633073,0.0014414266,0.029559866,0.21309978,0.95607185,-0.20128365,-0.24354067,0.25149196,0.9367175,0.9461905,-0.15059356,0.2864352,,0.04260195,-0.030303672,0.017730474,-0.6172202,0.21497478,0.756852,0.7688944,0.36880863,0.52228516,-0.1668554,0.90430415,-0.392929,,0.083612144,1.2908487,0.4262112,0.99383384,0.08260456,-0.07396477,0.012203555,-0.7445091,-0.66750073,-0.110206045,0.6624822,-0.74092644,,-0.11957752,0.257987,-0.10469852,-0.3345459,-0.91741973,0.21545316,0.44159496,0.049357127,0.8958559,-0.83251,0.39484796,0.3886157,,-0.042362258,0.40882313,-0.3569946,0.6427829,-0.36823335,-0.67173976,0.47081292,0.8816242,-0.03277006,0.6042891,-0.29519972,0.740062,,1.08821801203985,0.507854636541878,0.2170637605,3.1271061271847116,-1.032152119228137,-0.7961712527757868,-0.40672672467435533,,-1.1893703672264424,0.14456955940548283,0.17925875894,-3.6192484245428904,0.21738867112681573,0.620081976471162,0.8765042588765424,,-0.06956009733823401,-0.051437034717837886,0.09109722752,-0.09158399527144698,,7.405877e-05,-3.7550926e-06,3.4570694e-06,1.0,-4.515797e-05,-4.0367246e-05,4.515797e-05,1.0,-6.7055225e-06,4.0374696e-05,6.7055225e-06,1.0,193,0.58,0,0,0.0,False,-0.2552309735790237,1.0509151131813312
0.5856970581226051,13:56:53.743255,13:55:33.736880,0,,0.12615979,0.0016081631,0.029834494,0.21160956,0.95574,-0.2044074,-0.24926567,0.25500286,0.9342591,0.9450333,-0.14674643,0.2921941,,0.042602863,-0.030306146,0.017729819,-0.6172144,0.21497434,0.75685686,0.76889634,0.3688193,0.52227473,-0.16686773,0.9042999,-0.39293358,,0.083612144,1.2908487,0.4262112,0.99383384,0.08260456,-0.07396477,0.012203555,-0.7445091,-0.66750073,-0.110206045,0.6624822,-0.74092644,,-0.11943124,0.2583009,-0.10481038,-0.3332339,-0.91735494,0.21775009,0.43662176,0.054548364,0.8979899,-0.8356534,0.3943151,0.38235974,,-0.042363063,0.40882093,-0.35699588,0.6427794,-0.36823207,-0.6717438,0.47080445,0.88162833,-0.032781012,0.6042994,-0.29518902,0.7400579,,1.0899865178680472,0.5084724551718159,0.21698857568000002,3.127525507071681,-1.0372076697194585,-0.8009517730143404,-0.4065633806082207,,-1.1893703672264424,0.14455411393973439,0.17925875894,-3.6192484245428904,0.21738867112681573,0.620081976471162,0.8765042588765424,,-0.06956009733823401,-0.051437034717837886,0.09109722752,-0.09158399527144698,,7.405877e-05,-3.7550926e-06,3.4570694e-06,1.0,-4.515797e-05,-4.0367246e-05,4.515797e-05,1.0,-6.7055225e-06,4.0374696e-05,6.7055225e-06,1.0,204,0.613,0,0,0.0,False,-0.2549926627049395,1.0507702725789931
0.6229046450462192,13:56:53.796590,13:55:33.864907,0,,0.12575647,0.0018432662,0.030178532,0.20483136,0.9562402,-0.20892283,-0.2549157,0.25819895,0.93185365,0.94501954,-0.13761514,0.29664782,,0.042602863,-0.030306146,0.017729819,-0.6172144,0.21497434,0.75685686,0.76889634,0.3688193,0.52227473,-0.16686773,0.9042999,-0.39293358,,0.083612144,1.2908487,0.4262112,0.99383384,0.08260456,-0.07396477,0.012203555,-0.7445091,-0.66750073,-0.110206045,0.6624822,-0.74092644,,-0.11905902,0.25872102,-0.10495608,-0.32680684,-0.9187484,0.2215823,0.4326733,0.06299742,0.89934707,-0.84023273,0.38978553,0.3769299,,-0.042363063,0.40882093,-0.35699588,0.6427794,-0.36823207,-0.6717438,0.47080445,0.88162833,-0.032781012,0.6042994,-0.29518902,0.7400579,,1.0926431379767805,0.508750473555288,0.21690431683000003,3.11683131995397,-1.0452692232056195,-0.797236872601171,-0.4057466602775497,,-1.1893703672264424,0.14455411393973439,0.17925875894,-3.6192484245428904,0.21738867112681573,0.620081976471162,0.8765042588765424,,-0.06956009733823401,-0.051437034717837886,0.09109722752,-0.09158399527144698,,7.405877e-05,-3.7550926e-06,3.4570694e-06,1.0,-4.515797e-05,-4.0367246e-05,4.515797e-05,1.0,-6.7055225e-06,4.0374696e-05,6.7055225e-06,1.0,226,0.678,0,0,0.0,False,-0.25677999426057063,1.0511565141852286
0.6762633949983865,13:56:53.856088,13:55:33.864907,0,,0.12549366,0.0019031763,0.030295,0.19194049,0.95715535,-0.21682353,-0.25866267,0.26245812,0.92962855,0.9467061,-0.1223492,0.2979566,,0.04260324,-0.030304894,0.017730236,-0.6172796,0.21585985,0.7565517,0.76886845,0.36933756,0.5219494,-0.16675508,0.9038774,-0.39395234,,0.083612144,1.2908487,0.4262112,0.99383384,0.08260456,-0.07396477,0.012203555,-0.7445091,-0.66750073,-0.110206045,0.6624822,-0.74092644,,-0.11880882,0.25885355,-0.10503392,-0.3144157,-0.9212132,0.22914837,0.4315135,0.076313116,0.89887285,-0.8455406,0.38150036,0.3735219,,-0.042363495,0.408822,-0.35699517,0.64282346,-0.36902526,-0.67126626,0.47087646,0.881555,-0.033705913,0.6041965,-0.29441655,0.74044955,,1.0932995702710897,0.5082793868499603,0.21690690941000002,3.096491395435971,-1.0557902336875584,-0.7878409066151411,-0.40672672467435533,,-1.1893780899593167,0.14455411393973439,0.17925875894,-3.6192484245428904,0.2172520346270503,0.6189682132727501,0.8760142266781398,,-0.06956009733823401,-0.051437034717837886,0.09109722752,-0.09158399527144698,,7.405877e-05,-3.7550926e-06,3.4570694e-06,1.0,-4.515797e-05,-4.0367246e-05,4.515797e-05,1.0,-6.7055225e-06,4.0374696e-05,6.7055225e-06,1.0,237,0.712,0,0,0.0,False,-0.2561842170753601,1.051397915189126
0.7357627891469747,13:56:53.884091,13:55:33.864907,0,,0.12549508,0.0018535927,0.030328408,0.17946783,0.95845115,-0.22172669,-0.26222596,0.26383856,0.92823845,0.9481713,-0.10844645,0.2986812,,0.04260853,-0.030309632,0.017728925,-0.61738706,0.21645048,0.75629526,0.76875174,0.36997586,0.5216692,-0.16689548,0.9034749,-0.39481497,,0.083612144,1.2908487,0.4262112,0.99383384,0.08260456,-0.07396477,0.012203555,-0.7445091,-0.66750073,-0.110206045,0.6624822,-0.74092644,,-0.11881673,0.25883886,-0.10509134,-0.30240387,-0.9240478,0.23385361,0.43032637,0.08656284,0.89851326,-0.85051227,0.37234727,0.3714652,,-0.042368498,0.40881717,-0.35699716,0.6429531,-0.36953083,-0.67086387,0.47070903,0.881614,-0.034492444,0.604189,-0.29360464,0.74077797,,1.0924500696549249,0.5080708730623563,0.21692376118,3.0797161999572094,-1.0650815156716082,-0.7783858781405516,-0.4068900687404897,,-1.189393535425065,0.14451550027536325,0.17926005523000002,-3.619458114486375,0.2172520346270503,0.6179880683910633,0.8766676029426768,,-0.06956009733823401,-0.051437034717837886,0.09109722752,-0.09158399527144698,,7.405877e-05,-3.7550926e-06,3.4570694e-06,1.0,-4.515797e-05,-4.0367246e-05,4.515797e-05,1.0,-6.7055225e-06,4.0374696e-05,6.7055225e-06,1.0,248,0.745,0,0,0.0,False,-0.2566012611050077,1.0513496349883464
0.7637557270936668,13:56:53.906118,13:55:33.864907,0,,0.1255044,0.0018212497,0.030364826,0.16830236,0.9592805,-0.22683743,-0.2650614,0.26568586,0.92690533,0.94942963,-0.09587449,0.2989837,,0.04261037,-0.030313507,0.017727137,-0.61769474,0.21619962,0.7561157,0.7685485,0.36975336,0.5221262,-0.16669276,0.9036261,-0.3945546,,0.083612144,1.2908487,0.4262112,0.99383384,0.08260456,-0.07396477,0.012203555,-0.7445091,-0.66750073,-0.110206045,0.6624822,-0.74092644,,-0.118831925,0.25883877,-0.10513857,-0.2916261,-0.9262401,0.23881693,0.42949185,0.09629046,0.8979226,-0.85468763,0.36442757,0.36973175,,-0.04237003,0.40881306,-0.35699865,0.6432187,-0.36931226,-0.6707296,0.47075984,0.88160706,-0.033973116,0.6038666,-0.29390037,0.7409235,,1.0916469054360056,0.5079782002678656,0.21693931666000002,3.063779764252385,-1.0731430691577692,-0.7696885745788081,-0.4062366924759526,,-1.1894012581579394,0.1444691638781179,0.17926005523000002,-3.6196678044298594,0.216842125127754,0.6183223221021525,0.8766676029426768,,-0.06956009733823401,-0.051437034717837886,0.09109722752,-0.09158399527144698,,7.405877e-05,-3.7550926e-06,3.4570694e-06,1.0,-4.515797e-05,-4.0367246e-05,4.515797e-05,1.0,-6.7055225e-06,4.0374696e-05,6.7055225e-06,1.0,256,0.768,0,0,0.0,False,-0.25731619372725945,1.051494475590685
0.7857884550467134,13:56:53.930119,13:55:33.976446,0,,0.1255828,0.00174281,0.030395046,0.15377581,0.9614059,-0.22814876,-0.27088574,0.26306695,0.925968,0.95024943,-0.080589205,0.30088437,,0.042619772,-0.030321792,0.017727494,-0.6176618,0.21622835,0.7561344,0.76856124,0.3698275,0.52205503,-0.16675621,0.9035889,-0.394613,,0.083612144,1.2908487,0.4262112,0.99383384,0.08260456,-0.07396477,0.012203555,-0.7445091,-0.66750073,-0.110206045,0.6624822,-0.74092644,,-0.11891732,0.2587975,-0.105203494,-0.2776208,-0.930269,0.23984647,0.42627206,0.104454346,0.8985441,-0.8609407,0.35169435,0.36754897,,-0.04237941,0.4088066,-0.35700387,0.64319754,-0.36933342,-0.6707382,0.47071785,0.8816259,-0.03406596,0.6039219,-0.29381728,0.7409114,,1.0902645362515193,0.5078700820076264,0.21697042762000002,3.045536739169232,-1.0854403541366588,-0.7552503112785397,-0.4062366924759524,,-1.1894398718223105,0.1444073820151241,0.17926005523000002,-3.6196678044298594,0.216842125127754,0.618240643362012,0.8768309470088109,,-0.06956009733823401,-0.051437034717837886,0.09109722752,-0.09158399527144698,,7.405877e-05,-3.7550926e-06,3.4570694e-06,1.0,-4.515797e-05,-4.0367246e-05,4.515797e-05,1.0,-6.7055225e-06,4.0374696e-05,6.7055225e-06,1.0,267,0.801,0,0,0.0,False,-0.25576717304571295,1.05105995378367
0.809774907073006,13:56:53.956824,13:55:33.976446,0,,0.12562448,0.0017081574,0.030404195,0.14631334,0.96204114,-0.23036748,-0.27301088,0.26309904,0.9253346,0.9508194,-0.07249597,0.3011425,,0.042628273,-0.030330107,0.017727554,-0.61775666,0.21624964,0.7560508,0.76844925,0.37009382,0.522031,-0.16692078,0.90347475,-0.3948048,,0.083612144,1.2908487,0.4262112,0.99383384,0.08260456,-0.07396477,0.012203555,-0.7445091,-0.66750073,-0.110206045,0.6624822,-0.74092644,,-0.11896154,0.2587762,-0.10522823,-0.2703979,-0.9318417,0.24198353,0.42536232,0.10985165,0.8983315,-0.8636851,0.34583765,0.3666667,,-0.042387843,0.40879995,-0.357009,0.6433191,-0.36933222,-0.67062235,0.47053438,0.88171816,-0.03421182,0.6039354,-0.29354176,0.7410096,,1.0894999856969712,0.5078469138090037,0.21698857568000002,3.0350522419950057,-1.0909058141272765,-0.7482615541863253,-0.40607334840981824,,-1.1894707627538075,0.1443456001521303,0.17926005523000002,-3.619877494373344,0.216842125127754,0.6179956071415903,0.8763409148104082,,-0.06956009733823401,-0.051437034717837886,0.09109722752,-0.09158399527144698,,7.405877e-05,-3.7550926e-06,3.4570694e-06,1.0,-4.515797e-05,-4.0367246e-05,4.515797e-05,1.0,-6.7055225e-06,4.0374696e-05,6.7055225e-06,1.0,274,0.822,0,0,0.0,False,-0.2568991496976123,1.051108233984449
0.8365024840459228,13:56:53.986383,13:55:33.976446,0,,0.12563904,0.0016796514,0.030455038,0.13295048,0.9632183,-0.23352656,-0.27778363,0.26238796,0.9241152,0.9513992,-0.05799173,0.30245078,,0.042637434,-0.030346707,0.017723382,-0.6180285,0.21604584,0.7558869,0.76825863,0.36996827,0.5224005,-0.1667917,0.9035749,-0.39463,,0.083612144,1.2908487,0.4262112,0.99383384,0.08260456,-0.07396477,0.012203555,-0.7445091,-0.66750073,-0.110206045,0.6624822,-0.74092644,,-0.11898341,0.25878832,-0.10528286,-0.25746349,-0.9347388,0.24489987,0.4227195,0.11895103,0.8984202,-0.8689193,0.33483437,0.36450678,,-0.042396262,0.40878466,-0.3570175,0.6435625,-0.36915025,-0.67048895,0.4705353,0.88173294,-0.033815738,0.6036753,-0.29372618,0.7411485,,1.0885423668205674,0.5078237456103811,0.21701709406000003,3.0159704571379136,-1.1014268246092154,-0.7346999724531267,-0.40656338060822117,,-1.1894939309524302,0.14421431369326848,0.17926005523000002,-3.6200871843168283,0.21643221562845769,0.6182481821125391,0.8765042588765426,,-0.06956009733823401,-0.051437034717837886,0.09109722752,-0.09158399527144698,,7.405877e-05,-3.7550926e-06,3.4570694e-06,1.0,-4.515797e-05,-4.0367246e-05,4.515797e-05,1.0,-6.7055225e-06,4.0374696e-05,6.7055225e-06,1.0,285,0.854,0,0,0.0,False,-0.2575545046013441,1.0510116735828905
0.8660576920956373,13:56:54.015057,13:55:33.976446,0,,0.12554891,0.0017110482,0.030555025,0.116008766,0.9634883,-0.24131352,-0.28273505,0.264936,0.9218838,0.95215684,-0.03871882,0.30314675,,0.04266589,-0.030372068,0.017724097,-0.6186214,0.21646543,0.75528157,0.7676499,0.37133354,0.52232677,-0.16739573,0.90291417,-0.39588454,,0.083612144,1.2908487,0.4262112,0.99383384,0.08260456,-0.07396477,0.012203555,-0.7445091,-0.66750073,-0.110206045,0.6624822,-0.74092644,,-0.118904054,0.2588819,-0.10534651,-0.24100976,-0.9371213,0.2524243,0.4202021,0.13369146,0.8975282,-0.87483966,0.32238227,0.3615594,,-0.04242459,0.4087646,-0.35703325,0.64424795,-0.3694364,-0.66967255,0.46976012,0.8821116,-0.03470675,0.6035479,-0.2922257,0.7418451,,1.0879168254577551,0.5078469138090037,0.21704950131000003,2.988291384597957,-1.1134508365885742,-0.7180341827560344,-0.40721675687275805,,-1.1896020492126693,0.14401352263853864,0.17926005523000002,-3.6211356340342506,0.21629557912869224,0.6167260252134243,0.8761775707442738,,-0.06956009733823401,-0.051437034717837886,0.09109722752,-0.09158399527144698,,7.405877e-05,-3.7550926e-06,3.4570694e-06,1.0,-4.515797e-05,-4.0367246e-05,4.515797e-05,1.0,-6.7055225e-06,4.0374696e-05,6.7055225e-06,1.0,296,0.887,0,0,0.0,False,-0.25791197091247,1.0509151131813312
0.8947234591469169,13:56:54.047488,13:55:34.090136,0,,0.12551227,0.0017318428,0.030624405,0.10580435,0.9655044,-0.23792158,-0.28837237,0.25877464,0.92188776,0.9516548,-0.02892974,0.30580416,,0.042693563,-0.030396953,0.017723024,-0.6192902,0.21739669,0.7544655,0.76735455,0.37107044,0.52294725,-0.16627291,0.90279865,-0.39662063,,0.083612144,1.2908487,0.4262112,0.99383384,0.08260456,-0.07396477,0.012203555,-0.7445091,-0.66750073,-0.110206045,0.6624822,-0.74092644,,-0.11887471,0.25894505,-0.10538817,-0.23112701,-0.9405868,0.24875042,0.41607112,0.13555788,0.89917123,-0.8794687,0.31132063,0.3600199,,-0.042451825,0.40874365,-0.3570476,0.644706,-0.37033468,-0.6687349,0.47046787,0.88173354,-0.034726802,0.6025065,-0.2922297,0.7426895,,1.087569302478415,0.5079009729391233,0.21708450114000002,2.9738227784975244,-1.1230153915721552,-0.701822019262807,-0.4080334772034293,,-1.1897487811372796,0.14375094972081504,0.17925875894,-3.6211356340342506,0.21465594113150693,0.6161027502944078,0.8761775707442738,,-0.06956009733823401,-0.051437034717837886,0.09109722752,-0.09158399527144698,,7.405877e-05,-3.7550926e-06,3.4570694e-06,1.0,-4.515797e-05,-4.0367246e-05,4.515797e-05,1.0,-6.7055225e-06,4.0374696e-05,6.7055225e-06,1.0,307,0.92,0,0,0.0,False,-0.2566012611050077,1.0507702725789931
0.9271472149994224,13:56:54.081468,13:55:34.090136,0,,0.12543672,0.0017814189,0.030757591,0.09228793,0.9683366,-0.23196363,-0.2950003,0.2490888,0.9224584,0.95102984,-0.016702458,0.3086474,,0.042753406,-0.030446574,0.017727375,-0.61940277,0.2175469,0.7543298,0.7672273,0.37144148,0.52287054,-0.1664405,0.9026099,-0.3969798,,0.083612144,1.2908487,0.4262112,0.99383384,0.08260456,-0.07396477,0.012203555,-0.7445091,-0.66750073,-0.110206045,0.6624822,-0.74092644,,-0.11881272,0.25907373,-0.105462365,-0.21799725,-0.9453315,0.24253975,0.4112504,0.13639644,0.9012597,-0.8850708,0.29621673,0.35903394,,-0.042511873,0.40870607,-0.35707992,0.6448455,-0.37044644,-0.6685385,0.47027415,0.88182515,-0.03502385,0.6025085,-0.2918114,0.74285233,,1.0872758386291945,0.5081249321924758,0.21710394549000003,2.9526440942055876,-1.1346294940522175,-0.6768325368219041,-0.40672672467435533,,-1.1900113540550032,0.14335709034422958,0.17925746265,-3.621345323977736,0.21424603163221062,0.6156202166040915,0.8765042588765426,,-0.06956009733823401,-0.051437034717837886,0.09109722752,-0.09158399527144698,,7.405877e-05,-3.7550926e-06,3.4570694e-06,1.0,-4.515797e-05,-4.0367246e-05,4.515797e-05,1.0,-6.7055225e-06,4.0374696e-05,6.7055225e-06,1.0,318,0.953,0,0,0.0,False,-0.25779281547542787,1.051108233984449
0.9611220320221037,13:56:54.116996,13:55:34.090136,0,,0.12530565,0.0018485114,0.030846909,0.08058241,0.9689818,-0.23362504,-0.2951743,0.24707264,0.92294484,0.9520391,-0.0054130256,0.30592805,,0.042799417,-0.030478999,0.017732441,-0.6194444,0.2172603,0.7543783,0.7671343,0.3715909,0.5229008,-0.16671455,0.9026174,-0.3968477,,0.083612144,1.2908487,0.4262112,0.99383384,0.08260456,-0.07396477,0.012203555,-0.7445091,-0.66750073,-0.110206045,0.6624822,-0.74092644,,-0.11868962,0.25918835,-0.10549938,-0.20651488,-0.9473946,0.24453032,0.41225106,0.14240126,0.8998727,-0.887356,0.286645,0.36115643,,-0.0425583,0.40868223,-0.35710162,0.64493394,-0.3701645,-0.6686093,0.4700166,0.8819668,-0.03491301,0.6026148,-0.2917409,0.7427938,,1.0870596021087162,0.508302555048583,0.21710524178,2.927690990930929,-1.1392751350442425,-0.6556467564462863,-0.40852350940183224,,-1.1902198678426072,0.14309451742650595,0.17925746265,-3.6215550139212205,0.2141093951324452,0.6156499557676474,0.8766676029426768,,-0.06956009733823401,-0.051437034717837886,0.09109722752,-0.09158399527144698,,7.405877e-05,-3.7550926e-06,3.4570694e-06,1.0,-4.515797e-05,-4.0367246e-05,4.515797e-05,1.0,-6.7055225e-06,4.0374696e-05,6.7055225e-06,1.0,329,0.986,0,0,0.0,False,-0.25731619372725945,1.050963393382111
