Task Time,PC1 Time,PC2 Time,Gaze Calib,s_T_psm1,Tx,Ty,Tz,R00,R01,R02,R10,R11,R12,R20,R21,R22,s_T_psm3,Tx,Ty,Tz,R00,R01,R02,R10,R11,R12,R20,R21,R22,cart_T_ecm,Tx,Ty,Tz,R00,R01,R02,R10,R11,R12,R20,R21,R22,ecm_T_psm1,Tx,Ty,Tz,R00,R01,R02,R10,R11,R12,R20,R21,R22,ecm_T_psm3,Tx,Ty,Tz,R00,R01,R02,R10,R11,R12,R20,R21,R22,psm1_joints,q1,q2,q3,q4,q5,q6,jaw,psm3_joints,q1,q2,q3,q4,q5,q6,jaw,ecm_joints,q1,q2,q3,q4,ecmi_T_ecm,Tx,Ty,Tz,R00,R01,R02,R10,R11,R12,R20,R21,R22,Sample #,Task Duration (s),Collisions (binary),Collisions (increments),Cumulative Collision Time (s),Clutch Press,MTMR Angle,MTML Angle
""
lci_T_si,,,,,-0.05129452,0.048553377,0.19299848,0.991276,0.046896584,0.12317695,0.11708693,-0.74244076,-0.65960014,0.060518593,0.6682682,-0.7414547
rci_T_si,,,,,-0.059571687,0.0508194,0.20016095,0.98826504,0.02463223,0.15074971,0.12190245,-0.72187847,-0.68119836,0.092043534,0.6915813,-0.71641
ecm_T_lc,,,,,-4.4061628e-05,-0.00034663224,-0.01840835,-0.99912,0.030754527,0.028518902,-0.031987965,-0.99852574,-0.043852776,0.027128186,-0.04472645,0.9986309
ecm_T_rc,,,,,-0.0043358393,0.01870579,-0.007592615,-0.99555075,-0.052743673,-0.078081585,0.04863213,-0.9973746,0.053654674,-0.08070653,0.04961868,0.9955021
cart_T_ecmi,,,,,0.08361981,1.2907763,0.42627257,0.9937988,0.08374649,-0.07314679,0.013490307,-0.743785,-0.66828275,-0.11037182,0.6631518,-0.74030244
ecmac_T_ecmrep_psm1,,,,,0.023195708,-0.2631036,-0.30022871,0.99664557,0.07921609,0.02055357,-0.078295335,0.99603295,-0.04228661,-0.023821812,0.040535513,0.9988941
ecmac_T_ecmrep_psm3,,,,,0.022281613,-0.4507852,-0.5326207,0.99995744,0.002629678,0.008843231,-0.0032003638,0.99787027,0.06515156,-0.008653069,-0.06517708,0.9978362
""
0,14:47:47.498008,14:46:27.660336,0,,0.087584384,0.013873845,0.024351373,0.479062,-0.44195652,-0.7584022,-0.12907791,-0.8900759,0.43715397,-0.8682388,-0.11153075,-0.48344854,,0.06057146,0.013478933,0.014881551,0.04787218,-0.5290179,0.8472592,-0.28479394,0.80579394,0.51921904,-0.9573927,-0.26615047,-0.11208606,,0.08362326,1.2907704,0.42627263,0.9937989,0.08374024,-0.0731524,0.013481963,-0.74378574,-0.6682821,-0.11037182,0.6631518,-0.74030244,,-0.07928279,0.24381027,-0.11611994,-0.39188468,0.45709547,0.7984298,-0.70797706,-0.7040456,0.05557246,0.5875329,-0.54349196,0.5995178,,-0.057421617,0.4152668,-0.33982578,0.11731075,0.5216255,-0.845071,-0.8977498,0.41952425,0.13433053,0.424598,0.74290395,0.5175039,,1.1858642465015445,0.35414908414618756,0.20755676964000003,-1.3715819203322737,0.6076225144569137,0.467843643479805,-0.4086868534679666,,-1.2545888463492685,0.15318812929311737,0.19714626465,0.7603357350748853,0.7789646851627761,-0.5383224831665916,0.8425286931206124,,-0.0686699794197169,-0.04953898915629405,0.0911007994,-0.09256525236364105,,3.3453107e-06,4.5895576e-06,3.5762787e-06,0.99999994,-6.221235e-06,-5.5655837e-06,6.213784e-06,1.0,-9.536743e-07,5.5655837e-06,9.23872e-07,1.0,35,0.104,0,0,0.0,False,-0.2552905512975445,1.0255680077721157
0.12633536895737052,14:47:47.537834,14:46:27.660336,0,,0.08817147,0.014236182,0.024746433,0.47172448,-0.44401234,-0.76179326,-0.12562141,-0.8889893,0.44036028,-0.8727516,-0.11203113,-0.47513562,,0.06060439,0.013493983,0.014971256,0.051038377,-0.52367866,0.8503856,-0.27367166,0.81156766,0.51619923,-0.9604682,-0.2590724,-0.101894915,,0.08362326,1.2907704,0.42627263,0.9937989,0.08374024,-0.0731524,0.013481963,-0.74378574,-0.6682821,-0.11037182,0.6631518,-0.74030244,,-0.07990795,0.24430132,-0.11612993,-0.38417023,0.4591821,0.8009775,-0.7079035,-0.70342815,0.06372982,0.5926937,-0.5425317,0.5952928,,-0.057468906,0.41533753,-0.33987176,0.11409207,0.5149526,-0.84959215,-0.8931025,0.4277349,0.1393225,0.43514472,0.7428773,0.5087066,,1.184806232097776,0.35768609580258237,0.20741936290000001,-1.362774942705924,0.6158207044428401,0.47341038027910415,-0.4086868534679666,,-1.2546197372807655,0.1531031792315009,0.19716441271000001,0.7639004641141223,0.7907154241426039,-0.5425136260352068,0.8493891438982522,,-0.0686699794197169,-0.04953898915629405,0.0911007994,-0.09256525236364105,,3.3453107e-06,4.5895576e-06,3.5762787e-06,0.99999994,-6.221235e-06,-5.5655837e-06,6.213784e-06,1.0,-9.536743e-07,5.5655837e-06,9.23872e-07,1.0,46,0.137,0,0,0.0,False,-0.2550522404234603,1.030154626846164
0.16615601209923625,14:47:47.561374,14:46:27.660336,0,,0.088418014,0.014356747,0.024880782,0.46984285,-0.44351706,-0.7632432,-0.12572923,-0.88942707,0.43944454,-0.8737505,-0.110507786,-0.47365415,,0.060627215,0.013494937,0.015000105,0.05147808,-0.52371097,0.8503392,-0.2688936,0.812755,0.5168418,-0.9617933,-0.25525677,-0.098983526,,0.08362326,1.2907704,0.42627263,0.9937989,0.08374024,-0.0731524,0.013481963,-0.74378574,-0.6682821,-0.11037182,0.6631518,-0.74030244,,-0.0801672,0.24446304,-0.116131976,-0.38220006,0.458545,0.802284,-0.7085172,-0.7027728,0.06413893,0.59323394,-0.5439181,0.59348685,,-0.057495978,0.41535583,-0.33988866,0.11361787,0.5143261,-0.8500351,-0.89096993,0.43132356,0.14188926,0.4396175,0.74123454,0.50725514,,1.184296531728077,0.35902212858982324,0.20735843727000003,-1.3594199036101713,0.6171870694404945,0.4776869980914169,-0.40803347720342953,,-1.2546197372807655,0.15304912010138133,0.19717867190000002,0.766626433379421,0.7953610651346288,-0.5407476804313269,0.854616154014549,,-0.0686699794197169,-0.04953898915629405,0.0911007994,-0.09256525236364105,,3.3453107e-06,4.5895576e-06,3.5762787e-06,0.99999994,-6.221235e-06,-5.5655837e-06,6.213784e-06,1.0,-9.536743e-07,5.5655837e-06,9.23872e-07,1.0,54,0.161,0,0,0.0,False,-0.25540970673458663,1.0327134774874756
0.1897007809020579,14:47:47.587936,14:46:27.753297,0,,0.088699415,0.014466062,0.02504228,0.46781492,-0.44374081,-0.76435804,-0.12633777,-0.889521,0.4390797,-0.87475026,-0.108840704,-0.47219256,,0.060669877,0.013501702,0.015030563,0.050809696,-0.5217386,0.85159093,-0.26191464,0.81588614,0.51549053,-0.9637527,-0.24923599,-0.09519604,,0.08362326,1.2907704,0.42627263,0.9937989,0.08374024,-0.0731524,0.013481963,-0.74378574,-0.6682821,-0.11037182,0.6631518,-0.74030244,,-0.08046368,0.24463207,-0.11615928,-0.3800806,0.45860714,0.8032548,-0.7094928,-0.70171595,0.06492023,0.59342957,-0.54522854,0.5920871,,-0.05754318,0.41537625,-0.33990097,0.11422164,0.5112765,-0.8517921,-0.8876744,0.4375149,0.14357899,0.4460803,0.7397142,0.50382066,,1.1836864358310133,0.3604662796373032,0.20726380810000003,-1.3554357946839655,0.618280161438618,0.48177805801041995,-0.4095035737986379,,-1.2546120145478912,0.15301822916988445,0.19721107915000002,0.7722880618535032,0.8015097076240736,-0.5393905443667019,0.8578830353372346,,-0.0686699794197169,-0.04953898915629405,0.0911007994,-0.09256525236364105,,3.3453107e-06,4.5895576e-06,3.5762787e-06,0.99999994,-6.221235e-06,-5.5655837e-06,6.213784e-06,1.0,-9.536743e-07,5.5655837e-06,9.23872e-07,1.0,62,0.186,0,0,0.0,False,-0.2552905512975445,1.0351274875264485
0.21626017289236188,14:47:47.612768,14:46:27.753297,0,,0.08892135,0.014546342,0.025182948,0.4621963,-0.45064086,-0.763739,-0.13070348,-0.88646466,0.44395602,-0.87709254,-0.105371445,-0.4686211,,0.060705625,0.013498811,0.015032947,0.048649203,-0.5222774,0.8513868,-0.25834247,0.8168106,0.5158289,-0.96482766,-0.24504398,-0.09518924,,0.08362326,1.2907704,0.42627263,0.9937989,0.08374024,-0.0731524,0.013481963,-0.74378574,-0.6682821,-0.11037182,0.6631518,-0.74030244,,-0.08069877,0.24476983,-0.116194636,-0.37423033,0.46511695,0.80225796,-0.7139002,-0.6966513,0.07087648,0.59185994,-0.546208,0.59275514,,-0.057578664,0.41537064,-0.3399024,0.11633548,0.5111043,-0.85160935,-0.8857657,0.44128156,0.14383931,0.44931638,0.7375927,0.5040553,,1.1832925764544278,0.3614393439794555,0.20717177151000002,-1.3453706773967082,0.6184167979383834,0.4833818936496752,-0.4090135416002352,,-1.2545888463492685,0.15300278370413598,0.19723570866,0.7775303104406163,0.8038325281200862,-0.5352404219591396,0.8608232285276516,,-0.0686699794197169,-0.04953898915629405,0.0911007994,-0.09256525236364105,,3.3453107e-06,4.5895576e-06,3.5762787e-06,0.99999994,-6.221235e-06,-5.5655837e-06,6.213784e-06,1.0,-9.536743e-07,5.5655837e-06,9.23872e-07,1.0,73,0.219,0,0,0.0,False,-0.2551713958605024,1.0375414975654216
0.24109250400215387,14:47:47.648453,14:46:27.753297,0,,0.08906938,0.01457274,0.02533944,0.46229002,-0.45140034,-0.7632336,-0.13110182,-0.88606405,0.44463778,-0.87698364,-0.10549021,-0.4687981,,0.060756557,0.013482122,0.015035391,0.04386864,-0.5208031,0.8525489,-0.25447583,0.8193964,0.51364523,-0.96608365,-0.23948601,-0.09658603,,0.08362326,1.2907704,0.42627263,0.9937989,0.08374024,-0.0731524,0.013481963,-0.74378574,-0.6682821,-0.11037182,0.6631518,-0.74030244,,-0.08086141,0.24488333,-0.116282746,-0.37433127,0.46588144,0.8017672,-0.71413,-0.6963798,0.071229175,0.59151876,-0.54590267,0.59337664,,-0.057628416,0.4153537,-0.3399131,0.12104662,0.50864655,-0.85242385,-0.8833983,0.4468472,0.14119138,0.45271972,0.735939,0.50342685,,1.183091785399698,0.36228112186274597,0.20704214251000003,-1.3445319176227701,0.6180068884390871,0.4837161473607645,-0.4090135416002352,,-1.2545502326848974,0.15300278370413598,0.19725385672,0.7863372880669662,0.8051988931177405,-0.5309638041468265,0.8624566691889946,,-0.0686699794197169,-0.04953898915629405,0.0911007994,-0.09256525236364105,,3.3453107e-06,4.5895576e-06,3.5762787e-06,0.99999994,-6.221235e-06,-5.5655837e-06,6.213784e-06,1.0,-9.536743e-07,5.5655837e-06,9.23872e-07,1.0,85,0.256,0,0,0.0,False,-0.25451604095677105,1.0391830243919231
0.2766512590460479,14:47:47.673891,14:46:27.753297,0,,0.089238435,0.01464656,0.025528863,0.46124405,-0.453735,-0.76248175,-0.133259,-0.8850318,0.44605,-0.87720925,-0.10413027,-0.46868005,,0.06084063,0.013450293,0.0150568485,0.03600824,-0.5177901,0.85474956,-0.2470079,0.824155,0.5096623,-0.9683443,-0.2294819,-0.09822193,,0.08362326,1.2907704,0.42627263,0.9937989,0.08374024,-0.0731524,0.013481963,-0.74378574,-0.6682821,-0.11037182,0.6631518,-0.74030244,,-0.08104854,0.24505247,-0.11636201,-0.3732528,0.46806607,0.8009972,-0.7158083,-0.69454354,0.072303414,0.5901702,-0.54637295,0.5942859,,-0.057713047,0.4153356,-0.33994555,0.12876584,0.5038631,-0.85413194,-0.8789124,0.4568799,0.13701752,0.4592738,0.73306394,0.50168204,,1.1830377262695784,0.3633623044651374,0.20690732835000003,-1.3411768785270177,0.6166405234414327,0.4849120051378693,-0.4088501975341009,,-1.2544884508219036,0.15301050643701022,0.19727330107000002,0.8016446539413365,0.8083415326123456,-0.5239700033353986,0.8636000776519345,,-0.0686699794197169,-0.04953898915629405,0.0911007994,-0.09256525236364105,,3.3453107e-06,4.5895576e-06,3.5762787e-06,0.99999994,-6.221235e-06,-5.5655837e-06,6.213784e-06,1.0,-9.536743e-07,5.5655837e-06,9.23872e-07,1.0,93,0.28,0,0,0.0,False,-0.2550522404234603,1.0405348700137478
0.30221260502003133,14:47:47.701997,14:46:27.753297,0,,0.08936728,0.01472944,0.0256785,0.45919448,-0.4570048,-0.7617657,-0.1345743,-0.8834102,0.4488609,-0.87808335,-0.10360029,-0.4671583,,0.060872827,0.013442693,0.015075922,0.03368926,-0.5189602,0.85413426,-0.24233618,0.82487404,0.5107405,-0.96960723,-0.22419408,-0.097973496,,0.08362326,1.2907704,0.42627263,0.9937989,0.08374024,-0.0731524,0.013481963,-0.74378574,-0.6682821,-0.11037182,0.6631518,-0.74030244,,-0.081191845,0.24520467,-0.116408475,-0.37111884,0.47125745,0.800117,-0.7172233,-0.69275725,0.0753539,0.5897979,-0.5458973,0.59509206,,-0.057747394,0.41533968,-0.3399617,0.13100839,0.5041528,-0.8536198,-0.87638795,0.46140864,0.13800792,0.46344465,0.7300219,0.50228184,,1.1830377262695784,0.3642504187456732,0.20682177321000003,-1.3374024595442964,0.6166405234414327,0.4848303263977287,-0.4090135416002352,,-1.2544421144246583,0.15301822916988445,0.19728626397000001,0.8079353522458724,0.8114841721069508,-0.5182830623662193,0.8650701742471429,,-0.0686699794197169,-0.04953898915629405,0.0911007994,-0.09256525236364105,,3.3453107e-06,4.5895576e-06,3.5762787e-06,0.99999994,-6.221235e-06,-5.5655837e-06,6.213784e-06,1.0,-9.536743e-07,5.5655837e-06,9.23872e-07,1.0,100,0.302,0,0,0.0,False,-0.2546351963938136,1.0422246770410288
0.33032608102075756,14:47:47.730842,14:46:27.881413,0,,0.089576975,0.014870472,0.02590634,0.4580827,-0.45863438,-0.76145566,-0.13656306,-0.8827584,0.4495419,-0.87835693,-0.10194057,-0.46700904,,0.06093856,0.01342815,0.015130222,0.029774519,-0.51574194,0.8562263,-0.23161459,0.8297322,0.50783753,-0.9723519,-0.21343505,-0.0947485,,0.08362326,1.2907704,0.42627263,0.9937989,0.08374024,-0.0731524,0.013481963,-0.74378574,-0.6682821,-0.11037182,0.6631518,-0.74030244,,-0.0814236,0.24544646,-0.11646837,-0.36997148,0.47271413,0.799789,-0.71880394,-0.69105315,0.075937085,0.58859324,-0.5467969,0.59545875,,-0.057819955,0.41535982,-0.3400042,0.13474287,0.4990436,-0.85603726,-0.87069416,0.47202972,0.13812901,0.47300744,0.72673476,0.498117,,1.1830531717353268,0.36576407438902125,0.20669214421,-1.3338377305050595,0.6152741584437783,0.48733304401708255,-0.4081968212695637,,-1.2543571643630418,0.1530336746356329,0.19730959719000002,0.8207264387984283,0.819272452593581,-0.5131988592572367,0.8676836793052913,,-0.0686699794197169,-0.04953898915629405,0.0911007994,-0.09256525236364105,,3.3453107e-06,4.5895576e-06,3.5762787e-06,0.99999994,-6.221235e-06,-5.5655837e-06,6.213784e-06,1.0,-9.536743e-07,5.5655837e-06,9.23872e-07,1.0,112,0.338,0,0,0.0,False,-0.25481392954937654,1.0436248028636332
0.35915843304246664,14:47:47.757620,14:46:27.881413,0,,0.08980878,0.01502876,0.026184902,0.45395827,-0.46069586,-0.7626802,-0.13730973,-0.88190603,0.45098528,-0.8803795,-0.100005,-0.46360666,,0.060964577,0.013425229,0.015146792,0.027669914,-0.5161599,0.8560452,-0.2257798,0.8310158,0.5083661,-0.9737854,-0.20734414,-0.093544364,,0.08362326,1.2907704,0.42627263,0.9937989,0.08374024,-0.0731524,0.013481963,-0.74378574,-0.6682821,-0.11037182,0.6631518,-0.74030244,,-0.08168241,0.24573334,-0.11655275,-0.36566547,0.4745725,0.8006683,-0.7204166,-0.68898594,0.07936162,0.5893121,-0.54779494,0.59382826,,-0.057848066,0.4153661,-0.34001565,0.1367403,0.49843654,-0.8560743,-0.8675554,0.47740784,0.13938944,0.47817335,0.7236317,0.49770218,,1.1830300035367043,0.3674167392241053,0.20654566344000003,-1.3275470322005238,0.6169137964409637,0.49122346854172133,-0.4095035737986381,,-1.2542413233699283,0.153072288300004,0.19733163412000002,0.8276462069334176,0.8235081840863095,-0.5079131890767857,0.8691537759004999,,-0.0686699794197169,-0.04953898915629405,0.0911007994,-0.09256525236364105,,3.3453107e-06,4.5895576e-06,3.5762787e-06,0.99999994,-6.221235e-06,-5.5655837e-06,6.213784e-06,1.0,-9.536743e-07,5.5655837e-06,9.23872e-07,1.0,120,0.362,0,0,0.0,False,-0.254694774112334,1.0445904068792222
0.3858973840251565,14:47:47.785057,14:46:27.881413,0,,0.090035826,0.0151670575,0.026485518,0.44969833,-0.45994565,-0.76565087,-0.13507578,-0.88238025,0.45073226,-0.88290775,-0.09927258,-0.45893255,,0.060956366,0.013433574,0.015146971,0.02779077,-0.51620233,0.8560156,-0.22285497,0.8315943,0.5087106,-0.9744555,-0.2049048,-0.09192765,,0.08362326,1.2907704,0.42627263,0.9937989,0.08374024,-0.0731524,0.013481963,-0.74378574,-0.6682821,-0.11037182,0.6631518,-0.74030244,,-0.08193846,0.24602039,-0.11666715,-0.36119717,0.4737584,0.8031747,-0.7201441,-0.68890256,0.08249681,0.5923926,-0.54860395,0.59000397,,-0.057840426,0.41537303,-0.34001008,0.13657422,0.4980668,-0.8563159,-0.86612415,0.47958556,0.14080718,0.48080814,0.72244525,0.49688673,,1.1829141625435908,0.36910801772356044,0.20637973832000003,-1.3227241635003797,0.6214228009332231,0.4965313391352014,-0.4091768856663698,,-1.2541023141781924,0.15311862469724935,0.19734978218000002,0.8295334164247784,0.8262409140816184,-0.5066293613246697,0.8706238724957084,,-0.0686699794197169,-0.04953898915629405,0.0911007994,-0.09256525236364105,,3.3453107e-06,4.5895576e-06,3.5762787e-06,0.99999994,-6.221235e-06,-5.5655837e-06,6.213784e-06,1.0,-9.536743e-07,5.5655837e-06,9.23872e-07,1.0,132,0.399,0,0,0.0,False,-0.2547543518308557,1.044880088083899
0.41336960601620376,14:47:47.815971,14:46:27.881413,0,,0.090230346,0.015241861,0.026737854,0.4469992,-0.46067643,-0.7667913,-0.13433081,-0.88204455,0.451611,-0.8843908,-0.098866016,-0.45615637,,0.060946338,0.013440875,0.015138686,0.028195653,-0.51638854,0.85589004,-0.22175503,0.83166385,0.50907737,-0.9746947,-0.20415163,-0.09106243,,0.08362326,1.2907704,0.42627263,0.9937989,0.08374024,-0.0731524,0.013481963,-0.74378574,-0.6682821,-0.11037182,0.6631518,-0.74030244,,-0.082157016,0.24623041,-0.11679054,-0.3583727,0.47444397,0.80403477,-0.72038996,-0.6883312,0.08507903,0.59380746,-0.5487286,0.5884638,,-0.057829615,0.41537333,-0.33999977,0.13615525,0.49812907,-0.8563464,-0.86563087,0.4802118,0.14170349,0.48181427,0.7219862,0.49657923,,1.1827597078861063,0.37032048678481366,0.20621770207,-1.3193691244046273,0.6234723484297048,0.4988623288466425,-0.4083601653356982,,-1.2540096413837016,0.15314179289587201,0.19736404137000002,0.829743106368263,0.8274706425795073,-0.5063252626156887,0.871603936892514,,-0.0686699794197169,-0.04953898915629405,0.0911007994,-0.09256525236364105,,3.3453107e-06,4.5895576e-06,3.5762787e-06,0.99999994,-6.221235e-06,-5.5655837e-06,6.213784e-06,1.0,-9.536743e-07,5.5655837e-06,9.23872e-07,1.0,147,0.444,0,0,0.0,False,-0.254694774112334,1.0448318078831196
0.4442985290661454,14:47:47.865924,14:46:27.881413,0,,0.090418294,0.01525072,0.026998654,0.4442349,-0.4624764,-0.767314,-0.13604754,-0.88135326,0.45244586,-0.88552046,-0.09660098,-0.45444682,,0.06097664,0.013426362,0.015144885,0.025408827,-0.51524764,0.85666454,-0.21839821,0.8333798,0.5077206,-0.97552896,-0.19999453,-0.09135398,,0.08362326,1.2907704,0.42627263,0.9937989,0.08374024,-0.0731524,0.013481963,-0.74378574,-0.6682821,-0.11037182,0.6631518,-0.74030244,,-0.082369365,0.2463976,-0.116964854,-0.35549977,0.47601137,0.80438364,-0.7222232,-0.6861825,0.08687459,0.5933073,-0.55006063,0.5877242,,-0.05785972,0.41536367,-0.34001276,0.13886036,0.4962645,-0.8569944,-0.86359394,0.4842241,0.14047264,0.4846889,0.72058904,0.49581054,,1.1825898077628734,0.3713398875242113,0.20599474019000003,-1.3143365657609987,0.6236089849294703,0.5019363818084281,-0.408850197534101,,-1.2539555822535822,0.15314179289587201,0.19737441169000003,0.8358241147293141,0.8291102805766927,-0.5033333042325959,0.8717672809586483,,-0.0686699794197169,-0.04953898915629405,0.0911007994,-0.09256525236364105,,3.3453107e-06,4.5895576e-06,3.5762787e-06,0.99999994,-6.221235e-06,-5.5655837e-06,6.213784e-06,1.0,-9.536743e-07,5.5655837e-06,9.23872e-07,1.0,155,0.469,0,0,0.0,False,-0.25439688551972894,1.045169769288576
0.4942423589527607,14:47:47.894624,14:46:27.881413,0,,0.090507865,0.015231445,0.027165338,0.44110116,-0.46416813,-0.7681,-0.13682368,-0.88063884,0.45360163,-0.8869662,-0.094989836,-0.45196015,,0.060967647,0.013441471,0.015166521,0.028092705,-0.5160414,0.85610276,-0.21605408,0.83306205,0.50924265,-0.9759772,-0.19927049,-0.08808994,,0.08362326,1.2907704,0.42627263,0.9937989,0.08374024,-0.0731524,0.013481963,-0.74378574,-0.6682821,-0.11037182,0.6631518,-0.74030244,,-0.08247449,0.24648805,-0.11709499,-0.35223535,0.47753412,0.80491704,-0.7235429,-0.68445987,0.08944469,0.5936463,-0.55088645,0.5866074,,-0.057855017,0.41539088,-0.3400164,0.13616173,0.49695066,-0.8570298,-0.8627727,0.4846638,0.14395924,0.48691195,0.71982014,0.49474812,,1.1825203031670053,0.3717723605651679,0.20584696313000003,-1.3099330769478237,0.6248387134273592,0.5039557340603611,-0.4083601653356982,,-1.2539478595207079,0.15314179289587201,0.19738218943000002,0.8341465951814379,0.8325261930708286,-0.5036683896207895,0.8717672809586483,,-0.0686699794197169,-0.04953898915629405,0.0911007994,-0.09256525236364105,,3.3453107e-06,4.5895576e-06,3.5762787e-06,0.99999994,-6.221235e-06,-5.5655837e-06,6.213784e-06,1.0,-9.536743e-07,5.5655837e-06,9.23872e-07,1.0,163,0.493,0,0,0.0,False,-0.25546928445310746,1.044880088083899
0.522922839038074,14:47:47.917682,14:46:28.079824,0,,0.09059197,0.01522284,0.027321354,0.4355,-0.4676823,-0.7691638,-0.13928714,-0.8791661,0.45570382,-0.8893475,-0.09132433,-0.44801912,,0.06096832,0.01344323,0.015161395,0.028085917,-0.5163933,0.8558908,-0.21605667,0.83285296,0.5095835,-0.9759768,-0.199233,-0.0881788,,0.08362326,1.2907704,0.42627263,0.9937989,0.08374024,-0.0731524,0.013481963,-0.74378574,-0.6682821,-0.11037182,0.6631518,-0.74030244,,-0.082573235,0.24657974,-0.117210485,-0.34641245,0.4806665,0.80557936,-0.7265654,-0.68067753,0.09370595,0.5933811,-0.5528452,0.58503085,,-0.057854977,0.41538823,-0.34001166,0.13616851,0.49730265,-0.8568245,-0.8627731,0.4846057,0.14415224,0.48690933,0.7196161,0.4950474,,1.182504857701257,0.37210443807875954,0.20571474155000002,-1.3017551691519271,0.6260684419252481,0.5072819461545433,-0.40983026193090666,,-1.2539401367878336,0.15314179289587201,0.19738737459000003,0.8341465951814379,0.8325261930708286,-0.5032599959200867,0.871603936892514,,-0.0686699794197169,-0.04953898915629405,0.0911007994,-0.09256525236364105,,3.3453107e-06,4.5895576e-06,3.5762787e-06,0.99999994,-6.221235e-06,-5.5655837e-06,6.213784e-06,1.0,-9.536743e-07,5.5655837e-06,9.23872e-07,1.0,175,0.53,0,0,0.0,False,-0.25535012901606535,1.045169769288576
0.5460054539144039,14:47:47.947323,14:46:28.079824,0,,0.090664245,0.0152499825,0.02747272,0.43248594,-0.46847597,-0.7703805,-0.13855726,-0.87880373,0.4566242,-0.89093095,-0.090741694,-0.44498116,,0.060970895,0.013445137,0.015158892,0.028092705,-0.5164609,0.85584974,-0.21605408,0.8328123,0.5096509,-0.9759772,-0.1992273,-0.088187605,,0.08362326,1.2907704,0.42627263,0.9937989,0.08374024,-0.0731524,0.013481963,-0.74378574,-0.6682821,-0.11037182,0.6631518,-0.74030244,,-0.08266001,0.24669567,-0.11729936,-0.3432647,0.48139742,0.8064898,-0.72686726,-0.67996466,0.096498884,0.5948389,-0.5530864,0.5833199,,-0.057857223,0.41538727,-0.34000838,0.13616173,0.4973706,-0.85678613,-0.8627727,0.48459318,0.14419675,0.48691195,0.7195776,0.49510083,,1.182535748632754,0.3726295839142068,0.20561492722000002,-1.2984001300561747,0.6283912624212606,0.5091450638381698,-0.40983026193090644,,-1.2539478595207079,0.15314179289587201,0.19739126346000002,0.8341465951814379,0.8325261930708286,-0.5031783171799462,0.8714405928263798,,-0.0686699794197169,-0.04953898915629405,0.0911007994,-0.09256525236364105,,3.3453107e-06,4.5895576e-06,3.5762787e-06,0.99999994,-6.221235e-06,-5.5655837e-06,6.213784e-06,1.0,-9.536743e-07,5.5655837e-06,9.23872e-07,1.0,190,0.576,0,0,0.0,False,-0.25540970673458663,1.0452180494893553
0.5756484579760581,14:47:47.994790,14:46:28.079824,0,,0.09084803,0.0153975785,0.027697012,0.4295241,-0.46720934,-0.772803,-0.1393224,-0.87980294,0.4544623,-0.8922435,-0.08753371,-0.44298938,,0.060959682,0.013460992,0.015175045,0.030609433,-0.51584226,0.8561365,-0.21452495,0.833187,0.50968456,-0.97623885,-0.19926375,-0.08515766,,0.08362326,1.2907704,0.42627263,0.9937989,0.08374024,-0.0731524,0.013481963,-0.74378574,-0.6682821,-0.11037182,0.6631518,-0.74030244,,-0.0828657,0.2469418,-0.11735399,-0.34018433,0.4798337,0.80872387,-0.7281021,-0.6786576,0.09639119,0.5950983,-0.55604273,0.58023655,,-0.05784952,0.41541132,-0.340008,0.13364103,0.49674663,-0.85754466,-0.86233014,0.48472154,0.14639601,0.4883921,0.71992207,0.49313828,,1.1826052532286218,0.3740428440301899,0.20550863144000003,-1.2935772613560306,0.6290744449200878,0.5159390609323384,-0.4095035737986381,,-1.2539478595207079,0.15314951562874626,0.19739774491,0.8320496957465926,0.835122286566372,-0.5054586148304594,0.8717672809586483,,-0.0686699794197169,-0.04953898915629405,0.0911007994,-0.09256525236364105,,3.3453107e-06,4.5895576e-06,3.5762787e-06,0.99999994,-6.221235e-06,-5.5655837e-06,6.213784e-06,1.0,-9.536743e-07,5.5655837e-06,9.23872e-07,1.0,198,0.6,0,0,0.0,False,-0.2548735072678969,1.04570085149715
0.6231156711000949,14:47:48.019803,14:46:28.079824,0,,0.0910418,0.015586361,0.027908847,0.42684782,-0.46859995,-0.7734435,-0.13905185,-0.87911177,0.4558804,-0.89356905,-0.08704275,-0.44040677,,0.060961418,0.013462065,0.015168488,0.030603688,-0.51640034,0.8558002,-0.21453395,0.8328534,0.5102257,-0.97623694,-0.19921297,-0.08529705,,0.08362326,1.2907704,0.42627263,0.9937989,0.08374024,-0.0731524,0.013481963,-0.74378574,-0.6682821,-0.11037182,0.6631518,-0.74030244,,-0.0830804,0.24720952,-0.117371134,-0.33739442,0.48116526,0.80910134,-0.7285968,-0.67771983,0.099209756,0.5960803,-0.5560358,0.57923436,,-0.057850257,0.41540694,-0.34000275,0.13364688,0.49730647,-0.8572192,-0.8623339,0.48462173,0.14670376,0.4883838,0.7196027,0.4936124,,1.1826670350916157,0.3756182815365317,0.20543992807000003,-1.2895931524298248,0.6304408099177423,0.5183370677214184,-0.40934022973250384,,-1.2539401367878336,0.15314179289587201,0.19740422636000002,0.8320496957465926,0.835122286566372,-0.5048051849093349,0.8717672809586483,,-0.0686699794197169,-0.04953898915629405,0.0911007994,-0.09256525236364105,,3.3453107e-06,4.5895576e-06,3.5762787e-06,0.99999994,-6.221235e-06,-5.5655837e-06,6.213784e-06,1.0,-9.536743e-07,5.5655837e-06,9.23872e-07,1.0,210,0.637,0,0,0.0,False,-0.2546351963938136,1.0462319337057238
0.648053860059008,14:47:48.058576,14:46:28.229395,0,,0.09133381,0.015908174,0.028188601,0.4284484,-0.46702892,-0.7735087,-0.13925678,-0.87996423,0.4541699,-0.89277077,-0.08687198,-0.44205633,,0.06095977,0.013467131,0.01517719,0.03165987,-0.5158876,0.856071,-0.21328545,0.8332851,0.5100442,-0.97647685,-0.19873539,-0.083649665,,0.08362326,1.2907704,0.42627263,0.9937989,0.08374024,-0.0731524,0.013481963,-0.74378574,-0.6682821,-0.11037182,0.6631518,-0.74030244,,-0.08340041,0.24761434,-0.117342815,-0.3390632,0.47959128,0.8093382,-0.72832924,-0.6783491,0.096845396,0.59546006,-0.556628,0.57930356,,-0.05785026,0.41541696,-0.34000483,0.1325779,0.49670368,-0.85773456,-0.8618409,0.48518065,0.14774962,0.489544,0.7196424,0.49240378,,1.1828678261463454,0.3782362879808938,0.20536992841,-1.2895931524298248,0.6283912624212606,0.5220503047803786,-0.40917688566636934,,-1.2539324140549595,0.1531340701629978,0.19740941152000002,0.8316303158596237,0.8367619245635572,-0.5057338060529891,0.8725840012893198,,-0.0686699794197169,-0.04953898915629405,0.0911007994,-0.09256525236364105,,3.3453107e-06,4.5895576e-06,3.5762787e-06,0.99999994,-6.221235e-06,-5.5655837e-06,6.213784e-06,1.0,-9.536743e-07,5.5655837e-06,9.23872e-07,1.0,218,0.661,0,0,0.0,False,-0.2545756186752919,1.0464733347096211
0.6868530008941889,14:47:48.086248,14:46:28.229395,0,,0.091477625,0.016074449,0.028326198,0.4275382,-0.46895057,-0.77284956,-0.14145952,-0.87909824,0.45516527,-0.89286083,-0.08527359,-0.44218564,,0.060952567,0.013477949,0.015180588,0.03305497,-0.5159109,0.8560042,-0.21282253,0.83319604,0.51038283,-0.9765316,-0.19904765,-0.08225624,,0.08362326,1.2907704,0.42627263,0.9937989,0.08374024,-0.0731524,0.013481963,-0.74378574,-0.6682821,-0.11037182,0.6631518,-0.74030244,,-0.08355807,0.24781936,-0.117323495,-0.3381326,0.481343,0.8086874,-0.72996056,-0.6765063,0.09745188,0.59398985,-0.5573582,0.5801102,,-0.057844244,0.41542768,-0.33999944,0.13118644,0.49678016,-0.8579042,-0.86178476,0.48489633,0.14900546,0.49001756,0.7197812,0.49172938,,1.1830454490024527,0.379479647973644,0.20533622487000003,-1.2864478032775568,0.6264783514245444,0.5236918341722692,-0.40901354160023495,,-1.2539324140549595,0.15314179289587201,0.19741589297,0.8301624862552319,0.8378550165616808,-0.5067885067628417,0.8725840012893197,,-0.0686699794197169,-0.04953898915629405,0.0911007994,-0.09256525236364105,,3.3453107e-06,4.5895576e-06,3.5762787e-06,0.99999994,-6.221235e-06,-5.5655837e-06,6.213784e-06,1.0,-9.536743e-07,5.5655837e-06,9.23872e-07,1.0,226,0.686,0,0,0.0,False,-0.25397984149008224,1.0464733347096211
0.7145754559896886,14:47:48.106721,14:46:28.229395,0,,0.09162502,0.016267307,0.028490975,0.4279647,-0.46948802,-0.7722869,-0.14259326,-0.87886554,0.45526078,-0.8924761,-0.084712565,-0.44306937,,0.0609535,0.013478247,0.015179038,0.032994654,-0.5159004,0.8560128,-0.21264145,0.83324665,0.51037586,-0.9765731,-0.19886348,-0.08220917,,0.08362326,1.2907704,0.42627263,0.9937989,0.08374024,-0.0731524,0.013481963,-0.74378574,-0.6682821,-0.11037182,0.6631518,-0.74030244,,-0.08372211,0.24806197,-0.11730623,-0.33858612,0.48182198,0.8082122,-0.73057574,-0.67592204,0.09689444,0.5929743,-0.5576531,0.58086526,,-0.057844944,0.41542664,-0.33999816,0.13124302,0.4967383,-0.85791975,-0.8616859,0.48506323,0.14903402,0.49017623,0.71969765,0.49169356,,1.1833157446530504,0.3809392444868724,0.20529733617,-1.2853993535601342,0.6245654404278282,0.5251700060838784,-0.4088501975341008,,-1.2539246913220852,0.15314179289587201,0.19741848555000002,0.8303721761987164,0.8379916530614462,-0.5066548884461164,0.8724206572231855,,-0.0686699794197169,-0.04953898915629405,0.0911007994,-0.09256525236364105,,3.3453107e-06,4.5895576e-06,3.5762787e-06,0.99999994,-6.221235e-06,-5.5655837e-06,6.213784e-06,1.0,-9.536743e-07,5.5655837e-06,9.23872e-07,1.0,237,0.72,0,0,0.0,False,-0.25386068605304013,1.0468112961150775
0.7350146360695362,14:47:48.137991,14:46:28.229395,0,,0.091843784,0.01654981,0.028735176,0.4244399,-0.4746988,-0.77104586,-0.14692631,-0.876377,0.45866758,-0.8934559,-0.081389815,-0.44171527,,0.060954433,0.01347935,0.015176892,0.032994654,-0.51618004,0.85584426,-0.21264145,0.8330798,0.51064813,-0.9765731,-0.1988366,-0.08227411,,0.08362326,1.2907704,0.42627263,0.9937989,0.08374024,-0.0731524,0.013481963,-0.74378574,-0.6682821,-0.11037182,0.6631518,-0.74030244,,-0.083965495,0.24841908,-0.11728287,-0.33495188,0.4866688,0.80682135,-0.734198,-0.671495,0.100238636,0.59055954,-0.5587915,0.5822298,,-0.057845574,0.41542563,-0.33999586,0.13124302,0.49701858,-0.85775745,-0.8616859,0.4850145,0.1491925,0.49017623,0.71953696,0.49192867,,1.1837559404268814,0.3829317095684223,0.20523900312,-1.2776408256512068,0.6218327104325195,0.5275617216380879,-0.4088501975341008,,-1.2539246913220852,0.15314179289587201,0.19742107813,0.8303721761987164,0.8379916530614462,-0.5063281734855541,0.8730740334877226,,-0.0686699794197169,-0.04953898915629405,0.0911007994,-0.09256525236364105,,3.3453107e-06,4.5895576e-06,3.5762787e-06,0.99999994,-6.221235e-06,-5.5655837e-06,6.213784e-06,1.0,-9.536743e-07,5.5655837e-06,9.23872e-07,1.0,245,0.743,0,0,0.0,False,-0.254694774112334,1.0459422525010473
0.766313724918291,14:47:48.167750,14:46:28.229395,0,,0.09199396,0.016789898,0.028961077,0.42528668,-0.4714769,-0.77255464,-0.14772347,-0.8783101,0.45469674,-0.8929217,-0.079252005,-0.4431819,,0.060947325,0.013492523,0.015192509,0.03519651,-0.51595646,0.85589135,-0.21108371,0.8332629,0.5109956,-0.9768342,-0.19864994,-0.07958208,,0.08362326,1.2907704,0.42627263,0.9937989,0.08374024,-0.0731524,0.013481963,-0.74378574,-0.6682821,-0.11037182,0.6631518,-0.74030244,,-0.08413856,0.24873728,-0.117278956,-0.33584058,0.48326924,0.8084936,-0.7344931,-0.6717315,0.09641953,0.58968717,-0.5614514,0.58055264,,-0.057841696,0.4154469,-0.3399968,0.12903132,0.49675938,-0.858243,-0.8611763,0.48523894,0.15138867,0.49165666,0.7195647,0.49040842,,1.1842733635294542,0.3847156608623682,0.20518067007000002,-1.277221445764238,0.6196465264362724,0.5335100238443995,-0.4099936059970408,,-1.2539324140549595,0.15314179289587201,0.19742755958000002,0.8286946566508403,0.8404511100572242,-0.5078436233112462,0.8724206572231855,,-0.0686699794197169,-0.04953898915629405,0.0911007994,-0.09256525236364105,,3.3453107e-06,4.5895576e-06,3.5762787e-06,0.99999994,-6.221235e-06,-5.5655837e-06,6.213784e-06,1.0,-9.536743e-07,5.5655837e-06,9.23872e-07,1.0,257,0.78,0,0,0.0,False,-0.25403941920860307,1.0456525712963705
0.7959664070513099,14:47:48.198184,14:46:28.229395,0,,0.09213573,0.017028049,0.029224142,0.42230323,-0.4733008,-0.7730758,-0.1486839,-0.87747407,0.45599595,-0.8941773,-0.0776245,-0.44093248,,0.060947068,0.013493268,0.015189648,0.03518971,-0.51602864,0.85584813,-0.21108627,0.83322006,0.51106435,-0.9768338,-0.19864196,-0.07960579,,0.08362326,1.2907704,0.42627263,0.9937989,0.08374024,-0.0731524,0.013481963,-0.74378574,-0.6682821,-0.11037182,0.6631518,-0.74030244,,-0.08430682,0.24907942,-0.11730438,-0.3327428,0.4849211,0.8087854,-0.7358335,-0.66989845,0.098919414,0.58977216,-0.5622167,0.5797251,,-0.057841025,0.4154453,-0.3399944,0.12903811,0.4968315,-0.85820025,-0.8611768,0.4852273,0.15142338,0.4916541,0.7195227,0.49047256,,1.1848680139607697,0.38641466209469755,0.20510418896000002,-1.2723985770640938,0.6195098899365069,0.5365618763931561,-0.4086868534679665,,-1.2539246913220852,0.15314179289587201,0.19743015216,0.8286946566508403,0.8404511100572242,-0.5077619445711057,0.8719306250247827,,-0.0686699794197169,-0.04953898915629405,0.0911007994,-0.09256525236364105,,3.3453107e-06,4.5895576e-06,3.5762787e-06,0.99999994,-6.221235e-06,-5.5655837e-06,6.213784e-06,1.0,-9.536743e-07,5.5655837e-06,9.23872e-07,1.0,265,0.805,0,0,0.0,False,-0.25397984149008224,1.0453146098909143
0.8264624429866672,14:47:48.226929,14:46:28.229395,0,,0.0922845,0.017259933,0.029502437,0.42177215,-0.471997,-0.7741622,-0.15125293,-0.8784846,0.45319676,-0.89399713,-0.07405144,-0.44191137,,0.060947277,0.0134945195,0.015185654,0.03518288,-0.5160309,0.85584706,-0.21108887,0.83321905,0.51106495,-0.9768335,-0.19864047,-0.0796133,,0.08362326,1.2907704,0.42627263,0.9937989,0.08374024,-0.0731524,0.013481963,-0.74378574,-0.6682821,-0.11037182,0.6631518,-0.74030244,,-0.08448348,0.24942656,-0.11734482,-0.33221307,0.4832851,0.80998147,-0.7375832,-0.66835916,0.09626545,0.58788216,-0.5654481,0.5785006,,-0.05784067,0.41544318,-0.3399908,0.12904492,0.49683353,-0.85819805,-0.8611772,0.48522803,0.15141846,0.4916515,0.7195208,0.49047792,,1.1855553371865757,0.3882295043201403,0.20499659689000002,-1.2694629178553105,0.6163672504419018,0.5427183527443586,-0.40803347720342964,,-1.2539169685892109,0.15314179289587201,0.19743404103,0.8286946566508403,0.8404511100572242,-0.5077619445711057,0.8719306250247827,,-0.0686699794197169,-0.04953898915629405,0.0911007994,-0.09256525236364105,,3.3453107e-06,4.5895576e-06,3.5762787e-06,0.99999994,-6.221235e-06,-5.5655837e-06,6.213784e-06,1.0,-9.536743e-07,5.5655837e-06,9.23872e-07,1.0,284,0.862,0,0,0.0,False,-0.2540989969271239,1.0458456920994883
0.8552448719274253,14:47:48.277807,14:46:28.420301,0,,0.09252334,0.017600775,0.029961899,0.41886386,-0.47288948,-0.7751958,-0.15411064,-0.87833005,0.452533,-0.894876,-0.07008371,-0.44077814,,0.06094973,0.013495384,0.015180886,0.035183977,-0.5160274,0.85584915,-0.21109533,0.83321965,0.51106125,-0.97683203,-0.19864687,-0.079615,,0.08362326,1.2907704,0.42627263,0.9937989,0.08374024,-0.0731524,0.013481963,-0.74378574,-0.6682821,-0.11037182,0.6631518,-0.74030244,,-0.0847681,0.24996898,-0.117440134,-0.3292128,0.48378846,0.81090546,-0.7400862,-0.66553795,0.09660033,0.5864225,-0.56833786,0.5771488,,-0.057842392,0.4154399,-0.33998683,0.12904397,0.4968311,-0.8581996,-0.8611806,0.48522323,0.15141445,0.49164578,0.71952575,0.49047643,,1.1865361242616022,0.39100196542198695,0.20480863484000003,-1.2631722195507746,0.6137711569463585,0.5494909811026025,-0.4088501975341009,,-1.2539169685892109,0.1531340701629978,0.19743922619,0.8286946566508403,0.8404511100572242,-0.5077619445711057,0.8719306250247827,,-0.0686699794197169,-0.04953898915629405,0.0911007994,-0.09256525236364105,,3.3453107e-06,4.5895576e-06,3.5762787e-06,0.99999994,-6.221235e-06,-5.5655837e-06,6.213784e-06,1.0,-9.536743e-07,5.5655837e-06,9.23872e-07,1.0,288,0.874,0,0,0.0,False,-0.254694774112334,1.045411170292473
0.9061318980529904,14:47:48.300540,14:46:28.420301,0,,0.0926771,0.0178205,0.0302784,0.41650298,-0.47543776,-0.77490914,-0.1548234,-0.87700164,0.45486015,-0.89585435,-0.069476396,-0.43888283,,0.06095171,0.013498602,0.01517874,0.03518971,-0.51602864,0.85584813,-0.21108627,0.83322006,0.51106435,-0.9768338,-0.19864196,-0.07960579,,0.08362326,1.2907704,0.42627263,0.9937989,0.08374024,-0.0731524,0.013481963,-0.74378574,-0.6682821,-0.11037182,0.6631518,-0.74030244,,-0.08495335,0.2503322,-0.117516644,-0.32676327,0.48625636,0.81042,-0.7411016,-0.6639684,0.099570684,0.5865101,-0.56806755,0.5773259,,-0.057844177,0.41544017,-0.3399829,0.12903811,0.4968315,-0.85820025,-0.8611768,0.4852273,0.15142338,0.4916541,0.7195227,0.49047256,,1.1871693883572885,0.3928245303803039,0.20467900584,-1.2591881106245688,0.6133612474470621,0.5508870584355192,-0.4090135416002354,,-1.2539246913220852,0.15314179289587201,0.19744311506,0.8286946566508403,0.8404511100572242,-0.5077619445711057,0.8719306250247827,,-0.0686699794197169,-0.04953898915629405,0.0911007994,-0.09256525236364105,,3.3453107e-06,4.5895576e-06,3.5762787e-06,0.99999994,-6.221235e-06,-5.5655837e-06,6.213784e-06,1.0,-9.536743e-07,5.5655837e-06,9.23872e-07,1.0,300,0.911,0,0,0.0,False,-0.25481392954937654,1.0446869672807815
0.9288658420555294,14:47:48.336175,14:46:28.420301,0,,0.0928494,0.018031843,0.03054513,0.41112453,-0.47988987,-0.775037,-0.15921146,-0.8749463,0.457297,-0.8975681,-0.06461117,-0.43611592,,0.060954273,0.01350054,0.015176237,0.03519651,-0.51623607,0.85572267,-0.21108371,0.83309585,0.5112679,-0.9768342,-0.1986239,-0.07964699,,0.08362326,1.2907704,0.42627263,0.9937989,0.08374024,-0.0731524,0.013481963,-0.74378574,-0.6682821,-0.11037182,0.6631518,-0.74030244,,-0.08515217,0.25065473,-0.11756071,-0.32121268,0.490202,0.81026196,-0.7451236,-0.65888834,0.10323232,0.5844768,-0.5705858,0.57690436,,-0.05784642,0.41543922,-0.33997962,0.12903132,0.49703974,-0.8580806,-0.8611763,0.48518944,0.15154721,0.49165666,0.7194044,0.4906435,,1.1876945341927359,0.39444630428389105,0.20457400635000003,-1.2497520631677652,0.611448336450346,0.5553056649921888,-0.4081968212695639,,-1.2539324140549595,0.15314179289587201,0.19744700393000003,0.8286946566508403,0.8404511100572242,-0.5075169083506839,0.8717672809586483,,-0.0686699794197169,-0.04953898915629405,0.0911007994,-0.09256525236364105,,3.3453107e-06,4.5895576e-06,3.5762787e-06,0.99999994,-6.221235e-06,-5.5655837e-06,6.213784e-06,1.0,-9.536743e-07,5.5655837e-06,9.23872e-07,1.0,308,0.936,0,0,0.0,False,-0.2545756186752919,1.0451214890877965
0.9645022090990096,14:47:48.358431,14:46:28.420301,0,,0.09296056,0.01816687,0.03072451,0.40828052,-0.4788785,-0.77716297,-0.15942818,-0.8756746,0.45582494,-0.89882684,-0.062202692,-0.43386775,,0.060955174,0.013501851,0.015175283,0.035264406,-0.516213,0.8557339,-0.2109673,0.83312505,0.5112683,-0.9768568,-0.1985614,-0.07952444,,0.08362326,1.2907704,0.42627263,0.9937989,0.08374024,-0.0731524,0.013481963,-0.74378574,-0.6682821,-0.11037182,0.6631518,-0.74030244,,-0.08528113,0.2508667,-0.11759541,-0.31825876,0.4889677,0.81217116,-0.7459238,-0.6578951,0.103786804,0.5850718,-0.57278675,0.5741135,,-0.057847213,0.41543925,-0.33997792,0.12896186,0.49700567,-0.85811085,-0.861126,0.48525113,0.1516356,0.49176303,0.71938634,0.4905634,,1.1879493843775852,0.3955352096191567,0.20451048814000003,-1.2457679542415592,0.6122681554489386,0.5605997056002713,-0.4093402297325037,,-1.2539324140549595,0.15314179289587201,0.19744959651000002,0.8286946566508403,0.8405877465569896,-0.5075466475142398,0.8716039368925141,,-0.0686699794197169,-0.04953898915629405,0.0911007994,-0.09256525236364105,,3.3453107e-06,4.5895576e-06,3.5762787e-06,0.99999994,-6.221235e-06,-5.5655837e-06,6.213784e-06,1.0,-9.536743e-07,5.5655837e-06,9.23872e-07,1.0,316,0.96,0,0,0.0,False,-0.2545756186752919,1.045073208887017
