Task Time,PC1 Time,PC2 Time,Gaze Calib,s_T_psm1,Tx,Ty,Tz,R00,R01,R02,R10,R11,R12,R20,R21,R22,s_T_psm3,Tx,Ty,Tz,R00,R01,R02,R10,R11,R12,R20,R21,R22,cart_T_ecm,Tx,Ty,Tz,R00,R01,R02,R10,R11,R12,R20,R21,R22,ecm_T_psm1,Tx,Ty,Tz,R00,R01,R02,R10,R11,R12,R20,R21,R22,ecm_T_psm3,Tx,Ty,Tz,R00,R01,R02,R10,R11,R12,R20,R21,R22,psm1_joints,q1,q2,q3,q4,q5,q6,jaw,psm3_joints,q1,q2,q3,q4,q5,q6,jaw,ecm_joints,q1,q2,q3,q4,ecmi_T_ecm,Tx,Ty,Tz,R00,R01,R02,R10,R11,R12,R20,R21,R22,Sample #,Task Duration (s),Collisions (binary),Collisions (increments),Cumulative Collision Time (s),Clutch Press,MTMR Angle,MTML Angle
""
lci_T_si,,,,,-0.048014555,0.029841654,0.20603786,0.98909175,-0.010691175,0.14691202,0.09030502,-0.7439362,-0.6621208,0.11637202,0.66816515,-0.7348557
rci_T_si,,,,,-0.05720088,0.033855394,0.21545881,0.9875528,-0.02682583,0.15498324,0.08572007,-0.73436654,-0.67331856,0.13187683,0.67822284,-0.7229262
ecm_T_lc,,,,,-4.4061628e-05,-0.00034663224,-0.01840835,-0.99912,0.030754527,0.028518902,-0.031987965,-0.99852574,-0.043852776,0.027128186,-0.04472645,0.9986309
ecm_T_rc,,,,,-0.0043358393,0.01870579,-0.007592615,-0.99555075,-0.052743673,-0.078081585,0.04863213,-0.9973746,0.053654674,-0.08070653,0.04961868,0.9955021
cart_T_ecmi,,,,,0.08389765,1.2908373,0.4261723,0.9940883,0.08247068,-0.0706194,0.014340571,-0.744454,-0.6675197,-0.1076237,0.66256076,-0.7412357
ecmac_T_ecmrep_psm1,,,,,0.023195708,-0.2631036,-0.30022871,0.99664557,0.07921609,0.02055357,-0.078295335,0.99603295,-0.04228661,-0.023821812,0.040535513,0.9988941
ecmac_T_ecmrep_psm3,,,,,0.022281613,-0.4507852,-0.5326207,0.99995744,0.002629678,0.008843231,-0.0032003638,0.99787027,0.06515156,-0.008653069,-0.06517708,0.9978362
""
0,13:47:52.853955,13:46:32.880829,0,,0.11575461,0.003370218,0.023096412,0.44228652,0.8938006,-0.07418132,-0.38577825,0.26426038,0.88393533,0.80966514,-0.36233523,0.46168756,,0.023362719,0.0048541054,0.0124825835,0.06907949,0.9968875,0.037987668,-0.3531937,-0.011173122,0.9354836,0.9329964,-0.078039795,0.3513225,,0.08387156,1.2908367,0.42617515,0.99408776,0.08249608,-0.07059662,0.014374484,-0.7444512,-0.66752213,-0.1076237,0.66256076,-0.7412357,,-0.1093089,0.25516865,-0.100619785,-0.55530685,-0.8292938,0.06249849,0.23724571,-0.08593826,0.967641,-0.79708767,0.5521652,0.24446851,,-0.023313038,0.4310006,-0.33059564,-0.23793624,-0.9665859,-0.09538381,0.44026273,-0.19486658,0.87646776,-0.8657685,0.16654952,0.47191757,,1.140717150118828,0.47297105214900587,0.22157225712000003,3.6209259440907666,-1.0131596457607408,-1.158384593286276,-0.40787013313729537,,-1.0912067096621747,0.32105717378013554,0.19905699611000002,-1.773976921879076,-1.2428456018664462,-0.9463424389100012,0.875524194479737,,-0.06622870012848983,-0.05163338425868725,0.09109722752,-0.09125690957404896,,-2.625212e-05,2.3841858e-07,1.1920929e-07,0.99999994,2.5294721e-05,2.2597611e-05,-2.528727e-05,1.0,3.7252903e-06,-2.2612512e-05,-3.6358833e-06,1.0,35,0.104,0,0,0.0,False,-0.25117968871959295,1.0510116735828905
0.11471398314461112,13:47:52.875595,13:46:32.880829,0,,0.11567198,0.003419444,0.02322802,0.44327316,0.8928839,-0.07916482,-0.38545364,0.26959974,0.8824633,0.8092802,-0.360658,0.46367157,,0.02336274,0.004851587,0.012484193,0.06907684,0.9968877,0.037989628,-0.35318744,-0.011176437,0.9354859,0.932999,-0.07803792,0.35131606,,0.08387156,1.2908367,0.42617515,0.99408776,0.08249608,-0.07059662,0.014374484,-0.7444512,-0.66752213,-0.1076237,0.66256076,-0.7412357,,-0.109240316,0.2552969,-0.100693375,-0.55622244,-0.82831794,0.06712676,0.23718533,-0.080817506,0.9680969,-0.79646707,0.55439866,0.24141738,,-0.023313357,0.43100008,-0.33059853,-0.23793407,-0.96658635,-0.09538456,0.44026917,-0.19486743,0.8764643,-0.8657658,0.16654584,0.47192377,,1.1414276415432567,0.47321817960098106,0.22149188714,3.620296874260313,-1.012203190262383,-1.1633301343593199,-0.4083601653356983,,-1.0912067096621747,0.3210494510472613,0.19905569982000001,-1.773976921879076,-1.2428456018664462,-0.9463424389100012,0.875524194479737,,-0.06622870012848983,-0.05163338425868725,0.09109722752,-0.09125690957404896,,-2.625212e-05,2.3841858e-07,1.1920929e-07,0.99999994,2.5294721e-05,2.2597611e-05,-2.528727e-05,1.0,3.7252903e-06,-2.2612512e-05,-3.6358833e-06,1.0,43,0.129,0,0,0.0,False,-0.25207335449740853,1.050335750771978
0.13634929107502103,13:47:52.900485,13:46:32.949242,0,,0.11559748,0.003461562,0.023357064,0.44358608,0.89239115,-0.082880646,-0.38583112,0.27361572,0.88106114,0.8089287,-0.3588486,0.4656843,,0.023363687,0.0048512146,0.012485862,0.06906967,0.9968882,0.037987977,-0.35318962,-0.011177219,0.93548506,0.9329987,-0.07803067,0.3513184,,0.08387156,1.2908367,0.42617515,0.99408776,0.08249608,-0.07059662,0.014374484,-0.7444512,-0.66752213,-0.1076237,0.66256076,-0.7412357,,-0.109179854,0.25541782,-0.100768864,-0.5565094,-0.827845,0.07049823,0.23665643,-0.07660752,0.96856856,-0.7964239,0.5557013,0.23854765,,-0.023314586,0.43100092,-0.33059976,-0.23792697,-0.9665882,-0.09538337,0.44026846,-0.19486271,0.87646574,-0.86576813,0.16654056,0.47192138,,1.1421072420361884,0.4734498615872078,0.22141670232000002,3.6200871843168283,-1.012203190262383,-1.1674957501064882,-0.40787013313729537,,-1.091214432395049,0.3210494510472613,0.19905440353,-1.773976921879076,-1.2428456018664462,-0.9463424389100012,0.875524194479737,,-0.06622870012848983,-0.05163338425868725,0.09109722752,-0.09125690957404896,,-2.625212e-05,2.3841858e-07,1.1920929e-07,0.99999994,2.5294721e-05,2.2597611e-05,-2.528727e-05,1.0,3.7252903e-06,-2.2612512e-05,-3.6358833e-06,1.0,50,0.15,0,0,0.0,False,-0.25266913168261906,1.0507702725789931
0.16123640700243413,13:47:52.925175,13:46:32.949242,0,,0.11546604,0.0035073683,0.023569465,0.44258654,0.8925657,-0.08627534,-0.38787198,0.27729505,0.8790124,0.8085002,-0.35557538,0.46892816,,0.023363218,0.00484886,0.012485802,0.06911412,0.9968804,0.038109887,-0.35323906,-0.01127179,0.9354652,0.9329766,-0.07811581,0.35135806,,0.08387156,1.2908367,0.42617515,0.99408776,0.08249608,-0.07059662,0.014374484,-0.7444512,-0.66752213,-0.1076237,0.66256076,-0.7412357,,-0.10907278,0.2555998,-0.10090995,-0.5555695,-0.82822657,0.07337069,0.23490044,-0.07169543,0.96937174,-0.7975991,0.5557882,0.23438258,,-0.02331412,0.43099937,-0.3306015,-0.237967,-0.9665658,-0.09551053,0.44021347,-0.19498722,0.8764657,-0.86578506,0.16652489,0.47189578,,1.1432502065015737,0.4737047117720572,0.22129355477,3.620296874260313,-1.0143893742586299,-1.172329041598731,-0.4086868534679664,,-1.0912067096621747,0.3210494510472613,0.19905310724000003,-1.7737672319355915,-1.2428456018664462,-0.9464241176501419,0.8753608504136026,,-0.06622870012848983,-0.05163338425868725,0.09109722752,-0.09125690957404896,,-2.625212e-05,2.3841858e-07,1.1920929e-07,0.99999994,2.5294721e-05,2.2597611e-05,-2.528727e-05,1.0,3.7252903e-06,-2.2612512e-05,-3.6358833e-06,1.0,58,0.174,0,0,0.0,False,-0.2512392664381147,1.0508668329805522
0.18589495099149644,13:47:52.941834,13:46:32.949242,0,,0.11542005,0.0035158098,0.023629129,0.44227815,0.89261776,-0.08731213,-0.38844198,0.2783898,0.8784145,0.80839527,-0.35458794,0.46985582,,0.023363218,0.00484886,0.012485802,0.06911412,0.9968804,0.038109887,-0.35323906,-0.01127179,0.9354652,0.9329766,-0.07811581,0.35135806,,0.08387156,1.2908367,0.42617515,0.99408776,0.08249608,-0.07059662,0.014374484,-0.7444512,-0.66752213,-0.1076237,0.66256076,-0.7412357,,-0.10903394,0.25564805,-0.10095365,-0.55527985,-0.82834184,0.07425698,0.23442124,-0.07022484,0.9695954,-0.79794174,0.5558042,0.23317535,,-0.02331412,0.43099937,-0.3306015,-0.237967,-0.9665658,-0.09551053,0.44021347,-0.19498722,0.8764657,-0.86578506,0.16652489,0.47189578,,1.1435977294809139,0.4737356027035541,0.22125596236000003,3.620296874260313,-1.015072556757457,-1.1737322418436222,-0.4086868534679662,,-1.0912067096621747,0.3210494510472613,0.19905310724000003,-1.7737672319355915,-1.2428456018664462,-0.9464241176501419,0.8753608504136026,,-0.06622870012848983,-0.05163338425868725,0.09109722752,-0.09125690957404896,,-2.625212e-05,2.3841858e-07,1.1920929e-07,0.99999994,2.5294721e-05,2.2597611e-05,-2.528727e-05,1.0,3.7252903e-06,-2.2612512e-05,-3.6358833e-06,1.0,66,0.198,0,0,0.0,False,-0.2508222224084671,1.0507702725789931
0.20259183808229864,13:47:52.972142,13:46:32.949242,0,,0.115267776,0.0035508797,0.023790926,0.44206434,0.8922946,-0.09159293,-0.38890624,0.28267983,0.87683755,0.80828893,-0.35199758,0.4719815,,0.023365088,0.004850678,0.012487471,0.069102444,0.9968815,0.038104605,-0.35324985,-0.011270046,0.93546116,0.9329735,-0.07810315,0.35136932,,0.08387156,1.2908367,0.42617515,0.99408776,0.08249608,-0.07059662,0.014374484,-0.7444512,-0.66752213,-0.1076237,0.66256076,-0.7412357,,-0.10890065,0.2557891,-0.10106742,-0.5550784,-0.82811713,0.07816621,0.2340153,-0.06529591,0.97003776,-0.79820096,0.5567391,0.23003644,,-0.02331626,0.43100157,-0.33060107,-0.237955,-0.96656907,-0.09550739,0.4402055,-0.19497691,0.87647194,-0.86579245,0.166518,0.47188476,,1.14463257568606,0.4737742163679252,0.22115225916000003,3.6190387345994055,-1.0158923757560496,-1.1776377438693153,-0.407706789071161,,-1.0912221551279233,0.32105717378013554,0.19905310724000003,-1.7737672319355915,-1.2428456018664462,-0.9464241176501419,0.8753608504136026,,-0.06622870012848983,-0.05163338425868725,0.09109722752,-0.09125690957404896,,-2.625212e-05,2.3841858e-07,1.1920929e-07,0.99999994,2.5294721e-05,2.2597611e-05,-2.528727e-05,1.0,3.7252903e-06,-2.2612512e-05,-3.6358833e-06,1.0,73,0.22,0,0,0.0,False,-0.25225208765297147,1.0503840309727575
0.23290146701037884,13:47:52.991873,13:46:32.949242,0,,0.115169086,0.0035711676,0.02389872,0.4418674,0.8919811,-0.0955129,-0.3883837,0.28619066,0.87592983,0.8086478,-0.34994924,0.47288913,,0.023362666,0.004850067,0.012486398,0.06911679,0.9968803,0.038107917,-0.35324544,-0.011268474,0.93546295,0.93297404,-0.07811768,0.3513645,,0.08387156,1.2908367,0.42617515,0.99408776,0.08249608,-0.07059662,0.014374484,-0.7444512,-0.66752213,-0.1076237,0.66256076,-0.7412357,,-0.10881475,0.25588065,-0.101144925,-0.5549,-0.82787603,0.08189788,0.23465158,-0.06130798,0.97014433,-0.7981382,0.55755055,0.22828221,,-0.023313684,0.43100068,-0.3306011,-0.23796919,-0.9665653,-0.095509775,0.440207,-0.19498637,0.87646914,-0.86578774,0.16652857,0.4718896,,1.1452426715831237,0.47378193910079947,0.22107837063000002,3.616732145221076,-1.016029012255815,-1.1797316519494143,-0.4095035737986379,,-1.0912067096621747,0.32105717378013554,0.19905310724000003,-1.7737672319355915,-1.2428456018664462,-0.9464241176501419,0.8753608504136026,,-0.06622870012848983,-0.05163338425868725,0.09109722752,-0.09125690957404896,,-2.625212e-05,2.3841858e-07,1.1920929e-07,0.99999994,2.5294721e-05,2.2597611e-05,-2.528727e-05,1.0,3.7252903e-06,-2.2612512e-05,-3.6358833e-06,1.0,81,0.244,0,0,0.0,False,-0.25129884415663506,1.0511565141852286
0.2526287930086255,13:47:53.020090,13:46:33.077900,0,,0.115033455,0.0035983324,0.02403912,0.44179708,0.8914436,-0.10071431,-0.38737953,0.29082364,0.8748478,0.80916774,-0.34749064,0.473812,,0.023364611,0.0048483238,0.0124874115,0.069146864,0.99687064,0.038307942,-0.3532993,-0.011441022,0.9354405,0.93295145,-0.078217,0.35140258,,0.08387156,1.2908367,0.42617515,0.99408776,0.08249608,-0.07059662,0.014374484,-0.7444512,-0.66752213,-0.1076237,0.66256076,-0.7412357,,-0.1086958,0.25600076,-0.10124624,-0.5548423,-0.8274057,0.08688945,0.23574711,-0.056203857,0.97018784,-0.79785544,0.5587852,0.2262428,,-0.023315795,0.43100002,-0.33060282,-0.23799501,-0.96653885,-0.095713496,0.44015053,-0.19517301,0.87645596,-0.8658094,0.16646379,0.47187278,,1.1460535585349172,0.4737742163679252,0.22097985259000003,3.6133771061253235,-1.0158923757560496,-1.1821300745770464,-0.4075434450050266,,-1.091214432395049,0.32105717378013554,0.19905181095000002,-1.773557541992107,-1.2428456018664462,-0.9464241176501418,0.8756875385458709,,-0.06622870012848983,-0.05163338425868725,0.09109722752,-0.09125690957404896,,-2.625212e-05,2.3841858e-07,1.1920929e-07,0.99999994,2.5294721e-05,2.2597611e-05,-2.528727e-05,1.0,3.7252903e-06,-2.2612512e-05,-3.6358833e-06,1.0,89,0.268,0,0,0.0,False,-0.25207335449740853,1.0512530745867876
0.2808399379719049,13:47:53.042375,13:46:33.077900,0,,0.11496812,0.0036024228,0.024102777,0.44351542,0.89001626,-0.10566389,-0.3868196,0.29643,0.87321234,0.8084953,-0.3464104,0.475747,,0.023364611,0.0048483238,0.0124874115,0.069146864,0.99687064,0.038307942,-0.3532993,-0.011441022,0.9354405,0.93295145,-0.078217,0.35140258,,0.08387156,1.2908367,0.42617515,0.99408776,0.08249608,-0.07059662,0.014374484,-0.7444512,-0.66752213,-0.1076237,0.66256076,-0.7412357,,-0.10863847,0.2560493,-0.101298146,-0.55643696,-0.8258383,0.091481745,0.2356365,-0.05126293,0.9704883,-0.79677683,0.561572,0.22312225,,-0.023315795,0.43100002,-0.33060282,-0.23799501,-0.96653885,-0.095713496,0.44015053,-0.19517301,0.87645596,-0.8658094,0.16646379,0.47187278,,1.1464783088429995,0.4738051072994221,0.22091763067000003,3.6140061759557773,-1.0142527377588644,-1.1882044563495557,-0.4072167568727585,,-1.091214432395049,0.32105717378013554,0.19905181095000002,-1.773557541992107,-1.2428456018664462,-0.9464241176501419,0.8760142266781399,,-0.06622870012848983,-0.05163338425868725,0.09109722752,-0.09125690957404896,,-2.625212e-05,2.3841858e-07,1.1920929e-07,0.99999994,2.5294721e-05,2.2597611e-05,-2.528727e-05,1.0,3.7252903e-06,-2.2612512e-05,-3.6358833e-06,1.0,97,0.293,0,0,0.0,False,-0.25117968871959295,1.0509151131813312
0.3031322380993515,13:47:53.062827,13:46:33.077900,0,,0.11492018,0.003602177,0.024174571,0.4440018,0.8889813,-0.112136394,-0.386917,0.3030985,0.87087685,0.80818164,-0.34328353,0.47853813,,0.023364067,0.004849501,0.012488008,0.06914954,0.99687046,0.038305983,-0.35330567,-0.011437714,0.9354381,0.9329488,-0.07821887,0.351409,,0.08387156,1.2908367,0.42617515,0.99408776,0.08249608,-0.07059662,0.014374484,-0.7444512,-0.66752213,-0.1076237,0.66256076,-0.7412357,,-0.10859959,0.2560993,-0.101356834,-0.5568864,-0.82485265,0.09744579,0.23533301,-0.044180796,0.97091013,-0.79655254,0.56361884,0.21871874,,-0.023315359,0.43100134,-0.3306024,-0.2379972,-0.96653837,-0.09571274,0.44014406,-0.19517216,0.87645936,-0.86581206,0.16646747,0.47186655,,1.146833554555214,0.4738591664295417,0.22085800133000003,3.614215865899262,-1.0139794647593336,-1.1957783787695995,-0.40721675687275827,,-1.091214432395049,0.3210648965130098,0.19905181095000002,-1.773557541992107,-1.2428456018664462,-0.9464241176501419,0.8760142266781399,,-0.06622870012848983,-0.05163338425868725,0.09109722752,-0.09125690957404896,,-2.625212e-05,2.3841858e-07,1.1920929e-07,0.99999994,2.5294721e-05,2.2597611e-05,-2.528727e-05,1.0,3.7252903e-06,-2.2612512e-05,-3.6358833e-06,1.0,104,0.314,0,0,0.0,False,-0.2515371550307197,1.0507702725789931
0.32358383806422353,13:47:53.084500,13:46:33.077900,0,,0.11488071,0.0036083087,0.024297625,0.44288293,0.88726056,-0.12893128,-0.38839385,0.3194708,0.86434287,0.8080872,-0.33272666,0.4860946,,0.023362972,0.0048518553,0.0124892,0.06915485,0.9968703,0.038302056,-0.35331827,-0.011431068,0.9354334,0.9329437,-0.07822263,0.3514219,,0.08387156,1.2908367,0.42617515,0.99408776,0.08249608,-0.07059662,0.014374484,-0.7444512,-0.66752213,-0.1076237,0.66256076,-0.7412357,,-0.10857495,0.25618804,-0.10144772,-0.55583996,-0.82359254,0.11285967,0.23422411,-0.024899336,0.97186375,-0.79760957,0.56663513,0.20674527,,-0.023314489,0.43100393,-0.33060157,-0.23800157,-0.9665374,-0.09571123,0.44013116,-0.19517046,0.8764662,-0.8658174,0.16647485,0.47185412,,1.1472969185276674,0.4740445120185231,0.22078022393000002,3.6144255558427463,-1.0157557392562842,-1.215403060977811,-0.40721675687275827,,-1.091214432395049,0.32108034197875823,0.19905181095000002,-1.773557541992107,-1.2428456018664462,-0.9464241176501419,0.876340914810408,,-0.06622870012848983,-0.05163338425868725,0.09109722752,-0.09125690957404896,,-2.625212e-05,2.3841858e-07,1.1920929e-07,0.99999994,2.5294721e-05,2.2597611e-05,-2.528727e-05,1.0,3.7252903e-06,-2.2612512e-05,-3.6358833e-06,1.0,115,0.347,0,0,0.0,False,-0.25207335449740853,1.0514461953899055
0.34525368199683726,13:47:53.113569,13:46:33.077900,0,,0.114876606,0.0035944209,0.024440378,0.43824703,0.88892865,-0.13321124,-0.39122063,0.32206526,0.86210227,0.80925024,-0.3256989,0.48891133,,0.02336409,0.0048531964,0.012490392,0.06919024,0.99686027,0.038498152,-0.35338485,-0.011596993,0.93540627,0.93291587,-0.07832572,0.35147288,,0.08387156,1.2908367,0.42617515,0.99408776,0.08249608,-0.07059662,0.014374484,-0.7444512,-0.66752213,-0.1076237,0.66256076,-0.7412357,,-0.10858875,0.25627354,-0.10156207,-0.5515258,-0.8259611,0.11665156,0.23311074,-0.018340973,0.9722772,-0.80092365,0.5634287,0.20265591,,-0.023315787,0.4310055,-0.33060122,-0.23803174,-0.96650994,-0.09591344,0.44006175,-0.19535542,0.8764599,-0.8658444,0.16641745,0.47182485,,1.147559491445391,0.474214412141756,0.22070503911000003,3.612538346351385,-1.0212211992469018,-1.219195897584151,-0.40640003654208656,,-1.0912221551279233,0.3210957874445067,0.19905181095000002,-1.7733478520486223,-1.2428456018664462,-0.9464241176501419,0.876340914810408,,-0.06622870012848983,-0.05163338425868725,0.09109722752,-0.09125690957404896,,-2.625212e-05,2.3841858e-07,1.1920929e-07,0.99999994,2.5294721e-05,2.2597611e-05,-2.528727e-05,1.0,3.7252903e-06,-2.2612512e-05,-3.6358833e-06,1.0,119,0.358,0,0,0.0,False,-0.25147757731219844,1.0506737121774343
0.37429339718073606,13:47:53.135192,13:46:33.077900,0,,0.11484387,0.0036527067,0.024570316,0.43940228,0.88680416,-0.14319196,-0.38784564,0.3310719,0.8602134,0.8102477,-0.32244343,0.48941678,,0.023362882,0.0048528686,0.012489855,0.06919741,0.9968566,0.03858123,-0.35338268,-0.011672586,0.9354061,0.93291616,-0.078361675,0.351464,,0.08387156,1.2908367,0.42617515,0.99408776,0.08249608,-0.07059662,0.014374484,-0.7444512,-0.66752213,-0.1076237,0.66256076,-0.7412357,,-0.10856898,0.25640523,-0.10162226,-0.5526213,-0.82379305,0.12639125,0.23622982,-0.009392333,0.9716518,-0.79925287,0.5668129,0.19979489,,-0.0233145,0.43100506,-0.33060125,-0.23803884,-0.9665003,-0.09599357,0.4400625,-0.19543172,0.8764425,-0.8658421,0.16638419,0.47184086,,1.1478761234932342,0.4745851033197188,0.22062078026,3.6070864078207876,-1.0182151962520622,-1.224097453669689,-0.407706789071161,,-1.091214432395049,0.3210957874445067,0.19905181095000002,-1.7733478520486223,-1.2428456018664462,-0.9464241176501419,0.876177570744274,,-0.06622870012848983,-0.05163338425868725,0.09109722752,-0.09125690957404896,,-2.625212e-05,2.3841858e-07,1.1920929e-07,0.99999994,2.5294721e-05,2.2597611e-05,-2.528727e-05,1.0,3.7252903e-06,-2.2612512e-05,-3.6358833e-06,1.0,130,0.391,0,0,0.0,False,-0.2514179995936776,1.050963393382111
0.3959058600012213,13:47:53.164095,13:46:33.218286,0,,0.11485081,0.0036839545,0.02463609,0.43944237,0.88649625,-0.14496444,-0.3872394,0.33257374,0.85990715,0.8105159,-0.32174373,0.48943323,,0.023363829,0.004852496,0.012491465,0.06919024,0.9968571,0.03857957,-0.35338485,-0.011673398,0.93540525,0.93291587,-0.07835441,0.35146642,,0.08387156,1.2908367,0.42617515,0.99408776,0.08249608,-0.07059662,0.014374484,-0.7444512,-0.66752213,-0.1076237,0.66256076,-0.7412357,,-0.108582206,0.25647217,-0.10164868,-0.5526628,-0.82349634,0.12813121,0.23685701,-0.0077971057,0.9715132,-0.7990385,0.56726795,0.19936006,,-0.02331573,0.4310059,-0.33060247,-0.23803174,-0.96650213,-0.09599238,0.44006175,-0.195427,0.8764439,-0.8658444,0.1663789,0.47183844,,1.1479996872192217,0.47484767623744245,0.22058837301000003,3.6056185782163963,-1.0176686502530004,-1.224461446544334,-0.40787013313729514,,-1.0912221551279233,0.3210957874445067,0.19905051466,-1.7733478520486223,-1.2428456018664462,-0.9463424389100014,0.876177570744274,,-0.06622870012848983,-0.05163338425868725,0.09109722752,-0.09125690957404896,,-2.625212e-05,2.3841858e-07,1.1920929e-07,0.99999994,2.5294721e-05,2.2597611e-05,-2.528727e-05,1.0,3.7252903e-06,-2.2612512e-05,-3.6358833e-06,1.0,137,0.412,0,0,0.0,False,-0.25159673274924055,1.0506737121774343
0.42484830715693533,13:47:53.184721,13:46:33.218286,0,,0.11487682,0.0037310794,0.024654478,0.4415877,0.88499576,-0.14758953,-0.38584417,0.3358247,0.8592707,0.8100152,-0.32249683,0.48976642,,0.023363613,0.004850842,0.012490332,0.06923466,0.99684614,0.038782913,-0.35343432,-0.01184433,0.9353844,0.93289375,-0.07846829,0.35149956,,0.08387156,1.2908367,0.42617515,0.99408776,0.08249608,-0.07059662,0.014374484,-0.7444512,-0.66752213,-0.1076237,0.66256076,-0.7412357,,-0.10860783,0.25651827,-0.101627424,-0.55465937,-0.8217545,0.1306618,0.23746188,-0.0058268993,0.9713794,-0.797474,0.5698119,0.19836731,,-0.023315322,0.43100396,-0.33060297,-0.23807174,-0.9664718,-0.09619848,0.44000673,-0.19562308,0.87642777,-0.86586136,0.16632472,0.47182643,,1.1480228554178444,0.4751643082852856,0.22058578043000002,3.605828268159881,-1.0147992837579263,-1.2272096162226616,-0.4070534128066241,,-1.091214432395049,0.3210957874445067,0.19905051466,-1.773138162105138,-1.2428456018664462,-0.9463424389100014,0.876177570744274,,-0.06622870012848983,-0.05163338425868725,0.09109722752,-0.09125690957404896,,-2.625212e-05,2.3841858e-07,1.1920929e-07,0.99999994,2.5294721e-05,2.2597611e-05,-2.528727e-05,1.0,3.7252903e-06,-2.2612512e-05,-3.6358833e-06,1.0,148,0.445,0,0,0.0,False,-0.2519541990603664,1.0513496349883464
0.4454743710812181,13:47:53.213075,13:46:33.218286,0,,0.114906974,0.003749907,0.02465704,0.44218642,0.88463247,-0.14797449,-0.3856112,0.3364573,0.85912776,0.80979943,-0.32283407,0.48990095,,0.023364268,0.0048523173,0.012491465,0.06923016,0.9968466,0.038779285,-0.35344285,-0.011841804,0.9353812,0.9328909,-0.078462906,0.35150844,,0.08387156,1.2908367,0.42617515,0.99408776,0.08249608,-0.07059662,0.014374484,-0.7444512,-0.66752213,-0.1076237,0.66256076,-0.7412357,,-0.10863709,0.2565326,-0.10161296,-0.55521536,-0.8213219,0.1310201,0.23746386,-0.005568121,0.9713804,-0.7970865,0.57043785,0.19812576,,-0.023316173,0.43100572,-0.33060256,-0.23806684,-0.96647316,-0.09619653,0.43999955,-0.19561751,0.87643266,-0.86586636,0.16632311,0.4718178,,1.1479533508219764,0.4753342084085186,0.22059226188000003,3.60624764804685,-1.0139794647593336,-1.227959802384981,-0.4072167568727585,,-1.0912221551279233,0.32110351017738087,0.19905051466,-1.773138162105138,-1.2428456018664462,-0.9463424389100014,0.876177570744274,,-0.06622870012848983,-0.05163338425868725,0.09109722752,-0.09125690957404896,,-2.625212e-05,2.3841858e-07,1.1920929e-07,0.99999994,2.5294721e-05,2.2597611e-05,-2.528727e-05,1.0,3.7252903e-06,-2.2612512e-05,-3.6358833e-06,1.0,152,0.456,0,0,0.0,False,-0.25201377677888814,1.0507702725789931
0.4738160241395235,13:47:53.235127,13:46:33.218286,0,,0.11493708,0.0037600324,0.024623662,0.4442925,0.88314104,-0.15055165,-0.3844416,0.3397333,0.8583624,0.80920255,-0.32348576,0.49045703,,0.02336549,0.00485263,0.012492001,0.069222994,0.99684715,0.03877763,-0.35344505,-0.011842608,0.93538034,0.93289053,-0.07845565,0.35151085,,0.08387156,1.2908367,0.42617515,0.99408776,0.08249608,-0.07059662,0.014374484,-0.7444512,-0.66752213,-0.1076237,0.66256076,-0.7412357,,-0.10866242,0.25651646,-0.10157806,-0.5571728,-0.81960005,0.13346985,0.2378388,-0.0035118153,0.9712983,-0.79560745,0.5729253,0.19688939,,-0.023317462,0.43100616,-0.33060253,-0.23805974,-0.96647507,-0.09619534,0.4399988,-0.19561279,0.8764341,-0.8658687,0.16631784,0.47181538,,1.1477911734316177,0.4754346039358835,0.22060652107000003,3.607296097764273,-1.01138337126379,-1.2315469598777429,-0.40787013313729537,,-1.0912298778607974,0.32110351017738087,0.19905051466,-1.773138162105138,-1.2428456018664462,-0.9463424389100014,0.876177570744274,,-0.06622870012848983,-0.05163338425868725,0.09109722752,-0.09125690957404896,,-2.625212e-05,2.3841858e-07,1.1920929e-07,0.99999994,2.5294721e-05,2.2597611e-05,-2.528727e-05,1.0,3.7252903e-06,-2.2612512e-05,-3.6358833e-06,1.0,159,0.478,0,0,0.0,False,-0.25171588818628265,1.0513013547875674
0.49588349112309515,13:47:53.252909,13:46:33.218286,0,,0.114984386,0.0037395954,0.024585754,0.4450552,0.88241625,-0.15253618,-0.38488805,0.34228992,0.8571458,0.808571,-0.32276788,0.4919693,,0.023367696,0.0048515424,0.012491941,0.06925306,0.99683726,0.038977653,-0.35349897,-0.012015134,0.9353578,0.93286794,-0.078555,0.35154876,,0.08387156,1.2908367,0.42617515,0.99408776,0.08249608,-0.07059662,0.014374484,-0.7444512,-0.66752213,-0.1076237,0.66256076,-0.7412357,,-0.10870579,0.25647384,-0.10155814,-0.55787545,-0.8188391,0.13519435,0.23705152,-0.001104502,0.97149646,-0.79534996,0.57402205,0.19472323,,-0.023319628,0.43100512,-0.33060303,-0.23808554,-0.96644837,-0.09639905,0.4399423,-0.19579941,0.87642074,-0.8658903,0.16625309,0.47179854,,1.1475363232467684,0.4754654948673804,0.22062078026,3.6096026871426026,-1.0108368252647284,-1.2361582472396972,-0.40803347720342975,,-1.0912376005936717,0.32110351017738087,0.19905051466,-1.7729284721616532,-1.2428456018664462,-0.9463424389100014,0.876177570744274,,-0.06622870012848983,-0.05163338425868725,0.09109722752,-0.09125690957404896,,-2.625212e-05,2.3841858e-07,1.1920929e-07,0.99999994,2.5294721e-05,2.2597611e-05,-2.528727e-05,1.0,3.7252903e-06,-2.2612512e-05,-3.6358833e-06,1.0,170,0.511,0,0,0.0,False,-0.25207335449740853,1.051108233984449
0.5136235090903938,13:47:53.275807,13:46:33.334797,0,,0.115056045,0.0037139058,0.024535507,0.4447643,0.88158476,-0.1580913,-0.38478553,0.34746924,0.8551054,0.80877984,-0.31948918,0.4937629,,0.023367144,0.0048527196,0.012492597,0.0692557,0.99683714,0.03897568,-0.35350525,-0.012011819,0.9353554,0.9328653,-0.07855686,0.35155523,,0.08387156,1.2908367,0.42617515,0.99408776,0.08249608,-0.07059662,0.014374484,-0.7444512,-0.66752213,-0.1076237,0.66256076,-0.7412357,,-0.108772084,0.25641802,-0.10152975,-0.557607,-0.81814843,0.14038366,0.23728015,0.004966863,0.9714286,-0.79547006,0.5749856,0.19136083,,-0.023319194,0.43100643,-0.33060262,-0.23808771,-0.96644795,-0.09639829,0.43993586,-0.19579856,0.8764242,-0.865893,0.16625677,0.4717923,,1.1470652365414407,0.4754732176002546,0.22064670606000003,3.609812377086087,-1.0108368252647284,-1.2425291889706613,-0.4093402297325035,,-1.0912376005936717,0.3211112329102551,0.19905051466,-1.7729284721616532,-1.2428456018664462,-0.9463424389100014,0.876177570744274,,-0.06622870012848983,-0.05163338425868725,0.09109722752,-0.09125690957404896,,-2.625212e-05,2.3841858e-07,1.1920929e-07,0.99999994,2.5294721e-05,2.2597611e-05,-2.528727e-05,1.0,3.7252903e-06,-2.2612512e-05,-3.6358833e-06,1.0,178,0.534,0,0,0.0,False,-0.2519541990603664,1.0507219923782136
0.5365650141611695,13:47:53.303755,13:46:33.334797,0,,0.115105584,0.003692627,0.024519533,0.44431868,0.8815722,-0.15940869,-0.38461235,0.34841478,0.85479856,0.80910707,-0.31849253,0.49387068,,0.023369566,0.0048533306,0.01249367,0.06924136,0.99683833,0.038972363,-0.35350963,-0.012013391,0.93535376,0.9328648,-0.07854234,0.35156006,,0.08387156,1.2908367,0.42617515,0.99408776,0.08249608,-0.07059662,0.014374484,-0.7444512,-0.66752213,-0.1076237,0.66256076,-0.7412357,,-0.10882035,0.25638938,-0.1015262,-0.55719584,-0.8182083,0.14166138,0.23764716,0.0063358736,0.9713309,-0.7956486,0.574887,0.19091456,,-0.023321768,0.43100733,-0.3306026,-0.23807353,-0.96645164,-0.0963959,0.43993437,-0.1957891,0.87642705,-0.86589766,0.1662462,0.4717875,,1.1467486044935975,0.4755041085317515,0.22064929864000002,3.609392997199118,-1.0109734617644939,-1.2434795946887922,-0.40917688566636956,,-1.09125304605942,0.3211112329102551,0.19905051466,-1.7729284721616532,-1.2428456018664462,-0.9463424389100014,0.876177570744274,,-0.06622870012848983,-0.05163338425868725,0.09109722752,-0.09125690957404896,,-2.625212e-05,2.3841858e-07,1.1920929e-07,0.99999994,2.5294721e-05,2.2597611e-05,-2.528727e-05,1.0,3.7252903e-06,-2.2612512e-05,-3.6358833e-06,1.0,185,0.555,0,0,0.0,False,-0.2513584218751568,1.0505288715750958
0.5645127980969846,13:47:53.326999,13:46:33.334797,0,,0.11519463,0.0036624372,0.024508268,0.44358364,0.881816,-0.16010557,-0.38427895,0.34852475,0.8549036,0.80966854,-0.31769615,0.49346316,,0.023373984,0.0048511997,0.012493551,0.06930147,0.99681836,0.039372407,-0.35361752,-0.012358412,0.9353085,0.93281937,-0.07874107,0.3516359,,0.08387156,1.2908367,0.42617515,0.99408776,0.08249608,-0.07059662,0.014374484,-0.7444512,-0.66752213,-0.1076237,0.66256076,-0.7412357,,-0.1089088,0.25635555,-0.10152721,-0.55651784,-0.8185403,0.14240661,0.23830245,0.0069402982,0.9711662,-0.795927,0.57440716,0.19119777,,-0.023326103,0.43100524,-0.33060357,-0.23812509,-0.96639824,-0.09680331,0.43982136,-0.19616234,0.8764003,-0.86594087,0.16611673,0.47175378,,1.1462311813910244,0.4756276722577391,0.22064540977000002,3.60855423742518,-1.0111100982642593,-1.2432048193048146,-0.40852350940183246,,-1.0912684915251685,0.3211112329102551,0.19905051466,-1.7725090922746845,-1.2428456018664462,-0.9463424389100014,0.876177570744274,,-0.06622870012848983,-0.05163338425868725,0.09109722752,-0.09125690957404896,,-2.625212e-05,2.3841858e-07,1.1920929e-07,0.99999994,2.5294721e-05,2.2597611e-05,-2.528727e-05,1.0,3.7252903e-06,-2.2612512e-05,-3.6358833e-06,1.0,196,0.587,0,0,0.0,False,-0.25129884415663506,1.0511565141852286
0.5877124599646777,13:47:53.363153,13:46:33.334797,0,,0.11524574,0.0036593378,0.02450645,0.4437105,0.8812286,-0.1629626,-0.3828919,0.35082656,0.8545844,0.810256,-0.3167911,0.49308068,,0.02337882,0.0048524067,0.012495756,0.069272794,0.9968206,0.03936577,-0.35362625,-0.012361586,0.9353052,0.93281823,-0.07871202,0.35164556,,0.08387156,1.2908367,0.42617515,0.99408776,0.08249608,-0.07059662,0.014374484,-0.7444512,-0.66752213,-0.1076237,0.66256076,-0.7412357,,-0.10895941,0.25634983,-0.101521686,-0.55664444,-0.81795096,0.1452692,0.2397185,0.00927817,0.9707981,-0.7954131,0.5752131,0.19091333,,-0.023331253,0.43100703,-0.3306035,-0.23809671,-0.9664057,-0.09679853,0.4398184,-0.19614343,0.876406,-0.86595017,0.16609561,0.47174412,,1.1459145493431813,0.4757512359837267,0.22064022461000002,3.606667027933819,-1.0100170062661358,-1.2440961625343858,-0.40852350940183246,,-1.0912993824566655,0.3211112329102551,0.19905051466,-1.7725090922746845,-1.2428456018664462,-0.9463424389100014,0.876177570744274,,-0.06622870012848983,-0.05163338425868725,0.09109722752,-0.09125690957404896,,-2.625212e-05,2.3841858e-07,1.1920929e-07,0.99999994,2.5294721e-05,2.2597611e-05,-2.528727e-05,1.0,3.7252903e-06,-2.2612512e-05,-3.6358833e-06,1.0,207,0.62,0,0,0.0,False,-0.25171588818628265,1.051397915189126
0.6239077120553702,13:47:53.397013,13:46:33.334797,0,,0.1152745,0.0036616772,0.02451101,0.4439435,0.88096774,-0.16373686,-0.38252074,0.35156995,0.8544451,0.8103036,-0.31669268,0.49306557,,0.023382448,0.0048533008,0.012497425,0.06925129,0.99682236,0.039360788,-0.3536328,-0.012363978,0.9353026,0.9328173,-0.07869023,0.3516528,,0.08387156,1.2908367,0.42617515,0.99408776,0.08249608,-0.07059662,0.014374484,-0.7444512,-0.66752213,-0.1076237,0.66256076,-0.7412357,,-0.10898835,0.25635335,-0.101519935,-0.55686253,-0.8176667,0.14603166,0.24001525,0.009906408,0.97071856,-0.7951709,0.57560664,0.19073598,,-0.023335116,0.43100837,-0.33060348,-0.23807544,-0.9664113,-0.09679495,0.43981618,-0.19612925,0.8764103,-0.86595714,0.16607977,0.47173688,,1.1457909856171935,0.47585935424396586,0.22063633574000002,3.6064573379903346,-1.0094704602670739,-1.2446235128893122,-0.4083601653356983,,-1.0913225506552882,0.3211112329102551,0.19905051466,-1.7725090922746845,-1.2428456018664462,-0.9463424389100014,0.876177570744274,,-0.06622870012848983,-0.05163338425868725,0.09109722752,-0.09125690957404896,,-2.625212e-05,2.3841858e-07,1.1920929e-07,0.99999994,2.5294721e-05,2.2597611e-05,-2.528727e-05,1.0,3.7252903e-06,-2.2612512e-05,-3.6358833e-06,1.0,218,0.653,0,0,0.0,False,-0.25100095556403,1.0504805913743163
0.6577661621849984,13:47:53.429062,13:46:33.479171,0,,0.11527612,0.0036854967,0.024560899,0.44033664,0.88223773,-0.16661347,-0.38220096,0.3521113,0.85436535,0.81241983,-0.31252858,0.49223953,,0.02338729,0.0048545226,0.01249963,0.06922258,0.9968246,0.039354153,-0.35364157,-0.012367137,0.9352993,0.93281615,-0.07866116,0.3516624,,0.08387156,1.2908367,0.42617515,0.99408776,0.08249608,-0.07059662,0.014374484,-0.7444512,-0.66752213,-0.1076237,0.66256076,-0.7412357,,-0.10899477,0.25640437,-0.10154033,-0.5535249,-0.8193994,0.14897905,0.24182756,0.013041994,0.9702316,-0.79695016,0.5730746,0.1909343,,-0.023340266,0.43101016,-0.3306034,-0.23804705,-0.9664188,-0.09679018,0.43981323,-0.19611032,0.876416,-0.8659665,0.16605866,0.47172725,,1.145767817418571,0.4759056906412112,0.22063633574000002,3.6007957095162526,-1.0123398267621484,-1.2421203794314062,-0.4083601653356981,,-1.091353441586785,0.3211112329102551,0.19905051466,-1.7725090922746845,-1.2428456018664462,-0.9463424389100014,0.876177570744274,,-0.06622870012848983,-0.05163338425868725,0.09109722752,-0.09125690957404896,,-2.625212e-05,2.3841858e-07,1.1920929e-07,0.99999994,2.5294721e-05,2.2597611e-05,-2.528727e-05,1.0,3.7252903e-06,-2.2612512e-05,-3.6358833e-06,1.0,229,0.686,0,0,0.0,False,-0.25076264468994625,1.0511565141852286
0.6897939220070839,13:47:53.463563,13:46:33.479171,0,,0.11525677,0.0036959946,0.024558991,0.44067758,0.88143367,-0.16993454,-0.38065022,0.3549325,0.85389006,0.8129629,-0.31160474,0.49192864,,0.023394339,0.004854642,0.012501776,0.069223955,0.9968169,0.039547514,-0.3537042,-0.012542814,0.9352733,0.9327922,-0.0787315,0.35171,,0.08387156,1.2908367,0.42617515,0.99408776,0.08249608,-0.07059662,0.014374484,-0.7444512,-0.66752213,-0.1076237,0.66256076,-0.7412357,,-0.10897482,0.2564117,-0.10153426,-0.55385023,-0.8185714,0.15228525,0.24332576,0.015786862,0.96981615,-0.79626787,0.5741878,0.19043595,,-0.023347583,0.4310109,-0.33060384,-0.23804444,-0.9663995,-0.096989095,0.43975374,-0.19627804,0.87640834,-0.8659974,0.16597281,0.4717007,,1.1457755401514451,0.47585935424396586,0.22063503945000001,3.598489120137922,-1.0112467347640248,-1.2431750801412584,-0.40803347720342975,,-1.0913920552511562,0.3211112329102551,0.19905051466,-1.7722994023311998,-1.2428456018664462,-0.9463424389100014,0.876177570744274,,-0.06622870012848983,-0.05163338425868725,0.09109722752,-0.09125690957404896,,-2.625212e-05,2.3841858e-07,1.1920929e-07,0.99999994,2.5294721e-05,2.2597611e-05,-2.528727e-05,1.0,3.7252903e-06,-2.2612512e-05,-3.6358833e-06,1.0,240,0.719,0,0,0.0,False,-0.25052433381586203,1.0509151131813312
0.7243100691121072,13:47:53.495371,13:46:33.479171,0,,0.11523289,0.0037273392,0.024604768,0.43715426,0.8819939,-0.17601931,-0.37886882,0.35808945,0.8533641,0.81569266,-0.3063636,0.49070024,,0.023399174,0.004855849,0.012503982,0.06919526,0.9968191,0.039540876,-0.35371298,-0.012545973,0.93526995,0.9327911,-0.07870244,0.35171968,,0.08387156,1.2908367,0.42617515,0.99408776,0.08249608,-0.07059662,0.014374484,-0.7444512,-0.66752213,-0.1076237,0.66256076,-0.7412357,,-0.10895508,0.25646666,-0.10154976,-0.55059564,-0.8195983,0.15843937,0.24662867,0.021613413,0.96886903,-0.7975078,0.57253075,0.1902362,,-0.023352733,0.4310127,-0.33060378,-0.23801607,-0.96640694,-0.09698432,0.4397508,-0.19625911,0.87641406,-0.8660067,0.1659517,0.47169104,,1.145767817418571,0.4758207405795947,0.22063503945000001,3.590311212342026,-1.0132962822605063,-1.2414221328456718,-0.40787013313729537,,-1.091422946182653,0.3211112329102551,0.19905051466,-1.7722994023311998,-1.2428456018664462,-0.9463424389100014,0.876177570744274,,-0.06622870012848983,-0.05163338425868725,0.09109722752,-0.09125690957404896,,-2.625212e-05,2.3841858e-07,1.1920929e-07,0.99999994,2.5294721e-05,2.2597611e-05,-2.528727e-05,1.0,3.7252903e-06,-2.2612512e-05,-3.6358833e-06,1.0,251,0.751,0,0,0.0,False,-0.2508222224084671,1.0508668329805522
0.7561044301837683,13:47:53.527880,13:46:33.479171,0,,0.11523372,0.0037363023,0.024636835,0.43402976,0.8826684,-0.18031786,-0.37783873,0.36004883,0.8529963,0.81783617,-0.30209482,0.48977816,,0.023402043,0.004856281,0.0125050545,0.069220774,0.99680954,0.039737258,-0.3537754,-0.012715951,0.93524396,0.9327655,-0.07879645,0.3517664,,0.08387156,1.2908367,0.42617515,0.99408776,0.08249608,-0.07059662,0.014374484,-0.7444512,-0.66752213,-0.1076237,0.66256076,-0.7412357,,-0.108959295,0.25649473,-0.101567134,-0.5477038,-0.8206819,0.16279362,0.24896461,0.025896072,0.9681663,-0.7987723,0.5707982,0.19013737,,-0.023355752,0.4310134,-0.33060384,-0.2380369,-0.96638155,-0.09718606,0.43968707,-0.19644016,0.8764055,-0.8660333,0.16588539,0.47166547,,1.1456442536925833,0.47578984964809784,0.22063244687000003,3.5842302039809746,-1.015345829756988,-1.2399142217705066,-0.4072167568727578,,-1.0914383916484014,0.3211189556431293,0.19905051466,-1.7720897123877153,-1.2428456018664462,-0.9463424389100014,0.876177570744274,,-0.06622870012848983,-0.05163338425868725,0.09109722752,-0.09125690957404896,,-2.625212e-05,2.3841858e-07,1.1920929e-07,0.99999994,2.5294721e-05,2.2597611e-05,-2.528727e-05,1.0,3.7252903e-06,-2.2612512e-05,-3.6358833e-06,1.0,262,0.784,0,0,0.0,False,-0.2511201110010721,1.0513013547875674
0.7886079291347414,13:47:53.555972,13:46:33.479171,0,,0.115227714,0.003748767,0.02466844,0.43169945,0.883124,-0.18365064,-0.37704724,0.3616318,0.85267675,0.81943333,-0.29885513,0.48909563,,0.023385681,0.00484835,0.012490749,0.069256574,0.99680585,0.03976777,-0.3537871,-0.012730934,0.9352393,0.9327584,-0.07884082,0.35177538,,0.08386865,1.2908362,0.4261699,0.99408776,0.08249843,-0.07059451,0.014377626,-0.744451,-0.6675223,-0.1076237,0.66256076,-0.7412357,,-0.10895456,0.2565286,-0.10158736,-0.5455445,-0.82144487,0.1661613,0.2507219,0.029217707,0.9676181,-0.7996998,0.569539,0.19001466,,-0.023335097,0.43100318,-0.33060685,-0.23807009,-0.96636987,-0.09722073,0.43966907,-0.19648455,0.8764045,-0.8660333,0.16590077,0.47166005,,1.14552841269947,0.4757821269152236,0.22062985429,3.5796170252243154,-1.016848831254408,-1.238851982310127,-0.40721675687275805,,-1.0914383916484014,0.3211189556431293,0.19905051466,-1.7720897123877153,-1.2428456018664462,-0.9463424389100014,0.876177570744274,,-0.06622870012848983,-0.05163338425868725,0.09109722752,-0.09125690957404896,,-2.8591603e-05,-3.1590462e-06,4.6491623e-06,1.0,2.7634203e-05,2.4698675e-05,-2.7626753e-05,1.0,4.0233135e-06,-2.4706125e-05,-3.963709e-06,0.99999994,273,0.817,0,0,0.0,False,-0.2505839115343833,1.050963393382111
0.8167307330295444,13:47:53.588380,13:46:33.630765,0,,0.1152503,0.003758721,0.024710074,0.42722622,0.88409376,-0.18935668,-0.37570083,0.36408383,0.85222745,0.8223908,-0.29295254,0.48770082,,0.02339115,0.0048479773,0.012493491,0.069111556,0.99681145,0.03987967,-0.35386282,-0.012880854,0.93520856,0.93274045,-0.078745686,0.35184434,,0.08386865,1.2908362,0.4261699,0.99408776,0.08249843,-0.07059451,0.014377626,-0.744451,-0.6675223,-0.1076237,0.66256076,-0.7412357,,-0.10898146,0.2565629,-0.10160845,-0.54139745,-0.82299286,0.1719638,0.2538965,0.03494717,0.9665998,-0.80151445,0.5669757,0.19003469,,-0.02334098,0.43100423,-0.33060828,-0.23792464,-0.96639335,-0.09734339,0.43962434,-0.1965154,0.8764201,-0.866096,0.1657274,0.4716059,,1.145250394315998,0.47578984964809784,0.22062855800000003,3.5712294274849343,-1.019718197749482,-1.2365122063325023,-0.4075434450050266,,-1.0914692825798984,0.3211112329102551,0.19905051466,-1.7720897123877153,-1.242982238366212,-0.9462310210063049,0.876177570744274,,-0.06622870012848983,-0.05163338425868725,0.09109722752,-0.09125690957404896,,-2.8591603e-05,-3.1590462e-06,4.6491623e-06,1.0,2.7634203e-05,2.4698675e-05,-2.7626753e-05,1.0,4.0233135e-06,-2.4706125e-05,-3.963709e-06,0.99999994,284,0.85,0,0,0.0,False,-0.2505839115343833,1.050432311173537
