camera_matrix:
- - 2906.775043824209
  - 0.0
  - 697.3532298400241
- - 0.0
  - 2890.617849292941
  - 540.8172864038356
- - 0.0
  - 0.0
  - 1.0
dist_coeff:
- - -0.4337997841764933
  - -1.0847833712936263
  - 0.01039878168624709
  - -0.018615243478580117
  - 53.30988529858037
mean reprojection error:
- 0.05101792551931186
