camera_matrix:
- - 1405.6476626582446
  - 0.0
  - 413.47330898742155
- - 0.0
  - 1375.1024399001435
  - 337.4842603161396
- - 0.0
  - 0.0
  - 1.0
dist_coeff:
- - -0.3085398606846878
  - 1.162233535274255
  - 0.015845013699974184
  - -0.009489736561577844
  - -4.302335938723198
mean reprojection error: 0.026983872056007385
std reprojection error: 0.003002363722771406
