camera_matrix:
- - 1254.1572778057202
  - 0.0
  - 402.48921418607335
- - 0.0
  - 1262.564246355665
  - 385.6525067902501
- - 0.0
  - 0.0
  - 1.0
dist_coeff:
- - -0.2878760111912025
  - 0.44051507351569247
  - 0.0009137375460797669
  - -0.0036650876517754154
  - -0.48306101916792565
mean reprojection error:
- 0.022734580880149874
