camera_matrix:
- - 1664.2682418037336
  - 0.0
  - 561.9592096285776
- - 0.0
  - 1659.7284108433787
  - 499.3109728626402
- - 0.0
  - 0.0
  - 1.0
dist_coeff:
- - -0.3354649127137593
  - 0.5596994115952072
  - -0.0013269897163578266
  - 0.0011379979668911413
  - -0.33034626087673125
mean reprojection error:
- 0.23966635102814185
