Task Time,PC1 Time,PC2 Time,Gaze Calib,s_T_psm1,Tx,Ty,Tz,R00,R01,R02,R10,R11,R12,R20,R21,R22,s_T_psm3,Tx,Ty,Tz,R00,R01,R02,R10,R11,R12,R20,R21,R22,cart_T_ecm,Tx,Ty,Tz,R00,R01,R02,R10,R11,R12,R20,R21,R22,ecm_T_psm1,Tx,Ty,Tz,R00,R01,R02,R10,R11,R12,R20,R21,R22,ecm_T_psm3,Tx,Ty,Tz,R00,R01,R02,R10,R11,R12,R20,R21,R22,psm1_joints,q1,q2,q3,q4,q5,q6,jaw,psm3_joints,q1,q2,q3,q4,q5,q6,jaw,ecm_joints,q1,q2,q3,q4
""
lci_T_si,,,,,-0.0591664,0.057439808,0.51780415,0.99644756,-0.023395203,0.080901,0.020452302,-0.86465377,-0.50195175,0.08169462,0.5018232,-0.86110365
rci_T_si,,,,,-0.0507035,0.03842518,0.6848318,0.9999868,-0.0005291419,-0.005102156,-0.0029838972,-0.8690627,-0.49469292,-0.0041723307,0.49470162,-0.8690529
ecm_T_lc,,,,,-0.010503502,0.0353613,-0.35674977,-0.9933329,0.103684954,0.050389625,-0.112544216,-0.96688193,-0.22907005,0.024969695,-0.2332139,0.9721048
ecm_T_rc,,,,,-0.045470465,0.07002666,-0.40169618,-0.98767287,0.15394595,0.028337218,-0.15650986,-0.96815085,-0.19541891,-0.0026492458,-0.19744499,0.9803104
cart_T_ecmi,,,,,0.17632194,1.3281375,0.5574785,0.9922776,-0.056580693,-0.11038027,-0.101518326,-0.88177484,-0.46061608,-0.07126857,0.4682646,-0.8807094
ecmac_T_ecmrep_psm1,,,,,-0.040727746,0.23137592,-0.21310239,0.98627466,0.1643199,0.016164957,-0.16233762,0.9471621,0.2766415,0.03014687,-0.27546868,0.96083724
ecmac_T_ecmrep_psm3,,,,,-0.03207139,0.39064074,-0.46404764,0.9917923,0.12441902,0.029460106,-0.1278581,0.9641174,0.23265849,0.00054414105,-0.23451562,0.9721122
""
0,10:57:55.561604,NaN,0,,0.063285515,0.0017046258,0.028614163,-0.9494431,0.2983791,0.09761002,0.03557635,0.41117764,-0.9108607,-0.31191686,-0.86133784,-0.40100503,,0.03199477,0.04534778,0.047932,0.033052176,-0.62575364,0.7793202,0.16947609,-0.76494515,-0.62139904,0.98497987,0.1526146,0.080767125,,0.17628025,1.3281391,0.55747455,0.99228555,-0.056512475,-0.1103436,-0.10143875,-0.88179445,-0.46059602,-0.07127096,0.4682359,-0.8807245,,-0.0460144,0.14895965,-0.07566879,0.9643345,-0.21413471,-0.15558068,-0.16870452,-0.044327516,-0.9846694,0.2039554,0.97579783,-0.07887205,,0.0011362381,0.34883055,-0.32784697,-0.11158527,0.5549557,-0.8243621,0.6598714,-0.57888496,-0.47902185,-0.74304676,-0.59742475,-0.30160436,,1.2119670836164234,-0.4515250229572844,0.18695612896000002,1.3051102082476795,0.6296209909191496,-0.7976557159222665,-0.1261016190556636,,-0.9283651642762768,-0.3178599623702066,0.18932445079000002,-1.2950450909604225,-1.2342375023812235,1.0198332374728267,0.02188810486199342,,-0.15579681567927384,-0.3094010614857298,0.0882075766,0.08275268144170031
0.024727809999603778,10:57:55.592401,NaN,0,,0.06328496,0.001706399,0.028613836,-0.94944406,0.2983768,0.09760788,0.03558051,0.4111863,-0.91085666,-0.31191355,-0.86133444,-0.4010148,,0.03199477,0.04534778,0.047932,0.033052176,-0.62575364,0.7793202,0.16947609,-0.76494515,-0.62139904,0.98497987,0.1526146,0.080767125,,0.17628025,1.3281391,0.55747455,0.99228555,-0.056512475,-0.1103436,-0.10143875,-0.88179445,-0.46059602,-0.07127096,0.4682359,-0.8807245,,-0.046013676,0.148961,-0.07566772,0.9643356,-0.21413185,-0.15557767,-0.16869932,-0.044318423,-0.9846707,0.2039544,0.97579885,-0.07886173,,0.0011362381,0.34883055,-0.32784697,-0.11158527,0.5549557,-0.8243621,0.6598714,-0.57888496,-0.47902185,-0.74304676,-0.59742475,-0.30160436,,1.2119748063492977,-0.45151730022441017,0.18695612896000002,1.3051102082476795,0.6296209909191496,-0.7976557159222665,-0.1261016190556636,,-0.9283651642762768,-0.3178599623702066,0.18932445079000002,-1.2950450909604225,-1.2342375023812235,1.0198332374728267,0.02188810486199342,,-0.15579681567927384,-0.3094010614857298,0.0882075766,0.08275268144170031
0.05552325799362734,10:57:55.629694,10:57:54.502018,0,,0.063285515,0.0017046258,0.028614163,-0.9494431,0.2983791,0.09761002,0.03557635,0.41117764,-0.9108607,-0.31191686,-0.86133784,-0.40100503,,0.03199477,0.04534778,0.047932,0.033052176,-0.62575364,0.7793202,0.16947609,-0.76494515,-0.62139904,0.98497987,0.1526146,0.080767125,,0.17628025,1.3281391,0.55747455,0.99228555,-0.056512475,-0.1103436,-0.10143875,-0.88179445,-0.46059602,-0.07127096,0.4682359,-0.8807245,,-0.0460144,0.14895965,-0.07566879,0.9643345,-0.21413471,-0.15558068,-0.16870452,-0.044327516,-0.9846694,0.2039554,0.97579783,-0.07887205,,0.0011362381,0.34883055,-0.32784697,-0.11158527,0.5549557,-0.8243621,0.6598714,-0.57888496,-0.47902185,-0.74304676,-0.59742475,-0.30160436,,1.2119670836164234,-0.4515250229572844,0.18695612896000002,1.3051102082476795,0.6296209909191496,-0.7976557159222665,-0.1261016190556636,,-0.9283651642762768,-0.3178599623702066,0.18932445079000002,-1.2950450909604225,-1.2342375023812235,1.0198332374728267,0.02188810486199342,,-0.15579681567927384,-0.3094010614857298,0.0882075766,0.08275268144170031
0.09282053599599749,10:57:55.652061,10:57:54.502018,0,,0.06322858,0.0015930235,0.028917909,-0.9485394,0.30114192,0.097911656,0.036481082,0.41106552,-0.91087544,-0.31455094,-0.86042947,-0.40089777,,0.031924177,0.04526013,0.048156023,0.030456133,-0.62686044,0.7785361,0.16927311,-0.76441205,-0.62210995,0.9850986,0.15073225,0.082829565,,0.17628025,1.3281391,0.55747455,0.99228555,-0.056512475,-0.1103436,-0.10143875,-0.88179445,-0.46059602,-0.07127096,0.4682359,-0.8807245,,-0.04601328,0.1489602,-0.075668775,0.9643363,-0.21412843,-0.15557805,-0.16870081,-0.044325117,-0.98467016,0.20394987,0.9757993,-0.07886796,,0.0011362381,0.34883055,-0.32784697,-0.11158527,0.5549557,-0.8243621,0.6598714,-0.57888496,-0.47902185,-0.74304676,-0.59742475,-0.30160436,,1.2119748063492977,-0.4515250229572844,0.18695612896000002,1.3051102082476795,0.6296209909191496,-0.7976557159222665,-0.1261016190556636,,-0.9283651642762768,-0.3178599623702066,0.18932445079000002,-1.2950450909604225,-1.2342375023812235,1.0198332374728267,0.02188810486199342,,-0.15579681567927384,-0.3094010614857298,0.0882075766,0.08275268144170031
0.1150976869976148,10:57:55.680521,10:57:54.502018,0,,0.06322858,0.0015930235,0.028917909,-0.9485394,0.30114192,0.097911656,0.036481082,0.41106552,-0.91087544,-0.31455094,-0.86042947,-0.40089777,,0.031923186,0.045259356,0.048155695,0.030461885,-0.62685895,0.7785371,0.1692779,-0.7644118,-0.62210894,0.9850976,0.15073973,0.082827926,,0.17628025,1.3281391,0.55747455,0.99228555,-0.056512475,-0.1103436,-0.10143875,-0.88179445,-0.46059602,-0.07127096,0.4682359,-0.8807245,,-0.04601328,0.1489602,-0.075668775,0.9643363,-0.21412843,-0.15557805,-0.16870081,-0.044325117,-0.98467016,0.20394987,0.9757993,-0.07886796,,0.0011372004,0.34882972,-0.3278472,-0.11159055,0.5549536,-0.8243629,0.65987504,-0.57888085,-0.47902185,-0.74304277,-0.59743077,-0.30160233,,1.2119748063492977,-0.4515250229572844,0.18695612896000002,1.3051102082476795,0.6296209909191496,-0.7976557159222665,-0.1261016190556636,,-0.9283574415434025,-0.3178599623702066,0.18932445079000002,-1.2950450909604225,-1.2342375023812235,1.0198332374728267,0.02188810486199342,,-0.15579681567927384,-0.3094010614857298,0.0882075766,0.08275268144170031
0.14357354800449684,10:57:55.709257,10:57:54.502018,0,,0.063229665,0.001592435,0.0289177,-0.9485373,0.30114788,0.097913936,0.036480345,0.41106212,-0.910877,-0.31455743,-0.860429,-0.40089372,,0.031924784,0.045258448,0.04815629,0.030479342,-0.6270156,0.77841026,0.1692087,-0.7642951,-0.6222712,0.9851089,0.15068018,0.08280128,,0.17628025,1.3281391,0.55747455,0.99228555,-0.056512475,-0.1103436,-0.10143875,-0.88179445,-0.46059602,-0.07127096,0.4682359,-0.8807245,,-0.0460144,0.14895965,-0.07566879,0.9643345,-0.21413471,-0.15558068,-0.16870452,-0.044327516,-0.9846694,0.2039554,0.97579783,-0.07887205,,0.0011354964,0.34882927,-0.327848,-0.11161378,0.5551229,-0.8242457,0.65982217,-0.5788141,-0.47917533,-0.7430862,-0.59733814,-0.30167875,,1.2119670836164234,-0.4515250229572844,0.18695612896000002,1.3051102082476795,0.6296209909191496,-0.7976557159222665,-0.1261016190556636,,-0.9283651642762768,-0.3178599623702066,0.18932445079000002,-1.2948354010169378,-1.2342375023812235,1.0198332374728267,0.02188810486199342,,-0.15579681567927384,-0.3094010614857298,0.0882075766,0.08275268144170031
0.17236897299881093,10:57:55.735078,10:57:54.502018,0,,0.06316608,0.0016050935,0.02893132,-0.94853854,0.30115265,0.097886674,0.03649976,0.41103777,-0.9108873,-0.3145513,-0.86043894,-0.40087715,,0.03185976,0.045245066,0.048171043,0.030496582,-0.6272215,0.77824366,0.16913694,-0.76413924,-0.62248206,0.9851208,0.15061328,0.082782686,,0.17627545,1.3281393,0.5574746,0.9922849,-0.056518372,-0.11034668,-0.10144539,-0.8817941,-0.46059528,-0.07127096,0.4682359,-0.8807245,,-0.045950823,0.14897412,-0.07568047,0.9643371,-0.21414107,-0.15555541,-0.16868466,-0.044353355,-0.98467165,0.20395924,0.97579527,-0.0788939,,0.0011977361,0.34882492,-0.32787505,-0.111637026,0.55534464,-0.82409316,0.6597673,-0.57871836,-0.47936642,-0.7431314,-0.5972248,-0.30179185,,1.2119748063492977,-0.4515250229572844,0.18695612896000002,1.3051102082476795,0.6296209909191496,-0.7976557159222665,-0.1261016190556636,,-0.9283651642762768,-0.3178599623702066,0.18932445079000002,-1.2946257110734534,-1.2342375023812235,1.0198332374728267,0.02188810486199342,,-0.15579681567927384,-0.3094010614857298,0.0882075766,0.08275268144170031
0.19816934497794136,10:57:55.762739,10:57:54.502018,0,,0.06316717,0.0016045123,0.02893114,-0.9485364,0.30115867,0.097888954,0.036499016,0.4110344,-0.91088885,-0.31455782,-0.86043847,-0.40087312,,0.03185976,0.045245066,0.048171043,0.030496582,-0.6272215,0.77824366,0.16913694,-0.76413924,-0.62248206,0.9851208,0.15061328,0.082782686,,0.17627545,1.3281393,0.5574746,0.9922849,-0.056518372,-0.11034668,-0.10144539,-0.8817941,-0.46059528,-0.07127096,0.4682359,-0.8807245,,-0.04595194,0.14897357,-0.075680494,0.9643353,-0.21414734,-0.15555805,-0.16868837,-0.044355754,-0.98467094,0.20396477,0.9757938,-0.07889799,,0.0011977361,0.34882492,-0.32787505,-0.111637026,0.55534464,-0.82409316,0.6597673,-0.57871836,-0.47936642,-0.7431314,-0.5972248,-0.30179185,,1.2119670836164234,-0.4515250229572844,0.18695612896000002,1.3051102082476795,0.6296209909191496,-0.7976557159222665,-0.1261016190556636,,-0.9283651642762768,-0.3178599623702066,0.18932445079000002,-1.2946257110734534,-1.2342375023812235,1.0198332374728267,0.02188810486199342,,-0.15579681567927384,-0.3094010614857298,0.0882075766,0.08275268144170031
0.22585780298686586,10:57:55.787651,10:57:54.652869,0,,0.063227504,0.0018263832,0.027811766,-0.95549023,0.2818298,0.087237336,0.027608223,0.37981573,-0.92465013,-0.29372808,-0.8810857,-0.37069094,,0.032439284,0.046188563,0.0462178,0.05348126,-0.6247267,0.7790098,0.20361644,-0.7569133,-0.6209852,0.9775889,0.19183022,0.08672397,,0.17627545,1.3281393,0.5574746,0.9922849,-0.056518372,-0.11034668,-0.10144539,-0.8817941,-0.46059528,-0.07127096,0.4682359,-0.8807245,,-0.045950823,0.14897412,-0.07568047,0.9643371,-0.21414107,-0.15555541,-0.16868466,-0.044353355,-0.98467165,0.20395924,0.97579527,-0.0788939,,0.0011977361,0.34882492,-0.32787505,-0.111637026,0.55534464,-0.82409316,0.6597673,-0.57871836,-0.47936642,-0.7431314,-0.5972248,-0.30179185,,1.2119748063492977,-0.4515250229572844,0.18695612896000002,1.3051102082476795,0.6296209909191496,-0.7976557159222665,-0.1261016190556636,,-0.9283651642762768,-0.3178599623702066,0.18932445079000002,-1.2946257110734534,-1.2342375023812235,1.0198332374728267,0.02188810486199342,,-0.15579681567927384,-0.3094010614857298,0.0882075766,0.08275268144170031
0.2507778729777783,10:57:55.813406,10:57:54.652869,0,,0.063227504,0.0018263832,0.027811766,-0.95549023,0.2818298,0.087237336,0.027608223,0.37981573,-0.92465013,-0.29372808,-0.8810857,-0.37069094,,0.032439284,0.046188563,0.0462178,0.05348126,-0.6247267,0.7790098,0.20361644,-0.7569133,-0.6209852,0.9775889,0.19183022,0.08672397,,0.17627545,1.3281393,0.5574746,0.9922849,-0.056518372,-0.11034668,-0.10144539,-0.8817941,-0.46059528,-0.07127096,0.4682359,-0.8807245,,-0.045950823,0.14897412,-0.07568047,0.9643371,-0.21414107,-0.15555541,-0.16868466,-0.044353355,-0.98467165,0.20395924,0.97579527,-0.0788939,,0.0011977361,0.34882492,-0.32787505,-0.111637026,0.55534464,-0.82409316,0.6597673,-0.57871836,-0.47936642,-0.7431314,-0.5972248,-0.30179185,,1.2119748063492977,-0.4515250229572844,0.18695612896000002,1.3051102082476795,0.6296209909191496,-0.7976557159222665,-0.1261016190556636,,-0.9283651642762768,-0.3178599623702066,0.18932445079000002,-1.2946257110734534,-1.2342375023812235,1.0198332374728267,0.02188810486199342,,-0.15579681567927384,-0.3094010614857298,0.0882075766,0.08275268144170031
0.27652643498731777,10:57:55.833462,10:57:54.652869,0,,0.06322858,0.0018257946,0.027811572,-0.9554883,0.2818358,0.087239705,0.027607247,0.37981236,-0.92465156,-0.2937346,-0.8810852,-0.3706869,,0.032438286,0.04618779,0.04621753,0.053486988,-0.624725,0.7790108,0.20362118,-0.7569128,-0.62098426,0.9775876,0.19183767,0.086722255,,0.17627545,1.3281393,0.5574746,0.9922849,-0.056518372,-0.11034668,-0.10144539,-0.8817941,-0.46059528,-0.07127096,0.4682359,-0.8807245,,-0.04595194,0.14897357,-0.075680494,0.9643353,-0.21414734,-0.15555805,-0.16868837,-0.044355754,-0.98467094,0.20396477,0.9757938,-0.07889799,,0.0011986985,0.34882408,-0.3278753,-0.11164231,0.55534244,-0.8240939,0.65977097,-0.57871425,-0.47936642,-0.7431274,-0.5972308,-0.30178982,,1.2119670836164234,-0.4515250229572844,0.18695612896000002,1.3051102082476795,0.6296209909191496,-0.7976557159222665,-0.1261016190556636,,-0.9283574415434025,-0.3178599623702066,0.18932445079000002,-1.2946257110734534,-1.2342375023812235,1.0198332374728267,0.02188810486199342,,-0.15579681567927384,-0.3094010614857298,0.0882075766,0.08275268144170031
0.29658677498809993,10:57:55.854667,10:57:54.652869,0,,0.063227504,0.0018263832,0.027811766,-0.95549023,0.2818298,0.087237336,0.027608223,0.37981573,-0.92465013,-0.29372808,-0.8810857,-0.37069094,,0.032438286,0.04618779,0.04621753,0.053486988,-0.624725,0.7790108,0.20362118,-0.7569128,-0.62098426,0.9775876,0.19183767,0.086722255,,0.17627545,1.3281393,0.5574746,0.9922849,-0.056518372,-0.11034668,-0.10144539,-0.8817941,-0.46059528,-0.07127096,0.4682359,-0.8807245,,-0.045950823,0.14897412,-0.07568047,0.9643371,-0.21414107,-0.15555541,-0.16868466,-0.044353355,-0.98467165,0.20395924,0.97579527,-0.0788939,,0.0011986985,0.34882408,-0.3278753,-0.11164231,0.55534244,-0.8240939,0.65977097,-0.57871425,-0.47936642,-0.7431274,-0.5972308,-0.30178982,,1.2119748063492977,-0.4515250229572844,0.18695612896000002,1.3051102082476795,0.6296209909191496,-0.7976557159222665,-0.1261016190556636,,-0.9283574415434025,-0.3178599623702066,0.18932445079000002,-1.2946257110734534,-1.2342375023812235,1.0198332374728267,0.02188810486199342,,-0.15579681567927384,-0.3094010614857298,0.0882075766,0.08275268144170031
0.3177934839914087,10:57:55.880751,10:57:54.652869,0,,0.063227504,0.0018263832,0.027811766,-0.95549023,0.2818298,0.087237336,0.027608223,0.37981573,-0.92465013,-0.29372808,-0.8810857,-0.37069094,,0.032439284,0.046188563,0.0462178,0.05348126,-0.6247267,0.7790098,0.20361644,-0.7569133,-0.6209852,0.9775889,0.19183022,0.08672397,,0.17627545,1.3281393,0.5574746,0.9922849,-0.056518372,-0.11034668,-0.10144539,-0.8817941,-0.46059528,-0.07127096,0.4682359,-0.8807245,,-0.045950823,0.14897412,-0.07568047,0.9643371,-0.21414107,-0.15555541,-0.16868466,-0.044353355,-0.98467165,0.20395924,0.97579527,-0.0788939,,0.0011977361,0.34882492,-0.32787505,-0.111637026,0.55534464,-0.82409316,0.6597673,-0.57871836,-0.47936642,-0.7431314,-0.5972248,-0.30179185,,1.2119748063492977,-0.4515250229572844,0.18695612896000002,1.3051102082476795,0.6296209909191496,-0.7976557159222665,-0.1261016190556636,,-0.9283651642762768,-0.3178599623702066,0.18932445079000002,-1.2946257110734534,-1.2342375023812235,1.0198332374728267,0.02188810486199342,,-0.15579681567927384,-0.3094010614857298,0.0882075766,0.08275268144170031
0.34387451500515454,10:57:55.902306,10:57:54.652869,0,,0.06322858,0.0018257946,0.027811572,-0.9554883,0.2818358,0.087239705,0.027607247,0.37981236,-0.92465156,-0.2937346,-0.8810852,-0.3706869,,0.032439284,0.046188563,0.0462178,0.05348126,-0.6247267,0.7790098,0.20361644,-0.7569133,-0.6209852,0.9775889,0.19183022,0.08672397,,0.17627545,1.3281393,0.5574746,0.9922849,-0.056518372,-0.11034668,-0.10144539,-0.8817941,-0.46059528,-0.07127096,0.4682359,-0.8807245,,-0.04595194,0.14897357,-0.075680494,0.9643353,-0.21414734,-0.15555805,-0.16868837,-0.044355754,-0.98467094,0.20396477,0.9757938,-0.07889799,,0.0011977361,0.34882492,-0.32787505,-0.111637026,0.55534464,-0.82409316,0.6597673,-0.57871836,-0.47936642,-0.7431314,-0.5972248,-0.30179185,,1.2119670836164234,-0.4515250229572844,0.18695612896000002,1.3051102082476795,0.6296209909191496,-0.7976557159222665,-0.1261016190556636,,-0.9283651642762768,-0.3178599623702066,0.18932445079000002,-1.2946257110734534,-1.2342375023812235,1.0198332374728267,0.02188810486199342,,-0.15579681567927384,-0.3094010614857298,0.0882075766,0.08275268144170031
0.3654305919772014,10:57:55.929710,10:57:54.652869,0,,0.063227504,0.0018263832,0.027811766,-0.95549023,0.2818298,0.087237336,0.027608223,0.37981573,-0.92465013,-0.29372808,-0.8810857,-0.37069094,,0.032439284,0.046188563,0.0462178,0.05348126,-0.6247267,0.7790098,0.20361644,-0.7569133,-0.6209852,0.9775889,0.19183022,0.08672397,,0.17627545,1.3281393,0.5574746,0.9922849,-0.056518372,-0.11034668,-0.10144539,-0.8817941,-0.46059528,-0.07127096,0.4682359,-0.8807245,,-0.045950823,0.14897412,-0.07568047,0.9643371,-0.21414107,-0.15555541,-0.16868466,-0.044353355,-0.98467165,0.20395924,0.97579527,-0.0788939,,0.0011977361,0.34882492,-0.32787505,-0.111637026,0.55534464,-0.82409316,0.6597673,-0.57871836,-0.47936642,-0.7431314,-0.5972248,-0.30179185,,1.2119748063492977,-0.4515250229572844,0.18695612896000002,1.3051102082476795,0.6296209909191496,-0.7976557159222665,-0.1261016190556636,,-0.9283651642762768,-0.3178599623702066,0.18932445079000002,-1.2946257110734534,-1.2342375023812235,1.0198332374728267,0.02188810486199342,,-0.15579681567927384,-0.3094010614857298,0.0882075766,0.08275268144170031
0.39276489298208617,10:57:55.953653,10:57:54.809220,0,,0.06321989,0.0019234791,0.027638316,-0.95567083,0.2810693,0.0877114,0.026815161,0.37974104,-0.9247041,-0.29321358,-0.88136077,-0.37044436,,0.032409288,0.04626897,0.04604712,0.053867258,-0.62406725,0.7795116,0.20396715,-0.7573092,-0.6203871,0.9774946,0.1924133,0.08649504,,0.17627545,1.3281393,0.5574746,0.9922849,-0.056518372,-0.11034668,-0.10144539,-0.8817941,-0.46059528,-0.07127096,0.4682359,-0.8807245,,-0.045950823,0.14897412,-0.07568047,0.9643371,-0.21414107,-0.15555541,-0.16868466,-0.044353355,-0.98467165,0.20395924,0.97579527,-0.0788939,,0.0011977361,0.34882492,-0.32787505,-0.111637026,0.55534464,-0.82409316,0.6597673,-0.57871836,-0.47936642,-0.7431314,-0.5972248,-0.30179185,,1.2119748063492977,-0.4515250229572844,0.18695612896000002,1.3051102082476795,0.6296209909191496,-0.7976557159222665,-0.1261016190556636,,-0.9283651642762768,-0.3178599623702066,0.18932445079000002,-1.2946257110734534,-1.2342375023812235,1.0198332374728267,0.02188810486199342,,-0.15579681567927384,-0.3094010614857298,0.0882075766,0.08275268144170031
0.41674539298401214,10:57:55.978260,10:57:54.809220,0,,0.06322096,0.001922898,0.027638122,-0.95566887,0.2810753,0.08771378,0.026814185,0.37973768,-0.9247055,-0.2932201,-0.8813603,-0.3704403,,0.03240829,0.04626821,0.046046853,0.05387298,-0.6240655,0.7795125,0.20397195,-0.7573086,-0.6203861,0.9774933,0.19242069,0.08649334,,0.17627545,1.3281393,0.5574746,0.9922849,-0.056518372,-0.11034668,-0.10144539,-0.8817941,-0.46059528,-0.07127096,0.4682359,-0.8807245,,-0.04595194,0.14897357,-0.075680494,0.9643353,-0.21414734,-0.15555805,-0.16868837,-0.044355754,-0.98467094,0.20396477,0.9757938,-0.07889799,,0.0011986985,0.34882408,-0.3278753,-0.11164231,0.55534244,-0.8240939,0.65977097,-0.57871425,-0.47936642,-0.7431274,-0.5972308,-0.30178982,,1.2119670836164234,-0.4515250229572844,0.18695612896000002,1.3051102082476795,0.6296209909191496,-0.7976557159222665,-0.1261016190556636,,-0.9283574415434025,-0.3178599623702066,0.18932445079000002,-1.2946257110734534,-1.2342375023812235,1.0198332374728267,0.02188810486199342,,-0.15579681567927384,-0.3094010614857298,0.0882075766,0.08275268144170031
0.44138181197922677,10:57:56.003379,10:57:54.809220,0,,0.06321989,0.0019234791,0.027638316,-0.95567083,0.2810693,0.0877114,0.026815161,0.37974104,-0.9247041,-0.29321358,-0.88136077,-0.37044436,,0.032409288,0.04626897,0.04604712,0.053867258,-0.62406725,0.7795116,0.20396715,-0.7573092,-0.6203871,0.9774946,0.1924133,0.08649504,,0.17627545,1.3281393,0.5574746,0.9922849,-0.056518372,-0.11034668,-0.10144539,-0.8817941,-0.46059528,-0.07127096,0.4682359,-0.8807245,,-0.045950823,0.14897412,-0.07568047,0.9643371,-0.21414107,-0.15555541,-0.16868466,-0.044353355,-0.98467165,0.20395924,0.97579527,-0.0788939,,0.0011977361,0.34882492,-0.32787505,-0.111637026,0.55534464,-0.82409316,0.6597673,-0.57871836,-0.47936642,-0.7431314,-0.5972248,-0.30179185,,1.2119748063492977,-0.4515250229572844,0.18695612896000002,1.3051102082476795,0.6296209909191496,-0.7976557159222665,-0.1261016190556636,,-0.9283651642762768,-0.3178599623702066,0.18932445079000002,-1.2946257110734534,-1.2342375023812235,1.0198332374728267,0.02188810486199342,,-0.15579681567927384,-0.3094010614857298,0.0882075766,0.08275268144170031
0.46649633199558593,10:57:56.024336,10:57:54.809220,0,,0.06321989,0.0019234791,0.027638316,-0.95567083,0.2810693,0.0877114,0.026815161,0.37974104,-0.9247041,-0.29321358,-0.88136077,-0.37044436,,0.032409288,0.04626897,0.04604712,0.053867258,-0.62406725,0.7795116,0.20396715,-0.7573092,-0.6203871,0.9774946,0.1924133,0.08649504,,0.17627545,1.3281393,0.5574746,0.9922849,-0.056518372,-0.11034668,-0.10144539,-0.8817941,-0.46059528,-0.07127096,0.4682359,-0.8807245,,-0.045950823,0.14897412,-0.07568047,0.9643371,-0.21414107,-0.15555541,-0.16868466,-0.044353355,-0.98467165,0.20395924,0.97579527,-0.0788939,,0.0011977361,0.34882492,-0.32787505,-0.111637026,0.55534464,-0.82409316,0.6597673,-0.57871836,-0.47936642,-0.7431314,-0.5972248,-0.30179185,,1.2119748063492977,-0.4515250229572844,0.18695612896000002,1.3051102082476795,0.6296209909191496,-0.7976557159222665,-0.1261016190556636,,-0.9283651642762768,-0.3178599623702066,0.18932445079000002,-1.2946257110734534,-1.2342375023812235,1.0198332374728267,0.02188810486199342,,-0.15579681567927384,-0.3094010614857298,0.0882075766,0.08275268144170031
0.48724562500137836,10:57:56.048564,10:57:54.809220,0,,0.06322096,0.001922898,0.027638122,-0.95566887,0.2810753,0.08771378,0.026814185,0.37973768,-0.9247055,-0.2932201,-0.8813603,-0.3704403,,0.032409288,0.04626897,0.04604712,0.053867258,-0.62406725,0.7795116,0.20396715,-0.7573092,-0.6203871,0.9774946,0.1924133,0.08649504,,0.17627545,1.3281393,0.5574746,0.9922849,-0.056518372,-0.11034668,-0.10144539,-0.8817941,-0.46059528,-0.07127096,0.4682359,-0.8807245,,-0.04595194,0.14897357,-0.075680494,0.9643353,-0.21414734,-0.15555805,-0.16868837,-0.044355754,-0.98467094,0.20396477,0.9757938,-0.07889799,,0.0011977361,0.34882492,-0.32787505,-0.111637026,0.55534464,-0.82409316,0.6597673,-0.57871836,-0.47936642,-0.7431314,-0.5972248,-0.30179185,,1.2119670836164234,-0.4515250229572844,0.18695612896000002,1.3051102082476795,0.6296209909191496,-0.7976557159222665,-0.1261016190556636,,-0.9283651642762768,-0.3178599623702066,0.18932445079000002,-1.2946257110734534,-1.2342375023812235,1.0198332374728267,0.02188810486199342,,-0.15579681567927384,-0.3094010614857298,0.0882075766,0.08275268144170031
0.511690422979882,10:57:56.072170,10:57:54.809220,0,,0.06321989,0.0019234791,0.027638316,-0.95567083,0.2810693,0.0877114,0.026815161,0.37974104,-0.9247041,-0.29321358,-0.88136077,-0.37044436,,0.032409288,0.04626897,0.04604712,0.053867258,-0.62406725,0.7795116,0.20396715,-0.7573092,-0.6203871,0.9774946,0.1924133,0.08649504,,0.17627545,1.3281393,0.5574746,0.9922849,-0.056518372,-0.11034668,-0.10144539,-0.8817941,-0.46059528,-0.07127096,0.4682359,-0.8807245,,-0.045950823,0.14897412,-0.07568047,0.9643371,-0.21414107,-0.15555541,-0.16868466,-0.044353355,-0.98467165,0.20395924,0.97579527,-0.0788939,,0.0011977361,0.34882492,-0.32787505,-0.111637026,0.55534464,-0.82409316,0.6597673,-0.57871836,-0.47936642,-0.7431314,-0.5972248,-0.30179185,,1.2119748063492977,-0.4515250229572844,0.18695612896000002,1.3051102082476795,0.6296209909191496,-0.7976557159222665,-0.1261016190556636,,-0.9283651642762768,-0.3178599623702066,0.18932445079000002,-1.2946257110734534,-1.2342375023812235,1.0198332374728267,0.02188810486199342,,-0.15579681567927384,-0.3094010614857298,0.0882075766,0.08275268144170031
0.5352723099931609,10:57:56.097787,10:57:54.967718,0,,0.06322086,0.001861006,0.027694508,-0.95552075,0.28172958,0.08722727,0.027735211,0.38028994,-0.9244514,-0.29361695,-0.8809131,-0.37118876,,0.032433182,0.046212584,0.04612711,0.053573936,-0.6246849,0.77903694,0.2031011,-0.7570332,-0.6210079,0.97769105,0.19149303,0.0863169,,0.17627545,1.3281393,0.5574746,0.9922849,-0.056518372,-0.11034668,-0.10144539,-0.8817941,-0.46059528,-0.07127096,0.4682359,-0.8807245,,-0.045950823,0.14897412,-0.07568047,0.9643371,-0.21414107,-0.15555541,-0.16868466,-0.044353355,-0.98467165,0.20395924,0.97579527,-0.0788939,,0.0011977361,0.34882492,-0.32787505,-0.111637026,0.55534464,-0.82409316,0.6597673,-0.57871836,-0.47936642,-0.7431314,-0.5972248,-0.30179185,,1.2119748063492977,-0.4515250229572844,0.18695612896000002,1.3051102082476795,0.6296209909191496,-0.7976557159222665,-0.1261016190556636,,-0.9283651642762768,-0.3178599623702066,0.18932445079000002,-1.2946257110734534,-1.2342375023812235,1.0198332374728267,0.02188810486199342,,-0.15579681567927384,-0.3094010614857298,0.0882075766,0.08275268144170031
0.5609011659980752,10:57:56.120649,10:57:54.967718,0,,0.06322086,0.001861006,0.027694508,-0.95552075,0.28172958,0.08722727,0.027735211,0.38028994,-0.9244514,-0.29361695,-0.8809131,-0.37118876,,0.032431968,0.046215937,0.046126455,0.05352728,-0.62437254,0.7792905,0.20322931,-0.75726426,-0.6206842,0.977667,0.19159812,0.08635643,,0.17627545,1.3281393,0.5574746,0.9922849,-0.056518372,-0.11034668,-0.10144539,-0.8817941,-0.46059528,-0.07127096,0.4682359,-0.8807245,,-0.045950823,0.14897412,-0.07568047,0.9643371,-0.21414107,-0.15555541,-0.16868466,-0.044353355,-0.98467165,0.20395924,0.97579527,-0.0788939,,0.0011992188,0.34882748,-0.327873,-0.11158002,0.55501026,-0.8243261,0.65986586,-0.5788602,-0.47905946,-0.7430525,-0.5973981,-0.30164307,,1.2119748063492977,-0.4515250229572844,0.18695612896000002,1.3051102082476795,0.6296209909191496,-0.7976557159222665,-0.1261016190556636,,-0.9283651642762768,-0.3178599623702066,0.18932445079000002,-1.2950450909604225,-1.2342375023812235,1.0198332374728267,0.02188810486199342,,-0.15579681567927384,-0.3094010614857298,0.0882075766,0.08275268144170031
0.5837431649852078,10:57:56.146622,10:57:54.967718,0,,0.06322086,0.001861006,0.027694508,-0.95552075,0.28172958,0.08722727,0.027735211,0.38028994,-0.9244514,-0.29361695,-0.8809131,-0.37118876,,0.032431968,0.046215937,0.046126455,0.05352728,-0.62437254,0.7792905,0.20322931,-0.75726426,-0.6206842,0.977667,0.19159812,0.08635643,,0.17627545,1.3281393,0.5574746,0.9922849,-0.056518372,-0.11034668,-0.10144539,-0.8817941,-0.46059528,-0.07127096,0.4682359,-0.8807245,,-0.045950823,0.14897412,-0.07568047,0.9643371,-0.21414107,-0.15555541,-0.16868466,-0.044353355,-0.98467165,0.20395924,0.97579527,-0.0788939,,0.0011992188,0.34882748,-0.327873,-0.11158002,0.55501026,-0.8243261,0.65986586,-0.5788602,-0.47905946,-0.7430525,-0.5973981,-0.30164307,,1.2119748063492977,-0.4515250229572844,0.18695612896000002,1.3051102082476795,0.6296209909191496,-0.7976557159222665,-0.1261016190556636,,-0.9283651642762768,-0.3178599623702066,0.18932445079000002,-1.2950450909604225,-1.2342375023812235,1.0198332374728267,0.02188810486199342,,-0.15579681567927384,-0.3094010614857298,0.0882075766,0.08275268144170031
0.6096777859784197,10:57:56.169896,10:57:54.967718,0,,0.06322193,0.0018604025,0.027694315,-0.9555188,0.2817356,0.087229654,0.027734242,0.3802866,-0.9244528,-0.2936235,-0.8809126,-0.3711847,,0.032431968,0.046215937,0.046126455,0.05352728,-0.62437254,0.7792905,0.20322931,-0.75726426,-0.6206842,0.977667,0.19159812,0.08635643,,0.17627545,1.3281393,0.5574746,0.9922849,-0.056518372,-0.11034668,-0.10144539,-0.8817941,-0.46059528,-0.07127096,0.4682359,-0.8807245,,-0.04595194,0.14897357,-0.075680494,0.9643353,-0.21414734,-0.15555805,-0.16868837,-0.044355754,-0.98467094,0.20396477,0.9757938,-0.07889799,,0.0011992188,0.34882748,-0.327873,-0.11158002,0.55501026,-0.8243261,0.65986586,-0.5788602,-0.47905946,-0.7430525,-0.5973981,-0.30164307,,1.2119670836164234,-0.4515250229572844,0.18695612896000002,1.3051102082476795,0.6296209909191496,-0.7976557159222665,-0.1261016190556636,,-0.9283651642762768,-0.3178599623702066,0.18932445079000002,-1.2950450909604225,-1.2342375023812235,1.0198332374728267,0.02188810486199342,,-0.15579681567927384,-0.3094010614857298,0.0882075766,0.08275268144170031
0.6330229689774569,10:57:56.196475,10:57:54.967718,0,,0.06322193,0.0018604025,0.027694315,-0.9555188,0.2817356,0.087229654,0.027734242,0.3802866,-0.9244528,-0.2936235,-0.8809126,-0.3711847,,0.032431968,0.046215937,0.046126455,0.05352728,-0.62437254,0.7792905,0.20322931,-0.75726426,-0.6206842,0.977667,0.19159812,0.08635643,,0.17627545,1.3281393,0.5574746,0.9922849,-0.056518372,-0.11034668,-0.10144539,-0.8817941,-0.46059528,-0.07127096,0.4682359,-0.8807245,,-0.04595194,0.14897357,-0.075680494,0.9643353,-0.21414734,-0.15555805,-0.16868837,-0.044355754,-0.98467094,0.20396477,0.9757938,-0.07889799,,0.0011992188,0.34882748,-0.327873,-0.11158002,0.55501026,-0.8243261,0.65986586,-0.5788602,-0.47905946,-0.7430525,-0.5973981,-0.30164307,,1.2119670836164234,-0.4515250229572844,0.18695612896000002,1.3051102082476795,0.6296209909191496,-0.7976557159222665,-0.1261016190556636,,-0.9283651642762768,-0.3178599623702066,0.18932445079000002,-1.2950450909604225,-1.2342375023812235,1.0198332374728267,0.02188810486199342,,-0.15579681567927384,-0.3094010614857298,0.0882075766,0.08275268144170031
0.6595912750053685,10:57:56.217637,10:57:54.967718,0,,0.06322086,0.001861006,0.027694508,-0.95552075,0.28172958,0.08722727,0.027735211,0.38028994,-0.9244514,-0.29361695,-0.8809131,-0.37118876,,0.032431968,0.046215937,0.046126455,0.05352728,-0.62437254,0.7792905,0.20322931,-0.75726426,-0.6206842,0.977667,0.19159812,0.08635643,,0.17627545,1.3281393,0.5574746,0.9922849,-0.056518372,-0.11034668,-0.10144539,-0.8817941,-0.46059528,-0.07127096,0.4682359,-0.8807245,,-0.045950823,0.14897412,-0.07568047,0.9643371,-0.21414107,-0.15555541,-0.16868466,-0.044353355,-0.98467165,0.20395924,0.97579527,-0.0788939,,0.0011992188,0.34882748,-0.327873,-0.11158002,0.55501026,-0.8243261,0.65986586,-0.5788602,-0.47905946,-0.7430525,-0.5973981,-0.30164307,,1.2119748063492977,-0.4515250229572844,0.18695612896000002,1.3051102082476795,0.6296209909191496,-0.7976557159222665,-0.1261016190556636,,-0.9283651642762768,-0.3178599623702066,0.18932445079000002,-1.2950450909604225,-1.2342375023812235,1.0198332374728267,0.02188810486199342,,-0.15579681567927384,-0.3094010614857298,0.0882075766,0.08275268144170031
0.6807645479857456,10:57:56.238535,10:57:54.967718,0,,0.06322086,0.001861006,0.027694508,-0.95552075,0.28172958,0.08722727,0.027735211,0.38028994,-0.9244514,-0.29361695,-0.8809131,-0.37118876,,0.032430965,0.046215132,0.046126187,0.053533003,-0.62437093,0.7792914,0.20323402,-0.7572637,-0.62068325,0.97766566,0.19160548,0.08635475,,0.17627545,1.3281393,0.5574746,0.9922849,-0.056518372,-0.11034668,-0.10144539,-0.8817941,-0.46059528,-0.07127096,0.4682359,-0.8807245,,-0.045950823,0.14897412,-0.07568047,0.9643371,-0.21414107,-0.15555541,-0.16868466,-0.044353355,-0.98467165,0.20395924,0.97579527,-0.0788939,,0.0012001812,0.34882665,-0.32787323,-0.111585304,0.5550081,-0.8243268,0.65986943,-0.5788561,-0.47905943,-0.7430485,-0.59740406,-0.30164105,,1.2119748063492977,-0.4515250229572844,0.18695612896000002,1.3051102082476795,0.6296209909191496,-0.7976557159222665,-0.1261016190556636,,-0.9283574415434025,-0.3178599623702066,0.18932445079000002,-1.2950450909604225,-1.2342375023812235,1.0198332374728267,0.02188810486199342,,-0.15579681567927384,-0.3094010614857298,0.0882075766,0.08275268144170031
0.7016625569958705,10:57:56.264061,10:57:55.136208,0,,0.063228816,0.0018516555,0.027785897,-0.955519,0.28173408,0.08723189,0.027415723,0.37933916,-0.92485154,-0.29365262,-0.88132155,-0.37018976,,0.0324397,0.046226293,0.046169817,0.053520754,-0.6243718,0.77929157,0.20428497,-0.7570584,-0.6205886,0.9774472,0.1924119,0.087031424,,0.17627545,1.3281393,0.5574746,0.9922849,-0.056518372,-0.11034668,-0.10144539,-0.8817941,-0.46059528,-0.07127096,0.4682359,-0.8807245,,-0.045950823,0.14897412,-0.07568047,0.9643371,-0.21414107,-0.15555541,-0.16868466,-0.044353355,-0.98467165,0.20395924,0.97579527,-0.0788939,,0.0011992188,0.34882748,-0.327873,-0.11158002,0.55501026,-0.8243261,0.65986586,-0.5788602,-0.47905946,-0.7430525,-0.5973981,-0.30164307,,1.2119748063492977,-0.4515250229572844,0.18695612896000002,1.3051102082476795,0.6296209909191496,-0.7976557159222665,-0.1261016190556636,,-0.9283651642762768,-0.3178599623702066,0.18932445079000002,-1.2950450909604225,-1.2342375023812235,1.0198332374728267,0.02188810486199342,,-0.15579681567927384,-0.3094010614857298,0.0882075766,0.08275268144170031
0.7271494919841643,10:57:56.288504,10:57:55.136208,0,,0.063228816,0.0018516555,0.027785897,-0.955519,0.28173408,0.08723189,0.027415723,0.37933916,-0.92485154,-0.29365262,-0.88132155,-0.37018976,,0.0324397,0.046226293,0.046169817,0.053520754,-0.6243718,0.77929157,0.20428497,-0.7570584,-0.6205886,0.9774472,0.1924119,0.087031424,,0.17627545,1.3281393,0.5574746,0.9922849,-0.056518372,-0.11034668,-0.10144539,-0.8817941,-0.46059528,-0.07127096,0.4682359,-0.8807245,,-0.045950823,0.14897412,-0.07568047,0.9643371,-0.21414107,-0.15555541,-0.16868466,-0.044353355,-0.98467165,0.20395924,0.97579527,-0.0788939,,0.0011992188,0.34882748,-0.327873,-0.11158002,0.55501026,-0.8243261,0.65986586,-0.5788602,-0.47905946,-0.7430525,-0.5973981,-0.30164307,,1.2119748063492977,-0.4515250229572844,0.18695612896000002,1.3051102082476795,0.6296209909191496,-0.7976557159222665,-0.1261016190556636,,-0.9283651642762768,-0.3178599623702066,0.18932445079000002,-1.2950450909604225,-1.2342375023812235,1.0198332374728267,0.02188810486199342,,-0.15579681567927384,-0.3094010614857298,0.0882075766,0.08275268144170031
0.7516294489905704,10:57:56.315479,10:57:55.136208,0,,0.06322988,0.0018510595,0.027785718,-0.955517,0.28174007,0.08723427,0.027414732,0.37933582,-0.92485297,-0.29365915,-0.8813211,-0.37018567,,0.0324397,0.046226293,0.046169817,0.053520754,-0.6243718,0.77929157,0.20428497,-0.7570584,-0.6205886,0.9774472,0.1924119,0.087031424,,0.17627545,1.3281393,0.5574746,0.9922849,-0.056518372,-0.11034668,-0.10144539,-0.8817941,-0.46059528,-0.07127096,0.4682359,-0.8807245,,-0.04595194,0.14897357,-0.075680494,0.9643353,-0.21414734,-0.15555805,-0.16868837,-0.044355754,-0.98467094,0.20396477,0.9757938,-0.07889799,,0.0011992188,0.34882748,-0.327873,-0.11158002,0.55501026,-0.8243261,0.65986586,-0.5788602,-0.47905946,-0.7430525,-0.5973981,-0.30164307,,1.2119670836164234,-0.4515250229572844,0.18695612896000002,1.3051102082476795,0.6296209909191496,-0.7976557159222665,-0.1261016190556636,,-0.9283651642762768,-0.3178599623702066,0.18932445079000002,-1.2950450909604225,-1.2342375023812235,1.0198332374728267,0.02188810486199342,,-0.15579681567927384,-0.3094010614857298,0.0882075766,0.08275268144170031
0.7786050509894267,10:57:56.337754,10:57:55.136208,0,,0.063228816,0.0018516555,0.027785897,-0.955519,0.28173408,0.08723189,0.027415723,0.37933916,-0.92485154,-0.29365262,-0.88132155,-0.37018976,,0.032438703,0.046225518,0.04616955,0.0535265,-0.6243702,0.77929246,0.20428964,-0.7570579,-0.62058765,0.97744596,0.19241926,0.087029725,,0.17627545,1.3281393,0.5574746,0.9922849,-0.056518372,-0.11034668,-0.10144539,-0.8817941,-0.46059528,-0.07127096,0.4682359,-0.8807245,,-0.045950823,0.14897412,-0.07568047,0.9643371,-0.21414107,-0.15555541,-0.16868466,-0.044353355,-0.98467165,0.20395924,0.97579527,-0.0788939,,0.0012001812,0.34882665,-0.32787323,-0.111585304,0.5550081,-0.8243268,0.65986943,-0.5788561,-0.47905943,-0.7430485,-0.59740406,-0.30164105,,1.2119748063492977,-0.4515250229572844,0.18695612896000002,1.3051102082476795,0.6296209909191496,-0.7976557159222665,-0.1261016190556636,,-0.9283574415434025,-0.3178599623702066,0.18932445079000002,-1.2950450909604225,-1.2342375023812235,1.0198332374728267,0.02188810486199342,,-0.15579681567927384,-0.3094010614857298,0.0882075766,0.08275268144170031
0.8008523790049367,10:57:56.360643,10:57:55.136208,0,,0.06323041,0.001852192,0.027785152,-0.95551586,0.28174385,0.08723432,0.027418055,0.37934124,-0.9248506,-0.2936625,-0.88131744,-0.37019148,,0.0324397,0.046226293,0.046169817,0.053520754,-0.6243718,0.77929157,0.20428497,-0.7570584,-0.6205886,0.9774472,0.1924119,0.087031424,,0.17627545,1.3281393,0.5574746,0.9922849,-0.056518372,-0.11034668,-0.10144539,-0.8817941,-0.46059528,-0.07127096,0.4682359,-0.8807245,,-0.045952335,0.14897436,-0.07567944,0.9643346,-0.21415076,-0.15555768,-0.16868687,-0.044349063,-0.9846715,0.20396931,0.9757933,-0.07889176,,0.0011992188,0.34882748,-0.327873,-0.11158002,0.55501026,-0.8243261,0.65986586,-0.5788602,-0.47905946,-0.7430525,-0.5973981,-0.30164307,,1.2119670836164234,-0.45151730022441017,0.18695612896000002,1.3051102082476795,0.6296209909191496,-0.7976557159222665,-0.1261016190556636,,-0.9283651642762768,-0.3178599623702066,0.18932445079000002,-1.2950450909604225,-1.2342375023812235,1.0198332374728267,0.02188810486199342,,-0.15579681567927384,-0.3094010614857298,0.0882075766,0.08275268144170031
0.8237595399841666,10:57:56.387643,10:57:55.136208,0,,0.063228816,0.0018516555,0.027785897,-0.955519,0.28173408,0.08723189,0.027415723,0.37933916,-0.92485154,-0.29365262,-0.88132155,-0.37018976,,0.0324397,0.046226293,0.046169817,0.053520754,-0.6243718,0.77929157,0.20428497,-0.7570584,-0.6205886,0.9774472,0.1924119,0.087031424,,0.17627545,1.3281393,0.5574746,0.9922849,-0.056518372,-0.11034668,-0.10144539,-0.8817941,-0.46059528,-0.07127096,0.4682359,-0.8807245,,-0.045950823,0.14897412,-0.07568047,0.9643371,-0.21414107,-0.15555541,-0.16868466,-0.044353355,-0.98467165,0.20395924,0.97579527,-0.0788939,,0.0011992188,0.34882748,-0.327873,-0.11158002,0.55501026,-0.8243261,0.65986586,-0.5788602,-0.47905946,-0.7430525,-0.5973981,-0.30164307,,1.2119748063492977,-0.4515250229572844,0.18695612896000002,1.3051102082476795,0.6296209909191496,-0.7976557159222665,-0.1261016190556636,,-0.9283651642762768,-0.3178599623702066,0.18932445079000002,-1.2950450909604225,-1.2342375023812235,1.0198332374728267,0.02188810486199342,,-0.15579681567927384,-0.3094010614857298,0.0882075766,0.08275268144170031
0.8507384959957562,10:57:56.415896,10:57:55.283807,0,,0.06325519,0.0019366369,0.027522832,-0.9560472,0.28001854,0.08696693,0.026976086,0.37934244,-0.92486304,-0.29196906,-0.88186675,-0.3702231,,0.032478943,0.04629995,0.045954973,0.055165894,-0.62371147,0.7797056,0.20443973,-0.7572949,-0.620249,0.9773234,0.19361934,0.085734546,,0.17627545,1.3281393,0.5574746,0.9922849,-0.056518372,-0.11034668,-0.10144539,-0.8817941,-0.46059528,-0.07127096,0.4682359,-0.8807245,,-0.045950823,0.14897412,-0.07568047,0.9643371,-0.21414107,-0.15555541,-0.16868466,-0.044353355,-0.98467165,0.20395924,0.97579527,-0.0788939,,0.0012001812,0.34882665,-0.32787323,-0.111585304,0.5550081,-0.8243268,0.65986943,-0.5788561,-0.47905943,-0.7430485,-0.59740406,-0.30164105,,1.2119748063492977,-0.4515250229572844,0.18695612896000002,1.3051102082476795,0.6296209909191496,-0.7976557159222665,-0.1261016190556636,,-0.9283574415434025,-0.3178599623702066,0.18932445079000002,-1.2950450909604225,-1.2342375023812235,1.0198332374728267,0.02188810486199342,,-0.15579681567927384,-0.3094010614857298,0.0882075766,0.08275268144170031
