Task Time,PC1 Time,PC2 Time,Gaze Calib,s_T_psm1,Tx,Ty,Tz,R00,R01,R02,R10,R11,R12,R20,R21,R22,s_T_psm3,Tx,Ty,Tz,R00,R01,R02,R10,R11,R12,R20,R21,R22,cart_T_ecm,Tx,Ty,Tz,R00,R01,R02,R10,R11,R12,R20,R21,R22,ecm_T_psm1,Tx,Ty,Tz,R00,R01,R02,R10,R11,R12,R20,R21,R22,ecm_T_psm3,Tx,Ty,Tz,R00,R01,R02,R10,R11,R12,R20,R21,R22,psm1_joints,q1,q2,q3,q4,q5,q6,jaw,psm3_joints,q1,q2,q3,q4,q5,q6,jaw,ecm_joints,q1,q2,q3,q4,ecmi_T_ecm,Tx,Ty,Tz,R00,R01,R02,R10,R11,R12,R20,R21,R22
""
lci_T_si,,,,,-0.07810864,0.0047268975,0.33658686,0.99634534,-0.04999341,0.06925772,-0.02077827,-0.92832446,-0.37118998,0.08285069,0.36839435,-0.9259705
rci_T_si,,,,,-0.08909067,0.009950163,0.34867883,0.9945985,-0.062360853,0.082975335,-0.022699432,-0.9107305,-0.41237688,0.10128435,0.40826592,-0.90722674
ecm_T_lc,,,,,-4.4071905e-05,-0.000346569,-0.018408367,-0.99912006,0.03075457,0.028518898,-0.03198801,-0.99852574,-0.04385276,0.027128182,-0.044726435,0.9986309
ecm_T_rc,,,,,0.00057554984,0.029174112,-0.0048684436,-0.9955508,-0.052743625,-0.07808159,0.04863208,-0.9973746,0.053654663,-0.080706544,0.04961867,0.9955021
cart_T_ecmi,,,,,0.20682392,1.3430053,0.5593755,0.99419594,-0.047310717,-0.09662361,-0.0800823,-0.9251759,-0.3709938,-0.07184185,0.37657836,-0.9235949
ecmac_T_ecmrep_psm1,,,,,0.023358302,-0.14379282,-0.3755157,0.9999625,0.00411225,0.007622192,-0.0040185633,0.9999167,-0.01226611,-0.007671999,0.012235019,0.9998957
ecmac_T_ecmrep_psm3,,,,,-0.013221607,-0.27445275,-0.65629,0.99739635,-0.07101346,0.012556174,0.0696691,0.9938116,0.08651434,-0.018622153,-0.085414305,0.9961715
""
0,09:36:06.733390,NaN,0,,0.09482849,-0.025662728,0.032157235,-0.75002813,0.11369237,-0.6515612,-0.03206092,0.97770756,0.20750853,0.66062856,0.17652687,-0.72966313,,0.018479742,-0.037315793,0.024383515,-0.8048246,-0.40702555,0.4319578,-0.19427077,0.8683696,0.45628214,-0.5608175,0.2833103,-0.7779583,,0.20687565,1.3429981,0.55937517,0.9941917,-0.047359508,-0.09664317,-0.08013473,-0.9251734,-0.3709887,-0.07184185,0.37657836,-0.9235949,,-0.051773265,0.13405354,-0.081432246,0.6800588,-0.09862866,0.7264933,0.24083705,0.9659733,-0.094303265,-0.6924721,0.23909825,0.68067205,,0.05037368,0.2396478,-0.36696386,0.8739781,0.33818048,-0.34899318,-0.36581242,0.93057793,-0.014351985,0.3199118,0.14020936,0.93701535,,0.4895980960272112,-0.5906037192891936,0.18289225981,0.6567489029935303,-0.5729168435164919,0.6375571221323079,1.2695100819956182,,-0.4240707075894163,-0.6031299920111858,0.1787713539,1.742313740412913,0.21028357313901283,0.738020617676368,1.3519988353934294,,-0.12960378692996893,-0.40635846475714477,0.08491787512,0.05233371158368399,,5.203858e-05,4.053116e-06,-2.1457672e-06,1.0,-4.8704445e-05,-1.9848347e-05,4.870817e-05,1.0,-3.784895e-06,1.9863248e-05,3.784895e-06,1.0
0.01884811802301556,09:36:06.753672,NaN,0,,0.09480856,-0.025660105,0.032150246,-0.75004077,0.113765344,-0.6515338,-0.032024637,0.977693,0.20758308,0.66061586,0.17656094,-0.7296664,,0.01856099,-0.037369765,0.024249017,-0.80062217,-0.38126126,0.46221656,-0.1676024,0.88313866,0.43815032,-0.575251,0.27332425,-0.77096057,,0.20687565,1.3429981,0.55937517,0.9941917,-0.047359508,-0.09664317,-0.08013473,-0.9251734,-0.3709887,-0.07184185,0.37657836,-0.9235949,,-0.051752687,0.13405335,-0.08142688,0.68007386,-0.098705076,0.72646874,0.24086538,0.9659728,-0.09423644,-0.6924474,0.23906891,0.68070745,,0.050311524,0.23952879,-0.366866,0.87063986,0.31333187,-0.3792221,-0.3498496,0.93633956,-0.029555244,0.34582004,0.15840268,0.92483354,,0.48968304608882773,-0.5906037192891936,0.18290263013000002,0.6567489029935303,-0.5719603880181336,0.6381657353888224,1.2615062227550387,,-0.4240475393907936,-0.6030218737509466,0.17878820567,1.7637021146483343,0.2232640406167297,0.7209832963541035,1.348895298136878,,-0.12960378692996893,-0.40635846475714477,0.08491787512,0.05233371158368399,,5.203858e-05,4.053116e-06,-2.1457672e-06,1.0,-4.8704445e-05,-1.9848347e-05,4.870817e-05,1.0,-3.784895e-06,1.9863248e-05,3.784895e-06,1.0
0.03908333199797198,09:36:06.783989,09:35:59.939885,0,,0.094777435,-0.025661483,0.032138757,-0.75005835,0.1138446,-0.65149975,-0.03200017,0.9776728,0.20768201,0.6605971,0.17662172,-0.72966874,,0.018710718,-0.037457876,0.024035811,-0.7894208,-0.34344223,0.50878525,-0.12811558,0.9027668,0.41060767,-0.6003344,0.25895882,-0.7566631,,0.20687565,1.3429981,0.55937517,0.9941917,-0.047359508,-0.09664317,-0.08013473,-0.9251734,-0.3709887,-0.07184185,0.37657836,-0.9235949,,-0.051720634,0.13404779,-0.08142015,0.68009394,-0.09879053,0.72643834,0.24088053,0.9659777,-0.09414695,-0.6924224,0.23901363,0.68075234,,0.050192334,0.23933603,-0.36671022,0.861215,0.27689347,-0.426191,-0.32844666,0.94314766,-0.050943784,0.38785502,0.18385457,0.90319765,,0.48978344161619264,-0.5906114420220678,0.18292077819000002,0.6569585929370148,-0.571413842019072,0.6378834212543179,1.2644464159454556,,-0.4236382345484597,-0.602828805429091,0.17892431612,1.8169633602934034,0.243212969582484,0.6985903769038838,1.334357676250927,,-0.12960378692996893,-0.40635846475714477,0.08491787512,0.05233371158368399,,5.203858e-05,4.053116e-06,-2.1457672e-06,1.0,-4.8704445e-05,-1.9848347e-05,4.870817e-05,1.0,-3.784895e-06,1.9863248e-05,3.784895e-06,1.0
0.06940418598242104,09:36:06.807016,09:35:59.939885,0,,0.09475741,-0.025661401,0.032127254,-0.7500732,0.113896765,-0.6514735,-0.031994954,0.97765625,0.20776048,0.6605805,0.17667943,-0.7296697,,0.018848881,-0.037501775,0.023894131,-0.7781284,-0.3123508,0.54493415,-0.09498192,0.91612244,0.38948464,-0.6208822,0.2513101,-0.7425285,,0.20687565,1.3429981,0.55937517,0.9941917,-0.047359508,-0.09664317,-0.08013473,-0.9251734,-0.3709887,-0.07184185,0.37657836,-0.9235949,,-0.05169959,0.13404347,-0.0814117,0.6801105,-0.09884861,0.7264149,0.24087884,0.96598506,-0.09407564,-0.6924067,0.23895982,0.68078715,,0.050074257,0.23921719,-0.36659604,0.8513675,0.24652429,-0.46303257,-0.3104188,0.9483153,-0.06586519,0.4228635,0.1998095,0.8838906,,0.4898452234791864,-0.590619164754942,0.18292985222000002,0.6571682828804993,-0.571413842019072,0.6378834212543179,1.2641197278131873,,-0.42323665243900005,-0.6026434598401096,0.1790824635,1.850723441194412,0.2560568005604354,0.6792141112810989,1.3217801831585878,,-0.12960378692996893,-0.40635846475714477,0.08491787512,0.05233371158368399,,5.203858e-05,4.053116e-06,-2.1457672e-06,1.0,-4.8704445e-05,-1.9848347e-05,4.870817e-05,1.0,-3.784895e-06,1.9863248e-05,3.784895e-06,1.0
0.09244114602915943,09:36:06.829044,09:35:59.939885,0,,0.09472364,-0.02565594,0.03210815,-0.7501007,0.11401826,-0.6514206,-0.031955913,0.9776256,0.20791075,0.6605511,0.17677076,-0.72967416,,0.019158587,-0.037582614,0.023720145,-0.7575335,-0.2820667,0.5887117,-0.06146437,0.92864347,0.36584643,-0.64989626,0.24095608,-0.72081554,,0.20687565,1.3429981,0.55937517,0.9941917,-0.047359508,-0.09664317,-0.08013473,-0.9251734,-0.3709887,-0.07184185,0.37657836,-0.9235949,,-0.051663954,0.13404118,-0.08139559,0.68014205,-0.09897943,0.7263676,0.2409032,0.9659922,-0.0939401,-0.69236726,0.2388769,0.68085635,,0.049791317,0.23903511,-0.36645636,0.8333201,0.21731758,-0.5082821,-0.2969619,0.9515293,-0.0800348,0.4662524,0.21763505,0.85746354,,0.48993017354080287,-0.590619164754942,0.1829454077,0.6571682828804993,-0.571413842019072,0.6378834212543179,1.2641197278131873,,-0.4227578430007981,-0.6022341549977757,0.17937023988,1.9046137566699346,0.2728630900315846,0.6544830792074632,1.3072425612726366,,-0.12960378692996893,-0.40635846475714477,0.08491787512,0.05233371158368399,,5.203858e-05,4.053116e-06,-2.1457672e-06,1.0,-4.8704445e-05,-1.9848347e-05,4.870817e-05,1.0,-3.784895e-06,1.9863248e-05,3.784895e-06,1.0
0.11449588602408767,09:36:06.850950,09:35:59.939885,0,,0.094704956,-0.025649272,0.032099925,-0.75011605,0.11411106,-0.6513867,-0.031905234,0.9776082,0.20800018,0.66053617,0.17680694,-0.729679,,0.01938501,-0.037640773,0.02364561,-0.7414503,-0.28170758,0.60900927,-0.05852911,0.9312964,0.35952953,-0.6684503,0.23092851,-0.70699805,,0.20687565,1.3429981,0.55937517,0.9941917,-0.047359508,-0.09664317,-0.08013473,-0.9251734,-0.3709887,-0.07184185,0.37657836,-0.9235949,,-0.051644336,0.1340442,-0.081387356,0.6801604,-0.09907585,0.72633725,0.24094386,0.9659898,-0.09386029,-0.69233507,0.23884656,0.68089974,,0.04957797,0.2389281,-0.36639953,0.819544,0.2180993,-0.529887,-0.30476215,0.9489989,-0.08075308,0.48525006,0.22767024,0.8442148,,0.4900228463352936,-0.590619164754942,0.18295966689,0.6573779728239838,-0.571413842019072,0.6378834212543179,1.2641197278131873,,-0.4226033883433136,-0.6018943547513098,0.17956857225000003,1.9188726728268826,0.2861168305088323,0.642777076407364,1.2940116919157603,,-0.12960378692996893,-0.40635846475714477,0.08491787512,0.05233371158368399,,5.203858e-05,4.053116e-06,-2.1457672e-06,1.0,-4.8704445e-05,-1.9848347e-05,4.870817e-05,1.0,-3.784895e-06,1.9863248e-05,3.784895e-06,1.0
0.13640563801163808,09:36:06.874480,09:35:59.939885,0,,0.09468626,-0.025642581,0.032091685,-0.7501314,0.114203855,-0.6513527,-0.031854555,0.97759086,0.20808965,0.66052115,0.17684308,-0.72968376,,0.019604936,-0.03767831,0.023617655,-0.7201493,-0.29842934,0.62635857,-0.07874842,0.9320926,0.3535565,-0.6893357,0.20528872,-0.69474655,,0.20687565,1.3429981,0.55937517,0.9941917,-0.047359508,-0.09664317,-0.08013473,-0.9251734,-0.3709887,-0.07184185,0.37657836,-0.9235949,,-0.051624715,0.13404723,-0.08137912,0.6801788,-0.099172264,0.72630686,0.24098453,0.9659874,-0.09378048,-0.6923029,0.23881622,0.68094313,,0.049364604,0.238862,-0.3663737,0.801698,0.23780505,-0.54838765,-0.3343587,0.9389018,-0.081655964,0.49546394,0.2488216,0.8322279,,0.4901464100612812,-0.5906268874878163,0.18296614834000002,0.6577973527109529,-0.571413842019072,0.6378834212543179,1.2641197278131873,,-0.4225647746789425,-0.6015236635733471,0.17977727494,1.9161467035615838,0.3138540399612167,0.6269385773886573,1.2922149071882831,,-0.12960378692996893,-0.40635846475714477,0.08491787512,0.05233371158368399,,5.203858e-05,4.053116e-06,-2.1457672e-06,1.0,-4.8704445e-05,-1.9848347e-05,4.870817e-05,1.0,-3.784895e-06,1.9863248e-05,3.784895e-06,1.0
0.15992891398491338,09:36:06.888597,09:35:59.939885,0,,0.09467636,-0.025639981,0.032090448,-0.7501367,0.11425075,-0.6513384,-0.031820863,0.9775845,0.20812494,0.66051674,0.17684826,-0.7296865,,0.019802794,-0.03767977,0.02363497,-0.7053675,-0.30515593,0.63979423,-0.08629517,0.93284535,0.3497898,-0.70356935,0.1915192,-0.68433225,,0.20687565,1.3429981,0.55937517,0.9941917,-0.047359508,-0.09664317,-0.08013473,-0.9251734,-0.3709887,-0.07184185,0.37657836,-0.9235949,,-0.05161466,0.1340492,-0.081377976,0.6801856,-0.09921963,0.72629404,0.2410137,0.96598315,-0.093749315,-0.692286,0.23881376,0.68096113,,0.0491663,0.23885112,-0.3663716,0.7890527,0.24614115,-0.56285906,-0.34911412,0.9335589,-0.08116098,0.505485,0.26054233,0.8225586,,0.49020819192427495,-0.5906268874878163,0.18296874092,0.6582167325979219,-0.571413842019072,0.6378834212543179,1.2641197278131873,,-0.4225570519460683,-0.6011606951282585,0.18000412569000002,1.9041943767829654,0.34801316490257683,0.6163999943743512,1.2915615309237463,,-0.12960378692996893,-0.40635846475714477,0.08491787512,0.05233371158368399,,5.203858e-05,4.053116e-06,-2.1457672e-06,1.0,-4.8704445e-05,-1.9848347e-05,4.870817e-05,1.0,-3.784895e-06,1.9863248e-05,3.784895e-06,1.0
0.17403152002952993,09:36:06.905151,09:35:59.939885,0,,0.094666354,-0.025639944,0.032084696,-0.7501441,0.11427682,-0.6513253,-0.03181824,0.97757614,0.20816416,0.66050845,0.17687716,-0.729687,,0.020019546,-0.037624933,0.023706079,-0.6957529,-0.3027266,0.65137136,-0.081769705,0.9343336,0.3468929,-0.7136118,0.18808925,-0.67481905,,0.20687565,1.3429981,0.55937517,0.9941917,-0.047359508,-0.09664317,-0.08013473,-0.9251734,-0.3709887,-0.07184185,0.37657836,-0.9235949,,-0.05160414,0.13404705,-0.08137374,0.6801939,-0.09924866,0.7262823,0.24101286,0.96598685,-0.09371367,-0.69227815,0.23878685,0.68097854,,0.048940644,0.23891346,-0.3663871,0.7805904,0.24410044,-0.5754073,-0.35085583,0.9329913,-0.08017121,0.5172802,0.2644659,0.8139281,,0.49033175565026255,-0.5906268874878163,0.18297911124000002,0.6582167325979219,-0.5715504785188374,0.6379948391580142,1.2641197278131873,,-0.4225956656104394,-0.6008208948817926,0.18017523597000001,1.9096463153135634,0.3697383683652819,0.6217179524062586,1.2935216597173573,,-0.12960378692996893,-0.40635846475714477,0.08491787512,0.05233371158368399,,5.203858e-05,4.053116e-06,-2.1457672e-06,1.0,-4.8704445e-05,-1.9848347e-05,4.870817e-05,1.0,-3.784895e-06,1.9863248e-05,3.784895e-06,1.0
0.19054926402168348,09:36:06.926012,09:36:00.095497,0,,0.0946614,-0.02563864,0.03208407,-0.7501468,0.114300266,-0.6513181,-0.031801403,0.9775729,0.20818181,0.66050625,0.17687975,-0.72968835,,0.020137101,-0.03756582,0.023783416,-0.69167316,-0.29804716,0.65784216,-0.07488996,0.9355618,0.34513173,-0.7183174,0.18945256,-0.6694235,,0.20687565,1.3429981,0.55937517,0.9941917,-0.047359508,-0.09664317,-0.08013473,-0.9251734,-0.3709887,-0.07184185,0.37657836,-0.9235949,,-0.05159911,0.13404803,-0.08137317,0.6801973,-0.09927234,0.72627586,0.24102746,0.9659847,-0.093698084,-0.69226974,0.23878561,0.68098754,,0.048812468,0.23899151,-0.36641487,0.77687883,0.23924851,-0.5824255,-0.34748048,0.9342936,-0.07970435,0.52508724,0.2643021,0.8089671,,0.4904707648419986,-0.5906346102206905,0.18298429640000002,0.6582167325979219,-0.5715504785188374,0.6379948391580142,1.2641197278131873,,-0.4226574474734332,-0.6006509947585597,0.18022968015000002,1.916356393505068,0.37657019335355385,0.6258668272981645,1.2933583156512232,,-0.12960378692996893,-0.40635846475714477,0.08491787512,0.05233371158368399,,5.203858e-05,4.053116e-06,-2.1457672e-06,1.0,-4.8704445e-05,-1.9848347e-05,4.870817e-05,1.0,-3.784895e-06,1.9863248e-05,3.784895e-06,1.0
0.21145458903629333,09:36:06.944957,09:36:00.095497,0,,0.09466262,-0.02563461,0.03208282,-0.75014937,0.114320084,-0.65131164,-0.031787023,0.9775702,0.20819673,0.660504,0.17688186,-0.7296899,,0.020299822,-0.037481256,0.02391088,-0.6816785,-0.30043834,0.66712165,-0.077080816,0.9362178,0.34286305,-0.72758025,0.18230006,-0.66135746,,0.20687565,1.3429981,0.55937517,0.9941917,-0.047359508,-0.09664317,-0.08013473,-0.9251734,-0.3709887,-0.07184185,0.37657836,-0.9235949,,-0.05160007,0.13405123,-0.08137031,0.6802006,-0.09929235,0.7262701,0.24103978,0.96598285,-0.09368509,-0.69226223,0.23878463,0.6809955,,0.04863243,0.23911175,-0.3664697,0.76818144,0.2424754,-0.5925394,-0.3547431,0.9316496,-0.07865289,0.53296775,0.27061895,0.8016924,,0.4905557149036151,-0.5906346102206905,0.18298688898,0.6582167325979219,-0.5715504785188374,0.6379948391580142,1.2641197278131873,,-0.4228273475966661,-0.6003806991079619,0.18028282804,1.9232761616400575,0.38517829283877664,0.6235031875533019,1.2905814665269404,,-0.12960378692996893,-0.40635846475714477,0.08491787512,0.05233371158368399,,5.203858e-05,4.053116e-06,-2.1457672e-06,1.0,-4.8704445e-05,-1.9848347e-05,4.870817e-05,1.0,-3.784895e-06,1.9863248e-05,3.784895e-06,1.0
0.2303807280259207,09:36:06.965073,09:36:00.095497,0,,0.094663836,-0.025630563,0.032081597,-0.75015193,0.11433992,-0.6513052,-0.031772643,0.9775675,0.20821162,0.6605017,0.17688403,-0.7296914,,0.02047278,-0.037406392,0.024068743,-0.6750293,-0.29132247,0.67783976,-0.06381753,0.93835413,0.3397336,-0.7350257,0.18607213,-0.65200794,,0.20687565,1.3429981,0.55937517,0.9941917,-0.047359508,-0.09664317,-0.08013473,-0.9251734,-0.3709887,-0.07184185,0.37657836,-0.9235949,,-0.05160103,0.13405444,-0.08136745,0.6802038,-0.09931237,0.7262643,0.2410521,0.96598107,-0.0936721,-0.6922547,0.23878366,0.68100345,,0.048438862,0.23923719,-0.36655477,0.7620323,0.23289545,-0.60420734,-0.34734514,0.93449885,-0.07786679,0.5464962,0.26920548,0.7930134,,0.49057116036936355,-0.5906346102206905,0.18299207414000002,0.6582167325979219,-0.5715504785188374,0.6379948391580142,1.2641197278131873,,-0.42316714784313203,-0.6001953535189805,0.18029449465000003,1.9262118208488406,0.39132693532822144,0.6162840559031679,1.2917248749898804,,-0.12960378692996893,-0.40635846475714477,0.08491787512,0.05233371158368399,,5.203858e-05,4.053116e-06,-2.1457672e-06,1.0,-4.8704445e-05,-1.9848347e-05,4.870817e-05,1.0,-3.784895e-06,1.9863248e-05,3.784895e-06,1.0
0.25049787701573223,09:36:06.990161,09:36:00.095497,0,,0.09466395,-0.025628008,0.032086097,-0.75014985,0.114360735,-0.65130395,-0.03174156,0.9775694,0.20820768,0.66050565,0.17686039,-0.72969365,,0.020717487,-0.037390493,0.024327487,-0.6614625,-0.27883035,0.69621915,-0.045758307,0.941594,0.33362713,-0.7485811,0.18882398,-0.6355878,,0.20687565,1.3429981,0.55937517,0.9941917,-0.047359508,-0.09664317,-0.08013473,-0.9251734,-0.3709887,-0.07184185,0.37657836,-0.9235949,,-0.051601496,0.13405858,-0.08137053,0.68020236,-0.09933069,0.72626317,0.24108215,0.96597314,-0.09367658,-0.6922457,0.23880811,0.68100405,,0.048163816,0.23935309,-0.3667497,0.7496031,0.22005323,-0.62423694,-0.3393212,0.93751556,-0.076978624,0.56829244,0.26952025,0.7774333,,0.49057116036936355,-0.5906346102206905,0.18299466672,0.6582167325979219,-0.571413842019072,0.6378834212543179,1.2641197278131873,,-0.4241711031167812,-0.600010007929999,0.18029319836000002,1.9597622118063647,0.39296657332540674,0.6164172583813408,1.2917248749898802,,-0.12960378692996893,-0.40635846475714477,0.08491787512,0.05233371158368399,,5.203858e-05,4.053116e-06,-2.1457672e-06,1.0,-4.8704445e-05,-1.9848347e-05,4.870817e-05,1.0,-3.784895e-06,1.9863248e-05,3.784895e-06,1.0
0.27560255501884967,09:36:07.009839,09:36:00.095497,0,,0.09466416,-0.025622882,0.032095112,-0.7501456,0.11440238,-0.6513015,-0.031679407,0.9775731,0.20819984,0.66051346,0.17681305,-0.729698,,0.020839475,-0.037413947,0.024545431,-0.6503425,-0.27559462,0.7078858,-0.041101575,0.94326967,0.32947397,-0.7585284,0.1851757,-0.62477565,,0.20687565,1.3429981,0.55937517,0.9941917,-0.047359508,-0.09664317,-0.08013473,-0.9251734,-0.3709887,-0.07184185,0.37657836,-0.9235949,,-0.051602427,0.13406686,-0.0813767,0.6801994,-0.09936735,0.7262609,0.2411422,0.9659573,-0.09368556,-0.6922277,0.23885702,0.6810052,,0.048016883,0.2394262,-0.36693949,0.73963153,0.21723288,-0.63698906,-0.341039,0.9369337,-0.07646972,0.5802048,0.2737975,0.7670706,,0.49057116036936355,-0.5906423329535647,0.18299466672,0.6582167325979219,-0.571413842019072,0.6378834212543179,1.2641197278131873,,-0.4251518901918077,-0.5999559487998795,0.18028542062000003,1.9620688011846945,0.4045806758054692,0.609560456251643,1.2936850037834917,,-0.12960378692996893,-0.40635846475714477,0.08491787512,0.05233371158368399,,5.203858e-05,4.053116e-06,-2.1457672e-06,1.0,-4.8704445e-05,-1.9848347e-05,4.870817e-05,1.0,-3.784895e-06,1.9863248e-05,3.784895e-06,1.0
0.2952775150188245,09:36:07.032335,09:36:00.095497,0,,0.094664805,-0.025607504,0.032122172,-0.7501329,0.11452731,-0.6512943,-0.031493008,0.9775841,0.20817631,0.6605369,0.17667109,-0.72971123,,0.020982325,-0.037469216,0.024811774,-0.6385192,-0.26888105,0.7211077,-0.031704754,0.9453778,0.32443148,-0.76895267,0.18429315,-0.6121665,,0.20687565,1.3429981,0.55937517,0.9941917,-0.047359508,-0.09664317,-0.08013473,-0.9251734,-0.3709887,-0.07184185,0.37657836,-0.9235949,,-0.05160523,0.13409173,-0.0813952,0.6801905,-0.099477306,0.7262542,0.24132237,0.96590966,-0.09371249,-0.6921737,0.23900373,0.68100864,,0.047844443,0.23949285,-0.36718485,0.7288533,0.21060824,-0.651473,-0.33891317,0.9377417,-0.076015204,0.594904,0.27619672,0.754854,,0.49057116036936355,-0.5906423329535647,0.18299466672,0.6580070426544374,-0.571413842019072,0.6378834212543179,1.2641197278131873,,-0.4262485182599476,-0.5999559487998795,0.18025690224000002,1.979053686606941,0.41797105278248237,0.6105665977499157,1.3080592816033079,,-0.12960378692996893,-0.40635846475714477,0.08491787512,0.05233371158368399,,5.203858e-05,4.053116e-06,-2.1457672e-06,1.0,-4.8704445e-05,-1.9848347e-05,4.870817e-05,1.0,-3.784895e-06,1.9863248e-05,3.784895e-06,1.0
0.31777414499083534,09:36:07.048749,09:36:00.095497,0,,0.0946638,-0.025606431,0.03213241,-0.75012594,0.11454913,-0.6512983,-0.03144525,0.97759044,0.20815356,0.6605469,0.17662163,-0.72971416,,0.021078989,-0.03751882,0.024952471,-0.63142556,-0.2661335,0.728337,-0.02765569,0.946392,0.32183462,-0.77494323,0.18307196,-0.6049361,,0.20687565,1.3429981,0.55937517,0.9941917,-0.047359508,-0.09664317,-0.08013473,-0.9251734,-0.3709887,-0.07184185,0.37657836,-0.9235949,,-0.051605202,0.13409682,-0.081404224,0.68018425,-0.09949394,0.72625774,0.24137011,0.9658956,-0.09373446,-0.69216317,0.23905362,0.68100184,,0.04773305,0.23950835,-0.3673225,0.7224105,0.20799734,-0.65943927,-0.33889753,0.93779176,-0.07546556,0.6027201,0.27799946,0.7479604,,0.49057116036936355,-0.5906423329535647,0.18299337043000002,0.6584264225414065,-0.571413842019072,0.6378834212543179,1.2641197278131873,,-0.426881782355634,-0.5999791169985021,0.18022968015000002,1.992264153046466,0.4230266032738036,0.6151020817680479,1.3129596035873368,,-0.12960378692996893,-0.40635846475714477,0.08491787512,0.05233371158368399,,5.203858e-05,4.053116e-06,-2.1457672e-06,1.0,-4.8704445e-05,-1.9848347e-05,4.870817e-05,1.0,-3.784895e-06,1.9863248e-05,3.784895e-06,1.0
0.3342066060286015,09:36:07.065602,09:36:00.095497,0,,0.094661795,-0.02560427,0.03215293,-0.75011235,0.11459277,-0.65130633,-0.03134972,0.9776032,0.20810807,0.660567,0.1765227,-0.7297199,,0.021273911,-0.03763943,0.025144994,-0.6123547,-0.2735375,0.74175406,-0.039180577,0.94758385,0.31709608,-0.7896117,0.16511288,-0.5909747,,0.20687565,1.3429981,0.55937517,0.9941917,-0.047359508,-0.09664317,-0.08013473,-0.9251734,-0.3709887,-0.07184185,0.37657836,-0.9235949,,-0.051605154,0.134107,-0.08142228,0.6801718,-0.09952722,0.7262649,0.24146557,0.96586746,-0.0937784,-0.6921421,0.23915339,0.6809882,,0.04752034,0.23947786,-0.3675309,0.70570534,0.2175044,-0.6742936,-0.35772145,0.9308826,-0.07411445,0.6115679,0.29351225,0.73473483,,0.490586605835112,-0.5906346102206905,0.18299077785,0.6588458024283755,-0.571413842019072,0.6378834212543179,1.2641197278131873,,-0.428017024088145,-0.6001181261902382,0.18018042113000002,1.9941513625378269,0.4411992577426072,0.6132704202587732,1.3212901509601847,,-0.12960378692996893,-0.40635846475714477,0.08491787512,0.05233371158368399,,5.203858e-05,4.053116e-06,-2.1457672e-06,1.0,-4.8704445e-05,-1.9848347e-05,4.870817e-05,1.0,-3.784895e-06,1.9863248e-05,3.784895e-06,1.0
0.3504424720304087,09:36:07.083673,09:36:00.095497,0,,0.09465395,-0.025597163,0.032187574,-0.7501106,0.1148427,-0.6512643,-0.031056792,0.9776018,0.20815891,0.6605827,0.17636839,-0.72974294,,0.021535777,-0.037810333,0.025326252,-0.59109265,-0.27625683,0.75782037,-0.047807008,0.94986737,0.3089769,-0.8051857,0.14640483,-0.5746666,,0.20687565,1.3429981,0.55937517,0.9941917,-0.047359508,-0.09664317,-0.08013473,-0.9251734,-0.3709887,-0.07184185,0.37657836,-0.9235949,,-0.05160052,0.1341274,-0.081451856,0.68017805,-0.09976069,0.726227,0.24174052,0.9658023,-0.09374135,-0.69203997,0.23931931,0.68103373,,0.047244404,0.23939201,-0.367748,0.6868357,0.22241858,-0.6919441,-0.37464917,0.9241423,-0.07482687,0.6228119,0.31063005,0.7180629,,0.4905943285679862,-0.5906346102206905,0.18298688898,0.6590554923718601,-0.571413842019072,0.6378834212543179,1.2644464159454556,,-0.4290595930261653,-0.6004115900394588,0.18016875452000003,1.9845056251375386,0.47276228918842395,0.6002747679668275,1.3363178050445386,,-0.12960378692996893,-0.40635846475714477,0.08491787512,0.05233371158368399,,5.203858e-05,4.053116e-06,-2.1457672e-06,1.0,-4.8704445e-05,-1.9848347e-05,4.870817e-05,1.0,-3.784895e-06,1.9863248e-05,3.784895e-06,1.0
0.36912984802620485,09:36:07.104453,09:36:00.095497,0,,0.094654575,-0.025601812,0.032215707,-0.750087,0.114844054,-0.65129125,-0.030975834,0.97762495,0.20806202,0.6606133,0.17623891,-0.72974646,,0.021754637,-0.03797362,0.025487363,-0.5759627,-0.26915884,0.77189416,-0.037761033,0.95199275,0.30378303,-0.8166034,0.14582017,-0.558476,,0.20687565,1.3429981,0.55937517,0.9941917,-0.047359508,-0.09664317,-0.08013473,-0.9251734,-0.3709887,-0.07184185,0.37657836,-0.9235949,,-0.05160405,0.13413432,-0.08147928,0.6801542,-0.09974857,0.726251,0.24182676,0.965772,-0.09383135,-0.6920333,0.23944671,0.6809957,,0.04701332,0.23930702,-0.36794773,0.6728771,0.21537547,-0.70770746,-0.37273315,0.92507356,-0.072862625,0.6389887,0.3128136,0.70273834,,0.49060205130086043,-0.5906346102206905,0.18297911124000002,0.6590554923718601,-0.571413842019072,0.6378834212543179,1.2644464159454556,,-0.42971602532047437,-0.6007822812174215,0.18017653226000002,1.9954095021987337,0.49530731164972164,0.5988799918061549,1.3402380626317612,,-0.12960378692996893,-0.40635846475714477,0.08491787512,0.05233371158368399,,5.203858e-05,4.053116e-06,-2.1457672e-06,1.0,-4.8704445e-05,-1.9848347e-05,4.870817e-05,1.0,-3.784895e-06,1.9863248e-05,3.784895e-06,1.0
0.38974651001626626,09:36:07.127122,09:36:00.095497,0,,0.09465641,-0.025602423,0.03224256,-0.750066,0.11486523,-0.6513117,-0.030880496,0.9776454,0.2079801,0.6606417,0.17611158,-0.7297516,,0.021946788,-0.038100608,0.025729865,-0.5580232,-0.26298591,0.78705055,-0.029176533,0.95408475,0.2981126,-0.8293123,0.14339036,-0.54007435,,0.20687565,1.3429981,0.55937517,0.9941917,-0.047359508,-0.09664317,-0.08013473,-0.9251734,-0.3709887,-0.07184185,0.37657836,-0.9235949,,-0.05160854,0.13414446,-0.08150384,0.6801336,-0.09975645,0.7262692,0.2419253,0.9657398,-0.09390836,-0.6920191,0.23957314,0.6809657,,0.046797454,0.23929521,-0.36820292,0.65634215,0.20947766,-0.72479934,-0.37296656,0.9251739,-0.07035107,0.6558284,0.31650028,0.68535876,,0.49060205130086043,-0.5906500556864389,0.18297003721000002,0.6590554923718601,-0.571413842019072,0.6378834212543179,1.2644464159454556,,-0.43010988469705985,-0.601245645189875,0.18018819887,2.013862217225372,0.5100640536243892,0.604489466077303,1.3444850083512527,,-0.12960378692996893,-0.40635846475714477,0.08491787512,0.05233371158368399,,5.203858e-05,4.053116e-06,-2.1457672e-06,1.0,-4.8704445e-05,-1.9848347e-05,4.870817e-05,1.0,-3.784895e-06,1.9863248e-05,3.784895e-06,1.0
0.41255372803425416,09:36:07.140069,09:36:00.304039,0,,0.09465419,-0.025605388,0.032254063,-0.75005656,0.11486721,-0.6513223,-0.030847102,0.97765446,0.20794244,0.66065395,0.17605999,-0.7297529,,0.022012286,-0.038150527,0.025865704,-0.54830515,-0.26290923,0.79387677,-0.029912472,0.95485544,0.2955612,-0.83574325,0.13831088,-0.5314164,,0.20687565,1.3429981,0.55937517,0.9941917,-0.047359508,-0.09664317,-0.08013473,-0.9251734,-0.3709887,-0.07184185,0.37657836,-0.9235949,,-0.051607557,0.13414633,-0.08151572,0.6801241,-0.09975307,0.72627854,0.2419607,0.9657275,-0.09394332,-0.69201607,0.239624,0.6809509,,0.046717577,0.2393109,-0.36833933,0.64751977,0.20999825,-0.73254275,-0.37757534,0.9234015,-0.06904007,0.66193277,0.32129487,0.6772109,,0.49060205130086043,-0.5906577784193132,0.18296485205000002,0.6590554923718601,-0.571413842019072,0.6378834212543179,1.2644464159454556,,-0.4302566166216701,-0.6015236635733471,0.18019208774,2.022040125021268,0.5175790611114884,0.6054675317662286,1.342524879557641,,-0.12960378692996893,-0.40635846475714477,0.08491787512,0.05233371158368399,,5.203858e-05,4.053116e-06,-2.1457672e-06,1.0,-4.8704445e-05,-1.9848347e-05,4.870817e-05,1.0,-3.784895e-06,1.9863248e-05,3.784895e-06,1.0
0.4255095790140331,09:36:07.160462,09:36:00.304039,0,,0.094648644,-0.025612764,0.032282792,-0.750033,0.114872195,-0.65134853,-0.030763656,0.9776771,0.20784831,0.6606846,0.17593099,-0.7297563,,0.022167519,-0.038302355,0.026398152,-0.5210489,-0.25388598,0.8148927,-0.017078608,0.95764595,0.28744167,-0.853356,0.13585389,-0.5033163,,0.20687565,1.3429981,0.55937517,0.9941917,-0.047359508,-0.09664317,-0.08013473,-0.9251734,-0.3709887,-0.07184185,0.37657836,-0.9235949,,-0.051605105,0.13415107,-0.081545435,0.6801004,-0.09974461,0.7263019,0.2420492,0.9656969,-0.09403072,-0.69200844,0.23975113,0.68091387,,0.04650358,0.23941992,-0.3688618,0.6221966,0.20125215,-0.7565507,-0.3772981,0.9238401,-0.0645413,0.6859428,0.3256025,0.65074223,,0.49060205130086043,-0.5906655011521874,0.18295318544000003,0.6590554923718601,-0.571413842019072,0.6378017425141773,1.2642830718793214,,-0.43065819873112976,-0.6024658369840025,0.18018690258000003,2.042589739482752,0.5409439025713787,0.6040576781045021,1.3433415998883125,,-0.12960378692996893,-0.40635846475714477,0.08491787512,0.05233371158368399,,5.203858e-05,4.053116e-06,-2.1457672e-06,1.0,-4.8704445e-05,-1.9848347e-05,4.870817e-05,1.0,-3.784895e-06,1.9863248e-05,3.784895e-06,1.0
0.4459155009826645,09:36:07.177125,09:36:00.304039,0,,0.09464743,-0.025616802,0.032284044,-0.7500304,0.114852384,-0.651355,-0.03077808,0.9776798,0.20783347,0.66068685,0.17592885,-0.7297548,,0.02221182,-0.0383467,0.026560515,-0.513235,-0.25337988,0.819993,-0.016829222,0.95821404,0.28555706,-0.8580832,0.13275796,-0.496053,,0.20687565,1.3429981,0.55937517,0.9941917,-0.047359508,-0.09664317,-0.08013473,-0.9251734,-0.3709887,-0.07184185,0.37657836,-0.9235949,,-0.051604148,0.13414787,-0.081548296,0.6800971,-0.0997246,0.72630775,0.24203688,0.96569866,-0.0940437,-0.69201595,0.23975211,0.68090594,,0.046441276,0.23945515,-0.36902043,0.61501855,0.20111038,-0.7624348,-0.38005692,0.92280406,-0.06316157,0.6908755,0.32861415,0.643975,,0.4905943285679862,-0.5906732238850616,0.18295059286,0.6590554923718601,-0.571413842019072,0.6378017425141773,1.2642830718793214,,-0.43080493065574005,-0.6027901917647199,0.18017264339000003,2.0501385774481946,0.5483222735587124,0.6050654829569837,1.343014911756044,,-0.12960378692996893,-0.40635846475714477,0.08491787512,0.05233371158368399,,5.203858e-05,4.053116e-06,-2.1457672e-06,1.0,-4.8704445e-05,-1.9848347e-05,4.870817e-05,1.0,-3.784895e-06,1.9863248e-05,3.784895e-06,1.0
0.46257765899645165,09:36:07.196274,09:36:00.304039,0,,0.09464994,-0.02562619,0.032287143,-0.7500043,0.11464908,-0.65142083,-0.030925453,0.97770756,0.2076807,0.66070956,0.17590687,-0.7297395,,0.022330552,-0.038431115,0.02689594,-0.4911304,-0.25697866,0.83231777,-0.02462703,0.9592087,0.2816245,-0.8707379,0.117816836,-0.47742513,,0.20687565,1.3429981,0.55937517,0.9941917,-0.047359508,-0.09664317,-0.08013473,-0.9251734,-0.3709887,-0.07184185,0.37657836,-0.9235949,,-0.051607262,0.13414048,-0.0815546,0.68006414,-0.09951933,0.72636676,0.2419105,0.9657173,-0.09417711,-0.69209254,0.23976223,0.6808245,,0.0462853,0.23953171,-0.3693422,0.59492546,0.20647967,-0.7768074,-0.3949367,0.9168267,-0.05876852,0.70006335,0.34175265,0.62699,,0.4905943285679862,-0.5906732238850616,0.18294281512000002,0.6590554923718601,-0.571413842019072,0.6378017425141773,1.2642830718793214,,-0.4311678991008286,-0.6034929604562743,0.18008968083000002,2.057058345583184,0.5710039325197757,0.6020890715700845,1.3433415998883125,,-0.12960378692996893,-0.40635846475714477,0.08491787512,0.05233371158368399,,5.203858e-05,4.053116e-06,-2.1457672e-06,1.0,-4.8704445e-05,-1.9848347e-05,4.870817e-05,1.0,-3.784895e-06,1.9863248e-05,3.784895e-06,1.0
0.48136586701730266,09:36:07.217268,09:36:00.304039,0,,0.09465256,-0.025633007,0.032294743,-0.7499944,0.11460679,-0.65143967,-0.030940026,0.97771806,0.20762932,0.6607202,0.1758764,-0.7297373,,0.02250737,-0.038547285,0.027246177,-0.47438842,-0.25523442,0.84250283,-0.020720392,0.96001875,0.27916852,-0.88007176,0.1149773,-0.4607103,,0.20687565,1.3429981,0.55937517,0.9941917,-0.047359508,-0.09664317,-0.08013473,-0.9251734,-0.3709887,-0.07184185,0.37657836,-0.9235949,,-0.05161084,0.13413723,-0.08156397,0.68005276,-0.09947393,0.7263836,0.2419013,0.96571517,-0.09422316,-0.69210696,0.23978986,0.68080014,,0.04607102,0.23958246,-0.3696871,0.5793292,0.20506987,-0.78887516,-0.3975237,0.9160127,-0.053811412,0.71158457,0.34477112,0.61219305,,0.4905943285679862,-0.5906886693508101,0.18293892625000002,0.6590554923718601,-0.571413842019072,0.6378017425141773,1.2642830718793214,,-0.4316080948746594,-0.6042652337436968,0.17997431102000003,2.0604133846789363,0.5986045054723946,0.6022893447824837,1.3431782558221783,,-0.12960378692996893,-0.40635846475714477,0.08491787512,0.05233371158368399,,5.203858e-05,4.053116e-06,-2.1457672e-06,1.0,-4.8704445e-05,-1.9848347e-05,4.870817e-05,1.0,-3.784895e-06,1.9863248e-05,3.784895e-06,1.0
0.5027142059989274,09:36:07.241902,09:36:00.304039,0,,0.094658926,-0.025645174,0.03230422,-0.74997926,0.11452124,-0.6514722,-0.030985773,0.97773445,0.2075454,0.66073525,0.1758411,-0.7297321,,0.022829384,-0.038766183,0.027769417,-0.45170438,-0.26316205,0.8524723,-0.031776965,0.9596463,0.2794093,-0.8916017,0.09912139,-0.44183874,,0.20687565,1.3429981,0.55937517,0.9941917,-0.047359508,-0.09664317,-0.08013473,-0.9251734,-0.3709887,-0.07184185,0.37657836,-0.9235949,,-0.05161849,0.13412979,-0.08157679,0.6800347,-0.09938484,0.7264127,0.24186519,0.9657169,-0.094297774,-0.6921373,0.2398197,0.6807588,,0.045695115,0.23961343,-0.3702192,0.55863833,0.21489324,-0.80108935,-0.41475973,0.90879536,-0.045446508,0.7182601,0.35764775,0.59681696,,0.49057116036936355,-0.5906963920836843,0.18293503738000003,0.6588458024283755,-0.571413842019072,0.6378017425141773,1.2642830718793214,,-0.4325888819496859,-0.6054236436748305,0.17986023750000002,2.0713172617401314,0.6252486229266555,0.6158480693024044,1.323740311952199,,-0.12960378692996893,-0.40635846475714477,0.08491787512,0.05233371158368399,,5.203858e-05,4.053116e-06,-2.1457672e-06,1.0,-4.8704445e-05,-1.9848347e-05,4.870817e-05,1.0,-3.784895e-06,1.9863248e-05,3.784895e-06,1.0
0.5273143150261603,09:36:07.261783,09:36:00.304039,0,,0.09466388,-0.025646478,0.032304846,-0.74997663,0.11449779,-0.65147936,-0.031002596,0.97773767,0.20752773,0.6607374,0.1758385,-0.7297307,,0.022979826,-0.038864143,0.02815932,-0.4483587,-0.26700932,0.853042,-0.03325379,0.9586639,0.2825917,-0.89323497,0.098335564,-0.4387043,,0.20687565,1.3429981,0.55937517,0.9941917,-0.047359508,-0.09664317,-0.08013473,-0.9251734,-0.3709887,-0.07184185,0.37657836,-0.9235949,,-0.05162352,0.1341288,-0.08157736,0.68003136,-0.09936115,0.72641915,0.2418506,0.96571904,-0.09431336,-0.6921457,0.23982093,0.6807498,,0.045501478,0.23970143,-0.37059203,0.555573,0.21884021,-0.80215186,-0.4171353,0.90790933,-0.04121668,0.7192613,0.35750473,0.5956959,,0.4905634376364893,-0.5907041148165585,0.18293374109000002,0.6588458024283755,-0.571413842019072,0.6378017425141773,1.2642830718793214,,-0.43354650082608975,-0.606304035222492,0.17976560833000002,2.0616715243398436,0.6408251838999157,0.6169501353647674,1.271633554855364,,-0.12960378692996893,-0.40635846475714477,0.08491787512,0.05233371158368399,,5.203858e-05,4.053116e-06,-2.1457672e-06,1.0,-4.8704445e-05,-1.9848347e-05,4.870817e-05,1.0,-3.784895e-06,1.9863248e-05,3.784895e-06,1.0
0.5472401059814729,09:36:07.283854,09:36:00.304039,0,,0.09469259,-0.025653183,0.032318823,-0.749954,0.11437887,-0.6515263,-0.031055868,0.9777633,0.20739903,0.66076064,0.17577343,-0.72972536,,0.023131356,-0.038886257,0.028604746,-0.44218057,-0.27960816,0.85222983,-0.051437944,0.95650893,0.28713244,-0.8954499,0.08312744,-0.43733203,,0.20687565,1.3429981,0.55937517,0.9941917,-0.047359508,-0.09664317,-0.08013473,-0.9251734,-0.3709887,-0.07184185,0.37657836,-0.9235949,,-0.05165367,0.13412794,-0.08158982,0.6800048,-0.09923565,0.7264611,0.24181078,0.96571773,-0.09442883,-0.6921857,0.23987819,0.6806889,,0.04529726,0.23988223,-0.37097606,0.5503606,0.23327991,-0.80167556,-0.4346254,0.8998705,-0.03652225,0.71288425,0.36852896,0.5966427,,0.4905634376364893,-0.5907041148165585,0.18292855593000001,0.6588458024283755,-0.571413842019072,0.6378017425141773,1.2642830718793214,,-0.43475896988734297,-0.6072693768317701,0.17960746095000002,2.059784314848483,0.6449242788928788,0.6227556171496178,1.1785274371588246,,-0.12960378692996893,-0.40635846475714477,0.08491787512,0.05233371158368399,,5.203858e-05,4.053116e-06,-2.1457672e-06,1.0,-4.8704445e-05,-1.9848347e-05,4.870817e-05,1.0,-3.784895e-06,1.9863248e-05,3.784895e-06,1.0
0.5693120310315862,09:36:07.301948,09:36:00.304039,0,,0.09471756,-0.025654547,0.032330915,-0.7499365,0.11430322,-0.6515596,-0.031077892,0.97778296,0.20730291,0.66077936,0.17571312,-0.72972304,,0.02329959,-0.038888603,0.028948039,-0.43831658,-0.29146427,0.8502512,-0.06789568,0.95399714,0.292027,-0.89625263,0.07027191,-0.4379419,,0.20680779,1.3430077,0.5593808,0.99419713,-0.04729714,-0.09661816,-0.08006771,-0.92517656,-0.37099522,-0.07184185,0.37657836,-0.9235949,,-0.051617388,0.13413191,-0.08159732,0.67998743,-0.09922005,0.72647953,0.24184357,0.9657051,-0.094473794,-0.6921913,0.2399354,0.6806631,,0.04515144,0.24003778,-0.37125576,0.547219,0.24664153,-0.79982454,-0.44969103,0.8925957,-0.032417472,0.70592445,0.37741336,0.59935784,,0.4905634376364893,-0.5907041148165585,0.18292596335000003,0.6584264225414065,-0.571413842019072,0.6378017425141773,1.2642830718793214,,-0.4360872799417096,-0.6084046185642811,0.17939227681000003,2.033153692025948,0.6538056513776326,0.6146966660079448,1.0955486515626112,,-0.12960378692996893,-0.40635846475714477,0.08491787512,0.05233371158368399,,-1.6592443e-05,5.9604645e-07,-4.2915344e-06,1.0,1.3556331e-05,5.5357814e-06,-1.3552606e-05,1.0,1.0728836e-06,-5.52088e-06,-1.1026859e-06,1.0
0.5873666690313257,09:36:07.322744,09:36:00.304039,0,,0.09475133,-0.025659978,0.032350034,-0.7499275,0.11432186,-0.65156674,-0.031015128,0.9777945,0.20725794,0.6607926,0.17563689,-0.72972935,,0.023550645,-0.038873926,0.029240638,-0.43041754,-0.3099736,0.8477365,-0.09606448,0.949582,0.29843885,-0.89750344,0.047015905,-0.43849412,,0.20680779,1.3430077,0.5593808,0.99419713,-0.04729714,-0.09661816,-0.08006771,-0.92517656,-0.37099522,-0.07184185,0.37657836,-0.9235949,,-0.05165303,0.13413422,-0.08161343,0.67997915,-0.09923073,0.7264858,0.24190632,0.9656851,-0.0945175,-0.6921775,0.24001144,0.6806503,,0.044865973,0.24016829,-0.37148014,0.5405364,0.26801208,-0.79748976,-0.47558722,0.8792584,-0.026859675,0.6940009,0.39379457,0.60273427,,0.49057116036936355,-0.5907041148165585,0.1829194819,0.6582167325979219,-0.571413842019072,0.6378017425141773,1.2642830718793214,,-0.4375700446535607,-0.6098333241460127,0.1791991296,2.0094587284121967,0.6628236603621516,0.6044026497189205,1.0970187481578195,,-0.12960378692996893,-0.40635846475714477,0.08491787512,0.05233371158368399,,-1.6592443e-05,5.9604645e-07,-4.2915344e-06,1.0,1.3556331e-05,5.5357814e-06,-1.3552606e-05,1.0,1.0728836e-06,-5.52088e-06,-1.1026859e-06,1.0
0.6081504790345207,09:36:07.345023,09:36:00.304039,0,,0.09478247,-0.0256586,0.032361522,-0.7499101,0.11424256,-0.6516008,-0.03103958,0.97781473,0.20715904,0.6608112,0.17557609,-0.72972715,,0.02375342,-0.038849562,0.029451907,-0.41902903,-0.32554376,0.84760606,-0.11989701,0.945179,0.30374584,-0.9000219,0.025652885,-0.43508914,,0.20680779,1.3430077,0.5593808,0.99419713,-0.04729714,-0.09661816,-0.08006771,-0.92517656,-0.37099522,-0.07184185,0.37657836,-0.9235949,,-0.05168509,0.13413978,-0.08162015,0.6799592,-0.09914523,0.7265162,0.24189115,0.9656802,-0.09460701,-0.6922024,0.24006674,0.6806055,,0.04463806,0.24027254,-0.37163347,0.5303951,0.28623465,-0.79796666,-0.49862415,0.86657387,-0.020582732,0.6856056,0.40880242,0.60235006,,0.4905402694378666,-0.5907118375494328,0.18291170416000002,0.6582167325979219,-0.571413842019072,0.6378017425141773,1.2642830718793214,,-0.43896013657092114,-0.6112311387962472,0.17907857463000001,1.9845056251375386,0.6734813073438559,0.594731908348913,1.0988155328852964,,-0.12960378692996893,-0.40635846475714477,0.08491787512,0.05233371158368399,,-1.6592443e-05,5.9604645e-07,-4.2915344e-06,1.0,1.3556331e-05,5.5357814e-06,-1.3552606e-05,1.0,1.0728836e-06,-5.52088e-06,-1.1026859e-06,1.0
