Task Time,PC1 Time,PC2 Time,Gaze Calib,s_T_psm1,Tx,Ty,Tz,R00,R01,R02,R10,R11,R12,R20,R21,R22,s_T_psm3,Tx,Ty,Tz,R00,R01,R02,R10,R11,R12,R20,R21,R22,cart_T_ecm,Tx,Ty,Tz,R00,R01,R02,R10,R11,R12,R20,R21,R22,ecm_T_psm1,Tx,Ty,Tz,R00,R01,R02,R10,R11,R12,R20,R21,R22,ecm_T_psm3,Tx,Ty,Tz,R00,R01,R02,R10,R11,R12,R20,R21,R22,psm1_joints,q1,q2,q3,q4,q5,q6,jaw,psm3_joints,q1,q2,q3,q4,q5,q6,jaw,ecm_joints,q1,q2,q3,q4,ecmi_T_ecm,Tx,Ty,Tz,R00,R01,R02,R10,R11,R12,R20,R21,R22,Sample #,Task Duration (s),Collisions (binary),Collisions (increments),Cumulative Collision Time (s),Clutch Press,MTMR Angle,MTML Angle
""
lci_T_si,,,,,-0.05509644,0.014836536,0.20329654,0.97799796,-0.10343062,0.18116859,0.031866997,-0.78417623,-0.6197194,0.20616606,0.61185765,-0.76362675
rci_T_si,,,,,-0.06411915,0.018600209,0.2114436,0.9733347,-0.124126814,0.19290416,0.02867328,-0.7685155,-0.63918835,0.22759025,0.6276754,-0.74446374
ecm_T_lc,,,,,-4.4061628e-05,-0.00034663224,-0.01840835,-0.99912,0.030754527,0.028518902,-0.031987965,-0.99852574,-0.043852776,0.027128186,-0.04472645,0.9986309
ecm_T_rc,,,,,-0.0043358393,0.01870579,-0.007592615,-0.99555075,-0.052743673,-0.078081585,0.04863213,-0.9973746,0.053654674,-0.08070653,0.04961868,0.9955021
cart_T_ecmi,,,,,0.09844024,1.2953911,0.42710486,0.98261136,0.0074690743,-0.185524,-0.10493582,-0.8019738,-0.58807015,-0.15317772,0.5973125,-0.7872448
ecmac_T_ecmrep_psm1,,,,,0.044880565,-0.23049864,-0.32052848,0.99797076,0.0626086,0.011601057,-0.061749555,0.99606305,-0.0636032,-0.015537491,0.06275777,0.9979078
ecmac_T_ecmrep_psm3,,,,,0.047327206,-0.4153428,-0.56493527,0.997773,0.014750276,0.065049894,-0.025394045,0.985803,0.16597453,-0.061678212,-0.16725679,0.9839822
""
0,17:02:56.543623,17:01:40.726163,0,,0.12241944,0.0030727386,0.029593125,-0.9143611,0.21679027,-0.34197307,-0.19899452,0.49494356,0.8458321,0.3526256,0.8414468,-0.40941712,,0.018250458,-0.039657682,0.061582386,0.4573669,-0.6853537,0.56666195,-0.5484062,0.284248,0.78641814,-0.70004714,-0.6704427,-0.24584681,,0.09840039,1.2953986,0.42710134,0.9826194,0.00753063,-0.18547887,-0.104860395,-0.8019732,-0.5880844,-0.15317772,0.5973125,-0.7872448,,-0.12755948,0.25059086,-0.11826677,0.8034609,-0.29033697,0.51976436,0.055755228,0.90588635,0.41983476,-0.592741,-0.30834123,0.7440321,,-0.058433864,0.4009318,-0.43109652,-0.3767732,0.8051802,-0.4579594,-0.92203563,-0.27858073,0.26878068,0.08883822,0.5235242,0.8473666,,1.0428237882051583,0.5823095041822764,0.21596969174000002,1.1304384853250709,-0.6111750634508152,0.34473457302969546,-0.42518460414752884,,-1.3750480337214224,0.12784211999991255,0.12952400051000001,0.14175040179553847,0.42712569826676683,-0.37099905671408967,0.7755576260055579,,-0.11698505643804993,-0.12851077448590748,0.09694439508,-0.1167695939710949,,-3.939867e-05,-8.34465e-06,5.722046e-06,1.0,6.043166e-05,4.5835972e-05,-6.042421e-05,1.0,1.1742115e-05,-4.5850873e-05,-1.1771917e-05,1.0,37,0.112,1,1,0.088,False,-0.2616653671792948,0.9509750975678524
0.13451961800456047,17:02:56.570693,17:01:40.799215,0,,0.12227348,0.0032006055,0.029820606,-0.9131531,0.21340042,-0.3472917,-0.20591246,0.49380153,0.84484315,0.35178322,0.8429829,-0.4069747,,0.018249981,-0.039657027,0.061582625,0.45720384,-0.68530047,0.56685793,-0.54840463,0.28454,0.78631365,-0.7001549,-0.67037326,-0.24572939,,0.09840039,1.2953986,0.42710134,0.9826194,0.00753063,-0.18547887,-0.104860395,-0.8019732,-0.5880844,-0.15317772,0.5973125,-0.7872448,,-0.12743926,0.25083068,-0.1183988,0.8014879,-0.28745303,0.5243929,0.049761966,0.90591234,0.42053133,-0.595937,-0.31095594,0.740382,,-0.058433384,0.40093243,-0.43109626,-0.37659505,0.80513847,-0.45817924,-0.9221044,-0.27834544,0.2687886,0.08887995,0.5237135,0.8472452,,1.044090316396531,0.5832130639285608,0.21587246999,1.123728407133566,-0.614864248944482,0.3475794989492177,-0.4248579160152603,,-1.375040310988548,0.12784984273278677,0.12952400051000001,0.141960091739023,0.42712569826676683,-0.37116241419437074,0.7758843141378264,,-0.11698505643804993,-0.12851077448590748,0.09694439508,-0.1167695939710949,,-3.939867e-05,-8.34465e-06,5.722046e-06,1.0,6.043166e-05,4.5835972e-05,-6.042421e-05,1.0,1.1742115e-05,-4.5850873e-05,-1.1771917e-05,1.0,45,0.137,1,1,0.113,False,-0.2618441003348577,0.9499129331507041
0.16158021986484528,17:02:56.606074,17:01:40.799215,0,,0.12219058,0.0031818748,0.029875591,-0.9126326,0.21087787,-0.35018876,-0.20829363,0.49721628,0.8422527,0.35173213,0.8416094,-0.40985137,,0.018249568,-0.03965625,0.061583042,0.45720556,-0.68530256,0.56685406,-0.54839826,0.28454098,0.78631777,-0.7001587,-0.6703708,-0.24572518,,0.09840039,1.2953986,0.42710134,0.9826194,0.00753063,-0.18547887,-0.104860395,-0.8019732,-0.5880844,-0.15317772,0.5973125,-0.7872448,,-0.1273705,0.25084922,-0.11847074,0.80066514,-0.28428942,0.527366,0.047844954,0.9077756,0.41671854,-0.59719867,-0.3084202,0.74042606,,-0.058432985,0.40093324,-0.43109596,-0.37659568,0.80514014,-0.4581758,-0.9221034,-0.27834275,0.26879475,0.08888752,0.5237124,0.84724516,,1.0444764530402422,0.5831976184628123,0.21581154436000002,1.1214218177552364,-0.6162306139421364,0.34436470475873215,-0.42502126008139457,,-1.375040310988548,0.127857565465661,0.12952400051000001,0.141960091739023,0.42712569826676683,-0.37116241419437074,0.7758843141378264,,-0.11698505643804993,-0.12851077448590748,0.09694439508,-0.1167695939710949,,-3.939867e-05,-8.34465e-06,5.722046e-06,1.0,6.043166e-05,4.5835972e-05,-6.042421e-05,1.0,1.1742115e-05,-4.5850873e-05,-1.1771917e-05,1.0,62,0.189,1,1,0.165,False,-0.2629164992682367,0.9502508945561605
0.1969535939861089,17:02:56.648577,17:01:40.799215,0,,0.122112684,0.002987437,0.02989532,-0.9107505,0.20984581,-0.35566583,-0.21115214,0.50352657,0.83778024,0.35489196,0.8381085,-0.41427767,,0.018248986,-0.03965974,0.061579883,0.4571874,-0.68526375,0.5669155,-0.54842675,0.2845916,0.7862796,-0.70014834,-0.67038894,-0.24570549,,0.09840039,1.2953986,0.42710134,0.9826194,0.00753063,-0.18547887,-0.104860395,-0.8019732,-0.5880844,-0.15317772,0.5973125,-0.7872448,,-0.1273244,0.25070703,-0.118618794,0.7978914,-0.2818159,0.53286874,0.047511,0.9106381,0.4104644,-0.600926,-0.30218887,0.7399796,,-0.058432158,0.40092868,-0.43109676,-0.37658167,0.8051088,-0.45824236,-0.92211217,-0.27832744,0.26878065,0.08885624,0.5237687,0.8472136,,1.044121207328028,0.5825566316342516,0.21567543391000002,1.1212121278117517,-0.6208762549341614,0.33753467726613723,-0.4256746363459317,,-1.3750171427899256,0.12782667453416408,0.12952400051000001,0.141960091739023,0.42712569826676683,-0.37124409293451127,0.7757209700716922,,-0.11698505643804993,-0.12851077448590748,0.09694439508,-0.1167695939710949,,-3.939867e-05,-8.34465e-06,5.722046e-06,1.0,6.043166e-05,4.5835972e-05,-6.042421e-05,1.0,1.1742115e-05,-4.5850873e-05,-1.1771917e-05,1.0,70,0.214,1,1,0.19,False,-0.26255903295711036,0.9500577737530425
0.2394548850134015,17:02:56.676401,17:01:40.799215,0,,0.12205068,0.002785474,0.02987744,-0.9095162,0.20979846,-0.35883826,-0.21294257,0.50622624,0.83569753,0.35698146,0.83649236,-0.41574597,,0.018246118,-0.039659113,0.06158042,0.4571835,-0.68523186,0.5669571,-0.54841596,0.2846512,0.78626555,-0.7001593,-0.6703961,-0.2456545,,0.09840039,1.2953986,0.42710134,0.9826194,0.00753063,-0.18547887,-0.104860395,-0.8019732,-0.5880844,-0.15317772,0.5973125,-0.7872448,,-0.12728831,0.250536,-0.11873878,0.7960808,-0.2811216,0.5359347,0.0473692,0.9117913,0.4079126,-0.60333365,-0.2993446,0.7391761,,-0.058429386,0.40092972,-0.43109712,-0.3765752,0.80508316,-0.4582927,-0.9221134,-0.2782974,0.26880747,0.08887072,0.52382404,0.84717786,,1.0437350706843167,0.5818693084084456,0.21557302700000003,1.1210024378682673,-0.6238822579290011,0.335983612880571,-0.4251846041475289,,-1.375001697324177,0.12784211999991255,0.12952270422,0.141960091739023,0.42712569826676683,-0.37132577167465186,0.7755576260055579,,-0.11698505643804993,-0.12851077448590748,0.09694439508,-0.1167695939710949,,-3.939867e-05,-8.34465e-06,5.722046e-06,1.0,6.043166e-05,4.5835972e-05,-6.042421e-05,1.0,1.1742115e-05,-4.5850873e-05,-1.1771917e-05,1.0,78,0.239,1,1,0.215,False,-0.26327396557936344,0.9504440153592784
0.2672944099176675,17:02:56.702001,17:01:40.799215,0,,0.12199783,0.0026578754,0.029870525,-0.9094564,0.20851514,-0.35973674,-0.21357603,0.50805056,0.8344278,0.35675535,0.8357069,-0.417516,,0.018242601,-0.03965828,0.06157708,0.45716673,-0.68526006,0.5669367,-0.54841447,0.2846359,0.78627205,-0.70017135,-0.67037386,-0.24568075,,0.09840039,1.2953986,0.42710134,0.9826194,0.00753063,-0.18547887,-0.104860395,-0.8019732,-0.5880844,-0.15317772,0.5973125,-0.7872448,,-0.12725292,0.25043058,-0.118820995,0.79597557,-0.27948523,0.53694594,0.04672944,0.91275537,0.4058251,-0.60352236,-0.2979357,0.7395911,,-0.058425315,0.40092796,-0.43109497,-0.3765566,0.80510604,-0.45826778,-0.9221204,-0.27828792,0.26879317,0.088876635,0.52379394,0.84719586,,1.0436269524240775,0.5813827762373696,0.21548876815,1.1199539881508445,-0.6240188944287666,0.33470649220187776,-0.4256746363459317,,-1.374963083659806,0.12784984273278677,0.12952400051000001,0.141960091739023,0.42712569826676683,-0.37132577167465186,0.7755576260055579,,-0.11698505643804993,-0.12851077448590748,0.09694439508,-0.1167695939710949,,-3.939867e-05,-8.34465e-06,5.722046e-06,1.0,6.043166e-05,4.5835972e-05,-6.042421e-05,1.0,1.1742115e-05,-4.5850873e-05,-1.1771917e-05,1.0,91,0.279,1,1,0.255,False,-0.2626186106756321,0.9505405757608372
0.2928999059367925,17:02:56.743851,17:01:40.938834,0,,0.12187973,0.0025467798,0.029956952,-0.9086894,0.20761341,-0.3621881,-0.21528605,0.51027554,0.8326287,0.35768074,0.834575,-0.41898578,,0.0182412,-0.039660215,0.061574697,0.45715207,-0.6852716,0.56693447,-0.5484302,0.28462422,0.7862654,-0.7001686,-0.67036694,-0.24570742,,0.09840039,1.2953986,0.42710134,0.9826194,0.00753063,-0.18547887,-0.104860395,-0.8019732,-0.5880844,-0.15317772,0.5973125,-0.7872448,,-0.12716787,0.25039506,-0.11897992,0.7948341,-0.27810633,0.53934747,0.045940384,0.9138263,0.40349847,-0.6050854,-0.2959365,0.73911655,,-0.05842369,0.40092498,-0.43109518,-0.37654382,0.80511546,-0.45826173,-0.9221272,-0.27828917,0.26876864,0.0888605,0.5237788,0.84720695,,1.0439281390061723,0.581089312388149,0.21534099109000002,1.1189055384334219,-0.6256585324259518,0.33269467870047187,-0.4251846041475289,,-1.3749399154611832,0.1278343972670383,0.12952400051000001,0.141960091739023,0.42712569826676683,-0.37132577167465186,0.7755576260055579,,-0.11698505643804993,-0.12851077448590748,0.09694439508,-0.1167695939710949,,-3.939867e-05,-8.34465e-06,5.722046e-06,1.0,6.043166e-05,4.5835972e-05,-6.042421e-05,1.0,1.1742115e-05,-4.5850873e-05,-1.1771917e-05,1.0,99,0.304,1,1,0.28,False,-0.2622611443645053,0.9505405757608372
0.33474831795319915,17:02:56.763725,17:01:40.938834,0,,0.12179134,0.0025006235,0.030024722,-0.9080509,0.20746276,-0.36387187,-0.21612787,0.51206774,0.8313094,0.35879284,0.83351415,-0.42014512,,0.018240798,-0.03965944,0.061575055,0.4571538,-0.6852737,0.5669306,-0.5484238,0.28462517,0.7862694,-0.70017254,-0.67036444,-0.24570316,,0.09840039,1.2953986,0.42710134,0.9826194,0.00753063,-0.18547887,-0.104860395,-0.8019732,-0.5880844,-0.15317772,0.5973125,-0.7872448,,-0.12709971,0.25039965,-0.11907927,0.7939035,-0.27753118,0.5410117,0.04595294,0.9145989,0.40174273,-0.6063048,-0.29408386,0.7388566,,-0.058423292,0.4009258,-0.43109488,-0.37654445,0.80511713,-0.45825833,-0.92212623,-0.2782865,0.26877478,0.08886807,0.52377766,0.84720683,,1.0442524937868898,0.5809657486621614,0.21525154708000002,1.1189055384334219,-0.6268882609238408,0.33059364770839816,-0.4251846041475289,,-1.3749476381940575,0.12784211999991255,0.12952400051000001,0.141960091739023,0.42712569826676683,-0.37132577167465186,0.7755576260055579,,-0.11698505643804993,-0.12851077448590748,0.09694439508,-0.1167695939710949,,-3.939867e-05,-8.34465e-06,5.722046e-06,1.0,6.043166e-05,4.5835972e-05,-6.042421e-05,1.0,1.1742115e-05,-4.5850873e-05,-1.1771917e-05,1.0,116,0.357,1,1,0.333,False,-0.2636314318904893,0.9498646529499246
0.3546192778740078,17:02:56.810139,17:01:40.938834,0,,0.12154489,0.0023919046,0.03024064,-0.9071772,0.20775992,-0.36587596,-0.21636128,0.5154507,0.8291552,0.36085635,0.8313522,-0.42265397,,0.018241938,-0.039660066,0.061575294,0.45715576,-0.68526644,0.5669378,-0.5484292,0.28462744,0.7862649,-0.700167,-0.67037094,-0.24570131,,0.09840039,1.2953986,0.42710134,0.9826194,0.00753063,-0.18547887,-0.104860395,-0.8019732,-0.5880844,-0.15317772,0.5973125,-0.7872448,,-0.12691166,0.25044477,-0.11936524,0.792661,-0.27698505,0.54310936,0.047028396,0.91596115,0.3985016,-0.6078461,-0.29033512,0.73907286,,-0.0584245,0.40092546,-0.43109533,-0.37654766,0.8051112,-0.45826605,-0.9221256,-0.27829054,0.26877272,0.088860825,0.5237846,0.8472033,,1.045325953656407,0.5806954530115636,0.21498191876000003,1.1199539881508445,-0.6278447164221989,0.3259010974448555,-0.42600132447820027,,-1.3749476381940575,0.1278343972670383,0.12952400051000001,0.141960091739023,0.42712569826676683,-0.37132577167465186,0.7755576260055579,,-0.11698505643804993,-0.12851077448590748,0.09694439508,-0.1167695939710949,,-3.939867e-05,-8.34465e-06,5.722046e-06,1.0,6.043166e-05,4.5835972e-05,-6.042421e-05,1.0,1.1742115e-05,-4.5850873e-05,-1.1771917e-05,1.0,120,0.369,1,1,0.345,False,-0.26148663402373185,0.9505405757608372
0.4010389749892056,17:02:56.842816,17:01:41.061252,0,,0.12128363,0.0023110807,0.030421987,-0.90683025,0.20770082,-0.3667685,-0.21557339,0.5191945,0.82702184,0.36219743,0.82903403,-0.42604658,,0.018240128,-0.03965944,0.06157458,0.45731497,-0.6852416,0.5668394,-0.54841995,0.28445932,0.78633213,-0.7000703,-0.6704676,-0.24571297,,0.09840039,1.2953986,0.42710134,0.9826194,0.00753063,-0.18547887,-0.104860395,-0.8019732,-0.5880844,-0.15317772,0.5973125,-0.7872448,,-0.12669934,0.25049087,-0.11961113,0.79219675,-0.27601522,0.5442792,0.04847142,0.91751343,0.39474,-0.60833776,-0.28632975,0.74023,,-0.05842257,0.40092552,-0.43109474,-0.37671936,0.80508995,-0.4581623,-0.9220581,-0.27847382,0.26881444,0.08883359,0.52371985,0.84724617,,1.0465693136491572,0.580332484566475,0.21474599398000002,1.1212121278117517,-0.6272981704231372,0.3205547014216362,-0.4250212600813946,,-1.3749399154611832,0.12784211999991255,0.12952400051000001,0.14175040179553847,0.42712569826676683,-0.37132577167465186,0.7755576260055579,,-0.11698505643804993,-0.12851077448590748,0.09694439508,-0.1167695939710949,,-3.939867e-05,-8.34465e-06,5.722046e-06,1.0,6.043166e-05,4.5835972e-05,-6.042421e-05,1.0,1.1742115e-05,-4.5850873e-05,-1.1771917e-05,1.0,137,0.423,1,1,0.399,False,-0.2623802998015474,0.9503474549577193
0.43370914785191417,17:02:56.880105,17:01:41.061252,0,,0.12085987,0.0022808388,0.030630186,-0.9053525,0.2109294,-0.36857224,-0.2156207,0.5193904,0.8268865,0.36584765,0.8280957,-0.4247507,,0.018241122,-0.039658546,0.06157595,0.45715928,-0.6852706,0.56693006,-0.5484165,0.28462937,0.7862731,-0.7001747,-0.6703659,-0.24569291,,0.09840039,1.2953986,0.42710134,0.9826194,0.00753063,-0.18547887,-0.104860395,-0.8019732,-0.5880844,-0.15317772,0.5973125,-0.7872448,,-0.12632632,0.25059313,-0.1198836,0.7901147,-0.27897447,0.54579484,0.0506634,0.9171021,0.39541999,-0.6108617,-0.28477532,0.7387496,,-0.0584237,0.40092704,-0.4310947,-0.37654892,0.80511457,-0.4582592,-0.9221236,-0.27828518,0.268785,0.088875964,0.5237823,0.84720314,,1.048700787922443,0.5797996159981536,0.21450358775000003,1.123309027246597,-0.6285278989210261,0.3190254216105465,-0.4245312278829918,,-1.3749476381940575,0.12784984273278677,0.12952400051000001,0.141960091739023,0.42712569826676683,-0.37132577167465186,0.7755576260055579,,-0.11698505643804993,-0.12851077448590748,0.09694439508,-0.1167695939710949,,-3.939867e-05,-8.34465e-06,5.722046e-06,1.0,6.043166e-05,4.5835972e-05,-6.042421e-05,1.0,1.1742115e-05,-4.5850873e-05,-1.1771917e-05,1.0,145,0.448,1,1,0.424,False,-0.26178452261633733,0.950202614355381
0.4710051480215043,17:02:56.905682,17:01:41.061252,0,,0.120454125,0.002318576,0.030801997,-0.90454674,0.21125564,-0.3703596,-0.21603334,0.5217945,0.82526356,0.36759326,0.8264996,-0.42634928,,0.0182417,-0.03965786,0.061575055,0.45715928,-0.68531686,0.5668741,-0.5484165,0.28456515,0.78629637,-0.7001747,-0.6703459,-0.24574769,,0.09840039,1.2953986,0.42710134,0.9826194,0.00753063,-0.18547887,-0.104860395,-0.8019732,-0.5880844,-0.15317772,0.5973125,-0.7872448,,-0.12595531,0.25072712,-0.12008354,0.7889693,-0.27868822,0.5475951,0.05140278,0.918034,0.39315554,-0.61227876,-0.28203973,0.73862594,,-0.058424063,0.40092674,-0.4310935,-0.37654892,0.805152,-0.45819342,-0.9221236,-0.27830714,0.26876226,0.088875964,0.5237131,0.84724593,,1.0509789941203393,0.5794134793544423,0.2143285886,1.1235187171900813,-0.6283912624212606,0.3152384604005248,-0.4240411956845889,,-1.3749476381940575,0.12784984273278677,0.12952529680000002,0.141960091739023,0.42712569826676683,-0.37124409293451127,0.7757209700716922,,-0.11698505643804993,-0.12851077448590748,0.09694439508,-0.1167695939710949,,-3.939867e-05,-8.34465e-06,5.722046e-06,1.0,6.043166e-05,4.5835972e-05,-6.042421e-05,1.0,1.1742115e-05,-4.5850873e-05,-1.1771917e-05,1.0,158,0.488,0,1,0.452,False,-0.2616653671792948,0.9502991747569398
0.49655857984907925,17:02:56.945725,17:01:41.061252,0,,0.11982385,0.0024895594,0.03102003,-0.90297276,0.21362098,-0.3728351,-0.21543625,0.5256703,0.8229568,0.37178928,0.82342994,-0.4286443,,0.018242106,-0.039658606,0.061574697,0.45715752,-0.68531483,0.56687796,-0.5484229,0.2845642,0.7862922,-0.7001709,-0.67034835,-0.24575186,,0.09840039,1.2953986,0.42710134,0.9826194,0.00753063,-0.18547887,-0.104860395,-0.8019732,-0.5880844,-0.15317772,0.5973125,-0.7872448,,-0.12535521,0.25099444,-0.120289505,0.7867862,-0.2799345,0.55009466,0.054438483,0.91923684,0.38992316,-0.61482024,-0.27683985,0.7384821,,-0.05842446,0.40092593,-0.4310938,-0.3765483,0.80515033,-0.45819685,-0.9221246,-0.27830982,0.26875612,0.088868394,0.52371424,0.847246,,1.054747687762961,0.5789269471833661,0.21416784864000002,1.1262446864553803,-0.6283912624212606,0.3080507312681554,-0.424694571949126,,-1.3749476381940575,0.12784211999991255,0.12952529680000002,0.141960091739023,0.42712569826676683,-0.37124409293451127,0.7757209700716922,,-0.11698505643804993,-0.12851077448590748,0.09694439508,-0.1167695939710949,,-3.939867e-05,-8.34465e-06,5.722046e-06,1.0,6.043166e-05,4.5835972e-05,-6.042421e-05,1.0,1.1742115e-05,-4.5850873e-05,-1.1771917e-05,1.0,166,0.513,1,2,0.453,False,-0.262797343831195,0.9497198123475863
0.5366166429594159,17:02:56.977373,17:01:41.198347,0,,0.119324386,0.0026474819,0.03114684,-0.90142196,0.21481892,-0.37588727,-0.21709067,0.5269027,0.821733,0.37457988,0.8223298,-0.42832655,,0.018240958,-0.03965798,0.06157446,0.4571556,-0.68532205,0.56687075,-0.5484175,0.2845619,0.7862968,-0.70017636,-0.67034197,-0.2457537,,0.09840039,1.2953986,0.42710134,0.9826194,0.00753063,-0.18547887,-0.104860395,-0.8019732,-0.5880844,-0.15317772,0.5973125,-0.7872448,,-0.12486862,0.25119603,-0.12040388,0.78456354,-0.28074405,0.5528497,0.054832753,0.9195445,0.38914168,-0.61761916,-0.2749921,0.73683506,,-0.058423255,0.4009263,-0.4310934,-0.37654507,0.80515623,-0.45818913,-0.9221252,-0.27830577,0.26875818,0.08887564,0.52370733,0.8472495,,1.0577363853852857,0.5785330878067807,0.21409655269000002,1.1260349965118959,-0.6294843544193841,0.3055932461519637,-0.42551129227979745,,-1.3749399154611832,0.12784984273278677,0.12952529680000002,0.141960091739023,0.42712569826676683,-0.37124409293451127,0.7757209700716922,,-0.11698505643804993,-0.12851077448590748,0.09694439508,-0.1167695939710949,,-3.939867e-05,-8.34465e-06,5.722046e-06,1.0,6.043166e-05,4.5835972e-05,-6.042421e-05,1.0,1.1742115e-05,-4.5850873e-05,-1.1771917e-05,1.0,179,0.554,1,2,0.493,False,-0.2623802998015474,0.949768092548366
0.5682691908441484,17:02:57.011236,17:01:41.198347,0,,0.118902706,0.0027734563,0.031217143,-0.9007896,0.21163258,-0.37919593,-0.22107348,0.52809787,0.8199019,0.3737706,0.8223893,-0.42891884,,0.018242106,-0.039658606,0.061574697,0.45715752,-0.68508327,0.56715775,-0.5484229,0.28488526,0.78617597,-0.7001709,-0.67044866,-0.2454781,,0.09840039,1.2953986,0.42710134,0.9826194,0.00753063,-0.18547887,-0.104860395,-0.8019732,-0.5880844,-0.15317772,0.5973125,-0.7872448,,-0.12445241,0.25133795,-0.12047637,0.7835456,-0.277484,0.5559306,0.05118431,0.92052203,0.38732335,-0.6192224,-0.27503058,0.7354739,,-0.05842446,0.40092593,-0.4310938,-0.3765483,0.8049631,-0.45852563,-0.9221246,-0.27820003,0.26886976,0.088868394,0.5240602,0.84703207,,1.060292609966654,0.5781701193616922,0.21405636770000003,1.1207927479247826,-0.6296209909191496,0.3052145916148167,-0.42518460414752884,,-1.3749476381940575,0.12784211999991255,0.12952529680000002,0.141960091739023,0.42712569826676683,-0.37165248663521405,0.7752309378732893,,-0.11698505643804993,-0.12851077448590748,0.09694439508,-0.1167695939710949,,-3.939867e-05,-8.34465e-06,5.722046e-06,1.0,6.043166e-05,4.5835972e-05,-6.042421e-05,1.0,1.1742115e-05,-4.5850873e-05,-1.1771917e-05,1.0,187,0.578,1,2,0.517,False,-0.2616653671792948,0.9496232519460277
0.6021371418610215,17:02:57.041520,17:01:41.198347,0,,0.11856489,0.0028290376,0.0312462,-0.90119404,0.20166184,-0.38364273,-0.22924024,0.52943295,0.8167922,0.36782902,0.8240347,-0.43089297,,0.018244084,-0.039659142,0.061574757,0.4569619,-0.68515056,0.56723416,-0.5485399,0.28493956,0.7860746,-0.7002069,-0.67035687,-0.24562609,,0.09840039,1.2953986,0.42710134,0.9826194,0.00753063,-0.18547887,-0.104860395,-0.8019732,-0.5880844,-0.15317772,0.5973125,-0.7872448,,-0.124120414,0.2513991,-0.12054034,0.7838615,-0.26786342,0.56018776,0.041087892,0.92256534,0.38364688,-0.6195748,-0.2777091,0.7341694,,-0.058426462,0.40092552,-0.43109396,-0.37635878,0.8050184,-0.45858416,-0.9222115,-0.27808976,0.2686857,0.088769384,0.52403384,0.8470588,,1.0623314114454494,0.5778612100467232,0.21401229384000003,1.1075822814852576,-0.6289378084203223,0.307761294221676,-0.42518460414752884,,-1.3749553609269316,0.12784211999991255,0.12952529680000002,0.14216978168250752,0.4269890617670014,-0.37154106873151765,0.7752309378732893,,-0.11698505643804993,-0.12851077448590748,0.09694439508,-0.1167695939710949,,-3.939867e-05,-8.34465e-06,5.722046e-06,1.0,6.043166e-05,4.5835972e-05,-6.042421e-05,1.0,1.1742115e-05,-4.5850873e-05,-1.1771917e-05,1.0,200,0.619,1,2,0.558,False,-0.26190367805337944,0.9493335707413508
0.6324121858924627,17:02:57.077678,17:01:41.198347,0,,0.11818191,0.002838038,0.031209663,-0.90245867,0.1869393,-0.3881005,-0.2407156,0.5283079,0.8142153,0.3572455,0.8282175,-0.43177697,,0.018243916,-0.039658606,0.061573267,0.45695817,-0.6851558,0.5672308,-0.54854095,0.28493628,0.7860751,-0.70020854,-0.6703528,-0.2456322,,0.09840039,1.2953986,0.42710134,0.9826194,0.00753063,-0.18547887,-0.104860395,-0.8019732,-0.5880844,-0.15317772,0.5973125,-0.7872448,,-0.1237393,0.25138324,-0.12059126,0.785373,-0.2543839,0.5643387,0.025536543,0.92419857,0.38105756,-0.61849594,-0.28486103,0.73233664,,-0.058426015,0.40092474,-0.43109265,-0.37635493,0.80502266,-0.45857987,-0.92221314,-0.2780884,0.26868162,0.08876905,0.524028,0.8470624,,1.0645478357803517,0.577235668683911,0.21397210885,1.087242356967259,-0.6264783514245444,0.31580225699242953,-0.4256746363459317,,-1.3749476381940575,0.12784211999991255,0.12952659309,0.14216978168250752,0.4269890617670014,-0.37154106873151765,0.7752309378732893,,-0.11698505643804993,-0.12851077448590748,0.09694439508,-0.1167695939710949,,-3.939867e-05,-8.34465e-06,5.722046e-06,1.0,6.043166e-05,4.5835972e-05,-6.042421e-05,1.0,1.1742115e-05,-4.5850873e-05,-1.1771917e-05,1.0,208,0.644,1,2,0.583,False,-0.2636314318904893,0.9498163727491455
0.6685791099444032,17:02:57.110548,17:01:41.321779,0,,0.11787716,0.0028799102,0.031179443,-0.90456784,0.1816891,-0.38567606,-0.241168,0.5279169,0.8143351,0.35156083,0.8296342,-0.43371913,,0.018243179,-0.039658725,0.06157279,0.45695442,-0.685161,0.5672275,-0.54854196,0.284933,0.7860756,-0.70021015,-0.6703489,-0.24563831,,0.09840039,1.2953986,0.42710134,0.9826194,0.00753063,-0.18547887,-0.104860395,-0.8019732,-0.5880844,-0.15317772,0.5973125,-0.7872448,,-0.123431124,0.25139743,-0.12061025,0.7883565,-0.24956253,0.56232786,0.021706339,0.92474324,0.37997216,-0.6148357,-0.28734744,0.7344444,,-0.058425207,0.4009243,-0.43109253,-0.37635106,0.8050269,-0.45857558,-0.92221475,-0.27808705,0.26867753,0.08876871,0.5240222,0.847066,,1.0664244598687884,0.5765251772594823,0.21394229418000002,1.0811613486062075,-0.6203297089350996,0.31756778675775726,-0.4264913566766031,,-1.3749399154611832,0.12784211999991255,0.12952659309,0.14216978168250752,0.4269890617670014,-0.37154106873151765,0.7752309378732893,,-0.11698505643804993,-0.12851077448590748,0.09694439508,-0.1167695939710949,,-3.939867e-05,-8.34465e-06,5.722046e-06,1.0,6.043166e-05,4.5835972e-05,-6.042421e-05,1.0,1.1742115e-05,-4.5850873e-05,-1.1771917e-05,1.0,221,0.685,1,2,0.624,False,-0.26196325577190027,0.9497198123475863
0.7014485159888864,17:02:57.144722,17:01:41.321779,0,,0.11746163,0.0029168501,0.031136617,-0.90516955,0.17704803,-0.38642204,-0.24329624,0.52964747,0.8125764,0.34853262,0.82953453,-0.4363457,,0.018244661,-0.03965646,0.061571777,0.4569599,-0.6851578,0.56722695,-0.5485345,0.28493726,0.7860792,-0.7002124,-0.6703503,-0.245628,,0.09840039,1.2953986,0.42710134,0.9826194,0.00753063,-0.18547887,-0.104860395,-0.8019732,-0.5880844,-0.15317772,0.5973125,-0.7872448,,-0.12301337,0.25139982,-0.12064689,0.78918004,-0.24478316,0.5632726,0.018171579,0.9260452,0.3769749,-0.613893,-0.28726554,0.73526454,,-0.05842634,0.40092492,-0.43108994,-0.37635553,0.8050243,-0.45857644,-0.9222121,-0.2780857,0.26868775,0.08877662,0.5240269,0.8470623,,1.0686872206009361,0.5755212219858331,0.21391766467000004,1.0754997201321255,-0.6171870694404945,0.31688378599597244,-0.42665470074273737,,-1.3749476381940575,0.12784984273278677,0.12952918567000002,0.14216978168250752,0.4269890617670014,-0.37154106873151765,0.7752309378732893,,-0.11698505643804993,-0.12851077448590748,0.09694439508,-0.1167695939710949,,-3.939867e-05,-8.34465e-06,5.722046e-06,1.0,6.043166e-05,4.5835972e-05,-6.042421e-05,1.0,1.1742115e-05,-4.5850873e-05,-1.1771917e-05,1.0,229,0.709,1,2,0.648,False,-0.2612483231496481,0.9494784113436892
0.7356231159064919,17:02:57.164849,17:01:41.321779,0,,0.11713209,0.0029396415,0.031110063,-0.90493834,0.17307368,-0.388757,-0.2466728,0.53106815,0.8106288,0.346755,0.82946503,-0.43789136,,0.018247541,-0.039655387,0.061571836,0.45676968,-0.6852683,0.5672467,-0.54864407,0.2849316,0.7860048,-0.7002506,-0.67023987,-0.24582052,,0.09840039,1.2953986,0.42710134,0.9826194,0.00753063,-0.18547887,-0.104860395,-0.8019732,-0.5880844,-0.15317772,0.5973125,-0.7872448,,-0.12268424,0.25140107,-0.12068552,0.7888041,-0.24070144,0.5655536,0.014412104,0.92712116,0.3744845,-0.61447567,-0.2872441,0.734786,,-0.058429107,0.40092543,-0.43108872,-0.37617043,0.8051145,-0.45857003,-0.9222964,-0.277996,0.2684912,0.08868553,0.523936,0.8471281,,1.0704171127647624,0.5747798396299075,0.21389822032000003,1.070047781601528,-0.6165038869416672,0.3167350901781931,-0.42616466854433455,,-1.374963083659806,0.127857565465661,0.12953048196,0.14237947162599204,0.42685242526723594,-0.3713479720876807,0.7753942819394235,,-0.11698505643804993,-0.12851077448590748,0.09694439508,-0.1167695939710949,,-3.939867e-05,-8.34465e-06,5.722046e-06,1.0,6.043166e-05,4.5835972e-05,-6.042421e-05,1.0,1.1742115e-05,-4.5850873e-05,-1.1771917e-05,1.0,242,0.75,1,2,0.689,False,-0.26232072208302704,0.9491887301390125
0.7557372050359845,17:02:57.210246,17:01:41.321779,0,,0.116167955,0.0030287951,0.030991897,-0.9045851,0.16969505,-0.3910617,-0.24893056,0.5344322,0.80772257,0.34606254,0.82800114,-0.44119716,,0.01824902,-0.039653122,0.061570883,0.4567752,-0.68526506,0.5672462,-0.5486368,0.2849358,0.7860083,-0.7002528,-0.67024136,-0.24581021,,0.09840039,1.2953986,0.42710134,0.9826194,0.00753063,-0.18547887,-0.104860395,-0.8019732,-0.5880844,-0.15317772,0.5973125,-0.7872448,,-0.1217112,0.25139785,-0.12075392,0.7882728,-0.23669407,0.5679806,0.012201334,0.92888755,0.37016085,-0.615205,-0.2848576,0.73510474,,-0.05843024,0.40092602,-0.43108615,-0.3761749,0.8051119,-0.45857093,-0.92229384,-0.2779947,0.26850146,0.08869343,0.5239406,0.84712434,,1.0753982754686373,0.5722776741786588,0.21388007226000003,1.0645958430709301,-0.612678064948235,0.31377874635497444,-0.42616466854433455,,-1.3749708063926802,0.1278652881985352,0.12953307454000001,0.14237947162599204,0.42685242526723594,-0.3713479720876807,0.7753942819394235,,-0.11698505643804993,-0.12851077448590748,0.09694439508,-0.1167695939710949,,-3.939867e-05,-8.34465e-06,5.722046e-06,1.0,6.043166e-05,4.5835972e-05,-6.042421e-05,1.0,1.1742115e-05,-4.5850873e-05,-1.1771917e-05,1.0,250,0.775,1,2,0.714,False,-0.2626781883941529,0.9498646529499246
0.8011422690469772,17:02:57.243551,17:01:41.454140,0,,0.11561038,0.0030751452,0.030910447,-0.9048784,0.16365726,-0.39295208,-0.25217685,0.5376016,0.8046063,0.34293142,0.82716435,-0.44519353,,0.01825191,-0.03965068,0.061571002,0.45662317,-0.6853349,0.5672841,-0.54863214,0.2850449,0.785972,-0.7003555,-0.67012346,-0.24583891,,0.09840039,1.2953986,0.42710134,0.9826194,0.00753063,-0.18547887,-0.104860395,-0.8019732,-0.5880844,-0.15317772,0.5973125,-0.7872448,,-0.12114693,0.25138387,-0.120786466,0.78866124,-0.23022856,0.57009494,0.0077184555,0.9308774,0.36525023,-0.61477953,-0.28365844,0.73592395,,-0.0584329,0.4009274,-0.43108383,-0.37600824,0.8051696,-0.45860627,-0.9223577,-0.2778293,0.26845333,0.08873619,0.52393967,0.84712046,,1.0783329139608424,0.570841245864053,0.21387359081,1.0574663849924564,-0.6095354254536298,0.3117062070108001,-0.4274714210734088,,-1.3749862518584286,0.12787301093140943,0.12953566712,0.14258916156947654,0.42685242526723594,-0.3712662933475402,0.7752309378732893,,-0.11698505643804993,-0.12851077448590748,0.09694439508,-0.1167695939710949,,-3.939867e-05,-8.34465e-06,5.722046e-06,1.0,6.043166e-05,4.5835972e-05,-6.042421e-05,1.0,1.1742115e-05,-4.5850873e-05,-1.1771917e-05,1.0,267,0.828,1,2,0.767,False,-0.261427056305211,0.9496232519460277
0.8344516379293054,17:02:57.285850,17:01:41.454140,0,,0.11492149,0.0031497031,0.030821249,-0.90560627,0.15500095,-0.39478087,-0.2566382,0.54079837,0.80104554,0.33765972,0.8267478,-0.44997126,,0.018258732,-0.039647162,0.06156993,0.45644405,-0.6853834,0.5673697,-0.5487388,0.28511322,0.7858728,-0.7003888,-0.67004484,-0.24595848,,0.09840039,1.2953986,0.42710134,0.9826194,0.00753063,-0.18547887,-0.104860395,-0.8019732,-0.5880844,-0.15317772,0.5973125,-0.7872448,,-0.12044938,0.25138727,-0.120825216,0.78968036,-0.22127838,0.57222444,0.0009661576,0.93314046,0.35951078,-0.6135177,-0.28334576,0.7370965,,-0.058439173,0.4009283,-0.4310794,-0.3758346,0.8052096,-0.4586784,-0.9224371,-0.27772167,0.26829177,0.08864616,0.5239353,0.8471326,,1.0820707166719672,0.5691576900974722,0.21386581307000002,1.0471915777617147,-0.6047531479618394,0.31017526384550165,-0.426981388875006,,-1.3750248655227997,0.12788073366428365,0.12954085228,0.1427988515129611,0.4267157887674705,-0.3711548754438437,0.7752309378732893,,-0.11698505643804993,-0.12851077448590748,0.09694439508,-0.1167695939710949,,-3.939867e-05,-8.34465e-06,5.722046e-06,1.0,6.043166e-05,4.5835972e-05,-6.042421e-05,1.0,1.1742115e-05,-4.5850873e-05,-1.1771917e-05,1.0,288,0.894,1,2,0.833,False,-0.2632143878608417,0.9496232519460277
0.876714191865176,17:02:57.347171,17:01:41.454140,0,,0.1138996,0.0032979697,0.030717298,-0.9060403,0.1414415,-0.39885467,-0.26475638,0.5458145,0.7949783,0.33014366,0.82588184,-0.4570825,,0.01826676,-0.039644808,0.06157124,0.45647198,-0.6853397,0.5674001,-0.54873717,0.2851383,0.7858648,-0.7003718,-0.67007893,-0.24591392,,0.09840039,1.2953986,0.42710134,0.9826194,0.00753063,-0.18547887,-0.104860395,-0.8019732,-0.5880844,-0.15317772,0.5973125,-0.7872448,,-0.119414456,0.25143945,-0.1208822,0.7903055,-0.20722036,0.5766082,-0.010052347,0.936562,0.35035774,-0.61263055,-0.2826859,0.73808706,,-0.05844711,0.40093014,-0.4310771,-0.37586477,0.805174,-0.4587162,-0.92242527,-0.27773523,0.26831836,0.088641286,0.5239828,0.8471037,,1.087770093533145,0.566848592968079,0.21386970194000002,1.0310454521134063,-0.5988777784719255,0.3073445837499291,-0.427634765139543,,-1.3750866473857934,0.12787301093140943,0.12954474115,0.1427988515129611,0.4267157887674705,-0.3711548754438437,0.7752309378732893,,-0.11698505643804993,-0.12851077448590748,0.09694439508,-0.1167695939710949,,-3.939867e-05,-8.34465e-06,5.722046e-06,1.0,6.043166e-05,4.5835972e-05,-6.042421e-05,1.0,1.1742115e-05,-4.5850873e-05,-1.1771917e-05,1.0,305,0.947,1,2,0.886,False,-0.2618441003348577,0.9496232519460277
0.9379893690347672,17:02:57.410609,17:01:41.587278,0,,0.112515084,0.0034680292,0.03062521,-0.8991263,0.13166869,-0.41741496,-0.28357807,0.5511985,0.7847061,0.33339974,0.8239197,-0.45825866,,0.018271927,-0.039643317,0.06157309,0.4564577,-0.6853973,0.5673419,-0.5488391,0.28497988,0.7858511,-0.7003013,-0.67008734,-0.24609178,,0.09840039,1.2953986,0.42710134,0.9826194,0.00753063,-0.18547887,-0.104860395,-0.8019732,-0.5880844,-0.15317772,0.5973125,-0.7872448,,-0.11802494,0.2515155,-0.121015444,0.7804353,-0.19661507,0.59351766,-0.022967212,0.9396132,0.34146675,-0.6248145,-0.28012416,0.72879165,,-0.058452383,0.40093216,-0.43107626,-0.37586993,0.8052201,-0.45863095,-0.9224351,-0.27783823,0.26817793,0.08851705,0.5238573,0.8471943,,1.0946047121268336,0.5640838545991066,0.21391118322000002,1.0130121169737372,-0.6088522429548027,0.30592167812332216,-0.4251846041475289,,-1.3751329837830388,0.12788073366428365,0.12954603744,0.1427988515129611,0.4265791522677051,-0.37096177880000675,0.775067593807155,,-0.11698505643804993,-0.12851077448590748,0.09694439508,-0.1167695939710949,,-3.939867e-05,-8.34465e-06,5.722046e-06,1.0,6.043166e-05,4.5835972e-05,-6.042421e-05,1.0,1.1742115e-05,-4.5850873e-05,-1.1771917e-05,1.0,313,0.971,1,2,0.91,False,-0.2622015666459845,0.9494784113436892
1.0015073148533702,17:02:57.437260,17:01:41.587278,0,,0.11212992,0.003510639,0.030585602,-0.8969573,0.1299676,-0.42258257,-0.2883555,0.5525677,0.7819973,0.33513993,0.8232722,-0.45815283,,0.01827145,-0.03964266,0.061573267,0.45629454,-0.68543655,0.56742585,-0.54883736,0.28514344,0.78579295,-0.70040894,-0.66997766,-0.246084,,0.09840039,1.2953986,0.42710134,0.9826194,0.00753063,-0.18547887,-0.104860395,-0.8019732,-0.5880844,-0.15317772,0.5973125,-0.7872448,,-0.11763659,0.2515244,-0.12104447,0.7773674,-0.19465715,0.59817094,-0.025687207,0.94030017,0.33937547,-0.6285221,-0.2791848,0.7259585,,-0.058451902,0.4009328,-0.43107596,-0.3756917,0.8052531,-0.4587191,-0.9225037,-0.2776468,0.26814023,0.08855886,0.52390814,0.84715855,,1.096512227146767,0.5632034630514451,0.21393451644000003,1.0088183181040467,-0.6119948824494077,0.3054621765231389,-0.4263280126104688,,-1.3751252610501647,0.12788845639715787,0.12954603744,0.14300854145644562,0.4265791522677051,-0.37096177880000675,0.775067593807155,,-0.11698505643804993,-0.12851077448590748,0.09694439508,-0.1167695939710949,,-3.939867e-05,-8.34465e-06,5.722046e-06,1.0,6.043166e-05,4.5835972e-05,-6.042421e-05,1.0,1.1742115e-05,-4.5850873e-05,-1.1771917e-05,1.0,326,1.012,1,2,0.951,False,-0.2620824112089424,0.9490921697374535
1.0281294309534132,17:02:57.469305,17:01:41.587278,0,,0.11151249,0.0035817325,0.030456215,-0.8950867,0.124221444,-0.42823908,-0.29523987,0.55460656,0.77797484,0.33414552,0.82278824,-0.45974594,,0.018270936,-0.03965167,0.061579823,0.45629916,-0.6854286,0.5674315,-0.5488552,0.28513098,0.785785,-0.700392,-0.6699909,-0.24609625,,0.09845635,1.2953898,0.4271027,0.982611,0.0074663763,-0.18552598,-0.104939125,-0.8019738,-0.5880695,-0.15317772,0.5973125,-0.7872448,,-0.11704786,0.25149828,-0.12102963,0.774747,-0.18864514,0.60347337,-0.031802054,0.9416184,0.3351768,-0.6314711,-0.2788689,0.7235167,,-0.058504175,0.4009221,-0.43108281,-0.37575436,0.80525416,-0.45866585,-0.9224776,-0.27770984,0.2681647,0.08856472,0.52387303,0.84717965,,1.099578152097834,0.5616434710108517,0.21398896062000003,1.0002210304211812,-0.6130879744475313,0.3052100173907425,-0.42600132447820027,,-1.3751252610501647,0.12788845639715787,0.12954733373000002,0.14300854145644562,0.4265791522677051,-0.37096177880000675,0.775067593807155,,-0.11698505643804993,-0.12851077448590748,0.09694439508,-0.1167695939710949,,1.629442e-05,-5.9604645e-08,-5.9604645e-07,1.0,-2.644956e-06,-2.026558e-06,2.6524067e-06,1.0,-5.662441e-07,1.9967556e-06,5.066395e-07,1.0,335,1.041,1,2,0.98,False,-0.2622015666459845,0.9493818509421303
1.0601992888841778,17:02:57.504762,17:01:41.732717,0,,0.11111379,0.0036064535,0.030380845,-0.89327586,0.12130215,-0.43283254,-0.30027735,0.5555155,0.77539396,0.33450228,0.8226106,-0.45980442,,0.018268384,-0.03965298,0.0615772,0.45628256,-0.68540114,0.56747806,-0.54886556,0.2851812,0.78575957,-0.70039475,-0.6699977,-0.24607006,,0.09845635,1.2953898,0.4271027,0.982611,0.0074663763,-0.18552598,-0.104939125,-0.8019738,-0.5880695,-0.15317772,0.5973125,-0.7872448,,-0.11664253,0.25147113,-0.12104466,0.77223307,-0.18564324,0.6076123,-0.0355726,0.9422247,0.33308735,-0.63434273,-0.27883542,0.72101325,,-0.058501344,0.4009195,-0.4310826,-0.37573835,0.805232,-0.45871785,-0.922485,-0.27768517,0.26816487,0.0885558,0.5239202,0.8471514,,1.1014547761862707,0.5606086248057056,0.21402266416000001,0.9947690918905835,-0.6151375219440128,0.3057377835842208,-0.4253479482136632,,-1.3750943701186678,0.12788073366428365,0.12954733373000002,0.14300854145644562,0.4265791522677051,-0.3710434575401473,0.7749042497410208,,-0.11698505643804993,-0.12851077448590748,0.09694439508,-0.1167695939710949,,1.629442e-05,-5.9604645e-08,-5.9604645e-07,1.0,-2.644956e-06,-2.026558e-06,2.6524067e-06,1.0,-5.662441e-07,1.9967556e-06,5.066395e-07,1.0,344,1.07,1,2,1.009,False,-0.26232072208302704,0.949043889536674
1.0956005018670112,17:02:57.536889,17:01:41.732717,0,,0.11079551,0.0036277026,0.030331224,-0.8906709,0.11960748,-0.43863356,-0.30592078,0.5560358,0.77281076,0.33633003,0.82250726,-0.4586545,,0.018264558,-0.039647497,0.061581016,0.45629668,-0.6854173,0.5674472,-0.54881454,0.2851889,0.7857924,-0.7004255,-0.66997784,-0.24603647,,0.09845635,1.2953898,0.4271027,0.982611,0.0074663763,-0.18552598,-0.104939125,-0.8019738,-0.5880695,-0.15317772,0.5973125,-0.7872448,,-0.11632059,0.2514571,-0.12106391,0.7686065,-0.18390161,0.61271876,-0.038924377,0.9425707,0.33173096,-0.6385366,-0.27882025,0.7173076,,-0.058497794,0.4009262,-0.4310814,-0.3757433,0.8052453,-0.4586905,-0.9224772,-0.27766374,0.268214,0.08861635,0.5239111,0.8471507,,1.1028834817680022,0.5598749651826542,0.21405636770000003,0.990155913133924,-0.6193732534367417,0.3067413763945932,-0.4253479482136632,,-1.3750943701186678,0.12794251552727745,0.12954603744,0.14300854145644562,0.4265791522677051,-0.3710434575401473,0.7749042497410208,,-0.11698505643804993,-0.12851077448590748,0.09694439508,-0.1167695939710949,,1.629442e-05,-5.9604645e-08,-5.9604645e-07,1.0,-2.644956e-06,-2.026558e-06,2.6524067e-06,1.0,-5.662441e-07,1.9967556e-06,5.066395e-07,1.0,353,1.098,1,2,1.037,False,-0.26148663402373185,0.9491887301390125
