Task Time,PC1 Time,PC2 Time,Gaze Calib,s_T_psm1,Tx,Ty,Tz,R00,R01,R02,R10,R11,R12,R20,R21,R22,s_T_psm3,Tx,Ty,Tz,R00,R01,R02,R10,R11,R12,R20,R21,R22,cart_T_ecm,Tx,Ty,Tz,R00,R01,R02,R10,R11,R12,R20,R21,R22,ecm_T_psm1,Tx,Ty,Tz,R00,R01,R02,R10,R11,R12,R20,R21,R22,ecm_T_psm3,Tx,Ty,Tz,R00,R01,R02,R10,R11,R12,R20,R21,R22,psm1_joints,q1,q2,q3,q4,q5,q6,jaw,psm3_joints,q1,q2,q3,q4,q5,q6,jaw,ecm_joints,q1,q2,q3,q4,ecmi_T_ecm,Tx,Ty,Tz,R00,R01,R02,R10,R11,R12,R20,R21,R22,Sample #,Task Duration (s),Collisions (binary),Collisions (increments),Cumulative Collision Time (s),Clutch Press,MTMR Angle,MTML Angle
""
lci_T_si,,,,,-0.05509644,0.014836536,0.20329654,0.97799796,-0.10343062,0.18116859,0.031866997,-0.78417623,-0.6197194,0.20616606,0.61185765,-0.76362675
rci_T_si,,,,,-0.06411915,0.018600209,0.2114436,0.9733347,-0.124126814,0.19290416,0.02867328,-0.7685155,-0.63918835,0.22759025,0.6276754,-0.74446374
ecm_T_lc,,,,,-4.4061628e-05,-0.00034663224,-0.01840835,-0.99912,0.030754527,0.028518902,-0.031987965,-0.99852574,-0.043852776,0.027128186,-0.04472645,0.9986309
ecm_T_rc,,,,,-0.0043358393,0.01870579,-0.007592615,-0.99555075,-0.052743673,-0.078081585,0.04863213,-0.9973746,0.053654674,-0.08070653,0.04961868,0.9955021
cart_T_ecmi,,,,,0.09844024,1.2953911,0.42710486,0.98261136,0.0074690743,-0.185524,-0.10493582,-0.8019738,-0.58807015,-0.15317772,0.5973125,-0.7872448
ecmac_T_ecmrep_psm1,,,,,0.044880565,-0.23049864,-0.32052848,0.99797076,0.0626086,0.011601057,-0.061749555,0.99606305,-0.0636032,-0.015537491,0.06275777,0.9979078
ecmac_T_ecmrep_psm3,,,,,0.047327206,-0.4153428,-0.56493527,0.997773,0.014750276,0.065049894,-0.025394045,0.985803,0.16597453,-0.061678212,-0.16725679,0.9839822
""
0,17:04:38.243758,17:03:22.452163,0,,0.111065835,0.001718156,0.025530338,0.7199945,0.51932013,-0.46034157,0.5396442,-0.0018936098,0.84189093,0.4363393,-0.85457766,-0.2816116,,0.016552452,-0.037805434,0.0628497,0.33039904,-0.6574011,0.67724454,-0.61503905,0.39431912,0.68281704,-0.7159352,-0.6421342,-0.27404493,,0.0984445,1.295392,0.42710525,0.9826115,0.0074701672,-0.1855232,-0.10493448,-0.8019738,-0.5880704,-0.15317772,0.5973125,-0.7872448,,-0.11599819,0.24701591,-0.118427314,-0.70460296,-0.35825726,0.6125246,0.6951457,-0.52183414,0.4944305,0.14250293,0.77417105,0.6167269,,-0.056870114,0.403208,-0.43073428,-0.2543588,0.7813655,-0.56988555,-0.96673036,-0.18891728,0.1724608,0.02709369,0.59479254,0.8034225,,1.114537085675207,0.5308220441098217,0.21504284439000002,3.370765841513729,0.09250291034120318,-0.8073531112020554,-0.4219177228248433,,-1.3706537987159886,0.15874849696255902,0.12858678284000002,0.26148335952520185,0.31153121946520423,-0.4287436455885034,0.875034162281334,,-0.11698505643804993,-0.12851077448590748,0.09694439508,-0.1167695939710949,,4.0233135e-06,-4.7683716e-07,-1.66893e-06,1.0,1.0803342e-06,8.046627e-07,-1.065433e-06,1.0,2.0861626e-07,-8.1956387e-07,-2.0861626e-07,1.0,47,0.143,1,1,0.119,False,-0.2630356547052788,1.0493218665556094
0.12812843802385032,17:04:38.305168,17:03:22.452163,0,,0.111028574,0.0017371178,0.025536567,0.72021145,0.5190683,-0.46028626,0.5394958,-0.0019196868,0.841986,0.43616465,-0.8547306,-0.2814179,,0.016573288,-0.037787106,0.06284869,0.32435983,-0.6581446,0.67943823,-0.61464375,0.3993389,0.6802509,-0.71902966,-0.63825864,-0.2749952,,0.0984445,1.295392,0.42710525,0.9826115,0.0074701672,-0.1855232,-0.10493448,-0.8019738,-0.5880704,-0.15317772,0.5973125,-0.7872448,,-0.11596035,0.24703468,-0.11842909,-0.70480436,-0.35798863,0.61244994,0.6949221,-0.5219486,0.49462405,0.1425976,0.7742182,0.6166459,,-0.05688906,0.40321726,-0.4307162,-0.2478826,0.781842,-0.57208157,-0.96837544,-0.18268788,0.16992395,0.028341318,0.5961109,0.8024017,,1.1147687676614337,0.530798875911199,0.21504543697000003,3.3709755314572134,0.09250291034120318,-0.8072714324619149,-0.4220810668909776,,-1.3706537987159886,0.15885661522279818,0.12860622719,0.26861281760367567,0.31125794646567334,-0.42843913104097,0.8751975063474683,,-0.11698505643804993,-0.12851077448590748,0.09694439508,-0.1167695939710949,,4.0233135e-06,-4.7683716e-07,-1.66893e-06,1.0,1.0803342e-06,8.046627e-07,-1.065433e-06,1.0,2.0861626e-07,-8.1956387e-07,-2.0861626e-07,1.0,55,0.167,1,1,0.143,False,-0.262797343831195,1.0497563883626244
0.1895434211473912,17:04:38.336211,17:03:22.542807,0,,0.11104705,0.0017501861,0.025550067,0.7201933,0.5191416,-0.4602319,0.53943205,-0.001864016,0.84202695,0.43627337,-0.8546862,-0.28138414,,0.016573362,-0.037765916,0.062838376,0.3256204,-0.6582306,0.6787516,-0.61467755,0.39810008,0.6809461,-0.71843064,-0.6389435,-0.27497035,,0.0984445,1.295392,0.42710525,0.9826115,0.0074701672,-0.1855232,-0.10493448,-0.8019738,-0.5880704,-0.15317772,0.5973125,-0.7872448,,-0.115978934,0.24705331,-0.11842768,-0.7048143,-0.35806024,0.61239666,0.6949379,-0.5218772,0.49467722,0.14247161,0.7742332,0.6166561,,-0.056885857,0.40322286,-0.43069357,-0.24922307,0.7819451,-0.5713577,-0.96803695,-0.18399602,0.17044024,0.02814736,0.59557307,0.80280787,,1.114737876729937,0.5309224396371865,0.21504543697000003,3.3709755314572134,0.09250291034120318,-0.8072714324619149,-0.4220810668909776,,-1.3706615214488629,0.15895701075016308,0.12862567154000001,0.267144987999284,0.31125794646567334,-0.4281940948205484,0.8750341622813339,,-0.11698505643804993,-0.12851077448590748,0.09694439508,-0.1167695939710949,,4.0233135e-06,-4.7683716e-07,-1.66893e-06,1.0,1.0803342e-06,8.046627e-07,-1.065433e-06,1.0,2.0861626e-07,-8.1956387e-07,-2.0861626e-07,1.0,63,0.192,1,1,0.168,False,-0.2622015666459845,1.049708108161845
0.22057824209332466,17:04:38.354495,17:03:22.542807,0,,0.11106084,0.0017574057,0.025556952,0.71911246,0.5209709,-0.4598549,0.5396725,-0.0018152595,0.84187305,0.43775654,-0.8535726,-0.28245908,,0.016572718,-0.037755694,0.06283718,0.32528323,-0.65834486,0.67880243,-0.61459404,0.3983604,0.6808693,-0.71865475,-0.6386635,-0.2750352,,0.0984445,1.295392,0.42710525,0.9826115,0.0074701672,-0.1855232,-0.10493448,-0.8019738,-0.5880704,-0.15317772,0.5973125,-0.7872448,,-0.1159926,0.24706325,-0.11842567,-0.7039851,-0.36003125,0.6121948,0.69603103,-0.5211558,0.49390024,0.14122933,0.773805,0.61747885,,-0.056884248,0.4032285,-0.43068507,-0.24884845,0.7820314,-0.57140297,-0.968129,-0.18360648,0.17033757,0.028296048,0.59558004,0.8027975,,1.1147224312641884,0.5309533305686835,0.21504543697000003,3.369507701852822,0.09140981834307967,-0.806298410492203,-0.42224441095711185,,-1.3706537987159886,0.1590265153460311,0.12863215299000003,0.2675643678862531,0.31125794646567334,-0.4281124160804078,0.8751975063474682,,-0.11698505643804993,-0.12851077448590748,0.09694439508,-0.1167695939710949,,4.0233135e-06,-4.7683716e-07,-1.66893e-06,1.0,1.0803342e-06,8.046627e-07,-1.065433e-06,1.0,2.0861626e-07,-8.1956387e-07,-2.0861626e-07,1.0,76,0.233,1,1,0.209,False,-0.2623802998015474,1.0499495091657423
0.2388707511126995,17:04:38.404490,17:03:22.542807,0,,0.11095412,0.0018211827,0.025552109,0.7180501,0.5230642,-0.45913804,0.5391951,-0.0009407699,0.84218025,0.44008237,-0.8522928,-0.28270933,,0.016549334,-0.037760034,0.062867045,0.32530043,-0.65842295,0.67871845,-0.6145289,0.3983247,0.680949,-0.7187028,-0.63860524,-0.27504495,,0.09846171,1.2953951,0.4271103,0.9826101,0.0074593867,-0.18553111,-0.104947686,-0.8019739,-0.5880679,-0.15317772,0.5973125,-0.7872448,,-0.11589313,0.2471109,-0.118398055,-0.7034097,-0.3621756,0.6115911,0.6970774,-0.51967275,0.49398714,0.13891715,0.7738017,0.6180073,,-0.05688146,0.40324947,-0.43070206,-0.24886264,0.78209877,-0.5713045,-0.96812284,-0.18358557,0.17039521,0.028382624,0.59549797,0.8028553,,1.1147610449285594,0.5309301623700609,0.21504673326,3.36803987224843,0.08922363434683261,-0.8058225838753093,-0.42224441095711174,,-1.370738748777605,0.15921958366788672,0.12866456024,0.2675643678862531,0.31125794646567334,-0.42794905860012666,0.8755241944797367,,-0.11698505643804993,-0.12851077448590748,0.09694439508,-0.1167695939710949,,1.9833446e-05,2.3841858e-07,-1.0728836e-05,1.0,-9.506941e-06,-7.227063e-06,9.514391e-06,1.0,-1.8775463e-06,7.197261e-06,1.8179417e-06,1.0,84,0.257,1,1,0.233,False,-0.26232072208302704,1.0499012289649627
0.28882584907114506,17:04:38.425438,17:03:22.542807,0,,0.11095185,0.0018182248,0.025554404,0.71776336,0.52267957,-0.46002367,0.5394523,0.0002836287,0.842016,0.44023505,-0.85252917,-0.28175724,,0.016555786,-0.037735596,0.06285405,0.32533032,-0.65850574,0.6786238,-0.61445093,0.3982842,0.681043,-0.71875596,-0.6385451,-0.27504575,,0.09846171,1.2953951,0.4271103,0.9826101,0.0074593867,-0.18553111,-0.104947686,-0.8019739,-0.5880679,-0.15317772,0.5973125,-0.7872448,,-0.11589172,0.24710995,-0.118402086,-0.7031215,-0.36159268,0.6122671,0.69737375,-0.5188475,0.49443614,0.13888875,0.7746276,0.61697805,,-0.05688383,0.4032546,-0.4306742,-0.24887747,0.7821674,-0.5712042,-0.96811616,-0.1835588,0.17046197,0.02848023,0.5954161,0.80291253,,1.1147687676614337,0.5309224396371865,0.21504284439000002,3.3676204923614614,0.08922363434683261,-0.8071294437175582,-0.4212643465603062,,-1.3707464715104793,0.15931997919525165,0.12869048604000002,0.2675643678862531,0.31125794646567334,-0.42786737985998613,0.875687538545871,,-0.11698505643804993,-0.12851077448590748,0.09694439508,-0.1167695939710949,,1.9833446e-05,2.3841858e-07,-1.0728836e-05,1.0,-9.506941e-06,-7.227063e-06,9.514391e-06,1.0,-1.8775463e-06,7.197261e-06,1.8179417e-06,1.0,92,0.282,1,1,0.258,False,-0.2623802998015474,1.050335750771978
0.30981298396363854,17:04:38.453712,17:03:22.542807,0,,0.110978864,0.0018284768,0.025573954,0.7158227,0.52576584,-0.45953017,0.53913224,0.0020953715,0.8422184,0.44377252,-0.8506268,-0.2819575,,0.01655924,-0.037706897,0.06284094,0.32536286,-0.65866697,0.67845166,-0.614346,0.39818645,0.6811947,-0.71883076,-0.6384398,-0.27509463,,0.09846171,1.2953951,0.4271103,0.9826101,0.0074593867,-0.18553111,-0.104947686,-0.8019739,-0.5880679,-0.15317772,0.5973125,-0.7872448,,-0.11592007,0.24713005,-0.11840514,-0.7018871,-0.36468676,0.6118481,0.6992744,-0.51624554,0.4944753,0.13553524,0.7749156,0.6173622,,-0.056882925,0.4032626,-0.4306435,-0.24888931,0.78230137,-0.5710154,-0.9681092,-0.1835278,0.17053476,0.028612379,0.5952496,0.80303127,,1.114745599462811,0.5309456078358092,0.21503506665000002,3.3651042130396474,0.08608099485222749,-0.8069355153966169,-0.42175437875870914,,-1.370738748777605,0.1594589883869877,0.12871770813000002,0.2675643678862531,0.31125794646567334,-0.42770402237970506,0.8753608504136026,,-0.11698505643804993,-0.12851077448590748,0.09694439508,-0.1167695939710949,,1.9833446e-05,2.3841858e-07,-1.0728836e-05,1.0,-9.506941e-06,-7.227063e-06,9.514391e-06,1.0,-1.8775463e-06,7.197261e-06,1.8179417e-06,1.0,109,0.335,1,1,0.311,False,-0.2622611443645053,1.0499012289649627
0.3380281471181661,17:04:38.499039,17:03:22.698988,0,,0.111071005,0.0018641651,0.02565004,0.70559645,0.5396733,-0.45922333,0.54117775,0.007957101,0.8408705,0.45744947,-0.8418369,-0.2864448,,0.01657863,-0.037667975,0.06284034,0.32513934,-0.6585954,0.6786283,-0.61413926,0.3986412,0.68111527,-0.7191086,-0.63822985,-0.27485555,,0.09846171,1.2953951,0.4271103,0.9826101,0.0074593867,-0.18553111,-0.104947686,-0.8019739,-0.5880679,-0.15317772,0.5973125,-0.7872448,,-0.116018295,0.24720491,-0.118422404,-0.69401145,-0.37898073,0.6121451,0.7092191,-0.50621223,0.4906704,0.12392073,0.7746759,0.62009746,,-0.056898963,0.40328544,-0.43061015,-0.24860846,0.782231,-0.5712342,-0.9681726,-0.18308252,0.17065342,0.028907381,0.59547925,0.8028504,,1.1146915403326916,0.5310691715617969,0.21500265940000002,3.351474366713153,0.07569662087005401,-0.8041035877853876,-0.4219177228248433,,-1.3709009261679639,0.15965205670884328,0.12874881909000002,0.26798374777322215,0.31125794646567334,-0.4277857011198456,0.8751975063474683,,-0.11698505643804993,-0.12851077448590748,0.09694439508,-0.1167695939710949,,1.9833446e-05,2.3841858e-07,-1.0728836e-05,1.0,-9.506941e-06,-7.227063e-06,9.514391e-06,1.0,-1.8775463e-06,7.197261e-06,1.8179417e-06,1.0,126,0.388,1,1,0.364,False,-0.26232072208302704,1.0502391903704191
0.3834043580573052,17:04:38.553097,17:03:22.698988,0,,0.11116976,0.0018763617,0.02582629,0.69269776,0.5562346,-0.45909986,0.5394196,0.022976696,0.84172344,0.47874427,-0.83070767,-0.284128,,0.016583133,-0.03763838,0.06283653,0.32507133,-0.65858024,0.67867565,-0.6138855,0.39894208,0.68116784,-0.71935594,-0.6380575,-0.27460846,,0.09846171,1.2953951,0.4271103,0.9826101,0.0074593867,-0.18553111,-0.104947686,-0.8019739,-0.5880679,-0.15317772,0.5973125,-0.7872448,,-0.11614359,0.2473223,-0.11852962,-0.685371,-0.39502272,0.61173826,0.7207919,-0.48749033,0.49275985,0.103565164,0.7786592,0.6188409,,-0.056900542,0.40330103,-0.43058437,-0.248482,0.7822106,-0.5713172,-0.96819496,-0.18275973,0.17087255,0.029244538,0.5956052,0.8027448,,1.1147687676614337,0.5310460033631742,0.21487562298000001,3.3353282410648446,0.056567510902892346,-0.8069644765396556,-0.42289778722164895,,-1.370939539832335,0.159814234099202,0.12877085602000002,0.2681934377167067,0.31139458296543876,-0.4278971190235419,0.8755241944797367,,-0.11698505643804993,-0.12851077448590748,0.09694439508,-0.1167695939710949,,1.9833446e-05,2.3841858e-07,-1.0728836e-05,1.0,-9.506941e-06,-7.227063e-06,9.514391e-06,1.0,-1.8775463e-06,7.197261e-06,1.8179417e-06,1.0,134,0.413,1,1,0.389,False,-0.2641080536386573,1.0496115477602863
0.43746866309084,17:04:38.580738,17:03:22.698988,0,,0.11120142,0.001810655,0.025990978,0.686983,0.56429064,-0.4578541,0.53948236,0.026070952,0.841593,0.48683974,-0.82516444,-0.28651464,,0.016589213,-0.037625566,0.06283921,0.32472444,-0.65876496,0.6786624,-0.6138853,0.3990656,0.68109566,-0.71951276,-0.6377895,-0.27481997,,0.09846171,1.2953951,0.4271103,0.9826101,0.0074593867,-0.18553111,-0.104947686,-0.8019739,-0.5880679,-0.15317772,0.5973125,-0.7872448,,-0.11621204,0.24737076,-0.11868902,-0.68119544,-0.40342206,0.6109202,0.7257692,-0.48164165,0.49120298,0.09608247,0.77799225,0.6208834,,-0.056905985,0.40331078,-0.4305752,-0.24811512,0.78235775,-0.5712751,-0.96828777,-0.18246114,0.1706655,0.029285962,0.5955034,0.8028188,,1.1147687676614337,0.5311155079590422,0.21470062383000002,3.327989093042886,0.049462412915089446,-0.8045195738932047,-0.4225710990893804,,-1.3710013216953287,0.15989918416081847,0.12877863376,0.26861281760367567,0.31125794646567334,-0.4276223436395644,0.8751975063474682,,-0.11698505643804993,-0.12851077448590748,0.09694439508,-0.1167695939710949,,1.9833446e-05,2.3841858e-07,-1.0728836e-05,1.0,-9.506941e-06,-7.227063e-06,9.514391e-06,1.0,-1.8775463e-06,7.197261e-06,1.8179417e-06,1.0,147,0.454,1,1,0.43,False,-0.2626781883941529,1.05014262996886
0.4650846079457551,17:04:38.620022,17:03:22.830562,0,,0.11121249,0.0017186031,0.02615036,0.6838298,0.56866455,-0.4571623,0.54004496,0.026851654,0.8412076,0.49064052,-0.8221312,-0.28874257,,0.016595736,-0.037615016,0.062838316,0.32471746,-0.65891397,0.67852104,-0.6139421,0.39887187,0.6811579,-0.71946746,-0.6377567,-0.27501458,,0.09846171,1.2953951,0.4271103,0.9826101,0.0074593867,-0.18553111,-0.104947686,-0.8019739,-0.5880679,-0.15317772,0.5973125,-0.7872448,,-0.11626306,0.24739507,-0.11886452,-0.6787039,-0.40810895,0.61058015,0.72852755,-0.4791643,0.48953977,0.09278264,0.777077,0.62252927,,-0.056911465,0.40331632,-0.43056554,-0.24811994,0.78248435,-0.5710996,-0.9682887,-0.18254793,0.17056718,0.029213106,0.5953104,0.80296457,,1.114737876729937,0.5311927352877844,0.21452821726000001,3.324214674060165,0.046866319419546075,-0.8026476699433944,-0.4232244753539175,,-1.3710553808254484,0.15995324329093805,0.12878770779,0.26861281760367567,0.3111213099659079,-0.4273475682555869,0.8751975063474682,,-0.11698505643804993,-0.12851077448590748,0.09694439508,-0.1167695939710949,,1.9833446e-05,2.3841858e-07,-1.0728836e-05,1.0,-9.506941e-06,-7.227063e-06,9.514391e-06,1.0,-1.8775463e-06,7.197261e-06,1.8179417e-06,1.0,155,0.479,1,1,0.455,False,-0.2641080536386573,1.050335750771978
0.5043936159927398,17:04:38.643542,17:03:22.830562,0,,0.1112417,0.0015976131,0.026380643,0.68329203,0.5733272,-0.45211488,0.53675157,0.025355786,0.8433591,0.49498445,-0.81893414,-0.2904089,,0.016604144,-0.03760253,0.06283289,0.32470474,-0.65895486,0.6784875,-0.61400616,0.3987854,0.6811508,-0.7194185,-0.6377685,-0.275115,,0.09846171,1.2953951,0.4271103,0.9826101,0.0074593867,-0.18553111,-0.104947686,-0.8019739,-0.5880679,-0.15317772,0.5973125,-0.7872448,,-0.11634803,0.24743971,-0.119108036,-0.6793827,-0.41341573,0.60623974,0.7285668,-0.4783904,0.4902377,0.08734727,0.77474517,0.6262111,,-0.056917902,0.40331948,-0.4305512,-0.24812023,0.78252,-0.57105064,-0.9682911,-0.18260895,0.17048834,0.02913158,0.5952449,0.8030161,,1.1146606494011946,0.5313317444795205,0.21427673700000002,3.324214674060165,0.04153749592869389,-0.7983840504393747,-0.4230611312877832,,-1.3711017172226936,0.1599995796881834,0.12880196698000002,0.26861281760367567,0.31098467346614245,-0.4272361503518904,0.8751975063474682,,-0.11698505643804993,-0.12851077448590748,0.09694439508,-0.1167695939710949,,1.9833446e-05,2.3841858e-07,-1.0728836e-05,1.0,-9.506941e-06,-7.227063e-06,9.514391e-06,1.0,-1.8775463e-06,7.197261e-06,1.8179417e-06,1.0,168,0.52,1,1,0.496,False,-0.26285692154971585,1.0502391903704191
0.5279065379872918,17:04:38.686845,17:03:22.830562,0,,0.11128981,0.0014364645,0.026659176,0.6831731,0.57734627,-0.4471529,0.5332969,0.023858577,0.84559155,0.49886748,-0.8161508,-0.29159752,,0.016611513,-0.037583098,0.062829375,0.32475483,-0.65900373,0.67841595,-0.61392623,0.39876252,0.68123627,-0.7194642,-0.63773227,-0.27507982,,0.09846171,1.2953951,0.4271103,0.9826101,0.0074593867,-0.18553111,-0.104947686,-0.8019739,-0.5880679,-0.15317772,0.5973125,-0.7872448,,-0.1164653,0.24748205,-0.11940861,-0.6804118,-0.41802317,0.60191065,0.728198,-0.47787118,0.491291,0.08226476,0.7725903,0.62955284,,-0.056923103,0.40332854,-0.4305329,-0.24815604,0.78256047,-0.5709796,-0.968279,-0.1825919,0.17057543,0.029229328,0.59519684,0.80304813,,1.1144521356135906,0.531555703732873,0.21396562740000002,3.324843743890618,0.036618581937138045,-0.7946180421267252,-0.4232244753539175,,-1.3711557763528133,0.16009225248267409,0.12881881875,0.26861281760367567,0.31098467346614245,-0.4271544716117498,0.8753608504136025,,-0.11698505643804993,-0.12851077448590748,0.09694439508,-0.1167695939710949,,1.9833446e-05,2.3841858e-07,-1.0728836e-05,1.0,-9.506941e-06,-7.227063e-06,9.514391e-06,1.0,-1.8775463e-06,7.197261e-06,1.8179417e-06,1.0,176,0.544,1,1,0.52,False,-0.2641080536386573,1.0499012289649627
0.571215741103515,17:04:38.710124,17:03:22.830562,0,,0.111317314,0.0013425872,0.026801005,0.68524426,0.5791471,-0.4416208,0.52847564,0.021849662,0.8486671,0.50115234,-0.8149303,-0.29109287,,0.016616184,-0.03757383,0.062832415,0.32497445,-0.65896404,0.67834944,-0.6138905,0.3986386,0.681341,-0.71939546,-0.6378509,-0.27498463,,0.09846171,1.2953951,0.4271103,0.9826101,0.0074593867,-0.18553111,-0.104947686,-0.8019739,-0.5880679,-0.15317772,0.5973125,-0.7872448,,-0.11652956,0.24749424,-0.119568005,-0.6834852,-0.42026514,0.59684604,0.72577554,-0.478715,0.4940464,0.07808866,0.77084965,0.63221276,,-0.056927502,0.40333644,-0.43052694,-0.2483806,0.7825314,-0.57092184,-0.96822083,-0.18276493,0.17072037,0.029249564,0.595182,0.80305845,,1.1143131264218544,0.531555703732873,0.21379970228000003,3.328408472929855,0.0321095774448785,-0.7917580387061489,-0.4230611312877832,,-1.3712407264144297,0.16015403434566788,0.12882530020000002,0.2684031276601912,0.31098467346614245,-0.4271544716117498,0.8753608504136025,,-0.11698505643804993,-0.12851077448590748,0.09694439508,-0.1167695939710949,,1.9833446e-05,2.3841858e-07,-1.0728836e-05,1.0,-9.506941e-06,-7.227063e-06,9.514391e-06,1.0,-1.8775463e-06,7.197261e-06,1.8179417e-06,1.0,189,0.585,1,1,0.561,False,-0.26381016504605226,1.0496115477602863
0.594398122979328,17:04:38.754139,17:03:22.963871,0,,0.111398414,0.0010623038,0.027090892,0.69025373,0.582696,-0.42896956,0.51606005,0.019102842,0.8563392,0.50718004,-0.81246567,-0.28752038,,0.016632628,-0.037563488,0.06283736,0.32465255,-0.6589706,0.6784972,-0.61391246,0.39889902,0.68116874,-0.7195221,-0.6376811,-0.27504689,,0.09846171,1.2953951,0.4271103,0.9826101,0.0074593867,-0.18553111,-0.104947686,-0.8019739,-0.5880679,-0.15317772,0.5973125,-0.7872448,,-0.11669719,0.24744914,-0.11994086,-0.6911089,-0.4245288,0.58493054,0.71962434,-0.47938126,0.50232905,0.067151584,0.7680943,0.6368059,,-0.056943715,0.40334556,-0.4305195,-0.24804492,0.7825298,-0.57106996,-0.96830654,-0.18246828,0.17055123,0.029259268,0.5952751,0.80298907,,1.1137030305247908,0.5312390716850298,0.2134082227,3.3374251404996897,0.020085565465519747,-0.787507417510422,-0.4225710990893805,,-1.3713565674075432,0.16018492527716477,0.12883307794,0.2688225075471602,0.31084803696637703,-0.4270430537080535,0.8753608504136025,,-0.11698505643804993,-0.12851077448590748,0.09694439508,-0.1167695939710949,,1.9833446e-05,2.3841858e-07,-1.0728836e-05,1.0,-9.506941e-06,-7.227063e-06,9.514391e-06,1.0,-1.8775463e-06,7.197261e-06,1.8179417e-06,1.0,197,0.61,1,1,0.586,False,-0.26339312101640555,1.0501909101696396
0.638508384115994,17:04:38.777779,17:03:22.963871,0,,0.1114025,0.0009177476,0.027115092,0.69024783,0.5830877,-0.4284466,0.51589096,0.01861009,0.856452,0.50736,-0.812196,-0.28796422,,0.016638875,-0.037561134,0.06283939,0.3246785,-0.658934,0.67852026,-0.6139032,0.3989209,0.68116426,-0.7195182,-0.6377054,-0.27500093,,0.09846171,1.2953951,0.4271103,0.9826101,0.0074593867,-0.18553111,-0.104947686,-0.8019739,-0.5880679,-0.15317772,0.5973125,-0.7872448,,-0.11672506,0.24734935,-0.12004463,-0.6911574,-0.42502475,0.58451295,0.71960014,-0.4796065,0.50214857,0.06691065,0.76767933,0.6373315,,-0.05695001,0.40334812,-0.4305179,-0.24807042,0.7824994,-0.57110053,-0.96829975,-0.18247579,0.17058177,0.029268112,0.59531283,0.8029608,,1.113332339346828,0.530868380507067,0.21329933434,3.337634830443174,0.019539019466457985,-0.7872251033759174,-0.42289778722164906,,-1.3714106265376627,0.16018492527716477,0.12883567052,0.2688225075471602,0.31084803696637703,-0.4270430537080535,0.8753608504136025,,-0.11698505643804993,-0.12851077448590748,0.09694439508,-0.1167695939710949,,1.9833446e-05,2.3841858e-07,-1.0728836e-05,1.0,-9.506941e-06,-7.227063e-06,9.514391e-06,1.0,-1.8775463e-06,7.197261e-06,1.8179417e-06,1.0,210,0.651,1,1,0.627,False,-0.2630356547052788,1.0500943497680806
0.6621533909346908,17:04:38.811792,17:03:22.963871,0,,0.11142577,0.0006022155,0.02709727,0.6903874,0.5845425,-0.4262337,0.5149994,0.016671568,0.85702825,0.5080754,-0.81119186,-0.28952926,,0.016643684,-0.037561134,0.06284237,0.3246988,-0.6589,0.6785435,-0.6139013,0.39893866,0.6811556,-0.7195107,-0.6377293,-0.27496493,,0.09846171,1.2953951,0.4271103,0.9826101,0.0074593867,-0.18553111,-0.104947686,-0.8019739,-0.5880679,-0.15317772,0.5973125,-0.7872448,,-0.11678762,0.24708852,-0.12021335,-0.6915392,-0.42688206,0.5827051,0.7193304,-0.48052716,0.50165474,0.06585819,0.7660714,0.6393726,,-0.056955222,0.40335,-0.43051895,-0.24809141,0.78247124,-0.5711299,-0.9682944,-0.18248543,0.17060201,0.029268282,0.5953468,0.8029356,,1.1123592750046758,0.5298644252334178,0.21311785374000003,3.3384735902171125,0.017626108469741816,-0.7856652527241675,-0.42289778722164906,,-1.371456962934908,0.16017720254429055,0.12883567052,0.2688225075471602,0.31084803696637703,-0.4270430537080535,0.8753608504136025,,-0.11698505643804993,-0.12851077448590748,0.09694439508,-0.1167695939710949,,1.9833446e-05,2.3841858e-07,-1.0728836e-05,1.0,-9.506941e-06,-7.227063e-06,9.514391e-06,1.0,-1.8775463e-06,7.197261e-06,1.8179417e-06,1.0,218,0.675,1,1,0.651,False,-0.26351227645344677,1.0502391903704191
0.6961662881076336,17:04:38.840714,17:03:22.963871,0,,0.111470714,0.0002239272,0.026986942,0.6885044,0.5882426,-0.42418435,0.5152685,0.014822274,0.85690045,0.51035273,-0.80854875,-0.29289782,,0.016646534,-0.03756167,0.06284177,0.32470217,-0.6588846,0.6785569,-0.61391044,0.398943,0.6811448,-0.7195014,-0.6377425,-0.2749587,,0.09846171,1.2953951,0.4271103,0.9826101,0.0074593867,-0.18553111,-0.104947686,-0.8019739,-0.5880679,-0.15317772,0.5973125,-0.7872448,,-0.11686378,0.24672155,-0.120343074,-0.69006175,-0.43120196,0.5812742,0.72092927,-0.48037305,0.49950245,0.06384201,0.7637451,0.6423532,,-0.05695797,0.40334898,-0.43051854,-0.24809697,0.78245854,-0.57114494,-0.9682933,-0.18249398,0.17059883,0.029255992,0.5953609,0.8029256,,1.1109923512859379,0.5284202741859378,0.21297137297000002,3.336796070669236,0.01462010547490213,-0.7832140588428462,-0.42289778722164906,,-1.3714724084006564,0.1601617570785421,0.12883696681,0.2688225075471602,0.31084803696637703,-0.4270430537080535,0.8753608504136025,,-0.11698505643804993,-0.12851077448590748,0.09694439508,-0.1167695939710949,,1.9833446e-05,2.3841858e-07,-1.0728836e-05,1.0,-9.506941e-06,-7.227063e-06,9.514391e-06,1.0,-1.8775463e-06,7.197261e-06,1.8179417e-06,1.0,231,0.716,1,1,0.692,False,-0.26339312101640555,1.0503840309727575
0.7250822661444545,17:04:38.882172,17:03:23.078559,0,,0.11148937,-0.00043774396,0.026653096,0.6861613,0.59295905,-0.4214049,0.5161335,0.011390299,0.8564323,0.5126292,-0.80515206,-0.29823047,,0.01664764,-0.037565425,0.06284118,0.3246941,-0.65893,0.67851675,-0.613934,0.39888373,0.68115824,-0.7194849,-0.63773274,-0.27502453,,0.09846171,1.2953951,0.4271103,0.9826101,0.0074593867,-0.18553111,-0.104947686,-0.8019739,-0.5880679,-0.15317772,0.5973125,-0.7872448,,-0.11691403,0.24599364,-0.12047433,-0.6880544,-0.43685952,0.5794264,0.72299886,-0.48101145,0.4958837,0.062079217,0.76011956,0.64681095,,-0.05695924,0.40334606,-0.43052086,-0.24809352,0.7824971,-0.5710936,-0.9682951,-0.18252075,0.1705601,0.029226357,0.595302,0.8029703,,1.1086678086907964,0.5253852401663677,0.21281841075000002,3.334908861177875,0.010521010481938913,-0.7798715217319536,-0.42289778722164906,,-1.3714724084006564,0.16013086614704522,0.12883567052,0.2688225075471602,0.31084803696637703,-0.426961374967913,0.8755241944797367,,-0.11698505643804993,-0.12851077448590748,0.09694439508,-0.1167695939710949,,1.9833446e-05,2.3841858e-07,-1.0728836e-05,1.0,-9.506941e-06,-7.227063e-06,9.514391e-06,1.0,-1.8775463e-06,7.197261e-06,1.8179417e-06,1.0,239,0.741,1,1,0.717,False,-0.26297607698675796,1.0505288715750958
0.7665453790687025,17:04:38.906494,17:03:23.078559,0,,0.111503415,-0.0010946766,0.026374325,0.68407357,0.59683716,-0.41931915,0.51725274,0.008395702,0.85579145,0.51428866,-0.80231845,-0.3029724,,0.016646862,-0.03756632,0.06284183,0.3245146,-0.6589506,0.6785825,-0.61391914,0.39903587,0.68108255,-0.71957856,-0.63761616,-0.2750497,,0.09846171,1.2953951,0.4271103,0.9826101,0.0074593867,-0.18553111,-0.104947686,-0.8019739,-0.5880679,-0.15317772,0.5973125,-0.7872448,,-0.11696871,0.24530308,-0.12064638,-0.6861541,-0.44154212,0.57812893,0.72489405,-0.4816483,0.49248713,0.061000988,0.75700426,0.6505562,,-0.056958653,0.40334603,-0.43052208,-0.24790047,0.78250986,-0.57115996,-0.9683433,-0.18233277,0.17048739,0.029266892,0.5953428,0.8029386,,1.1064513843558939,0.5225355517357788,0.21262785612000001,3.333231341629999,0.007241734487568344,-0.77727917078338,-0.42273444315551467,,-1.3714646856677821,0.16013086614704522,0.12883437423000002,0.2690321974906447,0.31084803696637703,-0.426961374967913,0.8755241944797367,,-0.11698505643804993,-0.12851077448590748,0.09694439508,-0.1167695939710949,,1.9833446e-05,2.3841858e-07,-1.0728836e-05,1.0,-9.506941e-06,-7.227063e-06,9.514391e-06,1.0,-1.8775463e-06,7.197261e-06,1.8179417e-06,1.0,252,0.782,1,1,0.758,False,-0.26351227645344677,1.049804668563404
0.7908480509649962,17:04:38.950746,17:03:23.078559,0,,0.111522615,-0.00216531,0.02580525,0.6798677,0.6025914,-0.41792756,0.5207185,0.004599631,0.8537159,0.5163642,-0.7980367,-0.31065345,,0.016646639,-0.037568852,0.06283963,0.3245011,-0.65895355,0.6785861,-0.6139395,0.39902693,0.6810695,-0.71956736,-0.6376188,-0.27507317,,0.09846171,1.2953951,0.4271103,0.9826101,0.0074593867,-0.18553111,-0.104947686,-0.8019739,-0.5880679,-0.15317772,0.5973125,-0.7872448,,-0.1170343,0.24410762,-0.12083883,-0.68194085,-0.44841525,0.5778239,0.7288984,-0.48203322,0.48615953,0.060528945,0.75270694,0.6555673,,-0.05695826,0.40334272,-0.43052268,-0.24789059,0.7825125,-0.5711606,-0.9683466,-0.18234025,0.1704608,0.02924214,0.5953371,0.80294377,,1.1026904134461466,0.5175930026962751,0.21241137569000001,3.329247232703793,0.00300600299483969,-0.7744786456899154,-0.42273444315551467,,-1.3714492402020337,0.16010769794842253,0.12883437423000002,0.2690321974906447,0.31084803696637703,-0.426961374967913,0.8755241944797367,,-0.11698505643804993,-0.12851077448590748,0.09694439508,-0.1167695939710949,,1.9833446e-05,2.3841858e-07,-1.0728836e-05,1.0,-9.506941e-06,-7.227063e-06,9.514391e-06,1.0,-1.8775463e-06,7.197261e-06,1.8179417e-06,1.0,260,0.806,1,1,0.782,False,-0.2629164992682367,1.0505288715750958
0.8351170790847391,17:04:38.971683,17:03:23.078559,0,,0.111518405,-0.0027865395,0.025516793,0.67900395,0.60321736,-0.41842848,0.5224234,0.0034112632,0.85267925,0.51577824,-0.79756963,-0.3128187,,0.016648889,-0.03757091,0.06284058,0.32428357,-0.6590133,0.67863214,-0.61403376,0.39907688,0.6809552,-0.7195849,-0.6375258,-0.27524263,,0.09846171,1.2953951,0.4271103,0.9826101,0.0074593867,-0.18553111,-0.104947686,-0.8019739,-0.5880679,-0.15317772,0.5973125,-0.7872448,,-0.11706463,0.24343938,-0.120986156,-0.68076456,-0.4492687,0.5785476,0.7298902,-0.48268875,0.4840163,0.061805032,0.75177735,0.6565142,,-0.056960788,0.40334204,-0.4305245,-0.24768083,0.7825598,-0.5711868,-0.9684032,-0.18223245,0.17025447,0.029145524,0.5953079,0.8029689,,1.1006284437687286,0.5148591552587997,0.21225452460000002,3.3288278528168243,0.0020495474964816063,-0.7753322951668518,-0.4237145075523203,,-1.3714646856677821,0.1600999752155483,0.12883307794,0.26924188743412925,0.31071140046661155,-0.42684995706421647,0.8755241944797367,,-0.11698505643804993,-0.12851077448590748,0.09694439508,-0.1167695939710949,,1.9833446e-05,2.3841858e-07,-1.0728836e-05,1.0,-9.506941e-06,-7.227063e-06,9.514391e-06,1.0,-1.8775463e-06,7.197261e-06,1.8179417e-06,1.0,273,0.847,1,1,0.823,False,-0.2632143878608417,1.05014262996886
0.8560530480463058,17:04:39.010536,17:03:23.213914,0,,0.11154021,-0.0041308925,0.024821326,0.67916846,0.60213006,-0.41972554,0.5258109,-0.00015771389,0.8506014,0.5121064,-0.7983981,-0.31671375,,0.016649224,-0.03757356,0.06283909,0.32502764,-0.65904254,0.67824763,-0.6140194,0.39839804,0.68136555,-0.71926147,-0.63792,-0.27517474,,0.09846171,1.2953951,0.4271103,0.9826101,0.0074593867,-0.18553111,-0.104947686,-0.8019739,-0.5880679,-0.15317772,0.5973125,-0.7872448,,-0.11714806,0.24194993,-0.121243104,-0.6798257,-0.4485501,0.5802067,0.73033476,-0.48602414,0.4799913,0.06669433,0.75005555,0.65800345,,-0.05696108,0.40333912,-0.43052557,-0.24846455,0.7826018,-0.57078874,-0.9682045,-0.18296517,0.17059836,0.02907611,0.59502786,0.80317897,,1.0959175767154516,0.5088894827470241,0.2119823037,3.3305053723647,0.0019129109967161663,-0.7781613119082157,-0.4233878194200519,,-1.3714724084006564,0.1600613615511772,0.12883307794,0.2684031276601912,0.31084803696637703,-0.42671633874749126,0.8763409148104082,,-0.11698505643804993,-0.12851077448590748,0.09694439508,-0.1167695939710949,,1.9833446e-05,2.3841858e-07,-1.0728836e-05,1.0,-9.506941e-06,-7.227063e-06,9.514391e-06,1.0,-1.8775463e-06,7.197261e-06,1.8179417e-06,1.0,281,0.872,1,1,0.848,False,-0.2626186106756321,1.0507702725789931
0.8948942010756582,17:04:39.044124,17:03:23.213914,0,,0.11161793,-0.005450979,0.024257317,0.6832577,0.5974798,-0.419734,0.5275282,-0.0064744353,0.8495127,0.5048492,-0.8018579,-0.3196113,,0.016651176,-0.037573233,0.06284106,0.324016,-0.65924954,0.6785305,-0.61381614,0.39927024,0.681038,-0.7198911,-0.6371603,-0.27528828,,0.09846171,1.2953951,0.4271103,0.9826101,0.0074593867,-0.18553111,-0.104947686,-0.8019739,-0.5880679,-0.15317772,0.5973125,-0.7872448,,-0.11730556,0.24056002,-0.12157492,-0.68231916,-0.4442733,0.5805702,0.7272762,-0.49314883,0.47736105,0.07422876,0.7479475,0.6595943,,-0.05696329,0.4033407,-0.43052623,-0.24735121,0.78274703,-0.5710731,-0.96847796,-0.1818106,0.17028028,0.029459232,0.5951907,0.8030443,,1.091175818730678,0.5036071334610545,0.21163878685,3.3372154505562053,0.004782277491790415,-0.7809094815865434,-0.4225710990893805,,-1.3714646856677821,0.1600613615511772,0.12883307794,0.26966126732109835,0.31098467346614245,-0.42658272043076595,0.8761775707442738,,-0.11698505643804993,-0.12851077448590748,0.09694439508,-0.1167695939710949,,1.9833446e-05,2.3841858e-07,-1.0728836e-05,1.0,-9.506941e-06,-7.227063e-06,9.514391e-06,1.0,-1.8775463e-06,7.197261e-06,1.8179417e-06,1.0,294,0.913,1,1,0.889,False,-0.26243987752006825,1.050432311173537
0.9284838601015508,17:04:39.075869,17:03:23.213914,0,,0.11170411,-0.0062902644,0.023936346,0.6866825,0.59362537,-0.41961405,0.52796084,-0.010450035,0.84920424,0.49972424,-0.8046737,-0.32058698,,0.016656004,-0.037580058,0.06283224,0.3232838,-0.65995497,0.67819387,-0.6150675,0.39810488,0.6805911,-0.7191518,-0.6371592,-0.27721623,,0.09846171,1.2953951,0.4271103,0.9826101,0.0074593867,-0.18553111,-0.104947686,-0.8019739,-0.5880679,-0.15317772,0.5973125,-0.7872448,,-0.11744809,0.23969935,-0.12180683,-0.6847099,-0.44056582,0.58058083,0.72449917,-0.4980241,0.47652167,0.07920408,0.74690944,0.6601916,,-0.056967124,0.40332925,-0.4305252,-0.24684618,0.78335285,-0.57046056,-0.9686523,-0.18249775,0.1685445,0.027922053,0.5941825,0.80384547,,1.0880403891837427,0.5004485357154966,0.21140026949000001,3.342667389086803,0.0069684614880374625,-0.7833455979668105,-0.42420453975072325,,-1.3714724084006564,0.16008452974979986,0.12883307794,0.2698709572645829,0.3093450354689572,-0.42524570558640895,0.8761775707442738,,-0.11698505643804993,-0.12851077448590748,0.09694439508,-0.1167695939710949,,1.9833446e-05,2.3841858e-07,-1.0728836e-05,1.0,-9.506941e-06,-7.227063e-06,9.514391e-06,1.0,-1.8775463e-06,7.197261e-06,1.8179417e-06,1.0,302,0.937,1,1,0.913,False,-0.26309523242380006,1.0508185527797727
0.9602107519749552,17:04:39.103320,17:03:23.213914,0,,0.11177963,-0.0068176165,0.023770466,0.687782,0.5916652,-0.42058063,0.52862096,-0.011144012,0.8487847,0.49750942,-0.8061068,-0.3204314,,0.01667533,-0.03759049,0.06282532,0.32080752,-0.6610276,0.67832506,-0.61701435,0.39750397,0.6791787,-0.7185928,-0.6364221,-0.28034148,,0.09846171,1.2953951,0.4271103,0.9826101,0.0074593867,-0.18553111,-0.104947686,-0.8019739,-0.5880679,-0.15317772,0.5973125,-0.7872448,,-0.117564715,0.23918043,-0.121975526,-0.6853075,-0.43849945,0.58143944,0.7236732,-0.49945197,0.47628227,0.08155155,0.747172,0.6596085,,-0.056985784,0.40331575,-0.43052575,-0.24464859,0.78424215,-0.57018536,-0.96927166,-0.1822322,0.16523884,0.025681134,0.59308994,0.80472654,,1.08602475590357,0.49858735709280855,0.21122656663000003,3.3447642885216484,0.007788280486630106,-0.7861377526326436,-0.4225710990893804,,-1.3715650811951472,0.16012314341417097,0.12883307794,0.27175816675594355,0.3066123054736483,-0.42326238373290204,0.8756875385458711,,-0.11698505643804993,-0.12851077448590748,0.09694439508,-0.1167695939710949,,1.9833446e-05,2.3841858e-07,-1.0728836e-05,1.0,-9.506941e-06,-7.227063e-06,9.514391e-06,1.0,-1.8775463e-06,7.197261e-06,1.8179417e-06,1.0,315,0.978,1,1,0.954,False,-0.2630356547052788,1.0507702725789931
0.9876554510556161,17:04:39.143839,17:03:23.346545,0,,0.11184259,-0.007683538,0.023472413,0.69276536,0.58567274,-0.4207892,0.52615684,-0.01144284,0.85031044,0.49318862,-0.8104669,-0.31608307,,0.016708337,-0.03756772,0.062840104,0.32050064,-0.6613201,0.678185,-0.61798966,0.39661902,0.6788092,-0.71789134,-0.6366703,-0.28157258,,0.09846171,1.2953951,0.4271103,0.9826101,0.0074593867,-0.18553111,-0.104947686,-0.8019739,-0.5880679,-0.15317772,0.5973125,-0.7872448,,-0.1176922,0.23831259,-0.1222461,-0.6897525,-0.43193778,0.58109486,0.7190944,-0.5023599,0.48014346,0.08452668,0.7490422,0.65710807,,-0.057018954,0.40333903,-0.43051216,-0.24453497,0.7845037,-0.5698742,-0.9693322,-0.1829639,0.16407092,0.024447832,0.5925185,0.80518574,,1.0828738808908864,0.49509668183365907,0.21094786428,3.3531518862610286,0.007651643986864665,-0.7932140638613168,-0.42420453975072325,,-1.3719126041744873,0.16030848900315237,0.12884604084,0.27175816675594355,0.3051093039762285,-0.42228182301266315,0.876177570744274,,-0.11698505643804993,-0.12851077448590748,0.09694439508,-0.1167695939710949,,1.9833446e-05,2.3841858e-07,-1.0728836e-05,1.0,-9.506941e-06,-7.227063e-06,9.514391e-06,1.0,-1.8775463e-06,7.197261e-06,1.8179417e-06,1.0,337,1.048,1,1,1.024,False,-0.26351227645344677,1.051108233984449
1.0281971970107406,17:04:39.210083,17:03:23.346545,0,,0.111699246,-0.009002604,0.022782013,0.6980048,0.57816577,-0.42250854,0.52469593,-0.011407435,0.8512132,0.48732257,-0.81583965,-0.31132376,,0.016809214,-0.037446335,0.06288302,0.31990373,-0.6614444,0.6783455,-0.61807555,0.39694792,0.67853874,-0.71808356,-0.636336,-0.2818378,,0.09846171,1.2953951,0.4271103,0.9826101,0.0074593867,-0.18553111,-0.104947686,-0.8019739,-0.5880679,-0.15317772,0.5973125,-0.7872448,,-0.11761199,0.23684597,-0.12252842,-0.6940422,-0.4236775,0.58206767,0.7143683,-0.50562376,0.4837588,0.089349486,0.75155973,0.65358603,,-0.05711602,0.40344137,-0.43042937,-0.24392286,0.7845962,-0.5700092,-0.9694875,-0.18248823,0.16368261,0.024404787,0.5925427,0.8051693,,1.0791824145770073,0.4887872090754177,0.21071193950000003,3.361120104113441,0.006558551988741141,-0.8025325631493156,-0.42502126008139474,,-1.372932004913885,0.1609803667632099,0.12892641082,0.2728066164733662,0.304016211978105,-0.4213088010429513,0.8763409148104082,,-0.11698505643804993,-0.12851077448590748,0.09694439508,-0.1167695939710949,,1.9833446e-05,2.3841858e-07,-1.0728836e-05,1.0,-9.506941e-06,-7.227063e-06,9.514391e-06,1.0,-1.8775463e-06,7.197261e-06,1.8179417e-06,1.0,351,1.093,1,1,1.069,False,-0.262797343831195,1.0506737121774343
1.0944575890898705,17:04:39.254379,17:03:23.471996,0,,0.11159189,-0.009617902,0.02232854,0.69607866,0.57705975,-0.42717266,0.5270378,-0.006657541,0.8498156,0.48755047,-0.8166748,-0.30876654,,0.016865421,-0.03738092,0.062939584,0.31823102,-0.6611385,0.6794297,-0.61866903,0.39820716,0.67725873,-0.71831566,-0.6358671,-0.2823043,,0.09846171,1.2953951,0.4271103,0.9826101,0.0074593867,-0.18553111,-0.104947686,-0.8019739,-0.5880679,-0.15317772,0.5973125,-0.7872448,,-0.11751224,0.23608159,-0.122567415,-0.69188434,-0.42180702,0.585982,0.7163593,-0.5023716,0.48420247,0.09014073,0.7547858,0.64974844,,-0.057175633,0.40352204,-0.43040532,-0.24228431,0.7843135,-0.57109594,-0.96991277,-0.18134975,0.16242379,0.023823064,0.593266,0.8046539,,1.077460245146055,0.4852424746861486,0.21070156918000002,3.359023204678596,0.004372367992494094,-0.8095711806253536,-0.4243678838168574,,-1.3736502190711877,0.1615209580644056,0.12894455888,0.2746938259647269,0.3023765739809197,-0.42119696730070266,0.876830947008811,,-0.11698505643804993,-0.12851077448590748,0.09694439508,-0.1167695939710949,,1.9833446e-05,2.3841858e-07,-1.0728836e-05,1.0,-9.506941e-06,-7.227063e-06,9.514391e-06,1.0,-1.8775463e-06,7.197261e-06,1.8179417e-06,1.0,360,1.122,1,1,1.098,False,-0.26196325577190027,1.0503840309727575
