Task Time,PC1 Time,PC2 Time,Gaze Calib,s_T_psm1,Tx,Ty,Tz,R00,R01,R02,R10,R11,R12,R20,R21,R22,s_T_psm3,Tx,Ty,Tz,R00,R01,R02,R10,R11,R12,R20,R21,R22,cart_T_ecm,Tx,Ty,Tz,R00,R01,R02,R10,R11,R12,R20,R21,R22,ecm_T_psm1,Tx,Ty,Tz,R00,R01,R02,R10,R11,R12,R20,R21,R22,ecm_T_psm3,Tx,Ty,Tz,R00,R01,R02,R10,R11,R12,R20,R21,R22,psm1_joints,q1,q2,q3,q4,q5,q6,jaw,psm3_joints,q1,q2,q3,q4,q5,q6,jaw,ecm_joints,q1,q2,q3,q4,ecmi_T_ecm,Tx,Ty,Tz,R00,R01,R02,R10,R11,R12,R20,R21,R22,Sample #,Task Duration (s),Collisions (binary),Collisions (increments),Cumulative Collision Time (s),Clutch Press,MTMR Angle,MTML Angle
""
lci_T_si,,,,,-0.05509644,0.014836536,0.20329654,0.97799796,-0.10343062,0.18116859,0.031866997,-0.78417623,-0.6197194,0.20616606,0.61185765,-0.76362675
rci_T_si,,,,,-0.06411915,0.018600209,0.2114436,0.9733347,-0.124126814,0.19290416,0.02867328,-0.7685155,-0.63918835,0.22759025,0.6276754,-0.74446374
ecm_T_lc,,,,,-4.4061628e-05,-0.00034663224,-0.01840835,-0.99912,0.030754527,0.028518902,-0.031987965,-0.99852574,-0.043852776,0.027128186,-0.04472645,0.9986309
ecm_T_rc,,,,,-0.0043358393,0.01870579,-0.007592615,-0.99555075,-0.052743673,-0.078081585,0.04863213,-0.9973746,0.053654674,-0.08070653,0.04961868,0.9955021
cart_T_ecmi,,,,,0.09844024,1.2953911,0.42710486,0.98261136,0.0074690743,-0.185524,-0.10493582,-0.8019738,-0.58807015,-0.15317772,0.5973125,-0.7872448
ecmac_T_ecmrep_psm1,,,,,0.044880565,-0.23049864,-0.32052848,0.99797076,0.0626086,0.011601057,-0.061749555,0.99606305,-0.0636032,-0.015537491,0.06275777,0.9979078
ecmac_T_ecmrep_psm3,,,,,0.047327206,-0.4153428,-0.56493527,0.997773,0.014750276,0.065049894,-0.025394045,0.985803,0.16597453,-0.061678212,-0.16725679,0.9839822
""
0,17:03:48.229508,17:02:32.399481,0,,0.11885894,0.002052255,0.029713973,0.768253,0.5766282,-0.27800542,0.41021734,-0.110064626,0.90532166,0.49143547,-0.80955887,-0.3211006,,0.015596654,-0.035972763,0.060450494,0.2967723,-0.668254,0.682175,-0.552231,0.4627035,0.6935029,-0.7790809,-0.58253074,-0.23171315,,0.098442174,1.2953962,0.42710906,0.98261493,0.007496591,-0.18550383,-0.1049021,-0.8019735,-0.58807653,-0.15317772,0.5973125,-0.7872448,,-0.12428143,0.24984597,-0.11973889,-0.77888054,-0.43669805,0.45015547,0.62627244,-0.5799897,0.5209556,0.03358522,0.68768215,0.7252346,,-0.055398256,0.4026155,-0.42798743,-0.20619936,0.7874464,-0.5808701,-0.9724177,-0.09876441,0.2113041,0.10902134,0.6084191,0.7860919,,1.0842408046096244,0.5604232792167242,0.21305563182,3.4774980227473518,0.011204192980766118,-0.6890301010331467,-0.4282881414040801,,-1.352057457954856,0.16233184501619918,0.13117288139000002,0.31998685375738417,0.3838119278411222,-0.4499481386989705,0.8760142266781396,,-0.11698505643804993,-0.12851077448590748,0.09694439508,-0.1167695939710949,,7.227063e-07,-1.4901161e-06,-6.67572e-06,1.0,2.7008355e-05,2.0481646e-05,-2.7008355e-05,1.0,5.275011e-06,-2.0503998e-05,-5.275011e-06,1.0,33,0.099,0,0,0.0,False,-0.2621419889274632,1.0499012289649627
0.1201585519593209,17:03:48.251528,17:02:32.468931,0,,0.11867248,0.0020021796,0.029945776,0.767714,0.57765526,-0.27736145,0.4095236,-0.10938302,0.9057183,0.49285427,-0.80891883,-0.32053846,,0.015602294,-0.03600319,0.06044954,0.29676557,-0.6681745,0.68225574,-0.5523044,0.4627344,0.6934238,-0.7790314,-0.5825973,-0.23171228,,0.098442174,1.2953962,0.42710906,0.98261493,0.007496591,-0.18550383,-0.1049021,-0.8019735,-0.58807653,-0.15317772,0.5973125,-0.7872448,,-0.12414667,0.24994734,-0.119989045,-0.7786958,-0.43771818,0.4494837,0.6265872,-0.5790572,0.521614,0.031956848,0.68781936,0.72517806,,-0.055405933,0.40259486,-0.42800924,-0.20620641,0.7873814,-0.5809556,-0.97242606,-0.098801926,0.21124798,0.108933195,0.6084971,0.7860438,,1.085337432677764,0.56041555648385,0.21281841075000002,3.4764495730299294,0.009291281984049951,-0.6882870377828023,-0.42796145327181156,,-1.3520497352219818,0.16210016302997246,0.13115862220000002,0.31998685375738417,0.3839485643408877,-0.44997787786252647,0.8758508826120054,,-0.11698505643804993,-0.12851077448590748,0.09694439508,-0.1167695939710949,,7.227063e-07,-1.4901161e-06,-6.67572e-06,1.0,2.7008355e-05,2.0481646e-05,-2.7008355e-05,1.0,5.275011e-06,-2.0503998e-05,-5.275011e-06,1.0,45,0.135,0,0,0.0,False,-0.26309523242380006,1.050046069567301
0.14216428110376,17:03:48.283990,17:02:32.468931,0,,0.118439846,0.0019346848,0.030268267,0.76457083,0.5816871,-0.27761757,0.41042,-0.10726407,0.905566,0.49697766,-0.8063092,-0.32074708,,0.015606575,-0.0360197,0.06044942,0.29674494,-0.6681259,0.68231225,-0.55240136,0.46272695,0.6933515,-0.7789705,-0.58265895,-0.23176199,,0.098442174,1.2953962,0.42710906,0.98261493,0.007496591,-0.18550383,-0.1049021,-0.8019735,-0.58807653,-0.15317772,0.5973125,-0.7872448,,-0.12398499,0.25009015,-0.12032982,-0.7762247,-0.44181567,0.44974902,0.629807,-0.5757787,0.5213656,0.028608423,0.68795186,0.72519225,,-0.055411376,0.40258393,-0.42802113,-0.20620337,0.78734314,-0.58100855,-0.97243965,-0.09885772,0.21115933,0.10881767,0.60853755,0.7860285,,1.0867584155266214,0.5604464474153469,0.21249433825000003,3.4714170143863003,0.005875369489913939,-0.687135164993203,-0.42828814140408017,,-1.352057457954856,0.16197659930398486,0.13115084446000003,0.31998685375738417,0.3839485643408877,-0.44997787786252647,0.8758508826120054,,-0.11698505643804993,-0.12851077448590748,0.09694439508,-0.1167695939710949,,7.227063e-07,-1.4901161e-06,-6.67572e-06,1.0,2.7008355e-05,2.0481646e-05,-2.7008355e-05,1.0,5.275011e-06,-2.0503998e-05,-5.275011e-06,1.0,53,0.16,1,1,0.022,False,-0.2632143878608417,1.0503840309727575
0.1746195370797068,17:03:48.308894,17:02:32.468931,0,,0.1182635,0.0018871129,0.030599132,0.76196,0.58506966,-0.27768743,0.41050744,-0.10469437,0.90582705,0.5008996,-0.80419683,-0.3199485,,0.015605491,-0.036020715,0.06044793,0.2967349,-0.66813314,0.6823095,-0.5524106,0.46272033,0.6933485,-0.7789678,-0.58265585,-0.23177877,,0.098442174,1.2953962,0.42710906,0.98261493,0.007496591,-0.18550383,-0.1049021,-0.8019735,-0.58807653,-0.15317772,0.5973125,-0.7872448,,-0.123876974,0.25025398,-0.12065284,-0.7743479,-0.44513223,0.4497139,0.63226396,-0.5724476,0.52205944,0.02505216,0.6885935,0.7247147,,-0.055410147,0.40258223,-0.42802116,-0.20619462,0.7873492,-0.58100337,-0.9724427,-0.09885904,0.21114482,0.10880728,0.6085294,0.7860362,,1.087978607320749,0.5607012976001963,0.21218582123000002,3.467432905460095,0.002459456995777928,-0.6868000796050094,-0.42926820580088587,,-1.3520420124891075,0.16196887657111064,0.13115084446000003,0.31998685375738417,0.3839485643408877,-0.44997787786252647,0.8758508826120054,,-0.11698505643804993,-0.12851077448590748,0.09694439508,-0.1167695939710949,,7.227063e-07,-1.4901161e-06,-6.67572e-06,1.0,2.7008355e-05,2.0481646e-05,-2.7008355e-05,1.0,5.275011e-06,-2.0503998e-05,-5.275011e-06,1.0,61,0.184,1,1,0.046,False,-0.2632143878608417,1.0505771517758753
0.19950086600147188,17:03:48.337403,17:02:32.468931,0,,0.118173204,0.0018607602,0.030945674,0.75989515,0.5885876,-0.2759056,0.4093642,-0.10359272,0.90647084,0.5049556,-0.80176884,-0.31966642,,0.015600931,-0.03601714,0.060450137,0.29673573,-0.6681595,0.68228346,-0.55237675,0.4627183,0.6933769,-0.77899146,-0.58262736,-0.23177087,,0.098442174,1.2953962,0.42710906,0.98261493,0.007496591,-0.18550383,-0.1049021,-0.8019735,-0.58807653,-0.15317772,0.5973125,-0.7872448,,-0.123852715,0.25044432,-0.120956354,-0.77319443,-0.4488354,0.44801465,0.63382846,-0.57008696,0.522745,0.020780832,0.688148,0.7252727,,-0.05540574,0.40258655,-0.4280205,-0.20618902,0.7873703,-0.58097684,-0.9724393,-0.09883641,0.211171,0.10884811,0.60850585,0.7860488,,1.088874444334159,0.5612650571000147,0.21189285969000002,3.464706936194796,-0.0013663649976544045,-0.6851505956240397,-0.4276347651395431,,-1.352026567023359,0.162015212968356,0.13114954817000002,0.31998685375738417,0.3839485643408877,-0.44997787786252647,0.8758508826120054,,-0.11698505643804993,-0.12851077448590748,0.09694439508,-0.1167695939710949,,7.227063e-07,-1.4901161e-06,-6.67572e-06,1.0,2.7008355e-05,2.0481646e-05,-2.7008355e-05,1.0,5.275011e-06,-2.0503998e-05,-5.275011e-06,1.0,69,0.209,1,1,0.071,False,-0.26386974276457353,1.049804668563404
0.22798940492793918,17:03:48.364809,17:02:32.583602,0,,0.11814874,0.0018437207,0.031169966,0.7579403,0.59091824,-0.2763007,0.41020694,-0.10242078,0.90622294,0.5072047,-0.8002035,-0.32002777,,0.015598651,-0.036008406,0.06045413,0.29604983,-0.6682434,0.6824992,-0.5522208,0.46327043,0.6931324,-0.77936286,-0.58209217,-0.23186693,,0.098442174,1.2953962,0.42710906,0.98261493,0.007496591,-0.18550383,-0.1049021,-0.8019735,-0.58807653,-0.15317772,0.5973125,-0.7872448,,-0.12387015,0.2505676,-0.12114526,-0.77156395,-0.4512211,0.44842905,0.6358646,-0.5681991,0.5223274,0.019111805,0.6881492,0.7253175,,-0.055403497,0.40259534,-0.4280167,-0.20544188,0.787407,-0.5811918,-0.9725706,-0.098067604,0.21092454,0.109087355,0.6085828,0.7859561,,1.0892683037107445,0.5617747574697135,0.21170878651000002,3.4617712769860125,-0.002459456995777928,-0.6845859673550305,-0.42763476513954296,,-1.352018844290485,0.16210016302997246,0.13115084446000003,0.3208256135313223,0.3839485643408877,-0.44989619912238593,0.875687538545871,,-0.11698505643804993,-0.12851077448590748,0.09694439508,-0.1167695939710949,,7.227063e-07,-1.4901161e-06,-6.67572e-06,1.0,2.7008355e-05,2.0481646e-05,-2.7008355e-05,1.0,5.275011e-06,-2.0503998e-05,-5.275011e-06,1.0,77,0.234,1,1,0.096,False,-0.262797343831195,1.0499495091657423
0.25539291091263294,17:03:48.394877,17:02:32.583602,0,,0.11817842,0.0018188432,0.031535044,0.75538284,0.5957385,-0.2729329,0.40807027,-0.10176954,0.9072604,0.51271373,-0.7967049,-0.31997824,,0.015595615,-0.036001373,0.060458124,0.2960681,-0.66826296,0.6824721,-0.55216384,0.46327925,0.69317186,-0.77939636,-0.58206266,-0.2318286,,0.098442174,1.2953962,0.42710906,0.98261493,0.007496591,-0.18550383,-0.1049021,-0.8019735,-0.58807653,-0.15317772,0.5973125,-0.7872448,,-0.12396593,0.25077066,-0.121435754,-0.77031773,-0.45644182,0.44527686,0.6375274,-0.5655398,0.523186,0.013017804,0.6868956,0.72663945,,-0.055400647,0.40260318,-0.4280143,-0.20545006,0.78742206,-0.5811685,-0.9725613,-0.09803786,0.21098118,0.10915472,0.6085681,0.7859581,,1.0896389948887073,0.5626474262845009,0.21142230642,3.459045307720714,-0.007651643986864665,-0.6821490192976589,-0.4279614532718117,,-1.352026567023359,0.16216966762584048,0.13115084446000003,0.3208256135313223,0.3839485643408877,-0.44989619912238593,0.875687538545871,,-0.11698505643804993,-0.12851077448590748,0.09694439508,-0.1167695939710949,,7.227063e-07,-1.4901161e-06,-6.67572e-06,1.0,2.7008355e-05,2.0481646e-05,-2.7008355e-05,1.0,5.275011e-06,-2.0503998e-05,-5.275011e-06,1.0,89,0.272,1,1,0.134,False,-0.2632143878608417,1.050335750771978
0.28550379909574986,17:03:48.422941,17:02:32.583602,0,,0.118259065,0.0017735884,0.03195156,0.75030756,0.6040783,-0.2685663,0.40577048,-0.10009664,0.90847725,0.5219088,-0.79061365,-0.3202206,,0.015594862,-0.036001522,0.060457647,0.29606384,-0.6682679,0.6824691,-0.5521654,0.46327627,0.69317263,-0.77939683,-0.5820593,-0.23183528,,0.098442174,1.2953962,0.42710906,0.98261493,0.007496591,-0.18550383,-0.1049021,-0.8019735,-0.58807653,-0.15317772,0.5973125,-0.7872448,,-0.12412312,0.25098902,-0.12176687,-0.7672785,-0.46540686,0.4412257,0.6413049,-0.56048286,0.5240105,0.003421371,0.6850222,0.7285142,,-0.055399828,0.40260273,-0.4280142,-0.2054459,0.7874262,-0.58116436,-0.9725624,-0.0980368,0.21097682,0.10915319,0.6085629,0.78596234,,1.0898243404776886,0.5636127678937789,0.21109304876,3.453383679246632,-0.015986470472556535,-0.6789463917383619,-0.42730807700727447,,-1.352018844290485,0.16216966762584048,0.13115084446000003,0.3208256135313223,0.3839485643408877,-0.44989619912238593,0.875687538545871,,-0.11698505643804993,-0.12851077448590748,0.09694439508,-0.1167695939710949,,7.227063e-07,-1.4901161e-06,-6.67572e-06,1.0,2.7008355e-05,2.0481646e-05,-2.7008355e-05,1.0,5.275011e-06,-2.0503998e-05,-5.275011e-06,1.0,102,0.311,1,1,0.17,False,-0.2621419889274632,1.049804668563404
0.313590913079679,17:03:48.464391,17:02:32.583602,0,,0.11834888,0.001645349,0.032493934,0.7456641,0.6125614,-0.26220852,0.40231544,-0.10020596,0.91000044,0.5311563,-0.78404546,-0.321163,,0.015594862,-0.036001522,0.060457647,0.29606384,-0.6682679,0.6824691,-0.5521654,0.46327627,0.69317263,-0.77939683,-0.5820593,-0.23183528,,0.098442174,1.2953962,0.42710906,0.98261493,0.007496591,-0.18550383,-0.1049021,-0.8019735,-0.58807653,-0.15317772,0.5973125,-0.7872448,,-0.12432244,0.25121844,-0.1222426,-0.76482695,-0.47483703,0.4353958,0.6441998,-0.5565468,0.52465445,-0.006807221,0.6817518,0.7315519,,-0.055399828,0.40260273,-0.4280142,-0.2054459,0.7874262,-0.58116436,-0.9725624,-0.0980368,0.21097682,0.10915319,0.6085629,0.78596234,,1.089909290539305,0.564717118694793,0.21061860662,3.448770500489972,-0.024867842957310163,-0.6739912327220303,-0.4266547007427374,,-1.352018844290485,0.16216966762584048,0.13115084446000003,0.3208256135313223,0.3839485643408877,-0.44989619912238593,0.875687538545871,,-0.11698505643804993,-0.12851077448590748,0.09694439508,-0.1167695939710949,,7.227063e-07,-1.4901161e-06,-6.67572e-06,1.0,2.7008355e-05,2.0481646e-05,-2.7008355e-05,1.0,5.275011e-06,-2.0503998e-05,-5.275011e-06,1.0,110,0.336,0,1,0.17,False,-0.2639888982016152,1.0504805913743163
0.3550183610059321,17:03:48.490898,17:02:32.583602,0,,0.118356965,0.0015182421,0.03282951,0.7432627,0.61611843,-0.26068854,0.4021628,-0.10008606,0.91008115,0.5346264,-0.7812687,-0.32217032,,0.015594643,-0.036002208,0.06045693,0.296237,-0.66826695,0.68239486,-0.55219406,0.46312448,0.69325125,-0.77931076,-0.5821812,-0.23181859,,0.098442174,1.2953962,0.42710906,0.98261493,0.007496591,-0.18550383,-0.1049021,-0.8019735,-0.58807653,-0.15317772,0.5973125,-0.7872448,,-0.124405935,0.25132245,-0.122575834,-0.76310855,-0.47877252,0.43409932,0.64619124,-0.5547513,0.52410674,-0.010110756,0.6804615,0.73271406,,-0.05539955,0.40260178,-0.42801434,-0.20563245,0.7874337,-0.5810882,-0.9725283,-0.09822707,0.21104553,0.10910578,0.6085225,0.7860002,,1.09000968606667,0.5652808781946115,0.21027638606000001,3.445834841281189,-0.02760057295261897,-0.6718445533882424,-0.4268180448088717,,-1.352018844290485,0.16216194489296626,0.13115084446000003,0.32061592358783775,0.3839485643408877,-0.44989619912238593,0.875687538545871,,-0.11698505643804993,-0.12851077448590748,0.09694439508,-0.1167695939710949,,7.227063e-07,-1.4901161e-06,-6.67572e-06,1.0,2.7008355e-05,2.0481646e-05,-2.7008355e-05,1.0,5.275011e-06,-2.0503998e-05,-5.275011e-06,1.0,127,0.389,0,1,0.17,False,-0.2634526987349264,1.0505288715750958
0.3815405850764364,17:03:48.539673,17:02:32.729413,0,,0.11825878,0.0011618212,0.03345634,0.7417132,0.6190072,-0.25824678,0.40091777,-0.100500435,0.9105847,0.5377046,-0.7789286,-0.32271367,,0.015591849,-0.036001045,0.06045443,0.29640046,-0.66817486,0.68241405,-0.55221486,0.46307832,0.6932655,-0.7792338,-0.58232355,-0.2317197,,0.098442174,1.2953962,0.42710906,0.98261493,0.007496591,-0.18550383,-0.1049021,-0.8019735,-0.58807653,-0.15317772,0.5973125,-0.7872448,,-0.12446761,0.25142223,-0.123294055,-0.7623016,-0.48205313,0.43188074,0.6470796,-0.5536466,0.5241788,-0.013572735,0.6790436,0.7339725,,-0.055396307,0.40260085,-0.42801234,-0.20580743,0.78736293,-0.5811221,-0.97249544,-0.09837285,0.21112888,0.10906841,0.6085905,0.78595275,,1.090388099977507,0.5657365194341907,0.20957250059000002,3.4441573217333126,-0.03046993944769322,-0.6695864561507581,-0.426981388875006,,-1.3519956760918623,0.16216966762584048,0.13115214075,0.3204062336443532,0.3839485643408877,-0.450059556602667,0.8760142266781396,,-0.11698505643804993,-0.12851077448590748,0.09694439508,-0.1167695939710949,,7.227063e-07,-1.4901161e-06,-6.67572e-06,1.0,2.7008355e-05,2.0481646e-05,-2.7008355e-05,1.0,5.275011e-06,-2.0503998e-05,-5.275011e-06,1.0,135,0.414,0,1,0.17,False,-0.2639888982016152,1.0500943497680806
0.4302637290675193,17:03:48.565751,17:02:32.729413,0,,0.11817476,0.0009563565,0.03385614,0.7403692,0.6213392,-0.25649732,0.39973614,-0.10018301,0.911139,0.5404296,-0.7771107,-0.32254434,,0.015592564,-0.035999317,0.06045693,0.29645476,-0.66816497,0.68240017,-0.55209285,0.46313837,0.69332254,-0.7792996,-0.5822872,-0.2315897,,0.098442174,1.2953962,0.42710906,0.98261493,0.007496591,-0.18550383,-0.1049021,-0.8019735,-0.58807653,-0.15317772,0.5973125,-0.7872448,,-0.1244831,0.25150317,-0.12374386,-0.7616252,-0.4846003,0.43022045,0.6478031,-0.5522818,0.5247246,-0.01667877,0.6783416,0.73455733,,-0.055397283,0.40260378,-0.42801243,-0.20584089,0.7873518,-0.5811254,-0.9724723,-0.09830744,0.21126595,0.10921167,0.6086155,0.78591347,,1.0908128502855894,0.5660068150847886,0.20912787312000003,3.4426894921289213,-0.03333930594276747,-0.66822682505482,-0.42730807700727463,,-1.3520111215576107,0.1621773903587147,0.13115214075,0.3204062336443532,0.38408520084065306,-0.45008929576622286,0.8758508826120054,,-0.11698505643804993,-0.12851077448590748,0.09694439508,-0.1167695939710949,,7.227063e-07,-1.4901161e-06,-6.67572e-06,1.0,2.7008355e-05,2.0481646e-05,-2.7008355e-05,1.0,5.275011e-06,-2.0503998e-05,-5.275011e-06,1.0,152,0.467,0,1,0.17,False,-0.26339312101640555,1.0502391903704191
0.456374746048823,17:03:48.614835,17:02:32.729413,0,,0.118082896,0.00076208264,0.034384504,0.7373997,0.6261764,-0.25326797,0.39724764,-0.098780036,0.9123797,0.54629284,-0.7733987,-0.32158762,,0.015597109,-0.035987634,0.060461164,0.29628694,-0.66821176,0.6824272,-0.5521033,0.46321043,0.69326615,-0.7793561,-0.5821761,-0.23167887,,0.098442174,1.2953962,0.42710906,0.98261493,0.007496591,-0.18550383,-0.1049021,-0.8019735,-0.58807653,-0.15317772,0.5973125,-0.7872448,,-0.12451176,0.25167137,-0.12428814,-0.7600864,-0.4897724,0.42707333,0.6494025,-0.5488967,0.52629733,-0.0233468,0.67737395,0.7352683,,-0.055401567,0.40261412,-0.4280054,-0.20566735,0.7873851,-0.58114165,-0.972509,-0.09817271,0.21115956,0.109211646,0.6085941,0.78593004,,1.0915387871757665,0.56653968365311,0.20859380164000002,3.4395441429766533,-0.03948794843221229,-0.6662351327736818,-0.4268180448088717,,-1.3520729034206045,0.16226234042033116,0.13115732591,0.32061592358783775,0.3839485643408877,-0.44997787786252647,0.8758508826120054,,-0.11698505643804993,-0.12851077448590748,0.09694439508,-0.1167695939710949,,7.227063e-07,-1.4901161e-06,-6.67572e-06,1.0,2.7008355e-05,2.0481646e-05,-2.7008355e-05,1.0,5.275011e-06,-2.0503998e-05,-5.275011e-06,1.0,160,0.492,0,1,0.17,False,-0.2629164992682367,1.0502874705711984
0.505436500068754,17:03:48.646546,17:02:32.857920,0,,0.11806778,0.00067324936,0.034951195,0.73271257,0.6341739,-0.24689181,0.3930988,-0.09825736,0.9142312,0.5555226,-0.7669217,-0.3212876,,0.015594203,-0.0359747,0.06046468,0.29613826,-0.66829896,0.6824063,-0.551993,0.46331695,0.6932827,-0.77949065,-0.5819912,-0.2316907,,0.098442174,1.2953962,0.42710906,0.98261493,0.007496591,-0.18550383,-0.1049021,-0.8019735,-0.58807653,-0.15317772,0.5973125,-0.7872448,,-0.12460758,0.25194666,-0.12478238,-0.7576835,-0.49862713,0.42105427,0.65173674,-0.5445164,0.5279594,-0.03398393,0.67444265,0.7375447,,-0.05539831,0.4026253,-0.42799813,-0.20549078,0.7874487,-0.5811179,-0.9725301,-0.097956255,0.21116273,0.10935568,0.60854673,0.7859467,,1.0922956149974403,0.5675513616596335,0.20811287805000003,3.434930964219993,-0.04905250341579312,-0.6615396716402737,-0.4264913566766031,,-1.3520806261534788,0.16237045868057032,0.13116121478,0.3208256135313223,0.3839485643408877,-0.44989619912238593,0.875687538545871,,-0.11698505643804993,-0.12851077448590748,0.09694439508,-0.1167695939710949,,7.227063e-07,-1.4901161e-06,-6.67572e-06,1.0,2.7008355e-05,2.0481646e-05,-2.7008355e-05,1.0,5.275011e-06,-2.0503998e-05,-5.275011e-06,1.0,177,0.545,0,1,0.17,False,-0.26297607698675796,1.0499495091657423
0.5371891290415078,17:03:48.694291,17:02:32.857920,0,,0.11811467,0.0006919876,0.035445347,0.7283555,0.64140844,-0.24102579,0.3880249,-0.09618187,0.9166163,0.5647431,-0.76114666,-0.3189372,,0.015588928,-0.0359595,0.060469806,0.29577407,-0.6684057,0.68245983,-0.5519438,0.46352133,0.69318527,-0.77966374,-0.5817058,-0.23182496,,0.098442174,1.2953962,0.42710906,0.98261493,0.007496591,-0.18550383,-0.1049021,-0.8019735,-0.58807653,-0.15317772,0.5973125,-0.7872448,,-0.12473665,0.25226304,-0.12514293,-0.75572675,-0.5064043,0.41524908,0.6533329,-0.53933537,0.5312941,-0.045091085,0.67280906,0.73844075,,-0.05539282,0.40263936,-0.42799056,-0.20510055,0.78752244,-0.5811559,-0.9726028,-0.097598836,0.2109935,0.10944198,0.6085087,0.78596413,,1.0929597700246236,0.568810167118132,0.20776676862000001,3.431156545237272,-0.05889033139890483,-0.6587450219431273,-0.42616466854433455,,-1.3520806261534788,0.16251719060518058,0.13116380736000002,0.3212449934182913,0.3838119278411222,-0.4497847812186894,0.875687538545871,,-0.11698505643804993,-0.12851077448590748,0.09694439508,-0.1167695939710949,,7.227063e-07,-1.4901161e-06,-6.67572e-06,1.0,2.7008355e-05,2.0481646e-05,-2.7008355e-05,1.0,5.275011e-06,-2.0503998e-05,-5.275011e-06,1.0,185,0.569,0,1,0.17,False,-0.26351227645344677,1.0501909101696396
0.584941647015512,17:03:48.721193,17:02:32.857920,0,,0.11818754,0.0007415116,0.035735562,0.7249974,0.6458647,-0.23924334,0.38647085,-0.093957424,0.91750324,0.5701043,-0.75764817,-0.31772694,,0.015586421,-0.035951782,0.060472965,0.29579234,-0.6684253,0.68243265,-0.5518868,0.46353012,0.6932247,-0.7796971,-0.5816763,-0.23178664,,0.098442174,1.2953962,0.42710906,0.98261493,0.007496591,-0.18550383,-0.1049021,-0.8019735,-0.58807653,-0.15317772,0.5973125,-0.7872448,,-0.12485141,0.25247946,-0.12532176,-0.75359464,-0.51105595,0.41342098,0.6553657,-0.53543025,0.53273845,-0.050901085,0.6724108,0.7384259,,-0.055390283,0.4026469,-0.42798695,-0.20510875,0.7875376,-0.58113253,-0.9725935,-0.09756909,0.21105014,0.10950934,0.6084939,0.78596616,,1.0932146202094732,0.5698295678575297,0.20759565834000002,3.4275918161980354,-0.06353597239092981,-0.6578972478625094,-0.4264913566766031,,-1.3520883488863529,0.1625866952010486,0.13116510365,0.3212449934182913,0.3838119278411222,-0.4497847812186894,0.875687538545871,,-0.11698505643804993,-0.12851077448590748,0.09694439508,-0.1167695939710949,,7.227063e-07,-1.4901161e-06,-6.67572e-06,1.0,2.7008355e-05,2.0481646e-05,-2.7008355e-05,1.0,5.275011e-06,-2.0503998e-05,-5.275011e-06,1.0,198,0.61,0,1,0.17,False,-0.26351227645344677,1.05014262996886
0.6118393659126014,17:03:48.757038,17:02:32.985902,0,,0.118304506,0.0008196011,0.035915032,0.72148204,0.6510359,-0.23583005,0.3849619,-0.094035596,0.9181293,0.5755588,-0.7531995,-0.31846917,,0.015586663,-0.03594919,0.06047529,0.29580548,-0.66842353,0.68242866,-0.55186534,0.46353802,0.69323665,-0.77970743,-0.5816721,-0.23176283,,0.098442174,1.2953962,0.42710906,0.98261493,0.007496591,-0.18550383,-0.1049021,-0.8019735,-0.58807653,-0.15317772,0.5973125,-0.7872448,,-0.12498606,0.25265104,-0.12538825,-0.7513192,-0.5168833,0.41030607,0.65749085,-0.5327687,0.53278816,-0.05679109,0.6700665,0.7401254,,-0.0553907,0.40265027,-0.42798635,-0.20511839,0.7875357,-0.5811316,-0.97258866,-0.097560935,0.21107627,0.10953437,0.6084976,0.78595984,,1.093176006545102,0.570702236672317,0.20753343642000002,3.424027087158798,-0.06831824988272023,-0.6547327298943997,-0.42665470074273737,,-1.3521037943521015,0.1626175861325455,0.13116510365,0.3212449934182913,0.3838119278411222,-0.4497847812186894,0.875687538545871,,-0.11698505643804993,-0.12851077448590748,0.09694439508,-0.1167695939710949,,7.227063e-07,-1.4901161e-06,-6.67572e-06,1.0,2.7008355e-05,2.0481646e-05,-2.7008355e-05,1.0,5.275011e-06,-2.0503998e-05,-5.275011e-06,1.0,206,0.635,0,1,0.17,False,-0.26249945523859,1.0508185527797727
0.6476212220732123,17:03:48.794812,17:02:32.985902,0,,0.11850604,0.00087560713,0.036078736,0.7175865,0.65618306,-0.23343784,0.3819696,-0.09051767,0.91973126,0.5823819,-0.749153,-0.3155964,,0.015587095,-0.035949934,0.060474813,0.29580393,-0.6683093,0.6825412,-0.5518715,0.4636506,0.69315636,-0.7797037,-0.58171356,-0.2316713,,0.098442174,1.2953962,0.42710906,0.98261493,0.007496591,-0.18550383,-0.1049021,-0.8019735,-0.58807653,-0.15317772,0.5973125,-0.7872448,,-0.12520343,0.25279564,-0.125437,-0.7491127,-0.522128,0.4076916,0.6592749,-0.5275031,0.53581446,-0.06470517,0.67016625,0.7393852,,-0.055391107,0.40264943,-0.42798662,-0.20511794,0.78743863,-0.5812633,-0.97258955,-0.09752987,0.2110864,0.10952705,0.6086282,0.7858597,,1.092658583442529,0.5715980736857271,0.20748417740000002,3.42088173800653,-0.07501343837122681,-0.6553991581238172,-0.42616466854433455,,-1.3521037943521015,0.16260214066679704,0.13116510365,0.3212449934182913,0.3838119278411222,-0.44994813869897055,0.8756875385458711,,-0.11698505643804993,-0.12851077448590748,0.09694439508,-0.1167695939710949,,7.227063e-07,-1.4901161e-06,-6.67572e-06,1.0,2.7008355e-05,2.0481646e-05,-2.7008355e-05,1.0,5.275011e-06,-2.0503998e-05,-5.275011e-06,1.0,223,0.688,0,1,0.17,False,-0.26309523242380006,1.05014262996886
0.6854550431016833,17:03:48.841175,17:02:32.985902,0,,0.11876439,0.00084812194,0.036143467,0.71123886,0.6643015,-0.22987527,0.38166136,-0.09031272,0.9198793,0.59031665,-0.74198854,-0.3177723,,0.015588034,-0.03595789,0.060470045,0.29573447,-0.6683609,0.6825208,-0.5520381,0.4635265,0.6931067,-0.77961195,-0.58175325,-0.23188016,,0.098442174,1.2953962,0.42710906,0.98261493,0.007496591,-0.18550383,-0.1049021,-0.8019735,-0.58807653,-0.15317772,0.5973125,-0.7872448,,-0.12547041,0.25281385,-0.1254464,-0.7443425,-0.53126335,0.4046152,0.6638592,-0.522955,0.5346111,-0.072423756,0.6665413,0.7419417,,-0.05539185,0.4026406,-0.42798957,-0.20507717,0.7874865,-0.5812128,-0.9726202,-0.097635396,0.21089631,0.10933106,0.60854936,0.7859481,,1.09145383711415,0.5721000513225517,0.20746473305000002,3.41438134975851,-0.08143535386020251,-0.6517144127127561,-0.4266547007427375,,-1.3520806261534788,0.16254035880380324,0.13116380736000002,0.3212449934182913,0.3836752913413568,-0.44983672079527426,0.8756875385458711,,-0.11698505643804993,-0.12851077448590748,0.09694439508,-0.1167695939710949,,7.227063e-07,-1.4901161e-06,-6.67572e-06,1.0,2.7008355e-05,2.0481646e-05,-2.7008355e-05,1.0,5.275011e-06,-2.0503998e-05,-5.275011e-06,1.0,231,0.713,0,1,0.17,False,-0.2632143878608417,1.0503840309727575
0.7318195039406419,17:03:48.867244,17:02:32.985902,0,,0.11888328,0.00083212554,0.036178395,0.70734906,0.67012125,-0.22493285,0.37898338,-0.090919375,0.9209262,0.5966814,-0.7366622,-0.3182767,,0.015587069,-0.035966385,0.060468614,0.2961057,-0.6682914,0.68242794,-0.5520289,0.46332258,0.69325036,-0.77947766,-0.5819954,-0.23172385,,0.098442174,1.2953962,0.42710906,0.98261493,0.007496591,-0.18550383,-0.1049021,-0.8019735,-0.58807653,-0.15317772,0.5973125,-0.7872448,,-0.12559462,0.2528227,-0.12545665,-0.7420192,-0.5379477,0.4000248,0.6656127,-0.5201756,0.5351421,-0.07979536,0.6633473,0.7440451,,-0.055391304,0.40263417,-0.42799535,-0.20546359,0.7874423,-0.5811362,-0.9725405,-0.09795649,0.211115,0.10931482,0.6085549,0.785946,,1.0909518594773253,0.5721618331855455,0.20745306644000003,3.411236000606242,-0.08840381534823998,-0.6482374256080338,-0.4264913566766031,,-1.3520651806877302,0.16247085420793522,0.13115991849,0.3208256135313223,0.3838119278411222,-0.4499481386989705,0.8760142266781396,,-0.11698505643804993,-0.12851077448590748,0.09694439508,-0.1167695939710949,,7.227063e-07,-1.4901161e-06,-6.67572e-06,1.0,2.7008355e-05,2.0481646e-05,-2.7008355e-05,1.0,5.275011e-06,-2.0503998e-05,-5.275011e-06,1.0,248,0.766,0,1,0.17,False,-0.2632143878608417,1.0501909101696396
0.757889763917774,17:03:48.914554,17:02:33.123529,0,,0.119122945,0.00081060827,0.036285803,0.69499505,0.6847154,-0.21942346,0.37624502,-0.086271435,0.9224949,0.6127164,-0.72368646,-0.31757915,,0.015594881,-0.03599553,0.06046194,0.29604903,-0.66821676,0.6825255,-0.5522228,0.4632966,0.6931133,-0.77936184,-0.5821019,-0.23184618,,0.098442174,1.2953962,0.42710906,0.98261493,0.007496591,-0.18550383,-0.1049021,-0.8019735,-0.58807653,-0.15317772,0.5973125,-0.7872448,,-0.12584996,0.2528716,-0.12549958,-0.73312914,-0.5538043,0.39474356,0.67320156,-0.5085498,0.53682095,-0.09654698,0.65930104,0.74565464,,-0.055400096,0.40260988,-0.42801228,-0.20544139,0.7873844,-0.5812226,-0.97257096,-0.098060474,0.21092616,0.10908499,0.6086132,0.78593284,,1.0900019633337958,0.5723626242402753,0.20741158516000002,3.3988642939406555,-0.10384373982173474,-0.6446318639057999,-0.42551129227979745,,-1.3520497352219818,0.16223144948883428,0.13115084446000003,0.3208256135313223,0.3838119278411222,-0.4499481386989705,0.8760142266781396,,-0.11698505643804993,-0.12851077448590748,0.09694439508,-0.1167695939710949,,7.227063e-07,-1.4901161e-06,-6.67572e-06,1.0,2.7008355e-05,2.0481646e-05,-2.7008355e-05,1.0,5.275011e-06,-2.0503998e-05,-5.275011e-06,1.0,256,0.791,0,1,0.17,False,-0.26351227645344677,1.0508668329805522
0.8051676710601896,17:03:48.944180,17:02:33.123529,0,,0.11916354,0.00080741197,0.036381647,0.68868303,0.6904441,-0.2213649,0.37975618,-0.08340117,0.92131937,0.6176575,-0.7185618,-0.3196376,,0.015598044,-0.03600787,0.060459793,0.29606727,-0.6681251,0.6826074,-0.5521977,0.46339455,0.69306785,-0.7793726,-0.5821291,-0.2317414,,0.098442174,1.2953962,0.42710906,0.98261493,0.007496591,-0.18550383,-0.1049021,-0.8019735,-0.58807653,-0.15317772,0.5973125,-0.7872448,,-0.12590665,0.25292763,-0.12556662,-0.72735363,-0.55989176,0.39683485,0.67898613,-0.5031386,0.5346301,-0.09967206,0.65831053,0.7461184,,-0.055403784,0.40260005,-0.42801988,-0.20545568,0.787306,-0.5813236,-0.9725647,-0.09802604,0.21097103,0.10911392,0.60872006,0.78584605,,1.089909290539305,0.5726483653566217,0.20734677066,3.390476696201274,-0.10602992381798179,-0.6435026073677816,-0.42551129227979734,,-1.3520420124891075,0.16212333122859512,0.13114695559,0.3208256135313223,0.3839485643408877,-0.450059556602667,0.8760142266781396,,-0.11698505643804993,-0.12851077448590748,0.09694439508,-0.1167695939710949,,7.227063e-07,-1.4901161e-06,-6.67572e-06,1.0,2.7008355e-05,2.0481646e-05,-2.7008355e-05,1.0,5.275011e-06,-2.0503998e-05,-5.275011e-06,1.0,273,0.844,0,1,0.17,False,-0.2635718541719685,1.0509151131813312
0.8348035330418497,17:03:48.996175,17:02:33.123529,0,,0.11921232,0.00086873025,0.036673144,0.67888653,0.700925,-0.21867128,0.37737492,-0.07761812,0.922802,0.6298421,-0.70899904,-0.3172055,,0.01559322,-0.036049057,0.060454905,0.29599607,-0.6680382,0.6827234,-0.552328,0.4634395,0.6929339,-0.7793073,-0.58219314,-0.23180011,,0.098442174,1.2953962,0.42710906,0.98261493,0.007496591,-0.18550383,-0.1049021,-0.8019735,-0.58807653,-0.15317772,0.5973125,-0.7872448,,-0.12599653,0.25315413,-0.12574473,-0.72024035,-0.5709889,0.3939868,0.6845139,-0.49270305,0.5372936,-0.11267018,0.65667,0.7457144,,-0.055401344,0.40257046,-0.42804918,-0.20540613,0.78723437,-0.58143824,-0.97259223,-0.09805326,0.21083152,0.108961895,0.6088084,0.7857987,,1.0903494863131358,0.5733279658495534,0.20718862328,3.3802018889705328,-0.11778066279780966,-0.641843505443524,-0.4263280126104688,,-1.3519338942288683,0.16184531284512305,0.13112491866,0.3208256135313223,0.38408520084065306,-0.4501709745063634,0.8760142266781396,,-0.11698505643804993,-0.12851077448590748,0.09694439508,-0.1167695939710949,,7.227063e-07,-1.4901161e-06,-6.67572e-06,1.0,2.7008355e-05,2.0481646e-05,-2.7008355e-05,1.0,5.275011e-06,-2.0503998e-05,-5.275011e-06,1.0,281,0.868,0,1,0.17,False,-0.26351227645344677,1.0507219923782136
0.8868099350947887,17:03:49.033953,17:02:33.123529,0,,0.11919008,0.00095102936,0.0370882,0.66920257,0.710222,-0.2185235,0.36812833,-0.061415285,0.9277444,0.64548373,-0.7012937,-0.30255222,,0.015585903,-0.036064554,0.060455024,0.29598498,-0.6679945,0.6827709,-0.55229676,0.46351558,0.6929079,-0.7793337,-0.5821827,-0.23173776,,0.098442174,1.2953962,0.42710906,0.98261493,0.007496591,-0.18550383,-0.1049021,-0.8019735,-0.58807653,-0.15317772,0.5973125,-0.7872448,,-0.12603578,0.25347248,-0.12602158,-0.7147718,-0.5791906,0.3919688,0.68671095,-0.47514644,0.550149,-0.13239858,0.66240025,0.7373578,,-0.055395342,0.40256128,-0.42806235,-0.20538855,0.78719544,-0.58149713,-0.97259164,-0.098000154,0.21085902,0.10900044,0.6088673,0.78574777,,1.0914770053127727,0.5739535072123656,0.20695010592000002,3.372443361061605,-0.13677313626520587,-0.6504516451711873,-0.4264913566766031,,-1.3518643896330005,0.16176036278350658,0.13111325205000002,0.3208256135313223,0.38422183734041854,-0.4502823924100598,0.8760142266781396,,-0.11698505643804993,-0.12851077448590748,0.09694439508,-0.1167695939710949,,7.227063e-07,-1.4901161e-06,-6.67572e-06,1.0,2.7008355e-05,2.0481646e-05,-2.7008355e-05,1.0,5.275011e-06,-2.0503998e-05,-5.275011e-06,1.0,298,0.922,0,1,0.17,False,-0.26381016504605226,1.0505288715750958
0.9245993359945714,17:03:49.074846,17:02:33.267200,0,,0.118987545,0.0009916052,0.037437826,0.6585396,0.7203567,-0.2177421,0.36669946,-0.05450067,0.9287417,0.6571582,-0.69145924,-0.3000454,,0.015589021,-0.036078725,0.06045723,0.2959425,-0.6680665,0.68271875,-0.5523542,0.46343163,0.69291824,-0.77930915,-0.58216673,-0.23186052,,0.09844108,1.295396,0.42710972,0.9826126,0.0074789445,-0.18551676,-0.104923725,-0.8019737,-0.5880724,-0.15317772,0.5973125,-0.7872448,,-0.1258896,0.25371876,-0.12631153,-0.70658505,-0.58984274,0.39092603,0.6926923,-0.4636368,0.5524657,-0.14462017,0.6611554,0.73617834,,-0.05539733,0.40255257,-0.4280745,-0.20537053,0.78726375,-0.581411,-0.9726022,-0.098047376,0.21078838,0.10894023,0.6087713,0.78583044,,1.0930910564834855,0.5741234073355985,0.20669473679000003,3.3602813443395028,-0.14838723874526832,-0.6487406036703449,-0.4256746363459316,,-1.3518103305028808,0.16172174911913545,0.13110417802000002,0.3208256135313223,0.38422183734041854,-0.45020071366991926,0.8758508826120054,,-0.11698505643804993,-0.12851077448590748,0.09694439508,-0.1167695939710949,,-4.246831e-07,-9.536743e-07,-6.7949295e-06,0.99999994,9.693205e-06,7.338822e-06,-9.678304e-06,1.0,1.8775463e-06,-7.353723e-06,-1.9073486e-06,1.0,306,0.946,0,1,0.17,False,-0.2631548101423209,1.0501909101696396
0.9654757590033114,17:03:49.100648,17:02:33.267200,0,,0.1188317,0.0009983554,0.037636936,0.65338707,0.7255493,-0.21601668,0.36607188,-0.053051263,0.9290731,0.6626285,-0.6861223,-0.3002663,,0.015586983,-0.03607968,0.06045705,0.29593396,-0.6680765,0.6827127,-0.5523573,0.4634257,0.6929198,-0.77931017,-0.58216,-0.23187381,,0.09844108,1.295396,0.42710972,0.9826126,0.0074789445,-0.18551676,-0.104923725,-0.8019737,-0.5880724,-0.15317772,0.5973125,-0.7872448,,-0.12577128,0.25384527,-0.12649584,-0.7025957,-0.5956375,0.3893267,0.6955223,-0.45922276,0.5525968,-0.15035968,0.65903753,0.7369271,,-0.055395376,0.40255198,-0.4280755,-0.20536223,0.787272,-0.5814028,-0.9726043,-0.09804527,0.21077968,0.108937144,0.608761,0.7858389,,1.0941954072844997,0.5741002391369758,0.20653270054000003,3.3542003359784514,-0.1539893352356514,-0.6456426869413218,-0.4266547007427375,,-1.3517948850371324,0.16172174911913545,0.13110288173,0.3208256135313223,0.38422183734041854,-0.45020071366991926,0.8758508826120054,,-0.11698505643804993,-0.12851077448590748,0.09694439508,-0.1167695939710949,,-4.246831e-07,-9.536743e-07,-6.7949295e-06,0.99999994,9.693205e-06,7.338822e-06,-9.678304e-06,1.0,1.8775463e-06,-7.353723e-06,-1.9073486e-06,1.0,319,0.987,0,1,0.17,False,-0.2630356547052788,1.050432311173537
0.9912935378961265,17:03:49.138055,17:02:33.267200,0,,0.11849144,0.0010717213,0.03813818,0.6370565,0.741676,-0.20994143,0.35783392,-0.043322533,0.93277967,0.6827252,-0.6693578,-0.29299587,,0.015584014,-0.036077473,0.06045896,0.29593596,-0.66809237,0.6826962,-0.55233425,0.46342534,0.69293845,-0.7793258,-0.5821421,-0.2318663,,0.09844108,1.295396,0.42710972,0.9826126,0.0074789445,-0.18551676,-0.104923725,-0.8019737,-0.5880724,-0.15317772,0.5973125,-0.7872448,,-0.12551653,0.25420853,-0.12691483,-0.6912817,-0.6129555,0.38264233,0.7012235,-0.4412567,0.55998045,-0.17439961,0.65542203,0.73485154,,-0.055392608,0.4025551,-0.4280755,-0.20535988,0.7872847,-0.58138645,-0.97260165,-0.098030515,0.21079858,0.10896486,0.608747,0.7858459,,1.0969678683863462,0.5739071708151202,0.20618659111,3.3380542103301427,-0.17790072269460347,-0.6416635144211548,-0.4250212600813946,,-1.351787162304258,0.16175264005063236,0.13110158544,0.3208256135313223,0.38422183734041854,-0.45020071366991926,0.8758508826120054,,-0.11698505643804993,-0.12851077448590748,0.09694439508,-0.1167695939710949,,-4.246831e-07,-9.536743e-07,-6.7949295e-06,0.99999994,9.693205e-06,7.338822e-06,-9.678304e-06,1.0,1.8775463e-06,-7.353723e-06,-1.9073486e-06,1.0,332,1.028,0,1,0.17,False,-0.26386974276457353,1.0505288715750958
1.0287007088772953,17:03:49.178788,17:02:33.267200,0,,0.11802897,0.0011966899,0.03872186,0.61424416,0.76000595,-0.21235512,0.3501616,-0.021349281,0.93644583,0.70717096,-0.64956534,-0.27923867,,0.015584569,-0.036075894,0.060460627,0.29576862,-0.668091,0.68277013,-0.55229783,0.4635807,0.69286346,-0.7794151,-0.5820199,-0.23187286,,0.09844108,1.295396,0.42710972,0.9826126,0.0074789445,-0.18551676,-0.104923725,-0.8019737,-0.5880724,-0.15317772,0.5973125,-0.7872448,,-0.12514989,0.25466275,-0.12739383,-0.6743246,-0.6312821,0.38310477,0.71001375,-0.41173708,0.5712732,-0.20289609,0.65723324,0.7258634,,-0.055393297,0.40255734,-0.4280752,-0.20517793,0.787275,-0.5814637,-0.9726338,-0.09783792,0.21073996,0.10902111,0.6087904,0.78580445,,1.1005589391728607,0.5735982615001513,0.20580677814,3.314359246716392,-0.2060478416462842,-0.6456654105060775,-0.4243678838168574,,-1.3517948850371324,0.1617680855163808,0.13110158544,0.32103530347480674,0.38422183734041854,-0.45020071366991926,0.8758508826120054,,-0.11698505643804993,-0.12851077448590748,0.09694439508,-0.1167695939710949,,-4.246831e-07,-9.536743e-07,-6.7949295e-06,0.99999994,9.693205e-06,7.338822e-06,-9.678304e-06,1.0,1.8775463e-06,-7.353723e-06,-1.9073486e-06,1.0,345,1.069,0,1,0.17,False,-0.26339312101640555,1.050432311173537
1.0694290809333324,17:03:49.223829,17:02:33.411411,0,,0.117294624,0.0014411286,0.039467067,0.5814096,0.7852526,-0.21293426,0.34510535,-0.0010127127,0.93856335,0.73679376,-0.6191747,-0.2715838,,0.015584063,-0.036077563,0.06046635,0.29436275,-0.66765106,0.6838072,-0.5521027,0.4652346,0.6919098,-0.7800852,-0.5812045,-0.23166448,,0.09844108,1.295396,0.42710972,0.9826126,0.0074789445,-0.18551676,-0.104923725,-0.8019737,-0.5880724,-0.15317772,0.5973125,-0.7872448,,-0.124529906,0.25530967,-0.12798668,-0.648136,-0.6584192,0.38262755,0.72401613,-0.37703604,0.5776196,-0.2360515,0.6514046,0.7210768,,-0.055393852,0.40256065,-0.42808008,-0.20367077,0.78683376,-0.5825898,-0.9729125,-0.096192695,0.21020995,0.1093594,0.60962254,0.785112,,1.105933961253321,0.5732198475893142,0.20535955809000003,3.2778731965500842,-0.23829405559092814,-0.6393003978280193,-0.4263280126104688,,-1.3517717168385097,0.16179125371500347,0.13109640028000002,0.32271282302268295,0.38422183734041854,-0.4508541435910438,0.8755241944797367,,-0.11698505643804993,-0.12851077448590748,0.09694439508,-0.1167695939710949,,-4.246831e-07,-9.536743e-07,-6.7949295e-06,0.99999994,9.693205e-06,7.338822e-06,-9.678304e-06,1.0,1.8775463e-06,-7.353723e-06,-1.9073486e-06,1.0,354,1.098,0,1,0.17,False,-0.26327396557936344,1.0507219923782136
