Task Time,PC1 Time,PC2 Time,Gaze Calib,s_T_psm1,Tx,Ty,Tz,R00,R01,R02,R10,R11,R12,R20,R21,R22,s_T_psm3,Tx,Ty,Tz,R00,R01,R02,R10,R11,R12,R20,R21,R22,cart_T_ecm,Tx,Ty,Tz,R00,R01,R02,R10,R11,R12,R20,R21,R22,ecm_T_psm1,Tx,Ty,Tz,R00,R01,R02,R10,R11,R12,R20,R21,R22,ecm_T_psm3,Tx,Ty,Tz,R00,R01,R02,R10,R11,R12,R20,R21,R22,psm1_joints,q1,q2,q3,q4,q5,q6,jaw,psm3_joints,q1,q2,q3,q4,q5,q6,jaw,ecm_joints,q1,q2,q3,q4,ecmi_T_ecm,Tx,Ty,Tz,R00,R01,R02,R10,R11,R12,R20,R21,R22,Sample #,Task Duration (s),Collisions (binary),Collisions (increments),Cumulative Collision Time (s),Clutch Press,MTMR Angle,MTML Angle
""
lci_T_si,,,,,-0.05285146,0.01597776,0.20330594,0.97701013,-0.11214647,0.18131277,0.023304552,-0.7891877,-0.6137097,0.21191518,0.60382605,-0.76843095
rci_T_si,,,,,-0.061931286,0.01969198,0.2114586,0.9703508,-0.13087806,0.20319995,0.028452953,-0.7730091,-0.6337565,0.24002025,0.62074775,-0.7463662
ecm_T_lc,,,,,-4.4061628e-05,-0.00034663224,-0.01840835,-0.99912,0.030754527,0.028518902,-0.031987965,-0.99852574,-0.043852776,0.027128186,-0.04472645,0.9986309
ecm_T_rc,,,,,-0.0043358393,0.01870579,-0.007592615,-0.99555075,-0.052743673,-0.078081585,0.04863213,-0.9973746,0.053654674,-0.08070653,0.04961868,0.9955021
cart_T_ecmi,,,,,0.098466955,1.295392,0.42710596,0.9826105,0.007462668,-0.1855287,-0.10494366,-0.8019739,-0.58806866,-0.15317772,0.5973125,-0.7872448
ecmac_T_ecmrep_psm1,,,,,0.044880565,-0.23049864,-0.32052848,0.99797076,0.0626086,0.011601057,-0.061749555,0.99606305,-0.0636032,-0.015537491,0.06275777,0.9979078
ecmac_T_ecmrep_psm3,,,,,0.047327206,-0.4153428,-0.56493527,0.997773,0.014750276,0.065049894,-0.025394045,0.985803,0.16597453,-0.061678212,-0.16725679,0.9839822
""
0,17:07:08.420290,17:05:52.605772,0,,0.1252327,0.0060321838,0.024602145,0.7332207,0.567946,-0.37393132,0.34531826,0.16272521,0.9242704,0.58578366,-0.80681956,-0.07680887,,0.01518365,-0.031192217,0.06366289,0.22826914,-0.54608047,0.806033,-0.6800244,0.5030482,0.5333943,-0.6967497,-0.66987956,-0.25651768,,0.09846965,1.2953923,0.42710546,0.98261076,0.0074647362,-0.18552719,-0.10494113,-0.8019738,-0.58806914,-0.15317772,0.5973125,-0.7872448,,-0.13113418,0.24978241,-0.11142279,-0.7661639,-0.38907638,0.5114806,0.63670427,-0.35159886,0.6862841,-0.087180935,0.851468,0.517109,,-0.05765078,0.40662313,-0.42676434,-0.16788341,0.68864423,-0.70539653,-0.9849576,-0.14687158,0.091034986,-0.040911987,0.7100689,0.70294267,,1.0496892977303438,0.5728800473428484,0.22107318547000002,3.47372360376463,-0.08717408685035101,-0.9783238307676266,-0.4126071110551893,,-1.3864313419780294,0.19845878940182146,0.13165250869,0.33885894867099137,0.18336618268522106,-0.5600401747070634,0.8758508826120054,,-0.11698505643804993,-0.12851077448590748,0.09694439508,-0.1167695939710949,,2.7120113e-06,-5.9604645e-07,-2.3841858e-07,1.0,2.026558e-06,1.5199184e-06,-2.026558e-06,1.0,3.874302e-07,-1.5348196e-06,-4.172325e-07,1.0,36,0.109,1,1,0.085,False,-0.26351227645344677,1.0502391903704191
0.12454048986546695,17:07:08.450922,17:05:52.677330,0,,0.1252595,0.0061153546,0.024832338,0.71999,0.5869147,-0.37033147,0.33853558,0.16879746,0.9256896,0.6058117,-0.7918576,-0.077159226,,0.014992643,-0.031201873,0.06360018,0.22769837,-0.546392,0.8059833,-0.6800268,0.50320256,0.53324544,-0.69693404,-0.6695094,-0.2569829,,0.09846965,1.2953923,0.42710546,0.98261076,0.0074647362,-0.18552719,-0.10494113,-0.8019738,-0.58806914,-0.15317772,0.5973125,-0.7872448,,-0.13118835,0.249988,-0.11154699,-0.75774825,-0.40927827,0.50824094,0.643255,-0.3375237,0.68724144,-0.109729625,0.8476845,0.5190283,,-0.05745359,0.40658274,-0.4267647,-0.16729246,0.6889031,-0.7052842,-0.9850588,-0.14646801,0.0905885,-0.040894873,0.70990115,0.7031131,,1.0503534527575271,0.5729341064729679,0.22097466743000002,3.4617712769860125,-0.10944583631211781,-0.9740480982890056,-0.4106469822615779,,-1.3848790726703102,0.19886809424415536,0.13160843483,0.33885894867099137,0.18336618268522106,-0.5612653558091717,0.8755241944797367,,-0.11698505643804993,-0.12851077448590748,0.09694439508,-0.1167695939710949,,2.7120113e-06,-5.9604645e-07,-2.3841858e-07,1.0,2.026558e-06,1.5199184e-06,-2.026558e-06,1.0,3.874302e-07,-1.5348196e-06,-4.172325e-07,1.0,44,0.133,1,1,0.109,False,-0.2632143878608417,1.0505771517758753
0.1551720278803259,17:07:08.472429,17:05:52.677330,0,,0.12519439,0.006172724,0.024968415,0.71279943,0.5958885,-0.36991072,0.3373558,0.17110273,0.92569697,0.61490476,-0.7846278,-0.07906473,,0.014883436,-0.03120831,0.06355345,0.22733416,-0.54656637,0.8059678,-0.68006647,0.50328064,0.5331212,-0.6970143,-0.6693084,-0.25728858,,0.09846965,1.2953923,0.42710546,0.98261076,0.0074647362,-0.18552719,-0.10494113,-0.8019738,-0.58806914,-0.15317772,0.5973125,-0.7872448,,-0.1311403,0.25011522,-0.111633904,-0.7524993,-0.41894403,0.5081641,0.64773065,-0.33122557,0.686101,-0.11912098,0.84544396,0.5206099,,-0.057339158,0.40655082,-0.42675874,-0.16692469,0.6890482,-0.7052296,-0.98511946,-0.14625232,0.09027679,-0.04093641,0.70980483,0.70320785,,1.05107166691483,0.5729495519387163,0.22090337148000003,3.454012749077085,-0.11873711829616776,-0.9708823328052394,-0.41326048731972653,,-1.3839368992596548,0.19906116256601097,0.13159028677,0.33885894867099137,0.18336618268522106,-0.5620004644704367,0.8755241944797367,,-0.11698505643804993,-0.12851077448590748,0.09694439508,-0.1167695939710949,,2.7120113e-06,-5.9604645e-07,-2.3841858e-07,1.0,2.026558e-06,1.5199184e-06,-2.026558e-06,1.0,3.874302e-07,-1.5348196e-06,-4.172325e-07,1.0,57,0.174,1,1,0.15,False,-0.2632143878608417,1.0501909101696396
0.17666579992510378,17:07:08.513502,17:05:52.677330,0,,0.12513886,0.0064714104,0.025486112,0.6789722,0.6384864,-0.36239734,0.322135,0.18447104,0.92854697,0.6597163,-0.7471985,-0.08042839,,0.014725219,-0.031216953,0.06347501,0.2268215,-0.5471023,0.80574864,-0.6800638,0.5032542,0.53314966,-0.6971839,-0.6688903,-0.25791562,,0.09846965,1.2953923,0.42710546,0.98261076,0.0074647362,-0.18552719,-0.10494113,-0.8019738,-0.58806914,-0.15317772,0.5973125,-0.7872448,,-0.13113314,0.25066534,-0.11187397,-0.7295617,-0.46501723,0.5014965,0.6623072,-0.29751801,0.6876279,-0.1705546,0.83381176,0.525042,,-0.05717155,0.4064968,-0.4267429,-0.1663928,0.68950444,-0.70490927,-0.98521036,-0.14591283,0.08983336,-0.0409148,0.7094315,0.70358574,,1.0532880912497324,0.5730422247332071,0.22075040926000003,3.423607707271829,-0.1698391692084425,-0.9586980620135208,-0.41375051951812936,,-1.3825159164107974,0.19930056728511192,0.13157213871,0.33885894867099137,0.1835028191849865,-0.5627653122952576,0.8755241944797367,,-0.11698505643804993,-0.12851077448590748,0.09694439508,-0.1167695939710949,,2.7120113e-06,-5.9604645e-07,-2.3841858e-07,1.0,2.026558e-06,1.5199184e-06,-2.026558e-06,1.0,3.874302e-07,-1.5348196e-06,-4.172325e-07,1.0,65,0.199,1,1,0.175,False,-0.2629164992682367,1.0508185527797727
0.21775130997411907,17:07:08.541039,17:05:52.677330,0,,0.12514928,0.0066190213,0.02574128,0.6590283,0.6592597,-0.36201978,0.3138503,0.1963714,0.92894363,0.68350536,-0.72582024,-0.07749471,,0.0147098005,-0.031221393,0.06346887,0.22671385,-0.54727787,0.8056598,-0.6801754,0.5030992,0.5331534,-0.6971099,-0.6688633,-0.25818545,,0.09846965,1.2953923,0.42710546,0.98261076,0.0074647362,-0.18552719,-0.10494113,-0.8019738,-0.58806914,-0.15317772,0.5973125,-0.7872448,,-0.13116635,0.2509372,-0.11198353,-0.71548,-0.4872501,0.5006752,0.66986156,-0.27490392,0.68971974,-0.19842844,0.8288638,0.5230784,,-0.05715576,0.4064904,-0.42674506,-0.16630852,0.68965954,-0.7047774,-0.98521835,-0.14597967,0.089636706,-0.04106437,0.709267,0.70374286,,1.0541607600645198,0.5730653929318298,0.22069596508000003,3.4062034419626137,-0.19757637866082686,-0.9567449488187094,-0.4106469822615779,,-1.3823846299519358,0.19931601275086036,0.13156695355,0.33885894867099137,0.18336618268522106,-0.5626538943915612,0.8755241944797367,,-0.11698505643804993,-0.12851077448590748,0.09694439508,-0.1167695939710949,,2.7120113e-06,-5.9604645e-07,-2.3841858e-07,1.0,2.026558e-06,1.5199184e-06,-2.026558e-06,1.0,3.874302e-07,-1.5348196e-06,-4.172325e-07,1.0,73,0.223,1,1,0.199,False,-0.2634526987349264,1.0502874705711984
0.2452882737852633,17:07:08.564674,17:05:52.677330,0,,0.12516488,0.0068593547,0.026175797,0.6254124,0.69472075,-0.35527796,0.29595897,0.21009174,0.9318099,0.7219885,-0.6879132,-0.074215084,,0.014709674,-0.031222884,0.06346935,0.22671142,-0.5472749,0.80566245,-0.6801808,0.50309753,0.5331481,-0.69710547,-0.6688669,-0.2581879,,0.09846965,1.2953923,0.42710546,0.98261076,0.0074647362,-0.18552719,-0.10494113,-0.8019738,-0.58806914,-0.15317772,0.5973125,-0.7872448,,-0.13122241,0.25139132,-0.112177044,-0.6920329,-0.52640414,0.49395263,0.6784901,-0.24070247,0.6940558,-0.24645825,0.8154514,0.52373403,,-0.057155848,0.4064898,-0.42674655,-0.1663073,0.68965703,-0.70478016,-0.9852182,-0.14598367,0.08963125,-0.041071568,0.70926857,0.70374084,,1.0555662974476288,0.5730267792674586,0.22061429881000003,3.379572819140079,-0.2459456995777928,-0.9471157510614814,-0.4095035737986381,,-1.3823846299519358,0.19930829001798614,0.13156565726000002,0.33885894867099137,0.18336618268522106,-0.5626538943915613,0.8751975063474683,,-0.11698505643804993,-0.12851077448590748,0.09694439508,-0.1167695939710949,,2.7120113e-06,-5.9604645e-07,-2.3841858e-07,1.0,2.026558e-06,1.5199184e-06,-2.026558e-06,1.0,3.874302e-07,-1.5348196e-06,-4.172325e-07,1.0,86,0.264,1,1,0.24,False,-0.26339312101640555,1.049804668563404
0.2689129188656807,17:07:08.604907,17:05:52.811992,0,,0.12506369,0.007157713,0.026787877,0.5682528,0.74496174,-0.3494578,0.2775072,0.22630766,0.93368876,0.7746473,-0.62754834,-0.07813248,,0.014742918,-0.031224791,0.06349933,0.22681467,-0.5468755,0.8059046,-0.68022853,0.50325054,0.5329429,-0.6970253,-0.6690786,-0.25785565,,0.09846965,1.2953923,0.42710546,0.98261076,0.0074647362,-0.18552719,-0.10494113,-0.8019738,-0.58806914,-0.15317772,0.5973125,-0.7872448,,-0.13118723,0.25199768,-0.112501025,-0.6482044,-0.5835041,0.4892383,0.69498515,-0.1907933,0.69324857,-0.31116995,0.7893801,0.5291997,,-0.057193577,0.406509,-0.42676112,-0.16642591,0.68931186,-0.7050898,-0.98519534,-0.14607474,0.08973464,-0.041140657,0.70958537,0.7034174,,1.0575819307278012,0.5726406426237474,0.22047818836000002,3.3296666125907626,-0.31166785596496965,-0.9249700543376194,-0.4083601653356982,,-1.3827630438627727,0.19928512181936348,0.13155787952,0.33885894867099137,0.18322954618545564,-0.5627875127082866,0.8756875385458711,,-0.11698505643804993,-0.12851077448590748,0.09694439508,-0.1167695939710949,,2.7120113e-06,-5.9604645e-07,-2.3841858e-07,1.0,2.026558e-06,1.5199184e-06,-2.026558e-06,1.0,3.874302e-07,-1.5348196e-06,-4.172325e-07,1.0,94,0.289,1,1,0.265,False,-0.2635718541719685,1.0499977893665218
0.3091523079201579,17:07:08.631845,17:05:52.811992,0,,0.124938816,0.0072951764,0.027102768,0.5350056,0.7684058,-0.3511715,0.27200338,0.23686738,0.9326886,0.7998644,-0.59451354,-0.082283795,,0.01475548,-0.031223688,0.0635156,0.22689268,-0.54682815,0.80591464,-0.6801882,0.50327086,0.53297514,-0.6970393,-0.66910183,-0.25775766,,0.09846965,1.2953923,0.42710546,0.98261076,0.0074647362,-0.18552719,-0.10494113,-0.8019738,-0.58806914,-0.15317772,0.5973125,-0.7872448,,-0.13110054,0.2522961,-0.11269359,-0.6210112,-0.6105628,0.49148563,0.70547813,-0.1621798,0.6899263,-0.34153432,0.77518433,0.5314542,,-0.057208493,0.4065212,-0.4267684,-0.1664969,0.689271,-0.70511293,-0.98518556,-0.14608268,0.08982929,-0.041088067,0.7096234,0.70338213,,1.058670836063067,0.5723317333087784,0.22039004064000003,3.298213121068083,-0.34268434141172466,-0.913236861061865,-0.41456723984880084,,-1.382909775787383,0.19930056728511192,0.13155269436,0.33885894867099137,0.18322954618545564,-0.562705833968146,0.8758508826120054,,-0.11698505643804993,-0.12851077448590748,0.09694439508,-0.1167695939710949,,2.7120113e-06,-5.9604645e-07,-2.3841858e-07,1.0,2.026558e-06,1.5199184e-06,-2.026558e-06,1.0,3.874302e-07,-1.5348196e-06,-4.172325e-07,1.0,111,0.342,1,1,0.318,False,-0.2637505873275314,1.0500943497680806
0.33606050885282457,17:07:08.682491,17:05:52.811992,0,,0.12451246,0.007674001,0.028099805,0.4346262,0.82942784,-0.3509266,0.24658334,0.26517117,0.93213785,0.86619663,-0.49166423,-0.089272976,,0.014743749,-0.031228218,0.06352174,0.22692882,-0.546672,0.8060105,-0.6800839,0.50345135,0.53293777,-0.6971293,-0.6690937,-0.25753525,,0.09846965,1.2953923,0.42710546,0.98261076,0.0074647362,-0.18552719,-0.10494113,-0.8019738,-0.58806914,-0.15317772,0.5973125,-0.7872448,,-0.13080403,0.25319564,-0.113343395,-0.53847766,-0.68381226,0.49238467,0.7242224,-0.07686565,0.68526894,-0.43074784,0.72559804,0.5366226,,-0.057198353,0.40652382,-0.4267777,-0.16650894,0.6891313,-0.7052466,-0.98518944,-0.14597131,0.089967735,-0.040946193,0.70978194,0.70323044,,1.0616595336853918,0.5714358962953684,0.22010615313,3.2074173755392845,-0.43600707075152045,-0.8732404359793375,-0.41195373479065234,,-1.3828479939243892,0.19932373548373458,0.13153973146,0.33885894867099137,0.18336618268522106,-0.5629806093521236,0.8755241944797367,,-0.11698505643804993,-0.12851077448590748,0.09694439508,-0.1167695939710949,,2.7120113e-06,-5.9604645e-07,-2.3841858e-07,1.0,2.026558e-06,1.5199184e-06,-2.026558e-06,1.0,3.874302e-07,-1.5348196e-06,-4.172325e-07,1.0,119,0.367,0,1,0.327,False,-0.2626186106756321,1.0502874705711984
0.38670058990828693,17:07:08.711080,17:05:52.931701,0,,0.12415792,0.007857725,0.028696597,0.3784979,0.8582186,-0.34669885,0.22621927,0.27743524,0.93373156,0.8975322,-0.43184546,-0.08913711,,0.014721099,-0.031235967,0.063512444,0.22683823,-0.54688513,0.8058914,-0.68012065,0.50333256,0.533003,-0.6971229,-0.66900885,-0.25777286,,0.09846965,1.2953923,0.42710546,0.98261076,0.0074647362,-0.18552719,-0.10494113,-0.8019738,-0.58806914,-0.15317772,0.5973125,-0.7872448,,-0.13053606,0.25369877,-0.11378005,-0.49221668,-0.72049695,0.48847404,0.72632647,-0.030661713,0.68666565,-0.47976306,0.6927799,0.5384082,,-0.05717522,0.40651336,-0.42678156,-0.16642402,0.689317,-0.7050852,-0.9852018,-0.14596805,0.089837365,-0.040993486,0.7096023,0.7034089,,1.0635438805067026,0.5707485730695624,0.21991430221000002,3.1583499287639056,-0.4892953056600422,-0.8464499165264079,-0.41228042292292066,,-1.3826549256025336,0.19932373548373458,0.13153325001000002,0.33885894867099137,0.18336618268522106,-0.5628989306119829,0.8753608504136025,,-0.11698505643804993,-0.12851077448590748,0.09694439508,-0.1167695939710949,,2.7120113e-06,-5.9604645e-07,-2.3841858e-07,1.0,2.026558e-06,1.5199184e-06,-2.026558e-06,1.0,3.874302e-07,-1.5348196e-06,-4.172325e-07,1.0,136,0.42,1,2,0.345,False,-0.26351227645344677,1.0501909101696396
0.415325908921659,17:07:08.757087,17:05:52.931701,0,,0.12319893,0.008143209,0.029615551,0.27161223,0.89729625,-0.34797445,0.20419872,0.29960418,0.93195504,0.9404943,-0.3241864,-0.10185069,,0.0147055015,-0.031244371,0.063504994,0.22676477,-0.54672045,0.8060238,-0.6801634,0.503447,0.5328403,-0.69710505,-0.66905737,-0.25769526,,0.09846965,1.2953923,0.42710546,0.98261076,0.0074647362,-0.18552719,-0.10494113,-0.8019738,-0.58806914,-0.15317772,0.5973125,-0.7872448,,-0.1297207,0.25447118,-0.114544414,-0.39878303,-0.77409893,0.4916736,0.73359746,0.05243681,0.67755824,-0.5502789,0.63088924,0.5469661,,-0.05715938,0.40650335,-0.42678592,-0.16635834,0.6891727,-0.70524174,-0.98521054,-0.14594293,0.08978214,-0.041049648,0.7097476,0.703259,,1.0671195058274685,0.5690804627687299,0.21956819278000003,3.0516177475302833,-0.5674513835258741,-0.7877012787606291,-0.4127704551213236,,-1.3825081936779233,0.19930056728511192,0.13152676856,0.33885894867099137,0.18336618268522106,-0.5632256455725453,0.8760142266781396,,-0.11698505643804993,-0.12851077448590748,0.09694439508,-0.1167695939710949,,2.7120113e-06,-5.9604645e-07,-2.3841858e-07,1.0,2.026558e-06,1.5199184e-06,-2.026558e-06,1.0,3.874302e-07,-1.5348196e-06,-4.172325e-07,1.0,144,0.445,1,2,0.37,False,-0.26255903295711036,1.0499977893665218
0.4613308869302273,17:07:08.793746,17:05:52.931701,0,,0.12240862,0.008287303,0.030109406,0.21044786,0.9125385,-0.35069224,0.19007367,0.31368667,0.93030787,0.9589492,-0.2624387,-0.10743511,,0.014706563,-0.031243328,0.063506484,0.22677416,-0.5463829,0.80625,-0.6801553,0.50367194,0.5326381,-0.69710994,-0.6691638,-0.25740552,,0.09846965,1.2953923,0.42710546,0.98261076,0.0074647362,-0.18552719,-0.10494113,-0.8019738,-0.58806914,-0.15317772,0.5973125,-0.7872448,,-0.1290161,0.25487596,-0.11502286,-0.34446952,-0.79766,0.49505478,0.7328417,0.10111218,0.67284423,-0.586757,0.5945711,0.54972845,,-0.057160582,0.4065051,-0.42678592,-0.16636609,0.6888772,-0.7055285,-0.9852097,-0.14590307,0.0898563,-0.04103881,0.7100426,0.70296186,,1.0698379077991955,0.5676826481184952,0.21934523090000002,2.9870332449370496,-0.6093987889538645,-0.751944086263157,-0.41293379918745776,,-1.3825236391436717,0.19930829001798614,0.13152676856,0.33885894867099137,0.18336618268522106,-0.5636340392732481,0.8755241944797367,,-0.11698505643804993,-0.12851077448590748,0.09694439508,-0.1167695939710949,,2.7120113e-06,-5.9604645e-07,-2.3841858e-07,1.0,2.026558e-06,1.5199184e-06,-2.026558e-06,1.0,3.874302e-07,-1.5348196e-06,-4.172325e-07,1.0,157,0.485,0,2,0.388,False,-0.2631548101423209,1.0499495091657423
0.4979841117747128,17:07:08.827445,17:05:52.931701,0,,0.12135328,0.008481197,0.030757934,0.13033417,0.9284992,-0.3477099,0.17057487,0.32447338,0.93038774,0.9766868,-0.18057196,-0.11608887,,0.014707729,-0.031239573,0.06351268,0.22685449,-0.54622746,0.8063327,-0.68002874,0.5038452,0.5326358,-0.69720733,-0.66916025,-0.25715083,,0.09846965,1.2953923,0.42710546,0.98261076,0.0074647362,-0.18552719,-0.10494113,-0.8019738,-0.58806914,-0.15317772,0.5973125,-0.7872448,,-0.12807307,0.25541103,-0.1156524,-0.27235293,-0.8259025,0.4936688,0.7271704,0.15931913,0.667713,-0.6301167,0.54083496,0.5571808,,-0.057162426,0.40651217,-0.42678675,-0.16641846,0.68873847,-0.70565164,-0.985208,-0.1457998,0.09004283,-0.040867902,0.71019834,0.7028144,,1.0731432374693637,0.5662384970710153,0.21905226936000002,2.8983343988430956,-0.6599542938670774,-0.6932402115054008,-0.4126071110551892,,-1.3825622528080428,0.19933918094948305,0.13152547227000003,0.33885894867099137,0.1835028191849865,-0.563827135917085,0.8753608504136025,,-0.11698505643804993,-0.12851077448590748,0.09694439508,-0.1167695939710949,,2.7120113e-06,-5.9604645e-07,-2.3841858e-07,1.0,2.026558e-06,1.5199184e-06,-2.026558e-06,1.0,3.874302e-07,-1.5348196e-06,-4.172325e-07,1.0,165,0.51,0,2,0.388,False,-0.26249945523859,1.0502874705711984
0.5316892869304866,17:07:08.849240,17:05:52.931701,0,,0.12088815,0.008566283,0.031037837,0.09500551,0.9347228,-0.34244296,0.1608851,0.3250593,0.931908,0.9823899,-0.14363042,-0.11950067,,0.01470954,-0.03123844,0.06351483,0.22686738,-0.5462135,0.80633855,-0.6800192,0.50385547,0.5326384,-0.6972124,-0.66916394,-0.2571273,,0.09846965,1.2953923,0.42710546,0.98261076,0.0074647362,-0.18552719,-0.10494113,-0.8019738,-0.58806914,-0.15317772,0.5973125,-0.7872448,,-0.12765644,0.25564298,-0.115925446,-0.24033988,-0.8383138,0.48935333,0.7225202,0.18216197,0.6669195,-0.6482294,0.513855,0.56191784,,-0.057164446,0.40651435,-0.4267869,-0.16642949,0.6887262,-0.705661,-0.9852066,-0.14579701,0.09006195,-0.040855248,0.71021086,0.70280254,,1.0744715475237303,0.5657210739684422,0.21893041810000002,2.8578642397505827,-0.6814062243302514,-0.6616171785807455,-0.4140772076503978,,-1.3825854210066655,0.19934690368235727,0.13152547227000003,0.33885894867099137,0.1835028191849865,-0.563827135917085,0.8753608504136025,,-0.11698505643804993,-0.12851077448590748,0.09694439508,-0.1167695939710949,,2.7120113e-06,-5.9604645e-07,-2.3841858e-07,1.0,2.026558e-06,1.5199184e-06,-2.026558e-06,1.0,3.874302e-07,-1.5348196e-06,-4.172325e-07,1.0,182,0.563,0,2,0.388,False,-0.26255903295711036,1.0502874705711984
0.5534874189179391,17:07:08.905285,17:05:53.084620,0,,0.11966186,0.008734338,0.0318003,-0.0011868328,0.9385629,-0.34510618,0.13108441,0.3422746,0.93041116,0.99137044,-0.0441339,-0.123437375,,0.014710195,-0.031242523,0.06351167,0.22684829,-0.5462098,0.8063464,-0.6800485,0.5038418,0.53261375,-0.69719,-0.6691773,-0.25715357,,0.09846965,1.2953923,0.42710546,0.98261076,0.0074647362,-0.18552719,-0.10494113,-0.8019738,-0.58806914,-0.15317772,0.5973125,-0.7872448,,-0.1265705,0.25622448,-0.11669744,-0.15252975,-0.8568903,0.49241617,0.7031807,0.25601184,0.6633211,-0.69445777,0.44743374,0.5634993,,-0.057164926,0.4065093,-0.4267879,-0.16641688,0.68872356,-0.70566654,-0.9852071,-0.14581619,0.09002558,-0.04089487,0.7102094,0.70280164,,1.0773752950844386,0.564717118694793,0.21857134577,2.742744460777579,-0.7372905527343167,-0.5881948055809774,-0.41358717545199497,,-1.382569975540917,0.19930829001798614,0.13152547227000003,0.33885894867099137,0.1835028191849865,-0.563827135917085,0.8753608504136025,,-0.11698505643804993,-0.12851077448590748,0.09694439508,-0.1167695939710949,,2.7120113e-06,-5.9604645e-07,-2.3841858e-07,1.0,2.026558e-06,1.5199184e-06,-2.026558e-06,1.0,3.874302e-07,-1.5348196e-06,-4.172325e-07,1.0,190,0.588,0,2,0.388,False,-0.2623802998015474,1.050046069567301
0.6095334058627486,17:07:08.925891,17:05:53.084620,0,,0.11921116,0.008753255,0.032092065,-0.0354618,0.9373403,-0.34660572,0.11980051,0.34831,0.9296924,0.9921644,-0.008555055,-0.12464571,,0.01470989,-0.031242494,0.06351149,0.22703233,-0.546267,0.8062559,-0.6800776,0.5036594,0.53274906,-0.69710165,-0.66926795,-0.25715697,,0.09846965,1.2953923,0.42710546,0.98261076,0.0074647362,-0.18552719,-0.10494113,-0.8019738,-0.58806914,-0.15317772,0.5973125,-0.7872448,,-0.12617959,0.25641102,-0.11701527,-0.12091883,-0.8610223,0.49398303,0.6943063,0.28229627,0.6620027,-0.70944864,0.42302412,0.56367826,,-0.057164595,0.40650925,-0.42678782,-0.16661465,0.6887792,-0.7055656,-0.98517174,-0.14599869,0.09011663,-0.040941186,0.71011806,0.7028913,,1.0782711320978486,0.5644777139756921,0.21839764291000002,2.699338642476282,-0.755736480202651,-0.5600847901594705,-0.41260711105518955,,-1.382569975540917,0.19930829001798614,0.13152547227000003,0.33864925872750684,0.1835028191849865,-0.5637454571769445,0.8755241944797367,,-0.11698505643804993,-0.12851077448590748,0.09694439508,-0.1167695939710949,,2.7120113e-06,-5.9604645e-07,-2.3841858e-07,1.0,2.026558e-06,1.5199184e-06,-2.026558e-06,1.0,3.874302e-07,-1.5348196e-06,-4.172325e-07,1.0,207,0.641,0,2,0.388,False,-0.26249945523859,1.0500943497680806
0.6301324737723917,17:07:08.978369,17:05:53.206341,0,,0.11774405,0.008793205,0.032711774,-0.13041191,0.93101746,-0.34087998,0.09054789,0.35356352,0.93101764,0.9873164,0.09054977,-0.13041073,,0.014721885,-0.031237517,0.06351912,0.22704208,-0.5465219,0.80608034,-0.6801374,0.5034273,0.5328921,-0.6970402,-0.6692344,-0.25741082,,0.09846965,1.2953923,0.42710546,0.98261076,0.0074647362,-0.18552719,-0.10494113,-0.8019738,-0.58806914,-0.15317772,0.5973125,-0.7872448,,-0.124852784,0.25680166,-0.117805846,-0.031830624,-0.87136465,0.4896023,0.6670651,0.34626946,0.6596375,-0.74431914,0.34759325,0.57023495,,-0.05717721,0.40651736,-0.4267868,-0.16663933,0.6890048,-0.7053395,-0.98516417,-0.14610456,0.090028085,-0.041023534,0.7098774,0.70312953,,1.0812907206516704,0.5634660359691687,0.21797634866,2.5693308775158767,-0.7987769776287649,-0.462422235547427,-0.411300358526115,,-1.3826935392669046,0.19933145821660883,0.13152806485000001,0.33864925872750684,0.18336618268522106,-0.5633073243126858,0.8748708182151996,,-0.11698505643804993,-0.12851077448590748,0.09694439508,-0.1167695939710949,,2.7120113e-06,-5.9604645e-07,-2.3841858e-07,1.0,2.026558e-06,1.5199184e-06,-2.026558e-06,1.0,3.874302e-07,-1.5348196e-06,-4.172325e-07,1.0,215,0.666,0,2,0.388,False,-0.2617249448978165,1.0498529487641832
0.682584963971749,17:07:09.006312,17:05:53.206341,0,,0.1172448,0.008804873,0.032850087,-0.1610749,0.9269233,-0.338922,0.08259922,0.35486227,0.93126273,0.9834796,0.122008234,-0.13372281,,0.014734879,-0.031237219,0.0635255,0.22708708,-0.5468887,0.8058188,-0.6801321,0.50316125,0.5331501,-0.69703066,-0.66913486,-0.25769514,,0.09846965,1.2953923,0.42710546,0.98261076,0.0074647362,-0.18552719,-0.10494113,-0.8019738,-0.58806914,-0.15317772,0.5973125,-0.7872448,,-0.124388926,0.25688925,-0.11801957,-0.0024480328,-0.87266815,0.48830763,0.6580902,0.36626026,0.6578531,-0.7529351,0.3229609,0.57339776,,-0.057191007,0.4065215,-0.4267884,-0.16668467,0.6893266,-0.7050142,-0.9851567,-0.14617412,0.0899965,-0.04101786,0.70955056,0.7034597,,1.0822946759253196,0.5631725721199481,0.21786227514000003,2.5244572296101886,-0.8090247151111729,-0.42833708962591854,-0.4122804229229209,,-1.382809380260018,0.19930829001798614,0.13152936114000002,0.33864925872750684,0.18336618268522106,-0.5627355731317019,0.8750341622813339,,-0.11698505643804993,-0.12851077448590748,0.09694439508,-0.1167695939710949,,2.7120113e-06,-5.9604645e-07,-2.3841858e-07,1.0,2.026558e-06,1.5199184e-06,-2.026558e-06,1.0,3.874302e-07,-1.5348196e-06,-4.172325e-07,1.0,228,0.707,0,2,0.388,False,-0.26190367805337944,1.0501909101696396
0.7105550519190729,17:07:09.048525,17:05:53.206341,0,,0.115993336,0.008885391,0.03316945,-0.22266969,0.9158991,-0.33398646,0.055445343,0.3539306,0.93362683,0.973316,0.1893723,-0.12959215,,0.01478418,-0.031234149,0.0635488,0.22721054,-0.54779625,0.80516744,-0.68019754,0.5024189,0.5337663,-0.69692653,-0.6689503,-0.25845483,,0.09846965,1.2953923,0.42710546,0.98261076,0.0074647362,-0.18552719,-0.10494113,-0.8019738,-0.58806914,-0.15317772,0.5973125,-0.7872448,,-0.12321395,0.2571331,-0.11850395,0.055381987,-0.87379897,0.4831234,0.6296626,0.40608516,0.66228384,-0.7748922,0.26752612,0.5726883,,-0.05724302,0.4065377,-0.42679235,-0.16682856,0.6901259,-0.70419776,-0.9851284,-0.14644742,0.0898617,-0.041112065,0.70871675,0.7042942,,1.0854764418695002,0.562377130633903,0.21765227616000002,2.4292579952682147,-0.8368985610633227,-0.3519449049994991,-0.4122804229229209,,-1.3832495760338488,0.19923878542211812,0.13153584259,0.33864925872750684,0.18322954618545564,-0.5611539379054753,0.8747074741490654,,-0.11698505643804993,-0.12851077448590748,0.09694439508,-0.1167695939710949,,2.7120113e-06,-5.9604645e-07,-2.3841858e-07,1.0,2.026558e-06,1.5199184e-06,-2.026558e-06,1.0,3.874302e-07,-1.5348196e-06,-4.172325e-07,1.0,240,0.744,0,2,0.388,False,-0.2622611443645053,1.0502391903704191
0.7527638119645417,17:07:09.081666,17:05:53.206341,0,,0.11517867,0.008963533,0.033303708,-0.25544035,0.905804,-0.3380375,0.038171023,0.35881266,0.93262875,0.96607095,0.22532766,-0.1262309,,0.0148312,-0.031227592,0.06357038,0.22738163,-0.54792976,0.8050282,-0.6801585,0.502259,0.5339666,-0.69690895,-0.66896105,-0.2584746,,0.09846965,1.2953923,0.42710546,0.98261076,0.0074647362,-0.18552719,-0.10494113,-0.8019738,-0.58806914,-0.15317772,0.5973125,-0.7872448,,-0.12243254,0.2572679,-0.118746914,0.08606011,-0.8695217,0.48633906,0.6111749,0.4315844,0.6634758,-0.78680295,0.24013944,0.56857204,,-0.057292204,0.406555,-0.4267929,-0.16699632,0.69024533,-0.7040409,-0.985102,-0.14654909,0.089985654,-0.041064374,0.70857936,0.7044352,,1.0878550435947614,0.5617824802025877,0.21757449876,2.374528920018754,-0.852201849037052,-0.31406401160178504,-0.4121170788567865,,-1.383666603609057,0.19918472629199854,0.13154491662,0.33864925872750684,0.18322954618545564,-0.5605821867244913,0.8755241944797367,,-0.11698505643804993,-0.12851077448590748,0.09694439508,-0.1167695939710949,,2.7120113e-06,-5.9604645e-07,-2.3841858e-07,1.0,2.026558e-06,1.5199184e-06,-2.026558e-06,1.0,3.874302e-07,-1.5348196e-06,-4.172325e-07,1.0,253,0.784,0,2,0.388,False,-0.26196325577190027,1.0499977893665218
0.7859070107806474,17:07:09.128284,17:05:53.344586,0,,0.11387939,0.009108253,0.033374935,-0.3030203,0.89136744,-0.3371094,0.016367793,0.35855663,0.9333645,0.9528435,0.27731052,-0.123239815,,0.01492748,-0.031212721,0.06362808,0.22838266,-0.5477144,0.80489135,-0.68002605,0.50189096,0.5344809,-0.69671077,-0.6694133,-0.25783688,,0.09846965,1.2953923,0.42710546,0.98261076,0.0074647362,-0.18552719,-0.10494113,-0.8019738,-0.58806914,-0.15317772,0.5973125,-0.7872448,,-0.12115847,0.25741255,-0.11901146,0.13154845,-0.86455184,0.4850207,0.58530885,0.46262258,0.6658783,-0.80006784,0.19629164,0.56688714,,-0.057395015,0.40660167,-0.42680147,-0.1680015,0.6900766,-0.70396715,-0.98493713,-0.14714597,0.09081238,-0.04091844,0.70862,0.7044028,,1.0919172010866034,0.5607630794631902,0.21752005458,2.2904432526814595,-0.8679150465100777,-0.24807809284519045,-0.41375051951812925,,-1.3845933315539638,0.19911522169613052,0.13155528694000002,0.33802018889705326,0.18336618268522106,-0.5599584959669228,0.8750341622813339,,-0.11698505643804993,-0.12851077448590748,0.09694439508,-0.1167695939710949,,2.7120113e-06,-5.9604645e-07,-2.3841858e-07,1.0,2.026558e-06,1.5199184e-06,-2.026558e-06,1.0,3.874302e-07,-1.5348196e-06,-4.172325e-07,1.0,261,0.809,0,2,0.388,False,-0.2616653671792948,1.0495632675595068
0.8325252567883581,17:07:09.148698,17:05:53.344586,0,,0.11343663,0.009154089,0.03335756,-0.3175698,0.8862392,-0.33723807,0.010157019,0.35880715,0.93335646,0.94818044,0.29298043,-0.12294808,,0.014981657,-0.03120825,0.063654184,0.22986849,-0.5481681,0.8041592,-0.68019634,0.5004752,0.53559077,-0.6960557,-0.67010164,-0.25781843,,0.09846965,1.2953923,0.42710546,0.98261076,0.0074647362,-0.18552719,-0.10494113,-0.8019738,-0.58806914,-0.15317772,0.5973125,-0.7872448,,-0.12071756,0.25743392,-0.11907128,0.14563216,-0.86225,0.48509407,0.5773897,0.4722318,0.66604674,-0.80337566,0.1830905,0.56662637,,-0.05745216,0.40662053,-0.4268053,-0.16958337,0.69051564,-0.70315695,-0.984654,-0.14855002,0.091593824,-0.04120701,0.70789903,0.70511055,,1.0933613521340835,0.560315160956485,0.21752005458,2.2636029399154403,-0.8714675955039791,-0.22745694073858164,-0.41179039072451784,,-1.3850953091907885,0.19903027163451406,0.13156306468,0.3365523592926616,0.18336618268522106,-0.5588149936049549,0.875034162281334,,-0.11698505643804993,-0.12851077448590748,0.09694439508,-0.1167695939710949,,2.7120113e-06,-5.9604645e-07,-2.3841858e-07,1.0,2.026558e-06,1.5199184e-06,-2.026558e-06,1.0,3.874302e-07,-1.5348196e-06,-4.172325e-07,1.0,278,0.862,0,2,0.388,False,-0.26232072208302704,1.0497563883626244
0.8529492528177798,17:07:09.199068,17:05:53.344586,0,,0.11238506,0.0092504695,0.03325638,-0.34796715,0.87037367,-0.34837967,-0.010239184,0.36805192,0.9297489,0.93745077,0.32708907,-0.11915824,,0.015099503,-0.031207565,0.06372082,0.22953394,-0.54789466,0.80444103,-0.67931736,0.5017166,0.5355449,-0.69702375,-0.6693965,-0.2570334,,0.09846965,1.2953923,0.42710546,0.98261076,0.0074647362,-0.18552719,-0.10494113,-0.8019738,-0.58806914,-0.15317772,0.5973125,-0.7872448,,-0.11966175,0.25743854,-0.11917402,0.17415342,-0.85139877,0.49476326,0.55433446,0.5000319,0.6653431,-0.8138697,0.15839253,0.5590419,,-0.05757882,0.40666333,-0.42682657,-0.16902223,0.69023633,-0.7035661,-0.9848007,-0.14723267,0.09214184,-0.039988272,0.7084464,0.70463085,,1.0966898500028741,0.5589327917719988,0.21759523940000003,2.203421926135382,-0.8849946089807579,-0.19061608638821814,-0.4127704551213238,,-1.386145600861683,0.19877542144966465,0.13156954613000002,0.33781049895356874,0.18432263818357916,-0.5582880590885808,0.875687538545871,,-0.11698505643804993,-0.12851077448590748,0.09694439508,-0.1167695939710949,,2.7120113e-06,-5.9604645e-07,-2.3841858e-07,1.0,2.026558e-06,1.5199184e-06,-2.026558e-06,1.0,3.874302e-07,-1.5348196e-06,-4.172325e-07,1.0,286,0.887,0,2,0.388,False,-0.2629164992682367,1.0494667071579475
0.9033043328672647,17:07:09.229243,17:05:53.344586,0,,0.11180257,0.009370588,0.0330891,-0.35860035,0.8624646,-0.35715607,-0.021410733,0.37490276,0.9268169,0.93324566,0.34000373,-0.115974456,,0.0151347555,-0.031209592,0.06374097,0.22910403,-0.5475315,0.8048108,-0.6792195,0.5023269,0.53509676,-0.69726056,-0.66923606,-0.25680894,,0.09846965,1.2953923,0.42710546,0.98261076,0.0074647362,-0.18552719,-0.10494113,-0.8019738,-0.58806914,-0.15317772,0.5973125,-0.7872448,,-0.119047865,0.25742713,-0.11910532,0.18362424,-0.84495234,0.5023322,0.54277945,0.5132081,0.66483676,-0.81955636,0.15057546,0.55286026,,-0.057616938,0.40667486,-0.42683482,-0.16855271,0.6899046,-0.70400405,-0.98488724,-0.14674312,0.091997586,-0.03983819,0.70887107,0.7042121,,1.0987904333446632,0.5578284409709848,0.21776894226000001,2.178678512804208,-0.8929195259671534,-0.178681372384408,-0.4116270466583837,,-1.3864622329095262,0.19870591685379663,0.13156954613000002,0.3384395687840223,0.18432263818357916,-0.558451416568862,0.8753608504136025,,-0.11698505643804993,-0.12851077448590748,0.09694439508,-0.1167695939710949,,2.7120113e-06,-5.9604645e-07,-2.3841858e-07,1.0,2.026558e-06,1.5199184e-06,-2.026558e-06,1.0,3.874302e-07,-1.5348196e-06,-4.172325e-07,1.0,299,0.928,0,2,0.388,False,-0.26160578946077395,1.0496115477602863
0.9334830588195473,17:07:09.267111,17:05:53.475940,0,,0.111198954,0.009518802,0.032824934,-0.36909038,0.8545042,-0.3655061,-0.03183803,0.38141787,0.92385435,0.928848,0.3526226,-0.11357218,,0.015142702,-0.031209353,0.06374395,0.22907935,-0.5474848,0.80484957,-0.67931044,0.50228626,0.5350194,-0.69718003,-0.6693047,-0.25684878,,0.09846965,1.2953923,0.42710546,0.98261076,0.0074647362,-0.18552719,-0.10494113,-0.8019738,-0.58806914,-0.15317772,0.5973125,-0.7872448,,-0.11839245,0.25737935,-0.118949525,0.19309698,-0.83845305,0.5096175,0.53170294,0.52593756,0.66383857,-0.8246245,0.1427799,0.54736495,,-0.057625216,0.4066767,-0.42683515,-0.16854928,0.6898665,-0.70404214,-0.98488283,-0.14682484,0.09191461,-0.03996206,0.70889115,0.7041849,,1.1009605212823204,0.5565155763823666,0.21802560768,2.153515719586065,-0.8998879874551907,-0.16605636638394278,-0.4127704551213237,,-1.3865317375053943,0.1986981941209224,0.13157084242,0.3384395687840223,0.18418600168381372,-0.5584216774053061,0.8751975063474682,,-0.11698505643804993,-0.12851077448590748,0.09694439508,-0.1167695939710949,,2.7120113e-06,-5.9604645e-07,-2.3841858e-07,1.0,2.026558e-06,1.5199184e-06,-2.026558e-06,1.0,3.874302e-07,-1.5348196e-06,-4.172325e-07,1.0,307,0.952,0,2,0.388,False,-0.26297607698675796,1.049804668563404
0.9713613968342543,17:07:09.297319,17:05:53.475940,0,,0.11066989,0.009698719,0.032536745,-0.37107402,0.85528153,-0.36165935,-0.03329292,0.376962,0.9256302,0.92800623,0.35551792,-0.11140615,,0.015132941,-0.031209264,0.06373799,0.2290424,-0.54749304,0.8048544,-0.67931676,0.50229836,0.5350001,-0.69718593,-0.6692889,-0.2568736,,0.09846965,1.2953923,0.42710546,0.98261076,0.0074647362,-0.18552719,-0.10494113,-0.8019738,-0.58806914,-0.15317772,0.5973125,-0.7872448,,-0.11780089,0.2573431,-0.118739605,0.1949649,-0.8403599,0.5057508,0.53001416,0.52414316,0.66660255,-0.82527184,0.138091,0.5475922,,-0.057614625,0.40667287,-0.42683294,-0.16851251,0.68987304,-0.7040445,-0.9848888,-0.14680445,0.09188289,-0.03996934,0.708889,0.7041866,,1.1034009048705753,0.5550405344033897,0.21828486568000002,2.1453378117901685,-0.8998879874551907,-0.15445798528398297,-0.41326048731972653,,-1.3864390647109035,0.19871363958667085,0.13157084242,0.3384395687840223,0.18418600168381372,-0.5585033561454467,0.8750341622813339,,-0.11698505643804993,-0.12851077448590748,0.09694439508,-0.1167695939710949,,2.7120113e-06,-5.9604645e-07,-2.3841858e-07,1.0,2.026558e-06,1.5199184e-06,-2.026558e-06,1.0,3.874302e-07,-1.5348196e-06,-4.172325e-07,1.0,324,1.006,0,2,0.388,False,-0.26255903295711036,1.0496598279610654
1.0015580977778882,17:07:09.344792,17:05:53.475940,0,,0.10978264,0.010034524,0.032195657,-0.36943802,0.8556583,-0.36244234,-0.035404712,0.37679118,0.9256214,0.92858064,0.35479182,-0.108906835,,0.015126042,-0.03121144,0.063729525,0.22894798,-0.5476254,0.8047913,-0.6794359,0.50215626,0.5349822,-0.6971009,-0.66928726,-0.25710884,,0.09846965,1.2953923,0.42710546,0.98261076,0.0074647362,-0.18552719,-0.10494113,-0.8019738,-0.58806914,-0.15317772,0.5973125,-0.7872448,,-0.11682865,0.2573954,-0.11847819,0.19296545,-0.8406251,0.5060768,0.5286953,0.52357244,0.6680967,-0.8265867,0.13864082,0.54546595,,-0.057606652,0.40666553,-0.4268305,-0.16844366,0.68999094,-0.70394546,-0.9848941,-0.1468854,0.09169684,-0.04012932,0.7087575,0.70430994,,1.1079418718006193,0.5528241100684873,0.21864264172000003,2.139885873259571,-0.9002978969544871,-0.1493863646447411,-0.4134238313858608,,-1.386354114649287,0.19870591685379663,0.13157213871,0.3384395687840223,0.1840493651840483,-0.5583919382417502,0.8750341622813339,,-0.11698505643804993,-0.12851077448590748,0.09694439508,-0.1167695939710949,,2.7120113e-06,-5.9604645e-07,-2.3841858e-07,1.0,2.026558e-06,1.5199184e-06,-2.026558e-06,1.0,3.874302e-07,-1.5348196e-06,-4.172325e-07,1.0,333,1.034,0,2,0.388,False,-0.2620824112089424,1.0495632675595068
1.0489666969515383,17:07:09.377644,17:05:53.475940,0,,0.10930746,0.010267653,0.032102108,-0.36900222,0.85465324,-0.36524677,-0.037822396,0.3788463,0.9246864,0.9286586,0.3550257,-0.10747033,,0.015128389,-0.03121275,0.06372988,0.22895007,-0.5476739,0.8047577,-0.6794437,0.50211513,0.53501076,-0.69709265,-0.6692784,-0.25715426,,0.09846965,1.2953923,0.42710546,0.98261076,0.0074647362,-0.18552719,-0.10494113,-0.8019738,-0.58806914,-0.15317772,0.5973125,-0.7872448,,-0.11631575,0.2575197,-0.118376255,0.19217716,-0.83938926,0.5084227,0.5268202,0.525341,0.6681896,-0.82796645,0.13943656,0.54316574,,-0.057609122,0.4066648,-0.4268313,-0.16844773,0.6900336,-0.70390266,-0.98489296,-0.14690164,0.091683015,-0.040140096,0.7087126,0.70435447,,1.1105984919093526,0.552059559513939,0.21880986313000003,2.135901764333365,-0.9012543524528451,-0.14844308183858507,-0.4134238313858607,,-1.3863695601150354,0.19869047138804818,0.13157213871,0.3384395687840223,0.1840493651840483,-0.5583102595016096,0.8751975063474682,,-0.11698505643804993,-0.12851077448590748,0.09694439508,-0.1167695939710949,,2.7120113e-06,-5.9604645e-07,-2.3841858e-07,1.0,2.026558e-06,1.5199184e-06,-2.026558e-06,1.0,3.874302e-07,-1.5348196e-06,-4.172325e-07,1.0,346,1.075,0,2,0.388,False,-0.2626781883941529,1.0495632675595068
1.081879785982892,17:07:09.413352,17:05:53.475940,0,,0.10873945,0.010584742,0.032112837,-0.37191463,0.8507737,-0.37129986,-0.043851554,0.38344336,0.9225228,0.92723054,0.35938165,-0.105300635,,0.01513147,-0.031213913,0.06373072,0.22895566,-0.5476509,0.80477184,-0.67945015,0.5021208,0.5349974,-0.69708455,-0.66929305,-0.25713807,,0.09846965,1.2953923,0.42710546,0.98261076,0.0074647362,-0.18552719,-0.10494113,-0.8019738,-0.58806914,-0.15317772,0.5973125,-0.7872448,,-0.115718454,0.2577729,-0.11832721,0.19438916,-0.8357034,0.51362705,0.52112204,0.5315945,0.66771185,-0.83105034,0.13786641,0.53883964,,-0.057612404,0.40666452,-0.42683223,-0.16845506,0.6900139,-0.7039203,-0.98489136,-0.1469108,0.091685735,-0.040149067,0.7087299,0.7043365,,1.1138652079151494,0.5517660956647186,0.21895764019000002,2.1245785073852006,-0.9041237189479195,-0.14504148223913282,-0.412933799187458,,-1.3863927283136581,0.19867502592229974,0.13157213871,0.3384395687840223,0.1840493651840483,-0.5583102595016096,0.8751975063474682,,-0.11698505643804993,-0.12851077448590748,0.09694439508,-0.1167695939710949,,2.7120113e-06,-5.9604645e-07,-2.3841858e-07,1.0,2.026558e-06,1.5199184e-06,-2.026558e-06,1.0,3.874302e-07,-1.5348196e-06,-4.172325e-07,1.0,359,1.116,0,2,0.388,False,-0.2621419889274632,1.0494667071579475
