Task Time,PC1 Time,PC2 Time,Gaze Calib,s_T_psm1,Tx,Ty,Tz,R00,R01,R02,R10,R11,R12,R20,R21,R22,s_T_psm3,Tx,Ty,Tz,R00,R01,R02,R10,R11,R12,R20,R21,R22,cart_T_ecm,Tx,Ty,Tz,R00,R01,R02,R10,R11,R12,R20,R21,R22,ecm_T_psm1,Tx,Ty,Tz,R00,R01,R02,R10,R11,R12,R20,R21,R22,ecm_T_psm3,Tx,Ty,Tz,R00,R01,R02,R10,R11,R12,R20,R21,R22,psm1_joints,q1,q2,q3,q4,q5,q6,jaw,psm3_joints,q1,q2,q3,q4,q5,q6,jaw,ecm_joints,q1,q2,q3,q4,ecmi_T_ecm,Tx,Ty,Tz,R00,R01,R02,R10,R11,R12,R20,R21,R22,Sample #,Task Duration (s),Collisions (binary),Collisions (increments),Cumulative Collision Time (s),Clutch Press,MTMR Angle,MTML Angle
""
lci_T_si,,,,,-0.060823515,0.029859815,0.22619304,0.990712,-0.051887166,0.12568814,0.04697213,-0.7368394,-0.67443407,0.12760644,0.67407376,-0.7275584
rci_T_si,,,,,-0.07009534,0.034067318,0.23510589,0.98514,-0.06991788,0.15687762,0.057551738,-0.7262056,-0.68506444,0.16182366,0.68391293,-0.7113903
ecm_T_lc,,,,,-4.4061628e-05,-0.00034663224,-0.01840835,-0.99912,0.030754527,0.028518902,-0.031987965,-0.99852574,-0.043852776,0.027128186,-0.04472645,0.9986309
ecm_T_rc,,,,,-0.0043358393,0.01870579,-0.007592615,-0.99555075,-0.052743673,-0.078081585,0.04863213,-0.9973746,0.053654674,-0.08070653,0.04961868,0.9955021
cart_T_ecmi,,,,,0.10353776,1.3393562,0.4416647,0.9916547,0.021186605,-0.12716936,-0.069744974,-0.74143606,-0.6673891,-0.10842766,0.670689,-0.7337709
ecmac_T_ecmrep_psm1,,,,,0.008075713,-0.26004106,-0.30289736,0.99667877,0.061445758,0.053440064,-0.058828812,0.9970531,-0.049237434,-0.056308012,0.04593009,0.9973564
ecmac_T_ecmrep_psm3,,,,,-0.012692571,-0.457308,-0.5458498,0.99509805,-0.029463936,0.094401784,0.014504567,0.9877462,0.15539348,-0.09782351,-0.1532625,0.9833317
""
0,14:49:48.069165,14:49:39.849904,0,,0.14317617,0.011865333,0.023499563,-0.5621848,-0.052482724,-0.8253446,-0.82311785,0.13223755,0.55225915,0.08015752,0.98982763,-0.1175414,,0.030500688,-0.039060164,0.021373332,-0.4033242,-0.66018814,0.63362527,-0.55389863,0.7273141,0.4052292,-0.7283722,-0.18752539,-0.65902066,,0.10341432,1.3393571,0.44165748,0.99166554,0.021301717,-0.12706575,-0.069591016,-0.7414327,-0.6674088,-0.10842766,0.670689,-0.7337709,,-0.11452578,0.2636641,-0.07596803,0.506566,-0.026068153,0.86180705,-0.54307306,0.76670015,0.34240702,-0.6696735,-0.6414759,0.3742273,,-0.0001178392,0.39916307,-0.3666207,0.5032523,0.6550186,-0.5636379,-0.8632778,0.35196346,-0.36176398,-0.038582213,0.66863465,0.7425895,,1.161282787762888,0.6351484425077206,0.21261748580000003,0.20360893512347317,-0.7665307636841209,1.1115330160141128,-0.4034598433516697,,-0.7014403815000637,-0.3173811529320047,0.18347299773000003,1.0383846001353645,0.5547441890476882,0.04000275655983826,0.8719306250247827,,-0.08770279491271507,-0.040362920613933866,0.0842606492,-0.07490262470414771,,-0.00012169778,-8.165836e-06,2.0384789e-05,0.99999994,0.00011391938,0.000104121864,-0.00011391938,1.0,1.680851e-05,-0.000104121864,-1.6868114e-05,1.0,39,0.117,0,0,0.0,False,-0.25183504362332476,1.0467147357135185
0.12399382697185501,14:49:48.108499,14:49:39.915625,0,,0.14316618,0.011700004,0.023779556,-0.5625866,-0.04795082,-0.8253465,-0.8230436,0.12676072,0.5536523,0.07807347,0.9907736,-0.11077951,,0.030491322,-0.03906152,0.021371663,-0.40326694,-0.6601935,0.63365614,-0.5538667,0.7273095,0.40528098,-0.728428,-0.18752463,-0.65895915,,0.10341432,1.3393571,0.44165748,0.99166554,0.021301717,-0.12706575,-0.069591016,-0.7414327,-0.6674088,-0.10842766,0.670689,-0.7337709,,-0.11454926,0.26373136,-0.076285444,0.50715005,-0.030962005,0.8613014,-0.5444182,0.7632202,0.3479996,-0.66813743,-0.64539623,0.37021092,,-0.00010829533,0.399162,-0.3666212,0.5032011,0.655024,-0.5636774,-0.86331034,0.35196197,-0.36168775,-0.038521137,0.66863024,0.7425966,,1.1612750650300137,0.635472797288438,0.21228822814000003,0.20318955523650412,-0.7647544891871703,1.1186608509808182,-0.40313315521940113,,-0.7013785996370699,-0.3173811529320047,0.18347170144000002,1.0383846001353645,0.5548808255474537,0.039973017396282395,0.872093969090917,,-0.08770279491271507,-0.040362920613933866,0.0842606492,-0.07490262470414771,,-0.00012169778,-8.165836e-06,2.0384789e-05,0.99999994,0.00011391938,0.000104121864,-0.00011391938,1.0,1.680851e-05,-0.000104121864,-1.6868114e-05,1.0,47,0.142,0,0,0.0,False,-0.2516563104677614,1.046763015914298
0.16332988999783993,14:49:48.130069,14:49:39.915625,0,,0.14315544,0.011615902,0.023925126,-0.5633737,-0.046131365,-0.8249132,-0.82269174,0.12326434,0.5549632,0.076081276,0.99130106,-0.1073958,,0.030488417,-0.03905933,0.02137065,-0.40327445,-0.6602034,0.633641,-0.55386347,0.7273052,0.40529317,-0.72842634,-0.18750624,-0.6589663,,0.10341432,1.3393571,0.44165748,0.99166554,0.021301717,-0.12706575,-0.069591016,-0.7414327,-0.6674088,-0.10842766,0.670689,-0.7337709,,-0.11455583,0.2637678,-0.076449774,0.5081248,-0.033011585,0.86065054,-0.5454899,0.7609658,0.3512432,-0.6665208,-0.6479516,0.36865813,,-0.00010536002,0.39916277,-0.36661896,0.5032083,0.6550318,-0.5636619,-0.8633062,0.35197535,-0.36168456,-0.038519803,0.6686155,0.74261,,1.1612982332286363,0.6355963610144256,0.21211063641000003,0.20339924517998864,-0.7627049416906886,1.1219719855739463,-0.40280646708713264,,-0.7013631541713216,-0.31736570746625625,0.18347170144000002,1.0383846001353645,0.5548808255474537,0.039973017396282395,0.872093969090917,,-0.08770279491271507,-0.040362920613933866,0.0842606492,-0.07490262470414771,,-0.00012169778,-8.165836e-06,2.0384789e-05,0.99999994,0.00011391938,0.000104121864,-0.00011391938,1.0,1.680851e-05,-0.000104121864,-1.6868114e-05,1.0,55,0.165,0,0,0.0,False,-0.25117968871959295,1.0461353733041652
0.1849041489767842,14:49:48.155261,14:49:39.985774,0,,0.14313014,0.011445925,0.024242058,-0.5655511,-0.04387408,-0.82354534,-0.8216127,0.11648092,0.55801845,0.07144481,0.99222344,-0.10192339,,0.03048579,-0.039058495,0.021369576,-0.40328237,-0.6601594,0.6336819,-0.55386424,0.7273345,0.40523958,-0.7284214,-0.1875478,-0.6589599,,0.10341432,1.3393571,0.44165748,0.99166554,0.021301717,-0.12706575,-0.069591016,-0.7414327,-0.6674088,-0.10842766,0.670689,-0.7337709,,-0.11456752,0.26385686,-0.07679894,0.51075166,-0.035713382,0.8589862,-0.5477862,0.75654614,0.357167,-0.66261834,-0.6529644,0.3668439,,-0.00010265936,0.39916274,-0.36661783,0.50321555,0.6549921,-0.56370157,-0.8633018,0.35195422,-0.3617156,-0.038523715,0.6686655,0.74256474,,1.1613754605573787,0.6358821021307719,0.21172952715,0.20444769489741124,-0.7577860276991327,1.1268639237161964,-0.40296981115326685,,-0.7013477087055731,-0.317357984733382,0.18347170144000002,1.0383846001353645,0.5548808255474537,0.03989133865614186,0.8722573131570512,,-0.08770279491271507,-0.040362920613933866,0.0842606492,-0.07490262470414771,,-0.00012169778,-8.165836e-06,2.0384789e-05,0.99999994,0.00011391938,0.000104121864,-0.00011391938,1.0,1.680851e-05,-0.000104121864,-1.6868114e-05,1.0,66,0.199,0,0,0.0,False,-0.2519541990603664,1.0463284941072828
0.21006063296226785,14:49:48.187391,14:49:39.985774,0,,0.14313422,0.011356369,0.024409458,-0.5661007,-0.04488145,-0.8231133,-0.8217141,0.110299855,0.5591241,0.06569505,0.9928845,-0.09932059,,0.030488417,-0.039057124,0.021370292,-0.40327755,-0.66016346,0.6336807,-0.5538601,0.72733206,0.40524948,-0.7284272,-0.18754248,-0.658955,,0.10341432,1.3393571,0.44165748,0.99166554,0.021301717,-0.12706575,-0.069591016,-0.7414327,-0.6674088,-0.10842766,0.670689,-0.7337709,,-0.114591025,0.26390377,-0.07698143,0.51179004,-0.035111763,0.8583928,-0.5517331,0.75245166,0.35973206,-0.6585299,-0.65771097,0.36572495,,-0.000105389,0.39916378,-0.36661696,0.5032113,0.6549957,-0.5637013,-0.8633046,0.35195756,-0.3617057,-0.038516745,0.6686603,0.7425698,,1.1614449651532466,0.6359979431238852,0.21151304672000001,0.20235079546256599,-0.7523205677085151,1.130901796542958,-0.4052566280791468,,-0.7013554314384473,-0.31735026200050775,0.18347170144000002,1.0383846001353645,0.5548808255474537,0.03989133865614186,0.8722573131570512,,-0.08770933989741005,-0.040362920613933866,0.0842606492,-0.07490262470414771,,-0.00012169778,-8.165836e-06,2.0384789e-05,0.99999994,0.00011391938,0.000104121864,-0.00011391938,1.0,1.680851e-05,-0.000104121864,-1.6868114e-05,1.0,74,0.223,0,0,0.0,False,-0.25171588818628265,1.046038812902606
0.24222097697202116,14:49:48.216219,14:49:39.985774,0,,0.14315084,0.011213988,0.024700463,-0.5677924,-0.045520253,-0.82191217,-0.82144105,0.0960426,0.56214786,0.053349525,0.99433583,-0.09192449,,0.030484892,-0.03905784,0.021368802,-0.40328982,-0.6602235,0.63361037,-0.55386746,0.72729385,0.40530807,-0.72841483,-0.18747954,-0.6589866,,0.10341432,1.3393571,0.44165748,0.99166554,0.021301717,-0.12706575,-0.069591016,-0.7414327,-0.6674088,-0.10842766,0.670689,-0.7337709,,-0.11464063,0.26399493,-0.077288784,0.5145558,-0.035393585,0.8567261,-0.5598368,0.74292797,0.3669343,-0.6494729,-0.668435,0.3624633,,-0.00010169001,0.3991626,-0.36661687,0.5032223,0.65504897,-0.5636295,-0.8632976,0.35199234,-0.36168864,-0.03853049,0.6685898,0.74263257,,1.1615685288792343,0.6361755659799925,0.21113323375,0.19878606642332908,-0.7402965557291563,1.1407815973915485,-0.40215309082259554,,-0.7013322632398247,-0.31735026200050775,0.18347170144000002,1.0383846001353645,0.5548808255474537,0.039973017396282395,0.8717672809586484,,-0.08770933989741005,-0.040362920613933866,0.0842606492,-0.07490262470414771,,-0.00012169778,-8.165836e-06,2.0384789e-05,0.99999994,0.00011391938,0.000104121864,-0.00011391938,1.0,1.680851e-05,-0.000104121864,-1.6868114e-05,1.0,82,0.247,0,0,0.0,False,-0.2514179995936776,1.0457491316979295
0.27105529099935666,14:49:48.246846,14:49:40.055216,0,,0.14311725,0.011078581,0.025034502,-0.57069635,-0.039408494,-0.8202149,-0.8200718,0.07878256,0.56681156,0.04228145,0.9961126,-0.07727873,,0.03048516,-0.039059196,0.021368861,-0.4032902,-0.6602212,0.6336124,-0.5538715,0.72729427,0.40530175,-0.72841156,-0.18748567,-0.6589885,,0.10341432,1.3393571,0.44165748,0.99166554,0.021301717,-0.12706575,-0.069591016,-0.7414327,-0.6674088,-0.10842766,0.670689,-0.7337709,,-0.11464363,0.26412117,-0.07762804,0.51847774,-0.04258511,0.8540301,-0.56624836,0.7312911,0.38023168,-0.64073676,-0.68073475,0.35504442,,-0.00010192472,0.39916182,-0.36661795,0.5032224,0.6550474,-0.5636312,-0.8632973,0.35198742,-0.36169413,-0.03853574,0.6685938,0.74262863,,1.1619237745914486,0.636399525233345,0.21072360611000002,0.197947306649391,-0.7289557262486248,1.1558741759466329,-0.4031331552194011,,-0.7013322632398247,-0.317357984733382,0.18347170144000002,1.0383846001353645,0.5548808255474537,0.039973017396282395,0.8717672809586484,,-0.08770933989741005,-0.040362920613933866,0.0842606492,-0.07490262470414771,,-0.00012169778,-8.165836e-06,2.0384789e-05,0.99999994,0.00011391938,0.000104121864,-0.00011391938,1.0,1.680851e-05,-0.000104121864,-1.6868114e-05,1.0,93,0.281,0,0,0.0,False,-0.2529074425567037,1.044976648485458
0.30166995397303253,14:49:48.278598,14:49:40.055216,0,,0.14308038,0.010920554,0.025341079,-0.5737528,-0.037751686,-0.818158,-0.81849205,0.062576085,0.57109976,0.029637158,0.9973259,-0.06680268,,0.03048516,-0.039059196,0.021368861,-0.4032902,-0.660273,0.63355845,-0.5538715,0.7272612,0.4053611,-0.72841156,-0.18743183,-0.65900385,,0.10341432,1.3393571,0.44165748,0.99166554,0.021301717,-0.12706575,-0.069591016,-0.7414327,-0.6674088,-0.10842766,0.670689,-0.7337709,,-0.114642255,0.26421225,-0.077962756,0.5226995,-0.045238037,0.8513159,-0.5735661,0.720129,0.39043075,-0.6307196,-0.69236386,0.35046405,,-0.00010192472,0.39916182,-0.36661795,0.5032224,0.6550935,-0.56357765,-0.8632973,0.35201696,-0.36166537,-0.03853574,0.66853315,0.74268323,,1.1622326839064177,0.636399525233345,0.21031008960000003,0.19668916698848385,-0.7158386222711426,1.1670679595494473,-0.4034598433516697,,-0.7013322632398247,-0.317357984733382,0.18347170144000002,1.0383846001353645,0.5548808255474537,0.04005469613642293,0.8706238724957084,,-0.08770933989741005,-0.040362920613933866,0.0842606492,-0.07490262470414771,,-0.00012169778,-8.165836e-06,2.0384789e-05,0.99999994,0.00011391938,0.000104121864,-0.00011391938,1.0,1.680851e-05,-0.000104121864,-1.6868114e-05,1.0,105,0.318,0,0,0.0,False,-0.252371243090014,1.04478352768234
0.33341213600942865,14:49:48.310009,14:49:40.125580,0,,0.14303638,0.010751963,0.025664434,-0.5773253,-0.03295663,-0.81584877,-0.8163228,0.044929683,0.5758458,0.017677873,0.9984464,-0.05284226,,0.030484892,-0.03905784,0.021368802,-0.40328982,-0.6602753,0.63355637,-0.55386746,0.72726077,0.4053675,-0.72841483,-0.18742566,-0.65900195,,0.10341432,1.3393571,0.44165748,0.99166554,0.021301717,-0.12706575,-0.069591016,-0.7414327,-0.6674088,-0.10842766,0.670689,-0.7337709,,-0.11463582,0.264307,-0.07831756,0.5274079,-0.05108453,0.84807503,-0.57997763,0.70778716,0.40331542,-0.6208598,-0.7045763,0.34366465,,-0.00010169001,0.3991626,-0.36661687,0.5032223,0.655095,-0.563576,-0.8632976,0.3520219,-0.36165988,-0.03853049,0.6685291,0.74268717,,1.1625261477556381,0.6364072479662192,0.20987972132000002,0.19668916698848385,-0.7031314277929566,1.1808830015872864,-0.40345984335166973,,-0.7013322632398247,-0.31735026200050775,0.18347170144000002,1.0383846001353645,0.5548808255474537,0.04005469613642293,0.87029718436344,,-0.08770933989741005,-0.040362920613933866,0.0842606492,-0.07490262470414771,,-0.00012169778,-8.165836e-06,2.0384789e-05,0.99999994,0.00011391938,0.000104121864,-0.00011391938,1.0,1.680851e-05,-0.000104121864,-1.6868114e-05,1.0,113,0.341,0,0,0.0,False,-0.2515371550307197,1.046038812902606
0.3648306769900955,14:49:48.339214,14:49:40.125580,0,,0.14299592,0.010573149,0.026023403,-0.5818519,-0.029475909,-0.81276035,-0.8132869,0.025459826,0.58130556,0.0035582483,0.99924123,-0.038786203,,0.03048344,-0.039056797,0.021368325,-0.40329358,-0.6601767,0.6336566,-0.55386585,0.72732484,0.40525472,-0.728414,-0.18752417,-0.6589748,,0.10341432,1.3393571,0.44165748,0.99166554,0.021301717,-0.12706575,-0.069591016,-0.7414327,-0.6674088,-0.10842766,0.670689,-0.7337709,,-0.11463656,0.26441818,-0.078705,0.5333004,-0.055696722,0.84409034,-0.58719176,0.69390374,0.4167774,-0.6089306,-0.71791047,0.3373545,,-0.00010022231,0.39916298,-0.36661577,0.50322586,0.6550068,-0.5636752,-0.86329556,0.35196948,-0.3617158,-0.03852982,0.66864306,0.7425846,,1.1628196116048586,0.6364149706990934,0.20940398289000003,0.1973182368189374,-0.6879647763189927,1.1943260961614015,-0.40509328401301253,,-0.7013245405069504,-0.31734253926763356,0.18347170144000002,1.0383846001353645,0.5548808255474537,0.039891338656141806,0.8709505606279769,,-0.08770933989741005,-0.040362920613933866,0.0842606492,-0.07490262470414771,,-0.00012169778,-8.165836e-06,2.0384789e-05,0.99999994,0.00011391938,0.000104121864,-0.00011391938,1.0,1.680851e-05,-0.000104121864,-1.6868114e-05,1.0,121,0.366,0,0,0.0,False,-0.25207335449740853,1.0462802139065033
0.3940452029928565,14:49:48.359573,14:49:40.125580,0,,0.14296533,0.010494322,0.026236013,-0.58594865,-0.027756989,-0.80987257,-0.810333,0.01397258,0.5858029,-0.0049440563,0.99951696,-0.030679643,,0.030482985,-0.03905681,0.021369457,-0.40329358,-0.66002136,0.6338184,-0.55386585,0.7274241,0.4050765,-0.728414,-0.18768558,-0.6589289,,0.10341432,1.3393571,0.44165748,0.99166554,0.021301717,-0.12706575,-0.069591016,-0.7414327,-0.6674088,-0.10842766,0.670689,-0.7337709,,-0.114628896,0.2645041,-0.07891692,0.5382749,-0.058068283,0.84076643,-0.59068155,0.68558806,0.4255165,-0.60112846,-0.7256701,0.33473498,,-9.991664e-05,0.399164,-0.36661652,0.50322586,0.65486866,-0.56383574,-0.86329556,0.35188085,-0.361802,-0.03852982,0.668825,0.74242073,,1.163035848125337,0.6364458616305902,0.20913565086000002,0.19983451614075173,-0.6782635848356463,1.2006275257834131,-0.40313315521940124,,-0.7013245405069504,-0.31734253926763356,0.18347040515000002,1.0383846001353645,0.5548808255474537,0.03964630243572009,0.8714405928263798,,-0.08770933989741005,-0.040362920613933866,0.0842606492,-0.07490262470414771,,-0.00012169778,-8.165836e-06,2.0384789e-05,0.99999994,0.00011391938,0.000104121864,-0.00011391938,1.0,1.680851e-05,-0.000104121864,-1.6868114e-05,1.0,140,0.424,0,0,0.0,False,-0.25254997624557696,1.0458456920994883
0.41435986396390945,14:49:48.411283,14:49:40.125580,0,,0.1429218,0.010349944,0.026705205,-0.59665495,-0.030195277,-0.8019295,-0.80199754,-0.012842894,0.5971891,-0.02833137,0.9994615,-0.016553745,,0.030482985,-0.03905681,0.021369457,-0.40329358,-0.66002136,0.6338184,-0.55386585,0.7274241,0.4050765,-0.728414,-0.18768558,-0.6589289,,0.10341432,1.3393571,0.44165748,0.99166554,0.021301717,-0.12706575,-0.069591016,-0.7414327,-0.6674088,-0.10842766,0.670689,-0.7337709,,-0.11463419,0.26471516,-0.07936225,0.55141026,-0.057127174,0.8322759,-0.60013574,0.66581696,0.4433112,-0.57946855,-0.74392486,0.33285424,,-9.991664e-05,0.399164,-0.36661652,0.50322586,0.65486866,-0.56383574,-0.86329556,0.35188085,-0.361802,-0.03852982,0.668825,0.74242073,,1.1634992120977905,0.6364613070963387,0.20854065375000003,0.20612521444528742,-0.6516194673813854,1.2101839920364463,-0.40394987555007256,,-0.7013245405069504,-0.31734253926763356,0.18347040515000002,1.0383846001353645,0.5548808255474537,0.03964630243572009,0.8714405928263798,,-0.08770933989741005,-0.040362920613933866,0.0842606492,-0.07490262470414771,,-0.00012169778,-8.165836e-06,2.0384789e-05,0.99999994,0.00011391938,0.000104121864,-0.00011391938,1.0,1.680851e-05,-0.000104121864,-1.6868114e-05,1.0,148,0.449,0,0,0.0,False,-0.2529074425567037,1.045604291095591
0.4661040869541466,14:49:48.442063,14:49:40.250650,0,,0.14294499,0.010347664,0.02688995,-0.6017844,-0.035058975,-0.79788864,-0.79742223,-0.029190034,0.60271525,-0.044420987,0.9989588,-0.010390669,,0.03048253,-0.03905684,0.021370769,-0.40329358,-0.6600732,0.6337645,-0.55386585,0.727391,0.40513596,-0.728414,-0.18763176,-0.6589442,,0.10341432,1.3393571,0.44165748,0.99166554,0.021301717,-0.12706575,-0.069591016,-0.7414327,-0.6674088,-0.10842766,0.670689,-0.7337709,,-0.11467336,0.2648378,-0.07949677,0.55815834,-0.05315352,0.82803017,-0.607534,0.65350693,0.4514767,-0.56512105,-0.7550519,0.33246773,,-9.961096e-05,0.399165,-0.3666173,0.50322586,0.65491474,-0.5637822,-0.86329556,0.3519104,-0.36177328,-0.03852982,0.66876435,0.7424754,,1.163723171351143,0.6364767525620872,0.20831250671,0.2073833541061946,-0.6341299954114091,1.2151170042963366,-0.40574666027754963,,-0.7013245405069504,-0.31734253926763356,0.18346910886,1.0383846001353645,0.5548808255474537,0.03972798117586068,0.8712772487602455,,-0.08770933989741005,-0.040362920613933866,0.0842606492,-0.07490262470414771,,-0.00012169778,-8.165836e-06,2.0384789e-05,0.99999994,0.00011391938,0.000104121864,-0.00011391938,1.0,1.680851e-05,-0.000104121864,-1.6868114e-05,1.0,160,0.485,0,0,0.0,False,-0.252847864838182,1.045169769288576
0.4968772580032237,14:49:48.477547,14:49:40.250650,0,,0.14304106,0.010407239,0.027077422,-0.6094932,-0.045228273,-0.7915001,-0.78971195,-0.053272784,0.61116034,-0.06980711,0.9975552,-0.0032479167,,0.030481085,-0.039055753,0.021370173,-0.40329733,-0.66018176,0.63364905,-0.5538642,0.7273227,0.40526086,-0.7284131,-0.1875149,-0.65897834,,0.10341432,1.3393571,0.44165748,0.99166554,0.021301717,-0.12706575,-0.069591016,-0.7414327,-0.6674088,-0.10842766,0.670689,-0.7337709,,-0.114781834,0.26500663,-0.0795843,0.56845015,-0.04425399,0.82152665,-0.61885124,0.6349767,0.46241513,-0.54211396,-0.7712627,0.33356598,,-9.814327e-05,0.39916536,-0.36661616,0.50322944,0.65501076,-0.5636675,-0.86329347,0.3519762,-0.36171418,-0.038529154,0.6686357,0.74259126,,1.1638081214127594,0.6364767525620872,0.20808435967000002,0.2092705635975553,-0.6065294224587902,1.2204630381375912,-0.40460325181460965,,-0.7013168177740762,-0.3173348165347593,0.18346910886,1.0383846001353645,0.5548808255474537,0.039891338656141806,0.8712772487602455,,-0.08770933989741005,-0.040362920613933866,0.0842606492,-0.07490262470414771,,-0.00012169778,-8.165836e-06,2.0384789e-05,0.99999994,0.00011391938,0.000104121864,-0.00011391938,1.0,1.680851e-05,-0.000104121864,-1.6868114e-05,1.0,168,0.509,0,0,0.0,False,-0.25278828711966117,1.044880088083899
0.5323756719590165,14:49:48.502398,14:49:40.250650,0,,0.14309312,0.010443777,0.027138665,-0.6120843,-0.050429113,-0.78918284,-0.78667676,-0.06285447,0.614157,-0.08057505,0.99674773,-0.0011991858,,0.030481584,-0.039055068,0.021371126,-0.4032072,-0.66021687,0.63366985,-0.5538128,0.7272986,0.4053742,-0.7285021,-0.18748468,-0.6588887,,0.10341432,1.3393571,0.44165748,0.99166554,0.021301717,-0.12706575,-0.069591016,-0.7414327,-0.6674088,-0.10842766,0.670689,-0.7337709,,-0.11483689,0.26507398,-0.07959929,0.5721275,-0.039542932,0.8192109,-0.62383705,0.6274563,0.46596768,-0.5324448,-0.777647,0.33431667,,-9.876893e-05,0.39916644,-0.36661613,0.5031489,0.65504277,-0.56370217,-0.8633448,0.35199025,-0.36157805,-0.038431413,0.6685969,0.74263126,,1.1638158441456337,0.6364844752949614,0.20801306372000003,0.2092705635975553,-0.5950519564784932,1.2222122428862083,-0.4049299399468783,,-0.7013168177740762,-0.3173348165347593,0.18346910886,1.0383846001353645,0.5550174620472191,0.039943278232726476,0.87029718436344,,-0.08770933989741005,-0.040362920613933866,0.0842606492,-0.07490262470414771,,-0.00012169778,-8.165836e-06,2.0384789e-05,0.99999994,0.00011391938,0.000104121864,-0.00011391938,1.0,1.680851e-05,-0.000104121864,-1.6868114e-05,1.0,187,0.568,0,0,0.0,False,-0.2519541990603664,1.0450249286862374
0.557159726973623,14:49:48.553142,14:49:40.349544,0,,0.14326829,0.010593176,0.027289972,-0.6184597,-0.07982842,-0.7817513,-0.77739453,-0.08310458,0.6234992,-0.11474007,0.99333835,-0.0106613785,,0.03048303,-0.03905614,0.021371663,-0.4032035,-0.6602636,0.6336235,-0.5538145,0.7272676,0.40542752,-0.7285029,-0.1874401,-0.65890044,,0.10341432,1.3393571,0.44165748,0.99166554,0.021301717,-0.12706575,-0.069591016,-0.7414327,-0.6674088,-0.10842766,0.670689,-0.7337709,,-0.115015924,0.26528326,-0.07959187,0.5819397,-0.011128929,0.81315583,-0.6399452,0.6107356,0.46633908,-0.50181305,-0.7917564,0.34828937,,-0.00010023662,0.39916608,-0.36661723,0.50314534,0.6550849,-0.5636564,-0.8633468,0.3520131,-0.3615509,-0.03843208,0.66854364,0.7426792,,1.1638776260086274,0.6364999207607098,0.20785102747000003,0.2073833541061946,-0.5591165570401824,1.2125939105879249,-0.40411321961620694,,-0.7013245405069504,-0.31734253926763356,0.18346910886,1.0383846001353645,0.5550174620472191,0.04002495697286701,0.8704605284295741,,-0.08770933989741005,-0.040362920613933866,0.0842606492,-0.07490262470414771,,-0.00012169778,-8.165836e-06,2.0384789e-05,0.99999994,0.00011391938,0.000104121864,-0.00011391938,1.0,1.680851e-05,-0.000104121864,-1.6868114e-05,1.0,195,0.592,0,0,0.0,False,-0.25278828711966117,1.044976648485458
0.607974705984816,14:49:48.588546,14:49:40.414847,0,,0.143496,0.01079379,0.027454823,-0.6245714,-0.10840828,-0.77340686,-0.7652381,-0.11280516,0.6337866,-0.15595192,0.98768556,-0.012503296,,0.030482762,-0.03905483,0.021371603,-0.40320313,-0.6602658,0.6336214,-0.5538104,0.72726715,0.4054339,-0.7285062,-0.18743388,-0.65889853,,0.10341432,1.3393571,0.44165748,0.99166554,0.021301717,-0.12706575,-0.069591016,-0.7414327,-0.6674088,-0.10842766,0.670689,-0.7337709,,-0.11524556,0.2655385,-0.079554535,0.59225875,0.016139224,0.8055862,-0.6586958,0.58551633,0.47253615,-0.4640575,-0.81049997,0.35740802,,-0.00010000191,0.39916685,-0.36661616,0.5031453,0.6550864,-0.5636547,-0.8633471,0.35201803,-0.36154538,-0.03842683,0.6685395,0.7426831,,1.1639162396729985,0.6365230889593325,0.20769806525,0.20444769489741124,-0.5158027866145377,1.2104360036132276,-0.4050932840130125,,-0.7013245405069504,-0.3173348165347593,0.18346910886,1.0383846001353645,0.5550174620472191,0.04002495697286701,0.8704605284295741,,-0.08770933989741005,-0.040362920613933866,0.0842606492,-0.07490262470414771,,-0.00012169778,-8.165836e-06,2.0384789e-05,0.99999994,0.00011391938,0.000104121864,-0.00011391938,1.0,1.680851e-05,-0.000104121864,-1.6868114e-05,1.0,207,0.628,0,0,0.0,False,-0.2532649088678296,1.04478352768234
0.64336084399838,14:49:48.623272,14:49:40.414847,0,,0.1436207,0.010886118,0.027585745,-0.6265558,-0.12831733,-0.7687407,-0.75807416,-0.12869644,0.639344,-0.18097311,0.9833473,-0.016638577,,0.030482762,-0.03905483,0.021371603,-0.40320313,-0.6602658,0.6336214,-0.5538104,0.72726715,0.4054339,-0.7285062,-0.18743388,-0.65889853,,0.10341432,1.3393571,0.44165748,0.99166554,0.021301717,-0.12706575,-0.069591016,-0.7414327,-0.6674088,-0.10842766,0.670689,-0.7337709,,-0.11537578,0.2656928,-0.07957569,0.5967947,0.03543562,0.8016111,-0.67026997,0.5712168,0.47376108,-0.4411057,-0.82003397,0.3646506,,-0.00010000191,0.39916685,-0.36661616,0.5031453,0.6550864,-0.5636547,-0.8633471,0.35201803,-0.36154538,-0.03842683,0.6685395,0.7426831,,1.1640089124674893,0.6365153662264583,0.20756973254000002,0.20109265580165883,-0.48984185165910404,1.2066641735608474,-0.40525662807914686,,-0.7013245405069504,-0.3173348165347593,0.18346910886,1.0383846001353645,0.5550174620472191,0.04002495697286701,0.8704605284295741,,-0.08770933989741005,-0.040362920613933866,0.0842606492,-0.07490262470414771,,-0.00012169778,-8.165836e-06,2.0384789e-05,0.99999994,0.00011391938,0.000104121864,-0.00011391938,1.0,1.680851e-05,-0.000104121864,-1.6868114e-05,1.0,219,0.665,0,0,0.0,False,-0.2537415306159976,1.0449283682846786
0.6780939839663915,14:49:48.659632,14:49:40.478641,0,,0.14376679,0.011023641,0.027775124,-0.6297648,-0.15556663,-0.7610488,-0.74692726,-0.14775252,0.64828146,-0.21329784,0.976713,-0.023147672,,0.03048186,-0.039056394,0.021371126,-0.40320763,-0.6603181,0.6335641,-0.5538169,0.7272328,0.40548664,-0.7284988,-0.1873832,-0.65892124,,0.10341432,1.3393571,0.44165748,0.99166554,0.021301717,-0.12706575,-0.069591016,-0.7414327,-0.6674088,-0.10842766,0.670689,-0.7337709,,-0.115529835,0.2659195,-0.079607084,0.6034016,0.062056255,0.7950192,-0.683816,0.55316186,0.4758231,-0.41024652,-0.8307593,0.37621382,,-9.9003635e-05,0.39916566,-0.3666172,0.50314903,0.6551333,-0.56359684,-0.8633445,0.35204437,-0.36152604,-0.038436662,0.6684797,0.7427365,,1.164240594453716,0.6365308116922067,0.20740380742000003,0.19857637647984455,-0.4555460902179784,1.1988729285477644,-0.40541997214528114,,-0.7013168177740762,-0.31734253926763356,0.18346910886,1.0383846001353645,0.5550174620472191,0.0401066357130076,0.8706238724957084,,-0.08770933989741005,-0.040362920613933866,0.0842606492,-0.07490262470414771,,-0.00012169778,-8.165836e-06,2.0384789e-05,0.99999994,0.00011391938,0.000104121864,-0.00011391938,1.0,1.680851e-05,-0.000104121864,-1.6868114e-05,1.0,234,0.711,0,0,0.0,False,-0.25397984149008224,1.0442041652729868
0.7144630230031908,14:49:48.700371,14:49:40.478641,0,,0.1439259,0.01116994,0.028039232,-0.633667,-0.1806131,-0.7522267,-0.7316656,-0.17589328,0.65857935,-0.25125965,0.9676985,-0.02069068,,0.03048186,-0.039056394,0.021371126,-0.40320763,-0.6602663,0.633618,-0.5538169,0.72726595,0.40542722,-0.7284988,-0.18743703,-0.65890586,,0.10341432,1.3393571,0.44165748,0.99166554,0.021301717,-0.12706575,-0.069591016,-0.7414327,-0.6674088,-0.10842766,0.670689,-0.7337709,,-0.11570284,0.26620293,-0.07968597,0.61141413,0.08618711,0.78660315,-0.69812113,0.5267615,0.48492187,-0.3725582,-0.8456324,0.38223845,,-9.9003635e-05,0.39916566,-0.3666172,0.50314903,0.6550873,-0.5636503,-0.8633445,0.35201484,-0.36155477,-0.038436662,0.66854036,0.7426819,,1.1645649492344334,0.636538534425081,0.20717566038000002,0.1971085468754529,-0.41441850378858086,1.1984160292920694,-0.40525662807914686,,-0.7013168177740762,-0.31734253926763356,0.18346910886,1.0383846001353645,0.5550174620472191,0.040024956972867065,0.8701338402973057,,-0.08770933989741005,-0.040362920613933866,0.0842606492,-0.07490262470414771,,-0.00012169778,-8.165836e-06,2.0384789e-05,0.99999994,0.00011391938,0.000104121864,-0.00011391938,1.0,1.680851e-05,-0.000104121864,-1.6868114e-05,1.0,246,0.748,0,0,0.0,False,-0.2549926627049395,1.044011044469869
0.755198005004786,14:49:48.735811,14:49:40.544997,0,,0.1439906,0.011186063,0.028298572,-0.6357615,-0.19718114,-0.7462753,-0.7214204,-0.19205561,0.6653324,-0.27451733,0.961371,-0.020148933,,0.030481584,-0.039055068,0.021371126,-0.4032072,-0.66026855,0.6336159,-0.5538128,0.7272655,0.40543362,-0.7285021,-0.18743083,-0.65890396,,0.10341432,1.3393571,0.44165748,0.99166554,0.021301717,-0.12706575,-0.069591016,-0.7414327,-0.6674088,-0.10842766,0.670689,-0.7337709,,-0.115788735,0.26638877,-0.079858564,0.61607826,0.1023172,0.7810114,-0.70623034,0.51086044,0.49016356,-0.34883568,-0.85355306,0.38698953,,-9.876893e-05,0.39916644,-0.36661613,0.5031489,0.6550888,-0.56364864,-0.8633448,0.3520198,-0.3615493,-0.038431413,0.66853625,0.74268585,,1.1648661358165282,0.6365308116922067,0.20691640238000003,0.19647947704499932,-0.3888674783324435,1.196530349013449,-0.40656338060822106,,-0.7013168177740762,-0.3173348165347593,0.18346910886,1.0383846001353645,0.5550174620472191,0.040024956972867065,0.8701338402973057,,-0.08770933989741005,-0.040362920613933866,0.0842606492,-0.07490262470414771,,-0.00012169778,-8.165836e-06,2.0384789e-05,0.99999994,0.00011391938,0.000104121864,-0.00011391938,1.0,1.680851e-05,-0.000104121864,-1.6868114e-05,1.0,254,0.771,0,0,0.0,False,-0.25386068605304013,1.043721363265192
0.7905619359808043,14:49:48.763147,14:49:40.544997,0,,0.14399397,0.011163965,0.028427765,-0.6369732,-0.20627907,-0.7427745,-0.71748364,-0.19374198,0.6690898,-0.28192577,0.9591209,-0.024593443,,0.03048303,-0.03905614,0.021371663,-0.4032035,-0.6602636,0.6336235,-0.5538145,0.7272676,0.40542752,-0.7285029,-0.1874401,-0.65890044,,0.10341432,1.3393571,0.44165748,0.99166554,0.021301717,-0.12706575,-0.069591016,-0.7414327,-0.6674088,-0.10842766,0.670689,-0.7337709,,-0.11580447,0.26645964,-0.079967745,0.6181429,0.11146793,0.77812225,-0.7083074,0.5082572,0.48987266,-0.34088117,-0.85396105,0.39312917,,-0.00010023662,0.39916608,-0.36661723,0.50314534,0.6550849,-0.5636564,-0.8633468,0.3520131,-0.3615509,-0.03843208,0.66854364,0.7426792,,1.1650283132068868,0.636538534425081,0.20677899564000002,0.1971085468754529,-0.3803960153469862,1.1904392263856765,-0.4055833162114154,,-0.7013245405069504,-0.31734253926763356,0.18346910886,1.0383846001353645,0.5550174620472191,0.040024956972867065,0.8701338402973057,,-0.08770933989741005,-0.040362920613933866,0.0842606492,-0.07490262470414771,,-0.00012169778,-8.165836e-06,2.0384789e-05,0.99999994,0.00011391938,0.000104121864,-0.00011391938,1.0,1.680851e-05,-0.000104121864,-1.6868114e-05,1.0,266,0.808,0,0,0.0,False,-0.2531457534307875,1.043817923666751
0.8179617249988951,14:49:48.794754,14:49:40.608930,0,,0.14401236,0.011143908,0.028604105,-0.6383626,-0.21722879,-0.73844755,-0.7115699,-0.19930106,0.67375606,-0.29353264,0.95555776,-0.027347118,,0.030484214,-0.039055903,0.02137214,-0.4031994,-0.6603126,0.6335751,-0.553812,0.7272362,0.40548718,-0.7285071,-0.18738928,-0.65891033,,0.10341432,1.3393571,0.44165748,0.99166554,0.021301717,-0.12706575,-0.069591016,-0.7414327,-0.6674088,-0.10842766,0.670689,-0.7337709,,-0.115839124,0.26656356,-0.080108576,0.62085724,0.12235914,0.77431554,-0.71175766,0.5019438,0.4913791,-0.32853818,-0.8562013,0.3987255,,-0.0001014696,0.39916646,-0.36661726,0.5031417,0.6551285,-0.563609,-0.86334914,0.3520409,-0.36151823,-0.0384275,0.66848624,0.7427311,,1.1652291042616167,0.6365462571579552,0.20659621875000003,0.19752792676242192,-0.36727891136950397,1.1856239769209405,-0.4062366924759524,,-0.7013322632398247,-0.31734253926763356,0.18346910886,1.0383846001353645,0.5550174620472191,0.0401066357130076,0.869807152165037,,-0.08770933989741005,-0.040362920613933866,0.0842606492,-0.07490262470414771,,-0.00012169778,-8.165836e-06,2.0384789e-05,0.99999994,0.00011391938,0.000104121864,-0.00011391938,1.0,1.680851e-05,-0.000104121864,-1.6868114e-05,1.0,277,0.842,0,0,0.0,False,-0.2536223751789555,1.0429971602535004
0.849565400974825,14:49:48.830327,14:49:40.608930,0,,0.14410011,0.011201844,0.028867722,-0.6387292,-0.23598132,-0.73235077,-0.6996187,-0.21803367,0.68043727,-0.32024765,0.94698155,-0.025832474,,0.030485116,-0.039054323,0.021372557,-0.40319484,-0.66031206,0.6335784,-0.5538055,0.72723746,0.40549386,-0.72851455,-0.18738614,-0.65890294,,0.10341432,1.3393571,0.44165748,0.99166554,0.021301717,-0.12706575,-0.069591016,-0.7414327,-0.6674088,-0.10842766,0.670689,-0.7337709,,-0.115946,0.26678273,-0.08025383,0.62419635,0.14071393,0.768491,-0.72097313,0.48266742,0.49722216,-0.3009595,-0.86442566,0.4027302,,-0.00010246788,0.39916763,-0.3666162,0.5031379,0.6551276,-0.5636134,-0.8633518,0.35204408,-0.36150885,-0.038417667,0.66848546,0.7427323,,1.1655997954395794,0.6365617026237037,0.20636418284000002,0.19522133738409217,-0.3380387004196997,1.1847322715094042,-0.4057466602775496,,-0.7013399859726989,-0.3173348165347593,0.18346910886,1.0383846001353645,0.5550174620472191,0.0401066357130076,0.8693171199666342,,-0.08770933989741005,-0.040362920613933866,0.0842606492,-0.07490262470414771,,-0.00012169778,-8.165836e-06,2.0384789e-05,0.99999994,0.00011391938,0.000104121864,-0.00011391938,1.0,1.680851e-05,-0.000104121864,-1.6868114e-05,1.0,285,0.867,0,0,0.0,False,-0.2536223751789555,1.042031556237911
0.885152748960536,14:49:48.856444,14:49:40.676267,0,,0.14411794,0.011188328,0.029059336,-0.63879997,-0.24672388,-0.7287399,-0.6933585,-0.2259028,0.6842674,-0.3334495,0.94238806,-0.026761353,,0.030485116,-0.039054323,0.021372557,-0.40319484,-0.6603638,0.6335244,-0.5538055,0.7272044,0.40555322,-0.72851455,-0.18733235,-0.65891826,,0.10341432,1.3393571,0.44165748,0.99166554,0.021301717,-0.12706575,-0.069591016,-0.7414327,-0.6674088,-0.10842766,0.670689,-0.7337709,,-0.11598105,0.26690182,-0.08040151,0.62575626,0.15135993,0.76519233,-0.7252679,0.47395113,0.49935642,-0.2870812,-0.8674448,0.40635437,,-0.00010246788,0.39916763,-0.3666162,0.5031379,0.6551736,-0.5635599,-0.8633518,0.35207358,-0.3614801,-0.038417667,0.6684248,0.7427869,,1.1658855365559257,0.6365694253565779,0.20617492450000002,0.19417288766666954,-0.3234185949447975,1.1822036109300518,-0.4068900687404896,,-0.7013399859726989,-0.3173348165347593,0.18346910886,1.0383846001353645,0.5550174620472191,0.04018831445314813,0.8675203352391571,,-0.08770933989741005,-0.040362920613933866,0.0842606492,-0.07490262470414771,,-0.00012169778,-8.165836e-06,2.0384789e-05,0.99999994,0.00011391938,0.000104121864,-0.00011391938,1.0,1.680851e-05,-0.000104121864,-1.6868114e-05,1.0,293,0.891,0,0,0.0,False,-0.2536819528974772,1.0425626384464852
0.9112263629795052,14:49:48.885319,14:49:40.676267,0,,0.14412013,0.011169255,0.029149577,-0.6383298,-0.25270092,-0.727102,-0.6911914,-0.22758627,0.6859001,-0.33880603,0.9403971,-0.02938959,,0.030486569,-0.03905544,0.021373034,-0.40319112,-0.66035885,0.633532,-0.5538071,0.7272065,0.4055472,-0.7285153,-0.18734154,-0.6589148,,0.10341432,1.3393571,0.44165748,0.99166554,0.021301717,-0.12706575,-0.069591016,-0.7414327,-0.6674088,-0.10842766,0.670689,-0.7337709,,-0.1159921,0.26694864,-0.08048022,0.6258722,0.15738405,0.7638811,-0.7272942,0.47147024,0.4987574,-0.28165072,-0.86772466,0.40954462,,-0.000103935556,0.39916724,-0.36661732,0.5031343,0.6551697,-0.56356764,-0.86335385,0.3520669,-0.3614817,-0.038418338,0.6684322,0.74278027,,1.1660168230147876,0.6365694253565779,0.20608029533000002,0.19312443794924694,-0.31767986195464903,1.1791576337776135,-0.4050932840130125,,-0.7013477087055731,-0.31734253926763356,0.18346910886,1.0383846001353645,0.5550174620472191,0.04018831445314819,0.8678470233714256,,-0.08770933989741005,-0.040362920613933866,0.0842606492,-0.07490262470414771,,-0.00012169778,-8.165836e-06,2.0384789e-05,0.99999994,0.00011391938,0.000104121864,-0.00011391938,1.0,1.680851e-05,-0.000104121864,-1.6868114e-05,1.0,305,0.927,0,0,0.0,False,-0.25403941920860307,1.0423212374425879
0.9401366689708084,14:49:48.920565,14:49:40.741359,0,,0.1441638,0.011173278,0.029338568,-0.6356543,-0.2716081,-0.7226151,-0.68552434,-0.23181364,0.6901585,-0.35496473,0.9340725,-0.03884062,,0.030485753,-0.039055053,0.021372795,-0.40330797,-0.66017026,0.63365424,-0.5536731,0.7273809,0.40541738,-0.7285526,-0.18732922,-0.658877,,0.10341432,1.3393571,0.44165748,0.99166554,0.021301717,-0.12706575,-0.069591016,-0.7414327,-0.6674088,-0.10842766,0.670689,-0.7337709,,-0.116051674,0.26707843,-0.08061155,0.6249232,0.17650342,0.7604719,-0.7340708,0.4644142,0.4954387,-0.2657273,-0.8678514,0.41978922,,-0.000103103295,0.3991673,-0.3666169,0.50325054,0.6549757,-0.5636894,-0.8632917,0.35215786,-0.3615416,-0.038293313,0.66857433,0.7426587,,1.1662871186653854,0.6365925935552006,0.20590529618000003,0.1885112591925874,-0.3008735724834999,1.16929213240956,-0.405419972145281,,-0.7013399859726989,-0.3173348165347593,0.18346910886,1.0385942900788492,0.5550174620472191,0.0401066357130076,0.8686637437020972,,-0.08770933989741005,-0.040362920613933866,0.0842606492,-0.07490262470414771,,-0.00012169778,-8.165836e-06,2.0384789e-05,0.99999994,0.00011391938,0.000104121864,-0.00011391938,1.0,1.680851e-05,-0.000104121864,-1.6868114e-05,1.0,324,0.985,0,0,0.0,False,-0.25403941920860307,1.0421763968402495
0.9753874999587424,14:49:48.973361,14:49:40.741359,0,,0.14422502,0.011210591,0.029612109,-0.6300269,-0.2985754,-0.7168812,-0.6769588,-0.24117091,0.69538707,-0.38051638,0.9234117,-0.050179064,,0.030487843,-0.03905325,0.02137369,-0.40329933,-0.6602188,0.6336092,-0.5536641,0.7273508,0.4054837,-0.72856414,-0.18727538,-0.65887964,,0.10341432,1.3393571,0.44165748,0.99166554,0.021301717,-0.12706575,-0.069591016,-0.7414327,-0.6674088,-0.10842766,0.670689,-0.7337709,,-0.116134144,0.26728955,-0.080780625,0.6220114,0.20373034,0.7560395,-0.74510294,0.45078886,0.4915394,-0.2406727,-0.8690704,0.4321959,,-0.00010533455,0.39916885,-0.36661586,0.5032431,0.65501845,-0.5636464,-0.8632966,0.35218883,-0.36149955,-0.0382789,0.6685162,0.7427118,,1.1668122645008328,0.6366234844866975,0.20567196398,0.17991397150972188,-0.27450272802876985,1.1578349620334398,-0.40656338060822106,,-0.7013554314384473,-0.3173270938018851,0.18346910886,1.0385942900788492,0.5550174620472191,0.04018831445314819,0.8685003996359628,,-0.08770933989741005,-0.040362920613933866,0.0842606492,-0.07490262470414771,,-0.00012169778,-8.165836e-06,2.0384789e-05,0.99999994,0.00011391938,0.000104121864,-0.00011391938,1.0,1.680851e-05,-0.000104121864,-1.6868114e-05,1.0,349,1.062,0,0,0.0,False,-0.254218152364166,1.04212811663947
1.028175999992527,14:49:49.052498,14:49:40.876026,0,,0.14436677,0.0111518055,0.030174598,-0.621168,-0.33597967,-0.70800275,-0.6626433,-0.25715348,0.70340306,-0.41839454,0.90608484,-0.06289914,,0.030541204,-0.039036743,0.021390378,-0.40279785,-0.65962416,0.6345469,-0.55342376,0.7277102,0.40516675,-0.72902405,-0.18797314,-0.6581719,,0.10353546,1.339353,0.44165394,0.991657,0.021211274,-0.12714715,-0.06971198,-0.74143535,-0.6673933,-0.10842766,0.670689,-0.7337709,,-0.11643055,0.2676295,-0.08120192,0.6171861,0.24151477,0.7488337,-0.760331,0.42792666,0.48864672,-0.2024305,-0.8709474,0.44774157,,-0.00027583752,0.39917776,-0.36660516,0.5027118,0.65458566,-0.5646224,-0.8636263,0.3517238,-0.36116478,-0.03782214,0.66918457,0.7421331,,1.1682100791510674,0.6367393254798108,0.20518326265000003,0.1677519547876195,-0.2344682335974958,1.1430771603411713,-0.4067267246743552,,-0.7012164222467112,-0.31731937106901087,0.18345873854000003,1.0385942900788492,0.5558372810458118,0.03911141333026691,0.866376926776217,,-0.08770933989741005,-0.040362920613933866,0.0842606492,-0.07490262470414771,,-8.9779496e-07,-4.887581e-06,1.0371208e-05,0.99999994,2.4415553e-05,2.232194e-05,-2.4408102e-05,1.0,3.606081e-06,-2.2299588e-05,-3.6358833e-06,1.0,357,1.087,0,0,0.0,False,-0.25332448658635043,1.0400520680059533
