Task Time,PC1 Time,PC2 Time,Gaze Calib,s_T_psm1,Tx,Ty,Tz,R00,R01,R02,R10,R11,R12,R20,R21,R22,s_T_psm3,Tx,Ty,Tz,R00,R01,R02,R10,R11,R12,R20,R21,R22,cart_T_ecm,Tx,Ty,Tz,R00,R01,R02,R10,R11,R12,R20,R21,R22,ecm_T_psm1,Tx,Ty,Tz,R00,R01,R02,R10,R11,R12,R20,R21,R22,ecm_T_psm3,Tx,Ty,Tz,R00,R01,R02,R10,R11,R12,R20,R21,R22,psm1_joints,q1,q2,q3,q4,q5,q6,jaw,psm3_joints,q1,q2,q3,q4,q5,q6,jaw,ecm_joints,q1,q2,q3,q4,ecmi_T_ecm,Tx,Ty,Tz,R00,R01,R02,R10,R11,R12,R20,R21,R22,Sample #,Task Duration (s),Collisions (binary),Collisions (increments),Cumulative Collision Time (s),Clutch Press,MTMR Angle,MTML Angle
""
lci_T_si,,,,,-0.060823515,0.029859815,0.22619304,0.990712,-0.051887166,0.12568814,0.04697213,-0.7368394,-0.67443407,0.12760644,0.67407376,-0.7275584
rci_T_si,,,,,-0.07009534,0.034067318,0.23510589,0.98514,-0.06991788,0.15687762,0.057551738,-0.7262056,-0.68506444,0.16182366,0.68391293,-0.7113903
ecm_T_lc,,,,,-4.4061628e-05,-0.00034663224,-0.01840835,-0.99912,0.030754527,0.028518902,-0.031987965,-0.99852574,-0.043852776,0.027128186,-0.04472645,0.9986309
ecm_T_rc,,,,,-0.0043358393,0.01870579,-0.007592615,-0.99555075,-0.052743673,-0.078081585,0.04863213,-0.9973746,0.053654674,-0.08070653,0.04961868,0.9955021
cart_T_ecmi,,,,,0.10353776,1.3393562,0.4416647,0.9916547,0.021186605,-0.12716936,-0.069744974,-0.74143606,-0.6673891,-0.10842766,0.670689,-0.7337709
ecmac_T_ecmrep_psm1,,,,,0.008075713,-0.26004106,-0.30289736,0.99667877,0.061445758,0.053440064,-0.058828812,0.9970531,-0.049237434,-0.056308012,0.04593009,0.9973564
ecmac_T_ecmrep_psm3,,,,,-0.012692571,-0.457308,-0.5458498,0.99509805,-0.029463936,0.094401784,0.014504567,0.9877462,0.15539348,-0.09782351,-0.1532625,0.9833317
""
0,14:43:35.184205,14:43:26.995184,0,,0.13041218,0.004563242,0.01383625,-0.8948595,-0.14778191,-0.4211732,-0.42958462,0.02898413,0.90256125,-0.12117489,0.9885951,-0.08942157,,0.0023540407,-0.051167533,0.016374111,-0.22896118,-0.55670244,0.7985356,-0.39000595,0.8040714,0.4487368,-0.89189243,-0.20869035,-0.40121847,,0.10357846,1.3393533,0.4416649,0.9916532,0.021170804,-0.12718359,-0.069766104,-0.7414365,-0.6673864,-0.10842766,0.670689,-0.7337709,,-0.101537526,0.25197914,-0.075065,0.876662,0.06310355,0.47695038,-0.3830532,0.6913681,0.6126013,-0.29109097,-0.71974164,0.63026816,,0.028624948,0.3912137,-0.37472183,0.34433952,0.55257666,-0.7590055,-0.9178072,0.36831266,-0.1482418,0.19763638,0.74766624,0.6339835,,1.1919729282050562,0.5332624276980766,0.21266026337000002,0.6194240930532849,-0.25346070706489204,0.9279851655381668,-0.40460325181460965,,-0.4687544399996793,-0.36159379863693997,0.18233744769000002,1.106953211654804,1.051964411694126,-0.1342961603936481,0.8650701742471429,,-0.08327838525890945,-0.04185517712438902,0.0842785086,-0.07359428191455561,,4.053116e-05,3.0994415e-06,-3.4570694e-06,0.99999994,-1.5638769e-05,-1.4297664e-05,1.5638769e-05,1.0,-2.2947788e-06,1.4297664e-05,2.2649765e-06,1.0,37,0.111,0,0,0.0,False,-0.25427773008268684,1.0394727055965998
0.1261734630097635,14:43:35.218073,14:43:26.995184,0,,0.13048375,0.00459446,0.013878182,-0.8931001,-0.15660346,-0.42171985,-0.43069348,0.026951551,0.9020957,-0.12990531,0.9872937,-0.09151849,,0.002351679,-0.051168174,0.016373694,-0.22897238,-0.5566433,0.7985735,-0.39001095,0.8041049,0.44867235,-0.8918875,-0.2087189,-0.4012148,,0.10357846,1.3393533,0.4416649,0.9916532,0.021170804,-0.12718359,-0.069766104,-0.7414365,-0.6673864,-0.10842766,0.670689,-0.7337709,,-0.10161059,0.25202924,-0.075067446,0.8756052,0.07187763,0.4776496,-0.3897957,0.68914396,0.61085176,-0.28526276,-0.72105074,0.63143563,,0.028627371,0.3912132,-0.3747222,0.3443502,0.5525203,-0.75904167,-0.9178049,0.3683028,-0.14828105,0.19762887,0.7477128,0.6339309,,1.1920038191365532,0.5334632187528064,0.21263822644000002,0.6131333947487492,-0.24703879157591632,0.927404212252447,-0.4037865314839383,,-0.46873899453393086,-0.36159379863693997,0.18233744769000002,1.106953211654804,1.051964411694126,-0.13437783913378876,0.8652335183132771,,-0.08327838525890945,-0.04185517712438902,0.0842785086,-0.07359428191455561,,4.053116e-05,3.0994415e-06,-3.4570694e-06,0.99999994,-1.5638769e-05,-1.4297664e-05,1.5638769e-05,1.0,-2.2947788e-06,1.4297664e-05,2.2649765e-06,1.0,52,0.156,0,0,0.0,False,-0.25427773008268684,1.0400037878051738
0.1600225240108557,14:43:35.270559,14:43:27.059856,0,,0.1305376,0.0046352,0.013933733,-0.89312476,-0.15785383,-0.42120093,-0.42969865,0.022555381,0.90269053,-0.13299283,0.9872048,-0.08797431,,0.0023528636,-0.05116789,0.016373932,-0.22896677,-0.5570316,0.79830444,-0.39000845,0.80388653,0.44906574,-0.89189,-0.20852435,-0.40131035,,0.10357846,1.3393533,0.4416649,0.9916532,0.021170804,-0.12718359,-0.069766104,-0.7414365,-0.6673864,-0.10842766,0.670689,-0.7337709,,-0.101666704,0.25209585,-0.07507526,0.8759523,0.072884165,0.47686002,-0.39114603,0.68586355,0.61367416,-0.28233376,-0.7240712,0.6292921,,0.028626159,0.39121345,-0.37472203,0.34434485,0.5528894,-0.7587753,-0.9178061,0.3683743,-0.14809595,0.19763263,0.74740463,0.634293,,1.1920038191365532,0.5337798508006497,0.21261748580000003,0.6122946349748111,-0.24416942508084208,0.9308636268248021,-0.4062366924759524,,-0.46874671726680506,-0.36159379863693997,0.18233744769000002,1.106953211654804,1.051964411694126,-0.13388776669294533,0.8658868945778144,,-0.08327838525890945,-0.04185517712438902,0.0842785086,-0.07359428191455561,,4.053116e-05,3.0994415e-06,-3.4570694e-06,0.99999994,-1.5638769e-05,-1.4297664e-05,1.5638769e-05,1.0,-2.2947788e-06,1.4297664e-05,2.2649765e-06,1.0,64,0.193,0,0,0.0,False,-0.254218152364166,1.0400520680059533
0.2125597749836743,14:43:35.310433,14:43:27.129180,0,,0.13058934,0.004691303,0.01399672,-0.89324707,-0.15809597,-0.42085057,-0.4293242,0.022243172,0.90287644,-0.13338007,0.98717314,-0.087743044,,0.002351679,-0.051168174,0.016373694,-0.22897238,-0.5569694,0.7983461,-0.39001095,0.80392164,0.44900078,-0.8918875,-0.20855501,-0.40130004,,0.10357846,1.3393533,0.4416649,0.9916532,0.021170804,-0.12718359,-0.069766104,-0.7414365,-0.6673864,-0.10842766,0.670689,-0.7337709,,-0.1017205,0.25217885,-0.07507842,0.8761283,0.07311037,0.47650185,-0.39112917,0.68561614,0.61396134,-0.2818104,-0.7242827,0.6292833,,0.028627371,0.3912132,-0.3747222,0.3443502,0.5528302,-0.758816,-0.9178049,0.36836332,-0.14813064,0.19762887,0.7474538,0.6342363,,1.1919729282050562,0.5342509375059774,0.21260581919000002,0.6125043249182957,-0.24403278858107663,0.9307522089211057,-0.40541997214528114,,-0.46873899453393086,-0.36159379863693997,0.18233744769000002,1.106953211654804,1.051964411694126,-0.13396944543308598,0.8660502386439486,,-0.08327838525890945,-0.04185517712438902,0.0842785086,-0.07359428191455561,,4.053116e-05,3.0994415e-06,-3.4570694e-06,0.99999994,-1.5638769e-05,-1.4297664e-05,1.5638769e-05,1.0,-2.2947788e-06,1.4297664e-05,2.2649765e-06,1.0,79,0.238,0,0,0.0,False,-0.2544564632382502,1.04034174921063
0.25241157499840483,14:43:35.345501,14:43:27.129180,0,,0.13065375,0.0047645867,0.014072567,-0.89286697,-0.15854621,-0.42148733,-0.42993683,0.021715552,0.9025977,-0.13395062,0.98711264,-0.08755395,,0.0023540407,-0.051167533,0.016374111,-0.22896118,-0.5569633,0.79835355,-0.39000595,0.8039247,0.44899946,-0.89189243,-0.20855922,-0.4012866,,0.10357846,1.3393533,0.4416649,0.9916532,0.021170804,-0.12718359,-0.069766104,-0.7414365,-0.6673864,-0.10842766,0.670689,-0.7337709,,-0.10178704,0.25228298,-0.0750781,0.87576544,0.07353407,0.47710335,-0.39197278,0.685194,0.6138945,-0.2817662,-0.7246391,0.6288926,,0.028624948,0.3912137,-0.37472183,0.34433952,0.5528246,-0.7588249,-0.9178072,0.3683611,-0.14812146,0.19763638,0.74745905,0.6342277,,1.191934314540685,0.5348687561359153,0.21259674516000002,0.6116655651443575,-0.24444269808037297,0.9309231051519138,-0.4055833162114155,,-0.4687544399996793,-0.36159379863693997,0.18233744769000002,1.106953211654804,1.051964411694126,-0.13396944543308587,0.86572355051168,,-0.08327838525890945,-0.04185517712438902,0.0842785086,-0.07359428191455561,,4.053116e-05,3.0994415e-06,-3.4570694e-06,0.99999994,-1.5638769e-05,-1.4297664e-05,1.5638769e-05,1.0,-2.2947788e-06,1.4297664e-05,2.2649765e-06,1.0,87,0.263,0,0,0.0,False,-0.2533840643048717,1.0406314304153068
0.28749429201707244,14:43:35.375416,14:43:27.193070,0,,0.13069129,0.0047936738,0.014106646,-0.89178705,-0.15836781,-0.42383415,-0.43217522,0.020845234,0.9015486,-0.13394137,0.9871601,-0.08703214,,0.0023540407,-0.051167533,0.016374111,-0.22896118,-0.5569633,0.79835355,-0.39000595,0.8039247,0.44899946,-0.89189243,-0.20855922,-0.4012866,,0.10357846,1.3393533,0.4416649,0.9916532,0.021170804,-0.12718359,-0.069766104,-0.7414365,-0.6673864,-0.10842766,0.670689,-0.7337709,,-0.10182571,0.2523268,-0.075079694,0.8745658,0.07330403,0.47933412,-0.39363617,0.68458104,0.61351395,-0.28317,-0.72524154,0.6275663,,0.028624948,0.3912137,-0.37472183,0.34433952,0.5528246,-0.7588249,-0.9178072,0.3683611,-0.14812146,0.19763638,0.74745905,0.6342277,,1.1918416417461943,0.5352162791152554,0.21259415258000003,0.6095686657095123,-0.24608233607755825,0.9321784412561303,-0.4057466602775497,,-0.4687544399996793,-0.36159379863693997,0.18233744769000002,1.106953211654804,1.051964411694126,-0.13396944543308598,0.8660502386439486,,-0.08327838525890945,-0.04185517712438902,0.0842785086,-0.07359428191455561,,4.053116e-05,3.0994415e-06,-3.4570694e-06,0.99999994,-1.5638769e-05,-1.4297664e-05,1.5638769e-05,1.0,-2.2947788e-06,1.4297664e-05,2.2649765e-06,1.0,99,0.299,0,0,0.0,False,-0.25332448658635043,1.0407279908168656
0.3174197429907508,14:43:35.407951,14:43:27.193070,0,,0.13075703,0.004808992,0.014129221,-0.8906766,-0.16137412,-0.42503354,-0.4336176,0.0205504,0.9008626,-0.13664131,0.98667926,-0.08827838,,0.0023540407,-0.051167533,0.016374111,-0.22896118,-0.5568329,0.7984445,-0.39000595,0.80399805,0.44886816,-0.89189243,-0.2086248,-0.40125257,,0.10357846,1.3393533,0.4416649,0.9916532,0.021170804,-0.12718359,-0.069766104,-0.7414365,-0.6673864,-0.10842766,0.670689,-0.7337709,,-0.1018922,0.25235218,-0.075079255,0.8736144,0.076319546,0.48059675,-0.39654204,0.6840913,0.61218745,-0.2820502,-0.7253926,0.6278959,,0.028624948,0.3912137,-0.37472183,0.34433952,0.55270064,-0.7589152,-0.9178072,0.3683369,-0.14818163,0.19763638,0.74756265,0.6341056,,1.1916408506914644,0.5354634065672306,0.21258896742000002,0.6066330065007289,-0.24498924407943473,0.9318588492075429,-0.40460325181460977,,-0.4687544399996793,-0.36159379863693997,0.18233744769000002,1.106953211654804,1.051964411694126,-0.13413280291336704,0.8663769267762172,,-0.08327838525890945,-0.04185517712438902,0.0842785086,-0.07359428191455561,,4.053116e-05,3.0994415e-06,-3.4570694e-06,0.99999994,-1.5638769e-05,-1.4297664e-05,1.5638769e-05,1.0,-2.2947788e-06,1.4297664e-05,2.2649765e-06,1.0,110,0.331,0,0,0.0,False,-0.25350321974191337,1.041065952222322
0.34993156499695033,14:43:35.438192,14:43:27.193070,0,,0.13082357,0.0048048347,0.014133275,-0.8907451,-0.16138971,-0.42488408,-0.4334119,0.020146579,0.9009707,-0.13684745,0.98668504,-0.087893665,,0.002350673,-0.05116543,0.016373396,-0.2288298,-0.55717385,0.7982444,-0.39016163,0.8037526,0.44917238,-0.8918581,-0.20866036,-0.4013104,,0.10357846,1.3393533,0.4416649,0.9916532,0.021170804,-0.12718359,-0.069766104,-0.7414365,-0.6673864,-0.10842766,0.670689,-0.7337709,,-0.10195897,0.2523507,-0.07507829,0.87371176,0.076312065,0.48042083,-0.3965283,0.68379766,0.61252433,-0.28176764,-0.72567016,0.627702,,0.028628312,0.39121473,-0.37471986,0.34420982,0.55305076,-0.75871897,-0.9178861,0.36820278,-0.14802657,0.19749622,0.74736977,0.6343766,,1.1913164959107472,0.5356178612247151,0.21258896742000002,0.6068426964442135,-0.24498924407943473,0.9323489216483862,-0.4049299399468783,,-0.46874671726680506,-0.36159379863693997,0.18233744769000002,1.106533831767835,1.051964411694126,-0.13413280291336704,0.8663769267762172,,-0.08327838525890945,-0.04185517712438902,0.0842785086,-0.07359428191455561,,4.053116e-05,3.0994415e-06,-3.4570694e-06,0.99999994,-1.5638769e-05,-1.4297664e-05,1.5638769e-05,1.0,-2.2947788e-06,1.4297664e-05,2.2649765e-06,1.0,121,0.365,0,0,0.0,False,-0.2544564632382502,1.0415004740293372
0.38019643200095743,14:43:35.469624,14:43:27.263136,0,,0.1309149,0.00479804,0.014134318,-0.88924384,-0.1678474,-0.4255263,-0.43480325,0.0211792,0.9002763,-0.14209674,0.98558545,-0.0918141,,0.0023518652,-0.05116509,0.016373634,-0.2288242,-0.557236,0.79820263,-0.39015907,0.8037175,0.44923747,-0.89186066,-0.20862968,-0.40132082,,0.10357846,1.3393533,0.4416649,0.9916532,0.021170804,-0.12718359,-0.069766104,-0.7414365,-0.6673864,-0.10842766,0.670689,-0.7337709,,-0.10205028,0.2523448,-0.07507435,0.872595,0.08288812,0.48136005,-0.40112448,0.68392926,0.60937667,-0.27870613,-0.72482437,0.6300417,,0.0286271,0.39121497,-0.37471965,0.3442045,0.5531099,-0.75867826,-0.9178873,0.36821374,-0.14799191,0.19749998,0.7473206,0.6344334,,1.1909921411300297,0.5357259794849543,0.21258507855000003,0.6024392076310385,-0.24170996808506415,0.9298382494399533,-0.40525662807914675,,-0.4687544399996793,-0.36159379863693997,0.18233744769000002,1.106533831767835,1.051964411694126,-0.1340511241732265,0.8663769267762171,,-0.08327838525890945,-0.04185517712438902,0.0842785086,-0.07359428191455561,,4.053116e-05,3.0994415e-06,-3.4570694e-06,0.99999994,-1.5638769e-05,-1.4297664e-05,1.5638769e-05,1.0,-2.2947788e-06,1.4297664e-05,2.2649765e-06,1.0,132,0.398,0,0,0.0,False,-0.2551713958605024,1.0410176720215425
0.41161602101055905,14:43:35.504111,14:43:27.263136,0,,0.13099664,0.004788518,0.014137492,-0.8893865,-0.16871257,-0.42488557,-0.4342432,0.021227181,0.9005455,-0.14291424,0.9854367,-0.09214148,,0.0023525506,-0.051167637,0.016373873,-0.22882126,-0.55729866,0.79815966,-0.39017177,0.8036789,0.44929552,-0.89185584,-0.2086111,-0.40134105,,0.10357846,1.3393533,0.4416649,0.9916532,0.021170804,-0.12718359,-0.069766104,-0.7414365,-0.6673864,-0.10842766,0.670689,-0.7337709,,-0.10213241,0.2523385,-0.07507481,0.8728388,0.08376425,0.48076603,-0.40126085,0.68387926,0.609343,-0.27774474,-0.72477084,0.6305277,,0.02862646,0.39121357,-0.37472183,0.3442014,0.5531711,-0.75863504,-0.9178912,0.36821306,-0.14796917,0.19748707,0.74727565,0.6344903,,1.19059055902057,0.5358727114095645,0.21258248597,0.602648897574523,-0.24102678558623697,0.9296078748820333,-0.40591000434368385,,-0.4687544399996793,-0.36160924410268847,0.18233744769000002,1.106533831767835,1.051964411694126,-0.13396944543308587,0.8663769267762171,,-0.08327838525890945,-0.04185517712438902,0.0842785086,-0.07359428191455561,,4.053116e-05,3.0994415e-06,-3.4570694e-06,0.99999994,-1.5638769e-05,-1.4297664e-05,1.5638769e-05,1.0,-2.2947788e-06,1.4297664e-05,2.2649765e-06,1.0,143,0.431,0,0,0.0,False,-0.2550522404234603,1.0411142324231015
0.4461083479691297,14:43:35.538061,14:43:27.330874,0,,0.13105331,0.0047965497,0.01414524,-0.8894374,-0.16952607,-0.42445496,-0.43390113,0.021342278,0.9007076,-0.14363459,0.98529446,-0.092540175,,0.0023525506,-0.051167637,0.016373873,-0.22882126,-0.55723345,0.79820514,-0.39017177,0.8037156,0.44922987,-0.89185584,-0.20864384,-0.40132403,,0.10357846,1.3393533,0.4416649,0.9916532,0.021170804,-0.12718359,-0.069766104,-0.7414365,-0.6673864,-0.10842766,0.670689,-0.7337709,,-0.10218899,0.25234866,-0.07506932,0.8729708,0.084592134,0.48038125,-0.401494,0.68388236,0.6091859,-0.27699193,-0.72467166,0.63097256,,0.02862646,0.39121357,-0.37472183,0.3442014,0.5531091,-0.7586802,-0.9178912,0.368201,-0.14799924,0.19748707,0.74732745,0.6344293,,1.1903588770343432,0.5360348887999232,0.21258507855000003,0.602648897574523,-0.24048023958717518,0.9292438820073883,-0.4057466602775496,,-0.4687544399996793,-0.36160924410268847,0.18233744769000002,1.106533831767835,1.051964411694126,-0.1340511241732264,0.8665402708423514,,-0.08327838525890945,-0.04185517712438902,0.0842785086,-0.07359428191455561,,4.053116e-05,3.0994415e-06,-3.4570694e-06,0.99999994,-1.5638769e-05,-1.4297664e-05,1.5638769e-05,1.0,-2.2947788e-06,1.4297664e-05,2.2649765e-06,1.0,150,0.451,0,0,0.0,False,-0.254694774112334,1.0407279908168656
0.4800433019991033,14:43:35.562818,14:43:27.330874,0,,0.13109757,0.0048110783,0.014155164,-0.8896489,-0.17076707,-0.4235131,-0.43313277,0.021799803,0.9010664,-0.14463998,0.98507017,-0.093358964,,0.0023513734,-0.05116798,0.016373634,-0.2288268,-0.55723655,0.79820144,-0.3901742,0.803714,0.4492305,-0.89185333,-0.20864175,-0.40133074,,0.10357846,1.3393533,0.4416649,0.9916532,0.021170804,-0.12718359,-0.069766104,-0.7414365,-0.6673864,-0.10842766,0.670689,-0.7337709,,-0.10223306,0.25236532,-0.075062335,0.873311,0.08587143,0.4795352,-0.40160242,0.6840899,0.60888135,-0.27575967,-0.72432524,0.63190943,,0.028627673,0.39121333,-0.374722,0.3442067,0.5531119,-0.75867575,-0.91789,0.3682021,-0.14800383,0.19748332,0.7473248,0.63443357,,1.1902198678426072,0.5361738979916593,0.21258767113000002,0.6028585875180075,-0.23938714758905166,0.9282708600376763,-0.4062366924759524,,-0.46874671726680506,-0.36160924410268847,0.18233744769000002,1.106533831767835,1.051964411694126,-0.1340511241732264,0.8665402708423514,,-0.08327838525890945,-0.04185517712438902,0.0842785086,-0.07359428191455561,,4.053116e-05,3.0994415e-06,-3.4570694e-06,0.99999994,-1.5638769e-05,-1.4297664e-05,1.5638769e-05,1.0,-2.2947788e-06,1.4297664e-05,2.2649765e-06,1.0,161,0.484,0,0,0.0,False,-0.25493308498641865,1.041403913627778
0.5048237490118481,14:43:35.589634,14:43:27.401096,0,,0.13116002,0.0048318654,0.014172196,-0.88947123,-0.17339903,-0.42281646,-0.43280238,0.022612125,0.9012051,-0.14670733,0.98459196,-0.095160276,,0.0023513734,-0.05116798,0.016373634,-0.2288268,-0.55730176,0.7981559,-0.3901742,0.8036773,0.44929612,-0.89185333,-0.20860896,-0.4013478,,0.10357846,1.3393533,0.4416649,0.9916532,0.021170804,-0.12718359,-0.069766104,-0.7414365,-0.6673864,-0.10842766,0.670689,-0.7337709,,-0.102295496,0.25239104,-0.07505449,0.8733314,0.08857604,0.47900575,-0.40275756,0.68441194,0.6077554,-0.2740047,-0.7236951,0.6333931,,0.028627673,0.39121333,-0.374722,0.3442067,0.5531739,-0.7586306,-0.91789,0.3682142,-0.14797376,0.19748332,0.747273,0.6344946,,1.1900422449865,0.5363824117792633,0.21258896742000002,0.6020198277440695,-0.23774750959186638,0.926607130232757,-0.4062366924759525,,-0.46874671726680506,-0.36160924410268847,0.18233744769000002,1.106533831767835,1.051964411694126,-0.13396944543308587,0.8667036149084858,,-0.08327838525890945,-0.04185517712438902,0.0842785086,-0.07359428191455561,,4.053116e-05,3.0994415e-06,-3.4570694e-06,0.99999994,-1.5638769e-05,-1.4297664e-05,1.5638769e-05,1.0,-2.2947788e-06,1.4297664e-05,2.2649765e-06,1.0,172,0.517,0,0,0.0,False,-0.2551713958605024,1.041065952222322
0.53164195996942,14:43:35.619659,14:43:27.401096,0,,0.13124019,0.0048651695,0.01418969,-0.8898371,-0.17893925,-0.4197271,-0.4307347,0.025962919,0.902105,-0.15052466,0.9835174,-0.10017809,,0.0023525506,-0.051167637,0.016373873,-0.22882126,-0.55723345,0.79820514,-0.39017177,0.8037156,0.44922987,-0.89185584,-0.20864384,-0.40132403,,0.10357846,1.3393533,0.4416649,0.9916532,0.021170804,-0.12718359,-0.069766104,-0.7414365,-0.6673864,-0.10842766,0.670689,-0.7337709,,-0.102374904,0.25242603,-0.07503674,0.8741407,0.09436647,0.47641692,-0.40380344,0.6862542,0.60497767,-0.2698535,-0.72121435,0.63798815,,0.02862646,0.39121357,-0.37472183,0.3442014,0.5531091,-0.7586802,-0.9178912,0.368201,-0.14799924,0.19748707,0.74732745,0.6344293,,1.189872344863267,0.5365832028339932,0.21259415258000003,0.6018101378005849,-0.23364841459890315,0.9212226246183504,-0.4064000365420868,,-0.4687544399996793,-0.36160924410268847,0.18233744769000002,1.106533831767835,1.051964411694126,-0.1340511241732264,0.8665402708423514,,-0.08327838525890945,-0.04185517712438902,0.0842785086,-0.07359428191455561,,4.053116e-05,3.0994415e-06,-3.4570694e-06,0.99999994,-1.5638769e-05,-1.4297664e-05,1.5638769e-05,1.0,-2.2947788e-06,1.4297664e-05,2.2649765e-06,1.0,183,0.549,0,0,0.0,False,-0.2550522404234603,1.041065952222322
0.5616591820144095,14:43:35.654430,14:43:27.467103,0,,0.13134563,0.004913509,0.014221311,-0.8895376,-0.18459156,-0.41790995,-0.43026897,0.030959219,0.9021696,-0.1535947,0.9823276,-0.106963456,,0.0023513734,-0.05116798,0.016373634,-0.2288268,-0.55723655,0.79820144,-0.3901742,0.803714,0.4492305,-0.89185333,-0.20864175,-0.40133074,,0.10357846,1.3393533,0.4416649,0.9916532,0.021170804,-0.12718359,-0.069766104,-0.7414365,-0.6673864,-0.10842766,0.670689,-0.7337709,,-0.102479815,0.2524812,-0.07501671,0.87413436,0.10037001,0.47519994,-0.4055378,0.689234,0.6004128,-0.26726052,-0.717553,0.643187,,0.028627673,0.39121333,-0.374722,0.3442067,0.5531119,-0.75867575,-0.91789,0.3682021,-0.14800383,0.19748332,0.7473248,0.63443357,,1.189594326479795,0.5370002304092013,0.21260322661000003,0.6005519981396777,-0.23132559410289066,0.914509474587218,-0.4068900687404896,,-0.46874671726680506,-0.36160924410268847,0.18233744769000002,1.106533831767835,1.051964411694126,-0.1340511241732264,0.8665402708423514,,-0.08327838525890945,-0.04185517712438902,0.0842785086,-0.07359428191455561,,4.053116e-05,3.0994415e-06,-3.4570694e-06,0.99999994,-1.5638769e-05,-1.4297664e-05,1.5638769e-05,1.0,-2.2947788e-06,1.4297664e-05,2.2649765e-06,1.0,194,0.582,0,0,0.0,False,-0.25481392954937654,1.0409211116199837
0.5964193519903347,14:43:35.689378,14:43:27.467103,0,,0.13146082,0.0049474984,0.014250666,-0.88977504,-0.18916862,-0.41534993,-0.42857033,0.03338462,0.90289134,-0.15693243,0.9813769,-0.1107769,,0.0023501962,-0.051168293,0.016373396,-0.22883242,-0.5572396,0.79819775,-0.39017677,0.8037125,0.44923112,-0.89185077,-0.20863962,-0.40133747,,0.10357846,1.3393533,0.4416649,0.9916532,0.021170804,-0.12718359,-0.069766104,-0.7414365,-0.6673864,-0.10842766,0.670689,-0.7337709,,-0.102595046,0.25252408,-0.07500364,0.87475383,0.105140135,0.47302356,-0.40653428,0.6904606,0.59832597,-0.26369607,-0.7156882,0.64672613,,0.028628884,0.3912131,-0.37472218,0.34421203,0.5531148,-0.7586713,-0.9178888,0.36820322,-0.14800842,0.19747956,0.7473222,0.63443786,,1.1892468035004549,0.5373477533885413,0.2126045229,0.6003423081961932,-0.2280463181085201,0.9104469063161144,-0.40607334840981824,,-0.46873899453393086,-0.36160924410268847,0.18233744769000002,1.106533831767835,1.051964411694126,-0.1340511241732264,0.8665402708423514,,-0.08327838525890945,-0.04185517712438902,0.0842785086,-0.07359428191455561,,4.053116e-05,3.0994415e-06,-3.4570694e-06,0.99999994,-1.5638769e-05,-1.4297664e-05,1.5638769e-05,1.0,-2.2947788e-06,1.4297664e-05,2.2649765e-06,1.0,202,0.606,0,0,0.0,False,-0.2551118181419816,1.0412590730254399
0.6313748299726285,14:43:35.719598,14:43:27.536462,0,,0.13157278,0.0049726963,0.014276803,-0.88931483,-0.1923201,-0.41488814,-0.4287573,0.03518343,0.9027343,-0.15901674,0.9807013,-0.113747835,,0.0023513734,-0.05116798,0.016373634,-0.2288268,-0.55723655,0.79820144,-0.3901742,0.803714,0.4492305,-0.89185333,-0.20864175,-0.40133074,,0.10357846,1.3393533,0.4416649,0.9916532,0.021170804,-0.12718359,-0.069766104,-0.7414365,-0.6673864,-0.10842766,0.670689,-0.7337709,,-0.10270727,0.25255835,-0.07499449,0.8744659,0.108433515,0.47281244,-0.40808737,0.691386,0.59619635,-0.26224822,-0.7143022,0.6488438,,0.028627673,0.39121333,-0.374722,0.3442067,0.5531119,-0.75867575,-0.91789,0.3682021,-0.14800383,0.19748332,0.7473248,0.63443357,,1.1888220531923726,0.5377338900322526,0.21260711548000003,0.5990841685352861,-0.2269532261103966,0.9078403095435912,-0.4062366924759525,,-0.46874671726680506,-0.36160924410268847,0.18233744769000002,1.106533831767835,1.051964411694126,-0.1340511241732264,0.8665402708423514,,-0.08327838525890945,-0.04185517712438902,0.0842785086,-0.07359428191455561,,4.053116e-05,3.0994415e-06,-3.4570694e-06,0.99999994,-1.5638769e-05,-1.4297664e-05,1.5638769e-05,1.0,-2.2947788e-06,1.4297664e-05,2.2649765e-06,1.0,213,0.639,0,0,0.0,False,-0.2546351963938136,1.0414521938285575
0.6615959989721887,14:43:35.749785,14:43:27.536462,0,,0.13170457,0.004976347,0.014289618,-0.8894553,-0.1964696,-0.41263658,-0.4273695,0.037635565,0.9032933,-0.16193987,0.97978735,-0.11744025,,0.0023525506,-0.051167637,0.016373873,-0.22882126,-0.55729866,0.79815966,-0.39017177,0.8036789,0.44929552,-0.89185584,-0.2086111,-0.40134105,,0.10357846,1.3393533,0.4416649,0.9916532,0.021170804,-0.12718359,-0.069766104,-0.7414365,-0.6673864,-0.10842766,0.670689,-0.7337709,,-0.10283926,0.2525674,-0.07498807,0.8749358,0.11277667,0.47092333,-0.40903488,0.6926496,0.59407663,-0.25918686,-0.71240294,0.6521535,,0.02862646,0.39121357,-0.37472183,0.3442014,0.5531711,-0.75863504,-0.9178912,0.36821306,-0.14796917,0.19748707,0.74727565,0.6344903,,1.1882969073569254,0.5379964629499763,0.21260581919000002,0.5988744785918015,-0.22422049611508776,0.9041417341471325,-0.40672672467435544,,-0.4687544399996793,-0.36160924410268847,0.18233744769000002,1.106533831767835,1.051964411694126,-0.13396944543308587,0.8667036149084858,,-0.08327838525890945,-0.04185517712438902,0.0842785086,-0.07359428191455561,,4.053116e-05,3.0994415e-06,-3.4570694e-06,0.99999994,-1.5638769e-05,-1.4297664e-05,1.5638769e-05,1.0,-2.2947788e-06,1.4297664e-05,2.2649765e-06,1.0,224,0.671,0,0,0.0,False,-0.2551713958605024,1.0417901552340136
0.6917414820054546,14:43:35.778145,14:43:27.609603,0,,0.13184789,0.0049467236,0.01427345,-0.8891524,-0.20026162,-0.4114648,-0.4271891,0.04087457,0.9032379,-0.16406544,0.97888935,-0.12189332,,0.002353564,-0.05117041,0.016374111,-0.22896384,-0.5572246,0.7981705,-0.39002115,0.8037745,0.44925517,-0.8918852,-0.20844018,-0.4013647,,0.10357846,1.3393533,0.4416649,0.9916532,0.021170804,-0.12718359,-0.069766104,-0.7414365,-0.6673864,-0.10842766,0.670689,-0.7337709,,-0.102982074,0.25253215,-0.074981615,0.8748284,0.11680666,0.47013986,-0.4103421,0.6944982,0.591009,-0.2574775,-0.7099496,0.65549743,,0.02862552,0.39121205,-0.37472418,0.34434175,0.55307454,-0.7586418,-0.91781,0.3683978,-0.14801303,0.19761972,0.74725604,0.6344721,,1.1875478022681256,0.5381509176074607,0.21261100435000002,0.5980357188178634,-0.22285413111743338,0.9002504779453893,-0.40656338060822106,,-0.46874671726680506,-0.36160924410268847,0.18233744769000002,1.106953211654804,1.051964411694126,-0.13364273047252362,0.8676836793052913,,-0.08327838525890945,-0.04185517712438902,0.0842785086,-0.07359428191455561,,4.053116e-05,3.0994415e-06,-3.4570694e-06,0.99999994,-1.5638769e-05,-1.4297664e-05,1.5638769e-05,1.0,-2.2947788e-06,1.4297664e-05,2.2649765e-06,1.0,235,0.704,0,0,0.0,False,-0.2547543518308557,1.0428040394503826
0.7201469040010124,14:43:35.807352,14:43:27.609603,0,,0.13190788,0.004926771,0.014257297,-0.8891346,-0.20068792,-0.4112953,-0.42711306,0.041125685,0.9032625,-0.16435903,0.97879153,-0.12228271,,0.0024021864,-0.051154394,0.016365647,-0.22906063,-0.557515,0.79793984,-0.39010626,0.8036038,0.4494866,-0.89182305,-0.20832165,-0.40156412,,0.10356485,1.3393551,0.44166005,0.99165344,0.021173181,-0.12718144,-0.06976293,-0.7414364,-0.66738683,-0.10842766,0.670689,-0.7337709,,-0.1030288,0.25251016,-0.074981436,0.8748419,0.117253035,0.47000352,-0.41048238,0.6946253,0.59076214,-0.25720766,-0.70975167,0.6558176,,0.028590737,0.39121428,-0.37470812,0.34443486,0.5533516,-0.75839746,-0.9177986,0.3684264,-0.14801276,0.19751056,0.7470368,0.6347642,,1.1872620611517792,0.5381663630732092,0.21261230064000003,0.5980357188178634,-0.22271749461766793,0.9000573813015523,-0.40672672467435533,,-0.46873899453393086,-0.3616015213698142,0.18233744769000002,1.106953211654804,1.0518277751943608,-0.13336795508854615,0.8680103674375599,,-0.08327838525890945,-0.04185517712438902,0.0842785086,-0.07359428191455561,,2.7440488e-05,-1.7881393e-06,7.1525574e-07,0.99999994,-1.3284385e-05,-1.2136996e-05,1.3284385e-05,1.0,-1.937151e-06,1.2151897e-05,1.937151e-06,1.0,242,0.726,0,0,0.0,False,-0.25481392954937654,1.0428040394503826
0.7493511509965174,14:43:35.835974,14:43:27.609603,0,,0.13197282,0.0049010217,0.01424925,-0.88891125,-0.20143068,-0.41141498,-0.42739773,0.041533083,0.9031092,-0.16482657,0.9786217,-0.12301016,,0.002403766,-0.051152218,0.016370177,-0.2285934,-0.557177,0.79830986,-0.38988465,0.8037845,0.44935572,-0.89203984,-0.2085291,-0.4009746,,0.10356485,1.3393551,0.44166005,0.99165344,0.021173181,-0.12718144,-0.06976293,-0.7414364,-0.66738683,-0.10842766,0.670689,-0.7337709,,-0.10309413,0.2524846,-0.0749863,0.87464434,0.11802923,0.47017696,-0.41101187,0.694824,0.5901601,-0.2570341,-0.7094284,0.6562353,,0.02858857,0.39121902,-0.37470892,0.34398988,0.5530349,-0.75883025,-0.91789496,0.3683281,-0.14765923,0.1978378,0.74731976,0.6343291,,1.1868913699738164,0.5382049767375803,0.21261230064000003,0.5976163389308944,-0.22271749461766793,0.8997306663409901,-0.40738010093889243,,-0.46874671726680506,-0.36160924410268847,0.18233744769000002,1.1067435217113195,1.0523743211934222,-0.13397698418361292,0.86801036743756,,-0.08327838525890945,-0.04185517712438902,0.0842785086,-0.07359428191455561,,2.7440488e-05,-1.7881393e-06,7.1525574e-07,0.99999994,-1.3284385e-05,-1.2136996e-05,1.3284385e-05,1.0,-1.937151e-06,1.2151897e-05,1.937151e-06,1.0,253,0.758,0,0,0.0,False,-0.25439688551972894,1.0435765226628537
0.7779775229864754,14:43:35.866569,14:43:27.683544,0,,0.13205974,0.004894525,0.014246166,-0.8872772,-0.20815568,-0.4115948,-0.4287086,0.043009013,0.9024185,-0.17014122,0.9771496,-0.12739909,,0.0024026856,-0.05115113,0.016373158,-0.22823529,-0.557003,0.79853374,-0.38974336,0.8038683,0.44932842,-0.8921932,-0.20867066,-0.4005594,,0.10356485,1.3393551,0.44166005,0.99165344,0.021173181,-0.12718144,-0.06976293,-0.7414364,-0.66738683,-0.10842766,0.670689,-0.7337709,,-0.103180684,0.25247622,-0.07497958,0.8734056,0.12492811,0.47069702,-0.4155951,0.6950357,0.5866908,-0.25385705,-0.7080384,0.65896755,,0.028589256,0.39122215,-0.37470984,0.3436482,0.5528764,-0.7591005,-0.9179754,0.3682442,-0.14736794,0.1980581,0.74747837,0.63407344,,1.1865824606588475,0.5382822040663225,0.21261230064000003,0.5932128501177194,-0.21930158212353193,0.8966185037880172,-0.4070534128066239,,-0.4687312718010566,-0.36161696683556266,0.18233744769000002,1.106533831767835,1.0527842306927186,-0.13439291663484265,0.8691537759005,,-0.08327838525890945,-0.04185517712438902,0.0842785086,-0.07359428191455561,,2.7440488e-05,-1.7881393e-06,7.1525574e-07,0.99999994,-1.3284385e-05,-1.2136996e-05,1.3284385e-05,1.0,-1.937151e-06,1.2151897e-05,1.937151e-06,1.0,264,0.791,0,0,0.0,False,-0.2536223751789555,1.0429005998519412
0.808560514007695,14:43:35.895536,14:43:27.683544,0,,0.13208358,0.0048931986,0.0142505765,-0.88614404,-0.20843464,-0.4138883,-0.43089312,0.041946143,0.9014275,-0.17052767,0.97713625,-0.12698343,,0.0024019182,-0.051154483,0.016372025,-0.22833586,-0.55709666,0.7984396,-0.3898341,0.8038076,0.44935828,-0.8921279,-0.2086544,-0.40071338,,0.10356485,1.3393551,0.44166005,0.99165344,0.021173181,-0.12718144,-0.06976293,-0.7414364,-0.66738683,-0.10842766,0.670689,-0.7337709,,-0.10320486,0.2524778,-0.07498129,0.87219024,0.12514754,0.4728872,-0.41748682,0.6942477,0.58628047,-0.2549293,-0.7087723,0.65776354,,0.028590256,0.39121938,-0.37471193,0.3437431,0.5529693,-0.7589899,-0.917965,0.36823216,-0.14746313,0.1979419,0.74741554,0.6341837,,1.1864588969328598,0.5383980450594359,0.21261230064000003,0.5909062607393897,-0.22039467412165545,0.897999919458432,-0.4060733484098181,,-0.4687312718010566,-0.3616324123013111,0.18233744769000002,1.106533831767835,1.0526475941929532,-0.13428149873114636,0.8691537759005,,-0.08327838525890945,-0.04185517712438902,0.0842785086,-0.07359428191455561,,2.7440488e-05,-1.7881393e-06,7.1525574e-07,0.99999994,-1.3284385e-05,-1.2136996e-05,1.3284385e-05,1.0,-1.937151e-06,1.2151897e-05,1.937151e-06,1.0,275,0.824,0,0,0.0,False,-0.2544564632382502,1.042948880052721
0.8375412829918787,14:43:35.938142,14:43:27.754232,0,,0.13214302,0.0049520284,0.014287457,-0.8863097,-0.21358696,-0.41089597,-0.42913184,0.045283765,0.90210605,-0.17407112,0.9758738,-0.13179249,,0.0024500862,-0.0512227,0.01636982,-0.23303206,-0.55311316,0.79985106,-0.3869664,0.8073145,0.44553375,-0.8921619,-0.20569192,-0.4021664,,0.10356485,1.3393551,0.44166005,0.99165344,0.021173181,-0.12718144,-0.06976293,-0.7414364,-0.66738683,-0.10842766,0.670689,-0.7337709,,-0.1032639,0.25254506,-0.07496268,0.87275964,0.13056763,0.47036445,-0.41857725,0.69594663,0.5834821,-0.25116467,-0.7061235,0.6620468,,0.02854479,0.39117208,-0.37476364,0.34832066,0.5485589,-0.76010257,-0.91577536,0.37221506,-0.15103437,0.20007038,0.7486916,0.6320069,,1.186466619665734,0.5386992316415307,0.21261748580000003,0.5904868808524206,-0.21670548862798855,0.8926229525945524,-0.4068900687404896,,-0.46871582633530817,-0.3616324123013111,0.18233744769000002,1.1170183289420612,1.0508713196960024,-0.12874912897606472,0.8689904318343656,,-0.08327838525890945,-0.04185517712438902,0.0842785086,-0.07359428191455561,,2.7440488e-05,-1.7881393e-06,7.1525574e-07,0.99999994,-1.3284385e-05,-1.2136996e-05,1.3284385e-05,1.0,-1.937151e-06,1.2151897e-05,1.937151e-06,1.0,286,0.857,0,0,0.0,False,-0.2532649088678296,1.0418867156355727
0.8801487159798853,14:43:35.962953,14:43:27.754232,0,,0.13216153,0.004970938,0.014296681,-0.88557464,-0.21609525,-0.4111693,-0.42986274,0.04587099,0.9017283,-0.17599843,0.97529405,-0.13351357,,0.00245139,-0.05122489,0.016371012,-0.23305075,-0.555428,0.7982399,-0.3865837,0.8061105,0.44803908,-0.892323,-0.20417073,-0.40258408,,0.10356485,1.3393551,0.44166005,0.99165344,0.021173181,-0.12718144,-0.06976293,-0.7414364,-0.66738683,-0.10842766,0.670689,-0.7337709,,-0.10328204,0.2525649,-0.074954845,0.8721544,0.13314547,0.4707642,-0.4204302,0.6960319,0.58204633,-0.25017008,-0.7055578,0.66302574,,0.02854343,0.39117157,-0.37476602,0.34834647,0.55071396,-0.75853074,-0.9156774,0.37298855,-0.14971441,0.20047346,0.7467219,0.6342056,,1.1864820651314825,0.5387996271688956,0.21262137467000003,0.5885996713610598,-0.21561239662986503,0.8913232156642781,-0.4064000365420868,,-0.46870038086955973,-0.3616246895684369,0.18233874398000002,1.1176473987725148,1.0511445926955334,-0.12521474273699185,0.8671936471068885,,-0.08327838525890945,-0.04185517712438902,0.0842785086,-0.07359428191455561,,2.7440488e-05,-1.7881393e-06,7.1525574e-07,0.99999994,-1.3284385e-05,-1.2136996e-05,1.3284385e-05,1.0,-1.937151e-06,1.2151897e-05,1.937151e-06,1.0,297,0.889,0,0,0.0,False,-0.25302659799374494,1.042659198848044
0.9049581909785047,14:43:35.995941,14:43:27.754232,0,,0.13221017,0.0050053,0.0143059045,-0.8849814,-0.22266829,-0.40893355,-0.42886168,0.04775101,0.90210724,-0.18134367,0.97372407,-0.13775265,,0.002449058,-0.051213313,0.016385972,-0.23128611,-0.5556986,0.79856473,-0.38562346,0.80595124,0.44915164,-0.89319724,-0.20406279,-0.4006958,,0.10356485,1.3393551,0.44166005,0.99165344,0.021173181,-0.12718144,-0.06976293,-0.7414364,-0.66738683,-0.10842766,0.670689,-0.7337709,,-0.10332931,0.25259563,-0.074933544,0.8720824,0.13992414,0.46892807,-0.42331094,0.6964729,0.57942504,-0.24552014,-0.7038087,0.66661316,,0.028543612,0.39119062,-0.37476555,0.3466687,0.5509747,-0.7591098,-0.9160135,0.37301216,-0.1475846,0.20184179,0.7465178,0.6340119,,1.186497510597231,0.5388845772305121,0.21263044870000003,0.5862930819827301,-0.21069348263830917,0.8871488136509258,-0.4060733484098181,,-0.46867721267093704,-0.36161696683556266,0.18234004027000003,1.1170183289420612,1.0533307766917805,-0.1253638543933232,0.8683370555698284,,-0.08327838525890945,-0.04185517712438902,0.0842785086,-0.07359428191455561,,2.7440488e-05,-1.7881393e-06,7.1525574e-07,0.99999994,-1.3284385e-05,-1.2136996e-05,1.3284385e-05,1.0,-1.937151e-06,1.2151897e-05,1.937151e-06,1.0,308,0.922,0,0,0.0,False,-0.25320533114930877,1.0422246770410288
0.937947541999165,14:43:36.026630,14:43:27.825999,0,,0.13222563,0.0050209463,0.014305159,-0.8854724,-0.22378227,-0.4072591,-0.42752355,0.048862487,0.90268266,-0.18210468,0.97341347,-0.13893858,,0.0024486408,-0.05121519,0.016381681,-0.23175019,-0.55629337,0.79801595,-0.3858385,0.80562705,0.44954842,-0.89298403,-0.20372242,-0.40134364,,0.10356485,1.3393551,0.44166005,0.99165344,0.021173181,-0.12718144,-0.06976293,-0.7414364,-0.66738683,-0.10842766,0.670689,-0.7337709,,-0.103343755,0.2526064,-0.074920885,0.8727112,0.14112099,0.4673971,-0.4228293,0.6971023,0.5790196,-0.24411179,-0.7029461,0.6680391,,0.028544594,0.39118612,-0.37476456,0.34711075,0.55153483,-0.7585008,-0.9159165,0.37316173,-0.14780836,0.20152202,0.74602926,0.63468826,,1.1864897878643568,0.538915468162009,0.21263952273000003,0.5871318417566682,-0.2093271176406548,0.8854628834329776,-0.40525662807914686,,-0.46867721267093704,-0.36160924410268847,0.18234004027000003,1.1172280188855457,1.0527842306927186,-0.12450978907783461,0.8676836793052913,,-0.08327838525890945,-0.04185517712438902,0.0842785086,-0.07359428191455561,,2.7440488e-05,-1.7881393e-06,7.1525574e-07,0.99999994,-1.3284385e-05,-1.2136996e-05,1.3284385e-05,1.0,-1.937151e-06,1.2151897e-05,1.937151e-06,1.0,319,0.955,0,0,0.0,False,-0.25332448658635043,1.0428040394503826
0.9686343079665676,14:43:36.059052,14:43:27.825999,0,,0.13224801,0.005050823,0.01430665,-0.8855775,-0.22603953,-0.40578127,-0.4268281,0.051414043,0.90287006,-0.18322147,0.97276026,-0.14201114,,0.0024478734,-0.051218513,0.016380548,-0.23185156,-0.556126,0.7981031,-0.3859284,0.8057139,0.44931576,-0.8929189,-0.20383608,-0.40143082,,0.10356485,1.3393551,0.44166005,0.99165344,0.021173181,-0.12718144,-0.06976293,-0.7414364,-0.66738683,-0.10842766,0.670689,-0.7337709,,-0.10336448,0.25262904,-0.07489961,0.8729511,0.1435649,0.46620333,-0.42306855,0.6985824,0.5770577,-0.2428362,-0.7009791,0.670566,,0.028545598,0.39118335,-0.37476665,0.34720644,0.55137944,-0.75856996,-0.9159056,0.3731027,-0.1480248,0.20140667,0.7461736,0.63455516,,1.1864897878643568,0.5390235864222481,0.21265637450000002,0.5871318417566682,-0.2080973891427658,0.8820914388356336,-0.40541997214528114,,-0.46866948993806284,-0.3616246895684369,0.18234004027000003,1.1172280188855457,1.0526475941929532,-0.12472508613470057,0.8680103674375599,,-0.08327838525890945,-0.04185517712438902,0.0842785086,-0.07359428191455561,,2.7440488e-05,-1.7881393e-06,7.1525574e-07,0.99999994,-1.3284385e-05,-1.2136996e-05,1.3284385e-05,1.0,-1.937151e-06,1.2151897e-05,1.937151e-06,1.0,330,0.988,0,0,0.0,False,-0.2531457534307875,1.0422729572418084
1.001039976021275,14:43:36.090104,14:43:27.893693,0,,0.1322701,0.0050955117,0.014323339,-0.885608,-0.22668433,-0.40535486,-0.42659825,0.05199018,0.90294576,-0.18360914,0.9725796,-0.14274615,,0.0024489462,-0.05121975,0.016380787,-0.23191917,-0.5559567,0.79820144,-0.38585114,0.8058354,0.44916397,-0.89293474,-0.20381719,-0.40140525,,0.10356485,1.3393551,0.44166005,0.99165344,0.021173181,-0.12718144,-0.06976293,-0.7414364,-0.66738683,-0.10842766,0.670689,-0.7337709,,-0.103385404,0.25267288,-0.07487954,0.87302774,0.144254,0.46584696,-0.42316023,0.6988966,0.5766099,-0.24240057,-0.70052433,0.67119867,,0.028544534,0.39118272,-0.37476775,0.34727305,0.55120546,-0.7586659,-0.91586524,0.3731701,-0.14810461,0.20147537,0.74626845,0.6344218,,1.1865206787958538,0.5392552684084748,0.21267192998,0.5871318417566682,-0.20782411614323493,0.8811334943669757,-0.4055833162114154,,-0.46866948993806284,-0.3616246895684369,0.18234004027000003,1.1174377088290304,1.0526475941929532,-0.12472508613470057,0.8680103674375599,,-0.08327838525890945,-0.04185517712438902,0.0842785086,-0.07359428191455561,,2.7440488e-05,-1.7881393e-06,7.1525574e-07,0.99999994,-1.3284385e-05,-1.2136996e-05,1.3284385e-05,1.0,-1.937151e-06,1.2151897e-05,1.937151e-06,1.0,342,1.025,0,0,0.0,False,-0.25260955396409823,1.0427074790488235
