Task Time,PC1 Time,PC2 Time,Gaze Calib,s_T_psm1,Tx,Ty,Tz,R00,R01,R02,R10,R11,R12,R20,R21,R22,s_T_psm3,Tx,Ty,Tz,R00,R01,R02,R10,R11,R12,R20,R21,R22,cart_T_ecm,Tx,Ty,Tz,R00,R01,R02,R10,R11,R12,R20,R21,R22,ecm_T_psm1,Tx,Ty,Tz,R00,R01,R02,R10,R11,R12,R20,R21,R22,ecm_T_psm3,Tx,Ty,Tz,R00,R01,R02,R10,R11,R12,R20,R21,R22,psm1_joints,q1,q2,q3,q4,q5,q6,jaw,psm3_joints,q1,q2,q3,q4,q5,q6,jaw,ecm_joints,q1,q2,q3,q4,ecmi_T_ecm,Tx,Ty,Tz,R00,R01,R02,R10,R11,R12,R20,R21,R22,Sample #,Task Duration (s),Collisions (binary),Collisions (increments),Cumulative Collision Time (s),Clutch Press,MTMR Angle,MTML Angle
""
lci_T_si,,,,,-0.060823515,0.029859815,0.22619304,0.990712,-0.051887166,0.12568814,0.04697213,-0.7368394,-0.67443407,0.12760644,0.67407376,-0.7275584
rci_T_si,,,,,-0.07009534,0.034067318,0.23510589,0.98514,-0.06991788,0.15687762,0.057551738,-0.7262056,-0.68506444,0.16182366,0.68391293,-0.7113903
ecm_T_lc,,,,,-4.4061628e-05,-0.00034663224,-0.01840835,-0.99912,0.030754527,0.028518902,-0.031987965,-0.99852574,-0.043852776,0.027128186,-0.04472645,0.9986309
ecm_T_rc,,,,,-0.0043358393,0.01870579,-0.007592615,-0.99555075,-0.052743673,-0.078081585,0.04863213,-0.9973746,0.053654674,-0.08070653,0.04961868,0.9955021
cart_T_ecmi,,,,,0.10353776,1.3393562,0.4416647,0.9916547,0.021186605,-0.12716936,-0.069744974,-0.74143606,-0.6673891,-0.10842766,0.670689,-0.7337709
ecmac_T_ecmrep_psm1,,,,,0.008075713,-0.26004106,-0.30289736,0.99667877,0.061445758,0.053440064,-0.058828812,0.9970531,-0.049237434,-0.056308012,0.04593009,0.9973564
ecmac_T_ecmrep_psm3,,,,,-0.012692571,-0.457308,-0.5458498,0.99509805,-0.029463936,0.094401784,0.014504567,0.9877462,0.15539348,-0.09782351,-0.1532625,0.9833317
""
0,14:47:15.698009,14:47:07.492940,0,,0.14131495,0.011194661,0.03489247,-0.11520977,-0.9308194,-0.3468455,-0.35029098,-0.28866932,0.8910478,-0.92952836,0.22415432,-0.29280016,,0.028537676,-0.042599015,0.026949883,-0.5206018,-0.6055044,0.60194504,-0.33681482,0.79349005,0.5068822,-0.78455687,0.061139762,-0.61703527,,0.10332874,1.3393639,0.44165567,0.9916712,0.021362389,-0.12701112,-0.069509864,-0.741431,-0.66741925,-0.10842766,0.670689,-0.7337709,,-0.113623574,0.2708957,-0.084966004,0.17557754,0.8904986,0.41974378,-0.8838573,-0.04518182,0.46556935,0.43355364,-0.45273715,0.7791408,,0.0013631608,0.4017857,-0.37284538,0.6196439,0.5693137,-0.5402993,-0.7674077,0.5839028,-0.2648452,0.16470228,0.5787396,0.7987075,,1.1838331677556235,0.615177455294976,0.20227698047,-0.29775971974802456,0.45814218371352183,0.5718471860329069,-0.42943154986702015,,-0.7004055352949177,-0.33148286316033865,0.17784839542000003,1.345580367340193,0.5781090305075786,0.31630061937602316,-0.167917699986039,,-0.0835990895089634,-0.040362920613933866,0.08425707732,-0.07457553900674968,,-0.0002068393,-1.6212463e-05,2.8014183e-05,0.9999999,0.0001739636,0.00015903264,-0.00017397106,1.0,2.5689602e-05,-0.00015899539,-2.5749207e-05,1.0,36,0.107,0,0,0.0,False,-0.25880563669028556,0.006807491124761977
0.12660255999071524,14:47:15.725014,14:47:07.492940,0,,0.14128381,0.0111848265,0.034912497,-0.11507282,-0.93052286,-0.34768525,-0.3506995,-0.28941584,0.89064485,-0.9293912,0.22442213,-0.2930301,,0.028531395,-0.04260429,0.026940167,-0.5217009,-0.60634696,0.6001426,-0.33752286,0.7927617,0.5075505,-0.7835218,0.062227666,-0.6182405,,0.10332874,1.3393639,0.44165567,0.9916712,0.021362389,-0.12701112,-0.069509864,-0.741431,-0.66741925,-0.10842766,0.670689,-0.7337709,,-0.11359489,0.2709025,-0.08499046,0.1754068,0.89013916,0.42057663,-0.8840685,-0.045556806,0.4651317,0.43319207,-0.4534058,0.778953,,0.0013707023,0.40177557,-0.37284422,0.62063456,0.5700441,-0.5383887,-0.7668697,0.5844421,-0.26521373,0.1634735,0.57747483,0.79987454,,1.1840030678788565,0.6151542870963533,0.20224975838000003,-0.29817909963499367,0.45773227421422547,0.5724264759644178,-0.42926820580088576,,-0.7004209807606662,-0.3314983086260871,0.17784709913000002,1.3451609874532238,0.5764693925103933,0.3176376342203802,-0.167917699986039,,-0.0835990895089634,-0.040362920613933866,0.08425707732,-0.07457553900674968,,-0.0002068393,-1.6212463e-05,2.8014183e-05,0.9999999,0.0001739636,0.00015903264,-0.00017397106,1.0,2.5689602e-05,-0.00015899539,-2.5749207e-05,1.0,44,0.132,0,0,0.0,False,-0.2593418361569748,0.007048892128658668
0.15361200494226068,14:47:15.756030,14:47:07.557244,0,,0.14127031,0.011160776,0.0349375,-0.11525996,-0.9303028,-0.34821197,-0.35129508,-0.2897194,0.89031136,-0.929143,0.22494248,-0.29341793,,0.028538123,-0.042607494,0.026942134,-0.5217056,-0.6063856,0.60009956,-0.33771506,0.79274404,0.5074502,-0.7834358,0.062076956,-0.6183646,,0.10332874,1.3393639,0.44165567,0.9916712,0.021362389,-0.12701112,-0.069509864,-0.741431,-0.66741925,-0.10842766,0.670689,-0.7337709,,-0.11358496,0.2709019,-0.085026324,0.17553847,0.88985837,0.4211156,-0.8843369,-0.04543325,0.46463323,0.43259043,-0.45396906,0.77895933,,0.0013638969,0.40177447,-0.37284768,0.62063503,0.5701007,-0.53832823,-0.76691324,0.5843153,-0.26536715,0.16326742,0.5775472,0.79986435,,1.1840571270089761,0.6151542870963533,0.20221086968000002,-0.29817909963499367,0.45704909171539826,0.5729018867427593,-0.4291048617347516,,-0.7004673171579114,-0.331529199557584,0.17784709913000002,1.344951297509739,0.5763327560106278,0.3174223371635144,-0.16775435591990495,,-0.0835990895089634,-0.040362920613933866,0.08425707732,-0.07457553900674968,,-0.0002068393,-1.6212463e-05,2.8014183e-05,0.9999999,0.0001739636,0.00015903264,-0.00017397106,1.0,2.5689602e-05,-0.00015899539,-2.5749207e-05,1.0,56,0.168,0,0,0.0,False,-0.2596993024681016,0.0067592109239820175
0.18460028298432007,14:47:15.785555,14:47:07.557244,0,,0.14124155,0.011118412,0.03497964,-0.11488675,-0.93011874,-0.3488265,-0.35180044,-0.29029796,0.8899232,-0.9289981,0.22495775,-0.2938649,,0.028543636,-0.042611696,0.02694428,-0.5216848,-0.6063241,0.60017985,-0.3377205,0.79279786,0.5073625,-0.7834473,0.06199026,-0.61835873,,0.10332874,1.3393639,0.44165567,0.9916712,0.021362389,-0.12701112,-0.069509864,-0.741431,-0.66741925,-0.10842766,0.670689,-0.7337709,,-0.113562346,0.27089962,-0.08508864,0.17512667,0.8896419,0.42174402,-0.8846183,-0.045852847,0.46405604,0.43218186,-0.45435104,0.7789634,,0.0013582981,0.4017731,-0.3728521,0.6206159,0.5700483,-0.5384059,-0.766928,0.5842705,-0.2654231,0.1632707,0.57764435,0.79979354,,1.1841497998034667,0.615107950699108,0.20214605518000003,-0.2988081694654472,0.456639182216102,0.5731544617137081,-0.4295948939331543,,-0.7004982080894083,-0.33156009048908086,0.17784709913000002,1.344951297509739,0.5763327560106278,0.3174223371635144,-0.16759101185377057,,-0.0835990895089634,-0.040362920613933866,0.08425707732,-0.07457553900674968,,-0.0002068393,-1.6212463e-05,2.8014183e-05,0.9999999,0.0001739636,0.00015903264,-0.00017397106,1.0,2.5689602e-05,-0.00015899539,-2.5749207e-05,1.0,63,0.189,0,0,0.0,False,-0.2596993024681016,0.0065660901208643985
0.2141526879859157,14:47:15.804784,14:47:07.621650,0,,0.14120632,0.011081502,0.03501311,-0.115113966,-0.9299309,-0.34925205,-0.35217375,-0.29054588,0.8896947,-0.9288285,0.22541374,-0.29405144,,0.028544553,-0.042611696,0.026941836,-0.5216848,-0.606226,0.6002788,-0.3377205,0.7928807,0.5072329,-0.7834473,0.06188923,-0.6183688,,0.10332874,1.3393639,0.44165567,0.9916712,0.021362389,-0.12701112,-0.069509864,-0.741431,-0.66741925,-0.10842766,0.670689,-0.7337709,,-0.11353224,0.2708956,-0.08514157,0.17531732,0.88940185,0.4221708,-0.8847751,-0.045731116,0.46376902,0.43178338,-0.45483294,0.7789031,,0.0013576762,0.40177104,-0.3728506,0.6206159,0.5699603,-0.538499,-0.766928,0.5842271,-0.26551852,0.1632707,0.577775,0.7996991,,1.184296531728077,0.6150307233703657,0.20209031471000002,-0.2988081694654472,0.45622927271680563,0.5734887154247973,-0.4295948939331543,,-0.7004982080894083,-0.33156009048908086,0.17784969171,1.344951297509739,0.5763327560106278,0.3172589796832333,-0.167917699986039,,-0.0835990895089634,-0.040362920613933866,0.08425707732,-0.07457553900674968,,-0.0002068393,-1.6212463e-05,2.8014183e-05,0.9999999,0.0001739636,0.00015903264,-0.00017397106,1.0,2.5689602e-05,-0.00015899539,-2.5749207e-05,1.0,71,0.214,0,0,0.0,False,-0.2599376133421849,0.006324689116967264
0.2333562719868496,14:47:15.835145,14:47:07.621650,0,,0.14125913,0.01101394,0.035047993,-0.11507434,-0.929936,-0.34925187,-0.35235912,-0.29051268,0.8896321,-0.92876303,0.22543597,-0.29424098,,0.02858822,-0.042611312,0.02694714,-0.52004534,-0.6085012,0.59939873,-0.34032434,0.7912663,0.508013,-0.78341055,0.060199827,-0.61858225,,0.10327347,1.339366,0.44166124,0.99167573,0.021410806,-0.12696755,-0.06944511,-0.7414296,-0.66742754,-0.10842766,0.670689,-0.7337709,,-0.113545224,0.27086252,-0.08521196,0.17528544,0.88942885,0.42212722,-0.884863,-0.045645703,0.4636096,0.43161604,-0.45478877,0.7790217,,0.0013663117,0.40177226,-0.37285024,0.6190944,0.5724144,-0.53764665,-0.7685859,0.58220655,-0.2651627,0.16123843,0.5773884,0.8003904,,1.1845050455156811,0.6149534960416235,0.20203975940000002,-0.2990178594089317,0.4560926362170402,0.5731917396277909,-0.4304116142638257,,-0.7005059308222826,-0.33159098142057775,0.17785617316000002,1.3413865684705022,0.5768793020096895,0.3164865931078854,-0.16791769998603912,,-0.0835990895089634,-0.040362920613933866,0.08425707732,-0.07457553900674968,,-0.00026239082,-1.513958e-05,2.9683113e-05,0.9999999,0.00022187829,0.0002028048,-0.00022188574,1.0,3.2752752e-05,-0.0002027899,-3.2812357e-05,1.0,79,0.237,0,0,0.0,False,-0.259580147031059,0.006372969317746335
0.26372656296007335,14:47:15.856245,14:47:07.688106,0,,0.14119267,0.0109945685,0.03508477,-0.11441715,-0.9297244,-0.35002992,-0.35315707,-0.29126266,0.88907033,-0.92854106,0.22534049,-0.29501343,,0.02858942,-0.04260042,0.026946545,-0.5181725,-0.6102293,0.5992638,-0.34303176,0.79012454,0.50796914,-0.7834708,0.057649076,-0.6187489,,0.10327347,1.339366,0.44166124,0.99167573,0.021410806,-0.12696755,-0.06944511,-0.7414296,-0.66742754,-0.10842766,0.670689,-0.7337709,,-0.11348337,0.27087423,-0.08525867,0.17456834,0.8891852,0.42293686,-0.8853133,-0.04626701,0.46268752,0.43098292,-0.45520222,0.7791307,,0.0013648495,0.40177804,-0.37284103,0.6173262,0.5744658,-0.53749174,-0.7704375,0.57968825,-0.2653067,0.15916802,0.5778846,0.8004467,,1.184852568495021,0.6148839914457555,0.20198790780000003,-0.3002759990698389,0.455409453718213,0.5731770779652892,-0.43057495832996007,,-0.7005136535551568,-0.3316450405506973,0.17786135832000002,1.3376121494877808,0.5776991210082822,0.31451122584345786,-0.16824438811830766,,-0.0835990895089634,-0.040362920613933866,0.08425707732,-0.07457553900674968,,-0.00026239082,-1.513958e-05,2.9683113e-05,0.9999999,0.00022187829,0.0002028048,-0.00022188574,1.0,3.2752752e-05,-0.0002027899,-3.2812357e-05,1.0,90,0.271,0,0,0.0,False,-0.26059296824591627,0.0059384475107315815
0.2848401969531551,14:47:15.889380,14:47:07.688106,0,,0.14111133,0.010982946,0.03512408,-0.11440699,-0.9293543,-0.3510149,-0.3537744,-0.29205757,0.888564,-0.9283074,0.22583808,-0.2953683,,0.028600417,-0.04261526,0.026934564,-0.5182692,-0.60945237,0.5999705,-0.3425591,0.7907417,0.5073274,-0.78361356,0.057406753,-0.6185906,,0.10327347,1.339366,0.44166124,0.99167573,0.021410806,-0.12696755,-0.06944511,-0.7414296,-0.66742754,-0.10842766,0.670689,-0.7337709,,-0.1134065,0.27089363,-0.08530351,0.17450385,0.88872993,0.4239193,-0.8856109,-0.04652384,0.46209186,0.4303972,-0.45606434,0.7789503,,0.0013558151,0.40175843,-0.3728455,0.6174244,0.5737041,-0.53819203,-0.77026325,0.5797685,-0.26563713,0.15962967,0.5785604,0.7998664,,1.1853236552003488,0.6148067641170132,0.20193735249000003,-0.30090506890029245,0.4547262712193858,0.5736524887436307,-0.43008492613155724,,-0.700521376288031,-0.3317222678794396,0.1778769138,1.3382412193182343,0.5778357575080477,0.3139914142390587,-0.16775435591990473,,-0.0835990895089634,-0.040362920613933866,0.08425707732,-0.07457553900674968,,-0.00026239082,-1.513958e-05,2.9683113e-05,0.9999999,0.00022187829,0.0002028048,-0.00022188574,1.0,3.2752752e-05,-0.0002027899,-3.2812357e-05,1.0,98,0.296,0,0,0.0,False,-0.260652545964438,0.006469529719305367
0.31794619996799156,14:47:15.908133,14:47:07.688106,0,,0.14102852,0.011004522,0.035160795,-0.10911574,-0.92958254,-0.35209346,-0.35355744,-0.29475167,0.8877604,-0.92902684,0.22135396,-0.2964989,,0.028606005,-0.042622443,0.026931047,-0.5182577,-0.60938877,0.6000449,-0.34257847,0.7907975,0.5072273,-0.7836127,0.057311982,-0.6186005,,0.10327347,1.339366,0.44166124,0.99167573,0.021410806,-0.12696755,-0.06944511,-0.7414296,-0.66742754,-0.10842766,0.670689,-0.7337709,,-0.11332611,0.2709358,-0.08532425,0.16931482,0.8891956,0.42504543,-0.88602996,-0.051534012,0.46075502,0.43160564,-0.45461565,0.7791285,,0.0013509059,0.40175077,-0.372849,0.6174135,0.57365054,-0.5382616,-0.7702752,0.5797181,-0.2657123,0.15961398,0.57866395,0.7997946,,1.1857252373098086,0.6147681504526421,0.20191920443000003,-0.3069860772613437,0.45622927271680563,0.5717734618818455,-0.43073830239609445,,-0.7005368217537795,-0.33177632700955917,0.17788209896,1.3382412193182343,0.5778357575080477,0.3139097354989181,-0.16791769998603912,,-0.0835990895089634,-0.040362920613933866,0.08425707732,-0.07457553900674968,,-0.00026239082,-1.513958e-05,2.9683113e-05,0.9999999,0.00022187829,0.0002028048,-0.00022188574,1.0,3.2752752e-05,-0.0002027899,-3.2812357e-05,1.0,106,0.319,0,0,0.0,False,-0.26005676877922745,0.006324689116967264
0.3367296949727461,14:47:15.936145,14:47:07.753613,0,,0.14096718,0.011023983,0.035187885,-0.109776214,-0.9296938,-0.35159403,-0.35304847,-0.2941948,0.8881475,-0.9291425,0.2216273,-0.29593152,,0.028608687,-0.04263052,0.026925623,-0.5183598,-0.6094216,0.59992343,-0.34263593,0.79076767,0.507235,-0.78352004,0.057374895,-0.61871195,,0.10327347,1.339366,0.44166124,0.99167573,0.021410806,-0.12696755,-0.06944511,-0.7414296,-0.66742754,-0.10842766,0.670689,-0.7337709,,-0.11326635,0.2709695,-0.08533724,0.17000999,0.8893135,0.424521,-0.8857211,-0.050936837,0.46141475,0.43196613,-0.45445234,0.77902395,,0.0013491311,0.4017414,-0.37285224,0.6175057,0.5736766,-0.53812814,-0.77022314,0.5797547,-0.26578337,0.1595086,0.5786015,0.7998608,,1.1861654330836393,0.6147527049868936,0.20190494524000002,-0.3065666973743746,0.4565025457163365,0.5713055898540311,-0.43024827019769174,,-0.7005368217537795,-0.3318149406739303,0.17788728412000002,1.3382412193182343,0.5776991210082822,0.31402115340261455,-0.16791769998603912,,-0.0835990895089634,-0.040362920613933866,0.08425707732,-0.07457553900674968,,-0.00026239082,-1.513958e-05,2.9683113e-05,0.9999999,0.00022187829,0.0002028048,-0.00022188574,1.0,3.2752752e-05,-0.0002027899,-3.2812357e-05,1.0,114,0.344,0,0,0.0,False,-0.26005676877922745,0.006469529719305367
0.36474156798794866,14:47:15.969631,14:47:07.753613,0,,0.14084175,0.011061564,0.035224006,-0.11095877,-0.92936075,-0.35210317,-0.35313135,-0.29430175,0.88807917,-0.9289705,0.22287887,-0.29553112,,0.028613992,-0.04263496,0.026924849,-0.518344,-0.60931206,0.60004836,-0.3426442,0.79086185,0.50708246,-0.7835269,0.05724004,-0.61871576,,0.10327347,1.339366,0.44166124,0.99167573,0.021410806,-0.12696755,-0.06944511,-0.7414296,-0.66742754,-0.10842766,0.670689,-0.7337709,,-0.11314263,0.27102384,-0.08535109,0.17116682,0.888868,0.424989,-0.8856452,-0.05017661,0.46164364,0.43166474,-0.45540756,0.7786331,,0.0013440932,0.40173757,-0.37285513,0.61749107,0.57358086,-0.538247,-0.7702353,0.57968956,-0.26589018,0.15950662,0.57876164,0.7997453,,1.1870381018984266,0.614698645856774,0.20188420460000003,-0.30614731748740553,0.4559559997172748,0.5716695827286762,-0.430411614263826,,-0.7005599899524022,-0.3318458316054272,0.1778898767,1.3382412193182343,0.5776991210082822,0.31385779592233337,-0.16791769998603912,,-0.0835990895089634,-0.040362920613933866,0.08425707732,-0.07457553900674968,,-0.00026239082,-1.513958e-05,2.9683113e-05,0.9999999,0.00022187829,0.0002028048,-0.00022188574,1.0,3.2752752e-05,-0.0002027899,-3.2812357e-05,1.0,126,0.381,0,0,0.0,False,-0.2604738128088746,0.0065660901208643985
0.39820305799366906,14:47:16.001135,14:47:07.820161,0,,0.14075923,0.011081025,0.03523566,-0.11077109,-0.9290694,-0.35293007,-0.3536469,-0.29502514,0.88763386,-0.92879677,0.22313684,-0.29588234,,0.028618485,-0.042640816,0.026915312,-0.51880133,-0.6085536,0.6004227,-0.3431657,0.79151154,0.5057144,-0.78299576,0.056320816,-0.619472,,0.10327347,1.339366,0.44166124,0.99167573,0.021410806,-0.12696755,-0.06944511,-0.7414296,-0.66742754,-0.10842766,0.670689,-0.7337709,,-0.11306048,0.2710475,-0.085354894,0.17093655,0.88851583,0.42581725,-0.88591146,-0.0505411,0.46109268,0.43120942,-0.45605397,0.77850705,,0.0013409372,0.40172598,-0.37285408,0.61789846,0.57291645,-0.538487,-0.77006423,0.5792487,-0.2673424,0.15875305,0.57986003,0.7990994,,1.1875555250009997,0.6146214185280319,0.20187513057000003,-0.3069860772613437,0.455409453718213,0.5718702181230402,-0.43090164646222884,,-0.7005986036167733,-0.3318844452697983,0.17789635815000002,1.3378218394312653,0.5768793020096895,0.31232097736071673,-0.16742766778763607,,-0.0835990895089634,-0.040362920613933866,0.08425707732,-0.07457553900674968,,-0.00026239082,-1.513958e-05,2.9683113e-05,0.9999999,0.00022187829,0.0002028048,-0.00022188574,1.0,3.2752752e-05,-0.0002027899,-3.2812357e-05,1.0,141,0.427,0,0,0.0,False,-0.2602355019347904,0.006469529719305367
0.42973380495095626,14:47:16.037247,14:47:07.820161,0,,0.14069891,0.011082798,0.035245284,-0.10803555,-0.9285864,-0.35504282,-0.35493928,-0.29756755,0.8862684,-0.928626,0.22176719,-0.29744405,,0.02862335,-0.042644348,0.026912272,-0.5188894,-0.608344,0.600559,-0.3432023,0.79168534,0.5054174,-0.7829214,0.05614248,-0.6195823,,0.10327347,1.339366,0.44166124,0.99167573,0.021410806,-0.12696755,-0.06944511,-0.7414296,-0.66742754,-0.10842766,0.670689,-0.7337709,,-0.11300121,0.27105638,-0.08536684,0.16812913,0.88801306,0.42797828,-0.88679755,-0.053349283,0.45906854,0.4304912,-0.4567129,0.77851826,,0.0013365725,0.40172094,-0.37285495,0.6179782,0.57272404,-0.5386001,-0.77001613,0.5791842,-0.26762068,0.15867583,0.58011454,0.79893,,1.1878335433844718,0.614559636665038,0.2018582788,-0.3105508063005806,0.4547262712193858,0.5721822714211007,-0.43008492613155713,,-0.700621771815396,-0.33190761346842096,0.17790024702,1.3378218394312653,0.576742665509924,0.3120240015637104,-0.16824438811830744,,-0.0835990895089634,-0.040362920613933866,0.08425707732,-0.07457553900674968,,-0.00026239082,-1.513958e-05,2.9683113e-05,0.9999999,0.00022187829,0.0002028048,-0.00022188574,1.0,3.2752752e-05,-0.0002027899,-3.2812357e-05,1.0,149,0.45,0,0,0.0,False,-0.2596993024681016,0.0059384475107315815
0.46584248897852376,14:47:16.067079,14:47:07.886372,0,,0.14069214,0.011070371,0.035231337,-0.108256295,-0.92792714,-0.35669553,-0.3567315,-0.29864746,0.8851849,-0.9279133,0.22307138,-0.29869047,,0.028628692,-0.04265025,0.026908696,-0.5188782,-0.6082825,0.600631,-0.3432175,0.79173887,0.5053232,-0.78292215,0.056054115,-0.6195893,,0.10327347,1.339366,0.44166124,0.99167573,0.021410806,-0.12696755,-0.06944511,-0.7414296,-0.66742754,-0.10842766,0.670689,-0.7337709,,-0.11299397,0.2710379,-0.08536567,0.1681878,0.8871846,0.42967007,-0.8876342,-0.053276855,0.45745718,0.42874044,-0.45832855,0.7785349,,0.001331879,0.401714,-0.3728574,0.6179677,0.5726718,-0.5386678,-0.7700269,0.57913786,-0.26768985,0.15866448,0.5802124,0.79886115,,1.187841266117346,0.6145364684664154,0.20185179735000003,-0.3107604962440651,0.45281336022266966,0.5736604433327099,-0.42992158206542297,,-0.7006372172811444,-0.3319462271327921,0.17790543218000002,1.3378218394312653,0.576742665509924,0.3119423228235699,-0.16808104405217328,,-0.0835990895089634,-0.040362920613933866,0.08425707732,-0.07457553900674968,,-0.00026239082,-1.513958e-05,2.9683113e-05,0.9999999,0.00022187829,0.0002028048,-0.00022188574,1.0,3.2752752e-05,-0.0002027899,-3.2812357e-05,1.0,157,0.475,0,0,0.0,False,-0.25826943722359585,0.0061315683138492005
0.4956674569984898,14:47:16.090576,14:47:07.886372,0,,0.14069268,0.0110542625,0.035216138,-0.108733475,-0.9268369,-0.35937476,-0.35897067,-0.30051464,0.88364637,-0.9269935,0.22508697,-0.30003136,,0.028621979,-0.042635884,0.026898682,-0.5169498,-0.611143,0.5993888,-0.3479142,0.78976893,0.50519395,-0.7821244,0.052623987,-0.6208962,,0.10327347,1.339366,0.44166124,0.99167573,0.021410806,-0.12696755,-0.06944511,-0.7414296,-0.66742754,-0.10842766,0.670689,-0.7337709,,-0.11299408,0.27101576,-0.08536532,0.1684589,0.8858224,0.4323659,-0.8886562,-0.05331237,0.45546454,0.42651114,-0.46095166,0.77821064,,0.0013392814,0.40171516,-0.37284017,0.6161046,0.57597643,-0.5372767,-0.7723662,0.57555693,-0.26867187,0.15448467,0.58050436,0.79946804,,1.187810375185849,0.6145364684664154,0.20184272332000003,-0.3107604962440651,0.4503539032268917,0.5763193955203699,-0.4295948939331544,,-0.7006449400140187,-0.33202345446153436,0.17791191363000003,1.3313214511832452,0.5766060290101588,0.30911330608220594,-0.16840773218444183,,-0.0835990895089634,-0.040362920613933866,0.08425707732,-0.07457553900674968,,-0.00026239082,-1.513958e-05,2.9683113e-05,0.9999999,0.00022187829,0.0002028048,-0.00022188574,1.0,3.2752752e-05,-0.0002027899,-3.2812357e-05,1.0,165,0.5,0,0,0.0,False,-0.25695872741613357,0.005986727711510653
0.5191731119994074,14:47:16.117297,14:47:07.886372,0,,0.14069186,0.011035919,0.035183415,-0.11021573,-0.9239864,-0.36619866,-0.3621576,-0.3057785,0.88053465,-0.92557776,0.22967046,-0.3009272,,0.028617606,-0.042638775,0.026884258,-0.51704985,-0.61246365,0.59795284,-0.35034296,0.7888111,0.5050119,-0.7809732,0.051627755,-0.62242705,,0.10327347,1.339366,0.44166124,0.99167573,0.021410806,-0.12696755,-0.06944511,-0.7414296,-0.66742754,-0.10842766,0.670689,-0.7337709,,-0.11299144,0.27098015,-0.08535375,0.16963434,0.882299,0.43905887,-0.8900246,-0.0541503,0.45268527,0.4231789,-0.46756417,0.77608204,,0.0013454183,0.40170237,-0.37283424,0.61614317,0.5774343,-0.5356653,-0.7728596,0.5743459,-0.2698423,0.15184094,0.5802555,0.8001549,,1.1877949297201007,0.6145133002677927,0.20184013074,-0.309921736470127,0.4466647177332248,0.5837383308877637,-0.4282881414040801,,-0.7006681082126414,-0.3320929590574024,0.17791709879,1.3290148618049153,0.5752396640125043,0.3085122315762183,-0.16791769998603912,,-0.0835990895089634,-0.040362920613933866,0.08425707732,-0.07457553900674968,,-0.00026239082,-1.513958e-05,2.9683113e-05,0.9999999,0.00022187829,0.0002028048,-0.00022188574,1.0,3.2752752e-05,-0.0002027899,-3.2812357e-05,1.0,173,0.524,0,0,0.0,False,-0.25439688551972894,0.0061315683138492005
0.5458727339864708,14:47:16.140436,14:47:07.953384,0,,0.14068645,0.011024788,0.035159722,-0.11078293,-0.92166626,-0.37183088,-0.36463416,-0.31034943,0.8779095,-0.9245372,0.23283967,-0.30168968,,0.028627448,-0.042660367,0.026864588,-0.51763904,-0.6113175,0.59861535,-0.34985864,0.7897128,0.5039375,-0.78080004,0.051426947,-0.622661,,0.10327347,1.339366,0.44166124,0.99167573,0.021410806,-0.12696755,-0.06944511,-0.7414296,-0.66742754,-0.10842766,0.670689,-0.7337709,,-0.112984635,0.27095604,-0.08534445,0.16997138,0.87946385,0.44458184,-0.8911385,-0.055422645,0.45033383,0.42069224,-0.47272784,0.77430385,,0.0013386286,0.40167284,-0.37283972,0.6166926,0.5762926,-0.5362621,-0.7723693,0.57458466,-0.27073625,0.15210469,0.58115345,0.79945284,,1.187802652452975,0.6144978548020442,0.20183883445000003,-0.309921736470127,0.44379535123815056,0.5899170076519951,-0.42796145327181156,,-0.7006681082126414,-0.3321933545847673,0.17793654314000001,1.3298536215788535,0.5748297545132081,0.30778466166548024,-0.16840773218444183,,-0.0835990895089634,-0.040362920613933866,0.08425707732,-0.07457553900674968,,-0.00026239082,-1.513958e-05,2.9683113e-05,0.9999999,0.00022187829,0.0002028048,-0.00022188574,1.0,3.2752752e-05,-0.0002027899,-3.2812357e-05,1.0,184,0.558,0,0,0.0,False,-0.2519541990603664,0.006855771325541049
0.5690322509617545,14:47:16.171378,14:47:07.953384,0,,0.14067526,0.010999039,0.03508766,-0.112679586,-0.914911,-0.38760936,-0.3720945,-0.32285547,0.87023556,-0.92133,0.24228515,-0.30405423,,0.028637826,-0.042670738,0.026854575,-0.5176931,-0.61104476,0.59884715,-0.34972408,0.78993034,0.50368965,-0.7808245,0.05132532,-0.6226387,,0.10327347,1.339366,0.44166124,0.99167573,0.021410806,-0.12696755,-0.06944511,-0.7414296,-0.66742754,-0.10842766,0.670689,-0.7337709,,-0.1129687,0.2708886,-0.08531012,0.1711674,0.87123466,0.4600564,-0.89444166,-0.058388054,0.44335645,0.4131293,-0.4873818,0.7692745,,0.0013298319,0.40165752,-0.37284175,0.61674494,0.57602715,-0.5364871,-0.77230376,0.57460016,-0.27089027,0.15222545,0.58140117,0.7992497,,1.1878258206515977,0.61449013206917,0.20184142703000002,-0.30971204652664247,0.43559716125222414,0.605995136989945,-0.4256746363459316,,-0.7006912764112639,-0.33225513644776106,0.17794950604,1.330063311522338,0.5748297545132081,0.3076213041851992,-0.1680810440521734,,-0.0835990895089634,-0.040362920613933866,0.08425707732,-0.07457553900674968,,-0.00026239082,-1.513958e-05,2.9683113e-05,0.9999999,0.00022187829,0.0002028048,-0.00022188574,1.0,3.2752752e-05,-0.0002027899,-3.2812357e-05,1.0,192,0.583,0,0,0.0,False,0.1905295163953471,0.008304177348924746
0.5999550419510342,14:47:16.201451,14:47:08.023072,0,,0.1406646,0.010991156,0.03506331,-0.11216191,-0.9100293,-0.39908186,-0.37406757,-0.33340538,0.86539835,-0.9205938,0.24634838,-0.30301717,,0.02863878,-0.042648863,0.026827514,-0.51534927,-0.61441404,0.59741974,-0.35445243,0.7875185,0.5041609,-0.7802427,0.048062056,-0.6236277,,0.10327347,1.339366,0.44166124,0.99167573,0.021410806,-0.12696755,-0.06944511,-0.7414296,-0.66742754,-0.10842766,0.670689,-0.7337709,,-0.112956434,0.27086654,-0.08529867,0.1704795,0.865443,0.4711106,-0.895409,-0.06351147,0.44069153,0.4113143,-0.49696556,0.76409805,,0.0013314001,0.4016486,-0.3728082,0.61449605,0.5798307,-0.5349682,-0.7748817,0.57095104,-0.27124378,0.14816517,0.58121526,0.8001474,,1.1878335433844718,0.6144437956719246,0.20184531590000002,-0.3107604962440651,0.433684250255508,0.6178465088994056,-0.4155473042456065,,-0.7006989991441382,-0.33230147284500644,0.17797672813,1.3237726132178023,0.5751030275127388,0.3054381786144328,-0.1667742915230992,,-0.0835990895089634,-0.040362920613933866,0.08425707732,-0.07457553900674968,,-0.00026239082,-1.513958e-05,2.9683113e-05,0.9999999,0.00022187829,0.0002028048,-0.00022188574,1.0,3.2752752e-05,-0.0002027899,-3.2812357e-05,1.0,200,0.606,0,0,0.0,False,0.5445403198473264,0.00859385855360184
0.6300477049662732,14:47:16.223198,14:47:08.023072,0,,0.14066279,0.010987863,0.035053894,-0.11200458,-0.90735936,-0.40515894,-0.3742724,-0.33917925,0.86306286,-0.9205297,0.24830692,-0.30161005,,0.028648652,-0.042639386,0.026780725,-0.51548344,-0.61431277,0.59740806,-0.35593596,0.78768706,0.50285083,-0.7794783,0.046572268,-0.62469566,,0.10327347,1.339366,0.44166124,0.99167573,0.021410806,-0.12696755,-0.06944511,-0.7414296,-0.66742754,-0.10842766,0.670689,-0.7337709,,-0.112953976,0.27085778,-0.085294165,0.17030613,0.862298,0.4769045,-0.89551955,-0.06649452,0.44002637,0.41114542,-0.50201654,0.7608803,,0.0013268288,0.40161556,-0.37277263,0.61458486,0.5799008,-0.53479016,-0.77512574,0.56984496,-0.2728678,0.14651121,0.58223003,0.7997141,,1.1878180979187234,0.6144051820075536,0.20184920477,-0.3109701861875496,0.4335476137557425,0.6244105472742065,-0.40394987555007256,,-0.7007221673427609,-0.33227830464638375,0.17801950570000002,1.322095093669926,0.5741465720143808,0.3034410267755287,-0.16579422712629344,,-0.0835990895089634,-0.040362920613933866,0.08425707732,-0.07457553900674968,,-0.00026239082,-1.513958e-05,2.9683113e-05,0.9999999,0.00022187829,0.0002028048,-0.00022188574,1.0,3.2752752e-05,-0.0002027899,-3.2812357e-05,1.0,208,0.631,0,0,0.0,False,0.7061150924763684,0.047266299377947796
0.6517868939554319,14:47:16.250333,14:47:08.023072,0,,0.14065738,0.010960251,0.034984127,-0.115505695,-0.90005815,-0.42018285,-0.3793357,-0.35098296,0.85610473,-0.9180211,0.25827536,-0.30088377,,0.028643519,-0.042600077,0.026748896,-0.5128749,-0.6188039,0.59501326,-0.3616233,0.78435,0.5040078,-0.7785807,0.043322295,-0.6260474,,0.10327347,1.339366,0.44166124,0.99167573,0.021410806,-0.12696755,-0.06944511,-0.7414296,-0.66742754,-0.10842766,0.670689,-0.7337709,,-0.1129441,0.27079043,-0.085262194,0.17329131,0.85351944,0.49140075,-0.89749825,-0.06859853,0.4356502,0.4055453,-0.5165257,0.75414467,,0.0013344694,0.40161374,-0.3727224,0.6120656,0.5848449,-0.53228956,-0.7780443,0.56579024,-0.27299914,0.1415021,0.5812382,0.80133593,,1.1878258206515977,0.6143125092130628,0.2018582788,-0.3084539068657353,0.4273989712662977,0.6415944852214892,-0.37405791144749945,,-0.7007298900756351,-0.33224741371488686,0.17804802408,1.3145462557044831,0.5741465720143808,0.3016440944924363,-0.16546753899402478,,-0.0835990895089634,-0.040362920613933866,0.08425707732,-0.07457553900674968,,-0.00026239082,-1.513958e-05,2.9683113e-05,0.9999999,0.00022187829,0.0002028048,-0.00022188574,1.0,3.2752752e-05,-0.0002027899,-3.2812357e-05,1.0,216,0.655,0,0,0.0,False,0.8405224254598194,0.20287338649014286
0.6788438399671577,14:47:16.273192,14:47:08.086444,0,,0.14065595,0.010938153,0.03492467,-0.11845401,-0.89488745,-0.43028465,-0.38371494,-0.3584187,0.85105747,-0.91582274,0.26591787,-0.30092567,,0.028645135,-0.042578947,0.02672422,-0.51167613,-0.61830527,0.5965618,-0.36394003,0.7849477,0.501403,-0.7782899,0.039443165,-0.6266651,,0.10327347,1.339366,0.44166124,0.99167573,0.021410806,-0.12696755,-0.06944511,-0.7414296,-0.66742754,-0.10842766,0.670689,-0.7337709,,-0.11293876,0.270734,-0.08523366,0.17579134,0.8473033,0.5011732,-0.89919174,-0.069013916,0.43207783,0.4006889,-0.5266064,0.74975604,,0.0013351205,0.4016062,-0.37269077,0.61091304,0.58478904,-0.53367317,-0.77930856,0.5629769,-0.2752003,0.13951154,0.5840195,0.79966104,,1.1878180979187234,0.614250727350069,0.20186735283,-0.30635700743089006,0.4220701477754455,0.6532908700783002,-0.34988298965962605,,-0.7007298900756351,-0.33220880005051573,0.17807265359000002,1.3114009065522154,0.5742832085141462,0.29687698840072785,-0.15550355095983392,,-0.0835990895089634,-0.040362920613933866,0.08425707732,-0.07457553900674968,,-0.00026239082,-1.513958e-05,2.9683113e-05,0.9999999,0.00022187829,0.0002028048,-0.00022188574,1.0,3.2752752e-05,-0.0002027899,-3.2812357e-05,1.0,231,0.701,0,0,0.0,False,0.9718317170801769,0.2060115995408074
0.701745284954086,14:47:16.320076,14:47:08.086444,0,,0.14065741,0.010895416,0.034778133,-0.1288948,-0.88085884,-0.45549276,-0.39385012,-0.3760715,0.8387206,-0.91009235,0.28750268,-0.2984528,,0.028641492,-0.042528566,0.02669543,-0.507863,-0.62106156,0.59695685,-0.37121597,0.78311706,0.4989255,-0.77735054,0.031785846,-0.6282642,,0.10327347,1.339366,0.44166124,0.99167573,0.021410806,-0.12696755,-0.06944511,-0.7414296,-0.66742754,-0.10842766,0.670689,-0.7337709,,-0.112929896,0.27060354,-0.08515492,0.18511993,0.8305041,0.52535087,-0.9026134,-0.06770782,0.42509374,0.38861245,-0.5528821,0.7370901,,0.0013405775,0.40161312,-0.37263328,0.60724235,0.58848464,-0.5338001,-0.7832637,0.55607915,-0.27798194,0.133247,0.58690864,0.7986135,,1.1878798797817172,0.6141426090898299,0.20189846379,-0.29775971974802456,0.4086797707984324,0.6843027947151279,-0.276704848031469,,-0.7007685037400062,-0.33218563185189304,0.17810117197000003,1.3015454792084427,0.5746931180134426,0.2892733268171286,-0.12365145806364941,,-0.0835990895089634,-0.040362920613933866,0.08425707732,-0.07457553900674968,,-0.00026239082,-1.513958e-05,2.9683113e-05,0.9999999,0.00022187829,0.0002028048,-0.00022188574,1.0,3.2752752e-05,-0.0002027899,-3.2812357e-05,1.0,239,0.725,0,0,0.0,False,1.0472571087278046,0.36832963456134715
0.7486735329730436,14:47:16.342729,14:47:08.155004,0,,0.14064443,0.010872722,0.034631416,-0.13973674,-0.8704534,-0.4720004,-0.4023547,-0.38563535,0.8302988,-0.9047564,0.30593485,-0.29634362,,0.028638601,-0.04250246,0.026683033,-0.505635,-0.62306476,0.5967606,-0.3755678,0.78168166,0.49791846,-0.7767124,0.02764085,-0.62924874,,0.10327347,1.339366,0.44166124,0.99167573,0.021410806,-0.12696755,-0.06944511,-0.7414296,-0.66742754,-0.10842766,0.670689,-0.7337709,,-0.11290556,0.27048796,-0.085064024,0.194972,0.8180297,0.5411223,-0.90509176,-0.06250064,0.42059794,0.3778821,-0.57177013,0.72820604,,0.001344097,0.4016189,-0.37260503,0.6050901,0.5910063,-0.53345805,-0.78556216,0.5521423,-0.27934018,0.12945299,0.5880905,0.79836804,,1.1880575026378244,0.6140035998980938,0.20194772281,-0.2885333622347055,0.39679239531883903,0.7060846058775199,-0.20842702838734029,,-0.7007993946715031,-0.3321933545847673,0.17811283858000002,1.295674160790876,0.5748297545132081,0.2854046868669662,-0.08330547372848252,,-0.0835990895089634,-0.040362920613933866,0.08425707732,-0.07457553900674968,,-0.00026239082,-1.513958e-05,2.9683113e-05,0.9999999,0.00022187829,0.0002028048,-0.00022188574,1.0,3.2752752e-05,-0.0002027899,-3.2812357e-05,1.0,247,0.749,0,0,0.0,False,1.047912463631536,0.41965148798991114
0.7712428499944508,14:47:16.369604,14:47:08.155004,0,,0.1405926,0.010865137,0.034432217,-0.15298074,-0.858363,-0.48970377,-0.4113571,-0.3952543,0.82131565,-0.89854443,0.32708865,-0.29262745,,0.028651543,-0.04246175,0.026674688,-0.50244814,-0.6249802,0.597449,-0.3797273,0.78030735,0.49691838,-0.776758,0.022807986,-0.62938607,,0.10327347,1.339366,0.44166124,0.99167573,0.021410806,-0.12696755,-0.06944511,-0.7414296,-0.66742754,-0.10842766,0.670689,-0.7337709,,-0.1128372,0.2703488,-0.08492843,0.20711005,0.8036407,0.5579131,-0.9073034,-0.055526398,0.41679415,0.36593166,-0.59251875,0.7176459,,0.0013309761,0.40163466,-0.37256667,0.6020609,0.59352,-0.5340943,-0.7884044,0.5476802,-0.28011596,0.12625842,0.58972913,0.7976706,,1.1884668074801583,0.6136946905831249,0.20203716682000003,-0.2772101052865412,0.3836752913413568,0.7300943592752878,-0.1269183393863349,,-0.7008997901988681,-0.33215474092039615,0.17813228293000002,1.2895931524298248,0.576059483011097,0.28088973990765426,-0.049329907972552434,,-0.0835990895089634,-0.040362920613933866,0.08425707732,-0.07457553900674968,,-0.00026239082,-1.513958e-05,2.9683113e-05,0.9999999,0.00022187829,0.0002028048,-0.00022188574,1.0,3.2752752e-05,-0.0002027899,-3.2812357e-05,1.0,255,0.774,0,0,0.0,False,1.047793308194494,0.4748840376816119
0.7981994609581307,14:47:16.399477,14:47:08.218261,0,,0.14054486,0.010865971,0.034282222,-0.16481346,-0.84693617,-0.5055052,-0.41504705,-0.40537584,0.8144976,-0.89474714,0.34404862,-0.284707,,0.028665595,-0.042409074,0.026674926,-0.49880195,-0.6271373,0.59824336,-0.3834926,0.7786946,0.49655646,-0.77725804,0.018261403,-0.628917,,0.10327347,1.339366,0.44166124,0.99167573,0.021410806,-0.12696755,-0.06944511,-0.7414296,-0.66742754,-0.10842766,0.670689,-0.7337709,,-0.11277669,0.270249,-0.08482281,0.21834736,0.79024684,0.57256824,-0.90725225,-0.051742446,0.41739202,0.35946882,-0.6106003,0.70565534,,0.0013153857,0.40166417,-0.37252355,0.59861726,0.59624714,-0.53492683,-0.7914311,0.54333484,-0.2800429,0.12366964,0.59099627,0.79713815,,1.1888452213909952,0.6133394448709105,0.20211753680000002,-0.2660965382818614,0.37657019335355385,0.7527955894765982,-0.031525404763915965,,-0.7010079084591072,-0.33205434539303125,0.17814783841,1.283721834012258,0.5779723940078131,0.27687952705168756,0.012087460893936641,,-0.0835990895089634,-0.040362920613933866,0.08425707732,-0.07457553900674968,,-0.00026239082,-1.513958e-05,2.9683113e-05,0.9999999,0.00022187829,0.0002028048,-0.00022188574,1.0,3.2752752e-05,-0.0002027899,-3.2812357e-05,1.0,274,0.832,0,0,0.0,False,1.0481507745056202,0.5145703627223268
0.8280718829482794,14:47:16.450658,14:47:08.218261,0,,0.14030297,0.010782957,0.033674076,-0.21772191,-0.8022301,-0.5558991,-0.43212694,-0.4314634,0.7919,-0.87513614,0.412633,-0.25272632,,0.028672792,-0.042312037,0.0266729,-0.49435705,-0.6292371,0.5997261,-0.38884762,0.7771294,0.49484104,-0.77743715,0.011426061,-0.62885684,,0.10327347,1.339366,0.44166124,0.99167573,0.021410806,-0.12696755,-0.06944511,-0.7414296,-0.66742754,-0.10842766,0.670689,-0.7337709,,-0.11248807,0.26978147,-0.08445761,0.26833376,0.7384001,0.61867785,-0.90567523,-0.025467588,0.42320654,0.328252,-0.6738818,0.66191685,,0.0013054743,0.40171877,-0.3724436,0.5943921,0.599186,-0.5363526,-0.7952255,0.53717715,-0.28117093,0.11964268,0.59364706,0.79578185,,1.1904592725617082,0.6117640073645687,0.20236901706000002,-0.2170290915064827,0.34268434141172466,0.8320481933621461,0.14766303578538853,,-0.7011546403837174,-0.3317531588109365,0.17816339389000002,1.2755439262163615,0.5797486685047639,0.26995861871421634,0.13965917654480864,,-0.0835990895089634,-0.040362920613933866,0.08425707732,-0.07457553900674968,,-0.00026239082,-1.513958e-05,2.9683113e-05,0.9999999,0.00022187829,0.0002028048,-0.00022188574,1.0,3.2752752e-05,-0.0002027899,-3.2812357e-05,1.0,282,0.857,0,0,0.0,False,1.0484486630982253,0.6003159993066451
0.8792446289444342,14:47:16.471685,14:47:08.284858,0,,0.14016831,0.0107228905,0.033404484,-0.23770449,-0.7871632,-0.5690962,-0.44174236,-0.43419054,0.7850746,-0.8650781,0.4380098,-0.24451447,,0.028675921,-0.042269852,0.026673973,-0.49296722,-0.6301663,0.5998947,-0.3904407,0.77640015,0.4947313,-0.7775213,0.009662986,-0.6287824,,0.10327347,1.339366,0.44166124,0.99167573,0.021410806,-0.12696755,-0.06944511,-0.7414296,-0.66742754,-0.10842766,0.670689,-0.7337709,,-0.112334125,0.26955754,-0.08431416,0.28680813,0.7210668,0.63071686,-0.9056235,-0.010612188,0.42394978,0.3123894,-0.6927843,0.64997137,,0.0013009349,0.40174407,-0.37241,0.59307176,0.6003387,-0.5365253,-0.7963867,0.5354416,-0.28119487,0.11846581,0.59405035,0.795657,,1.1911465957875143,0.6110457932072659,0.20245975736000002,-0.1996248261972672,0.32587805194057545,0.8541655057512837,0.22851834852185693,,-0.7012241449795855,-0.33159098142057775,0.17816728276000002,1.2730276468945474,0.5802952145038256,0.26828776599732224,0.18327204220266136,,-0.0835990895089634,-0.040362920613933866,0.08425707732,-0.07457553900674968,,-0.00026239082,-1.513958e-05,2.9683113e-05,0.9999999,0.00022187829,0.0002028048,-0.00022188574,1.0,3.2752752e-05,-0.0002027899,-3.2812357e-05,1.0,290,0.881,0,0,0.0,False,1.048508240816746,0.6312153278054988
0.90027719194768,14:47:16.501844,14:47:08.284858,0,,0.1399417,0.010619238,0.032986477,-0.27405328,-0.75692844,-0.59325707,-0.45469862,-0.44158968,0.7734647,-0.8474337,0.4817238,-0.22315529,,0.028681077,-0.042198565,0.026679575,-0.49094287,-0.63133883,0.6003216,-0.39263478,0.77547514,0.49444556,-0.7776972,0.007037282,-0.62859976,,0.10327347,1.339366,0.44166124,0.99167573,0.021410806,-0.12696755,-0.06944511,-0.7414296,-0.66742754,-0.10842766,0.670689,-0.7337709,,-0.11207831,0.2692029,-0.084100604,0.32072094,0.68680096,0.6522595,-0.9026251,0.012909975,0.43023396,0.28706446,-0.7267309,0.6240643,,0.0012929636,0.40178984,-0.3723554,0.59115106,0.60184085,-0.5369618,-0.7980465,0.5329275,-0.2812649,0.11688502,0.5947906,0.79533774,,1.1923204511843963,0.6099028287418806,0.20259457152000002,-0.1669131950136814,0.29909729798654916,0.8969131723517663,0.339265625360898,,-0.7013477087055731,-0.3312975175713572,0.17816987534,1.2694629178553105,0.5811150335024182,0.2656589688117702,0.2538366787726699,,-0.0835990895089634,-0.040362920613933866,0.08425707732,-0.07457553900674968,,-0.00026239082,-1.513958e-05,2.9683113e-05,0.9999999,0.00022187829,0.0002028048,-0.00022188574,1.0,3.2752752e-05,-0.0002027899,-3.2812357e-05,1.0,298,0.905,0,0,0.0,False,1.047793308194494,0.6613421730918807
