Task Time,PC1 Time,PC2 Time,Gaze Calib,s_T_psm1,Tx,Ty,Tz,R00,R01,R02,R10,R11,R12,R20,R21,R22,s_T_psm3,Tx,Ty,Tz,R00,R01,R02,R10,R11,R12,R20,R21,R22,cart_T_ecm,Tx,Ty,Tz,R00,R01,R02,R10,R11,R12,R20,R21,R22,ecm_T_psm1,Tx,Ty,Tz,R00,R01,R02,R10,R11,R12,R20,R21,R22,ecm_T_psm3,Tx,Ty,Tz,R00,R01,R02,R10,R11,R12,R20,R21,R22,psm1_joints,q1,q2,q3,q4,q5,q6,jaw,psm3_joints,q1,q2,q3,q4,q5,q6,jaw,ecm_joints,q1,q2,q3,q4,ecmi_T_ecm,Tx,Ty,Tz,R00,R01,R02,R10,R11,R12,R20,R21,R22,Sample #,Task Duration (s),Collisions (binary),Collisions (increments),Cumulative Collision Time (s),Clutch Press,MTMR Angle,MTML Angle
""
lci_T_si,,,,,-0.060823515,0.029859815,0.22619304,0.990712,-0.051887166,0.12568814,0.04697213,-0.7368394,-0.67443407,0.12760644,0.67407376,-0.7275584
rci_T_si,,,,,-0.07009534,0.034067318,0.23510589,0.98514,-0.06991788,0.15687762,0.057551738,-0.7262056,-0.68506444,0.16182366,0.68391293,-0.7113903
ecm_T_lc,,,,,-4.4061628e-05,-0.00034663224,-0.01840835,-0.99912,0.030754527,0.028518902,-0.031987965,-0.99852574,-0.043852776,0.027128186,-0.04472645,0.9986309
ecm_T_rc,,,,,-0.0043358393,0.01870579,-0.007592615,-0.99555075,-0.052743673,-0.078081585,0.04863213,-0.9973746,0.053654674,-0.08070653,0.04961868,0.9955021
cart_T_ecmi,,,,,0.10353776,1.3393562,0.4416647,0.9916547,0.021186605,-0.12716936,-0.069744974,-0.74143606,-0.6673891,-0.10842766,0.670689,-0.7337709
ecmac_T_ecmrep_psm1,,,,,0.008075713,-0.26004106,-0.30289736,0.99667877,0.061445758,0.053440064,-0.058828812,0.9970531,-0.049237434,-0.056308012,0.04593009,0.9973564
ecmac_T_ecmrep_psm3,,,,,-0.012692571,-0.457308,-0.5458498,0.99509805,-0.029463936,0.094401784,0.014504567,0.9877462,0.15539348,-0.09782351,-0.1532625,0.9833317
""
0,14:54:29.755927,14:54:21.567375,0,,0.13300799,0.008479893,0.03427808,-0.72602034,-0.12242273,-0.67668813,-0.5614834,-0.46259448,0.686107,-0.39702728,0.87807685,0.2671147,,0.013794832,-0.045142353,0.008448899,-0.42797607,-0.7136294,0.5545893,-0.77521825,0.6053092,0.18065912,-0.46462154,-0.35261002,-0.81227636,,0.10338209,1.3393599,0.44165704,0.9916692,0.021340232,-0.12703107,-0.0695395,-0.74143165,-0.66741544,-0.10842766,0.670689,-0.7337709,,-0.105506845,0.26862198,-0.08717778,0.7253681,0.020160327,0.6880659,-0.66937524,0.25380042,0.6982278,-0.16055492,-0.9670465,0.19759355,,0.018204847,0.3871347,-0.36470228,0.5034621,0.73125386,-0.46021047,-0.7791835,0.15409794,-0.60755813,-0.37336177,0.6644709,0.6473634,,1.2263004758309841,0.6107600520909195,0.19871607184,0.28664615274334476,-0.15931815872650357,1.3729003431691034,-0.40607334840981824,,-0.5895457048854248,-0.3254591315184435,0.1895046351,0.8387597739380974,0.35211225989554,-0.17179355674720403,0.8751975063474682,,-0.08834420341282298,-0.04034983064454391,0.08425707732,-0.07490262470414771,,-0.00015380606,-1.1205673e-05,2.3007393e-05,0.99999994,0.00015203655,0.00013897568,-0.00015203655,1.0,2.2441149e-05,-0.00013896078,-2.2500753e-05,1.0,34,0.102,0,0,0.0,False,-0.2543373078012081,1.0499977893665218
0.1276654900284484,14:54:29.784796,14:54:21.567375,0,,0.13288721,0.008478731,0.0344768,-0.7212912,-0.13668822,-0.67901045,-0.55343103,-0.47573435,0.6836599,-0.41647688,0.86890334,0.26749545,,0.013795443,-0.04514073,0.008450389,-0.4279737,-0.7135822,0.5546519,-0.7752138,0.60532725,0.18061736,-0.46463117,-0.35267437,-0.812243,,0.10338209,1.3393599,0.44165704,0.9916692,0.021340232,-0.12703107,-0.0695395,-0.74143165,-0.66741544,-0.10842766,0.670689,-0.7337709,,-0.10540397,0.2687574,-0.087336384,0.722793,0.034414783,0.6902072,-0.67665064,0.2381673,0.696721,-0.14040728,-0.9706142,0.19543242,,0.018204011,0.38713682,-0.3647018,0.5034607,0.73121405,-0.4602753,-0.7791889,0.1540517,-0.60756296,-0.37335238,0.66452545,0.6473129,,1.2276982904812188,0.6101422334609816,0.19852940608000003,0.2788876248344174,-0.13800286476309484,1.3747953328656344,-0.4054199721452809,,-0.5895534276182991,-0.3254514087855693,0.18950333881,0.8387597739380974,0.35211225989554,-0.17187523548734457,0.8753608504136026,,-0.08834420341282298,-0.04034983064454391,0.08425707732,-0.07490262470414771,,-0.00015380606,-1.1205673e-05,2.3007393e-05,0.99999994,0.00015203655,0.00013897568,-0.00015203655,1.0,2.2441149e-05,-0.00013896078,-2.2500753e-05,1.0,45,0.135,0,0,0.0,False,-0.2544564632382502,1.0501909101696396
0.15651723003247753,14:54:29.817934,14:54:21.633248,0,,0.13269965,0.008461893,0.03460674,-0.7154789,-0.146783,-0.6830407,-0.54950583,-0.4855174,0.67993826,-0.4314315,0.8618164,0.26671934,,0.013797112,-0.04513967,0.0084504485,-0.4280274,-0.7136485,0.5545252,-0.7752459,0.60529464,0.18058893,-0.46452814,-0.35259643,-0.8123357,,0.10338209,1.3393599,0.44165704,0.9916692,0.021340232,-0.12703107,-0.0695395,-0.74143165,-0.66741544,-0.10842766,0.670689,-0.7337709,,-0.10522957,0.26883602,-0.087461896,0.7185227,0.04452637,0.6940767,-0.68395424,0.22634515,0.6935232,-0.12622084,-0.9730289,0.19308813,,0.018202327,0.38713726,-0.3647009,0.5035029,0.73127156,-0.46013772,-0.7791191,0.15410249,-0.6076396,-0.37344122,0.6644504,0.6473387,,1.2292042233916924,0.6093390692420623,0.19838681418,0.2698709572645829,-0.12256294028960008,1.376580568012678,-0.40509328401301237,,-0.5895688730840475,-0.3254436860526951,0.18950333881,0.8387597739380974,0.3519756233957746,-0.17176381758364817,0.8753608504136026,,-0.08834420341282298,-0.04034983064454391,0.08425707732,-0.07490262470414771,,-0.00015380606,-1.1205673e-05,2.3007393e-05,0.99999994,0.00015203655,0.00013897568,-0.00015203655,1.0,2.2441149e-05,-0.00013896078,-2.2500753e-05,1.0,53,0.159,0,0,0.0,False,-0.2540989969271239,1.0499012289649627
0.18963900802191347,14:54:29.844507,14:54:21.633248,0,,0.13254279,0.008418083,0.034681424,-0.7125195,-0.1533202,-0.6846961,-0.5474493,-0.48890078,0.6791725,-0.43887925,0.8587601,0.26441628,,0.013801813,-0.045137063,0.0084517,-0.4280196,-0.7136355,0.5545479,-0.7752358,0.60530466,0.180599,-0.46455222,-0.35260552,-0.8123181,,0.10338209,1.3393599,0.44165704,0.9916692,0.021340232,-0.12703107,-0.0695395,-0.74143165,-0.66741544,-0.10842766,0.670689,-0.7337709,,-0.10508243,0.26885688,-0.087561995,0.7163373,0.051105622,0.69588006,-0.6875177,0.22190145,0.69143265,-0.1190807,-0.9737289,0.19409232,,0.018197421,0.38713932,-0.36469936,0.50349766,0.73125947,-0.46016267,-0.7791333,0.1540996,-0.6076221,-0.37341854,0.66446435,0.64733744,,1.2302236241310902,0.608674914214879,0.19827922211000001,0.2652577785079233,-0.11450138680343909,1.3750709935833036,-0.407706789071161,,-0.5895997640155444,-0.32543596331982083,0.18950333881,0.8387597739380974,0.3519756233957746,-0.17176381758364817,0.8753608504136026,,-0.08834420341282298,-0.04034983064454391,0.08425707732,-0.07490262470414771,,-0.00015380606,-1.1205673e-05,2.3007393e-05,0.99999994,0.00015203655,0.00013897568,-0.00015203655,1.0,2.2441149e-05,-0.00013896078,-2.2500753e-05,1.0,64,0.193,0,0,0.0,False,-0.2552905512975445,1.0499012289649627
0.2162271620472893,14:54:29.876442,14:54:21.703879,0,,0.13224652,0.008382112,0.034776226,-0.70590895,-0.1696001,-0.6876978,-0.5412,-0.49720424,0.6781522,-0.456941,0.8508958,0.25919336,,0.013806313,-0.045136794,0.008452475,-0.42807034,-0.7136925,0.5544353,-0.77526665,0.60527515,0.18056515,-0.46445388,-0.35254064,-0.81240237,,0.10338209,1.3393599,0.44165704,0.9916692,0.021340232,-0.12703107,-0.0695395,-0.74143165,-0.66741544,-0.10842766,0.670689,-0.7337709,,-0.10479793,0.26889956,-0.08768563,0.7116707,0.067518905,0.69926107,-0.6952189,0.21075436,0.68720686,-0.10097287,-0.97520447,0.19692811,,0.018192852,0.3871396,-0.3646994,0.50353736,0.73130935,-0.4600399,-0.7790669,0.15414071,-0.6076968,-0.37350348,0.6643999,0.64735454,,1.2322624256098855,0.6071921495030278,0.19813922279,0.25540235116415066,-0.09441582133791936,1.3712710877215764,-0.4070534128066241,,-0.5896306549470414,-0.32543596331982083,0.18950333881,0.8387597739380974,0.3518389868960091,-0.17165239967995177,0.8753608504136026,,-0.08834420341282298,-0.04034983064454391,0.08425707732,-0.07490262470414771,,-0.00015380606,-1.1205673e-05,2.3007393e-05,0.99999994,0.00015203655,0.00013897568,-0.00015203655,1.0,2.2441149e-05,-0.00013896078,-2.2500753e-05,1.0,76,0.229,0,0,0.0,False,-0.2546351963938136,1.0499977893665218
0.2480627680197358,14:54:29.901232,14:54:21.703879,0,,0.13210423,0.0083563775,0.034818098,-0.700676,-0.17682129,-0.6912216,-0.5375141,-0.5062609,0.6743727,-0.46918195,0.84405816,0.25968093,,0.013813086,-0.045133814,0.008454859,-0.42817244,-0.71381384,0.5542003,-0.7753251,0.6052165,0.18051067,-0.4642621,-0.35239577,-0.81257486,,0.10338209,1.3393599,0.44165704,0.9916692,0.021340232,-0.12703107,-0.0695395,-0.74143165,-0.66741544,-0.10842766,0.670689,-0.7337709,,-0.104661435,0.26891133,-0.08774803,0.70772874,0.07479086,0.70251435,-0.7008567,0.19958574,0.6848105,-0.08899427,-0.97702193,0.19367023,,0.018185765,0.38714248,-0.36469805,0.5036179,0.73141444,-0.45978463,-0.778936,0.1542361,-0.60784036,-0.37366784,0.6642621,0.64740115,,1.2332663808835347,0.6062808670238694,0.19806792684000002,0.24806320314219232,-0.08129871736043706,1.3742153185701937,-0.40656338060822095,,-0.5896847140771608,-0.3254205178540724,0.18950204252000002,0.8387597739380974,0.3515657138964783,-0.17142956387255892,0.8753608504136026,,-0.08834420341282298,-0.04034983064454391,0.08425707732,-0.07490262470414771,,-0.00015380606,-1.1205673e-05,2.3007393e-05,0.99999994,0.00015203655,0.00013897568,-0.00015203655,1.0,2.2441149e-05,-0.00013896078,-2.2500753e-05,1.0,84,0.253,0,0,0.0,False,-0.2545756186752919,1.05014262996886
0.27296863205265254,14:54:29.932718,14:54:21.768805,0,,0.1319161,0.008330107,0.034894153,-0.6967594,-0.18914053,-0.6919192,-0.5278079,-0.51802355,0.67310506,-0.48574185,0.8341927,0.2611079,,0.013821848,-0.045125857,0.008457303,-0.42815557,-0.7137915,0.5542421,-0.77529967,0.6052389,0.18054467,-0.46432006,-0.3524026,-0.8125388,,0.10338209,1.3393599,0.44165704,0.9916692,0.021340232,-0.12703107,-0.0695395,-0.74143165,-0.66741544,-0.10842766,0.670689,-0.7337709,,-0.104482345,0.26894662,-0.087840475,0.7058037,0.08724561,0.7030145,-0.70494723,0.18446699,0.68485135,-0.06993269,-0.9789587,0.19170102,,0.018176526,0.3871481,-0.3646927,0.5036072,0.7313924,-0.45983142,-0.77896947,0.15424123,-0.6077962,-0.37361252,0.6642852,0.6474094,,1.2346641955337692,0.6050066160996224,0.19796422364000002,0.24303064449856374,-0.060666605895855555,1.37568725290352,-0.4068900687404897,,-0.5897464959401547,-0.3253896269225755,0.18950204252000002,0.8387597739380974,0.3515657138964783,-0.17142956387255892,0.8753608504136026,,-0.08834420341282298,-0.04034983064454391,0.08425707732,-0.07490262470414771,,-0.00015380606,-1.1205673e-05,2.3007393e-05,0.99999994,0.00015203655,0.00013897568,-0.00015203655,1.0,2.2441149e-05,-0.00013896078,-2.2500753e-05,1.0,95,0.287,0,0,0.0,False,-0.2538011083345184,1.049804668563404
0.3044495090143755,14:54:29.966097,14:54:21.768805,0,,0.13166884,0.008278757,0.034951612,-0.6894227,-0.20628533,-0.6943648,-0.5192881,-0.527562,0.67232287,-0.5050109,0.8240901,0.25659174,,0.013833135,-0.04511863,0.008461773,-0.42813566,-0.71376,0.554298,-0.77527314,0.6052644,0.18057331,-0.4643828,-0.3524225,-0.8124943,,0.10338209,1.3393599,0.44165704,0.9916692,0.021340232,-0.12703107,-0.0695395,-0.74143165,-0.66741544,-0.10842766,0.670689,-0.7337709,,-0.1042442,0.2689519,-0.087942176,0.70064527,0.10464432,0.7057944,-0.7118019,0.1709132,0.6812685,-0.049338706,-0.9797133,0.19423556,,0.018164577,0.38715467,-0.36468896,0.50359404,0.7313627,-0.45989302,-0.77900636,0.1542367,-0.60775006,-0.37355334,0.6643189,0.6474089,,1.2363091376359792,0.6033462285316641,0.19785533528000002,0.23359459704176014,-0.03812158343455788,1.3723321869794742,-0.40721675687275827,,-0.589823723268897,-0.3253664587239528,0.18950074623000002,0.8387597739380974,0.3515657138964783,-0.17142956387255892,0.8753608504136026,,-0.08834420341282298,-0.04034983064454391,0.08425707732,-0.07490262470414771,,-0.00015380606,-1.1205673e-05,2.3007393e-05,0.99999994,0.00015203655,0.00013897568,-0.00015203655,1.0,2.2441149e-05,-0.00013896078,-2.2500753e-05,1.0,103,0.312,0,0,0.0,False,-0.2551118181419816,1.05014262996886
0.33783228404354304,14:54:29.991636,14:54:21.840851,0,,0.13152152,0.00825718,0.03503038,-0.6806318,-0.21922782,-0.6990561,-0.51257956,-0.5392532,0.6681828,-0.52345246,0.8131084,0.2546611,,0.013841614,-0.0451151,0.008464158,-0.42812246,-0.71373606,0.5543391,-0.77525735,0.60528094,0.18058574,-0.4644214,-0.3524427,-0.8124635,,0.10338209,1.3393599,0.44165704,0.9916692,0.021340232,-0.12703107,-0.0695395,-0.74143165,-0.66741544,-0.10842766,0.670689,-0.7337709,,-0.10410568,0.26899174,-0.08802932,0.69386816,0.117819555,0.71039814,-0.7194591,0.15510444,0.6769942,-0.030422758,-0.9808472,0.19238839,,0.018155774,0.38715765,-0.3646871,0.503585,0.73134077,-0.45993787,-0.7790295,0.1542275,-0.60772276,-0.37351736,0.6643452,0.6474027,,1.237475270299987,0.6022109867991531,0.19776459498,0.22269071998056483,-0.0178993814692727,1.3735666238429058,-0.4083601653356981,,-0.5898777823990164,-0.3253587359910786,0.18950074623000002,0.8387597739380974,0.3515657138964783,-0.17142956387255892,0.8753608504136026,,-0.08834420341282298,-0.04034983064454391,0.08425707732,-0.07490262470414771,,-0.00015380606,-1.1205673e-05,2.3007393e-05,0.99999994,0.00015203655,0.00013897568,-0.00015203655,1.0,2.2441149e-05,-0.00013896078,-2.2500753e-05,1.0,115,0.347,0,0,0.0,False,-0.2544564632382502,1.049708108161845
0.3633606760413386,14:54:30.026992,14:54:21.840851,0,,0.13142532,0.00824061,0.035100237,-0.67551327,-0.22826028,-0.70112693,-0.5062673,-0.54773396,0.6660937,-0.53607374,0.8049128,0.25444084,,0.013845064,-0.04511279,0.008465052,-0.42811644,-0.7137268,0.55435574,-0.7752491,0.60528874,0.18059501,-0.46444067,-0.35244814,-0.8124502,,0.10338209,1.3393599,0.44165704,0.9916692,0.021340232,-0.12703107,-0.0695395,-0.74143165,-0.66741544,-0.10842766,0.670689,-0.7337709,,-0.10401694,0.26902837,-0.08810138,0.6902186,0.12704258,0.71236116,-0.7234148,0.14347562,0.67534125,-0.016409367,-0.9814657,0.19093403,,0.018152166,0.38715938,-0.36468565,0.50358105,0.731332,-0.4599562,-0.7790408,0.15422669,-0.60770845,-0.3734991,0.6643551,0.6474031,,1.2386645711626176,0.6010680223337678,0.19765441033000003,0.21388374235421487,0.0013663649976544045,1.3762344159533366,-0.40591000434368385,,-0.5899009505976391,-0.32535101325820437,0.18950074623000002,0.8387597739380974,0.3515657138964783,-0.17142956387255892,0.8753608504136026,,-0.08834420341282298,-0.04034983064454391,0.08425707732,-0.07490262470414771,,-0.00015380606,-1.1205673e-05,2.3007393e-05,0.99999994,0.00015203655,0.00013897568,-0.00015203655,1.0,2.2441149e-05,-0.00013896078,-2.2500753e-05,1.0,123,0.372,0,0,0.0,False,-0.2545756186752919,1.0500943497680806
0.3987065010005608,14:54:30.051988,14:54:21.840851,0,,0.13121083,0.008167967,0.035165206,-0.6684393,-0.23329212,-0.70623195,-0.5049773,-0.55478597,0.66121876,-0.54606473,0.7986158,0.25303352,,0.01384633,-0.04511249,0.008465409,-0.4281146,-0.71372306,0.5543618,-0.7752472,0.60529083,0.18059584,-0.46444553,-0.3524518,-0.81244576,,0.10338209,1.3393599,0.44165704,0.9916692,0.021340232,-0.12703107,-0.0695395,-0.74143165,-0.66741544,-0.10842766,0.670689,-0.7337709,,-0.10381324,0.26902243,-0.0882196,0.68411785,0.13220122,0.71729046,-0.72933286,0.13411193,0.6708856,-0.0075053102,-0.98210835,0.18816707,,0.018150866,0.38715968,-0.36468554,0.50357974,0.73132867,-0.45996282,-0.7790438,0.15422459,-0.6077052,-0.37349465,0.66435915,0.64740145,,1.2394831808472853,0.6003806991079619,0.19757663293000002,0.2075930440496791,0.007105097987802903,1.3765372671466614,-0.40541997214528114,,-0.5899086733305134,-0.32535101325820437,0.18950074623000002,0.8387597739380974,0.3515657138964783,-0.17142956387255892,0.8753608504136026,,-0.08834420341282298,-0.04034983064454391,0.08425707732,-0.07490262470414771,,-0.00015380606,-1.1205673e-05,2.3007393e-05,0.99999994,0.00015203655,0.00013897568,-0.00015203655,1.0,2.2441149e-05,-0.00013896078,-2.2500753e-05,1.0,142,0.43,0,0,0.0,False,-0.2543373078012081,1.0499012289649627
0.42372383299516514,14:54:30.101183,14:54:21.944538,0,,0.1309058,0.008137062,0.035288587,-0.66294736,-0.25284576,-0.70467705,-0.4901172,-0.5649384,0.6637994,-0.565938,0.7854384,0.2506004,,0.013847664,-0.04511009,0.00846535,-0.42816776,-0.713791,0.5542333,-0.77527666,0.6052595,0.18057433,-0.46434724,-0.35236812,-0.81253815,,0.10338209,1.3393599,0.44165704,0.9916692,0.021340232,-0.12703107,-0.0695395,-0.74143165,-0.66741544,-0.10842766,0.670689,-0.7337709,,-0.103522226,0.2690883,-0.08836167,0.68119836,0.15222791,0.71609735,-0.731887,0.1180718,0.6711188,0.017612102,-0.9812674,0.19184394,,0.01814947,0.3871609,-0.3646835,0.5036218,0.7313872,-0.45982367,-0.7789763,0.15428092,-0.6077773,-0.37357852,0.66428167,0.64743257,,1.241599209654823,0.5986044705468901,0.19744311506,0.20235079546256599,0.034295761441125554,1.3713542822603104,-0.40607334840981824,,-0.5899241187962618,-0.3253355677924559,0.18950074623000002,0.8387597739380974,0.35142907739671286,-0.17131814596886252,0.8753608504136026,,-0.08834420341282298,-0.04034983064454391,0.08425707732,-0.07490262470414771,,-0.00015380606,-1.1205673e-05,2.3007393e-05,0.99999994,0.00015203655,0.00013897568,-0.00015203655,1.0,2.2441149e-05,-0.00013896078,-2.2500753e-05,1.0,150,0.455,0,0,0.0,False,-0.2538011083345184,1.05014262996886
0.472917644015979,14:54:30.133561,14:54:21.944538,0,,0.13074213,0.008134782,0.035408303,-0.65366757,-0.26530927,-0.7087522,-0.4796647,-0.5791433,0.6591773,-0.585355,0.77084625,0.25130767,,0.013845108,-0.045106277,0.008466065,-0.42816776,-0.7138,0.55422175,-0.77527094,0.605261,0.18059433,-0.46435702,-0.3523473,-0.81254166,,0.10338209,1.3393599,0.44165704,0.9916692,0.021340232,-0.12703107,-0.0695395,-0.74143165,-0.66741544,-0.10842766,0.670689,-0.7337709,,-0.10336989,0.2691703,-0.08846749,0.674227,0.16509953,0.7198334,-0.7374503,0.09796331,0.66825914,0.039812006,-0.98139966,0.18780221,,0.018151809,0.387164,-0.36468098,0.5036228,0.73139364,-0.45981237,-0.77898073,0.15429947,-0.607767,-0.37356812,0.6642703,0.64745027,,1.242942965174938,0.5974460606157566,0.19734848589,0.19249536811879336,0.057797239400781304,1.3743253414026184,-0.40394987555007233,,-0.5899163960633876,-0.32531239959383323,0.18949944994,0.8387597739380974,0.35142907739671286,-0.17131814596886252,0.8753608504136026,,-0.08834420341282298,-0.04034983064454391,0.08425707732,-0.07490262470414771,,-0.00015380606,-1.1205673e-05,2.3007393e-05,0.99999994,0.00015203655,0.00013897568,-0.00015203655,1.0,2.2441149e-05,-0.00013896078,-2.2500753e-05,1.0,162,0.491,0,0,0.0,False,-0.2537415306159976,1.0499977893665218
0.5052759780082852,14:54:30.164679,14:54:21.944538,0,,0.13055111,0.008104444,0.03549947,-0.6456875,-0.2748622,-0.7124172,-0.47201017,-0.5897139,0.65531975,-0.6002449,0.7594,0.25103313,,0.013849489,-0.045102313,0.008467317,-0.4281593,-0.71374357,0.5543009,-0.77525824,0.60528696,0.18056193,-0.464386,-0.35241714,-0.8124948,,0.10338209,1.3393599,0.44165704,0.9916692,0.021340232,-0.12703107,-0.0695395,-0.74143165,-0.66741544,-0.10842766,0.670689,-0.7337709,,-0.10318945,0.26921284,-0.08857403,0.6680019,0.1750055,0.7232887,-0.74199784,0.082607806,0.6652933,0.056680683,-0.98109585,0.18503587,,0.01814719,0.38716683,-0.36467826,0.5036174,0.73134506,-0.45989552,-0.7789975,0.1542524,-0.6077575,-0.37354046,0.6643347,0.64740014,,1.2442326615649335,0.5962799279517487,0.19725515301000002,0.18389808043592787,0.07596989386958489,1.3760058657193879,-0.4055833162114155,,-0.5899472869948845,-0.3252969541280848,0.18949944994,0.8387597739380974,0.35142907739671286,-0.1713998247090031,0.8755241944797367,,-0.08834420341282298,-0.04034983064454391,0.08425707732,-0.07490262470414771,,-0.00015380606,-1.1205673e-05,2.3007393e-05,0.99999994,0.00015203655,0.00013897568,-0.00015203655,1.0,2.2441149e-05,-0.00013896078,-2.2500753e-05,1.0,170,0.515,0,0,0.0,False,-0.2551118181419816,1.0500943497680806
0.5363544540014118,14:54:30.194230,14:54:21.944538,0,,0.13036089,0.008049145,0.035570964,-0.6386237,-0.28619382,-0.7143197,-0.46560067,-0.5953645,0.65479547,-0.61267906,0.7507557,0.2469619,,0.013851635,-0.045095906,0.008469284,-0.42815143,-0.7137397,0.5543121,-0.77524227,0.6052984,0.18059203,-0.4644199,-0.35240543,-0.8124805,,0.10338209,1.3393599,0.44165704,0.9916692,0.021340232,-0.12703107,-0.0695395,-0.74143165,-0.66741544,-0.10842766,0.670689,-0.7337709,,-0.10300948,0.26922366,-0.08868289,0.66240656,0.18671134,0.7255042,-0.7457896,0.07280365,0.66219145,0.0708193,-0.9797135,0.187473,,0.01814462,0.38717195,-0.36467418,0.5036131,0.73133945,-0.4599092,-0.77901614,0.15426803,-0.6077296,-0.37350735,0.6643373,0.6474166,,1.2453756260303186,0.5950983498219923,0.19716052384000002,0.17634924247048497,0.09140981834307967,1.3724819827572947,-0.40672672467435556,,-0.5899704551935072,-0.3252660631965879,0.18949815365000003,0.8387597739380974,0.35142907739671286,-0.1713998247090031,0.8755241944797367,,-0.08834420341282298,-0.04034983064454391,0.08425707732,-0.07490262470414771,,-0.00015380606,-1.1205673e-05,2.3007393e-05,0.99999994,0.00015203655,0.00013897568,-0.00015203655,1.0,2.2441149e-05,-0.00013896078,-2.2500753e-05,1.0,189,0.574,0,0,0.0,False,-0.254694774112334,1.050046069567301
0.5659678160445765,14:54:30.253817,14:54:22.078000,0,,0.12986124,0.007846445,0.035709694,-0.6121806,-0.2961948,-0.73314625,-0.46834016,-0.6112319,0.63800704,-0.6370967,0.73393744,0.23546444,,0.013851717,-0.04509382,0.008468926,-0.42820638,-0.7138113,0.55417734,-0.7752737,0.60526484,0.1805698,-0.4643168,-0.35231805,-0.8125773,,0.10338209,1.3393599,0.44165704,0.9916692,0.021340232,-0.12703107,-0.0695395,-0.74143165,-0.66741544,-0.10842766,0.670689,-0.7337709,,-0.10253572,0.2691766,-0.088971555,0.6380635,0.19723378,0.74429417,-0.7647596,0.049922824,0.64237875,0.089541525,-0.97908455,0.18269037,,0.018144524,0.38717285,-0.36467227,0.50365645,0.73140126,-0.4597634,-0.77894574,0.15432645,-0.60780495,-0.37359565,0.6642557,0.6474494,,1.2478160096185735,0.5925344025077497,0.19689996955000003,0.1436376112868992,0.11272511230648836,1.3747853661545284,-0.4059100043436843,,-0.5899704551935072,-0.32525061773083946,0.18949815365000003,0.8387597739380974,0.3512924408969474,-0.1712884068053066,0.8755241944797367,,-0.08834420341282298,-0.04034983064454391,0.08425707732,-0.07490262470414771,,-0.00015380606,-1.1205673e-05,2.3007393e-05,0.99999994,0.00015203655,0.00013897568,-0.00015203655,1.0,2.2441149e-05,-0.00013896078,-2.2500753e-05,1.0,197,0.597,0,0,0.0,False,-0.2537415306159976,1.0495632675595068
0.6255191609961912,14:54:30.275301,14:54:22.078000,0,,0.12967253,0.0077591687,0.03575717,-0.61056477,-0.2993339,-0.73321885,-0.46603614,-0.6127559,0.6382323,-0.64032876,0.7313887,0.23462678,,0.013851069,-0.04509245,0.008470118,-0.42820576,-0.713813,0.55417556,-0.77527106,0.6052661,0.18057671,-0.4643216,-0.35231236,-0.812577,,0.10338209,1.3393599,0.44165704,0.9916692,0.021340232,-0.12703107,-0.0695395,-0.74143165,-0.66741544,-0.10842766,0.670689,-0.7337709,,-0.10235697,0.26914763,-0.089084186,0.6368636,0.20049219,0.7444513,-0.7652708,0.04713332,0.6419806,0.09362363,-0.97856086,0.18344831,,0.018144986,0.3871747,-0.3646719,0.5036563,0.7314023,-0.45976186,-0.7789482,0.15433194,-0.6078004,-0.3735907,0.66425323,0.64745474,,1.2487272920977321,0.5916617336929624,0.19679626635000003,0.14175040179553847,0.11778066279780966,1.3732766234022589,-0.40591000434368385,,-0.5899781779263814,-0.3252428949979652,0.18949685736000002,0.8387597739380974,0.3512924408969474,-0.1712884068053066,0.8755241944797367,,-0.08834420341282298,-0.04034983064454391,0.08425707732,-0.07490262470414771,,-0.00015380606,-1.1205673e-05,2.3007393e-05,0.99999994,0.00015203655,0.00013897568,-0.00015203655,1.0,2.2441149e-05,-0.00013896078,-2.2500753e-05,1.0,205,0.622,0,0,0.0,False,-0.25386068605304013,1.05014262996886
0.6470380650134757,14:54:30.305415,14:54:22.078000,0,,0.12940851,0.0076889396,0.035839304,-0.6049043,-0.3091886,-0.7338209,-0.45786688,-0.618914,0.63820314,-0.6514972,0.7220441,0.23281653,,0.0138561055,-0.04509121,0.008471489,-0.42819855,-0.7137983,0.5542001,-0.77526355,0.6052748,0.18057984,-0.4643409,-0.3523271,-0.8125596,,0.10338209,1.3393599,0.44165704,0.9916692,0.021340232,-0.12703107,-0.0695395,-0.74143165,-0.66741544,-0.10842766,0.670689,-0.7337709,,-0.102105334,0.26915592,-0.08921835,0.6326523,0.21076135,0.74520516,-0.76688564,0.0364562,0.64074755,0.10787746,-0.9768575,0.18469395,,0.01813979,0.38717595,-0.36467144,0.5036512,0.73138916,-0.45978838,-0.77896,0.15432355,-0.60778743,-0.37357295,0.6642696,0.6474481,,1.2502177795424574,0.5902407508441051,0.19668478541,0.13629846326494083,0.13363049677060077,1.370561989091044,-0.40672672467435533,,-0.5900090688578783,-0.3252428949979652,0.18949685736000002,0.8387597739380974,0.3512924408969474,-0.17128840680530666,0.8758508826120054,,-0.08834420341282298,-0.04034983064454391,0.08425707732,-0.07490262470414771,,-0.00015380606,-1.1205673e-05,2.3007393e-05,0.99999994,0.00015203655,0.00013897568,-0.00015203655,1.0,2.2441149e-05,-0.00013896078,-2.2500753e-05,1.0,213,0.646,0,0,0.0,False,-0.2532649088678296,1.0499977893665218
0.677143901004456,14:54:30.330533,14:54:22.078000,0,,0.12915885,0.0075962692,0.03593844,-0.5984636,-0.3120012,-0.7379,-0.45209926,-0.6288613,0.6325659,-0.66139805,0.7121719,0.23529506,,0.013906054,-0.045088872,0.008484185,-0.42817184,-0.71381676,0.5541971,-0.775274,0.60525423,0.18060392,-0.4643482,-0.3523251,-0.8125564,,0.10338993,1.3393606,0.4416539,0.9916674,0.021321228,-0.12704818,-0.069564916,-0.7414322,-0.6674122,-0.10842766,0.670689,-0.7337709,,-0.10187525,0.26916307,-0.089378454,0.62740964,0.21384473,0.7487506,-0.769441,0.022497868,0.6383215,0.11965641,-0.9766086,0.1786563,,0.018081596,0.38718298,-0.36467698,0.50360477,0.7314221,-0.45978677,-0.7789855,0.1543033,-0.6077599,-0.37358245,0.66423804,0.6474751,,1.2517777715830507,0.58889699532399,0.19653700835000001,0.12937869512995154,0.1468842372478485,1.3751100555789169,-0.40541997214528114,,-0.5900167915907525,-0.3252274495322168,0.18949685736000002,0.8387597739380974,0.3512924408969474,-0.17128840680530666,0.8758508826120054,,-0.08834420341282298,-0.04034983064454391,0.08425707732,-0.07490262470414771,,-0.0001457408,-1.3709068e-05,2.3841858e-05,1.0,0.00013322383,0.00012179464,-0.00013323128,1.0,1.9699335e-05,-0.00012177974,-1.9729137e-05,1.0,225,0.683,0,0,0.0,False,-0.2546351963938136,1.05014262996886
0.7022663200041279,14:54:30.363139,14:54:22.189036,0,,0.12882268,0.0074698627,0.036032677,-0.59319884,-0.31203446,-0.7421251,-0.45246175,-0.63324356,0.6279179,-0.6658779,0.7082634,0.23445562,,0.013905078,-0.045084774,0.008483946,-0.42816997,-0.7137768,0.55424994,-0.77526623,0.60527265,0.18057531,-0.46436274,-0.35237437,-0.8125267,,0.10338993,1.3393606,0.4416539,0.9916674,0.021321228,-0.12704818,-0.069564916,-0.7414322,-0.6674122,-0.10842766,0.670689,-0.7337709,,-0.101556025,0.26913938,-0.08956662,0.6225401,0.21397266,0.7527679,-0.7728252,0.016627857,0.6344011,0.12322757,-0.9766981,0.17571497,,0.01808246,0.38718534,-0.36467358,0.5036044,0.73138773,-0.45984185,-0.77899283,0.1542701,-0.60775894,-0.37356758,0.6642836,0.6474369,,1.2534227136852607,0.5876459125983656,0.19636330549000003,0.12224923705147771,0.15180315123940433,1.3766531653754042,-0.40443990774847527,,-0.5900167915907525,-0.3252042813335941,0.18949685736000002,0.8387597739380974,0.3512924408969474,-0.1713700855454472,0.8756875385458711,,-0.08834420341282298,-0.04034983064454391,0.08425707732,-0.07490262470414771,,-0.0001457408,-1.3709068e-05,2.3841858e-05,1.0,0.00013322383,0.00012179464,-0.00013323128,1.0,1.9699335e-05,-0.00012177974,-1.9729137e-05,1.0,236,0.717,0,0,0.0,False,-0.25260955396409823,1.0501909101696396
0.7348368350067176,14:54:30.394598,14:54:22.189036,0,,0.1285254,0.0073877275,0.036125183,-0.5881675,-0.31922054,-0.7430728,-0.44987538,-0.6343872,0.62862146,-0.6720647,0.704025,0.2295164,,0.013903536,-0.045075893,0.00848496,-0.4284798,-0.7134979,0.55436975,-0.7750255,0.60562277,0.18043503,-0.4644789,-0.35233793,-0.81247604,,0.10338993,1.3393606,0.4416539,0.9916674,0.021321228,-0.12704818,-0.069564916,-0.7414322,-0.6674122,-0.10842766,0.670689,-0.7337709,,-0.10127289,0.26914647,-0.08971976,0.6182141,0.22142382,0.7541769,-0.77518296,0.013049098,0.631602,0.1300104,-0.9750904,0.17971112,,0.0180836,0.38719153,-0.3646671,0.50391823,0.73109573,-0.4599624,-0.77890927,0.15447335,-0.6078144,-0.3733186,0.66455775,0.6472992,,1.2549981511916024,0.5864875026672319,0.19622849133000003,0.11616822869042649,0.15986470472556533,1.371059653939002,-0.4064000365420868,,-0.5900167915907525,-0.32515022220347456,0.18949556107,0.8391791538250665,0.3512924408969474,-0.17145176428558778,0.8755241944797368,,-0.08834420341282298,-0.04034983064454391,0.08425707732,-0.07490262470414771,,-0.0001457408,-1.3709068e-05,2.3841858e-05,1.0,0.00013322383,0.00012179464,-0.00013323128,1.0,1.9699335e-05,-0.00012177974,-1.9729137e-05,1.0,248,0.753,0,0,0.0,False,-0.2545756186752919,1.050335750771978
0.7663322980515659,14:54:30.431255,14:54:22.255334,0,,0.1281726,0.0072529316,0.036296993,-0.5781552,-0.32332823,-0.7491298,-0.44688898,-0.64269173,0.6222842,-0.6826614,0.69455475,0.22708367,,0.01390139,-0.045068696,0.008484483,-0.4283197,-0.7136299,0.5543236,-0.7751241,0.6054654,0.18053955,-0.4644621,-0.3523409,-0.8124844,,0.10338993,1.3393606,0.4416539,0.9916674,0.021321228,-0.12704818,-0.069564916,-0.7414322,-0.6674122,-0.10842766,0.670689,-0.7337709,,-0.10094431,0.26916924,-0.089972086,0.60933715,0.22586796,0.7600604,-0.78031033,0.00060311717,0.6253922,0.14079764,-0.97415775,0.17661461,,0.018085565,0.38719562,-0.36466107,0.50376034,0.731232,-0.4599188,-0.7789719,0.1543935,-0.6077544,-0.373401,0.6644264,0.6473865,,1.2568516070814162,0.5850510743526262,0.19600293687000003,0.10442559185529314,0.17216198970445498,1.372222030005581,-0.40721675687275827,,-0.5900167915907525,-0.3251116085391034,0.18949556107,0.838969463881582,0.3512924408969474,-0.17145176428558773,0.8751975063474682,,-0.08834420341282298,-0.04034983064454391,0.08425707732,-0.07490262470414771,,-0.0001457408,-1.3709068e-05,2.3841858e-05,1.0,0.00013322383,0.00012179464,-0.00013323128,1.0,1.9699335e-05,-0.00012177974,-1.9729137e-05,1.0,256,0.778,0,0,0.0,False,-0.2537415306159976,1.0499977893665218
0.802943137998227,14:54:30.457783,14:54:22.255334,0,,0.12797931,0.0071712434,0.03642291,-0.5732673,-0.32740802,-0.7511115,-0.44141725,-0.648891,0.619751,-0.69030094,0.6868366,0.22746438,,0.013898715,-0.045062438,0.00848341,-0.42821753,-0.7138336,0.5541402,-0.775261,0.6052699,0.18060705,-0.4643277,-0.35226417,-0.81259453,,0.10338993,1.3393606,0.4416539,0.9916674,0.021321228,-0.12704818,-0.069564916,-0.7414322,-0.6674122,-0.10842766,0.670689,-0.7337709,,-0.10076746,0.2691974,-0.0901389,0.6054396,0.23024967,0.7618582,-0.78151834,-0.0091079315,0.62381583,0.15057234,-0.973089,0.17443003,,0.018088156,0.38719875,-0.3646555,0.5036473,0.7314311,-0.4597259,-0.77895623,0.1543632,-0.6077822,-0.37358603,0.6642142,0.6474975,,1.257940512416682,0.584147514606342,0.19585775239000003,0.09960272315514906,0.18295627318592475,1.3732214644304312,-0.40525662807914675,,-0.5900167915907525,-0.3250729948747323,0.18949556107,0.8387597739380974,0.35115580439718197,-0.17134034638189133,0.8751975063474682,,-0.08834420341282298,-0.04034983064454391,0.08425707732,-0.07490262470414771,,-0.0001457408,-1.3709068e-05,2.3841858e-05,1.0,0.00013322383,0.00012179464,-0.00013323128,1.0,1.9699335e-05,-0.00012177974,-1.9729137e-05,1.0,264,0.802,0,0,0.0,False,-0.25451604095677105,1.049804668563404
0.8294973510201089,14:54:30.491627,14:54:22.328380,0,,0.12782481,0.007100433,0.03651294,-0.5671822,-0.3349344,-0.75241166,-0.43402866,-0.65486115,0.61868894,-0.69994533,0.6774776,0.22605437,,0.013899401,-0.045058668,0.008484542,-0.42827007,-0.71385795,0.5540681,-0.7752879,0.60525453,0.18054304,-0.4642343,-0.35224113,-0.81265783,,0.10338993,1.3393606,0.4416539,0.9916674,0.021321228,-0.12704818,-0.069564916,-0.7414322,-0.6674122,-0.10842766,0.670689,-0.7337709,,-0.1006255,0.26920867,-0.090268165,0.600631,0.23821436,0.76321447,-0.78268725,-0.019697238,0.62210345,0.16322719,-0.97101283,0.17461656,,0.018087223,0.38720182,-0.3646531,0.5036893,0.7314531,-0.4596449,-0.77889127,0.15437537,-0.60786235,-0.37366495,0.66418713,0.64747965,,1.2587822902999724,0.5831281138669443,0.19575534548,0.09415078462455143,0.19675655966223426,1.3718513837141009,-0.4057466602775497,,-0.590032237056501,-0.3250498266761096,0.18949426478000003,0.8387597739380974,0.3510191678974165,-0.17131060721833546,0.8753608504136026,,-0.08834420341282298,-0.04034983064454391,0.08425707732,-0.07490262470414771,,-0.0001457408,-1.3709068e-05,2.3841858e-05,1.0,0.00013322383,0.00012179464,-0.00013323128,1.0,1.9699335e-05,-0.00012177974,-1.9729137e-05,1.0,283,0.86,0,0,0.0,False,-0.2552905512975445,1.0502391903704191
0.8633615809958428,14:54:30.531830,14:54:22.328380,0,,0.12768796,0.0070392042,0.03661552,-0.55326843,-0.34563193,-0.75791335,-0.4245173,-0.66584784,0.61354023,-0.716714,0.6611998,0.22166573,,0.01391194,-0.0450498,0.008488059,-0.4282478,-0.7138246,0.55412835,-0.7752569,0.60528344,0.1805794,-0.4643067,-0.35225907,-0.81260866,,0.10338993,1.3393606,0.4416539,0.9916674,0.021321228,-0.12704818,-0.069564916,-0.7414322,-0.6674122,-0.10842766,0.670689,-0.7337709,,-0.10050165,0.26923516,-0.090398364,0.58876926,0.24965338,0.7687808,-0.7872379,-0.0386016,0.61544,0.18332285,-0.96756554,0.17380917,,0.018074088,0.3872084,-0.36464742,0.50367475,0.73142123,-0.4597116,-0.7789336,0.15437421,-0.6078084,-0.37359637,0.66422254,0.64748293,,1.2595082271901494,0.5818615856755714,0.19566719776000002,0.08073062824154187,0.21820849012540838,1.3710212358224374,-0.4047665958807438,,-0.5901171871181174,-0.3250189357446127,0.18949426478000003,0.8387597739380974,0.3510191678974165,-0.17131060721833546,0.8753608504136026,,-0.08834420341282298,-0.04034983064454391,0.08425707732,-0.07490262470414771,,-0.0001457408,-1.3709068e-05,2.3841858e-05,1.0,0.00013322383,0.00012179464,-0.00013323128,1.0,1.9699335e-05,-0.00012177974,-1.9729137e-05,1.0,291,0.884,0,0,0.0,False,-0.2538011083345184,1.0500943497680806
0.9035295460489579,14:54:30.561887,14:54:22.395485,0,,0.12752935,0.006942272,0.036678135,-0.5388378,-0.3542036,-0.7643255,-0.41521695,-0.6777699,0.6068136,-0.73297244,0.6443351,0.2181367,,0.013922289,-0.04504426,0.008492291,-0.4282303,-0.7137498,0.5542382,-0.7752347,0.6053203,0.1805509,-0.4643597,-0.35234737,-0.81254005,,0.10338993,1.3393606,0.4416539,0.9916674,0.021321228,-0.12704818,-0.069564916,-0.7414322,-0.6674122,-0.10842766,0.670689,-0.7337709,,-0.100354664,0.26920873,-0.09052555,0.5763376,0.25897667,0.775091,-0.79160863,-0.058629394,0.6082092,0.20295511,-0.9641025,0.17121784,,0.01806315,0.38721386,-0.36464494,0.50366294,0.73135626,-0.45982787,-0.77896506,0.15431665,-0.60778266,-0.37354654,0.6643075,0.6474245,,1.260141491285836,0.5803015936349781,0.19558682778000003,0.06689109197156327,0.23952378408881708,1.3720177593774219,-0.4032964992855357,,-0.5901866917139855,-0.32500349027886427,0.18949296849000002,0.8387597739380974,0.3510191678974165,-0.171392285958476,0.8755241944797367,,-0.08834420341282298,-0.04034983064454391,0.08425707732,-0.07490262470414771,,-0.0001457408,-1.3709068e-05,2.3841858e-05,1.0,0.00013322383,0.00012179464,-0.00013323128,1.0,1.9699335e-05,-0.00012177974,-1.9729137e-05,1.0,299,0.909,0,0,0.0,False,-0.25350321974191337,1.0502391903704191
0.9336247520404868,14:54:30.587859,14:54:22.395485,0,,0.12740648,0.0068778545,0.036681235,-0.5315874,-0.3571831,-0.7680072,-0.41100773,-0.68404776,0.6026203,-0.7405994,0.6360023,0.21682605,,0.013938718,-0.04503946,0.008495867,-0.42847693,-0.7137222,0.5540831,-0.77516854,0.60544044,0.18043226,-0.4642427,-0.3521968,-0.8126722,,0.10338993,1.3393606,0.4416539,0.9916674,0.021321228,-0.12704818,-0.069564916,-0.7414322,-0.6674122,-0.10842766,0.670689,-0.7337709,,-0.1002363,0.2691655,-0.09058362,0.5700188,0.26231268,0.7786338,-0.79378074,-0.06883262,0.60429645,0.21211003,-0.9625249,0.16898288,,0.018046273,0.3872177,-0.36464247,0.5038919,0.7313074,-0.45965472,-0.7788045,0.15450473,-0.6079407,-0.37357268,0.66431755,0.6473992,,1.2605816870596667,0.5792821928955805,0.19555442053000002,0.059761633893089444,0.24977152157122512,1.3733811866769172,-0.4081968212695639,,-0.5902948099742247,-0.32498804481311583,0.18949296849000002,0.838969463881582,0.35074589489788566,-0.17116945015108326,0.8758508826120054,,-0.08834420341282298,-0.04034983064454391,0.08425707732,-0.07490262470414771,,-0.0001457408,-1.3709068e-05,2.3841858e-05,1.0,0.00013322383,0.00012179464,-0.00013323128,1.0,1.9699335e-05,-0.00012177974,-1.9729137e-05,1.0,311,0.945,0,0,0.0,False,-0.2539202637715605,1.049708108161845
0.9595933899981901,14:54:30.625181,14:54:22.395485,0,,0.12711301,0.006756142,0.03666362,-0.5143769,-0.36654884,-0.7752795,-0.40295753,-0.69471866,0.59581137,-0.75699514,0.61887634,0.20964354,,0.013955288,-0.045034394,0.008500397,-0.4281374,-0.7139167,0.55409485,-0.7753649,0.60514414,0.18058243,-0.464228,-0.35231167,-0.8126308,,0.10338993,1.3393606,0.4416539,0.9916674,0.021321228,-0.12704818,-0.069564916,-0.7414322,-0.6674122,-0.10842766,0.670689,-0.7337709,,-0.0999496,0.269069,-0.09068235,0.55476445,0.2725179,0.78611094,-0.799215,-0.08810015,0.5945534,0.23128293,-0.9581087,0.16892557,,0.018029137,0.38722244,-0.3646403,0.50355923,0.73152316,-0.4596759,-0.7789466,0.15426068,-0.6078206,-0.37372494,0.66413665,0.6474969,,1.2616242559976871,0.5770117094305585,0.19551423554000003,0.04235736858387392,0.2713600885341647,1.3711327610393085,-0.40607334840981824,,-0.5904029282344637,-0.32498804481311583,0.18949296849000002,0.8385500839946128,0.35074589489788566,-0.17116945015108326,0.8758508826120054,,-0.08834420341282298,-0.04034983064454391,0.08425707732,-0.07490262470414771,,-0.0001457408,-1.3709068e-05,2.3841858e-05,1.0,0.00013322383,0.00012179464,-0.00013323128,1.0,1.9699335e-05,-0.00012177974,-1.9729137e-05,1.0,343,1.044,0,0,0.0,False,-0.25427773008268684,1.0496115477602863
0.9968921330291778,14:54:30.718515,14:54:22.533319,0,,0.12622124,0.0065211356,0.0365884,-0.47158805,-0.3773043,-0.7970233,-0.38754326,-0.72319776,0.57166004,-0.7920952,0.57846916,0.19482964,,0.013988078,-0.045022905,0.008509457,-0.42793036,-0.7138986,0.5542782,-0.7754201,0.60505694,0.1806376,-0.46432665,-0.35249817,-0.81249356,,0.10338993,1.3393606,0.4416539,0.9916674,0.021321228,-0.12704818,-0.069564916,-0.7414322,-0.6674122,-0.10842766,0.670689,-0.7337709,,-0.09906909,0.26886052,-0.09087572,0.5160938,0.28513074,0.8076804,-0.8122951,-0.13619438,0.5671224,0.27170557,-0.9487632,0.16132122,,0.01799517,0.3872327,-0.36463484,0.50336707,0.7315299,-0.45987567,-0.7790815,0.15405796,-0.60769904,-0.37370247,0.66417634,0.64746916,,1.2649990902637231,0.5714127280967457,0.19547145797,-0.0027259692652988167,0.31767986195464903,1.3723228507332697,-0.40591000434368385,,-0.5906114420220678,-0.3249725993473674,0.18949296849000002,0.8383403940511285,0.35074589489788566,-0.1712511288912238,0.8756875385458711,,-0.08834420341282298,-0.04034983064454391,0.08425707732,-0.07490262470414771,,-0.0001457408,-1.3709068e-05,2.3841858e-05,1.0,0.00013322383,0.00012179464,-0.00013323128,1.0,1.9699335e-05,-0.00012177974,-1.9729137e-05,1.0,351,1.068,0,0,0.0,False,-0.2540989969271239,1.0496115477602863
