Task Time,PC1 Time,PC2 Time,Gaze Calib,s_T_psm1,Tx,Ty,Tz,R00,R01,R02,R10,R11,R12,R20,R21,R22,s_T_psm3,Tx,Ty,Tz,R00,R01,R02,R10,R11,R12,R20,R21,R22,cart_T_ecm,Tx,Ty,Tz,R00,R01,R02,R10,R11,R12,R20,R21,R22,ecm_T_psm1,Tx,Ty,Tz,R00,R01,R02,R10,R11,R12,R20,R21,R22,ecm_T_psm3,Tx,Ty,Tz,R00,R01,R02,R10,R11,R12,R20,R21,R22,psm1_joints,q1,q2,q3,q4,q5,q6,jaw,psm3_joints,q1,q2,q3,q4,q5,q6,jaw,ecm_joints,q1,q2,q3,q4,ecmi_T_ecm,Tx,Ty,Tz,R00,R01,R02,R10,R11,R12,R20,R21,R22,Sample #,Task Duration (s),Collisions (binary),Collisions (increments),Cumulative Collision Time (s),Clutch Press,MTMR Angle,MTML Angle
""
lci_T_si,,,,,-0.060823515,0.029859815,0.22619304,0.990712,-0.051887166,0.12568814,0.04697213,-0.7368394,-0.67443407,0.12760644,0.67407376,-0.7275584
rci_T_si,,,,,-0.07009534,0.034067318,0.23510589,0.98514,-0.06991788,0.15687762,0.057551738,-0.7262056,-0.68506444,0.16182366,0.68391293,-0.7113903
ecm_T_lc,,,,,-4.4061628e-05,-0.00034663224,-0.01840835,-0.99912,0.030754527,0.028518902,-0.031987965,-0.99852574,-0.043852776,0.027128186,-0.04472645,0.9986309
ecm_T_rc,,,,,-0.0043358393,0.01870579,-0.007592615,-0.99555075,-0.052743673,-0.078081585,0.04863213,-0.9973746,0.053654674,-0.08070653,0.04961868,0.9955021
cart_T_ecmi,,,,,0.10353776,1.3393562,0.4416647,0.9916547,0.021186605,-0.12716936,-0.069744974,-0.74143606,-0.6673891,-0.10842766,0.670689,-0.7337709
ecmac_T_ecmrep_psm1,,,,,0.008075713,-0.26004106,-0.30289736,0.99667877,0.061445758,0.053440064,-0.058828812,0.9970531,-0.049237434,-0.056308012,0.04593009,0.9973564
ecmac_T_ecmrep_psm3,,,,,-0.012692571,-0.457308,-0.5458498,0.99509805,-0.029463936,0.094401784,0.014504567,0.9877462,0.15539348,-0.09782351,-0.1532625,0.9833317
""
0,14:52:16.532717,14:52:08.334404,0,,0.14005393,0.015881866,0.031659618,-0.20084538,-0.9556723,-0.21529356,-0.65630263,-0.03189169,0.7538234,-0.72727436,0.29269972,-0.620805,,0.030826844,-0.039980497,0.019712508,-0.4477796,-0.5433499,0.71011555,-0.51663667,0.80541885,0.29049483,-0.7297808,-0.23679408,-0.6413647,,0.10343308,1.339359,0.4416547,0.99166346,0.02127953,-0.12708572,-0.06962069,-0.7414334,-0.66740507,-0.10842766,0.670689,-0.7337709,,-0.11191725,0.27219507,-0.079556026,0.22622336,0.92351985,0.30973226,-0.9715036,0.19082446,0.14059442,0.07073725,-0.33271176,0.9403718,,-0.00023477823,0.39725628,-0.36637554,0.5463781,0.54248345,-0.6381087,-0.8374834,0.3451214,-0.42368948,-0.009619557,0.7659001,0.64288765,,1.2058429564471633,0.6329242954399439,0.2063175164,-0.29587251025666383,0.05820714890007763,0.3643601808140393,-0.4024797789548641,,-0.6962584277414591,-0.32053202794468827,0.18495336091000003,1.1063241418243506,0.5453162705638728,-0.0638825671171167,0.873890753818394,,-0.08834420341282298,-0.04034983064454391,0.08425707732,-0.07490262470414771,,-0.000102926046,-1.0967255e-05,1.8715858e-05,0.99999994,9.1962516e-05,8.407235e-05,-9.1962516e-05,1.0,1.3589859e-05,-8.405e-05,-1.3619661e-05,1.0,36,0.107,0,0,0.0,False,-0.2499285566306515,1.0483079823392407
0.12179786298656836,14:52:16.562472,14:52:08.334404,0,,0.13996938,0.015795872,0.031748578,-0.20332044,-0.9550928,-0.21554196,-0.6557532,-0.030642807,0.7543531,-0.72708213,0.2947178,-0.620075,,0.03083099,-0.039980512,0.019714117,-0.44787237,-0.54318285,0.7101848,-0.51648825,0.80554765,0.29040158,-0.7298289,-0.23673937,-0.6413301,,0.10343308,1.339359,0.4416547,0.99166346,0.02127953,-0.12708572,-0.06962069,-0.7414334,-0.66740507,-0.10842766,0.670689,-0.7337709,,-0.11184562,0.2721932,-0.07968765,0.22869919,0.9228382,0.3099456,-0.97092533,0.19309779,0.14148228,0.07071544,-0.33329093,0.9401683,,-0.00023908277,0.3972571,-0.3663763,0.54647124,0.5423072,-0.6381787,-0.8374243,0.345222,-0.42372444,-0.009475486,0.7659796,0.6427951,,1.2062136476251262,0.6327466725838368,0.20618399853000002,-0.2935659208783341,0.05820714890007763,0.36460521703446097,-0.40264312302099825,,-0.6962815959400818,-0.32053202794468827,0.18495336091000003,1.106533831767835,0.5453162705638728,-0.0638825671171167,0.873890753818394,,-0.08834420341282298,-0.04034983064454391,0.08425707732,-0.07490262470414771,,-0.000102926046,-1.0967255e-05,1.8715858e-05,0.99999994,9.1962516e-05,8.407235e-05,-9.1962516e-05,1.0,1.3589859e-05,-8.405e-05,-1.3619661e-05,1.0,43,0.129,0,0,0.0,False,-0.2499285566306515,1.0479700209337843
0.15154011599952355,14:52:16.592774,14:52:08.407528,0,,0.13984945,0.015694395,0.031845406,-0.20531438,-0.954388,-0.21677025,-0.65546674,-0.030386806,0.75461245,-0.72678,0.2970185,-0.6193308,,0.030832622,-0.03998026,0.019713402,-0.4478682,-0.5431215,0.71023434,-0.5164857,0.8055729,0.2903359,-0.72983325,-0.23679373,-0.6413051,,0.10343308,1.339359,0.4416547,0.99166346,0.02127953,-0.12708572,-0.06962069,-0.7414334,-0.66740507,-0.10842766,0.670689,-0.7337709,,-0.11174036,0.27218583,-0.07983904,0.23067237,0.92195237,0.31111744,-0.9704752,0.19482753,0.14219745,0.070485026,-0.3347328,0.93967324,,-0.00024062564,0.3972565,-0.3663756,0.54646754,0.542252,-0.6382288,-0.8374267,0.34518632,-0.42374858,-0.009470688,0.76603466,0.64272946,,1.2067465161934476,0.6324686542003647,0.20602974002000002,-0.2918884013304579,0.05807051240031219,0.3656151010797035,-0.40215309082259554,,-0.6962893186729561,-0.32053202794468827,0.1849546572,1.106533831767835,0.5453162705638728,-0.06396424585725724,0.8740540978845283,,-0.08834420341282298,-0.04034983064454391,0.08425707732,-0.07490262470414771,,-0.000102926046,-1.0967255e-05,1.8715858e-05,0.99999994,9.1962516e-05,8.407235e-05,-9.1962516e-05,1.0,1.3589859e-05,-8.405e-05,-1.3619661e-05,1.0,55,0.166,0,0,0.0,False,-0.24957109031952562,1.0482597021384612
0.18185089697362855,14:52:16.616359,14:52:08.407528,0,,0.13971871,0.015592217,0.031941548,-0.20673528,-0.9538614,-0.21773551,-0.6553346,-0.030246928,0.75473285,-0.72649634,0.29871956,-0.61884534,,0.030831158,-0.039979156,0.019712806,-0.44787213,-0.54318535,0.710183,-0.51648426,0.8055479,0.29040802,-0.7298318,-0.23673281,-0.64132917,,0.10343308,1.339359,0.4416547,0.99166346,0.02127953,-0.12708572,-0.06962069,-0.7414334,-0.66740507,-0.10842766,0.670689,-0.7337709,,-0.111624286,0.27217767,-0.0799915,0.23206854,0.9212892,0.3120423,-0.9701613,0.19606988,0.14263086,0.07022217,-0.33583152,0.93930084,,-0.00023914473,0.39725688,-0.36637446,0.54647124,0.54230887,-0.6381773,-0.8374243,0.34522766,-0.4237197,-0.009470508,0.76597583,0.6427996,,1.2073334438918888,0.6321597448853957,0.20587418522000003,-0.2908399516130353,0.05793387590054675,0.3662165914242434,-0.40280646708713264,,-0.6962815959400818,-0.3205243052118141,0.1849546572,1.106533831767835,0.5453162705638728,-0.0638825671171167,0.873890753818394,,-0.08834420341282298,-0.04034983064454391,0.08425707732,-0.07490262470414771,,-0.000102926046,-1.0967255e-05,1.8715858e-05,0.99999994,9.1962516e-05,8.407235e-05,-9.1962516e-05,1.0,1.3589859e-05,-8.405e-05,-1.3619661e-05,1.0,63,0.189,0,0,0.0,False,-0.25052433381586203,1.0480665813353434
0.2053241379908286,14:52:16.645946,14:52:08.477735,0,,0.13962351,0.015508473,0.032021984,-0.20761973,-0.95360625,-0.21801157,-0.65520203,-0.029923767,0.75486076,-0.72636366,0.2995656,-0.6185921,,0.030831605,-0.039979126,0.019711673,-0.44787213,-0.54318535,0.710183,-0.51648426,0.8055479,0.29040802,-0.7298318,-0.23673281,-0.64132917,,0.10343308,1.339359,0.4416547,0.99166346,0.02127953,-0.12708572,-0.06962069,-0.7414334,-0.66740507,-0.10842766,0.670689,-0.7337709,,-0.1115412,0.27217188,-0.08011641,0.23294419,0.92098016,0.31230208,-0.96995854,0.19687495,0.14290102,0.070124544,-0.33620802,0.9391734,,-0.00023944477,0.39725587,-0.36637372,0.54647124,0.54230887,-0.6381773,-0.8374243,0.34522766,-0.4237197,-0.009470508,0.76597583,0.6427996,,1.2079589852547008,0.6318199446389298,0.20568233430000002,-0.28895274212167454,0.05793387590054675,0.3662165914242434,-0.40280646708713264,,-0.6962815959400818,-0.3205243052118141,0.18495595349000002,1.106533831767835,0.5453162705638728,-0.0638825671171167,0.873890753818394,,-0.08834420341282298,-0.04034983064454391,0.08425707732,-0.07490262470414771,,-0.000102926046,-1.0967255e-05,1.8715858e-05,0.99999994,9.1962516e-05,8.407235e-05,-9.1962516e-05,1.0,1.3589859e-05,-8.405e-05,-1.3619661e-05,1.0,74,0.223,0,0,0.0,False,-0.249630668038046,1.0478734605322257
0.23502224596450105,14:52:16.684474,14:52:08.477735,0,,0.13942891,0.01532644,0.032195404,-0.21040802,-0.95291495,-0.2183604,-0.65468997,-0.028531834,0.7553588,-0.72602296,0.3018919,-0.6178607,,0.030837528,-0.03997938,0.019711137,-0.44785553,-0.54316986,0.7102054,-0.51647806,0.80555403,0.290402,-0.7298463,-0.23674749,-0.64130723,,0.10343308,1.339359,0.4416547,0.99166346,0.02127953,-0.12708572,-0.06962069,-0.7414334,-0.66740507,-0.10842766,0.670689,-0.7337709,,-0.111372754,0.27215812,-0.08038571,0.2357167,0.9201687,0.31261343,-0.969302,0.19945991,0.1437683,0.06993724,-0.33690542,0.9389374,,-0.00024525434,0.39725465,-0.36637336,0.54645634,0.54229504,-0.6382018,-0.8374342,0.34521776,-0.42370823,-0.009456295,0.7659901,0.64278287,,1.2085922493503873,0.6314724216595897,0.20547363161,-0.28790429240425197,0.05793387590054675,0.36613491268410275,-0.40264312302099836,,-0.6963124868715787,-0.32053202794468827,0.18495854607,1.106533831767835,0.5453162705638728,-0.0638825671171167,0.873890753818394,,-0.08834420341282298,-0.04034983064454391,0.08425707732,-0.07490262470414771,,-0.000102926046,-1.0967255e-05,1.8715858e-05,0.99999994,9.1962516e-05,8.407235e-05,-9.1962516e-05,1.0,1.3589859e-05,-8.405e-05,-1.3619661e-05,1.0,82,0.248,0,0,0.0,False,-0.25010728978621444,1.0482114219376817
0.2735227390076034,14:52:16.712709,14:52:08.477735,0,,0.13927375,0.015153199,0.032364383,-0.21123879,-0.952563,-0.21909307,-0.654626,-0.028578907,0.75541246,-0.7258395,0.30299646,-0.61753565,,0.030842721,-0.03997835,0.019711792,-0.44783875,-0.54315686,0.7102259,-0.516468,0.80556035,0.2904023,-0.7298638,-0.23675561,-0.64128435,,0.10343308,1.339359,0.4416547,0.99166346,0.02127953,-0.12708572,-0.06962069,-0.7414334,-0.66740507,-0.10842766,0.670689,-0.7337709,,-0.111242644,0.27214715,-0.08064181,0.23653074,0.9197204,0.31331712,-0.9691164,0.20016472,0.14404012,0.069761604,-0.33771065,0.9386612,,-0.00025052583,0.3972552,-0.3663727,0.54644144,0.54228294,-0.63822484,-0.8374441,0.34521353,-0.42369202,-0.009437103,0.76600057,0.64277065,,1.209233236178948,0.6311171759473754,0.20521437361000003,-0.2874849125172829,0.05793387590054675,0.36637994890452447,-0.40280646708713264,,-0.6963433778030755,-0.32053202794468827,0.18495984236000002,1.106533831767835,0.5453162705638728,-0.0638825671171167,0.873890753818394,,-0.08834420341282298,-0.04034983064454391,0.08425707732,-0.07490262470414771,,-0.000102926046,-1.0967255e-05,1.8715858e-05,0.99999994,9.1962516e-05,8.407235e-05,-9.1962516e-05,1.0,1.3589859e-05,-8.405e-05,-1.3619661e-05,1.0,97,0.293,0,0,0.0,False,-0.2504051783788195,1.0480183011345638
0.3017647200031206,14:52:16.746153,14:52:08.554122,0,,0.13905491,0.014928624,0.032604083,-0.21170992,-0.9522331,-0.22007056,-0.6538754,-0.029350579,0.75603265,-0.7263785,0.30395836,-0.61642796,,0.0308448,-0.039978053,0.019709885,-0.44783464,-0.54321164,0.7101866,-0.5164654,0.8055382,0.2904682,-0.72986823,-0.23670524,-0.64129794,,0.10343308,1.339359,0.4416547,0.99166346,0.02127953,-0.12708572,-0.06962069,-0.7414334,-0.66740507,-0.10842766,0.670689,-0.7337709,,-0.11105818,0.27214718,-0.080990754,0.23708771,0.9192661,0.31422806,-0.9689185,0.20023924,0.14526242,0.070614025,-0.3389013,0.93816817,,-0.00025236892,0.3972536,-0.3663712,0.54643774,0.54233205,-0.63818634,-0.83744663,0.34524706,-0.42365977,-0.009432305,0.7659507,0.64283013,,1.2101754095896033,0.6306306437762992,0.20486178273000002,-0.2874849125172829,0.05902696789867027,0.3667954655172021,-0.40313315521940124,,-0.6963511005359498,-0.32053202794468827,0.18496243494000003,1.106533831767835,0.5453162705638728,-0.06380088837697612,0.8737274097522597,,-0.08834420341282298,-0.04034983064454391,0.08425707732,-0.07490262470414771,,-0.000102926046,-1.0967255e-05,1.8715858e-05,0.99999994,9.1962516e-05,8.407235e-05,-9.1962516e-05,1.0,1.3589859e-05,-8.405e-05,-1.3619661e-05,1.0,105,0.317,0,0,0.0,False,-0.2500477120676936,1.047680339729108
0.3352023239713162,14:52:16.773833,14:52:08.554122,0,,0.13892563,0.014805913,0.03273554,-0.21208587,-0.951787,-0.22163239,-0.6538702,-0.030339822,0.7559982,-0.72627354,0.30525535,-0.6159106,,0.030845247,-0.03997801,0.019708633,-0.44783464,-0.54321164,0.7101866,-0.5164654,0.8055382,0.2904682,-0.72986823,-0.23670524,-0.64129794,,0.10343308,1.339359,0.4416547,0.99166346,0.02127953,-0.12708572,-0.06962069,-0.7414334,-0.66740507,-0.10842766,0.670689,-0.7337709,,-0.110947765,0.27214772,-0.081182756,0.23745288,0.9186553,0.31573495,-0.9688372,0.20037751,0.14561366,0.07050257,-0.34047213,0.93760765,,-0.00025266907,0.3972526,-0.36637044,0.54643774,0.54233205,-0.63818634,-0.83744663,0.34524706,-0.42365977,-0.009432305,0.7659507,0.64283013,,1.2107546145551702,0.6303680708585756,0.20466733923000002,-0.2874849125172829,0.05902696789867027,0.36793896787917,-0.4024797789548641,,-0.6963511005359498,-0.32053202794468827,0.18496373123,1.106533831767835,0.5453162705638728,-0.06380088837697612,0.8737274097522597,,-0.08834420341282298,-0.04034983064454391,0.08425707732,-0.07490262470414771,,-0.000102926046,-1.0967255e-05,1.8715858e-05,0.99999994,9.1962516e-05,8.407235e-05,-9.1962516e-05,1.0,1.3589859e-05,-8.405e-05,-1.3619661e-05,1.0,113,0.342,0,0,0.0,False,-0.24927320172692014,1.048114861536123
0.3629067199653946,14:52:16.796837,14:52:08.626814,0,,0.13873267,0.014643475,0.032938197,-0.21289161,-0.95150787,-0.22205803,-0.6527516,-0.030606419,0.7569534,-0.72704357,0.3060978,-0.61458254,,0.030846883,-0.039977726,0.019707918,-0.44783038,-0.5432084,0.71019185,-0.51646286,0.80553985,0.2904683,-0.7298726,-0.23670727,-0.6412923,,0.10343308,1.339359,0.4416547,0.99166346,0.02127953,-0.12708572,-0.06962069,-0.7414334,-0.66740507,-0.10842766,0.670689,-0.7337709,,-0.110782385,0.2721681,-0.08146009,0.23838308,0.91828996,0.31609654,-0.968518,0.20074475,0.14722219,0.071737945,-0.3412405,0.9372345,,-0.00025421206,0.39725196,-0.36636972,0.546434,0.542329,-0.6381921,-0.83744913,0.34524602,-0.42365572,-0.009427507,0.7659533,0.6428271,,1.2116890652329513,0.6299819342148644,0.20438085914,-0.2870655326303138,0.060393332896324675,0.3679682912041736,-0.40280646708713264,,-0.696358823268824,-0.32053202794468827,0.18496502752000002,1.106533831767835,0.5453162705638728,-0.06380088837697612,0.8737274097522597,,-0.08834420341282298,-0.04034983064454391,0.08425707732,-0.07490262470414771,,-0.000102926046,-1.0967255e-05,1.8715858e-05,0.99999994,9.1962516e-05,8.407235e-05,-9.1962516e-05,1.0,1.3589859e-05,-8.405e-05,-1.3619661e-05,1.0,121,0.366,0,0,0.0,False,-0.25052433381586203,1.0479217407330053
0.38591871899552643,14:52:16.827509,14:52:08.626814,0,,0.13852769,0.01447764,0.033149555,-0.21365255,-0.95088875,-0.22397104,-0.6522285,-0.031838596,0.7573534,-0.7272898,0.3078908,-0.61339444,,0.030848876,-0.03997649,0.019706666,-0.44791391,-0.54328746,0.71007866,-0.5165004,0.8055064,0.2904942,-0.72979474,-0.23663965,-0.64140576,,0.10343308,1.339359,0.4416547,0.99166346,0.02127953,-0.12708572,-0.06962069,-0.7414334,-0.66740507,-0.10842766,0.670689,-0.7337709,,-0.110606,0.27219206,-0.08174731,0.23919035,0.9174506,0.31791887,-0.96828514,0.20103568,0.14835282,0.07219335,-0.3433207,0.9364396,,-0.00025608044,0.3972515,-0.3663679,0.54650885,0.5424005,-0.63806725,-0.83739936,0.3452895,-0.4237186,-0.009507261,0.7658831,0.6429096,,1.2126621295751037,0.6296498567012727,0.20409697163,-0.2868558426868293,0.06093987889538644,0.36931955187248033,-0.4031331552194012,,-0.6963742687345725,-0.3205243052118141,0.18496632381000003,1.106533831767835,0.5451796340641073,-0.06368947047327966,0.8737274097522597,,-0.08834420341282298,-0.04034983064454391,0.08425707732,-0.07490262470414771,,-0.000102926046,-1.0967255e-05,1.8715858e-05,0.99999994,9.1962516e-05,8.407235e-05,-9.1962516e-05,1.0,1.3589859e-05,-8.405e-05,-1.3619661e-05,1.0,133,0.402,0,0,0.0,False,-0.249630668038046,1.0477769001306665
0.41658715496305376,14:52:16.864050,14:52:08.694932,0,,0.13830577,0.01433453,0.033380285,-0.21377102,-0.9503704,-0.22604851,-0.6510847,-0.033900127,0.7582475,-0.7282791,0.30926812,-0.61152494,,0.030854985,-0.03997385,0.019707799,-0.44789267,-0.5432736,0.7101026,-0.5164838,0.8055146,0.29050106,-0.7298196,-0.23664327,-0.64137614,,0.10343308,1.339359,0.4416547,0.99166346,0.02127953,-0.12708572,-0.06962069,-0.7414334,-0.66740507,-0.10842766,0.670689,-0.7337709,,-0.11041316,0.27224618,-0.08203516,0.23945732,0.91670126,0.31987333,-0.96810746,0.20043609,0.15031075,0.0736759,-0.34566477,0.9354612,,-0.00026235706,0.39725322,-0.36636615,0.5464902,0.542387,-0.63809466,-0.8374119,0.3452899,-0.4236936,-0.009478292,0.76589245,0.64289886,,1.2138282622391114,0.6293486701191779,0.20380660267000003,-0.2872752225737984,0.06244288039280628,0.3708710320965988,-0.40247977895486403,,-0.6964128823989436,-0.3205165824789398,0.1849676201,1.106533831767835,0.5451796340641073,-0.06368947047327966,0.8737274097522597,,-0.08834420341282298,-0.04034983064454391,0.08425707732,-0.07490262470414771,,-0.000102926046,-1.0967255e-05,1.8715858e-05,0.99999994,9.1962516e-05,8.407235e-05,-9.1962516e-05,1.0,1.3589859e-05,-8.405e-05,-1.3619661e-05,1.0,148,0.448,0,0,0.0,False,-0.25159673274924055,1.0480183011345638
0.4531319849775173,14:52:16.897334,14:52:08.694932,0,,0.13810462,0.014225066,0.033592448,-0.21499005,-0.9501733,-0.22572061,-0.6481299,-0.034077212,0.7607669,-0.7305524,0.30985358,-0.60850954,,0.030858994,-0.03997309,0.019707978,-0.44788015,-0.54337996,0.7100292,-0.5164762,0.8054719,0.29063296,-0.72983265,-0.23654452,-0.6413977,,0.10343308,1.339359,0.4416547,0.99166346,0.02127953,-0.12708572,-0.06962069,-0.7414334,-0.66740507,-0.10842766,0.670689,-0.7337709,,-0.1102375,0.27231222,-0.08228464,0.24103071,0.9164448,0.3194263,-0.9674416,0.20069729,0.1541988,0.07720669,-0.34619293,0.93498105,,-0.00026638596,0.3972534,-0.36636546,0.54647905,0.5424822,-0.6380233,-0.83741933,0.34535593,-0.42362502,-0.009463898,0.76579523,0.64301485,,1.2149171675743773,0.6290474835370832,0.20355641870000002,-0.28622677285637577,0.06599542938670773,0.37058788628498984,-0.4024797789548641,,-0.6964360505975663,-0.3205165824789398,0.18496891639000002,1.106533831767835,0.5451796340641073,-0.06352611299299854,0.8734007216199912,,-0.08834420341282298,-0.04034983064454391,0.08425707732,-0.07490262470414771,,-0.000102926046,-1.0967255e-05,1.8715858e-05,0.99999994,9.1962516e-05,8.407235e-05,-9.1962516e-05,1.0,1.3589859e-05,-8.405e-05,-1.3619661e-05,1.0,156,0.473,0,0,0.0,False,-0.25052433381586203,1.0481631417369022
0.4864152239752002,14:52:16.931435,14:52:08.759469,0,,0.13783327,0.014066577,0.033832595,-0.21441452,-0.94974864,-0.2280434,-0.6480032,-0.036374792,0.7607685,-0.7308338,0.31089267,-0.60764104,,0.03085944,-0.039973076,0.019706786,-0.44788015,-0.5433219,0.7100736,-0.5164762,0.8054957,0.29056713,-0.72983265,-0.23659697,-0.6413784,,0.10343308,1.339359,0.4416547,0.99166346,0.02127953,-0.12708572,-0.06962069,-0.7414334,-0.66740507,-0.10842766,0.670689,-0.7337709,,-0.109997176,0.27236223,-0.082594745,0.2404896,0.9158048,0.32166177,-0.9675483,0.19969691,0.15482694,0.0775564,-0.34845757,0.93411046,,-0.0002666862,0.39725238,-0.36636472,0.54647905,0.54243004,-0.63806766,-0.83741933,0.34532133,-0.42365324,-0.009463898,0.7658478,0.64295226,,1.2163458731561088,0.6286536241604977,0.20324271652000003,-0.28769460246076745,0.06640533888600406,0.37180552863657124,-0.4019897467564612,,-0.6964360505975663,-0.3205165824789398,0.18497021268000002,1.106533831767835,0.5451796340641073,-0.06360779173313913,0.8732373775538569,,-0.08834420341282298,-0.04034983064454391,0.08425707732,-0.07490262470414771,,-0.000102926046,-1.0967255e-05,1.8715858e-05,0.99999994,9.1962516e-05,8.407235e-05,-9.1962516e-05,1.0,1.3589859e-05,-8.405e-05,-1.3619661e-05,1.0,164,0.498,0,0,0.0,False,-0.24974982347508856,1.0478734605322257
0.5205124579952098,14:52:16.951460,14:52:08.759469,0,,0.13766494,0.013983682,0.033968642,-0.21494865,-0.9494969,-0.22858799,-0.6465967,-0.037054628,0.7619315,-0.73192185,0.31158042,-0.6059769,,0.03085944,-0.039973076,0.019706786,-0.44788015,-0.5433219,0.7100736,-0.5164762,0.8054957,0.29056713,-0.72983265,-0.23659697,-0.6413784,,0.10343308,1.339359,0.4416547,0.99166346,0.02127953,-0.12708572,-0.06962069,-0.7414334,-0.66740507,-0.10842766,0.670689,-0.7337709,,-0.1098461,0.27239588,-0.08276724,0.24119318,0.9154572,0.32212412,-0.9672362,0.19965544,0.1568177,0.07924607,-0.3493935,0.9336189,,-0.0002666862,0.39725238,-0.36636472,0.54647905,0.54243004,-0.63806766,-0.83741933,0.34532133,-0.42365324,-0.009463898,0.7658478,0.64295226,,1.2172339874366445,0.6283447148455288,0.20306901366000002,-0.2874849125172829,0.06818161338295478,0.37207234943146955,-0.40149971455805844,,-0.6964360505975663,-0.3205165824789398,0.18497021268000002,1.106533831767835,0.5451796340641073,-0.06360779173313913,0.8732373775538569,,-0.08834420341282298,-0.04034983064454391,0.08425707732,-0.07490262470414771,,-0.000102926046,-1.0967255e-05,1.8715858e-05,0.99999994,9.1962516e-05,8.407235e-05,-9.1962516e-05,1.0,1.3589859e-05,-8.405e-05,-1.3619661e-05,1.0,172,0.521,0,0,0.0,False,-0.2495115126010048,1.0478734605322257
0.5405306100146845,14:52:16.976841,14:52:08.759469,0,,0.1375359,0.013923645,0.034054235,-0.21569616,-0.9490411,-0.22977373,-0.6448771,-0.038244277,0.76332885,-0.733218,0.31282294,-0.6037658,,0.03085944,-0.039973076,0.019706786,-0.44788015,-0.5433219,0.7100736,-0.5164762,0.8054957,0.29056713,-0.72983265,-0.23659697,-0.6413784,,0.10343308,1.339359,0.4416547,0.99166346,0.02127953,-0.12708572,-0.06962069,-0.7414334,-0.66740507,-0.10842766,0.670689,-0.7337709,,-0.10972848,0.27241164,-0.08288345,0.24214436,0.9148302,0.32318997,-0.9668299,0.19960892,0.15936182,0.081277415,-0.3510583,0.9328194,,-0.0002666862,0.39725238,-0.36636472,0.54647905,0.54243004,-0.63806766,-0.83741933,0.34532133,-0.42365324,-0.009463898,0.7658478,0.64295226,,1.2178826969980794,0.6280203600648113,0.20295234756000002,-0.2868558426868293,0.07036779737920183,0.37331177635752766,-0.40198974675646126,,-0.6964360505975663,-0.3205165824789398,0.18497021268000002,1.106533831767835,0.5451796340641073,-0.06360779173313913,0.8732373775538569,,-0.08834420341282298,-0.04034983064454391,0.08425707732,-0.07490262470414771,,-0.000102926046,-1.0967255e-05,1.8715858e-05,0.99999994,9.1962516e-05,8.407235e-05,-9.1962516e-05,1.0,1.3589859e-05,-8.405e-05,-1.3619661e-05,1.0,191,0.579,0,0,0.0,False,-0.24980940119360984,1.0484045427407995
0.5658328720019199,14:52:17.032986,14:52:08.826560,0,,0.13718218,0.013783857,0.03414224,-0.21480064,-0.9492233,-0.2298604,-0.64218694,-0.040049747,0.765501,-0.7358372,0.31204346,-0.6009762,,0.030864663,-0.03997345,0.019706786,-0.44806072,-0.54311866,0.71011513,-0.51637185,0.8056365,0.29036176,-0.7297957,-0.23658383,-0.6414254,,0.10343308,1.339359,0.4416547,0.99166346,0.02127953,-0.12708572,-0.06962069,-0.7414334,-0.66740507,-0.10842766,0.670689,-0.7337709,,-0.10939202,0.27237415,-0.08307782,0.2416296,0.9149785,0.32315558,-0.96663,0.19775437,0.1628486,0.085097544,-0.3517209,0.9322289,,-0.00027185414,0.39725155,-0.36636478,0.5466507,0.5422224,-0.6380971,-0.8373079,0.34539157,-0.42381626,-0.009409305,0.76596314,0.6428156,,1.2194967481687924,0.6267924455378097,0.20275531148000003,-0.28832367229122097,0.07501343837122681,0.37254568101705016,-0.401826402690327,,-0.6964669415290632,-0.3205165824789398,0.18497150897000003,1.1067435217113195,0.5450429975643419,-0.06365973130972391,0.8735640656861254,,-0.08834420341282298,-0.04034983064454391,0.08425707732,-0.07490262470414771,,-0.000102926046,-1.0967255e-05,1.8715858e-05,0.99999994,9.1962516e-05,8.407235e-05,-9.1962516e-05,1.0,1.3589859e-05,-8.405e-05,-1.3619661e-05,1.0,199,0.604,0,0,0.0,False,-0.24998813434917277,1.0487907843470352
0.622051056008786,14:52:17.063122,14:52:08.894541,0,,0.13706785,0.013736799,0.03410311,-0.21554273,-0.9488516,-0.23069888,-0.6423316,-0.04017578,0.76537323,-0.735494,0.31315583,-0.6008177,,0.030865293,-0.039973836,0.019706309,-0.4481486,-0.54331434,0.70991,-0.5164159,0.8055539,0.2905128,-0.72971046,-0.23641595,-0.64158416,,0.10343308,1.339359,0.4416547,0.99166346,0.02127953,-0.12708572,-0.06962069,-0.7414334,-0.66740507,-0.10842766,0.670689,-0.7337709,,-0.109277524,0.27231506,-0.08309242,0.24233004,0.91450554,0.32396883,-0.9664919,0.19840586,0.16287601,0.08467369,-0.352583,0.93194187,,-0.0002724173,0.3972509,-0.3663648,0.54672927,0.5423994,-0.6378793,-0.83725554,0.3454997,-0.42383146,-0.009498818,0.76578903,0.6430217,,1.219929221209749,0.6262364087708655,0.20273845971,-0.28790429240425197,0.07501343837122681,0.37295407471775294,-0.4016630586241926,,-0.6964746642619374,-0.3205165824789398,0.18497150897000003,1.1067435217113195,0.5449063610645766,-0.06338495592574633,0.8735640656861254,,-0.08834420341282298,-0.04034983064454391,0.08425707732,-0.07490262470414771,,-0.000102926046,-1.0967255e-05,1.8715858e-05,0.99999994,9.1962516e-05,8.407235e-05,-9.1962516e-05,1.0,1.3589859e-05,-8.405e-05,-1.3619661e-05,1.0,207,0.629,0,0,0.0,False,-0.25064348925290414,1.0480665813353434
0.6522029259940609,14:52:17.083053,14:52:08.894541,0,,0.13701728,0.013709724,0.03407161,-0.21545558,-0.9486884,-0.2314501,-0.6424544,-0.040786773,0.7652376,-0.7354121,0.3135709,-0.6007014,,0.030865293,-0.039973836,0.019706309,-0.4481486,-0.54337233,0.7098655,-0.5164159,0.8055302,0.29057854,-0.72971046,-0.23636353,-0.6416034,,0.10343308,1.339359,0.4416547,0.99166346,0.02127953,-0.12708572,-0.06962069,-0.7414334,-0.66740507,-0.10842766,0.670689,-0.7337709,,-0.10922601,0.2722747,-0.08309268,0.24222943,0.9142734,0.32469848,-0.9665288,0.19823264,0.16286772,0.08453979,-0.3532818,0.9316893,,-0.0002724173,0.3972509,-0.3663648,0.54672927,0.5424515,-0.63783497,-0.83725554,0.34553432,-0.42380324,-0.009498818,0.7657365,0.6430842,,1.2200759531343592,0.6259197767230222,0.20273716342000003,-0.28811398234773644,0.07515007487099225,0.3734960867351811,-0.40264312302099836,,-0.6964746642619374,-0.3205165824789398,0.18497150897000003,1.1067435217113195,0.5449063610645766,-0.06330327718560574,0.8737274097522597,,-0.08834420341282298,-0.04034983064454391,0.08425707732,-0.07490262470414771,,-0.000102926046,-1.0967255e-05,1.8715858e-05,0.99999994,9.1962516e-05,8.407235e-05,-9.1962516e-05,1.0,1.3589859e-05,-8.405e-05,-1.3619661e-05,1.0,215,0.652,0,0,0.0,False,-0.2504051783788195,1.0484045427407995
0.6721245149965398,14:52:17.107459,14:52:08.894541,0,,0.13699031,0.013690308,0.034043774,-0.21510978,-0.948493,-0.23256963,-0.64269,-0.041817024,0.7649842,-0.7353076,0.3140258,-0.6005918,,0.030866481,-0.039973553,0.019706786,-0.44814447,-0.5433111,0.70991504,-0.5164134,0.80555546,0.29051292,-0.7297149,-0.236418,-0.64157844,,0.10343308,1.339359,0.4416547,0.99166346,0.02127953,-0.12708572,-0.06962069,-0.7414334,-0.66740507,-0.10842766,0.670689,-0.7337709,,-0.10919785,0.27224204,-0.083088085,0.24186336,0.91398245,0.3257885,-0.96663797,0.19777651,0.16277443,0.08433966,-0.3542887,0.931325,,-0.0002736602,0.3972513,-0.3663648,0.5467256,0.54239637,-0.63788503,-0.83725804,0.34549865,-0.4238274,-0.009494019,0.76579165,0.64301866,,1.2201222895316046,0.625703540202544,0.20274105229000003,-0.2885333622347055,0.07515007487099225,0.37447623161686777,-0.40264312302099836,,-0.6964823869948117,-0.3205165824789398,0.18497150897000003,1.1067435217113195,0.5449063610645766,-0.06338495592574628,0.873890753818394,,-0.08834420341282298,-0.04034983064454391,0.08425707732,-0.07490262470414771,,-0.000102926046,-1.0967255e-05,1.8715858e-05,0.99999994,9.1962516e-05,8.407235e-05,-9.1962516e-05,1.0,1.3589859e-05,-8.405e-05,-1.3619661e-05,1.0,223,0.677,0,0,0.0,False,-0.25028602294177826,1.0483079823392407
0.6965212000068277,14:52:17.137628,14:52:08.961360,0,,0.13698882,0.013687134,0.03402479,-0.21504697,-0.9482006,-0.23381677,-0.64246845,-0.042959258,0.76510704,-0.7355196,0.31475386,-0.5999508,,0.030866928,-0.03997354,0.019705594,-0.44814447,-0.5433111,0.70991504,-0.5164134,0.80555546,0.29051292,-0.7297149,-0.236418,-0.64157844,,0.10343308,1.339359,0.4416547,0.99166346,0.02127953,-0.12708572,-0.06962069,-0.7414334,-0.66740507,-0.10842766,0.670689,-0.7337709,,-0.109194905,0.27222693,-0.0830765,0.24183151,0.91356516,0.32698044,-0.9666188,0.19742057,0.1633196,0.08465044,-0.35556126,0.93081176,,-0.0002739605,0.3972503,-0.36636406,0.5467256,0.54239637,-0.63788503,-0.83725804,0.34549865,-0.4238274,-0.009494019,0.76579165,0.64301866,,1.2200836758672333,0.6256108674080533,0.20275271890000002,-0.2885333622347055,0.07555998437028857,0.3758572314487303,-0.4034598433516697,,-0.6964823869948117,-0.3205165824789398,0.18497280526,1.1067435217113195,0.5449063610645766,-0.06338495592574628,0.873890753818394,,-0.08834420341282298,-0.04034983064454391,0.08425707732,-0.07490262470414771,,-0.000102926046,-1.0967255e-05,1.8715858e-05,0.99999994,9.1962516e-05,8.407235e-05,-9.1962516e-05,1.0,1.3589859e-05,-8.405e-05,-1.3619661e-05,1.0,238,0.723,0,0,0.0,False,-0.25022644522325654,1.0483079823392407
0.7267073069815524,14:52:17.177631,14:52:08.961360,0,,0.1370161,0.013717115,0.034002736,-0.21482438,-0.9484365,-0.23306376,-0.6417621,-0.04279968,0.76570857,-0.736201,0.31406438,-0.5994761,,0.030781515,-0.04000204,0.019691586,-0.44821817,-0.5432476,0.7099172,-0.5163847,0.8056006,0.29043883,-0.7296899,-0.23641038,-0.64160955,,0.10342859,1.3393582,0.44165453,0.99166375,0.02128272,-0.12708284,-0.06961642,-0.74143326,-0.6674056,-0.10842766,0.670689,-0.7337709,,-0.1092147,0.27223298,-0.083038844,0.2417111,0.91386867,0.32622057,-0.966561,0.19707991,0.1640711,0.08564792,-0.3549699,0.9309462,,-0.0001824813,0.39723182,-0.36638382,0.5467976,0.5423277,-0.6378817,-0.8372111,0.34552532,-0.42389843,-0.009487593,0.76582825,0.64297515,,1.2199446666754974,0.6256726492710472,0.20277605212000002,-0.2885333622347055,0.07651643986864665,0.3754040210834176,-0.4028064670871325,,-0.6964823869948117,-0.3205243052118141,0.18497280526,1.1067435217113195,0.5449063610645766,-0.06338495592574628,0.873890753818394,,-0.08834420341282298,-0.04034983064454391,0.08425707732,-0.07490262470414771,,-0.00010730326,-1.0609627e-05,2.002716e-05,0.99999994,9.511411e-05,8.6955726e-05,-9.512156e-05,1.0,1.4066696e-05,-8.6940825e-05,-1.40964985e-05,1.0,246,0.747,0,0,0.0,False,-0.25070306697142497,1.04835626254002
0.76670188998105,14:52:17.200004,14:52:09.028110,0,,0.13702947,0.013727933,0.03399171,-0.21478325,-0.9484773,-0.23293531,-0.6417606,-0.042723626,0.765714,-0.7362142,0.31395128,-0.5995191,,0.030794252,-0.040001087,0.019690454,-0.44844833,-0.5434607,0.70960855,-0.5164965,0.8055076,0.29049784,-0.7294693,-0.23623714,-0.64192414,,0.10342859,1.3393582,0.44165453,0.99166375,0.02128272,-0.12708284,-0.06961642,-0.74143326,-0.6674056,-0.10842766,0.670689,-0.7337709,,-0.10922644,0.2722333,-0.083022155,0.24167141,0.9139233,0.3260968,-0.9665696,0.19706036,0.16404389,0.085662775,-0.35483998,0.93099433,,-0.0001950147,0.39723003,-0.36638182,0.54700345,0.5425217,-0.6375401,-0.8370739,0.34563372,-0.42408085,-0.009717709,0.7656419,0.6431936,,1.2198828848125036,0.625703540202544,0.2027916076,-0.2885333622347055,0.07651643986864665,0.37532234234327705,-0.40264312302099836,,-0.6965673370564281,-0.3205243052118141,0.18497669413,1.1067435217113195,0.5444964515652801,-0.06305070221465697,0.873890753818394,,-0.08834420341282298,-0.04034983064454391,0.08425707732,-0.07490262470414771,,-0.00010730326,-1.0609627e-05,2.002716e-05,0.99999994,9.511411e-05,8.6955726e-05,-9.512156e-05,1.0,1.4066696e-05,-8.6940825e-05,-1.40964985e-05,1.0,254,0.772,0,0,0.0,False,-0.25064348925290414,1.0481631417369022
0.7890864979708567,14:52:17.230157,14:52:09.028110,0,,0.13703756,0.013738185,0.033982947,-0.21476156,-0.9484893,-0.23290627,-0.64175457,-0.042717054,0.7657195,-0.7362258,0.3139158,-0.59952337,,0.03080602,-0.039999194,0.019693077,-0.4484985,-0.5435113,0.70953816,-0.5165177,0.8054867,0.29051805,-0.7294235,-0.2361922,-0.6419928,,0.10342859,1.3393582,0.44165453,0.99166375,0.02128272,-0.12708284,-0.06961642,-0.74143326,-0.6674056,-0.10842766,0.670689,-0.7337709,,-0.10923316,0.2722348,-0.083008006,0.24165116,0.9139387,0.3260686,-0.96657336,0.19704147,0.1640445,0.08567758,-0.35481077,0.9310041,,-0.00020706463,0.3972319,-0.36638132,0.5470485,0.5425672,-0.6374628,-0.837044,0.34566316,-0.424116,-0.009764007,0.7655964,0.64324707,,1.2198519938810066,0.6257267084011666,0.20280586679,-0.2885333622347055,0.07651643986864665,0.37532234234327705,-0.40264312302099836,,-0.6966445643851703,-0.3205243052118141,0.18497799042000002,1.1067435217113195,0.5443598150655148,-0.06293928431096063,0.873890753818394,,-0.08834420341282298,-0.04034983064454391,0.08425707732,-0.07490262470414771,,-0.00010730326,-1.0609627e-05,2.002716e-05,0.99999994,9.511411e-05,8.6955726e-05,-9.512156e-05,1.0,1.4066696e-05,-8.6940825e-05,-1.40964985e-05,1.0,262,0.796,0,0,0.0,False,-0.24998813434917277,1.0482114219376817
0.8192294469918124,14:52:17.259149,14:52:09.095057,0,,0.13704175,0.0137427,0.033977255,-0.21452756,-0.94851345,-0.23302361,-0.64171284,-0.04298334,0.76573944,-0.73633033,0.31380647,-0.59945226,,0.030823842,-0.039995424,0.01970023,-0.4484356,-0.5434626,0.7096151,-0.51647973,0.8055106,0.29051942,-0.72948897,-0.23622265,-0.64190716,,0.10342859,1.3393582,0.44165453,0.99166375,0.02128272,-0.12708284,-0.06961642,-0.74143326,-0.6674056,-0.10842766,0.670689,-0.7337709,,-0.10923658,0.2722342,-0.083000354,0.24142978,0.91395736,0.32618028,-0.9666173,0.19677173,0.16410933,0.08580588,-0.35491237,0.93095356,,-0.00022570897,0.3972378,-0.36638165,0.54699266,0.5425218,-0.63754934,-0.8370813,0.34564728,-0.42405525,-0.009692006,0.7656357,0.64320135,,1.219828825682384,0.6257267084011666,0.20281364453000003,-0.28874305217819,0.07665307636841208,0.3754559606600023,-0.4028064670871325,,-0.6967604053782838,-0.3205243052118141,0.18497799042000002,1.1067435217113195,0.5443598150655148,-0.06293928431096063,0.873890753818394,,-0.08834420341282298,-0.04034983064454391,0.08425707732,-0.07490262470414771,,-0.00010730326,-1.0609627e-05,2.002716e-05,0.99999994,9.511411e-05,8.6955726e-05,-9.512156e-05,1.0,1.4066696e-05,-8.6940825e-05,-1.40964985e-05,1.0,281,0.854,0,0,0.0,False,-0.25022644522325654,1.04835626254002
0.8482299339957535,14:52:17.310320,14:52:09.095057,0,,0.13705869,0.013738483,0.03394766,-0.21344882,-0.94810677,-0.2356546,-0.6432445,-0.0451611,0.76432776,-0.73530674,0.3147284,-0.6002249,,0.03083647,-0.039992325,0.019703865,-0.44849876,-0.5432753,0.70971864,-0.51630944,0.8056507,0.2904334,-0.72957075,-0.23617549,-0.6418316,,0.10342859,1.3393582,0.44165453,0.99166375,0.02128272,-0.12708284,-0.06961642,-0.74143326,-0.6674056,-0.10842766,0.670689,-0.7337709,,-0.109251104,0.2722108,-0.08297981,0.24018312,0.9133521,0.32878575,-0.9670747,0.1957809,0.16259262,0.08413434,-0.35701236,0.930303,,-0.00023877573,0.39724115,-0.36638072,0.5470597,0.54232603,-0.63765836,-0.8370396,0.34574616,-0.42405698,-0.009509211,0.7657298,0.64309216,,1.219697539223522,0.6257344311340409,0.20283308888,-0.29000119183909717,0.07501343837122681,0.3777731203860461,-0.4024797789548641,,-0.6968376327070259,-0.3205165824789398,0.18497928671000002,1.106953211654804,0.5443598150655148,-0.06293928431096063,0.873890753818394,,-0.08834420341282298,-0.04034983064454391,0.08425707732,-0.07490262470414771,,-0.00010730326,-1.0609627e-05,2.002716e-05,0.99999994,9.511411e-05,8.6955726e-05,-9.512156e-05,1.0,1.4066696e-05,-8.6940825e-05,-1.40964985e-05,1.0,293,0.891,0,0,0.0,False,-0.2504051783788195,1.04835626254002
0.899341568001546,14:52:17.342618,14:52:09.161043,0,,0.13707925,0.013743848,0.033950552,-0.21338274,-0.94810563,-0.23571883,-0.643221,-0.045266435,0.76434124,-0.7353465,0.31471652,-0.6001824,,0.03083647,-0.039992325,0.019703865,-0.44849876,-0.54321736,0.709763,-0.51630944,0.80567443,0.29036754,-0.72957075,-0.2362279,-0.6418123,,0.10342859,1.3393582,0.44165453,0.99166375,0.02128272,-0.12708284,-0.06961642,-0.74143326,-0.6674056,-0.10842766,0.670689,-0.7337709,,-0.10927153,0.27221638,-0.08297626,0.24012212,0.9133462,0.3288467,-0.96708536,0.19569519,0.16263242,0.08418598,-0.35707444,0.9302744,,-0.00023877573,0.39724115,-0.36638072,0.5470597,0.54227394,-0.63770264,-0.8370396,0.34571153,-0.42408523,-0.009509211,0.7657823,0.6430296,,1.2196048664290315,0.6258116584627832,0.20283697775,-0.29000119183909717,0.07501343837122681,0.3779364778663272,-0.40215309082259554,,-0.6968376327070259,-0.3205165824789398,0.18497928671000002,1.106953211654804,0.5443598150655148,-0.06302096305110122,0.8737274097522597,,-0.08834420341282298,-0.04034983064454391,0.08425707732,-0.07490262470414771,,-0.00010730326,-1.0609627e-05,2.002716e-05,0.99999994,9.511411e-05,8.6955726e-05,-9.512156e-05,1.0,1.4066696e-05,-8.6940825e-05,-1.40964985e-05,1.0,301,0.915,0,0,0.0,False,-0.249630668038046,1.04835626254002
0.9316925759776495,14:52:17.369717,14:52:09.161043,0,,0.13709445,0.013741046,0.033950493,-0.21330665,-0.9481336,-0.23567508,-0.6431355,-0.045317814,0.76441014,-0.7354433,0.31462482,-0.60011184,,0.030835286,-0.03999255,0.019703448,-0.4485029,-0.54316264,0.70980227,-0.516312,0.80569655,0.29030168,-0.72956634,-0.2362783,-0.64179873,,0.10342859,1.3393582,0.44165453,0.99166375,0.02128272,-0.12708284,-0.06961642,-0.74143326,-0.6674056,-0.10842766,0.670689,-0.7337709,,-0.10928679,0.272214,-0.08297654,0.24005955,0.9133791,0.32880092,-0.967089,0.19559586,0.16273008,0.084322155,-0.35704467,0.93027353,,-0.0002375328,0.39724076,-0.3663807,0.5470634,0.5422249,-0.63774115,-0.8370371,0.34567794,-0.4241175,-0.009514011,0.7658322,0.6429701,,1.2195121936345408,0.6258348266614058,0.20283697775,-0.29000119183909717,0.07515007487099225,0.377988417442912,-0.4024797789548641,,-0.6968299099741517,-0.3205165824789398,0.18497928671000002,1.106953211654804,0.5443598150655148,-0.06310264179124181,0.8735640656861254,,-0.08834420341282298,-0.04034983064454391,0.08425707732,-0.07490262470414771,,-0.00010730326,-1.0609627e-05,2.002716e-05,0.99999994,9.511411e-05,8.6955726e-05,-9.512156e-05,1.0,1.4066696e-05,-8.6940825e-05,-1.40964985e-05,1.0,313,0.951,0,0,0.0,False,-0.25010728978621444,1.0480665813353434
0.9587954499875195,14:52:17.410228,14:52:09.224749,0,,0.13709626,0.013726294,0.03393309,-0.212164,-0.9472133,-0.24036092,-0.6451831,-0.048965007,0.7624573,-0.7339789,0.3168428,-0.60073733,,0.030836746,-0.03999365,0.019703925,-0.448499,-0.5432149,0.7097648,-0.51631343,0.8056742,0.29036117,-0.7295678,-0.23623449,-0.6418133,,0.10342859,1.3393582,0.44165453,0.99166375,0.02128272,-0.12708284,-0.06961642,-0.74143326,-0.6674056,-0.10842766,0.670689,-0.7337709,,-0.10928789,0.27219135,-0.082973555,0.23868255,0.91206914,0.33340752,-0.9676305,0.19438735,0.16094965,0.081987,-0.36103114,0.92894274,,-0.00023901349,0.39724037,-0.36638182,0.5470597,0.54227227,-0.6377041,-0.83703953,0.34570584,-0.42408997,-0.009514185,0.76578605,0.64302504,,1.2194658572372954,0.6258425493942801,0.20283827404000002,-0.29146902144348885,0.07282725437497976,0.38225120526982737,-0.4028064670871325,,-0.6968376327070259,-0.3205243052118141,0.18497928671000002,1.106953211654804,0.5443598150655148,-0.06302096305110128,0.8734007216199912,,-0.08834420341282298,-0.04034983064454391,0.08425707732,-0.07490262470414771,,-0.00010730326,-1.0609627e-05,2.002716e-05,0.99999994,9.511411e-05,8.6955726e-05,-9.512156e-05,1.0,1.4066696e-05,-8.6940825e-05,-1.40964985e-05,1.0,328,0.997,0,0,0.0,False,-0.2504647560973412,1.048452822941579
