Task Time,PC1 Time,PC2 Time,Gaze Calib,s_T_psm1,Tx,Ty,Tz,R00,R01,R02,R10,R11,R12,R20,R21,R22,s_T_psm3,Tx,Ty,Tz,R00,R01,R02,R10,R11,R12,R20,R21,R22,cart_T_ecm,Tx,Ty,Tz,R00,R01,R02,R10,R11,R12,R20,R21,R22,ecm_T_psm1,Tx,Ty,Tz,R00,R01,R02,R10,R11,R12,R20,R21,R22,ecm_T_psm3,Tx,Ty,Tz,R00,R01,R02,R10,R11,R12,R20,R21,R22,psm1_joints,q1,q2,q3,q4,q5,q6,jaw,psm3_joints,q1,q2,q3,q4,q5,q6,jaw,ecm_joints,q1,q2,q3,q4,ecmi_T_ecm,Tx,Ty,Tz,R00,R01,R02,R10,R11,R12,R20,R21,R22,Sample #,Task Duration (s),Collisions (binary),Collisions (increments),Cumulative Collision Time (s),Clutch Press,MTMR Angle,MTML Angle
""
lci_T_si,,,,,-0.06275115,0.020269286,0.23277931,0.9922883,-0.04035988,0.11719676,0.048105527,-0.7459988,-0.6642075,0.11423598,0.66472316,-0.7383043
rci_T_si,,,,,-0.0725517,0.024538085,0.24269353,0.9888494,-0.06173267,0.13552107,0.047746018,-0.730564,-0.6811729,0.14105745,0.680048,-0.71947026
ecm_T_lc,,,,,-4.4061628e-05,-0.00034663224,-0.01840835,-0.99912,0.030754527,0.028518902,-0.031987965,-0.99852574,-0.043852776,0.027128186,-0.04472645,0.9986309
ecm_T_rc,,,,,-0.0043358393,0.01870579,-0.007592615,-0.99555075,-0.052743673,-0.078081585,0.04863213,-0.9973746,0.053654674,-0.08070653,0.04961868,0.9955021
cart_T_ecmi,,,,,0.1069438,1.3440125,0.4434251,0.99563074,0.020226603,-0.091160834,-0.043968037,-0.75971377,-0.64876944,-0.082378544,0.64994293,-0.7555051
ecmac_T_ecmrep_psm1,,,,,0.01038242,-0.2501324,-0.30762842,0.998145,0.0496832,0.035188068,-0.04731537,0.99675006,-0.06519635,-0.03831287,0.06341047,0.99725187
ecmac_T_ecmrep_psm3,,,,,-0.018947443,-0.4527795,-0.5580277,0.99342906,-0.031421527,0.110051684,0.0051236153,0.97282016,0.23150527,-0.11433475,-0.2294202,0.9665888
""
0,14:53:23.821605,14:53:09.879928,0,,0.12841253,0.0057514906,0.0107636005,-0.8477219,-0.1526657,-0.50799686,-0.49462324,-0.11844137,0.86099917,-0.19161288,0.9811548,0.024893314,,0.034318585,-0.028966844,0.033628106,0.71283,-0.58400834,0.38833937,-0.70108116,-0.6083094,0.37208167,0.018931776,-0.5374884,-0.8430586,,0.10691625,1.3440152,0.44341654,0.99563074,0.020226132,-0.091161236,-0.043968655,-0.7597138,-0.6487694,-0.082378544,0.64994293,-0.7555051,,-0.094924524,0.25362414,-0.071181975,0.83817583,0.048672885,0.54322386,-0.47541237,0.55332863,0.68396676,-0.26729068,-0.83153975,0.48692638,,-0.0007784807,0.40388146,-0.37516782,-0.67480963,0.6637185,-0.32266036,-0.436197,-0.7113801,-0.55106306,-0.59528494,-0.2311192,0.7695582,,1.1058181202602075,0.3773250055017353,0.21889412198000002,0.49088415769727156,-0.12105993879218024,1.235275931730953,-0.39545598411108995,,-0.7968547461611076,-0.29039792426946426,0.17395434026,-0.598245408761348,0.17776408619483802,-0.13989061082032936,0.5815048754380341,,-0.048616146314302056,-0.07213882130805563,0.0795457676,-0.07359428191455561,,-2.6848167e-05,-8.165836e-06,7.2717667e-06,1.0,-4.656613e-07,-4.0605664e-07,4.7311187e-07,1.0,-2.9802322e-08,4.0233135e-07,8.940697e-08,1.0,39,0.117,0,0,0.0,False,-0.2551118181419816,0.7558265260172807
0.12645267698098905,14:53:23.861030,14:53:09.879928,0,,0.12852211,0.005712256,0.010824904,-0.8477502,-0.15276212,-0.50792044,-0.49456424,-0.11833349,0.8610479,-0.19163948,0.98115283,0.024766535,,0.034320027,-0.028967768,0.033629894,0.71278673,-0.58400416,0.38842523,-0.7011218,-0.6083311,0.37196964,0.01905939,-0.53746843,-0.8430685,,0.10691625,1.3440152,0.44341654,0.99563074,0.020226132,-0.091161236,-0.043968655,-0.7597138,-0.6487694,-0.082378544,0.64994293,-0.7555051,,-0.09504139,0.25363111,-0.07124198,0.8382095,0.048774026,0.5431628,-0.47538412,0.55341196,0.68391895,-0.26723534,-0.83147836,0.4870616,,-0.00078003376,0.40388227,-0.37516952,-0.6747769,0.6637135,-0.32273903,-0.4361069,-0.71137536,-0.55114055,-0.59538805,-0.23114818,0.7694697,,1.105285251691886,0.37757985568658475,0.21883060377000002,0.49109384764075603,-0.12146984829147656,1.235446827961761,-0.39545598411108995,,-0.7968624688939818,-0.29039792426946426,0.17395304397000003,-0.598245408761348,0.17762744969507258,-0.13986087165677352,0.581994907636437,,-0.048616146314302056,-0.07213882130805563,0.0795457676,-0.07359428191455561,,-2.6848167e-05,-8.165836e-06,7.2717667e-06,1.0,-4.656613e-07,-4.0605664e-07,4.7311187e-07,1.0,-2.9802322e-08,4.0233135e-07,8.940697e-08,1.0,51,0.153,0,0,0.0,False,-0.2545756186752919,0.7533642357775285
0.16590670400182717,14:53:23.900105,14:53:09.879928,0,,0.1286756,0.005681962,0.010911882,-0.8485307,-0.15278783,-0.5066078,-0.49327385,-0.11811057,0.8618183,-0.19151108,0.9811757,0.024854183,,0.034320027,-0.028967768,0.033629894,0.71278673,-0.5840994,0.38828212,-0.7011218,-0.6084222,0.37182054,0.01905939,-0.5372618,-0.8432001,,0.10691625,1.3440152,0.44341654,0.99563074,0.020226132,-0.091161236,-0.043968655,-0.7597138,-0.6487694,-0.082378544,0.64994293,-0.7555051,,-0.09520402,0.25366032,-0.071310826,0.8390336,0.048807874,0.5418859,-0.4742992,0.5535967,0.68452245,-0.26657617,-0.8313534,0.48763576,,-0.00078003376,0.40388227,-0.37516952,-0.6747769,0.6637926,-0.3225764,-0.4361069,-0.7112403,-0.55131483,-0.59538805,-0.23133673,0.769413,,1.10459792846608,0.3780123287275413,0.21875153008000003,0.49277136718863224,-0.12174312129100744,1.2354246275487322,-0.39496595191268724,,-0.7968624688939818,-0.29039792426946426,0.17395304397000003,-0.598245408761348,0.17762744969507258,-0.13961583543635186,0.5788913703798857,,-0.048616146314302056,-0.07213882130805563,0.0795457676,-0.07359428191455561,,-2.6848167e-05,-8.165836e-06,7.2717667e-06,1.0,-4.656613e-07,-4.0605664e-07,4.7311187e-07,1.0,-2.9802322e-08,4.0233135e-07,8.940697e-08,1.0,59,0.177,0,0,0.0,False,-0.2537415306159976,0.7531228347736314
0.20494379597948864,14:53:23.923824,14:53:09.986212,0,,0.12880309,0.005705625,0.010994881,-0.849339,-0.15274909,-0.5052631,-0.49193704,-0.117967784,0.86260176,-0.19136636,0.9811989,0.025051713,,0.03432113,-0.028967634,0.03363037,0.71278477,-0.58409727,0.38828892,-0.70112365,-0.6084195,0.37182143,0.019062757,-0.53726715,-0.84319663,,0.10691625,1.3440152,0.44341654,0.99563074,0.020226132,-0.091161236,-0.043968655,-0.7597138,-0.6487694,-0.082378544,0.64994293,-0.7555051,,-0.09533787,0.25372863,-0.07134437,0.839886,0.048773803,0.5405669,-0.47316763,0.553719,0.68520635,-0.26590204,-0.831274,0.488139,,-0.00078119204,0.40388268,-0.37516966,-0.6747752,0.6637909,-0.32258356,-0.4361049,-0.71124357,-0.55131215,-0.59539145,-0.2313315,0.769412,,1.104150009959375,0.37856836549448547,0.21869838219,0.49444888673650844,-0.12201639429053832,1.2352390696554223,-0.3948026078465531,,-0.796870191626856,-0.29039792426946426,0.17395304397000003,-0.598245408761348,0.17762744969507258,-0.13961583543635186,0.5788913703798857,,-0.048616146314302056,-0.07213882130805563,0.0795457676,-0.07359428191455561,,-2.6848167e-05,-8.165836e-06,7.2717667e-06,1.0,-4.656613e-07,-4.0605664e-07,4.7311187e-07,1.0,-2.9802322e-08,4.0233135e-07,8.940697e-08,1.0,70,0.21,0,0,0.0,False,-0.25451604095677105,0.7524951921634981
0.22868998200283386,14:53:23.954159,14:53:09.986212,0,,0.1288891,0.005711913,0.0110587925,-0.8492772,-0.15250605,-0.5054405,-0.4921031,-0.11807236,0.8624927,-0.19121386,0.9812242,0.025227368,,0.034319393,-0.02897048,0.03362906,0.7127838,-0.5841046,0.3882795,-0.70112455,-0.6084283,0.37180543,0.019067049,-0.53724915,-0.8432081,,0.10691625,1.3440152,0.44341654,0.99563074,0.020226132,-0.091161236,-0.043968655,-0.7597138,-0.6487694,-0.082378544,0.64994293,-0.7555051,,-0.095429406,0.25377253,-0.071379244,0.8398015,0.048524782,0.5407206,-0.4731961,0.55364907,0.6852431,-0.26611817,-0.8313351,0.48791707,,-0.0007791931,0.40388024,-0.37517136,-0.67477465,0.6637969,-0.32257226,-0.43610162,-0.71123236,-0.55132926,-0.59539443,-0.2313487,0.7694045,,1.1038256551786576,0.37894677940532245,0.21865171575000003,0.49444888673650844,-0.12269957678936552,1.2355511229534826,-0.39496595191268724,,-0.7968547461611076,-0.2904133697352127,0.17395304397000003,-0.598245408761348,0.17762744969507258,-0.1396158354363518,0.5782379941153486,,-0.048616146314302056,-0.07213882130805563,0.0795457676,-0.07359428191455561,,-2.6848167e-05,-8.165836e-06,7.2717667e-06,1.0,-4.656613e-07,-4.0605664e-07,4.7311187e-07,1.0,-2.9802322e-08,4.0233135e-07,8.940697e-08,1.0,78,0.235,0,0,0.0,False,-0.25493308498641865,0.7513847475455706
0.25904115597950295,14:53:23.979425,14:53:09.986212,0,,0.12901126,0.005738735,0.011144951,-0.8500487,-0.15058874,-0.50471795,-0.49134094,-0.118484855,0.86287045,-0.18973997,0.98147047,0.026727408,,0.034318604,-0.028969407,0.03363031,0.71278626,-0.584103,0.38827744,-0.70112216,-0.60842663,0.37181252,0.019061565,-0.53725266,-0.84320587,,0.10691625,1.3440152,0.44341654,0.99563074,0.020226132,-0.091161236,-0.043968655,-0.7597138,-0.6487694,-0.082378544,0.64994293,-0.7555051,,-0.09555811,0.25384542,-0.07141367,0.84045804,0.046575103,0.53987134,-0.47163615,0.5534411,0.6864854,-0.26681387,-0.83158505,0.48711056,,-0.0007785901,0.40388197,-0.37517115,-0.6747766,0.6637956,-0.32257077,-0.43610525,-0.7112346,-0.5513234,-0.59538954,-0.23134533,0.7694093,,1.1033777366719526,0.37956459803526044,0.21859856786,0.49612640628438465,-0.12447585128631626,1.2367545194811145,-0.3954559841110902,,-0.7968547461611076,-0.29040564700233845,0.17395174768000002,-0.598245408761348,0.17762744969507258,-0.13961583543635184,0.57791130598308,,-0.048616146314302056,-0.07213882130805563,0.0795457676,-0.07359428191455561,,-2.6848167e-05,-8.165836e-06,7.2717667e-06,1.0,-4.656613e-07,-4.0605664e-07,4.7311187e-07,1.0,-2.9802322e-08,4.0233135e-07,8.940697e-08,1.0,86,0.259,0,0,0.0,False,-0.25558843989015,0.7514330277463501
0.2842785959946923,14:53:24.003191,14:53:09.986212,0,,0.12909414,0.0057591796,0.011200488,-0.85011894,-0.15105736,-0.50445956,-0.49107406,-0.11844194,0.8630283,-0.19011591,0.98140365,0.026509345,,0.034318373,-0.02896814,0.03363049,0.7127887,-0.58410156,0.3882753,-0.7011199,-0.60842496,0.37181965,0.019056082,-0.53725636,-0.84320366,,0.10691625,1.3440152,0.44341654,0.99563074,0.020226132,-0.091161236,-0.043968655,-0.7597138,-0.6487694,-0.082378544,0.64994293,-0.7555051,,-0.09564503,0.2538947,-0.07143339,0.8405778,0.047049556,0.53964365,-0.47167644,0.55344373,0.68645567,-0.26636496,-0.8315566,0.48740467,,-0.0007784313,0.40388277,-0.37517017,-0.67477864,0.66379434,-0.32256925,-0.4361089,-0.71123695,-0.5513175,-0.59538466,-0.23134196,0.76941407,,1.1031074410213548,0.3799430119460974,0.21856486432000002,0.4963360962278691,-0.12447585128631626,1.2365094832606929,-0.3959460163094929,,-0.7968547461611076,-0.29039792426946426,0.17395174768000002,-0.598245408761348,0.17762744969507258,-0.13961583543635184,0.57791130598308,,-0.048616146314302056,-0.07213882130805563,0.0795457676,-0.07359428191455561,,-2.6848167e-05,-8.165836e-06,7.2717667e-06,1.0,-4.656613e-07,-4.0605664e-07,4.7311187e-07,1.0,-2.9802322e-08,4.0233135e-07,8.940697e-08,1.0,97,0.292,0,0,0.0,False,-0.25558843989015,0.7506605445338792
0.3080516059999354,14:53:24.034296,14:53:09.986212,0,,0.12919185,0.0057625175,0.011274964,-0.85115933,-0.15089296,-0.50275165,-0.4893533,-0.11839822,0.86401117,-0.18989804,0.9814342,0.026935756,,0.034318484,-0.028969169,0.033631742,0.7125251,-0.58439726,0.3883139,-0.7013922,-0.60814285,0.3717676,0.01889038,-0.5372541,-0.8432088,,0.10691625,1.3440152,0.44341654,0.99563074,0.020226132,-0.091161236,-0.043968655,-0.7597138,-0.6487694,-0.082378544,0.64994293,-0.7555051,,-0.095749386,0.25394288,-0.071476884,0.8416717,0.046885196,0.53795034,-0.47019932,0.553492,0.6874294,-0.26552096,-0.83153373,0.48790395,,-0.00077861943,0.4038833,-0.37517172,-0.6744867,0.6640738,-0.32260448,-0.4363643,-0.7110522,-0.5513538,-0.59552824,-0.23110776,0.7693733,,1.102736749843392,0.38032914858980865,0.21850782756000003,0.49843299566271443,-0.12447585128631626,1.2364278045205523,-0.3961093603756273,,-0.7968547461611076,-0.29040564700233845,0.17395045139,-0.597826028874379,0.17762744969507258,-0.13953415669621128,0.57676789752014,,-0.048616146314302056,-0.07213882130805563,0.0795457676,-0.07359428191455561,,-2.6848167e-05,-8.165836e-06,7.2717667e-06,1.0,-4.656613e-07,-4.0605664e-07,4.7311187e-07,1.0,-2.9802322e-08,4.0233135e-07,8.940697e-08,1.0,105,0.317,0,0,0.0,False,-0.25481392954937654,0.7481982542941266
0.33916287499596365,14:53:24.064730,14:53:10.133454,0,,0.1292475,0.0057674646,0.011336535,-0.85112894,-0.15118566,-0.5027151,-0.48932952,-0.11828753,0.8640397,-0.19009529,0.9814025,0.026698261,,0.03431904,-0.028969213,0.03363347,0.7125231,-0.5843634,0.38836843,-0.7013941,-0.6081097,0.3718182,0.018893689,-0.53732836,-0.84316146,,0.10691625,1.3440152,0.44341654,0.99563074,0.020226132,-0.091161236,-0.043968655,-0.7597138,-0.6487694,-0.082378544,0.64994293,-0.7555051,,-0.095810585,0.2539851,-0.07151409,0.8416622,0.047184512,0.53793895,-0.4703106,0.55356383,0.68729544,-0.26535386,-0.831469,0.48810512,,-0.0007793334,0.40388465,-0.37517267,-0.67448497,0.66404575,-0.32266584,-0.4363623,-0.7111005,-0.5512931,-0.59553164,-0.23103969,0.7693911,,1.1025514042544107,0.38060716697328073,0.21845986483000002,0.49843299566271443,-0.1246124877860817,1.2362125074636863,-0.39610936037562716,,-0.7968624688939818,-0.29040564700233845,0.17394915510000003,-0.597826028874379,0.17762744969507258,-0.13961583543635184,0.5752978009249314,,-0.048616146314302056,-0.07213882130805563,0.0795457676,-0.07359428191455561,,-2.6848167e-05,-8.165836e-06,7.2717667e-06,1.0,-4.656613e-07,-4.0605664e-07,4.7311187e-07,1.0,-2.9802322e-08,4.0233135e-07,8.940697e-08,1.0,117,0.354,0,0,0.0,False,-0.2555288621716292,0.7466532878691838
0.3695851879892871,14:53:24.104022,14:53:10.133454,0,,0.12929517,0.005774662,0.011420533,-0.8500988,-0.15637067,-0.502872,-0.4895377,-0.117353916,0.8640492,-0.1941259,0.9807019,0.023213059,,0.034316592,-0.028968245,0.033632517,0.7125295,-0.58439785,0.38830504,-0.701388,-0.60814387,0.37177387,0.01888153,-0.5372523,-0.8432101,,0.10691625,1.3440152,0.44341654,0.99563074,0.020226132,-0.091161236,-0.043968655,-0.7597138,-0.6487694,-0.082378544,0.64994293,-0.7555051,,-0.09586597,0.25404388,-0.07156756,0.84102887,0.052451845,0.5384415,-0.47312227,0.55396575,0.68503815,-0.26234663,-0.8308855,0.4907173,,-0.0007768582,0.40388462,-0.37517136,-0.6744904,0.66407424,-0.32259583,-0.43636993,-0.71105117,-0.55135065,-0.5955199,-0.23110962,0.7693792,,1.1025127905900394,0.3807925125622621,0.21838856888000002,0.4963360962278691,-0.12119657529194568,1.233018666170573,-0.39561932817722434,,-0.7968470234282333,-0.29039792426946426,0.17394915510000003,-0.597826028874379,0.17762744969507258,-0.13953415669621128,0.5715408874038431,,-0.048616146314302056,-0.07213882130805563,0.0795457676,-0.07359428191455561,,-2.6848167e-05,-8.165836e-06,7.2717667e-06,1.0,-4.656613e-07,-4.0605664e-07,4.7311187e-07,1.0,-2.9802322e-08,4.0233135e-07,8.940697e-08,1.0,125,0.378,0,0,0.0,False,-0.25540970673458663,0.7457359640543744
0.4089106089959387,14:53:24.131372,14:53:10.133454,0,,0.12930058,0.005762756,0.011503115,-0.8495929,-0.15894383,-0.50292027,-0.4895617,-0.11717874,0.8640593,-0.19626844,0.9803091,0.02174136,,0.034313835,-0.028968751,0.033632576,0.71253335,-0.5844338,0.38824373,-0.7013842,-0.6081797,0.37172243,0.018874854,-0.5371726,-0.8432611,,0.10691625,1.3440152,0.44341654,0.99563074,0.020226132,-0.091161236,-0.043968655,-0.7597138,-0.6487694,-0.082378544,0.64994293,-0.7555051,,-0.095880106,0.25408846,-0.071636885,0.8407377,0.055056684,0.53863615,-0.47454995,0.5539173,0.6840892,-0.2606962,-0.8307493,0.4918263,,-0.00077409745,0.4038847,-0.37517187,-0.67449385,0.66410404,-0.32252732,-0.43637392,-0.7109995,-0.55141413,-0.5955131,-0.23118293,0.76936245,,1.1025745724530331,0.3808620171581301,0.21830819890000003,0.4952876465104465,-0.11928366429522952,1.2316221729991041,-0.39627270444176144,,-0.7968315779624849,-0.29039792426946426,0.17394785881000002,-0.597826028874379,0.17762744969507258,-0.1394524779560707,0.572030919602246,,-0.048616146314302056,-0.07213882130805563,0.0795457676,-0.07359428191455561,,-2.6848167e-05,-8.165836e-06,7.2717667e-06,1.0,-4.656613e-07,-4.0605664e-07,4.7311187e-07,1.0,-2.9802322e-08,4.0233135e-07,8.940697e-08,1.0,144,0.435,0,0,0.0,False,-0.2544564632382502,0.7443841184325493
0.43625055899610743,14:53:24.174451,14:53:10.133454,0,,0.12930572,0.00574854,0.011644915,-0.84822273,-0.16207212,-0.5042329,-0.49051863,-0.11870703,0.8633077,-0.1997741,0.9796128,0.021190554,,0.03431407,-0.028970033,0.033632457,0.712531,-0.584372,0.38834125,-0.7013866,-0.6081207,0.3718147,0.018880367,-0.5373067,-0.84317553,,0.10691625,1.3440152,0.44341654,0.99563074,0.020226132,-0.091161236,-0.043968655,-0.7597138,-0.6487694,-0.082378544,0.64994293,-0.7555051,,-0.09589997,0.25416982,-0.071752265,0.8396787,0.05816276,0.5399599,-0.47759765,0.55239516,0.6831984,-0.25853455,-0.8315508,0.49161285,,-0.00077425624,0.4038839,-0.37517288,-0.6744918,0.66405267,-0.3226373,-0.43637028,-0.7110872,-0.5513038,-0.59551805,-0.23106061,0.7693954,,1.102705858911895,0.38101647181561465,0.21817338474000003,0.4925616772451477,-0.11655093429992071,1.2315174621688305,-0.39561932817722434,,-0.7968315779624849,-0.29040564700233845,0.17394785881000002,-0.597826028874379,0.17762744969507258,-0.13961583543635184,0.5700707908086347,,-0.048616146314302056,-0.07213882130805563,0.0795457676,-0.07359428191455561,,-2.6848167e-05,-8.165836e-06,7.2717667e-06,1.0,-4.656613e-07,-4.0605664e-07,4.7311187e-07,1.0,-2.9802322e-08,4.0233135e-07,8.940697e-08,1.0,152,0.46,0,0,0.0,False,-0.25540970673458663,0.7443358382317702
0.47931793399038725,14:53:24.206388,14:53:10.254578,0,,0.12932098,0.0057546794,0.011868417,-0.84763366,-0.16490197,-0.50430596,-0.48988363,-0.1218375,0.8632322,-0.20379205,0.97875583,0.0224908,,0.034313284,-0.02896896,0.03363371,0.71253335,-0.5843703,0.3883392,-0.7013842,-0.608119,0.37182176,0.018874854,-0.53731036,-0.8431733,,0.10691625,1.3440152,0.44341654,0.99563074,0.020226132,-0.091161236,-0.043968655,-0.7597138,-0.6487694,-0.082378544,0.64994293,-0.7555051,,-0.09593706,0.25431955,-0.07191486,0.8395224,0.060912255,0.53989977,-0.47974882,0.5495446,0.6839897,-0.25503564,-0.8332409,0.49057755,,-0.0007736533,0.40388563,-0.37517267,-0.67449385,0.66405135,-0.3226358,-0.43637392,-0.71108955,-0.55129796,-0.5955131,-0.23105724,0.76940024,,1.1029220954323733,0.38139488572645164,0.21797505237000003,0.49130353758424056,-0.11286174880625381,1.232593115776055,-0.395292640044956,,-0.7968315779624849,-0.29039792426946426,0.17394656252000001,-0.597826028874379,0.17762744969507258,-0.13961583543635184,0.5700707908086347,,-0.048616146314302056,-0.07213882130805563,0.0795457676,-0.07359428191455561,,-2.6848167e-05,-8.165836e-06,7.2717667e-06,1.0,-4.656613e-07,-4.0605664e-07,4.7311187e-07,1.0,-2.9802322e-08,4.0233135e-07,8.940697e-08,1.0,160,0.485,0,0,0.0,False,-0.25546928445310746,0.7434667946177398
0.5112614629906602,14:53:24.234214,14:53:10.254578,0,,0.12932669,0.0057567656,0.012016565,-0.8475619,-0.16678818,-0.503806,-0.48913765,-0.12275767,0.86352473,-0.20587173,0.97832114,0.022462338,,0.034314387,-0.028968796,0.033634305,0.7125315,-0.58439994,0.3882982,-0.7013861,-0.6081466,0.37177294,0.018878222,-0.5372469,-0.8432137,,0.10691625,1.3440152,0.44341654,0.99563074,0.020226132,-0.091161236,-0.043968655,-0.7597138,-0.6487694,-0.082378544,0.64994293,-0.7555051,,-0.09595733,0.25441742,-0.07202439,0.839693,0.06278659,0.5394196,-0.480539,0.54861814,0.68417865,-0.25297815,-0.83371216,0.49084222,,-0.0007748115,0.40388605,-0.37517282,-0.6744921,0.664076,-0.32258868,-0.43637192,-0.7110478,-0.5513534,-0.5955165,-0.23111485,0.7693803,,1.1030688273569835,0.38164201317842683,0.21784283079000002,0.49109384764075603,-0.11081220130977221,1.2322287070628577,-0.39692608070629853,,-0.7968393006953591,-0.29039792426946426,0.17394656252000001,-0.597826028874379,0.17762744969507258,-0.13953415669621128,0.5702341348747688,,-0.048616146314302056,-0.07213882130805563,0.0795457676,-0.07359428191455561,,-2.6848167e-05,-8.165836e-06,7.2717667e-06,1.0,-4.656613e-07,-4.0605664e-07,4.7311187e-07,1.0,-2.9802322e-08,4.0233135e-07,8.940697e-08,1.0,168,0.509,0,0,0.0,False,-0.2557075953271921,0.7419701083935766
0.5390792249818332,14:53:24.260367,14:53:10.254578,0,,0.12935519,0.0058034956,0.0121989995,-0.84619486,-0.17406738,-0.5036416,-0.48883027,-0.12267974,0.8637098,-0.21213026,0.977062,0.01872152,,0.03431218,-0.028969124,0.033633232,0.7125354,-0.58453107,0.38809368,-0.7013823,-0.6082735,0.37157243,0.018871546,-0.5369606,-0.8433962,,0.10691625,1.3440152,0.44341654,0.99563074,0.020226132,-0.091161236,-0.043968655,-0.7597138,-0.6487694,-0.082378544,0.64994293,-0.7555051,,-0.09600158,0.2545708,-0.07212827,0.8389704,0.07015034,0.5396365,-0.4844198,0.54806805,0.6818789,-0.24792348,-0.83348686,0.4937951,,-0.00077249506,0.40388522,-0.37517253,-0.6744956,0.6641848,-0.32235742,-0.43637592,-0.710861,-0.55159104,-0.5955097,-0.23137668,0.76930684,,1.1033391230075815,0.3820435952878865,0.21769894260000003,0.48836787837545725,-0.10521010481938914,1.2283956816725696,-0.3970894247724328,,-0.7968238552296106,-0.29039792426946426,0.17394656252000001,-0.597826028874379,0.17762744969507258,-0.13920744173564897,0.5676206298166204,,-0.048616146314302056,-0.07213882130805563,0.0795457676,-0.07359428191455561,,-2.6848167e-05,-8.165836e-06,7.2717667e-06,1.0,-4.656613e-07,-4.0605664e-07,4.7311187e-07,1.0,-2.9802322e-08,4.0233135e-07,8.940697e-08,1.0,183,0.555,0,0,0.0,False,-0.25576717304571295,0.740859663775649
0.5652470399800222,14:53:24.304133,14:53:10.369773,0,,0.12938604,0.00583145,0.0124293715,-0.84457976,-0.18376666,-0.5029063,-0.48696133,-0.12686795,0.8641604,-0.22260652,0.9747484,0.017662823,,0.03431431,-0.028971568,0.0336352,0.71252656,-0.5844983,0.3881592,-0.70139074,-0.6082411,0.3716097,0.018889189,-0.537033,-0.8433497,,0.10691625,1.3440152,0.44341654,0.99563074,0.020226132,-0.091161236,-0.043968655,-0.7597138,-0.6487694,-0.082378544,0.64994293,-0.7555051,,-0.096053794,0.2547411,-0.07228017,0.8384943,0.07982212,0.5390322,-0.48986918,0.54366535,0.6815102,-0.23865357,-0.8354977,0.4949627,,-0.0007746848,0.40388536,-0.37517563,-0.6744881,0.66415757,-0.32242894,-0.43636465,-0.7109081,-0.5515393,-0.59552634,-0.23131011,0.769314,,1.1036943687197958,0.38230616820561014,0.21750061023000003,0.48522252922318937,-0.09496236733698112,1.2270637105474262,-0.39676273664016404,,-0.7968393006953591,-0.2904133697352127,0.17394526623,-0.597826028874379,0.17762744969507258,-0.13928912047578962,0.5668039094859489,,-0.048616146314302056,-0.07213882130805563,0.0795457676,-0.07359428191455561,,-2.6848167e-05,-8.165836e-06,7.2717667e-06,1.0,-4.656613e-07,-4.0605664e-07,4.7311187e-07,1.0,-2.9802322e-08,4.0233135e-07,8.940697e-08,1.0,191,0.579,0,0,0.0,False,-0.25588632848275505,0.736369605103159
0.6090142539760564,14:53:24.325667,14:53:10.369773,0,,0.129389,0.005838871,0.012560129,-0.84357685,-0.18889599,-0.5026892,-0.48622262,-0.12869972,0.8643055,-0.22795977,0.9735269,0.01672256,,0.034311634,-0.028969318,0.033634365,0.7125354,-0.58443594,0.3882369,-0.7013823,-0.60818243,0.3717215,0.018871546,-0.53716713,-0.8432646,,0.10691625,1.3440152,0.44341654,0.99563074,0.020226132,-0.091161236,-0.043968655,-0.7597138,-0.6487694,-0.082378544,0.64994293,-0.7555051,,-0.09606938,0.25483176,-0.07237345,0.8380642,0.08495485,0.53891665,-0.49282292,0.5416291,0.68100184,-0.2340385,-0.8363137,0.49578762,,-0.0007720508,0.40388614,-0.3751733,-0.6744956,0.6641058,-0.32252017,-0.43637592,-0.71099615,-0.5514168,-0.5955097,-0.23118816,0.7693635,,1.1039260507060225,0.3824142864658493,0.21738394413000003,0.4833353197318287,-0.08977018034589437,1.2260153010724442,-0.39757945697083563,,-0.7968238552296106,-0.29039792426946426,0.17394526623,-0.597826028874379,0.17762744969507258,-0.13945247795607074,0.5625569637664577,,-0.048616146314302056,-0.07213882130805563,0.0795457676,-0.07359428191455561,,-2.6848167e-05,-8.165836e-06,7.2717667e-06,1.0,-4.656613e-07,-4.0605664e-07,4.7311187e-07,1.0,-2.9802322e-08,4.0233135e-07,8.940697e-08,1.0,203,0.616,0,0,0.0,False,-0.2561246393568388,0.7347280782766576
0.630532063980354,14:53:24.356224,14:53:10.369773,0,,0.12935442,0.0058425814,0.012740895,-0.84338534,-0.19067931,-0.5023371,-0.4854914,-0.13013828,0.8645011,-0.2302157,0.9729879,0.017183483,,0.034314703,-0.028967619,0.033636093,0.7125319,-0.58452314,0.388112,-0.70138574,-0.6082636,0.37158224,0.018876076,-0.53698033,-0.84338343,,0.10691625,1.3440152,0.44341654,0.99563074,0.020226132,-0.091161236,-0.043968655,-0.7597138,-0.6487694,-0.082378544,0.64994293,-0.7555051,,-0.09605278,0.25495327,-0.07251075,0.83813256,0.08671274,0.5385302,-0.49374247,0.54023856,0.6814401,-0.23184521,-0.8370324,0.4956053,,-0.0007753667,0.4038882,-0.37517276,-0.6744924,0.6641783,-0.32237735,-0.43637356,-0.71087325,-0.5515771,-0.595515,-0.23135762,0.76930845,,1.104289019151111,0.38263052298632755,0.21722061159000003,0.48291593984485953,-0.08744735984988189,1.225999807732838,-0.39741611290470147,,-0.7968470234282333,-0.29039020153659,0.17394526623,-0.597826028874379,0.17762744969507258,-0.139207441735649,0.5610868671712492,,-0.048616146314302056,-0.07213882130805563,0.0795457676,-0.07359428191455561,,-2.6848167e-05,-8.165836e-06,7.2717667e-06,1.0,-4.656613e-07,-4.0605664e-07,4.7311187e-07,1.0,-2.9802322e-08,4.0233135e-07,8.940697e-08,1.0,211,0.64,0,0,0.0,False,-0.25588632848275505,0.7327968702454792
0.6611061499861535,14:53:24.385816,14:53:10.369773,0,,0.12932248,0.005815372,0.012892082,-0.84341437,-0.19057465,-0.5023281,-0.48543411,-0.13034937,0.8645015,-0.23023018,0.97298014,0.017427027,,0.03431384,-0.02896899,0.033635437,0.7125315,-0.5845268,0.38810727,-0.7013861,-0.608268,0.37157425,0.018878222,-0.5369714,-0.84338915,,0.10691625,1.3440152,0.44341654,0.99563074,0.020226132,-0.091161236,-0.043968655,-0.7597138,-0.6487694,-0.082378544,0.64994293,-0.7555051,,-0.09603734,0.25503197,-0.07264559,0.8381655,0.08659949,0.53849703,-0.49370763,0.54007035,0.68159866,-0.23180021,-0.8371526,0.4954232,,-0.00077436725,0.40388697,-0.3751736,-0.6744921,0.66418135,-0.32237172,-0.43637192,-0.71086764,-0.5515857,-0.5955165,-0.23136622,0.7693047,,1.104489810205841,0.3827695321780636,0.21707153824000003,0.48291593984485953,-0.08744735984988189,1.2259998077328382,-0.39774280103697,,-0.7968393006953591,-0.29039792426946426,0.17394526623,-0.597826028874379,0.17762744969507258,-0.13920744173564906,0.5588000502453693,,-0.048616146314302056,-0.07213882130805563,0.0795457676,-0.07359428191455561,,-2.6848167e-05,-8.165836e-06,7.2717667e-06,1.0,-4.656613e-07,-4.0605664e-07,4.7311187e-07,1.0,-2.9802322e-08,4.0233135e-07,8.940697e-08,1.0,230,0.699,0,0,0.0,False,-0.2556480176086704,0.7315415850252136
0.6906678179802839,14:53:24.436761,14:53:10.369773,0,,0.12934208,0.0058465153,0.013037071,-0.84262455,-0.19309647,-0.5026903,-0.48579141,-0.13022229,0.86432,-0.23235859,0.97249985,0.015923887,,0.034312733,-0.028969154,0.0336349,0.71253335,-0.5844972,0.38814825,-0.7013842,-0.6082404,0.37162304,0.018874854,-0.53703487,-0.84334886,,0.10691625,1.3440152,0.44341654,0.99563074,0.020226132,-0.091161236,-0.043968655,-0.7597138,-0.6487694,-0.082378544,0.64994293,-0.7555051,,-0.09606976,0.25514942,-0.07273238,0.837575,0.08915972,0.53899777,-0.4953871,0.53992695,0.6804929,-0.23034686,-0.8369764,0.49639788,,-0.00077320903,0.40388656,-0.37517345,-0.67449385,0.66415673,-0.3224188,-0.43637392,-0.71090937,-0.5515303,-0.5955131,-0.23130861,0.76932466,,1.1046365421304511,0.38317111428752326,0.21695746472000002,0.48144811024046796,-0.08594435835246203,1.224447495831615,-0.39806948916923857,,-0.7968315779624849,-0.29039792426946426,0.17394526623,-0.597826028874379,0.17762744969507258,-0.1392891204757896,0.5570032655178923,,-0.048616146314302056,-0.07213882130805563,0.0795457676,-0.07359428191455561,,-2.6848167e-05,-8.165836e-06,7.2717667e-06,1.0,-4.656613e-07,-4.0605664e-07,4.7311187e-07,1.0,-2.9802322e-08,4.0233135e-07,8.940697e-08,1.0,238,0.722,0,0,0.0,False,-0.2557075953271921,0.7286447729784458
0.7416304979997221,14:53:24.466556,14:53:10.521915,0,,0.12937728,0.005859807,0.01311864,-0.842256,-0.1953166,-0.50245017,-0.48545587,-0.13044256,0.86447525,-0.23438719,0.9720268,0.015048385,,0.03431218,-0.028969362,0.033636034,0.71253335,-0.5845289,0.3881005,-0.7013842,-0.60827076,0.37157336,0.018874854,-0.53696597,-0.8433927,,0.10691625,1.3440152,0.44341654,0.99563074,0.020226132,-0.091161236,-0.043968655,-0.7597138,-0.6487694,-0.082378544,0.64994293,-0.7555051,,-0.0961122,0.2552116,-0.0727814,0.8374261,0.09140291,0.5388534,-0.4964639,0.53951615,0.68003374,-0.22856306,-0.8369993,0.49718317,,-0.0007727648,0.40388748,-0.37517425,-0.67449385,0.6641831,-0.32236457,-0.43637392,-0.71086437,-0.55158836,-0.5955131,-0.23137145,0.76930577,,1.1046210966647028,0.38340279627375,0.21689265022,0.4808190404100144,-0.0841680838555113,1.223489135524405,-0.3970894247724328,,-0.7968315779624849,-0.29039792426946426,0.17394396994000003,-0.597826028874379,0.17762744969507258,-0.13920744173564897,0.5548797926581466,,-0.048616146314302056,-0.07213882130805563,0.0795457676,-0.07359428191455561,,-2.6848167e-05,-8.165836e-06,7.2717667e-06,1.0,-4.656613e-07,-4.0605664e-07,4.7311187e-07,1.0,-2.9802322e-08,4.0233135e-07,8.940697e-08,1.0,250,0.759,0,0,0.0,False,-0.25558843989015,0.7272446471558416
0.7714436939859297,14:53:24.504516,14:53:10.521915,0,,0.12939063,0.0058515966,0.013171509,-0.8413338,-0.1975379,-0.50312644,-0.48614874,-0.13030949,0.86410594,-0.23625575,0.97159576,0.0136009455,,0.03431305,-0.028967917,0.03363669,0.7125338,-0.5845252,0.3881052,-0.70138377,-0.60826635,0.37158135,0.018872738,-0.53697497,-0.843387,,0.10691625,1.3440152,0.44341654,0.99563074,0.020226132,-0.091161236,-0.043968655,-0.7597138,-0.6487694,-0.082378544,0.64994293,-0.7555051,,-0.096131116,0.2552394,-0.072825104,0.8366623,0.09365985,0.5396518,-0.4982326,0.53940064,0.6788308,-0.22750932,-0.83682424,0.49796054,,-0.0007737642,0.4038887,-0.3751734,-0.6744941,0.66418004,-0.32237023,-0.43637556,-0.71086997,-0.5515798,-0.5955116,-0.23136285,0.7693095,,1.1046210966647028,0.3834645781367438,0.21684209491000003,0.4791415208621381,-0.0828017188578569,1.2223749564874407,-0.39676273664016437,,-0.7968393006953591,-0.29039020153659,0.17394396994000003,-0.597826028874379,0.17762744969507258,-0.13928912047578956,0.5538997282613409,,-0.048616146314302056,-0.07213882130805563,0.0795457676,-0.07359428191455561,,-2.6848167e-05,-8.165836e-06,7.2717667e-06,1.0,-4.656613e-07,-4.0605664e-07,4.7311187e-07,1.0,-2.9802322e-08,4.0233135e-07,8.940697e-08,1.0,258,0.784,0,0,0.0,False,-0.2551118181419816,0.724878917317648
0.8093649169895798,14:53:24.527099,14:53:10.521915,0,,0.12940086,0.0058472306,0.01318644,-0.8411965,-0.19932428,-0.5026514,-0.48563236,-0.13032356,0.86439407,-0.23780198,0.9712289,0.012829393,,0.034313288,-0.028969198,0.03363657,0.7125315,-0.58449507,0.388155,-0.7013861,-0.6082377,0.3716239,0.018878222,-0.53704023,-0.8433453,,0.10691625,1.3440152,0.44341654,0.99563074,0.020226132,-0.091161236,-0.043968655,-0.7597138,-0.6487694,-0.082378544,0.64994293,-0.7555051,,-0.09614298,0.2552455,-0.072838075,0.8367038,0.09547114,0.53927,-0.49885154,0.5392028,0.6785334,-0.22599551,-0.83674705,0.4987789,,-0.000773923,0.4038879,-0.3751744,-0.6744921,0.664155,-0.32242596,-0.43637192,-0.7109127,-0.55152756,-0.5955165,-0.23130338,0.7693236,,1.1046133739318285,0.38344140993812115,0.21682653943000002,0.47893183091865366,-0.08116208086067163,1.221528014083927,-0.39676273664016426,,-0.7968393006953591,-0.29039792426946426,0.17394396994000003,-0.597826028874379,0.17762744969507258,-0.13928912047578956,0.5524296316661323,,-0.048616146314302056,-0.07213882130805563,0.0795457676,-0.07359428191455561,,-2.6848167e-05,-8.165836e-06,7.2717667e-06,1.0,-4.656613e-07,-4.0605664e-07,4.7311187e-07,1.0,-2.9802322e-08,4.0233135e-07,8.940697e-08,1.0,277,0.841,0,0,0.0,False,-0.25558843989015,0.7223683468771163
0.8319657550018746,14:53:24.578209,14:53:10.521915,0,,0.12941347,0.005840808,0.0132318735,-0.8410656,-0.19910955,-0.5029554,-0.48542678,-0.13244757,0.86418664,-0.238683,0.97098565,0.014743984,,0.034314312,-0.028971806,0.03363806,0.7125247,-0.5844962,0.38816598,-0.7013926,-0.6082383,0.3716106,0.018892497,-0.53703845,-0.8433461,,0.10691625,1.3440152,0.44341654,0.99563074,0.020226132,-0.091161236,-0.043968655,-0.7597138,-0.6487694,-0.082378544,0.64994293,-0.7555051,,-0.09616034,0.25526986,-0.0728751,0.83667094,0.095181264,0.5393721,-0.4992729,0.5374271,0.6796313,-0.225185,-0.8379216,0.49717107,,-0.0007749545,0.40388763,-0.37517735,-0.67448646,0.6641559,-0.3224361,-0.43636265,-0.7109114,-0.55153656,-0.59552974,-0.23130487,0.7693129,,1.10459792846608,0.38351091453398917,0.21678376186000003,0.4787221409751691,-0.08034226186207899,1.2234732263462467,-0.3970894247724328,,-0.7968470234282333,-0.2904133697352127,0.17394267365000002,-0.597826028874379,0.17762744969507258,-0.13928912047578962,0.5462225571530298,,-0.048616146314302056,-0.07213882130805563,0.0795457676,-0.07359428191455561,,-2.6848167e-05,-8.165836e-06,7.2717667e-06,1.0,-4.656613e-07,-4.0605664e-07,4.7311187e-07,1.0,-2.9802322e-08,4.0233135e-07,8.940697e-08,1.0,281,0.853,0,0,0.0,False,-0.25624379479388093,0.7155125583664335
0.8830980679776985,14:53:24.610043,14:53:10.675460,0,,0.12943731,0.0058331788,0.013300762,-0.83976483,-0.20344645,-0.50339305,-0.4858532,-0.13229248,0.8639707,-0.2423669,0.9701073,0.01224944,,0.034313098,-0.028970927,0.033636212,0.71279013,-0.5842658,0.38802522,-0.70111847,-0.6085839,0.37156224,0.01905489,-0.53689754,-0.8434322,,0.10691625,1.3440152,0.44341654,0.99563074,0.020226132,-0.091161236,-0.043968655,-0.7597138,-0.6487694,-0.082378544,0.64994293,-0.7555051,,-0.09619123,0.2553082,-0.07292938,0.8357238,0.09958641,0.54004467,-0.5020323,0.53709835,0.67785615,-0.22255185,-0.8376204,0.49886146,,-0.00077360816,0.40388668,-0.37517563,-0.6747801,0.6639307,-0.32228535,-0.43610927,-0.7110028,-0.5516192,-0.59538275,-0.23166999,0.76931685,,1.1046056511989544,0.38356497366410874,0.21671894736000002,0.47641555159683935,-0.07719962236747385,1.2213190082619316,-0.3959460163094929,,-0.7968393006953591,-0.29040564700233845,0.17394396994000003,-0.598245408761348,0.17762744969507258,-0.139207441735649,0.5418122673674043,,-0.048616146314302056,-0.07213882130805563,0.0795457676,-0.07359428191455561,,-2.6848167e-05,-8.165836e-06,7.2717667e-06,1.0,-4.656613e-07,-4.0605664e-07,4.7311187e-07,1.0,-2.9802322e-08,4.0233135e-07,8.940697e-08,1.0,293,0.89,0,0,0.0,False,-0.25624379479388093,0.7140641523430493
0.9149323199817445,14:53:24.637293,14:53:10.675460,0,,0.12943114,0.0057937354,0.013427302,-0.838928,-0.2051982,-0.5040771,-0.48609492,-0.13404024,0.8635652,-0.24476859,0.9694983,0.012704253,,0.034306627,-0.02896677,0.033638597,0.7127712,-0.5842563,0.38807428,-0.70113695,-0.6085617,0.37156355,0.01907885,-0.536933,-0.84340906,,0.10691309,1.3440152,0.44342133,0.9956314,0.02023754,-0.09115149,-0.043953706,-0.75971353,-0.64877075,-0.082378544,0.64994293,-0.7555051,,-0.09619818,0.25535682,-0.07304816,0.83512694,0.10130733,0.54064757,-0.50379366,0.535429,0.67787,-0.22080518,-0.8384823,0.49818918,,-0.0007650092,0.40388906,-0.3751697,-0.6747519,0.66393393,-0.3223377,-0.43610394,-0.711014,-0.551609,-0.5954185,-0.23162645,0.76930225,,1.1046133739318285,0.38364220099285096,0.21658283691000002,0.47494772199244767,-0.07515007487099225,1.2220164231705617,-0.3970894247724329,,-0.7968238552296106,-0.29040564700233845,0.17394396994000003,-0.598245408761348,0.17762744969507258,-0.139207441735649,0.5391987623092558,,-0.048616146314302056,-0.07213882130805563,0.0795457676,-0.07359428191455561,,-3.0387193e-05,-5.1259995e-06,3.9339066e-06,1.0,1.0881573e-05,9.354204e-06,-1.0874122e-05,1.0,1.1920929e-06,-9.354204e-06,-1.1622906e-06,1.0,301,0.915,0,0,0.0,False,-0.25576717304571295,0.7130985483274603
0.9421771159977652,14:53:24.660446,14:53:10.675460,0,,0.1294441,0.0057804286,0.013495609,-0.83890456,-0.20570412,-0.50390977,-0.48571816,-0.13482147,0.86365575,-0.2455953,0.96928275,0.013188064,,0.034309305,-0.028969005,0.03363949,0.7127624,-0.58425516,0.38809204,-0.70114547,-0.6085596,0.3715512,0.019096494,-0.53693664,-0.8434064,,0.10691309,1.3440152,0.44342133,0.9956314,0.02023754,-0.09115149,-0.043953706,-0.75971353,-0.64877075,-0.082378544,0.64994293,-0.7555051,,-0.096218474,0.25539082,-0.073106825,0.83520365,0.1017946,0.5404375,-0.50404674,0.53471076,0.6782487,-0.2199357,-0.83888155,0.49790162,,-0.000767643,0.4038883,-0.37517202,-0.6747445,0.6639331,-0.32235497,-0.43609267,-0.711016,-0.5516153,-0.5954352,-0.23162273,0.7692905,,1.10459792846608,0.38373487378734167,0.21651672612000003,0.47494772199244767,-0.07433025587239961,1.2224097393702105,-0.39659939257403,,-0.7968393006953591,-0.2904210924680869,0.17394396994000003,-0.598245408761348,0.17762744969507258,-0.139207441735649,0.5391987623092558,,-0.048616146314302056,-0.07213882130805563,0.0795457676,-0.07359428191455561,,-3.0387193e-05,-5.1259995e-06,3.9339066e-06,1.0,1.0881573e-05,9.354204e-06,-1.0874122e-05,1.0,1.1920929e-06,-9.354204e-06,-1.1622906e-06,1.0,309,0.939,0,0,0.0,False,-0.2561246393568388,0.7084636490526321
0.9653228139795829,14:53:24.689685,14:53:10.675460,0,,0.12946567,0.0057573766,0.0135746,-0.83887756,-0.20619382,-0.5037546,-0.4855095,-0.13498706,0.8637471,-0.24609955,0.96915555,0.013128459,,0.034310646,-0.028970093,0.033639908,0.71275806,-0.58419126,0.38819635,-0.70114964,-0.6084978,0.3716444,0.019105315,-0.5370762,-0.84331733,,0.10691309,1.3440152,0.44342133,0.9956314,0.02023754,-0.09115149,-0.043953706,-0.75971353,-0.64877075,-0.082378544,0.64994293,-0.7555051,,-0.09624884,0.25542414,-0.07317898,0.8352368,0.10228611,0.5402935,-0.50421757,0.5345166,0.67827475,-0.21941775,-0.8389455,0.49802238,,-0.0007689599,0.40388793,-0.37517315,-0.6747408,0.66388,-0.32247207,-0.43608704,-0.7111071,-0.5515023,-0.5954435,-0.23149519,0.76932245,,1.104520701137338,0.383850714780455,0.21643765243000002,0.47494772199244767,-0.07392034637310328,1.2223205218795428,-0.3970894247724329,,-0.7968470234282333,-0.29042881520096114,0.17394396994000003,-0.598245408761348,0.17762744969507258,-0.13937079921593015,0.5362585691188387,,-0.048616146314302056,-0.07213882130805563,0.0795457676,-0.07359428191455561,,-3.0387193e-05,-5.1259995e-06,3.9339066e-06,1.0,1.0881573e-05,9.354204e-06,-1.0874122e-05,1.0,1.1920929e-06,-9.354204e-06,-1.1622906e-06,1.0,324,0.984,0,0,0.0,False,-0.2556480176086704,0.7061461994152181
0.9945488550001755,14:53:24.726509,14:53:10.675460,0,,0.129512,0.005769089,0.013704658,-0.8375584,-0.20973557,-0.5044869,-0.4862282,-0.13494924,0.86334866,-0.24915497,0.9684006,0.011048406,,0.03431033,-0.028971538,0.03364098,0.7127556,-0.58419275,0.38819844,-0.70115197,-0.6084995,0.37163728,0.019110769,-0.5370726,-0.8433195,,0.10691309,1.3440152,0.44342133,0.9956314,0.02023754,-0.09115149,-0.043953706,-0.75971353,-0.64877075,-0.082378544,0.64994293,-0.7555051,,-0.09630725,0.25551635,-0.0732643,0.8341951,0.10588314,0.54120916,-0.50679,0.5341562,0.67663956,-0.21744551,-0.8387288,0.49925095,,-0.0007686743,0.40388805,-0.37517494,-0.67473876,0.6638813,-0.32247356,-0.4360834,-0.7111048,-0.5515081,-0.59544843,-0.23149855,0.7693176,,1.1045052556715893,0.3841905150269209,0.21633006036000002,0.4726411326141179,-0.07173416237685623,1.2205378354204002,-0.3970894247724329,,-0.7968470234282333,-0.29043653793383534,0.17394267365000002,-0.598245408761348,0.17762744969507258,-0.13937079921593018,0.5320116233993475,,-0.048616146314302056,-0.07213882130805563,0.0795457676,-0.07359428191455561,,-3.0387193e-05,-5.1259995e-06,3.9339066e-06,1.0,1.0881573e-05,9.354204e-06,-1.0874122e-05,1.0,1.1920929e-06,-9.354204e-06,-1.1622906e-06,1.0,349,1.062,0,0,0.0,False,-0.2556480176086704,0.7038770299785839
