Task Time,PC1 Time,PC2 Time,Gaze Calib,s_T_psm1,Tx,Ty,Tz,R00,R01,R02,R10,R11,R12,R20,R21,R22,s_T_psm3,Tx,Ty,Tz,R00,R01,R02,R10,R11,R12,R20,R21,R22,cart_T_ecm,Tx,Ty,Tz,R00,R01,R02,R10,R11,R12,R20,R21,R22,ecm_T_psm1,Tx,Ty,Tz,R00,R01,R02,R10,R11,R12,R20,R21,R22,ecm_T_psm3,Tx,Ty,Tz,R00,R01,R02,R10,R11,R12,R20,R21,R22,psm1_joints,q1,q2,q3,q4,q5,q6,jaw,psm3_joints,q1,q2,q3,q4,q5,q6,jaw,ecm_joints,q1,q2,q3,q4,ecmi_T_ecm,Tx,Ty,Tz,R00,R01,R02,R10,R11,R12,R20,R21,R22,Sample #,Task Duration (s),Collisions (binary),Collisions (increments),Cumulative Collision Time (s),Clutch Press,MTMR Angle,MTML Angle
""
lci_T_si,,,,,-0.06275115,0.020269286,0.23277931,0.9922883,-0.04035988,0.11719676,0.048105527,-0.7459988,-0.6642075,0.11423598,0.66472316,-0.7383043
rci_T_si,,,,,-0.0725517,0.024538085,0.24269353,0.9888494,-0.06173267,0.13552107,0.047746018,-0.730564,-0.6811729,0.14105745,0.680048,-0.71947026
ecm_T_lc,,,,,-4.4061628e-05,-0.00034663224,-0.01840835,-0.99912,0.030754527,0.028518902,-0.031987965,-0.99852574,-0.043852776,0.027128186,-0.04472645,0.9986309
ecm_T_rc,,,,,-0.0043358393,0.01870579,-0.007592615,-0.99555075,-0.052743673,-0.078081585,0.04863213,-0.9973746,0.053654674,-0.08070653,0.04961868,0.9955021
cart_T_ecmi,,,,,0.1069438,1.3440125,0.4434251,0.99563074,0.020226603,-0.091160834,-0.043968037,-0.75971377,-0.64876944,-0.082378544,0.64994293,-0.7555051
ecmac_T_ecmrep_psm1,,,,,0.01038242,-0.2501324,-0.30762842,0.998145,0.0496832,0.035188068,-0.04731537,0.99675006,-0.06519635,-0.03831287,0.06341047,0.99725187
ecmac_T_ecmrep_psm3,,,,,-0.018947443,-0.4527795,-0.5580277,0.99342906,-0.031421527,0.110051684,0.0051236153,0.97282016,0.23150527,-0.11433475,-0.2294202,0.9665888
""
0,14:48:42.702602,14:48:28.763628,0,,0.118698046,0.0048000216,0.017976478,-0.72883624,-0.38323158,-0.5673899,-0.58049375,-0.09357238,0.8088702,-0.36307657,0.91890013,-0.15426466,,0.03940541,-0.060383268,0.03598976,0.4197173,-0.7883902,0.4497533,-0.36034033,0.31005555,0.87978417,-0.83306175,-0.531325,-0.15395322,,0.10695681,1.3440118,0.44342306,0.9956293,0.020202175,-0.091181695,-0.044000052,-0.7597144,-0.64876646,-0.082378544,0.64994293,-0.7555051,,-0.08606601,0.25787324,-0.078252256,0.7329563,0.28519663,0.61760664,-0.65562755,0.5383196,0.5294946,-0.18145968,-0.7930163,0.5815475,,-0.0045107473,0.38853568,-0.40290356,-0.3177041,0.81970155,-0.47660613,-0.93685967,-0.1938976,0.2910286,0.1461438,0.53897405,0.82954746,,1.157707162442122,0.35867460561048314,0.21152082446000003,0.2816135940997162,0.034022488441594674,1.054255212621619,-0.4029698111532668,,-0.7940436713948898,-0.5262656317140292,0.17805839440000001,0.1396535023606932,1.2806939123014733,-0.32383184456665837,0.7744142175426179,,-0.048616146314302056,-0.0721453662927506,0.0795457676,-0.07359428191455561,,1.31465495e-05,-4.7683716e-07,8.34465e-07,0.99999994,-2.4292618e-05,-2.0902604e-05,2.4292618e-05,0.99999994,-2.682209e-06,2.0895153e-05,2.682209e-06,0.99999994,38,0.114,0,0,0.0,False,-0.25642252794944387,0.9489956093358944
0.12306756200268865,14:48:42.733390,14:48:28.763628,0,,0.11872129,0.0048180968,0.018072933,-0.7282623,-0.38306472,-0.5682388,-0.5808903,-0.09487417,0.8084338,-0.36359358,0.9188363,-0.15342537,,0.039406255,-0.06038592,0.035988808,0.4197165,-0.78838706,0.44975963,-0.3603546,0.31005368,0.879779,-0.8330561,-0.5313308,-0.1539644,,0.10695681,1.3440118,0.44342306,0.9956293,0.020202175,-0.091181695,-0.044000052,-0.7597144,-0.64876646,-0.082378544,0.64994293,-0.7555051,,-0.08609784,0.25794905,-0.07831064,0.7324184,0.2849754,0.6183464,-0.6562815,0.53728575,0.5297345,-0.1812674,-0.7937966,0.5805421,,-0.0045113573,0.38853338,-0.4029053,-0.3177031,0.8196991,-0.47661105,-0.9368624,-0.1939038,0.29101574,0.14612864,0.5389756,0.82954913,,1.1577534988393674,0.35899123765832636,0.21144434335,0.2807748343257781,0.034022488441594674,1.0552353575033058,-0.4023164348887298,,-0.7940436713948898,-0.5262810771797777,0.17805969069000002,0.1396535023606932,1.2806939123014733,-0.32383184456665837,0.7744142175426179,,-0.048616146314302056,-0.0721453662927506,0.0795457676,-0.07359428191455561,,1.31465495e-05,-4.7683716e-07,8.34465e-07,0.99999994,-2.4292618e-05,-2.0902604e-05,2.4292618e-05,0.99999994,-2.682209e-06,2.0895153e-05,2.682209e-06,0.99999994,46,0.138,0,0,0.0,False,-0.25672041654204936,0.9489473291351151
0.15378494100878015,14:48:42.769818,14:48:28.763628,0,,0.11875327,0.0048389137,0.018149212,-0.7281032,-0.3832341,-0.56832844,-0.58088404,-0.095220596,0.80839753,-0.363922,0.9187298,-0.15328422,,0.039406635,-0.060389705,0.035989106,0.41971523,-0.78838235,0.44976908,-0.3603761,0.31005073,0.8797712,-0.8330474,-0.53133947,-0.15398121,,0.10695681,1.3440118,0.44342306,0.9956293,0.020202175,-0.091181695,-0.044000052,-0.7597144,-0.64876646,-0.082378544,0.64994293,-0.7555051,,-0.08613622,0.25801358,-0.0783511,0.7322932,0.28513792,0.61841977,-0.65649515,0.5369586,0.5298015,-0.18099931,-0.7939596,0.5804028,,-0.0045115747,0.38853157,-0.40290865,-0.3177016,0.8196954,-0.4766184,-0.93686646,-0.19391313,0.29099646,0.1461059,0.5389778,0.82955164,,1.157745776106493,0.3593001469732953,0.21138730659000002,0.2805651443822936,0.034022488441594674,1.0553170362434463,-0.402479778954864,,-0.7940436713948898,-0.5263042453784004,0.17805969069000002,0.1396535023606932,1.2806939123014733,-0.32383184456665837,0.7744142175426179,,-0.048616146314302056,-0.0721453662927506,0.0795457676,-0.07359428191455561,,1.31465495e-05,-4.7683716e-07,8.34465e-07,0.99999994,-2.4292618e-05,-2.0902604e-05,2.4292618e-05,0.99999994,-2.682209e-06,2.0895153e-05,2.682209e-06,0.99999994,57,0.171,0,0,0.0,False,-0.2568991496976123,0.9487542083319973
0.19024676698609255,14:48:42.803417,14:48:28.763628,0,,0.1187858,0.0048716366,0.018195152,-0.72779936,-0.38347387,-0.56855595,-0.5810235,-0.09561816,0.8082504,-0.36430714,0.91858846,-0.15321657,,0.039408736,-0.060394727,0.035988867,0.41971833,-0.7883716,0.44978505,-0.36040387,0.3100502,0.87976,-0.83303386,-0.53135574,-0.15399852,,0.10695681,1.3440118,0.44342306,0.9956293,0.020202175,-0.091181695,-0.044000052,-0.7597144,-0.64876646,-0.082378544,0.64994293,-0.7555051,,-0.08617155,0.25806737,-0.07836097,0.73202276,0.28537145,0.6186322,-0.6568604,0.5365719,0.52974045,-0.18076783,-0.7941371,0.5802321,,-0.004513386,0.38852847,-0.40291274,-0.31770462,0.81968635,-0.476632,-0.9368702,-0.19392829,0.29097423,0.14607517,0.53898615,0.82955164,,1.1577303306407447,0.35959361082251584,0.21136267708000003,0.2801457644953246,0.034022488441594674,1.0553987149835868,-0.4023164348887297,,-0.794051394127764,-0.5263351363098973,0.17806098698000003,0.1396535023606932,1.2806939123014733,-0.32383184456665837,0.7744142175426179,,-0.048616146314302056,-0.0721453662927506,0.0795457676,-0.07359428191455561,,1.31465495e-05,-4.7683716e-07,8.34465e-07,0.99999994,-2.4292618e-05,-2.0902604e-05,2.4292618e-05,0.99999994,-2.682209e-06,2.0895153e-05,2.682209e-06,0.99999994,69,0.207,0,0,0.0,False,-0.25677999426057063,0.9489956093358944
0.22386953799286857,14:48:42.841821,14:48:28.884293,0,,0.118839815,0.0049296618,0.018270388,-0.7235011,-0.38791165,-0.5710261,-0.58381855,-0.09758091,0.8059985,-0.36837745,0.91651636,-0.15587017,,0.039407857,-0.060396157,0.03598845,0.41971305,-0.78833777,0.44984922,-0.3604118,0.31011778,0.8797329,-0.8330331,-0.53136647,-0.15396586,,0.10695681,1.3440118,0.44342306,0.9956293,0.020202175,-0.091181695,-0.044000052,-0.7597144,-0.64876646,-0.082378544,0.64994293,-0.7555051,,-0.08622997,0.2581588,-0.07837414,0.72802246,0.28989503,0.6212441,-0.66175455,0.53386235,0.5263762,-0.17906497,-0.79432476,0.5805031,,-0.004512402,0.38852745,-0.40291372,-0.31769907,0.81965035,-0.4766976,-0.9368732,-0.19390489,0.29098016,0.14606799,0.5390493,0.8295119,,1.1577303306407447,0.36000291566484977,0.21132508467000002,0.27406475613427334,0.03607203593807628,1.053809125168281,-0.4021530908225954,,-0.7940436713948898,-0.5263428590427714,0.17806098698000003,0.1396535023606932,1.2806939123014733,-0.323913523306799,0.774577561608752,,-0.048616146314302056,-0.0721453662927506,0.0795457676,-0.07359428191455561,,1.31465495e-05,-4.7683716e-07,8.34465e-07,0.99999994,-2.4292618e-05,-2.0902604e-05,2.4292618e-05,0.99999994,-2.682209e-06,2.0895153e-05,2.682209e-06,0.99999994,80,0.241,0,0,0.0,False,-0.2555288621716292,0.9482231261234231
0.2622944919858128,14:48:42.870908,14:48:28.884293,0,,0.11890784,0.004987076,0.01836516,-0.7209647,-0.39585882,-0.5687756,-0.5826717,-0.097990036,0.80677843,-0.37510467,0.9130682,-0.16000843,,0.03940698,-0.060397573,0.035988092,0.4197078,-0.7883407,0.44984898,-0.36041978,0.31011364,0.8797312,-0.8330323,-0.5313646,-0.15397653,,0.10695681,1.3440118,0.44342306,0.9956293,0.020202175,-0.091181695,-0.044000052,-0.7597144,-0.64876646,-0.082378544,0.64994293,-0.7555051,,-0.08630427,0.2582621,-0.078400895,0.726224,0.298117,0.61945534,-0.66533744,0.53153676,0.52420866,-0.17298776,-0.79283977,0.58436316,,-0.0045114183,0.38852647,-0.4029147,-0.31769353,0.8196533,-0.47669625,-0.93687624,-0.19390526,0.29097027,0.14606082,0.5390448,0.8295161,,1.157745776106493,0.3603041022469445,0.21127193678000003,0.27091940698200545,0.04235731492728654,1.048847259078527,-0.4018264026903269,,-0.7940359486620157,-0.5263505817756456,0.17806098698000003,0.1396535023606932,1.2806939123014733,-0.3239135233067989,0.7742508734764837,,-0.048616146314302056,-0.0721453662927506,0.0795457676,-0.07359428191455561,,1.31465495e-05,-4.7683716e-07,8.34465e-07,0.99999994,-2.4292618e-05,-2.0902604e-05,2.4292618e-05,0.99999994,-2.682209e-06,2.0895153e-05,2.682209e-06,0.99999994,88,0.266,0,0,0.0,False,-0.25576717304571295,0.9478368845171876
0.2913731090084184,14:48:42.890855,14:48:28.884293,0,,0.11895198,0.0050133616,0.018444061,-0.72022533,-0.40086928,-0.5661972,-0.5806006,-0.09840712,0.80821955,-0.37970814,0.91083455,-0.16186973,,0.0394051,-0.060399078,0.03598714,0.4196978,-0.7884583,0.44965228,-0.3604285,0.30989057,0.87980616,-0.83303356,-0.5313203,-0.15412253,,0.10695681,1.3440118,0.44342306,0.9956293,0.020202175,-0.091181695,-0.044000052,-0.7597144,-0.64876646,-0.082378544,0.64994293,-0.7555051,,-0.086354725,0.2583321,-0.078438506,0.7260446,0.30329913,0.6171458,-0.6667848,0.52991104,0.52401555,-0.1680989,-0.7919621,0.5869743,,-0.0045093778,0.38852507,-0.4029155,-0.31768298,0.81977713,-0.4764903,-0.9368809,-0.19397418,0.29090938,0.14605404,0.5388316,0.8296558,,1.1577612215722417,0.360458556904429,0.21121749260000003,0.2702903371515519,0.047276228918842395,1.0458980381672829,-0.40002961796284986,,-0.7940205031962672,-0.52635830450852,0.17806098698000003,0.1396535023606932,1.2806939123014733,-0.3236684870863772,0.7737608412780808,,-0.048616146314302056,-0.0721453662927506,0.0795457676,-0.07359428191455561,,1.31465495e-05,-4.7683716e-07,8.34465e-07,0.99999994,-2.4292618e-05,-2.0902604e-05,2.4292618e-05,0.99999994,-2.682209e-06,2.0895153e-05,2.682209e-06,0.99999994,96,0.29,0,0,0.0,False,-0.25630337251240265,0.9479817251195257
0.3113128900004085,14:48:42.914901,14:48:28.884293,0,,0.118998796,0.005021259,0.018590033,-0.7171217,-0.40567374,-0.56671435,-0.5804566,-0.10241678,0.80782473,-0.3857543,0.9082618,-0.16203079,,0.03937725,-0.060394563,0.035983324,0.4208135,-0.78891134,0.44781107,-0.359418,0.30825,0.88079536,-0.8329072,-0.531602,-0.15383324,,0.10695681,1.3440118,0.44342306,0.9956293,0.020202175,-0.091181695,-0.044000052,-0.7597144,-0.64876646,-0.082378544,0.64994293,-0.7555051,,-0.08641538,0.2584318,-0.078538254,0.72356725,0.30813992,0.617657,-0.67070144,0.52533346,0.52362615,-0.16312578,-0.7931422,0.586784,,-0.004481559,0.38852733,-0.40290993,-0.31885546,0.820338,-0.47473857,-0.936358,-0.19503616,0.29188126,0.14685011,0.5375932,0.8303184,,1.1577921125037385,0.3606670706920331,0.21109564134000003,0.26630622822534594,0.05260505240969457,1.0457183556702914,-0.40345984335166973,,-0.794051394127764,-0.52635830450852,0.17806098698000003,0.1360887733214563,1.2817870042995967,-0.3254582964574949,0.7732708090796778,,-0.048616146314302056,-0.0721453662927506,0.0795457676,-0.07359428191455561,,1.31465495e-05,-4.7683716e-07,8.34465e-07,0.99999994,-2.4292618e-05,-2.0902604e-05,2.4292618e-05,0.99999994,-2.682209e-06,2.0895153e-05,2.682209e-06,0.99999994,104,0.314,0,0,0.0,False,-0.2559459062012759,0.9475472033125107
0.33532190398545936,14:48:42.942358,14:48:28.884293,0,,0.11902206,0.005031064,0.018707693,-0.7160249,-0.409194,-0.5655693,-0.57941306,-0.10350138,0.80843544,-0.38934404,0.9065581,-0.16298282,,0.03930132,-0.060392596,0.03595364,0.42351297,-0.78973055,0.4438043,-0.35842443,0.303851,0.88272655,-0.83196664,-0.53291655,-0.15437403,,0.10695681,1.3440118,0.44342306,0.9956293,0.020202175,-0.091181695,-0.044000052,-0.7597144,-0.64876646,-0.082378544,0.64994293,-0.7555051,,-0.08644973,0.25851515,-0.078617945,0.72288305,0.31175655,0.6166425,-0.6722786,0.52350336,0.5234365,-0.15962963,-0.7929389,0.58801895,,-0.004403293,0.3885118,-0.4028931,-0.3216806,0.8215034,-0.47080117,-0.9353345,-0.19839585,0.29289666,0.14721061,0.53457576,0.8322006,,1.1578847852982292,0.3608446935481402,0.21099841959,0.2650480885644388,0.056157601403596026,1.0441283500164333,-0.4011730264257899,,-0.794082285059261,-0.5263737499742683,0.17806228327,0.12623334597768365,1.2828800962977203,-0.3308419703947969,0.7731074650135434,,-0.048616146314302056,-0.0721453662927506,0.0795457676,-0.07359428191455561,,1.31465495e-05,-4.7683716e-07,8.34465e-07,0.99999994,-2.4292618e-05,-2.0902604e-05,2.4292618e-05,0.99999994,-2.682209e-06,2.0895153e-05,2.682209e-06,0.99999994,119,0.36,0,0,0.0,False,-0.2552309735790237,0.9478368845171876
0.36278486900846474,14:48:42.984268,14:48:29.020993,0,,0.11902858,0.005026862,0.018988833,-0.71322966,-0.41377366,-0.5657691,-0.57990015,-0.1050666,0.8078841,-0.39372456,0.90429646,-0.16501084,,0.03930997,-0.060413055,0.035926938,0.42388916,-0.7858479,0.45028973,-0.36141232,0.30910724,0.87967813,-0.8304812,-0.53562635,-0.15298805,,0.10695681,1.3440118,0.44342306,0.9956293,0.020202175,-0.091181695,-0.044000052,-0.7597144,-0.64876646,-0.082378544,0.64994293,-0.7555051,,-0.086484335,0.2586948,-0.07883157,0.72051686,0.31645888,0.6170164,-0.6755806,0.520976,0.5217038,-0.15635294,-0.79274064,0.5891655,,-0.004408252,0.38847756,-0.402896,-0.32204795,0.81764203,-0.47722802,-0.9357239,-0.19828928,0.29172277,0.14389563,0.54050237,0.8289459,,1.158193694613198,0.3612617211233483,0.21074953191,0.2612736695817173,0.059573513897732036,1.041832974864866,-0.40215309082259576,,-0.7942290169838713,-0.5264509773030106,0.17806357956000002,0.12308799682541581,1.2797374568031152,-0.3405311696308635,0.7727807768812751,,-0.048616146314302056,-0.0721453662927506,0.0795457676,-0.07359428191455561,,1.31465495e-05,-4.7683716e-07,8.34465e-07,0.99999994,-2.4292618e-05,-2.0902604e-05,2.4292618e-05,0.99999994,-2.682209e-06,2.0895153e-05,2.682209e-06,0.99999994,127,0.384,0,0,0.0,False,-0.2561842170753601,0.9478368845171876
0.40470789500977844,14:48:43.005947,14:48:29.020993,0,,0.1190401,0.005059734,0.019240126,-0.7111464,-0.41833436,-0.56503737,-0.5795787,-0.10607582,0.80798286,-0.39794368,0.9020777,-0.16702223,,0.039316185,-0.06041973,0.035931766,0.42391533,-0.78592175,0.45013618,-0.36145055,0.3089053,0.87973344,-0.8304512,-0.5356345,-0.15312225,,0.10695681,1.3440118,0.44342306,0.9956293,0.020202175,-0.091181695,-0.044000052,-0.7597144,-0.64876646,-0.082378544,0.64994293,-0.7555051,,-0.08651919,0.258883,-0.07899809,0.71888053,0.3211644,0.6164935,-0.67814374,0.5188978,0.5204481,-0.1527477,-0.7922112,0.5908211,,-0.00441456,0.38847736,-0.40290412,-0.32207495,0.8177265,-0.4770651,-0.935722,-0.19839577,0.2916565,0.14384754,0.54033554,0.829063,,1.1585412175925383,0.36176369876017295,0.21054471809000003,0.2585477003164185,0.06312606289163349,1.0390994668490403,-0.4018264026903271,,-0.7942753533811165,-0.526497313700256,0.17806228327,0.12308799682541581,1.2797374568031152,-0.3402861334104419,0.7732708090796778,,-0.048616146314302056,-0.0721453662927506,0.0795457676,-0.07359428191455561,,1.31465495e-05,-4.7683716e-07,8.34465e-07,0.99999994,-2.4292618e-05,-2.0902604e-05,2.4292618e-05,0.99999994,-2.682209e-06,2.0895153e-05,2.682209e-06,0.99999994,135,0.409,0,0,0.0,False,-0.2566012611050077,0.9475472033125107
0.426424183009658,14:48:43.034824,14:48:29.020993,0,,0.1190424,0.005092457,0.019417629,-0.7110065,-0.41902497,-0.56470156,-0.5791048,-0.106613636,0.8082518,-0.39888248,0.90169364,-0.16685641,,0.039320745,-0.06042581,0.035932958,0.42396867,-0.7862457,0.44951987,-0.3616096,0.3081018,0.87994975,-0.8303547,-0.5356219,-0.15368861,,0.10695681,1.3440118,0.44342306,0.9956293,0.020202175,-0.091181695,-0.044000052,-0.7597144,-0.64876646,-0.082378544,0.64994293,-0.7555051,,-0.086537555,0.2590233,-0.07911012,0.71885717,0.32186347,0.61615604,-0.6783995,0.51825976,0.52075034,-0.1517184,-0.7923451,0.59090674,,-0.0044189044,0.3884746,-0.40290985,-0.3221293,0.81808794,-0.47640824,-0.93573177,-0.19877839,0.2913644,0.14366205,0.53964734,0.82954323,,1.1588192359760103,0.3622193399997522,0.21040342248000002,0.25833801037293397,0.06380924539046068,1.0387057348108395,-0.40149971455805844,,-0.7943139670454877,-0.5265359273646271,0.17806228327,0.12287830688193127,1.2796008203033498,-0.33960296432576165,0.7727807768812752,,-0.048616146314302056,-0.0721453662927506,0.0795457676,-0.07359428191455561,,1.31465495e-05,-4.7683716e-07,8.34465e-07,0.99999994,-2.4292618e-05,-2.0902604e-05,2.4292618e-05,0.99999994,-2.682209e-06,2.0895153e-05,2.682209e-06,0.99999994,147,0.445,0,0,0.0,False,-0.256065061638318,0.9474023627101724
0.4553013459953945,14:48:43.066566,14:48:29.020993,0,,0.11907096,0.0052077323,0.019753247,-0.70847464,-0.42420775,-0.5640137,-0.578673,-0.1082924,0.8083379,-0.40398154,0.8990663,-0.16875517,,0.039322846,-0.06042888,0.035932362,0.4240164,-0.78617495,0.44959858,-0.36137545,0.3083311,0.87996566,-0.8304322,-0.53559387,-0.15336701,,0.10695681,1.3440118,0.44342306,0.9956293,0.020202175,-0.091181695,-0.044000052,-0.7597144,-0.64876646,-0.082378544,0.64994293,-0.7555051,,-0.086593814,0.25932842,-0.079284735,0.7168676,0.32719615,0.6156651,-0.68146473,0.5154257,0.5195596,-0.14733167,-0.7920095,0.5924646,,-0.004420774,0.38847226,-0.4029121,-0.32218105,0.81800324,-0.47651866,-0.9356771,-0.19864029,0.29163396,0.14390174,0.5398266,0.82938504,,1.1593907182087029,0.36322329527340136,0.21016360883000001,0.2549829712771816,0.06777170388365845,1.0357196518240648,-0.40198974675646115,,-0.7943216897783619,-0.5265590955632498,0.17806617214,0.12287830688193127,1.2798740933028807,-0.33982580013315444,0.7724540887490066,,-0.048616146314302056,-0.0721453662927506,0.0795457676,-0.07359428191455561,,1.31465495e-05,-4.7683716e-07,8.34465e-07,0.99999994,-2.4292618e-05,-2.0902604e-05,2.4292618e-05,0.99999994,-2.682209e-06,2.0895153e-05,2.682209e-06,0.99999994,162,0.491,0,0,0.0,False,-0.2566012611050077,0.9475954835132903
0.48703072700300254,14:48:43.113885,14:48:29.020993,0,,0.11909409,0.00533396,0.019980177,-0.7083117,-0.42567492,-0.5631123,-0.5775806,-0.1091308,0.8090062,-0.4058265,0.8982712,-0.16856298,,0.03932092,-0.0604304,0.035929978,0.4240648,-0.7862809,0.44936773,-0.36138317,0.30805767,0.88005817,-0.83040416,-0.53559566,-0.15351242,,0.10695681,1.3440118,0.44342306,0.9956293,0.020202175,-0.091181695,-0.044000052,-0.7597144,-0.64876646,-0.082378544,0.64994293,-0.7555051,,-0.086633354,0.25957125,-0.07937103,0.7169407,0.3286937,0.6147817,-0.6818419,0.5143145,0.5201656,-0.14521593,-0.7921118,0.5928501,,-0.004418555,0.38846967,-0.40291214,-0.32223147,0.81812257,-0.47627974,-0.935663,-0.19877613,0.2915867,0.1438806,0.5395957,0.82953894,,1.1598695276469049,0.3641500232183083,0.21002360951000001,0.2547732813336971,0.06913806888131287,1.0347688302673816,-0.4023164348887299,,-0.7943139670454877,-0.526566818296124,0.17806746843000001,0.12266861693844675,1.2798740933028807,-0.3397441213930139,0.7729441209474094,,-0.048616146314302056,-0.0721453662927506,0.0795457676,-0.07359428191455561,,1.31465495e-05,-4.7683716e-07,8.34465e-07,0.99999994,-2.4292618e-05,-2.0902604e-05,2.4292618e-05,0.99999994,-2.682209e-06,2.0895153e-05,2.682209e-06,0.99999994,174,0.528,0,0,0.0,False,-0.2555288621716292,0.9474023627101724
0.5343053399992641,14:48:43.151132,14:48:29.020993,0,,0.11912471,0.0054145455,0.020063058,-0.7061625,-0.42980775,-0.562672,-0.5773559,-0.11048022,0.8089834,-0.4098714,0.8961356,-0.17013514,,0.039321635,-0.0604318,0.035928905,0.42406434,-0.786316,0.44930667,-0.36139035,0.3079848,0.8800807,-0.8304013,-0.53558606,-0.15356174,,0.10695681,1.3440118,0.44342306,0.9956293,0.020202175,-0.091181695,-0.044000052,-0.7597144,-0.64876646,-0.082378544,0.64994293,-0.7555051,,-0.08666821,0.25968543,-0.07937778,0.715217,0.33294955,0.6144992,-0.68436694,0.51202005,0.5191121,-0.14179778,-0.7918207,0.5940651,,-0.004419093,0.38846797,-0.40291274,-0.32223096,0.81816024,-0.47621536,-0.93566436,-0.19880305,0.29156402,0.14387302,0.53952867,0.8295838,,1.1600548732358862,0.36454388259489373,0.20999120226,0.25204731206839825,0.07255398137544887,1.0327184913362362,-0.401826402690327,,-0.7943139670454877,-0.5265745410289981,0.17806876472000002,0.12266861693844675,1.2798740933028807,-0.33966244265287326,0.7731074650135438,,-0.048616146314302056,-0.0721453662927506,0.0795457676,-0.07359428191455561,,1.31465495e-05,-4.7683716e-07,8.34465e-07,0.99999994,-2.4292618e-05,-2.0902604e-05,2.4292618e-05,0.99999994,-2.682209e-06,2.0895153e-05,2.682209e-06,0.99999994,186,0.564,0,0,0.0,False,-0.25558843989015,0.9479334449187466
0.5715988799929619,14:48:43.186497,14:48:29.020993,0,,0.11912629,0.0054050237,0.020077482,-0.7059739,-0.4299786,-0.5627781,-0.57615364,-0.11344731,0.80942976,-0.4118831,0.89568293,-0.16764289,,0.039322183,-0.060431845,0.035926342,0.42412272,-0.78637767,0.44914356,-0.36138943,0.30779076,0.880149,-0.83037186,-0.535607,-0.1536476,,0.10695681,1.3440118,0.44342306,0.9956293,0.020202175,-0.091181695,-0.044000052,-0.7597144,-0.64876646,-0.082378544,0.64994293,-0.7555051,,-0.08667165,0.25968754,-0.07939463,0.7152864,0.33302367,0.6143782,-0.68477005,0.50947964,0.52107626,-0.13948248,-0.7934266,0.5924685,,-0.0044193813,0.38846567,-0.40291137,-0.3222919,0.81823343,-0.47604832,-0.9356456,-0.1989174,0.2915463,0.14385863,0.5393755,0.8296859,,1.1600703187016348,0.36443576433465463,0.20997564678000002,0.25204731206839825,0.07501343837122681,1.0349602635570099,-0.4018264026903269,,-0.7943216897783619,-0.5265745410289981,0.1780713573,0.12245892699496222,1.2798740933028807,-0.33966244265287326,0.7731074650135438,,-0.048616146314302056,-0.0721453662927506,0.0795457676,-0.07359428191455561,,1.31465495e-05,-4.7683716e-07,8.34465e-07,0.99999994,-2.4292618e-05,-2.0902604e-05,2.4292618e-05,0.99999994,-2.682209e-06,2.0895153e-05,2.682209e-06,0.99999994,194,0.588,0,0,0.0,False,-0.2551118181419816,0.9477403241156286
0.606962032004958,14:48:43.215379,14:48:29.020993,0,,0.11912556,0.005389869,0.020076111,-0.7057362,-0.43095064,-0.5623325,-0.57578665,-0.113588125,0.80967116,-0.4128025,0.89519775,-0.16797242,,0.039322957,-0.060432874,0.03592515,0.4241444,-0.78630865,0.44924384,-0.36126912,0.3079762,0.88013357,-0.8304131,-0.53560174,-0.1534428,,0.10695681,1.3440118,0.44342306,0.9956293,0.020202175,-0.091181695,-0.044000052,-0.7597144,-0.64876646,-0.082378544,0.64994293,-0.7555051,,-0.08667151,0.25967517,-0.07940353,0.7151589,0.3340313,0.6139795,-0.68509716,0.5090851,0.5210319,-0.13852687,-0.7932562,0.59292066,,-0.004419984,0.38846406,-0.4029116,-0.32231548,0.81815493,-0.47616723,-0.9356184,-0.1988216,0.2916988,0.14398248,0.53952986,0.8295641,,1.160047150503012,0.3643276460744155,0.20997046162000002,0.2518376221249138,0.07610653036935033,1.0344773140281414,-0.40133637049192394,,-0.7943216897783619,-0.5265822637618724,0.17807394988000003,0.12245892699496222,1.280010729802646,-0.3398555392967104,0.7729441209474094,,-0.048616146314302056,-0.0721453662927506,0.0795457676,-0.07359428191455561,,1.31465495e-05,-4.7683716e-07,8.34465e-07,0.99999994,-2.4292618e-05,-2.0902604e-05,2.4292618e-05,0.99999994,-2.682209e-06,2.0895153e-05,2.682209e-06,0.99999994,209,0.634,0,0,0.0,False,-0.25588632848275505,0.9473058023086134
0.6358259420085233,14:48:43.260415,14:48:29.324914,0,,0.11914554,0.0053852648,0.020131096,-0.70163286,-0.43924797,-0.5610459,-0.57554704,-0.11482701,0.80966675,-0.4200676,0.89099705,-0.17224148,,0.03932325,-0.060434468,0.035922468,0.42413914,-0.7863116,0.44924372,-0.36127707,0.30797192,0.8801318,-0.8304123,-0.5355999,-0.1534535,,0.10695681,1.3440118,0.44342306,0.9956293,0.020202175,-0.091181695,-0.044000052,-0.7597144,-0.64876646,-0.082378544,0.64994293,-0.7555051,,-0.086697064,0.2597069,-0.07944578,0.7118134,0.34263676,0.61312455,-0.68976367,0.50565034,0.5182122,-0.1324681,-0.7917814,0.59626704,,-0.004419931,0.3884609,-0.4029115,-0.32230997,0.81815785,-0.47616592,-0.9356214,-0.19882199,0.29168892,0.14397533,0.5395253,0.8295683,,1.1600703187016348,0.364173191416931,0.20992509147000002,0.24680506348128517,0.08293835535762235,1.0297232062447257,-0.4023164348887296,,-0.7943139670454877,-0.5265899864947466,0.17807654246000001,0.12245892699496222,1.280010729802646,-0.3398555392967104,0.7729441209474094,,-0.048616146314302056,-0.0721453662927506,0.0795457676,-0.07359428191455561,,1.31465495e-05,-4.7683716e-07,8.34465e-07,0.99999994,-2.4292618e-05,-2.0902604e-05,2.4292618e-05,0.99999994,-2.682209e-06,2.0895153e-05,2.682209e-06,0.99999994,217,0.659,0,0,0.0,False,-0.25588632848275505,0.9472575221078341
0.6808908109960612,14:48:43.286335,14:48:29.324914,0,,0.1191417,0.005366817,0.020196036,-0.7016441,-0.43813476,-0.5619016,-0.5755121,-0.11647177,0.8094566,-0.42009676,0.8913316,-0.17043015,,0.039322965,-0.06043596,0.03592086,0.42413387,-0.7862779,0.44930768,-0.36128497,0.30803958,0.8801049,-0.8304116,-0.53561056,-0.15342045,,0.10695681,1.3440118,0.44342306,0.9956293,0.020202175,-0.091181695,-0.044000052,-0.7597144,-0.64876646,-0.082378544,0.64994293,-0.7555051,,-0.086700566,0.25973532,-0.07950706,0.71182907,0.34141916,0.61378527,-0.6897558,0.50458837,0.5192567,-0.1324247,-0.79298395,0.5946765,,-0.0044194125,0.38845882,-0.40291193,-0.32230443,0.8181219,-0.4762314,-0.9356244,-0.19879855,0.29169527,0.14396818,0.5395884,0.8295285,,1.1601166550988802,0.3642272505470506,0.20985898068000003,0.24680506348128517,0.08293835535762235,1.0316834960080994,-0.4023164348887297,,-0.7943062443126135,-0.5265977092276208,0.17807783875000002,0.12245892699496222,1.280010729802646,-0.33993721803685095,0.7731074650135437,,-0.048616146314302056,-0.0721453662927506,0.0795457676,-0.07359428191455561,,1.31465495e-05,-4.7683716e-07,8.34465e-07,0.99999994,-2.4292618e-05,-2.0902604e-05,2.4292618e-05,0.99999994,-2.682209e-06,2.0895153e-05,2.682209e-06,0.99999994,229,0.696,0,0,0.0,False,-0.2556480176086704,0.9469678409031572
0.7068062550097238,14:48:43.318068,14:48:29.324914,0,,0.1191296,0.005383566,0.02040127,-0.69979954,-0.44223052,-0.56099266,-0.5749259,-0.11741328,0.8097371,-0.42395836,0.8891828,-0.1720841,,0.039324682,-0.06043721,0.035920322,0.42413825,-0.7862351,0.44937846,-0.36129135,0.3081137,0.8800763,-0.8304066,-0.53563064,-0.15337723,,0.10695681,1.3440118,0.44342306,0.9956293,0.020202175,-0.091181695,-0.044000052,-0.7597144,-0.64876646,-0.082378544,0.64994293,-0.7555051,,-0.08670813,0.25988197,-0.0796519,0.7104071,0.34565884,0.61305934,-0.6918785,0.50259364,0.5183665,-0.12894177,-0.7924138,0.5962,,-0.004421007,0.3884575,-0.40291268,-0.32230893,0.8180776,-0.47630447,-0.93562406,-0.19878055,0.29170853,0.14396016,0.5396622,0.8294819,,1.1604796235439687,0.3645207143962711,0.20968787040000003,0.24449847410295542,0.0864909043515238,1.029195024212695,-0.40182640269032677,,-0.7943139670454877,-0.5266054319604951,0.17807913504000003,0.12245892699496222,1.280010729802646,-0.3400188967769915,0.7726174328151408,,-0.048616146314302056,-0.0721453662927506,0.0795457676,-0.07359428191455561,,1.31465495e-05,-4.7683716e-07,8.34465e-07,0.99999994,-2.4292618e-05,-2.0902604e-05,2.4292618e-05,0.99999994,-2.682209e-06,2.0895153e-05,2.682209e-06,0.99999994,237,0.719,0,0,0.0,False,-0.25588632848275505,0.9473540825093929
0.7385011700098403,14:48:43.344253,14:48:29.324914,0,,0.119113445,0.0053903162,0.020509437,-0.6985876,-0.4451931,-0.5601593,-0.5743513,-0.117990345,0.8100609,-0.4267269,0.88762665,-0.17327064,,0.03932741,-0.060438298,0.035920262,0.42414743,-0.7862245,0.4493883,-0.36129692,0.30811924,0.88007206,-0.83039945,-0.535643,-0.15337262,,0.10695681,1.3440118,0.44342306,0.9956293,0.020202175,-0.091181695,-0.044000052,-0.7597144,-0.64876646,-0.082378544,0.64994293,-0.7555051,,-0.08670249,0.25995797,-0.07973063,0.7095047,0.34873062,0.6123643,-0.69328004,0.5012284,0.51781553,-0.12635623,-0.79193246,0.59739184,,-0.0044236584,0.3884566,-0.40291354,-0.32231846,0.818068,-0.47631449,-0.9356221,-0.19878912,0.29170907,0.14395171,0.53967357,0.82947594,,1.1607190282630695,0.36460566445788756,0.20959713010000003,0.24303064449856374,0.08922363434683261,1.0273750598394695,-0.4029698111532669,,-0.7943294125112361,-0.5266131546933693,0.17808043133,0.12245892699496222,1.280010729802646,-0.3400188967769916,0.7722907446828722,,-0.048616146314302056,-0.0721453662927506,0.0795457676,-0.07359428191455561,,1.31465495e-05,-4.7683716e-07,8.34465e-07,0.99999994,-2.4292618e-05,-2.0902604e-05,2.4292618e-05,0.99999994,-2.682209e-06,2.0895153e-05,2.682209e-06,0.99999994,245,0.744,0,0,0.0,False,-0.25588632848275505,0.9464367586945834
0.7647303369885776,14:48:43.375346,14:48:29.440486,0,,0.11906332,0.005373448,0.020673215,-0.69799054,-0.44630918,-0.5600155,-0.57406276,-0.11876786,0.8101518,-0.42809,0.8869623,-0.17331064,,0.039327994,-0.060438357,0.03591919,0.42414743,-0.7862245,0.4493883,-0.36129692,0.30811924,0.88007206,-0.83039945,-0.535643,-0.15337262,,0.10695681,1.3440118,0.44342306,0.9956293,0.020202175,-0.091181695,-0.044000052,-0.7597144,-0.64876646,-0.082378544,0.64994293,-0.7555051,,-0.08666974,0.26005325,-0.079870164,0.7090604,0.34986904,0.6122296,-0.6939658,0.50023836,0.51785433,-0.12507953,-0.7920563,0.59749633,,-0.004424124,0.38845554,-0.402913,-0.32231846,0.818068,-0.47631449,-0.9356221,-0.19878912,0.29170907,0.14395171,0.53967357,0.82947594,,1.1611051649067807,0.364690614519504,0.20944416788000003,0.2421918847246256,0.09058999934448701,1.0268326319834893,-0.4028064670871325,,-0.7943294125112361,-0.5266131546933693,0.17808172762000002,0.12245892699496222,1.280010729802646,-0.3400188967769916,0.7719640565506037,,-0.048616146314302056,-0.0721453662927506,0.0795457676,-0.07359428191455561,,1.31465495e-05,-4.7683716e-07,8.34465e-07,0.99999994,-2.4292618e-05,-2.0902604e-05,2.4292618e-05,0.99999994,-2.682209e-06,2.0895153e-05,2.682209e-06,0.99999994,256,0.778,0,0,0.0,False,-0.2552905512975445,0.9465815992969215
0.7958219620049931,14:48:43.404740,14:48:29.440486,0,,0.11903156,0.0053964406,0.02084601,-0.6957586,-0.450101,-0.559758,-0.5740957,-0.119868815,0.8099663,-0.4316641,0.8848957,-0.17500141,,0.03931887,-0.060464934,0.035925627,0.4241675,-0.78620595,0.44940165,-0.36129832,0.30812925,0.88006806,-0.8303886,-0.53566444,-0.15335661,,0.106973596,1.344011,0.4434233,0.9956284,0.020186784,-0.09119484,-0.044020224,-0.75971484,-0.64876467,-0.082378544,0.64994293,-0.7555051,,-0.08666805,0.26018405,-0.07998671,0.7071832,0.35378814,0.61214864,-0.69639313,0.49816072,0.51659703,-0.12218249,-0.79162484,0.5986665,,-0.004430428,0.38844597,-0.40293837,-0.32235184,0.8180553,-0.47631377,-0.9356108,-0.19881544,0.29172754,0.14395073,0.5396832,0.82946986,,1.1615994198107311,0.3648991283071081,0.20931324259000003,0.2392562255158423,0.09373263883909215,1.0245150564188932,-0.4023164348887298,,-0.7943139670454877,-0.5266208774262435,0.17808172762000002,0.12245892699496222,1.280010729802646,-0.3400188967769916,0.7719640565506037,,-0.048616146314302056,-0.0721453662927506,0.0795457676,-0.07359428191455561,,2.9876828e-05,7.748604e-07,-3.5762787e-07,0.99999994,-3.9599836e-05,-3.4064054e-05,3.9599836e-05,0.99999994,-4.2915344e-06,3.406778e-05,4.351139e-06,1.0,268,0.815,0,0,0.0,False,-0.2552905512975445,0.9465815992969215
0.8251893389970064,14:48:43.432566,14:48:29.440486,0,,0.118984826,0.005418211,0.020995706,-0.6958731,-0.44992566,-0.55975646,-0.573816,-0.12035611,0.81009233,-0.43185133,0.88491875,-0.17442203,,0.039261818,-0.060460567,0.035909593,0.42615733,-0.7872995,0.4455886,-0.3600096,0.3042792,0.8819338,-0.8299295,-0.53625876,-0.15376472,,0.106973596,1.344011,0.4434233,0.9956284,0.020186784,-0.09119484,-0.044020224,-0.75971484,-0.64876467,-0.082378544,0.64994293,-0.7555051,,-0.08663543,0.26029935,-0.08009016,0.7073289,0.35358846,0.61209553,-0.6962995,0.49780104,0.51706976,-0.12187191,-0.7919402,0.59831256,,-0.004372386,0.38844112,-0.40292662,-0.32443964,0.8193952,-0.4725785,-0.93475586,-0.20124824,0.29279795,0.14481165,0.5367408,0.83122736,,1.162039615584562,0.3651617012248317,0.20919009504000002,0.2392562255158423,0.09386927533885758,1.024566995995478,-0.40198974675646115,,-0.7943294125112361,-0.5266208774262435,0.17808172762000002,0.11553915885997292,1.2813770948003005,-0.34284832935690746,0.772127400616738,,-0.048616146314302056,-0.0721453662927506,0.0795457676,-0.07359428191455561,,2.9876828e-05,7.748604e-07,-3.5762787e-07,0.99999994,-3.9599836e-05,-3.4064054e-05,3.9599836e-05,0.99999994,-4.2915344e-06,3.406778e-05,4.351139e-06,1.0,276,0.838,0,0,0.0,False,-0.2551713958605024,0.9468230003008189
0.8530404019984417,14:48:43.458961,14:48:29.440486,0,,0.11897654,0.005468264,0.02110307,-0.69577885,-0.45007706,-0.559752,-0.57363176,-0.12079388,0.81015766,-0.43224788,0.88478214,-0.1741328,,0.039200243,-0.06045872,0.035880864,0.42878127,-0.7856977,0.4458986,-0.35970086,0.30428427,0.882058,-0.8287109,-0.5386001,-0.15214485,,0.106973596,1.344011,0.4434233,0.9956284,0.020186784,-0.09119484,-0.044020224,-0.75971484,-0.64876467,-0.082378544,0.64994293,-0.7555051,,-0.0866355,0.26040748,-0.0801393,0.7072833,0.35373175,0.6120655,-0.69642067,0.49738443,0.51730746,-0.12144375,-0.792138,0.5981378,,-0.0043084687,0.38842472,-0.40291026,-0.3271821,0.818031,-0.47305083,-0.93385637,-0.20338447,0.29418886,0.14444442,0.5380148,0.8304672,,1.1623253567009082,0.3655401151356687,0.20911879909000003,0.23904653557235778,0.09400591183862303,1.0244555780917817,-0.40198974675646115,,-0.7944529762372238,-0.5266208774262435,0.17808172762000002,0.10568373151620027,1.2816503677998314,-0.35328100768187054,0.7722907446828724,,-0.048616146314302056,-0.0721453662927506,0.0795457676,-0.07359428191455561,,2.9876828e-05,7.748604e-07,-3.5762787e-07,0.99999994,-3.9599836e-05,-3.4064054e-05,3.9599836e-05,0.99999994,-4.2915344e-06,3.406778e-05,4.351139e-06,1.0,284,0.863,0,0,0.0,False,-0.25588632848275505,0.9463884784938039
0.8794099630031269,14:48:43.488348,14:48:29.440486,0,,0.11900032,0.0055077076,0.021167725,-0.6951669,-0.45062125,-0.5600745,-0.57390165,-0.12126523,0.809896,-0.43287385,0.88444054,-0.17431289,,0.039237097,-0.060468987,0.03585905,0.42845836,-0.7834483,0.45014673,-0.3634991,0.30664545,0.87968004,-0.8272192,-0.54053426,-0.153398,,0.106973596,1.344011,0.4434233,0.9956284,0.020186784,-0.09119484,-0.044020224,-0.75971484,-0.64876467,-0.082378544,0.64994293,-0.7555051,,-0.086663686,0.2604788,-0.080159806,0.7067244,0.35428426,0.6123915,-0.6970506,0.49682024,0.5170011,-0.12108311,-0.7922451,0.598069,,-0.004342451,0.38839692,-0.40290686,-0.32681417,0.81586415,-0.47703063,-0.9345964,-0.20399307,0.29140422,0.1404353,0.5410661,0.8291715,,1.162387138563902,0.36587219264926035,0.20908120668000002,0.23820777579841967,0.09414254833838846,1.0242624814479444,-0.40182640269032677,,-0.7946460445590794,-0.5266208774262435,0.17808302391000003,0.10505466168574669,1.277551272806868,-0.35712619970334747,0.7716373684183353,,-0.048616146314302056,-0.0721453662927506,0.0795457676,-0.07359428191455561,,2.9876828e-05,7.748604e-07,-3.5762787e-07,0.99999994,-3.9599836e-05,-3.4064054e-05,3.9599836e-05,0.99999994,-4.2915344e-06,3.406778e-05,4.351139e-06,1.0,303,0.921,0,0,0.0,False,-0.2556480176086704,0.9468230003008189
0.9087517749867402,14:48:43.543789,14:48:29.440486,0,,0.11913976,0.0056269616,0.021280453,-0.6966688,-0.4502405,-0.5585123,-0.57201815,-0.121217996,0.8112345,-0.43295228,0.88464093,-0.17309707,,0.03926894,-0.06046419,0.03587383,0.42846403,-0.78336763,0.45028168,-0.36360043,0.30672956,0.8796088,-0.82717174,-0.5406034,-0.15341032,,0.106973596,1.344011,0.4434233,0.9956284,0.020186784,-0.09119484,-0.044020224,-0.75971484,-0.64876467,-0.082378544,0.64994293,-0.7555051,,-0.08680781,0.2606386,-0.08015231,0.70831436,0.35388812,0.61078143,-0.6956296,0.49697554,0.51876277,-0.119959444,-0.7923248,0.59818995,,-0.004375784,0.38840836,-0.40291044,-0.3268193,0.8157865,-0.47715995,-0.93461126,-0.204015,0.29134116,0.14032437,0.54117495,0.82911927,,1.1621863475091723,0.36690703885440645,0.20904231798000003,0.24051436517674943,0.09400591183862303,1.0246189355720627,-0.40198974675646104,,-0.7948622810795577,-0.5266131546933693,0.17808302391000003,0.10547404157271575,1.2774146363071028,-0.35668806683908894,0.7716373684183351,,-0.048616146314302056,-0.0721453662927506,0.0795457676,-0.07359428191455561,,2.9876828e-05,7.748604e-07,-3.5762787e-07,0.99999994,-3.9599836e-05,-3.4064054e-05,3.9599836e-05,0.99999994,-4.2915344e-06,3.406778e-05,4.351139e-06,1.0,311,0.946,0,0,0.0,False,-0.25540970673458663,0.9465815992969215
0.9642588380083907,14:48:43.572492,14:48:29.638970,0,,0.11922144,0.0056522936,0.021314621,-0.69640136,-0.4506318,-0.5585302,-0.57199925,-0.12148142,0.81120837,-0.43340728,0.8844055,-0.17316136,,0.03926709,-0.060464486,0.03587562,0.428665,-0.7836264,0.44963965,-0.36347362,0.30604964,0.879898,-0.8271234,-0.54061365,-0.15363488,,0.106973596,1.344011,0.4434233,0.9956284,0.020186784,-0.09119484,-0.044020224,-0.75971484,-0.64876467,-0.082378544,0.64994293,-0.7555051,,-0.08689119,0.2606777,-0.08015289,0.7080946,0.35428795,0.61080444,-0.6959192,0.49663377,0.5187016,-0.119576365,-0.79236037,0.59821945,,-0.0043741087,0.38840994,-0.40291166,-0.3270302,0.81607914,-0.47651455,-0.934525,-0.20435807,0.29137737,0.1404074,0.54060394,0.8294776,,1.1619160518585743,0.36727773003236924,0.20902676250000002,0.2403046752332649,0.09400591183862303,1.0247006143122033,-0.40215309082259565,,-0.7948931720110546,-0.5266208774262435,0.17808172762000002,0.10484497174226218,1.277551272806868,-0.3565544485223635,0.7718007124844695,,-0.048616146314302056,-0.0721453662927506,0.0795457676,-0.07359428191455561,,2.9876828e-05,7.748604e-07,-3.5762787e-07,0.99999994,-3.9599836e-05,-3.4064054e-05,3.9599836e-05,0.99999994,-4.2915344e-06,3.406778e-05,4.351139e-06,1.0,323,0.982,0,0,0.0,False,-0.2555288621716292,0.9466298794977013
0.9929366190044675,14:48:43.607555,14:48:29.638970,0,,0.119279444,0.005662605,0.021366537,-0.69615823,-0.45114857,-0.5584161,-0.5719381,-0.121575624,0.81123745,-0.4338783,0.88412905,-0.17339328,,0.039264,-0.060473546,0.035874188,0.428663,-0.7836039,0.4496807,-0.36339936,0.30614477,0.87989557,-0.82715696,-0.54059243,-0.15352836,,0.106973596,1.344011,0.4434233,0.9956284,0.020186784,-0.09119484,-0.044020224,-0.75971484,-0.64876467,-0.082378544,0.64994293,-0.7555051,,-0.08695351,0.26071766,-0.08017909,0.70790267,0.35482454,0.61071545,-0.6961865,0.4963972,0.5185694,-0.11915629,-0.79226846,0.598425,,-0.004370444,0.38840425,-0.40291858,-0.3270287,0.8160499,-0.47656563,-0.9345134,-0.20429197,0.29146093,0.14048813,0.5406731,0.8294189,,1.1617384290024673,0.3675634711487155,0.20898787380000003,0.24009498528978038,0.09414254833838846,1.0245075176683662,-0.4023164348887299,,-0.7948622810795577,-0.5266749365563631,0.17808302391000003,0.10484497174226218,1.2776879093066338,-0.35666586642606,0.7718007124844695,,-0.048616146314302056,-0.0721453662927506,0.0795457676,-0.07359428191455561,,2.9876828e-05,7.748604e-07,-3.5762787e-07,0.99999994,-3.9599836e-05,-3.4064054e-05,3.9599836e-05,0.99999994,-4.2915344e-06,3.406778e-05,4.351139e-06,1.0,331,1.006,0,0,0.0,False,-0.2566012611050077,0.9466298794977013
