Task Time,PC1 Time,PC2 Time,Gaze Calib,s_T_psm1,Tx,Ty,Tz,R00,R01,R02,R10,R11,R12,R20,R21,R22,s_T_psm3,Tx,Ty,Tz,R00,R01,R02,R10,R11,R12,R20,R21,R22,cart_T_ecm,Tx,Ty,Tz,R00,R01,R02,R10,R11,R12,R20,R21,R22,ecm_T_psm1,Tx,Ty,Tz,R00,R01,R02,R10,R11,R12,R20,R21,R22,ecm_T_psm3,Tx,Ty,Tz,R00,R01,R02,R10,R11,R12,R20,R21,R22,psm1_joints,q1,q2,q3,q4,q5,q6,jaw,psm3_joints,q1,q2,q3,q4,q5,q6,jaw,ecm_joints,q1,q2,q3,q4,ecmi_T_ecm,Tx,Ty,Tz,R00,R01,R02,R10,R11,R12,R20,R21,R22,Sample #,Task Duration (s),Collisions (binary),Collisions (increments),Cumulative Collision Time (s),Clutch Press,MTMR Angle,MTML Angle
""
lci_T_si,,,,,-0.06275115,0.020269286,0.23277931,0.9922883,-0.04035988,0.11719676,0.048105527,-0.7459988,-0.6642075,0.11423598,0.66472316,-0.7383043
rci_T_si,,,,,-0.0725517,0.024538085,0.24269353,0.9888494,-0.06173267,0.13552107,0.047746018,-0.730564,-0.6811729,0.14105745,0.680048,-0.71947026
ecm_T_lc,,,,,-4.4061628e-05,-0.00034663224,-0.01840835,-0.99912,0.030754527,0.028518902,-0.031987965,-0.99852574,-0.043852776,0.027128186,-0.04472645,0.9986309
ecm_T_rc,,,,,-0.0043358393,0.01870579,-0.007592615,-0.99555075,-0.052743673,-0.078081585,0.04863213,-0.9973746,0.053654674,-0.08070653,0.04961868,0.9955021
cart_T_ecmi,,,,,0.1069438,1.3440125,0.4434251,0.99563074,0.020226603,-0.091160834,-0.043968037,-0.75971377,-0.64876944,-0.082378544,0.64994293,-0.7555051
ecmac_T_ecmrep_psm1,,,,,0.01038242,-0.2501324,-0.30762842,0.998145,0.0496832,0.035188068,-0.04731537,0.99675006,-0.06519635,-0.03831287,0.06341047,0.99725187
ecmac_T_ecmrep_psm3,,,,,-0.018947443,-0.4527795,-0.5580277,0.99342906,-0.031421527,0.110051684,0.0051236153,0.97282016,0.23150527,-0.11433475,-0.2294202,0.9665888
""
0,14:54:57.559625,14:54:43.613067,0,,0.1201224,0.0057680756,0.013747841,-0.83444625,-0.3570146,-0.4198097,-0.4193529,-0.08289179,0.90403104,-0.35755092,0.93041354,-0.08054656,,0.02469812,-0.022441685,0.028921366,0.7225505,-0.4837736,0.4938459,-0.68789566,-0.57411957,0.44405645,0.06870392,-0.6605676,-0.7476163,,0.10692891,1.344011,0.44341892,0.99563116,0.020233775,-0.09115471,-0.04395864,-0.7597136,-0.6487703,-0.082378544,0.64994293,-0.7555051,,-0.08699444,0.25581348,-0.07429731,0.845033,0.2585056,0.46807486,-0.526726,0.55316997,0.6454167,-0.09208113,-0.7919456,0.6036085,,0.008898472,0.40446383,-0.36722744,-0.68998533,0.5743638,-0.4404843,-0.38848853,-0.807333,-0.44417354,-0.6107347,-0.13535015,0.7801817,,1.1511196713004086,0.35483640737199357,0.21581802581,0.4663504343095821,0.10124764632619138,1.0789926968998873,-0.39545598411109006,,-0.7342156598182726,-0.23881779140251874,0.17557340647000003,-0.6196337829967695,0.06189633439374452,-0.32115565520030215,0.8092065036292195,,-0.048616146314302056,-0.07213882130805563,0.0795457676,-0.07359428191455561,,-1.4256686e-05,-3.0398369e-06,7.033348e-06,1.0,7.1302056e-06,6.131828e-06,-7.1264803e-06,0.99999994,7.748604e-07,-6.131828e-06,-7.4505806e-07,1.0,36,0.108,0,0,0.0,False,-0.25535012901606535,0.9840470351017814
0.12883784700534306,14:54:57.593598,14:54:43.613067,0,,0.12007463,0.005791694,0.013975024,-0.8315929,-0.36501256,-0.41859195,-0.417201,-0.08694494,0.9046457,-0.3666014,0.92693377,-0.07998094,,0.024700087,-0.0224576,0.028922975,0.72252464,-0.48378518,0.49387237,-0.68791604,-0.57415766,0.4439756,0.06877184,-0.660526,-0.74764675,,0.10692891,1.344011,0.44341892,0.99563116,0.020233775,-0.09115471,-0.04395864,-0.7597136,-0.6487703,-0.082378544,0.64994293,-0.7555051,,-0.0869684,0.2559807,-0.07445799,0.8431979,0.26660866,0.4668374,-0.5310683,0.5480615,0.6462159,-0.08356884,-0.79281044,0.60371166,,0.008897172,0.40445644,-0.3672417,-0.68996525,0.57437325,-0.44050354,-0.3884396,-0.80731714,-0.44424513,-0.6107886,-0.13540468,0.78013,,1.1518069945262146,0.35487502103636465,0.21563395263000001,0.4627857052703453,0.11067556481000676,1.0780841969765007,-0.3962727044417613,,-0.7342156598182726,-0.23891046419700943,0.17556951760000003,-0.6196337829967695,0.06189633439374452,-0.32115565520030215,0.8092065036292195,,-0.048616146314302056,-0.07213882130805563,0.0795457676,-0.07359428191455561,,-1.4256686e-05,-3.0398369e-06,7.033348e-06,1.0,7.1302056e-06,6.131828e-06,-7.1264803e-06,0.99999994,7.748604e-07,-6.131828e-06,-7.4505806e-07,1.0,48,0.145,0,0,0.0,False,-0.256065061638318,0.9835642330939867
0.1627658710058313,14:54:57.620462,14:54:43.613067,0,,0.12004861,0.0058255047,0.014202312,-0.82682693,-0.37710035,-0.4173159,-0.41565448,-0.090195924,0.9050393,-0.37893066,0.92177,-0.08216724,,0.024701085,-0.022468328,0.028926611,0.72246635,-0.48381588,0.49392763,-0.68796074,-0.5742589,0.4437753,0.068936944,-0.6604154,-0.7477292,,0.10692891,1.344011,0.44341892,0.99563116,0.020233775,-0.09115471,-0.04395864,-0.7597136,-0.6487703,-0.082378544,0.64994293,-0.7555051,,-0.086963505,0.25615504,-0.07460982,0.83975875,0.278982,0.4658049,-0.5380598,0.5425834,0.6450542,-0.07277949,-0.79232085,0.6057482,,0.0088963695,0.40445367,-0.3672527,-0.68992114,0.57439804,-0.44054025,-0.3883186,-0.8072751,-0.4444272,-0.6109153,-0.13554972,0.78000563,,1.1524634268205236,0.35489046650211314,0.21545895348000002,0.4564950069658095,0.12283621328913097,1.0742939090580617,-0.3983961773015072,,-0.7342156598182726,-0.238964523327129,0.17556433244000003,-0.6196337829967695,0.06175969789397908,-0.3210442372966057,0.8092065036292195,,-0.048616146314302056,-0.07213882130805563,0.0795457676,-0.07359428191455561,,-1.4256686e-05,-3.0398369e-06,7.033348e-06,1.0,7.1302056e-06,6.131828e-06,-7.1264803e-06,0.99999994,7.748604e-07,-6.131828e-06,-7.4505806e-07,1.0,56,0.168,0,0,0.0,False,-0.256065061638318,0.9841435955033404
0.189666688995203,14:54:57.652724,14:54:43.705412,0,,0.120018125,0.005831644,0.014423132,-0.8253907,-0.3826171,-0.415132,-0.4112812,-0.09621787,0.90641594,-0.3867532,0.9188831,-0.07794607,,0.024702989,-0.022483319,0.02893114,0.7224403,-0.4837831,0.49399775,-0.6879814,-0.5742549,0.44374853,0.06900266,-0.66044307,-0.7476988,,0.10692891,1.344011,0.44341892,0.99563116,0.020233775,-0.09115471,-0.04395864,-0.7597136,-0.6487703,-0.082378544,0.64994293,-0.7555051,,-0.08695484,0.25630435,-0.07477524,0.8393153,0.28446677,0.4632802,-0.53987676,0.5362958,0.6487834,-0.06389789,-0.794648,0.60369825,,0.008894788,0.40444928,-0.3672678,-0.68990064,0.57436794,-0.44061154,-0.3882717,-0.8072997,-0.44442362,-0.61096823,-0.13553116,0.77996737,,1.1530349090532162,0.3549059119678616,0.21527488030000003,0.4558659371353559,0.1321274952731809,1.0766822979038535,-0.40068299422738696,,-0.7342233825511468,-0.23904947338874546,0.17555785099000001,-0.6196337829967695,0.06175969789397908,-0.32112591603674623,0.8093698476953537,,-0.048616146314302056,-0.07213882130805563,0.0795457676,-0.07359428191455561,,-1.4256686e-05,-3.0398369e-06,7.033348e-06,1.0,7.1302056e-06,6.131828e-06,-7.1264803e-06,0.99999994,7.748604e-07,-6.131828e-06,-7.4505806e-07,1.0,67,0.202,0,0,0.0,False,-0.2561246393568388,0.983805634097884
0.22190844200667925,14:54:57.688070,14:54:43.705412,0,,0.11994356,0.0057820827,0.01469335,-0.8241844,-0.38390344,-0.41633925,-0.41251618,-0.0967201,0.90580106,-0.38800845,0.9182936,-0.0786514,,0.024703924,-0.022516072,0.028932989,0.72256285,-0.48357174,0.49402547,-0.6878436,-0.57433033,0.44386438,0.069093674,-0.6605321,-0.74761164,,0.10692891,1.344011,0.44341892,0.99563116,0.020233775,-0.09115471,-0.04395864,-0.7597136,-0.6487703,-0.082378544,0.64994293,-0.7555051,,-0.08690993,0.25644484,-0.075018704,0.8381825,0.2857801,0.46452105,-0.54166555,0.5355683,0.6478927,-0.0636279,-0.7946674,0.60370123,,0.008895339,0.40443325,-0.36729643,-0.69003826,0.5741704,-0.4406535,-0.38813525,-0.8074378,-0.4442918,-0.6108995,-0.13554518,0.78001875,,1.1535368866900408,0.3550371984267234,0.21501043714,0.45355934775702617,0.1328106777720081,1.0757984934248093,-0.3983961773015072,,-0.7342079370853983,-0.23924254171060108,0.17555007325000002,-0.619843472940254,0.06189633439374452,-0.32140069142072386,0.8093698476953537,,-0.048616146314302056,-0.07213882130805563,0.0795457676,-0.07359428191455561,,-1.4256686e-05,-3.0398369e-06,7.033348e-06,1.0,7.1302056e-06,6.131828e-06,-7.1264803e-06,0.99999994,7.748604e-07,-6.131828e-06,-7.4505806e-07,1.0,79,0.239,0,0,0.0,False,-0.25546928445310746,0.9841435955033404
0.25730293299420737,14:54:57.711836,14:54:43.705412,0,,0.11994241,0.0057644993,0.014818102,-0.8226582,-0.3880775,-0.41548696,-0.41247752,-0.09554675,0.9059432,-0.3912745,0.91666055,-0.081471086,,0.024708878,-0.022539794,0.028936803,0.7226482,-0.4834459,0.4940238,-0.68773484,-0.5745243,0.44378203,0.0692842,-0.6604556,-0.7476617,,0.10692891,1.344011,0.44341892,0.99563116,0.020233775,-0.09115471,-0.04395864,-0.7597136,-0.6487703,-0.082378544,0.64994293,-0.7555051,,-0.08692201,0.25651276,-0.075124145,0.83699185,0.2901466,0.46396074,-0.5438067,0.5355158,0.6461402,-0.06098293,-0.793119,0.606006,,0.008891246,0.4044233,-0.36731848,-0.69014716,0.57404774,-0.4406428,-0.3879268,-0.8074908,-0.44437754,-0.6109089,-0.13574874,0.779976,,1.153683618614651,0.35509125755684295,0.21489506733000002,0.45146244832218096,0.1358166807668478,1.0724488334019415,-0.39823283323537273,,-0.7342233825511468,-0.23938155090233712,0.1755435918,-0.6200531628837386,0.06189633439374452,-0.32140069142072386,0.8093698476953537,,-0.048616146314302056,-0.07213882130805563,0.0795457676,-0.07359428191455561,,-1.4256686e-05,-3.0398369e-06,7.033348e-06,1.0,7.1302056e-06,6.131828e-06,-7.1264803e-06,0.99999994,7.748604e-07,-6.131828e-06,-7.4505806e-07,1.0,90,0.272,0,0,0.0,False,-0.25535012901606535,0.9843849965072375
0.28101998899364844,14:54:57.746680,14:54:43.705412,0,,0.119961455,0.00573647,0.01498206,-0.8208142,-0.39392966,-0.41362244,-0.41136768,-0.094705224,0.90653604,-0.39628354,0.91424847,-0.084314704,,0.02471776,-0.022598699,0.02893883,0.72255105,-0.48340878,0.49420214,-0.6878111,-0.57459456,0.44357276,0.06953898,-0.66042167,-0.74766797,,0.10692891,1.344011,0.44341892,0.99563116,0.020233775,-0.09115471,-0.04395864,-0.7597136,-0.6487703,-0.082378544,0.64994293,-0.7555051,,-0.08695854,0.25659767,-0.07526372,0.83570915,0.29624265,0.46241808,-0.54627913,0.534753,0.6446847,-0.05629636,-0.79137826,0.6087292,,0.00888521,0.40439257,-0.3673692,-0.69007164,0.5740111,-0.44080877,-0.38774318,-0.80750394,-0.44451398,-0.61111075,-0.13582589,0.7798044,,1.1537994596077645,0.3551530394198367,0.21474340140000003,0.4493655488873357,0.1408722312581691,1.0686530859257362,-0.3985595213676414,,-0.7342233825511468,-0.23972907388167722,0.17553322148000003,-0.6200531628837386,0.06189633439374452,-0.321564048901005,0.8096965358276222,,-0.048616146314302056,-0.07213882130805563,0.0795457676,-0.07359428191455561,,-1.4256686e-05,-3.0398369e-06,7.033348e-06,1.0,7.1302056e-06,6.131828e-06,-7.1264803e-06,0.99999994,7.748604e-07,-6.131828e-06,-7.4505806e-07,1.0,98,0.296,0,0,0.0,False,-0.2549926627049395,0.9835642330939867
0.3158398749947082,14:54:57.777054,14:54:43.851363,0,,0.11995381,0.0056800395,0.01515466,-0.81996864,-0.3947569,-0.41450995,-0.4121836,-0.09527889,0.9061052,-0.3971852,0.91383195,-0.08458686,,0.024719521,-0.022631347,0.028943837,0.72263026,-0.48325768,0.49423414,-0.68770623,-0.5747795,0.4434957,0.06975308,-0.6603713,-0.74769247,,0.10692891,1.344011,0.44341892,0.99563116,0.020233775,-0.09115471,-0.04395864,-0.7597136,-0.6487703,-0.082378544,0.64994293,-0.7555051,,-0.08697077,0.25666746,-0.0754311,0.83491963,0.29707906,0.4633068,-0.5475095,0.5340707,0.6442064,-0.05605834,-0.7915255,0.6085597,,0.008884628,0.40437913,-0.36739942,-0.6901765,0.57386535,-0.44083434,-0.38751632,-0.8075769,-0.44457918,-0.6111362,-0.1360076,0.7797528,,1.153884409669381,0.35524571221432744,0.21456451338000002,0.44789771928294403,0.14128214075746542,1.0684821896949281,-0.39823283323537273,,-0.7342156598182726,-0.2399144194706586,0.17552285116000002,-0.620262852827223,0.06189633439374452,-0.3216457276411455,0.8092065036292194,,-0.048616146314302056,-0.07213882130805563,0.0795457676,-0.07359428191455561,,-1.4256686e-05,-3.0398369e-06,7.033348e-06,1.0,7.1302056e-06,6.131828e-06,-7.1264803e-06,0.99999994,7.748604e-07,-6.131828e-06,-7.4505806e-07,1.0,110,0.333,0,0,0.0,False,-0.25427773008268684,0.9838539142986635
0.3462872010131832,14:54:57.814908,14:54:43.851363,0,,0.12000804,0.005665332,0.015350118,-0.8167395,-0.4040531,-0.41191956,-0.4108267,-0.09407112,0.9068473,-0.4051641,0.9098855,-0.089164406,,0.024726354,-0.022688583,0.028949738,0.7226662,-0.48292005,0.49451166,-0.68763554,-0.5748409,0.44352582,0.070078164,-0.66056484,-0.7474911,,0.10692891,1.344011,0.44341892,0.99563116,0.020233775,-0.09115471,-0.04395864,-0.7597136,-0.6487703,-0.082378544,0.64994293,-0.7555051,,-0.087044775,0.25678197,-0.07558199,0.8325669,0.306768,0.46122196,-0.55176806,0.53268635,0.6417143,-0.04882924,-0.7887577,0.61276186,,0.008880165,0.40435278,-0.3674508,-0.6902475,0.5735517,-0.44113132,-0.3872099,-0.80780894,-0.44442457,-0.61125034,-0.1359525,0.779673,,1.1539539142652488,0.3553924441389377,0.21439599568000003,0.44412330030022257,0.14907042124409553,1.062539762884935,-0.39806948916923857,,-0.7342156598182726,-0.24024649698425027,0.17550859197000002,-0.6204725427707076,0.06189633439374452,-0.32213580008198894,0.8092065036292193,,-0.048616146314302056,-0.07213882130805563,0.0795457676,-0.07359428191455561,,-1.4256686e-05,-3.0398369e-06,7.033348e-06,1.0,7.1302056e-06,6.131828e-06,-7.1264803e-06,0.99999994,7.748604e-07,-6.131828e-06,-7.4505806e-07,1.0,122,0.369,0,0,0.0,False,-0.25439688551972894,0.9837573538971045
0.38411617299425416,14:54:57.847501,14:54:43.851363,0,,0.12004365,0.0056111664,0.015536919,-0.81526244,-0.40800568,-0.41094846,-0.40907305,-0.096530765,0.9073814,-0.40988585,0.9078618,-0.08820635,,0.024732012,-0.02272895,0.028948843,0.72260153,-0.48283193,0.4946921,-0.68768585,-0.5748334,0.44345754,0.07025018,-0.6606357,-0.74741226,,0.10692891,1.344011,0.44341892,0.99563116,0.020233775,-0.09115471,-0.04395864,-0.7597136,-0.6487703,-0.082378544,0.64994293,-0.7555051,,-0.087101296,0.25686148,-0.075753994,0.83165085,0.3107811,0.4601869,-0.5535546,0.52961755,0.64271504,-0.043979373,-0.78925306,0.61249113,,0.008876675,0.4043299,-0.3674844,-0.69019747,0.5734707,-0.44131485,-0.38708538,-0.8078741,-0.44441465,-0.61138564,-0.13590734,0.77957475,,1.1539616369981232,0.3554465032690573,0.21421321879000002,0.44286516063931547,0.1541259717354168,1.062746273675617,-0.3965993925740302,,-0.7342079370853983,-0.24048590170335124,0.17550340681,-0.6204725427707076,0.06189633439374452,-0.3223808363024106,0.8096965358276222,,-0.048616146314302056,-0.07213882130805563,0.0795457676,-0.07359428191455561,,-1.4256686e-05,-3.0398369e-06,7.033348e-06,1.0,7.1302056e-06,6.131828e-06,-7.1264803e-06,0.99999994,7.748604e-07,-6.131828e-06,-7.4505806e-07,1.0,133,0.403,0,0,0.0,False,-0.25540970673458663,0.983805634097884
0.41670329199405387,14:54:57.874986,14:54:43.851363,0,,0.120061785,0.0055866987,0.01572448,-0.8144246,-0.41056633,-0.4100585,-0.40826315,-0.096744746,0.9077233,-0.41235152,0.9066839,-0.08882797,,0.024733245,-0.022739664,0.028949857,0.72271293,-0.4827027,0.49465555,-0.68755585,-0.57500106,0.4434418,0.07037708,-0.66058433,-0.7474458,,0.10692891,1.344011,0.44341892,0.99563116,0.020233775,-0.09115471,-0.04395864,-0.7597136,-0.6487703,-0.082378544,0.64994293,-0.7555051,,-0.08713911,0.2569645,-0.07590911,0.83110136,0.31343305,0.4593803,-0.5545697,0.5287624,0.642544,-0.0415085,-0.7887776,0.61327565,,0.008875895,0.4043249,-0.36749396,-0.6903271,0.5733457,-0.4412745,-0.3869218,-0.8079346,-0.44444716,-0.6113428,-0.13607521,0.7795791,,1.1540697552583623,0.3556704625224098,0.21403951593000003,0.44202640086537737,0.15658542873119474,1.0614758600703467,-0.3970894247724329,,-0.7342079370853983,-0.24054768356634504,0.17550081423000002,-0.6206822327141921,0.06189633439374452,-0.3223808363024106,0.8096965358276222,,-0.048616146314302056,-0.07213882130805563,0.0795457676,-0.07359428191455561,,-1.4256686e-05,-3.0398369e-06,7.033348e-06,1.0,7.1302056e-06,6.131828e-06,-7.1264803e-06,0.99999994,7.748604e-07,-6.131828e-06,-7.4505806e-07,1.0,141,0.427,0,0,0.0,False,-0.2555288621716292,0.983902194499443
0.4442079790169373,14:54:57.906279,14:54:43.969184,0,,0.12009525,0.0055862814,0.015889794,-0.81285,-0.4154534,-0.40825656,-0.4071915,-0.09587708,0.9082966,-0.41649723,0.9045474,-0.09123555,,0.024734583,-0.022745013,0.028952062,0.72270197,-0.48266307,0.49471012,-0.6875646,-0.5749748,0.44346222,0.07040313,-0.66063607,-0.74739754,,0.10692891,1.344011,0.44341892,0.99563116,0.020233775,-0.09115471,-0.04395864,-0.7597136,-0.6487703,-0.082378544,0.64994293,-0.7555051,,-0.08718881,0.25707084,-0.076030225,0.8299989,0.31854373,0.45785558,-0.5565013,0.52817094,0.6413593,-0.037525028,-0.78712475,0.6156513,,0.008874623,0.40432373,-0.36749965,-0.6903184,0.5733101,-0.44133446,-0.38690343,-0.8079683,-0.44440177,-0.61136425,-0.1360249,0.779571,,1.1541701507857272,0.35590986724151075,0.21389951661000003,0.44034888131750116,0.16068452372415798,1.0580516442193135,-0.39757945697083563,,-0.7342156598182726,-0.24057857449784192,0.17549822165,-0.6206822327141921,0.06189633439374452,-0.3224625150425512,0.809533191761488,,-0.048616146314302056,-0.07213882130805563,0.0795457676,-0.07359428191455561,,-1.4256686e-05,-3.0398369e-06,7.033348e-06,1.0,7.1302056e-06,6.131828e-06,-7.1264803e-06,0.99999994,7.748604e-07,-6.131828e-06,-7.4505806e-07,1.0,153,0.464,0,0,0.0,False,-0.2561246393568388,0.9840470351017814
0.4754744640085846,14:54:57.945009,14:54:43.969184,0,,0.12014054,0.0055933297,0.01604636,-0.8131618,-0.41731036,-0.405734,-0.40491074,-0.095163524,0.90939057,-0.41810906,0.9037676,-0.091590285,,0.024733245,-0.022746757,0.028952539,0.722702,-0.4826267,0.4947454,-0.68756425,-0.5749445,0.443502,0.070405364,-0.66068906,-0.7473506,,0.10692891,1.344011,0.44341892,0.99563116,0.020233775,-0.09115471,-0.04395864,-0.7597136,-0.6487703,-0.082378544,0.64994293,-0.7555051,,-0.08724903,0.25717682,-0.07613865,0.83057684,0.32050067,0.4554354,-0.5558117,0.5282582,0.64188516,-0.03486286,-0.78627133,0.6168971,,0.00887599,0.4043234,-0.3675014,-0.6903187,0.57327753,-0.44137615,-0.38690138,-0.8080005,-0.44434497,-0.61136514,-0.1359706,0.77957976,,1.1542087644500982,0.35628055841947354,0.21376599874000002,0.44160702097840826,0.16287070772040502,1.0565956727207328,-0.39823283323537273,,-0.7342079370853983,-0.24058629723071615,0.17549692536000003,-0.6206822327141921,0.06189633439374452,-0.3225441937826917,0.8093698476953537,,-0.048616146314302056,-0.07213882130805563,0.0795457676,-0.07359428191455561,,-1.4256686e-05,-3.0398369e-06,7.033348e-06,1.0,7.1302056e-06,6.131828e-06,-7.1264803e-06,0.99999994,7.748604e-07,-6.131828e-06,-7.4505806e-07,1.0,161,0.488,0,0,0.0,False,-0.25558843989015,0.9838539142986635
0.5142161660187412,14:54:57.971077,14:54:43.969184,0,,0.120186225,0.005621463,0.016138628,-0.81301165,-0.41744518,-0.40589607,-0.4049298,-0.09554711,0.90934193,-0.4183824,0.9036648,-0.091355264,,0.024732962,-0.02274549,0.028952718,0.7227043,-0.48262575,0.49474323,-0.6875625,-0.57494134,0.44350883,0.0703997,-0.6606926,-0.74734807,,0.10692891,1.344011,0.44341892,0.99563116,0.020233775,-0.09115471,-0.04395864,-0.7597136,-0.6487703,-0.082378544,0.64994293,-0.7555051,,-0.08730228,0.2572569,-0.07618496,0.83045393,0.3206267,0.45557082,-0.55600846,0.52790433,0.6420059,-0.034653574,-0.7864576,0.6166714,,0.008876189,0.40432423,-0.36750042,-0.69032043,0.57327676,-0.44137454,-0.38690546,-0.8080019,-0.444339,-0.61136067,-0.13596606,0.7795841,,1.1541701507857272,0.35667441779605896,0.21370118424,0.4413973310349238,0.1627340712206396,1.0567070906244294,-0.39823283323537273,,-0.7342079370853983,-0.24057857449784192,0.17549692536000003,-0.6206822327141921,0.06189633439374452,-0.3225441937826917,0.8093698476953537,,-0.048616146314302056,-0.07213882130805563,0.0795457676,-0.07359428191455561,,-1.4256686e-05,-3.0398369e-06,7.033348e-06,1.0,7.1302056e-06,6.131828e-06,-7.1264803e-06,0.99999994,7.748604e-07,-6.131828e-06,-7.4505806e-07,1.0,176,0.534,0,0,0.0,False,-0.25576717304571295,0.9840470351017814
0.5402396999998018,14:54:58.015820,14:54:43.969184,0,,0.12026307,0.0056357235,0.016244873,-0.8138782,-0.41761154,-0.40398398,-0.40311563,-0.09488702,0.91021657,-0.41844973,0.90365756,-0.09111941,,0.02473203,-0.022745982,0.028955042,0.7227043,-0.48262575,0.49474323,-0.6875625,-0.57494134,0.44350883,0.0703997,-0.6606926,-0.74734807,,0.10692891,1.344011,0.44341892,0.99563116,0.020233775,-0.09115471,-0.04395864,-0.7597136,-0.6487703,-0.082378544,0.64994293,-0.7555051,,-0.08738853,0.25733465,-0.07624749,0.8314077,0.32082406,0.45368832,-0.55465114,0.528405,0.64276767,-0.03351585,-0.7860408,0.6172654,,0.008876912,0.40432605,-0.36750212,-0.69032043,0.57327676,-0.44137454,-0.38690546,-0.8080019,-0.444339,-0.61136067,-0.13596606,0.7795841,,1.1540002506624942,0.35711461356988977,0.21361692539000002,0.4432845405262845,0.1631439807199359,1.0562911581731995,-0.3983961773015071,,-0.7342079370853983,-0.24057857449784192,0.17549433278,-0.6206822327141921,0.06189633439374452,-0.3225441937826917,0.8093698476953537,,-0.048616146314302056,-0.07213882130805563,0.0795457676,-0.07359428191455561,,-1.4256686e-05,-3.0398369e-06,7.033348e-06,1.0,7.1302056e-06,6.131828e-06,-7.1264803e-06,0.99999994,7.748604e-07,-6.131828e-06,-7.4505806e-07,1.0,184,0.558,0,0,0.0,False,-0.2556480176086704,0.9836125132947662
0.5850493969919626,14:54:58.047002,14:54:44.108145,0,,0.12031123,0.005641043,0.016287878,-0.8135494,-0.4181093,-0.40413132,-0.40325937,-0.0950537,0.9101355,-0.41895017,0.90340984,-0.09127578,,0.024731841,-0.022747517,0.028956115,0.722702,-0.4826267,0.4947454,-0.68756425,-0.5749445,0.443502,0.070405364,-0.66068906,-0.7473506,,0.10692891,1.344011,0.44341892,0.99563116,0.020233775,-0.09115471,-0.04395864,-0.7597136,-0.6487703,-0.082378544,0.64994293,-0.7555051,,-0.08744042,0.2573653,-0.076271266,0.8311239,0.3213355,0.45384648,-0.5550955,0.5281317,0.64260864,-0.03319776,-0.7860155,0.61731476,,0.008877076,0.4043261,-0.36750394,-0.6903187,0.57327753,-0.44137615,-0.38690138,-0.8080005,-0.44434497,-0.61136514,-0.1359706,0.77957976,,1.1538457960050097,0.3573308500903681,0.21358322185000003,0.44286516063931547,0.16328061721970133,1.0561797402695032,-0.3983961773015071,,-0.7342079370853983,-0.24058629723071615,0.17549303649,-0.6206822327141921,0.06189633439374452,-0.3225441937826917,0.8093698476953537,,-0.048616146314302056,-0.07213882130805563,0.0795457676,-0.07359428191455561,,-1.4256686e-05,-3.0398369e-06,7.033348e-06,1.0,7.1302056e-06,6.131828e-06,-7.1264803e-06,0.99999994,7.748604e-07,-6.131828e-06,-7.4505806e-07,1.0,196,0.595,0,0,0.0,False,-0.2551118181419816,0.9842401559048992
0.6162226950109471,14:54:58.074195,14:54:44.108145,0,,0.12037225,0.005661145,0.016336635,-0.8122735,-0.42192352,-0.4027313,-0.40242824,-0.09440905,0.9105704,-0.42221242,0.9017025,-0.09310815,,0.024731658,-0.022749022,0.028957129,0.7227,-0.4826277,0.49474764,-0.687566,-0.5749476,0.4434953,0.07041103,-0.6606856,-0.7473531,,0.10692891,1.344011,0.44341892,0.99563116,0.020233775,-0.09115471,-0.04395864,-0.7597136,-0.6487703,-0.082378544,0.64994293,-0.7555051,,-0.08750497,0.25741053,-0.076288424,0.8302191,0.32532668,0.45265755,-0.5566258,0.5276195,0.6417051,-0.030067133,-0.78471667,0.61912495,,0.00887724,0.40432617,-0.3675058,-0.69031703,0.5732783,-0.44137776,-0.3868973,-0.8079992,-0.44435093,-0.61136967,-0.13597517,0.77957547,,1.1537299550118965,0.3575239184122237,0.21355599976000003,0.44160702097840826,0.16642325671430647,1.053698807224626,-0.39823283323537273,,-0.7342079370853983,-0.24059401996359037,0.17549174020000002,-0.6206822327141921,0.06189633439374452,-0.3225441937826917,0.8093698476953537,,-0.048616146314302056,-0.07213882130805563,0.0795457676,-0.07359428191455561,,-1.4256686e-05,-3.0398369e-06,7.033348e-06,1.0,7.1302056e-06,6.131828e-06,-7.1264803e-06,0.99999994,7.748604e-07,-6.131828e-06,-7.4505806e-07,1.0,204,0.62,0,0,0.0,False,-0.25540970673458663,0.9839504747002223
0.6433583240141161,14:54:58.098322,14:54:44.108145,0,,0.12041515,0.0056672543,0.016387865,-0.81039757,-0.42635792,-0.40183935,-0.4017564,-0.09481019,0.9108254,-0.42643595,0.899572,-0.09445825,,0.024731278,-0.022752032,0.028959155,0.72269565,-0.4825892,0.49479148,-0.6875694,-0.5749178,0.44352883,0.07042238,-0.66073966,-0.7473042,,0.10692891,1.344011,0.44341892,0.99563116,0.020233775,-0.09115471,-0.04395864,-0.7597136,-0.6487703,-0.082378544,0.64994293,-0.7555051,,-0.087552406,0.25744727,-0.07631844,0.82880586,0.32992676,0.4519172,-0.55892,0.52605647,0.6409938,-0.026252992,-0.78384495,0.6204014,,0.008877568,0.40432632,-0.36750942,-0.6903137,0.57324386,-0.4414278,-0.38688913,-0.8080329,-0.44429687,-0.6113786,-0.1359206,0.779578,,1.1536758958817768,0.35758570027521747,0.21352099993,0.43951012154356306,0.17052235170726968,1.0517448086961227,-0.3970894247724329,,-0.7342079370853983,-0.24060946542933884,0.17548914762,-0.6206822327141921,0.06189633439374452,-0.32262587252283226,0.8095331917614879,,-0.048616146314302056,-0.07213882130805563,0.0795457676,-0.07359428191455561,,-1.4256686e-05,-3.0398369e-06,7.033348e-06,1.0,7.1302056e-06,6.131828e-06,-7.1264803e-06,0.99999994,7.748604e-07,-6.131828e-06,-7.4505806e-07,1.0,223,0.677,0,0,0.0,False,-0.25558843989015,0.9842401559048992
0.6675304530072026,14:54:58.150069,14:54:44.108145,0,,0.12048997,0.00560683,0.016571343,-0.81033385,-0.4270957,-0.40118375,-0.3997359,-0.09769067,0.91140974,-0.428451,0.89891356,-0.09156355,,0.02473072,-0.0227637,0.028964937,0.72267836,-0.48263735,0.4947697,-0.68758285,-0.5749794,0.443428,0.07046765,-0.66065085,-0.74737847,,0.10692891,1.344011,0.44341892,0.99563116,0.020233775,-0.09115471,-0.04395864,-0.7597136,-0.6487703,-0.082378544,0.64994293,-0.7555051,,-0.087647855,0.2575187,-0.07648786,0.82903844,0.33058903,0.45100576,-0.55870116,0.52346426,0.64330256,-0.023416614,-0.78529996,0.61867243,,0.008878155,0.404325,-0.36752236,-0.6903003,0.5732862,-0.4413938,-0.38685647,-0.80798596,-0.44441056,-0.61141443,-0.13602068,0.77953243,,1.1534519366284244,0.3578173822614442,0.21333692675000002,0.44034888131750116,0.1729818087030476,1.0542316171373183,-0.3979061451031043,,-0.7342079370853983,-0.2406712472923326,0.17548136988000002,-0.6206822327141921,0.06189633439374452,-0.3225441937826917,0.8093698476953537,,-0.048616146314302056,-0.07213882130805563,0.0795457676,-0.07359428191455561,,-1.4256686e-05,-3.0398369e-06,7.033348e-06,1.0,7.1302056e-06,6.131828e-06,-7.1264803e-06,0.99999994,7.748604e-07,-6.131828e-06,-7.4505806e-07,1.0,231,0.702,0,0,0.0,False,-0.25439688551972894,0.9834193924916486
0.7192873370076995,14:54:58.178952,14:54:44.108145,0,,0.12052044,0.005597338,0.016661927,-0.8098558,-0.42853963,-0.40060872,-0.3992991,-0.097598046,0.91161114,-0.42976004,0.89823616,-0.09207532,,0.024731033,-0.022777766,0.028969109,0.722914,-0.48233253,0.49472275,-0.6873126,-0.5752594,0.4434839,0.070687324,-0.6606298,-0.7473763,,0.10692891,1.344011,0.44341892,0.99563116,0.020233775,-0.09115471,-0.04395864,-0.7597136,-0.6487703,-0.082378544,0.64994293,-0.7555051,,-0.08768759,0.2575696,-0.07655897,0.828714,0.3320959,0.45049456,-0.5592359,0.5231353,0.6431055,-0.022096911,-0.78488326,0.6192495,,0.008878146,0.40432099,-0.3675365,-0.6905696,0.57299536,-0.44135016,-0.38655382,-0.808151,-0.44437382,-0.6113017,-0.13626544,0.77957803,,1.1534133229640533,0.3579950051175514,0.21325266790000003,0.43971981148704753,0.17434817370070202,1.0532807955806351,-0.39757945697083585,,-0.7342079370853983,-0.24074847462107488,0.17547488843000003,-0.6211016126011611,0.06189633439374452,-0.32262587252283226,0.8095331917614879,,-0.048616146314302056,-0.07213882130805563,0.0795457676,-0.07359428191455561,,-1.4256686e-05,-3.0398369e-06,7.033348e-06,1.0,7.1302056e-06,6.131828e-06,-7.1264803e-06,0.99999994,7.748604e-07,-6.131828e-06,-7.4505806e-07,1.0,239,0.726,0,0,0.0,False,-0.25481392954937654,0.9837090736963254
0.7481598950107582,14:54:58.208841,14:54:44.279525,0,,0.12057865,0.0055891722,0.01681228,-0.8095181,-0.4289452,-0.40085736,-0.39882427,-0.099270314,0.9116384,-0.43083605,0.89785933,-0.090712786,,0.024729751,-0.022798464,0.028968513,0.72292954,-0.48221222,0.4948173,-0.68730086,-0.5751306,0.443669,0.070642054,-0.6608297,-0.7472039,,0.10692891,1.344011,0.44341892,0.99563116,0.020233775,-0.09115471,-0.04395864,-0.7597136,-0.6487703,-0.082378544,0.64994293,-0.7555051,,-0.08776075,0.2576596,-0.07667121,0.82850766,0.3324572,0.45060766,-0.559586,0.5216332,0.64402044,-0.020942697,-0.7857296,0.6182155,,0.008880533,0.40430954,-0.36755362,-0.6905812,0.57288873,-0.44147038,-0.38658723,-0.8082632,-0.44414073,-0.61126745,-0.13604842,0.7796428,,1.1532743137723172,0.3585355964187471,0.21307118730000002,0.43971981148704753,0.17489471969976378,1.0549587712095043,-0.3979061451031043,,-0.7341847688867756,-0.24087203834706244,0.17547099956,-0.6211016126011611,0.06203297089350997,-0.3229823266469503,0.8093698476953536,,-0.048616146314302056,-0.07213882130805563,0.0795457676,-0.07359428191455561,,-1.4256686e-05,-3.0398369e-06,7.033348e-06,1.0,7.1302056e-06,6.131828e-06,-7.1264803e-06,0.99999994,7.748604e-07,-6.131828e-06,-7.4505806e-07,1.0,251,0.763,0,0,0.0,False,-0.25624379479388093,0.9837573538971045
0.7780375049915165,14:54:58.240902,14:54:44.279525,0,,0.12068319,0.005615175,0.017051876,-0.8093452,-0.42838702,-0.4018023,-0.39883557,-0.10133278,0.9114065,-0.43115032,0.8978954,-0.08884293,,0.024728604,-0.022827119,0.02896893,0.7230219,-0.4821482,0.49474472,-0.6871845,-0.57538664,0.4435172,0.07082862,-0.6606535,-0.7473421,,0.10692891,1.344011,0.44341892,0.99563116,0.020233775,-0.09115471,-0.04395864,-0.7597136,-0.6487703,-0.082378544,0.64994293,-0.7555051,,-0.087887235,0.2578323,-0.07682353,0.82836646,0.33180115,0.45135015,-0.55980414,0.52007616,0.6450892,-0.020695133,-0.78703797,0.6165573,,0.00888308,0.40429476,-0.36757806,-0.69069713,0.5728209,-0.44137704,-0.3863788,-0.80825895,-0.4443297,-0.6112683,-0.13635851,0.779588,,1.1531584727792037,0.35921519691167886,0.21292470653,0.43951012154356306,0.17448481020046747,1.056436527282561,-0.39823283323537273,,-0.7341538779552788,-0.24103421573742118,0.17546451811000002,-0.6213113025446456,0.06203297089350997,-0.3229006479068098,0.8092065036292193,,-0.048616146314302056,-0.07213882130805563,0.0795457676,-0.07359428191455561,,-1.4256686e-05,-3.0398369e-06,7.033348e-06,1.0,7.1302056e-06,6.131828e-06,-7.1264803e-06,0.99999994,7.748604e-07,-6.131828e-06,-7.4505806e-07,1.0,259,0.787,0,0,0.0,False,-0.2561246393568388,0.983902194499443
0.810116000007838,14:54:58.270185,14:54:44.279525,0,,0.12074347,0.0056488216,0.01718013,-0.80938685,-0.42903796,-0.40102297,-0.39789483,-0.10161424,0.9117863,-0.43194047,0.8975527,-0.08846688,,0.024729487,-0.022857994,0.028966963,0.7231487,-0.48201993,0.4946844,-0.68704265,-0.5755341,0.44354558,0.070910096,-0.66061866,-0.7473651,,0.10692891,1.344011,0.44341892,0.99563116,0.020233775,-0.09115471,-0.04395864,-0.7597136,-0.6487703,-0.082378544,0.64994293,-0.7555051,,-0.08795828,0.25793958,-0.07689178,0.82853097,0.33246887,0.4505562,-0.5596038,0.5196584,0.64559954,-0.01949355,-0.7870321,0.6166039,,0.008883967,0.40427652,-0.36760306,-0.6908383,0.57269746,-0.4413163,-0.38624868,-0.8083225,-0.44432724,-0.611191,-0.13650042,0.77962375,,1.153127581847707,0.35971717454850344,0.21283007736,0.4399295014305321,0.17516799269929464,1.056287831464782,-0.398396177301507,,-0.7341307097566561,-0.24121956132640257,0.17546062924000003,-0.6215209924881302,0.0621696073932754,-0.32301206581050623,0.8092065036292193,,-0.048616146314302056,-0.07213882130805563,0.0795457676,-0.07359428191455561,,-1.4256686e-05,-3.0398369e-06,7.033348e-06,1.0,7.1302056e-06,6.131828e-06,-7.1264803e-06,0.99999994,7.748604e-07,-6.131828e-06,-7.4505806e-07,1.0,270,0.82,0,0,0.0,False,-0.25642252794944387,0.9836607934955457
0.8393835370079614,14:54:58.299289,14:54:44.279525,0,,0.12084004,0.0056769103,0.017438695,-0.8090313,-0.43054795,-0.40012115,-0.39673325,-0.10226256,0.9122199,-0.43367165,0.8967557,-0.0880793,,0.02473053,-0.022880644,0.028966725,0.7231166,-0.48200208,0.49474865,-0.6870672,-0.5755575,0.44347733,0.070999384,-0.6606113,-0.7473631,,0.10692891,1.344011,0.44341892,0.99563116,0.020233775,-0.09115471,-0.04395864,-0.7597136,-0.6487703,-0.082378544,0.64994293,-0.7555051,,-0.088078626,0.2581264,-0.07705784,0.8284045,0.3340181,0.4496419,-0.55986005,0.5186915,0.64615464,-0.017398084,-0.787014,0.6166898,,0.0088840965,0.40426415,-0.36762205,-0.69081384,0.57268023,-0.4413769,-0.38618338,-0.8083307,-0.44436902,-0.6112599,-0.13652386,0.77956563,,1.1530735227175872,0.3605435069660455,0.21261618951000003,0.43971981148704753,0.1766709941967145,1.055879021925527,-0.39888620949990994,,-0.7341152642909077,-0.2413508477852644,0.17545674037000003,-0.6215209924881302,0.0621696073932754,-0.32309374455064677,0.8093698476953536,,-0.048616146314302056,-0.07213882130805563,0.0795457676,-0.07359428191455561,,-1.4256686e-05,-3.0398369e-06,7.033348e-06,1.0,7.1302056e-06,6.131828e-06,-7.1264803e-06,0.99999994,7.748604e-07,-6.131828e-06,-7.4505806e-07,1.0,278,0.845,0,0,0.0,False,-0.2552309735790237,0.983805634097884
0.868513271008851,14:54:58.328598,14:54:44.409703,0,,0.12094447,0.005756095,0.0176474,-0.8077908,-0.43207267,-0.400983,-0.39585856,-0.10640803,0.9121257,-0.4367723,0.89553916,-0.08508441,,0.024732895,-0.02291356,0.028962076,0.72323906,-0.48187572,0.49469274,-0.68692863,-0.5757112,0.44349235,0.0710921,-0.66056955,-0.7473912,,0.10692891,1.344011,0.44341892,0.99563116,0.020233775,-0.09115471,-0.04395864,-0.7597136,-0.6487703,-0.082378544,0.64994293,-0.7555051,,-0.08819941,0.25831932,-0.07715236,0.82752097,0.3354581,0.45019656,-0.56125104,0.5147992,0.6480579,-0.014364568,-0.7889548,0.6142833,,0.008883867,0.40424243,-0.36764732,-0.69095165,0.57255834,-0.44131932,-0.38604513,-0.8083916,-0.4443785,-0.6111914,-0.13667488,0.7795929,,1.1530657999847131,0.3613852848493359,0.21248007906000002,0.438671361769625,0.178993814692727,1.058395569530278,-0.39676273664016426,,-0.734092096092285,-0.24155163883999423,0.17545544408000002,-0.6217306824316147,0.06230624389304085,-0.32320516245434316,0.809533191761488,,-0.048616146314302056,-0.07213882130805563,0.0795457676,-0.07359428191455561,,-1.4256686e-05,-3.0398369e-06,7.033348e-06,1.0,7.1302056e-06,6.131828e-06,-7.1264803e-06,0.99999994,7.748604e-07,-6.131828e-06,-7.4505806e-07,1.0,290,0.882,0,0,0.0,False,-0.25535012901606535,0.9833711122908688
0.8978070650191512,14:54:58.359964,14:54:44.409703,0,,0.121044084,0.0058122575,0.017872885,-0.8073813,-0.43466276,-0.39900354,-0.39349633,-0.107230335,0.91305107,-0.43965447,0.8941866,-0.08446261,,0.024736673,-0.022940785,0.028960526,0.72319615,-0.48181838,0.49481142,-0.686962,-0.57570827,0.44344455,0.071207434,-0.66061395,-0.747341,,0.10692891,1.344011,0.44341892,0.99563116,0.020233775,-0.09115471,-0.04395864,-0.7597136,-0.6487703,-0.082378544,0.64994293,-0.7555051,,-0.088318154,0.25850585,-0.077274956,0.8275121,0.33812788,0.4482112,-0.5613475,0.51336986,0.64910734,-0.010616839,-0.7887464,0.614627,,0.008881643,0.40422618,-0.36766946,-0.6909185,0.57250553,-0.44143978,-0.38596144,-0.80843353,-0.44437486,-0.61128175,-0.13664806,0.7795267,,1.1530657999847131,0.3621730036025068,0.21231545023,0.439090741656594,0.18199981768756668,1.0577413079320492,-0.3980694891692387,,-0.7340843733594108,-0.24171381623035293,0.1754528515,-0.6217306824316147,0.06230624389304085,-0.32336851993462434,0.809533191761488,,-0.048616146314302056,-0.07213882130805563,0.0795457676,-0.07359428191455561,,-1.4256686e-05,-3.0398369e-06,7.033348e-06,1.0,7.1302056e-06,6.131828e-06,-7.1264803e-06,0.99999994,7.748604e-07,-6.131828e-06,-7.4505806e-07,1.0,298,0.905,0,0,0.0,False,-0.2547543518308557,0.9835159528932076
0.9291595749964472,14:54:58.389219,14:54:44.409703,0,,0.121130854,0.005870983,0.018058583,-0.8066352,-0.43684465,-0.39812875,-0.3921533,-0.10841724,0.9134886,-0.44221655,0.8929795,-0.08385712,,0.024736192,-0.022959575,0.028959155,0.7231727,-0.48180073,0.4948627,-0.6869794,-0.5757248,0.4433961,0.07127634,-0.6606124,-0.7473358,,0.10692891,1.344011,0.44341892,0.99563116,0.020233775,-0.09115471,-0.04395864,-0.7597136,-0.6487703,-0.082378544,0.64994293,-0.7555051,,-0.088420056,0.25866878,-0.07736732,0.8270886,0.34036022,0.4473023,-0.56201833,0.51174676,0.64980817,-0.0077366675,-0.788841,0.6145486,,0.00888321,0.40421504,-0.36768457,-0.6909011,0.57248867,-0.4414888,-0.38591042,-0.80844295,-0.44440198,-0.6113336,-0.13666268,0.7794835,,1.1530657999847131,0.3628834950269355,0.21218582123000002,0.438671361769625,0.18432263818357916,1.0574807783720213,-0.3980694891692387,,-0.7340612051607881,-0.24182193449059208,0.17545025892000002,-0.6217306824316147,0.06230624389304085,-0.32345019867476493,0.809533191761488,,-0.048616146314302056,-0.07213882130805563,0.0795457676,-0.07359428191455561,,-1.4256686e-05,-3.0398369e-06,7.033348e-06,1.0,7.1302056e-06,6.131828e-06,-7.1264803e-06,0.99999994,7.748604e-07,-6.131828e-06,-7.4505806e-07,1.0,317,0.964,0,0,0.0,False,-0.25600548391979716,0.9837573538971045
0.9584513230074663,14:54:58.443691,14:54:44.409703,0,,0.12122101,0.0059357733,0.01838006,-0.80329436,-0.44265914,-0.39846084,-0.39111006,-0.11249024,0.9134433,-0.44916695,0.8896059,-0.08276573,,0.0248086,-0.022947326,0.028992653,0.72333187,-0.48157552,0.49484944,-0.686796,-0.5759006,0.44345176,0.07142866,-0.66062343,-0.74731153,,0.106959246,1.3440111,0.44342345,0.9956293,0.020201659,-0.091182135,-0.044000726,-0.7597145,-0.6487664,-0.082378544,0.64994293,-0.7555051,,-0.08856223,0.25892377,-0.07754982,0.8244898,0.34627607,0.44755948,-0.5658749,0.50661534,0.65048176,-0.001494212,-0.7895782,0.6136481,,0.008780332,0.40423673,-0.36768696,-0.6911125,0.57224524,-0.44147357,-0.3856823,-0.8085894,-0.4443336,-0.6112386,-0.13681597,0.7795311,,1.1530580772518388,0.3638333911704651,0.21194860016000003,0.43489694278690355,0.19033464417325854,1.0575607937579532,-0.39823283323537284,,-0.7339994232977943,-0.2418914390864601,0.17544637005000002,-0.6219403723750992,0.06230624389304085,-0.3235318774149055,0.8093698476953537,,-0.048616146314302056,-0.07213882130805563,0.0795457676,-0.07359428191455561,,1.5575439e-05,3.5762787e-07,8.34465e-07,1.0,-2.4806708e-05,-2.1342188e-05,2.4806708e-05,0.99999994,-2.7418137e-06,2.1334738e-05,2.7418137e-06,0.99999994,329,1.001,0,0,0.0,False,-0.25588632848275505,0.9834676726924281
1.012819212017348,14:54:58.480440,14:54:44.547828,0,,0.12126043,0.005924523,0.018519968,-0.80244243,-0.44454154,-0.39808166,-0.39008993,-0.11404392,0.9136868,-0.45157045,0.8884686,-0.08189762,,0.024783622,-0.022952259,0.028987408,0.723506,-0.48149976,0.49466866,-0.68661135,-0.57609767,0.4434818,0.07144117,-0.66050684,-0.74741334,,0.106959246,1.3440111,0.44342345,0.9956293,0.020201659,-0.091182135,-0.044000726,-0.7597145,-0.6487664,-0.082378544,0.64994293,-0.7555051,,-0.08861583,0.2590052,-0.07765824,0.8239301,0.34818634,0.4471079,-0.56669044,0.50475097,0.6512207,0.0010679876,-0.78993213,0.6131934,,0.008805912,0.4042325,-0.36768857,-0.6912961,0.5721685,-0.4412855,-0.38559237,-0.8086051,-0.44438317,-0.61108774,-0.13704406,0.7796093,,1.1530503545189645,0.36407279588956604,0.21182545261000002,0.43426787295645,0.19279410116903647,1.057923954955494,-0.3983961773015072,,-0.7338449686403098,-0.2418914390864601,0.17544118489000002,-0.6221500623185837,0.06230624389304085,-0.32353187741490547,0.8090431595630851,,-0.048616146314302056,-0.07213882130805563,0.0795457676,-0.07359428191455561,,1.5575439e-05,3.5762787e-07,8.34465e-07,1.0,-2.4806708e-05,-2.1342188e-05,2.4806708e-05,0.99999994,-2.7418137e-06,2.1334738e-05,2.7418137e-06,0.99999994,362,1.102,0,0,0.0,False,-0.25576717304571295,0.9833711122908688
