Task Time,PC1 Time,PC2 Time,Gaze Calib,s_T_psm1,Tx,Ty,Tz,R00,R01,R02,R10,R11,R12,R20,R21,R22,s_T_psm3,Tx,Ty,Tz,R00,R01,R02,R10,R11,R12,R20,R21,R22,cart_T_ecm,Tx,Ty,Tz,R00,R01,R02,R10,R11,R12,R20,R21,R22,ecm_T_psm1,Tx,Ty,Tz,R00,R01,R02,R10,R11,R12,R20,R21,R22,ecm_T_psm3,Tx,Ty,Tz,R00,R01,R02,R10,R11,R12,R20,R21,R22,psm1_joints,q1,q2,q3,q4,q5,q6,jaw,psm3_joints,q1,q2,q3,q4,q5,q6,jaw,ecm_joints,q1,q2,q3,q4,ecmi_T_ecm,Tx,Ty,Tz,R00,R01,R02,R10,R11,R12,R20,R21,R22,Sample #,Task Duration (s),Collisions (binary),Collisions (increments),Cumulative Collision Time (s),Clutch Press,MTMR Angle,MTML Angle
""
lci_T_si,,,,,-0.06275115,0.020269286,0.23277931,0.9922883,-0.04035988,0.11719676,0.048105527,-0.7459988,-0.6642075,0.11423598,0.66472316,-0.7383043
rci_T_si,,,,,-0.0725517,0.024538085,0.24269353,0.9888494,-0.06173267,0.13552107,0.047746018,-0.730564,-0.6811729,0.14105745,0.680048,-0.71947026
ecm_T_lc,,,,,-4.4061628e-05,-0.00034663224,-0.01840835,-0.99912,0.030754527,0.028518902,-0.031987965,-0.99852574,-0.043852776,0.027128186,-0.04472645,0.9986309
ecm_T_rc,,,,,-0.0043358393,0.01870579,-0.007592615,-0.99555075,-0.052743673,-0.078081585,0.04863213,-0.9973746,0.053654674,-0.08070653,0.04961868,0.9955021
cart_T_ecmi,,,,,0.1069438,1.3440125,0.4434251,0.99563074,0.020226603,-0.091160834,-0.043968037,-0.75971377,-0.64876944,-0.082378544,0.64994293,-0.7555051
ecmac_T_ecmrep_psm1,,,,,0.01038242,-0.2501324,-0.30762842,0.998145,0.0496832,0.035188068,-0.04731537,0.99675006,-0.06519635,-0.03831287,0.06341047,0.99725187
ecmac_T_ecmrep_psm3,,,,,-0.018947443,-0.4527795,-0.5580277,0.99342906,-0.031421527,0.110051684,0.0051236153,0.97282016,0.23150527,-0.11433475,-0.2294202,0.9665888
""
0,14:52:16.201184,14:52:02.249805,0,,0.1224245,0.008394554,0.016515493,-0.83278805,-0.2835051,-0.47548816,-0.4307052,-0.20778999,0.87824607,-0.3477888,0.9361881,0.050937712,,0.04076491,-0.03381095,0.034180045,0.47985092,-0.770839,0.41898718,-0.87181616,-0.3653848,0.32623664,-0.09838417,-0.5218248,-0.84736025,,0.10694351,1.3440129,0.44342378,0.99563044,0.020221325,-0.09116534,-0.043974955,-0.75971395,-0.6487688,-0.082378544,0.64994293,-0.7555051,,-0.0894447,0.2595401,-0.07442176,0.84186995,0.17895031,0.50914806,-0.52904,0.46006396,0.7130623,-0.10663797,-0.86966544,0.4819859,,-0.0070202476,0.40104717,-0.3794859,-0.4231522,0.83557,-0.35037833,-0.60016733,-0.5481905,-0.5824829,-0.6787793,-0.036193274,0.7334499,,1.1490963152873617,0.3768539187964076,0.21465784626000003,0.4604791158920155,0.06681524838530038,1.2151309818373495,-0.3926791349868075,,-0.8280391415072261,-0.3271735782165214,0.17562785065000003,-0.28769460246076745,0.20044574515590113,-0.06429207419200766,0.5654971569568747,,-0.048616146314302056,-0.07213882130805563,0.0795457676,-0.07359428191455561,,-1.9744039e-07,-1.1920929e-06,8.34465e-07,1.0,-5.248934e-06,-4.518777e-06,5.248934e-06,0.99999994,-5.662441e-07,4.5113266e-06,5.9604645e-07,1.0,35,0.106,1,1,0.081,False,-0.25403941920860307,0.7396526587561625
0.12968785502016544,14:52:16.230389,14:52:02.249805,0,,0.122402325,0.008386061,0.016680405,-0.8325479,-0.28439343,-0.47537827,-0.42978725,-0.20980376,0.8782171,-0.3494952,0.93546927,0.05244282,,0.040765114,-0.033812262,0.034180045,0.47984785,-0.77080566,0.41905203,-0.87181854,-0.3653589,0.32625926,-0.09837788,-0.52189213,-0.8473195,,0.10694351,1.3440129,0.44342378,0.99563044,0.020221325,-0.09116534,-0.043974955,-0.75971395,-0.6487688,-0.082378544,0.64994293,-0.7555051,,-0.08943944,0.25964165,-0.07455373,0.8418442,0.17980924,0.50888795,-0.52946156,0.45809418,0.7140169,-0.10473177,-0.8705276,0.48084602,,-0.007020381,0.4010464,-0.37948695,-0.42314965,0.83554214,-0.35044792,-0.60016304,-0.54823685,-0.5824437,-0.6787847,-0.03613497,0.73344773,,1.1493897791365821,0.3770315416525148,0.21450877291000003,0.46026942594853093,0.06872815938201654,1.2161848508700972,-0.39300582311907584,,-0.8280391415072261,-0.32718130094939557,0.17562785065000003,-0.28769460246076745,0.20044574515590113,-0.0643737529321482,0.565660501023009,,-0.048616146314302056,-0.07213882130805563,0.0795457676,-0.07359428191455561,,-1.9744039e-07,-1.1920929e-06,8.34465e-07,1.0,-5.248934e-06,-4.518777e-06,5.248934e-06,0.99999994,-5.662441e-07,4.5113266e-06,5.9604645e-07,1.0,43,0.13,1,1,0.105,False,-0.25427773008268684,0.7386387745397935
0.15888564399210736,14:52:16.263813,14:52:02.249805,0,,0.12236549,0.0083921105,0.01683046,-0.8327368,-0.2840957,-0.4752254,-0.42947927,-0.2102443,0.87826246,-0.3494239,0.9354608,0.053064764,,0.040766407,-0.03381338,0.034180522,0.47984314,-0.77097493,0.41874588,-0.871822,-0.36548963,0.32610354,-0.098370194,-0.5215504,-0.8475307,,0.10694351,1.3440129,0.44342378,0.99563044,0.020221325,-0.09116534,-0.043974955,-0.75971395,-0.6487688,-0.082378544,0.64994293,-0.7555051,,-0.08941744,0.259745,-0.074666634,0.84203947,0.17949326,0.5086764,-0.52917606,0.45774597,0.7144518,-0.1046053,-0.870776,0.48042372,,-0.0070216586,0.40104607,-0.37948817,-0.42314556,0.8356837,-0.3501151,-0.6001579,-0.54800147,-0.58267045,-0.67879176,-0.036430087,0.7334266,,1.1497295793830482,0.37727094637161573,0.21437784762000003,0.4604791158920155,0.06872815938201654,1.2163482083503785,-0.3926791349868073,,-0.8280468642401004,-0.3271890236822698,0.17562785065000003,-0.28769460246076745,0.20044574515590113,-0.06396535923144542,0.5645170925600691,,-0.048616146314302056,-0.07213882130805563,0.0795457676,-0.07359428191455561,,-1.9744039e-07,-1.1920929e-06,8.34465e-07,1.0,-5.248934e-06,-4.518777e-06,5.248934e-06,0.99999994,-5.662441e-07,4.5113266e-06,5.9604645e-07,1.0,60,0.184,1,1,0.159,False,-0.25403941920860307,0.7387836151421321
0.19229578200611286,14:52:16.304274,14:52:02.369849,0,,0.122332245,0.008397251,0.016991317,-0.832592,-0.28520072,-0.47481695,-0.42894146,-0.21035358,0.878499,-0.3504279,0.93509996,0.052804142,,0.04076501,-0.033809967,0.03418088,0.47994694,-0.7709234,0.4187219,-0.871737,-0.36542758,0.3264001,-0.09861675,-0.52167016,-0.84742844,,0.10694351,1.3440129,0.44342378,0.99563044,0.020221325,-0.09116534,-0.043974955,-0.75971395,-0.6487688,-0.082378544,0.64994293,-0.7555051,,-0.08940014,0.25985458,-0.07478788,0.8420208,0.18062226,0.5083075,-0.5294259,0.45746005,0.71444976,-0.10348483,-0.8706928,0.480817,,-0.007020473,0.40104833,-0.37948546,-0.423229,0.83564097,-0.35011628,-0.6003307,-0.5480744,-0.5824238,-0.67858696,-0.036313076,0.7336219,,1.1500848250952624,0.37749490562496824,0.21423784830000003,0.46026942594853093,0.06982125138014007,1.2155385438609478,-0.3928424790529417,,-0.8280468642401004,-0.32718130094939557,0.17562785065000003,-0.28769460246076745,0.20071901815543203,-0.06410651629869768,0.5643537484939347,,-0.048616146314302056,-0.07213882130805563,0.0795457676,-0.07359428191455561,,-1.9744039e-07,-1.1920929e-06,8.34465e-07,1.0,-5.248934e-06,-4.518777e-06,5.248934e-06,0.99999994,-5.662441e-07,4.5113266e-06,5.9604645e-07,1.0,68,0.208,1,1,0.183,False,-0.254218152364166,0.7376731705242046
0.2327772570133675,14:52:16.331685,14:52:02.369849,0,,0.12231551,0.008378953,0.017101899,-0.8323318,-0.28589955,-0.47485295,-0.4288496,-0.2105889,0.87848747,-0.35115784,0.9348335,0.05267176,,0.040765632,-0.033813797,0.03418058,0.47993773,-0.7708576,0.41885355,-0.8717442,-0.36537647,0.32643807,-0.098597914,-0.5218031,-0.8473488,,0.10694351,1.3440129,0.44342378,0.99563044,0.020221325,-0.09116534,-0.043974955,-0.75971395,-0.6487688,-0.082378544,0.64994293,-0.7555051,,-0.08939536,0.25991318,-0.07488476,0.841839,0.18133216,0.5083559,-0.529839,0.45712832,0.7143559,-0.1028482,-0.87071943,0.4809053,,-0.007020872,0.40104598,-0.37948856,-0.42322132,0.83558595,-0.35025683,-0.6003177,-0.54816586,-0.58235115,-0.67860323,-0.03619804,0.73361254,,1.150247002485621,0.37758757841945895,0.21413155252000002,0.45985004606156193,0.07050443387896727,1.2152264905628871,-0.39365919938361316,,-0.8280468642401004,-0.32720446914801826,0.17562785065000003,-0.28769460246076745,0.20071901815543203,-0.0642698737789788,0.5637003722293977,,-0.048616146314302056,-0.07213882130805563,0.0795457676,-0.07359428191455561,,-1.9744039e-07,-1.1920929e-06,8.34465e-07,1.0,-5.248934e-06,-4.518777e-06,5.248934e-06,0.99999994,-5.662441e-07,4.5113266e-06,5.9604645e-07,1.0,76,0.234,1,1,0.209,False,-0.2538011083345184,0.7373834893195279
0.2601759149983991,14:52:16.363591,14:52:02.369849,0,,0.1223225,0.008343577,0.017227426,-0.8319292,-0.287878,-0.47436294,-0.42822593,-0.21056053,0.8787984,-0.35286874,0.9342326,0.051894456,,0.040765174,-0.03381779,0.034179747,0.4799301,-0.7708971,0.41878957,-0.87175035,-0.36540854,0.32638562,-0.0985803,-0.5217223,-0.84740055,,0.10694351,1.3440129,0.44342378,0.99563044,0.020221325,-0.09116534,-0.043974955,-0.75971395,-0.6487688,-0.082378544,0.64994293,-0.7555051,,-0.089416444,0.25996786,-0.07500147,0.8416383,0.18335962,0.5079608,-0.5304914,0.45681575,0.7140716,-0.10111258,-0.87045884,0.48174435,,-0.007020127,0.4010432,-0.37949148,-0.42321512,0.835619,-0.35018554,-0.60030544,-0.5481109,-0.5824155,-0.67861795,-0.03626878,0.7335954,,1.1503010616157407,0.3776648057482012,0.21400581239000002,0.4594306661745929,0.072280708375918,1.2141864515155367,-0.3928424790529417,,-0.8280391415072261,-0.3272276373466409,0.17562785065000003,-0.28769460246076745,0.20071901815543203,-0.06418819503883821,0.5635370281632635,,-0.048616146314302056,-0.07213882130805563,0.0795457676,-0.07359428191455561,,-1.9744039e-07,-1.1920929e-06,8.34465e-07,1.0,-5.248934e-06,-4.518777e-06,5.248934e-06,0.99999994,-5.662441e-07,4.5113266e-06,5.9604645e-07,1.0,89,0.274,1,1,0.249,False,-0.2537415306159976,0.7374800497210869
0.2920896160067059,14:52:16.395489,14:52:02.369849,0,,0.122381,0.008301601,0.017463088,-0.8290068,-0.29636243,-0.47425437,-0.42688662,-0.21248215,0.8789875,-0.36126935,0.93113935,0.049635828,,0.040764786,-0.03381925,0.03418082,0.47992703,-0.7708979,0.41879147,-0.87175286,-0.36540928,0.32637838,-0.09857395,-0.52172047,-0.84740245,,0.10694351,1.3440129,0.44342378,0.99563044,0.020221325,-0.09116534,-0.043974955,-0.75971395,-0.6487688,-0.082378544,0.64994293,-0.7555051,,-0.089499995,0.26008776,-0.07519987,0.83963156,0.19200872,0.50808614,-0.535029,0.45358974,0.71274143,-0.09361009,-0.870281,0.4835785,,-0.0070197745,0.40104336,-0.37949327,-0.42321256,0.8356197,-0.35018688,-0.6003011,-0.54810965,-0.5824212,-0.67862344,-0.03627038,0.7335903,,1.1503473980129861,0.3778192604056857,0.21378673938000003,0.4556562471918714,0.08034226186207899,1.2116150534643353,-0.39300582311907584,,-0.8280391415072261,-0.32723536007951515,0.17562655436000002,-0.28769460246076745,0.20071901815543203,-0.06418819503883821,0.5635370281632635,,-0.048616146314302056,-0.07213882130805563,0.0795457676,-0.07359428191455561,,-1.9744039e-07,-1.1920929e-06,8.34465e-07,1.0,-5.248934e-06,-4.518777e-06,5.248934e-06,0.99999994,-5.662441e-07,4.5113266e-06,5.9604645e-07,1.0,97,0.298,1,1,0.273,False,-0.2539202637715605,0.7372386487171894
0.3239803049946204,14:52:16.423862,14:52:02.369849,0,,0.12242855,0.008293226,0.017616525,-0.8262436,-0.30243266,-0.47524333,-0.42648494,-0.2153131,0.8784934,-0.3680111,0.9285337,0.04891792,,0.040764995,-0.033820517,0.0341807,0.47992393,-0.77093303,0.4187304,-0.87175524,-0.36543667,0.3263413,-0.098567635,-0.5216494,-0.8474468,,0.10694351,1.3440129,0.44342378,0.99563044,0.020221325,-0.09116534,-0.043974955,-0.75971395,-0.6487688,-0.082378544,0.64994293,-0.7555051,,-0.08956289,0.26017994,-0.07531574,0.83757377,0.19816677,0.509117,-0.5391932,0.4499215,0.7119279,-0.08798223,-0.87080455,0.48369262,,-0.0070199077,0.40104258,-0.3794943,-0.42321,0.835649,-0.35011998,-0.60029674,-0.54806083,-0.58247155,-0.67862886,-0.036331903,0.7335822,,1.1503937344102315,0.3779737150631702,0.21365451780000003,0.45188182820915,0.0864909043515238,1.2109302210254462,-0.3915357265238675,,-0.8280391415072261,-0.3272430828123894,0.17562655436000002,-0.28769460246076745,0.20071901815543203,-0.06410651629869768,0.5633736840971292,,-0.048616146314302056,-0.07213882130805563,0.0795457676,-0.07359428191455561,,-1.9744039e-07,-1.1920929e-06,8.34465e-07,1.0,-5.248934e-06,-4.518777e-06,5.248934e-06,0.99999994,-5.662441e-07,4.5113266e-06,5.9604645e-07,1.0,114,0.352,1,1,0.327,False,-0.2539202637715605,0.7378662913273226
0.35231194001971744,14:52:16.472782,14:52:02.369849,0,,0.12251231,0.00833413,0.017866,-0.82512754,-0.30777138,-0.47375253,-0.4240444,-0.21670401,0.8793325,-0.37329736,0.92645353,0.04829955,,0.04076401,-0.03382086,0.034181893,0.47997123,-0.77089137,0.41875276,-0.87171626,-0.3653934,0.32649368,-0.09868145,-0.5217412,-0.8473772,,0.10694351,1.3440129,0.44342378,0.99563044,0.020221325,-0.09116534,-0.043974955,-0.75971395,-0.6487688,-0.082378544,0.64994293,-0.7555051,,-0.08966898,0.26037094,-0.07546802,0.8371052,0.2036138,0.50773644,-0.5408158,0.4476666,0.7121186,-0.08229947,-0.8707101,0.48486158,,-0.0070190295,0.4010435,-0.37949526,-0.42324784,0.83561444,-0.35015672,-0.6003766,-0.54811925,-0.5823343,-0.67853457,-0.03624582,0.7336737,,1.1504941299375964,0.37863014735747924,0.21346266688,0.4510430684352119,0.09181972784237599,1.2092803212059242,-0.3920257587222702,,-0.8280391415072261,-0.3272508055452636,0.17562525807,-0.28769460246076745,0.20085565465519745,-0.06421793420239413,0.5630469959648605,,-0.048616146314302056,-0.07213882130805563,0.0795457676,-0.07359428191455561,,-1.9744039e-07,-1.1920929e-06,8.34465e-07,1.0,-5.248934e-06,-4.518777e-06,5.248934e-06,0.99999994,-5.662441e-07,4.5113266e-06,5.9604645e-07,1.0,122,0.376,1,1,0.351,False,-0.2537415306159976,0.7367558467093946
0.401245375018334,14:52:16.501256,14:52:02.369849,0,,0.12253268,0.008381471,0.018075377,-0.8231333,-0.3133026,-0.47359607,-0.42347014,-0.21696705,0.8795444,-0.37831813,0.92453593,0.045918375,,0.040763833,-0.03382363,0.034182906,0.47996506,-0.7708932,0.41875657,-0.87172115,-0.3653949,0.32647908,-0.09866884,-0.5217376,-0.8473809,,0.10694351,1.3440129,0.44342378,0.99563044,0.020221325,-0.09116534,-0.043974955,-0.75971395,-0.6487688,-0.082378544,0.64994293,-0.7555051,,-0.08970778,0.26054257,-0.07559264,0.83564895,0.20928943,0.50782746,-0.5437065,0.44637856,0.7107246,-0.07793616,-0.87002534,0.48680782,,-0.00701881,0.40104288,-0.3794981,-0.42324272,0.83561593,-0.3501594,-0.6003679,-0.5481168,-0.58234555,-0.6785455,-0.036249023,0.73366344,,1.150826207451188,0.37910123406280694,0.21330581579000002,0.448317099169913,0.09632873233463551,1.206256960305067,-0.3933325112513444,,-0.8280391415072261,-0.32726625101101203,0.17562396178,-0.28769460246076745,0.20085565465519745,-0.06421793420239408,0.5633736840971292,,-0.048616146314302056,-0.07213882130805563,0.0795457676,-0.07359428191455561,,-1.9744039e-07,-1.1920929e-06,8.34465e-07,1.0,-5.248934e-06,-4.518777e-06,5.248934e-06,0.99999994,-5.662441e-07,4.5113266e-06,5.9604645e-07,1.0,135,0.417,1,1,0.392,False,-0.2540989969271239,0.736562725906277
0.42973439701017924,14:52:16.536784,14:52:02.369849,0,,0.12255873,0.008411258,0.018378869,-0.820693,-0.322734,-0.47149318,-0.41974044,-0.21933463,0.8807441,-0.38766074,0.9207253,0.044541776,,0.040763374,-0.03382761,0.034182012,0.47995743,-0.7709669,0.41862968,-0.87172735,-0.3654536,0.32639682,-0.09865132,-0.5215875,-0.8474753,,0.10694351,1.3440129,0.44342378,0.99563044,0.020221325,-0.09116534,-0.043974955,-0.75971395,-0.6487688,-0.082378544,0.64994293,-0.7555051,,-0.089762405,0.26076198,-0.0757989,0.83432823,0.21892989,0.50593096,-0.54703027,0.44237453,0.7106776,-0.06822238,-0.8696979,0.4888468,,-0.007018065,0.40104008,-0.37950101,-0.42323652,0.8356775,-0.35001987,-0.6003557,-0.5480142,-0.58245474,-0.6785602,-0.036379687,0.73364335,,1.15130501688939,0.3795028161722666,0.21306340956000003,0.4460105097915833,0.10630319681751266,1.2032692139640835,-0.39610936037562716,,-0.8280314187743519,-0.3272894192096347,0.17562396178,-0.28769460246076745,0.20085565465519745,-0.06405457672211295,0.562720307832592,,-0.048616146314302056,-0.07213882130805563,0.0795457676,-0.07359428191455561,,-1.9744039e-07,-1.1920929e-06,8.34465e-07,1.0,-5.248934e-06,-4.518777e-06,5.248934e-06,0.99999994,-5.662441e-07,4.5113266e-06,5.9604645e-07,1.0,143,0.442,1,1,0.417,False,-0.25386068605304013,0.7362730447016004
0.46527417900506407,14:52:16.565066,14:52:02.369849,0,,0.122540355,0.008389682,0.018503264,-0.82018024,-0.32273203,-0.4723859,-0.4186516,-0.22417915,0.88004225,-0.3899168,0.9195584,0.0487549,,0.040763374,-0.03382761,0.034182012,0.47995743,-0.7709669,0.41862968,-0.87172735,-0.3654536,0.32639682,-0.09865132,-0.5215875,-0.8474753,,0.10694351,1.3440129,0.44342378,0.99563044,0.020221325,-0.09116534,-0.043974955,-0.75971395,-0.6487688,-0.082378544,0.64994293,-0.7555051,,-0.089757524,0.26082712,-0.07590849,0.8340942,0.2188143,0.50636655,-0.54768795,0.43794018,0.71291393,-0.065762505,-0.87196827,0.48512533,,-0.007018065,0.40104008,-0.37950101,-0.42323652,0.8356775,-0.35001987,-0.6003557,-0.5480142,-0.58245474,-0.6785602,-0.036379687,0.73364335,,1.1515212534098682,0.37953370710376355,0.21294544717000002,0.44559112990461425,0.10889929031305604,1.2073598580445344,-0.38892222146571886,,-0.8280314187743519,-0.3272894192096347,0.17562396178,-0.28769460246076745,0.20085565465519745,-0.06405457672211295,0.562720307832592,,-0.048616146314302056,-0.07213882130805563,0.0795457676,-0.07359428191455561,,-1.9744039e-07,-1.1920929e-06,8.34465e-07,1.0,-5.248934e-06,-4.518777e-06,5.248934e-06,0.99999994,-5.662441e-07,4.5113266e-06,5.9604645e-07,1.0,156,0.483,1,1,0.458,False,-0.2551118181419816,0.7368041269101742
0.49354416999267414,14:52:16.604426,14:52:02.369849,0,,0.122474715,0.008347854,0.018693909,-0.81927586,-0.32533544,-0.4721695,-0.4181745,-0.22440925,0.88021046,-0.39232272,0.9185844,0.047805876,,0.040762983,-0.03382779,0.03418207,0.48000467,-0.77092534,0.41865203,-0.8716885,-0.36541033,0.3265492,-0.098765135,-0.5216792,-0.84740555,,0.10694351,1.3440129,0.44342378,0.99563044,0.020221325,-0.09116534,-0.043974955,-0.75971395,-0.6487688,-0.082378544,0.64994293,-0.7555051,,-0.0897132,0.26092142,-0.07608611,0.8334569,0.22148776,0.5062537,-0.54891855,0.43720683,0.7124174,-0.06354584,-0.87166125,0.48597178,,-0.0070176716,0.40104005,-0.3795012,-0.42327437,0.835643,-0.35005662,-0.60043555,-0.54807264,-0.5823174,-0.6784659,-0.036293603,0.73373485,,1.1519691719165732,0.37951053890514086,0.21275748512000003,0.44433299024370715,0.1114953838085994,1.2058963477954268,-0.3938225434497473,,-0.8280314187743519,-0.3272971419425089,0.17562396178,-0.28769460246076745,0.2009922911549629,-0.06416599462580941,0.562720307832592,,-0.048616146314302056,-0.07213882130805563,0.0795457676,-0.07359428191455561,,-1.9744039e-07,-1.1920929e-06,8.34465e-07,1.0,-5.248934e-06,-4.518777e-06,5.248934e-06,0.99999994,-5.662441e-07,4.5113266e-06,5.9604645e-07,1.0,164,0.507,1,1,0.482,False,-0.254694774112334,0.7359833634969237
0.5329241350118537,14:52:16.626583,14:52:02.369849,0,,0.12245339,0.008324161,0.018789515,-0.8184094,-0.32741663,-0.47223353,-0.4182237,-0.22418657,0.8802438,-0.39407477,0.917899,0.046542853,,0.040763192,-0.0338291,0.034181952,0.4800016,-0.7709262,0.4186539,-0.8716908,-0.36541104,0.3265419,-0.09875882,-0.52167743,-0.84740746,,0.10694351,1.3440129,0.44342378,0.99563044,0.020221325,-0.09116534,-0.043974955,-0.75971395,-0.6487688,-0.082378544,0.64994293,-0.7555051,,-0.08970261,0.2609663,-0.07617571,0.8327674,0.22363493,0.50644433,-0.5501215,0.43698972,0.7116223,-0.062167376,-0.8712218,0.48693717,,-0.007017805,0.40103927,-0.37950224,-0.4232718,0.8356437,-0.35005796,-0.6004312,-0.5480714,-0.5823231,-0.6784713,-0.036295205,0.7337297,,1.1521390720398061,0.3795028161722666,0.21266285595000003,0.44307485058279994,0.11313502180578469,1.2044776542109292,-0.39365919938361316,,-0.8280314187743519,-0.32730486467538317,0.17562396178,-0.28769460246076745,0.2009922911549629,-0.06416599462580941,0.562720307832592,,-0.048616146314302056,-0.07213882130805563,0.0795457676,-0.07359428191455561,,-1.9744039e-07,-1.1920929e-06,8.34465e-07,1.0,-5.248934e-06,-4.518777e-06,5.248934e-06,0.99999994,-5.662441e-07,4.5113266e-06,5.9604645e-07,1.0,177,0.548,1,1,0.523,False,-0.25403941920860307,0.735307440686011
0.5550654919934459,14:52:16.671521,14:52:02.369849,0,,0.122459546,0.008301243,0.019012004,-0.81506777,-0.33783856,-0.47066945,-0.41648513,-0.22306961,0.8813512,-0.40274638,0.9143878,0.041111916,,0.04076095,-0.03383357,0.034184575,0.47999397,-0.7709999,0.418527,-0.87169707,-0.36546978,0.32645968,-0.09874126,-0.5215274,-0.8475018,,0.10694351,1.3440129,0.44342378,0.99563044,0.020221325,-0.09116534,-0.043974955,-0.75971395,-0.6487688,-0.082378544,0.64994293,-0.7555051,,-0.089731924,0.2610936,-0.07635739,0.83038974,0.23439524,0.50548166,-0.55454475,0.43585226,0.70888144,-0.054156892,-0.86896014,0.4919099,,-0.0070156036,0.4010393,-0.37950742,-0.4232656,0.8357053,-0.34991843,-0.6004189,-0.5479688,-0.5824322,-0.67848605,-0.03642588,0.73370963,,1.1524557040876493,0.37954142983663774,0.21246581987000002,0.439090741656594,0.12187975779077288,1.1980003382954827,-0.39365919938361316,,-0.8280236960414777,-0.32732803287400586,0.17562007291,-0.28769460246076745,0.2009922911549629,-0.06400263714552826,0.5610868671712492,,-0.048616146314302056,-0.07213882130805563,0.0795457676,-0.07359428191455561,,-1.9744039e-07,-1.1920929e-06,8.34465e-07,1.0,-5.248934e-06,-4.518777e-06,5.248934e-06,0.99999994,-5.662441e-07,4.5113266e-06,5.9604645e-07,1.0,185,0.573,1,1,0.548,False,-0.2547543518308557,0.7353557208867905
0.6000206079916097,14:52:16.703014,14:52:02.369849,0,,0.12248719,0.008248359,0.019168392,-0.81361777,-0.34151286,-0.47052652,-0.41465855,-0.22642738,0.88135624,-0.40753448,0.9121949,0.042613924,,0.040759303,-0.033837892,0.034186065,0.4799863,-0.7710052,0.418526,-0.87170327,-0.36547515,0.32643706,-0.09872365,-0.52151585,-0.84751105,,0.10694351,1.3440129,0.44342378,0.99563044,0.020221325,-0.09116534,-0.043974955,-0.75971395,-0.6487688,-0.082378544,0.64994293,-0.7555051,,-0.08977743,0.2611545,-0.07650651,0.8295107,0.23810595,0.5051906,-0.55631834,0.43198398,0.70985895,-0.049212594,-0.8698824,0.49079806,,-0.007013888,0.4010384,-0.37951186,-0.4232594,0.8357097,-0.34991542,-0.60040665,-0.5479614,-0.5824519,-0.6785008,-0.036436696,0.73369545,,1.152471149553398,0.37953370710376355,0.21231026507000003,0.4378326019956868,0.12707194478185962,1.1991572548042957,-0.39300582311907584,,-0.8280159733086034,-0.3273512010726285,0.17561748033000002,-0.28769460246076745,0.2009922911549629,-0.06400263714552826,0.5610868671712492,,-0.048616146314302056,-0.07213882130805563,0.0795457676,-0.07359428191455561,,-1.9744039e-07,-1.1920929e-06,8.34465e-07,1.0,-5.248934e-06,-4.518777e-06,5.248934e-06,0.99999994,-5.662441e-07,4.5113266e-06,5.9604645e-07,1.0,198,0.614,1,1,0.589,False,-0.2543373078012081,0.7350177594813347
0.6315120469953399,14:52:16.735585,14:52:02.786868,0,,0.122485235,0.008170262,0.019342259,-0.81278217,-0.3434074,-0.47059178,-0.41447723,-0.22677746,0.88135153,-0.40938213,0.9113963,0.04198599,,0.040759236,-0.033842094,0.03418976,0.4799755,-0.770971,0.41860136,-0.8717115,-0.36544752,0.32644597,-0.098703355,-0.5215857,-0.8474703,,0.10694351,1.3440129,0.44342378,0.99563044,0.020221325,-0.09116534,-0.043974955,-0.75971395,-0.6487688,-0.082378544,0.64994293,-0.7555051,,-0.08979646,0.2612085,-0.07668831,0.82887226,0.2400517,0.5053176,-0.55740786,0.4312533,0.70944846,-0.0476156,-0.86971015,0.49126062,,-0.0070139756,0.4010393,-0.3795174,-0.42325023,0.83568114,-0.34999475,-0.6003929,-0.54800904,-0.58242124,-0.6785187,-0.036375556,0.7336819,,1.152509763217769,0.37953370710376355,0.21212230302,0.4367841522782643,0.12884821927881035,1.1984439307175072,-0.39316916718521,,-0.8280236960414777,-0.3273743692712512,0.17561359146000002,-0.28769460246076745,0.2009922911549629,-0.06408431588566885,0.5609235231051148,,-0.048616146314302056,-0.07213882130805563,0.0795457676,-0.07359428191455561,,-1.9744039e-07,-1.1920929e-06,8.34465e-07,1.0,-5.248934e-06,-4.518777e-06,5.248934e-06,0.99999994,-5.662441e-07,4.5113266e-06,5.9604645e-07,1.0,206,0.638,1,1,0.613,False,-0.25451604095677105,0.7353557208867905
0.6640862990170717,14:52:16.765315,14:52:02.786868,0,,0.1224937,0.008101299,0.019526944,-0.81097585,-0.34802884,-0.47031283,-0.41426036,-0.2260921,0.88162947,-0.4131664,0.9098122,0.039180517,,0.040759347,-0.03384351,0.034192562,0.47997084,-0.7709692,0.41861004,-0.8717149,-0.36544505,0.3264396,-0.098695695,-0.52159005,-0.8474685,,0.10694351,1.3440129,0.44342378,0.99563044,0.020221325,-0.09116534,-0.043974955,-0.75971395,-0.6487688,-0.082378544,0.64994293,-0.7555051,,-0.08982649,0.2612762,-0.076871224,0.8274631,0.2448349,0.5053323,-0.5597592,0.43087542,0.7078248,-0.044435035,-0.8685633,0.4935821,,-0.0070142825,0.40104085,-0.37952012,-0.42324615,0.83567965,-0.35000318,-0.60038775,-0.54801154,-0.5824241,-0.67852575,-0.036371145,0.7336756,,1.1525638223478885,0.37954142983663774,0.21193174839,0.43447756289993444,0.1324007682727118,1.1953837077411191,-0.39349585531747855,,-0.8280314187743519,-0.32738209200412544,0.17561099888,-0.28769460246076745,0.2009922911549629,-0.06408431588566885,0.5609235231051148,,-0.048616146314302056,-0.07213882130805563,0.0795457676,-0.07359428191455561,,-1.9744039e-07,-1.1920929e-06,8.34465e-07,1.0,-5.248934e-06,-4.518777e-06,5.248934e-06,0.99999994,-5.662441e-07,4.5113266e-06,5.9604645e-07,1.0,219,0.679,1,1,0.654,False,-0.254218152364166,0.7347763584774372
0.6938152869988699,14:52:16.799129,14:52:02.786868,0,,0.122496635,0.008034751,0.019719422,-0.80877334,-0.35209474,-0.47107854,-0.41491836,-0.22607136,0.88132536,-0.41680726,0.9082516,0.03674975,,0.04075224,-0.033844925,0.034194827,0.48002443,-0.7709383,0.41860557,-0.8716719,-0.36541453,0.32658854,-0.098814934,-0.52165717,-0.8474133,,0.10694351,1.3440129,0.44342378,0.99563044,0.020221325,-0.09116534,-0.043974955,-0.75971395,-0.6487688,-0.082378544,0.64994293,-0.7555051,,-0.08985168,0.26135093,-0.077059016,0.82560444,0.24903211,0.50632036,-0.5626923,0.42999268,0.70603377,-0.041888975,-0.86780715,0.49513233,,-0.007007371,0.40104282,-0.3795226,-0.42328998,0.8356539,-0.35001168,-0.60047066,-0.54805493,-0.58229786,-0.6784251,-0.036309112,0.7337718,,1.1526410496766308,0.3795800435010089,0.21173471231000002,0.4313322137476666,0.1354067712675515,1.1930141925999385,-0.39365919938361316,,-0.828000527842855,-0.32738981473699963,0.17560581372,-0.28769460246076745,0.2011289276547283,-0.06419573378936524,0.5612502112373835,,-0.048616146314302056,-0.07213882130805563,0.0795457676,-0.07359428191455561,,-1.9744039e-07,-1.1920929e-06,8.34465e-07,1.0,-5.248934e-06,-4.518777e-06,5.248934e-06,0.99999994,-5.662441e-07,4.5113266e-06,5.9604645e-07,1.0,227,0.704,1,1,0.679,False,-0.254694774112334,0.7354522812883495
0.7276052420202177,14:52:16.829325,14:52:02.786868,0,,0.122506276,0.007972971,0.0199617,-0.8083917,-0.35484388,-0.46966887,-0.41340297,-0.22576371,0.88211596,-0.4190475,0.90725774,0.035811782,,0.04075088,-0.03384795,0.034198105,0.48001826,-0.77094,0.41860932,-0.87167674,-0.36541602,0.32657412,-0.09880227,-0.5216536,-0.847417,,0.10694351,1.3440129,0.44342378,0.99563044,0.020221325,-0.09116534,-0.043974955,-0.75971395,-0.6487688,-0.082378544,0.64994293,-0.7555051,,-0.089888245,0.26146153,-0.077280454,0.8255194,0.25187784,0.5050498,-0.5630123,0.42965847,0.7059821,-0.039177686,-0.8671512,0.4965017,,-0.0070061814,0.40104407,-0.3795269,-0.42328486,0.83565533,-0.35001436,-0.60046196,-0.5480525,-0.58230907,-0.678436,-0.036312312,0.7337616,,1.1527646134026184,0.3797808345557387,0.21149619495000002,0.4313322137476666,0.13800286476309484,1.1913056461304092,-0.39349585531747877,,-0.828000527842855,-0.32740526020274807,0.17560192485,-0.28769460246076745,0.2011289276547283,-0.06419573378936524,0.5612502112373835,,-0.048616146314302056,-0.07213882130805563,0.0795457676,-0.07359428191455561,,-1.9744039e-07,-1.1920929e-06,8.34465e-07,1.0,-5.248934e-06,-4.518777e-06,5.248934e-06,0.99999994,-5.662441e-07,4.5113266e-06,5.9604645e-07,1.0,240,0.745,1,1,0.72,False,-0.25481392954937654,0.7347280782766576
0.7578254239924718,14:52:16.869155,14:52:02.931367,0,,0.1225612,0.007906541,0.020307422,-0.80545616,-0.36171696,-0.46946922,-0.41269854,-0.22619542,0.88233525,-0.42534733,0.9044316,0.032910317,,0.040750556,-0.033857442,0.034200966,0.47999677,-0.77094626,0.4186227,-0.8716936,-0.36542115,0.32652327,-0.09875813,-0.52164084,-0.84743,,0.10694351,1.3440129,0.44342378,0.99563044,0.020221325,-0.09116534,-0.043974955,-0.75971395,-0.6487688,-0.082378544,0.64994293,-0.7555051,,-0.089980334,0.26163462,-0.07757797,0.8232608,0.25896943,0.50515,-0.56666416,0.42768976,0.7042537,-0.033667322,-0.8660348,0.4988489,,-0.0070056566,0.40104142,-0.37953645,-0.42326692,0.8356605,-0.35002378,-0.60043156,-0.5480439,-0.5823485,-0.67847407,-0.03632352,0.7337258,,1.1528263952656121,0.3801592484665757,0.21117082616000002,0.42776748470842973,0.14374159775324336,1.1878512752772683,-0.3939858875158815,,-0.828000527842855,-0.32745931933286765,0.17559803598,-0.28769460246076745,0.2011289276547283,-0.06419573378936524,0.5612502112373835,,-0.048616146314302056,-0.07213882130805563,0.0795457676,-0.07359428191455561,,-1.9744039e-07,-1.1920929e-06,8.34465e-07,1.0,-5.248934e-06,-4.518777e-06,5.248934e-06,0.99999994,-5.662441e-07,4.5113266e-06,5.9604645e-07,1.0,265,0.823,1,1,0.798,False,-0.2550522404234603,0.73453495747354
0.7976580900140107,14:52:16.938644,14:52:02.931367,0,,0.12262294,0.007874846,0.020691708,-0.80165374,-0.3711809,-0.4685895,-0.40954313,-0.22999537,0.882823,-0.43546033,0.8996259,0.032361925,,0.04074819,-0.03385807,0.034205496,0.47999677,-0.7710487,0.4184338,-0.8716936,-0.3655012,0.32643378,-0.09875813,-0.5214332,-0.8475578,,0.10694351,1.3440129,0.44342378,0.99563044,0.020221325,-0.09116534,-0.043974955,-0.75971395,-0.6487688,-0.082378544,0.64994293,-0.7555051,,-0.090081364,0.26185897,-0.077881195,0.82063544,0.26867318,0.5043532,-0.57096446,0.42195246,0.7042412,-0.023602372,-0.86589307,0.49967197,,-0.007003716,0.40104517,-0.37953946,-0.42326692,0.8357462,-0.349819,-0.60043156,-0.5479012,-0.5824828,-0.67847407,-0.03650331,0.7337169,,1.1530735227175872,0.38057627604178385,0.21083508705,0.4239930657257082,0.1541259717354168,1.1859994925477255,-0.39349585531747855,,-0.828000527842855,-0.32745931933286765,0.17559285082,-0.28769460246076745,0.2011289276547283,-0.06395069756894359,0.560433490906712,,-0.048616146314302056,-0.07213882130805563,0.0795457676,-0.07359428191455561,,-1.9744039e-07,-1.1920929e-06,8.34465e-07,1.0,-5.248934e-06,-4.518777e-06,5.248934e-06,0.99999994,-5.662441e-07,4.5113266e-06,5.9604645e-07,1.0,269,0.835,1,1,0.81,False,-0.2547543518308557,0.7347763584774372
0.8671488160034642,14:52:16.967204,14:52:02.931367,0,,0.12261219,0.007873759,0.020845741,-0.79969007,-0.37470442,-0.4691401,-0.409815,-0.23040438,0.8825901,-0.43880227,0.89805925,0.030692399,,0.040745832,-0.03385984,0.034204304,0.4800441,-0.77104753,0.4183817,-0.87165505,-0.36549166,0.32654732,-0.09886837,-0.5214415,-0.8475398,,0.10694351,1.3440129,0.44342378,0.99563044,0.020221325,-0.09116534,-0.043974955,-0.75971395,-0.6487688,-0.082378544,0.64994293,-0.7555051,,-0.09008603,0.26195875,-0.077998966,0.81900275,0.27231157,0.5050553,-0.5734031,0.42072415,0.70299363,-0.021055672,-0.86535406,0.50071853,,-0.007001167,0.40104347,-0.37954032,-0.42330518,0.8357454,-0.34977472,-0.60050863,-0.5479033,-0.5824014,-0.678382,-0.036490794,0.7338026,,1.1533283729024366,0.38074617616501677,0.21070286547000003,0.4212670964604094,0.15699533823049108,1.1840681102708035,-0.39431257564815003,,-0.8279850823771066,-0.3274747647986161,0.17559285082,-0.28769460246076745,0.2012655641544938,-0.06398043673249945,0.5602701468405777,,-0.048616146314302056,-0.07213882130805563,0.0795457676,-0.07359428191455561,,-1.9744039e-07,-1.1920929e-06,8.34465e-07,1.0,-5.248934e-06,-4.518777e-06,5.248934e-06,0.99999994,-5.662441e-07,4.5113266e-06,5.9604645e-07,1.0,286,0.888,1,1,0.863,False,-0.25642252794944387,0.7344866772727605
0.8956111489969771,14:52:17.010417,14:52:02.931367,0,,0.122598946,0.007871538,0.021153644,-0.7951877,-0.384713,-0.4686923,-0.40806592,-0.23220614,0.8829284,-0.44850713,0.8933511,0.027659029,,0.04074524,-0.033860005,0.034205437,0.4800441,-0.77104753,0.4183817,-0.87165505,-0.36549166,0.32654732,-0.09886837,-0.5214415,-0.8475398,,0.10694351,1.3440129,0.44342378,0.99563044,0.020221325,-0.09116534,-0.043974955,-0.75971395,-0.6487688,-0.082378544,0.64994293,-0.7555051,,-0.09010355,0.2621579,-0.07823354,0.8155746,0.28264165,0.5049275,-0.57852465,0.41658166,0.7012624,-0.012137585,-0.8640448,0.5032686,,-0.007000682,0.4010444,-0.37954107,-0.42330518,0.8357454,-0.34977472,-0.60050863,-0.5479033,-0.5824014,-0.678382,-0.036490794,0.7338026,,1.1538766869365067,0.38094696721974664,0.21044490376000002,0.4160248478732963,0.16669652971383736,1.1797513036745424,-0.39496595191268713,,-0.8279850823771066,-0.3274747647986161,0.17559155453000003,-0.28769460246076745,0.2012655641544938,-0.06398043673249945,0.5602701468405777,,-0.048616146314302056,-0.07213882130805563,0.0795457676,-0.07359428191455561,,-1.9744039e-07,-1.1920929e-06,8.34465e-07,1.0,-5.248934e-06,-4.518777e-06,5.248934e-06,0.99999994,-5.662441e-07,4.5113266e-06,5.9604645e-07,1.0,303,0.941,1,1,0.916,False,-0.2555288621716292,0.73453495747354
0.9388842710177414,14:52:17.067373,14:52:03.131214,0,,0.12253094,0.007897213,0.021582529,-0.7900809,-0.39522833,-0.46857962,-0.4045056,-0.23821181,0.88296676,-0.46059453,0.8871582,0.02833429,,0.040745657,-0.0338613,0.034208417,0.47987583,-0.77112675,0.4184289,-0.8717377,-0.3652968,0.32654476,-0.098956496,-0.5214612,-0.8475175,,0.10694351,1.3440129,0.44342378,0.99563044,0.020221325,-0.09116534,-0.043974955,-0.75971395,-0.6487688,-0.082378544,0.64994293,-0.7555051,,-0.09007734,0.26245853,-0.07854682,0.8118681,0.2934237,0.50475025,-0.5838409,0.40829858,0.70172787,-0.00018519872,-0.8644043,0.50279737,,-0.0070013157,0.40104616,-0.37954375,-0.42312515,0.8358161,-0.3498237,-0.6006082,-0.5478071,-0.5823892,-0.6784061,-0.03631652,0.73378897,,1.1549347013402753,0.38124043106896716,0.21009749804000002,0.4105729093426987,0.17954036069178875,1.1784260396228217,-0.39431257564815003,,-0.8279928051099809,-0.32748248753149034,0.17558896195,-0.2874849125172829,0.2012655641544938,-0.06398043673249945,0.5602701468405777,,-0.048616146314302056,-0.07213882130805563,0.0795457676,-0.07359428191455561,,-1.9744039e-07,-1.1920929e-06,8.34465e-07,1.0,-5.248934e-06,-4.518777e-06,5.248934e-06,0.99999994,-5.662441e-07,4.5113266e-06,5.9604645e-07,1.0,324,1.007,1,1,0.982,False,-0.2545756186752919,0.7341487158673043
0.9958489460113924,14:52:17.136387,14:52:03.131214,0,,0.12247652,0.007909849,0.02217777,-0.7839582,-0.40775597,-0.46812886,-0.39703497,-0.25038147,0.8829905,-0.47725534,0.8780912,0.0343951,,0.040725335,-0.033843793,0.034200788,0.47988033,-0.771166,0.41835132,-0.8717338,-0.36532497,0.3265239,-0.09896973,-0.52138335,-0.84756374,,0.10694914,1.3440099,0.44342205,0.9956293,0.020201556,-0.09118222,-0.04400086,-0.7597145,-0.6487664,-0.082378544,0.64994293,-0.7555051,,-0.09008383,0.2628575,-0.078994095,0.8077801,0.3061924,0.5037237,-0.5892137,0.39351913,0.70566976,0.01784581,-0.8668269,0.4982897,,-0.0069856877,0.40104935,-0.3795286,-0.4231518,0.8358376,-0.34974006,-0.6006109,-0.54776907,-0.5824222,-0.67838717,-0.036395293,0.7338026,,1.1561394476686544,0.3816033995140557,0.20959453752,0.4055403506990701,0.19839619765941952,1.1815914429246233,-0.39414923158201587,,-0.8279696369113582,-0.32749021026436453,0.17558766566000003,-0.2874849125172829,0.2012655641544938,-0.06389875799235886,0.5604334909067121,,-0.048616146314302056,-0.07213882130805563,0.0795457676,-0.07359428191455561,,5.684793e-06,1.1920929e-07,3.5762787e-06,1.0,-2.4903566e-05,-2.1424145e-05,2.4903566e-05,0.99999994,-2.7418137e-06,2.1424145e-05,2.7418137e-06,1.0,333,1.036,1,1,1.011,False,-0.25558843989015,0.7342935564696424
1.0648895530030131,14:52:17.163386,14:52:03.131214,0,,0.12243797,0.00787881,0.022536755,-0.78055316,-0.4153157,-0.46717203,-0.39443362,-0.25255027,0.8835386,-0.48493177,0.87391716,0.033314347,,0.040727835,-0.033846177,0.03420204,0.47975466,-0.77120167,0.4184296,-0.8717809,-0.36508432,0.32666725,-0.09916413,-0.521499,-0.8474699,,0.10694914,1.3440099,0.44342205,0.9956293,0.020201556,-0.09118222,-0.04400086,-0.7597145,-0.6487664,-0.082378544,0.64994293,-0.7555051,,-0.090082645,0.26306877,-0.07928851,0.8052815,0.31401798,0.50290596,-0.5923365,0.38937506,0.7053542,0.02567487,-0.86589825,0.49956083,,-0.0069881757,0.40104884,-0.37953123,-0.42300552,0.8358722,-0.34983426,-0.60078526,-0.5477338,-0.58227557,-0.678324,-0.036130514,0.7338741,,1.156772711764341,0.38180419056878556,0.20927824276,0.40218531160331766,0.20673102414511138,1.1788788878061696,-0.39545598411109006,,-0.8279850823771066,-0.3275133784629872,0.17558766566000003,-0.2872752225737984,0.20140220065425923,-0.06401017589605526,0.5604334909067121,,-0.048616146314302056,-0.07213882130805563,0.0795457676,-0.07359428191455561,,5.684793e-06,1.1920929e-07,3.5762787e-06,1.0,-2.4903566e-05,-2.1424145e-05,2.4903566e-05,0.99999994,-2.7418137e-06,2.1424145e-05,2.7418137e-06,1.0,347,1.081,1,1,1.056,False,-0.2552905512975445,0.7337141940602891
1.091851683013374,14:52:17.201121,14:52:03.131214,0,,0.12240872,0.00784415,0.02288732,-0.7773197,-0.4214666,-0.46705467,-0.39052513,-0.25877956,0.8834723,-0.49321812,0.8691369,0.036561042,,0.04073084,-0.033851005,0.034202814,0.47973913,-0.77119994,0.41845065,-0.8717925,-0.3650809,0.32663992,-0.09913617,-0.52150404,-0.84747,,0.10694914,1.3440099,0.44342205,0.9956293,0.020201556,-0.09118222,-0.04400086,-0.7597145,-0.6487664,-0.082378544,0.64994293,-0.7555051,,-0.09009003,0.26327154,-0.07957794,0.803076,0.32031104,0.50246364,-0.59485984,0.38171577,0.7074142,0.03479428,-0.86700284,0.49708697,,-0.0069909957,0.4010466,-0.37953573,-0.42299226,0.83587074,-0.34985378,-0.60076636,-0.54773635,-0.58229256,-0.67834896,-0.036124878,0.73385125,,1.1573750849285305,0.3819509224933958,0.20897102203,0.39966903228150347,0.21629557912869224,1.180636047143866,-0.3920257587222702,,-0.828000527842855,-0.3275442693944841,0.17558766566000003,-0.2872752225737984,0.20140220065425923,-0.06401017589605532,0.5601068027744435,,-0.048616146314302056,-0.07213882130805563,0.0795457676,-0.07359428191455561,,5.684793e-06,1.1920929e-07,3.5762787e-06,1.0,-2.4903566e-05,-2.1424145e-05,2.4903566e-05,0.99999994,-2.7418137e-06,2.1424145e-05,2.7418137e-06,1.0,356,1.109,1,1,1.084,False,-0.25588632848275505,0.7332313920524944
1.1296244109980762,14:52:17.233861,14:52:03.131214,0,,0.12235369,0.007775426,0.023411348,-0.77341557,-0.42814794,-0.46745875,-0.3845759,-0.26929948,0.8829378,-0.5039143,0.8626512,0.043624908,,0.04073059,-0.033856295,0.03420186,0.47972843,-0.7712745,0.41832557,-0.87180114,-0.36514035,0.32655045,-0.09911227,-0.5213522,-0.84756625,,0.10694914,1.3440099,0.44342205,0.9956293,0.020201556,-0.09118222,-0.04400086,-0.7597145,-0.6487664,-0.082378544,0.64994293,-0.7555051,,-0.09009065,0.26356217,-0.0800228,0.80054003,0.32709736,0.5021384,-0.59742355,0.36970696,0.7116192,0.04712471,-0.86966896,0.49138087,,-0.0069903834,0.40104303,-0.3795397,-0.4229835,0.835933,-0.34971556,-0.60074973,-0.5476326,-0.58240736,-0.67836916,-0.036257163,0.7338261,,1.1582709219419405,0.3821439908152514,0.20850176505,0.3971527529596891,0.22913941010664365,1.1857634035632496,-0.391862414656136,,-0.8279928051099809,-0.32757516032598105,0.17558766566000003,-0.2872752225737984,0.20140220065425923,-0.06384681841577419,0.5597801146421749,,-0.048616146314302056,-0.07213882130805563,0.0795457676,-0.07359428191455561,,5.684793e-06,1.1920929e-07,3.5762787e-06,1.0,-2.4903566e-05,-2.1424145e-05,2.4903566e-05,0.99999994,-2.7418137e-06,2.1424145e-05,2.7418137e-06,1.0,370,1.154,1,1,1.129,False,-0.25481392954937654,0.7339073148634068
