Task Time,PC1 Time,PC2 Time,Gaze Calib,s_T_psm1,Tx,Ty,Tz,R00,R01,R02,R10,R11,R12,R20,R21,R22,s_T_psm3,Tx,Ty,Tz,R00,R01,R02,R10,R11,R12,R20,R21,R22,cart_T_ecm,Tx,Ty,Tz,R00,R01,R02,R10,R11,R12,R20,R21,R22,ecm_T_psm1,Tx,Ty,Tz,R00,R01,R02,R10,R11,R12,R20,R21,R22,ecm_T_psm3,Tx,Ty,Tz,R00,R01,R02,R10,R11,R12,R20,R21,R22,psm1_joints,q1,q2,q3,q4,q5,q6,jaw,psm3_joints,q1,q2,q3,q4,q5,q6,jaw,ecm_joints,q1,q2,q3,q4,ecmi_T_ecm,Tx,Ty,Tz,R00,R01,R02,R10,R11,R12,R20,R21,R22,Sample #,Task Duration (s),Collisions (binary),Collisions (increments),Cumulative Collision Time (s),Clutch Press,MTMR Angle,MTML Angle
""
lci_T_si,,,,,-0.06275115,0.020269286,0.23277931,0.9922883,-0.04035988,0.11719676,0.048105527,-0.7459988,-0.6642075,0.11423598,0.66472316,-0.7383043
rci_T_si,,,,,-0.0725517,0.024538085,0.24269353,0.9888494,-0.06173267,0.13552107,0.047746018,-0.730564,-0.6811729,0.14105745,0.680048,-0.71947026
ecm_T_lc,,,,,-4.4061628e-05,-0.00034663224,-0.01840835,-0.99912,0.030754527,0.028518902,-0.031987965,-0.99852574,-0.043852776,0.027128186,-0.04472645,0.9986309
ecm_T_rc,,,,,-0.0043358393,0.01870579,-0.007592615,-0.99555075,-0.052743673,-0.078081585,0.04863213,-0.9973746,0.053654674,-0.08070653,0.04961868,0.9955021
cart_T_ecmi,,,,,0.1069438,1.3440125,0.4434251,0.99563074,0.020226603,-0.091160834,-0.043968037,-0.75971377,-0.64876944,-0.082378544,0.64994293,-0.7555051
ecmac_T_ecmrep_psm1,,,,,0.01038242,-0.2501324,-0.30762842,0.998145,0.0496832,0.035188068,-0.04731537,0.99675006,-0.06519635,-0.03831287,0.06341047,0.99725187
ecmac_T_ecmrep_psm3,,,,,-0.018947443,-0.4527795,-0.5580277,0.99342906,-0.031421527,0.110051684,0.0051236153,0.97282016,0.23150527,-0.11433475,-0.2294202,0.9665888
""
0,14:50:48.098092,14:50:34.124272,0,,0.12490285,0.0065823793,0.027993545,-0.55411726,-0.68729895,-0.46965343,-0.4207536,-0.2555714,0.87043077,-0.718276,0.6799291,-0.14756697,,0.026901186,-0.03101641,0.045271635,0.5888369,-0.4083919,0.69748634,-0.80766535,-0.26443928,0.52701855,-0.030787319,-0.8736635,-0.4855556,,0.107009314,1.344008,0.44342253,0.9956268,0.020158295,-0.091219164,-0.044057555,-0.7597156,-0.6487612,-0.082378544,0.64994293,-0.7555051,,-0.09318765,0.2655672,-0.08396889,0.60212547,0.60345775,0.5227654,-0.77077836,0.26861963,0.57770604,0.20819613,-0.75078773,0.62687486,,0.005475907,0.41335067,-0.38320258,-0.541389,0.5044628,-0.6726182,-0.52115226,-0.82912457,-0.20236802,-0.65977144,0.24097668,0.7117808,,1.1466404862333583,0.38558832967715556,0.20455585829000003,0.14657327049568253,0.41373532128975365,0.966627673951312,-0.3990495535660441,,-0.7832163999052271,-0.28756368130462384,0.16011125935,-0.4244124456126773,0.14469805325160143,-0.6193356669972813,0.7918920326189859,,-0.048616146314302056,-0.07213882130805563,0.0795457676,-0.07359428191455561,,6.5632164e-05,3.2186508e-06,-1.0728836e-06,1.0,-6.793067e-05,-5.843863e-05,6.792694e-05,1.0,-7.4207783e-06,5.8434904e-05,7.4505806e-06,1.0,36,0.108,0,0,0.0,False,-0.2561246393568388,0.966424761817279
0.1227938040101435,14:50:48.120764,14:50:34.124272,0,,0.124803305,0.006677121,0.02813311,-0.5454714,-0.6953926,-0.467857,-0.41841918,-0.2577378,0.8709171,-0.7262137,0.6708207,-0.1503771,,0.02687576,-0.031027883,0.045262575,0.5890617,-0.40841094,0.6972853,-0.80749965,-0.2645744,0.52720463,-0.030832231,-0.87361366,-0.48564234,,0.107009314,1.344008,0.44342253,0.9956268,0.020158295,-0.091219164,-0.044057555,-0.7597156,-0.6487612,-0.082378544,0.64994293,-0.7555051,,-0.09309807,0.26573282,-0.08402293,0.59443134,0.61230415,0.5212821,-0.7744247,0.26128006,0.5761937,0.2166052,-0.7462013,0.6294965,,0.0055026435,0.4133397,-0.38320762,-0.5416165,0.5044837,-0.67241937,-0.5211261,-0.8291528,-0.20231953,-0.6596053,0.24083565,0.7119825,,1.1473973140550322,0.3855806069442813,0.20450789556,0.1377662928693325,0.42316323977356907,0.9592665535568212,-0.39937624169831243,,-0.7830310543162458,-0.2876177404347434,0.16010737048,-0.4246221355561618,0.14483468975136687,-0.6194470849009778,0.7918920326189859,,-0.048616146314302056,-0.07213882130805563,0.0795457676,-0.07359428191455561,,6.5632164e-05,3.2186508e-06,-1.0728836e-06,1.0,-6.793067e-05,-5.843863e-05,6.792694e-05,1.0,-7.4207783e-06,5.8434904e-05,7.4505806e-06,1.0,40,0.12,0,0,0.0,False,-0.25540970673458663,0.9663764816164995
0.1454664100019727,14:50:48.147884,14:50:34.124272,0,,0.1247071,0.0067958385,0.028322503,-0.53790945,-0.7032487,-0.46486002,-0.41228932,-0.26152068,0.87271094,-0.7353033,0.6610963,-0.14926755,,0.026852097,-0.031042352,0.04524958,0.589321,-0.40839905,0.6970731,-0.8073049,-0.2646054,0.52748716,-0.030975908,-0.87360984,-0.48564008,,0.107009314,1.344008,0.44342253,0.9956268,0.020158295,-0.091219164,-0.044057555,-0.7597156,-0.6487612,-0.082378544,0.64994293,-0.7555051,,-0.09301563,0.26594892,-0.0840985,0.58810914,0.62089884,0.51827824,-0.77591074,0.25230646,0.5781902,0.2282327,-0.7421766,0.6301458,,0.005528166,0.41332367,-0.3832131,-0.5418701,0.5044731,-0.672223,-0.5211711,-0.8291674,-0.20214367,-0.6593614,0.24080758,0.7122178,,1.1483240419999392,0.3856655570058978,0.20444048848000002,0.1316852845082813,0.43559716125222414,0.9542732849493023,-0.39888620949990994,,-0.7828457087272643,-0.2877026904963599,0.16010737048,-0.4248318254996464,0.14510796275089774,-0.6196699207083706,0.7918920326189859,,-0.048616146314302056,-0.07213882130805563,0.0795457676,-0.07359428191455561,,6.5632164e-05,3.2186508e-06,-1.0728836e-06,1.0,-6.793067e-05,-5.843863e-05,6.792694e-05,1.0,-7.4207783e-06,5.8434904e-05,7.4505806e-06,1.0,55,0.165,0,0,0.0,False,-0.2555288621716292,0.9663282014157202
0.17258767402381636,14:50:48.179974,14:50:34.124272,0,,0.12469556,0.0068801343,0.028464004,-0.52948487,-0.7117026,-0.46165487,-0.40693098,-0.26441538,0.8743521,-0.74434733,0.6508179,-0.14961001,,0.026847012,-0.031054378,0.04524815,0.58965486,-0.40823814,0.696885,-0.8070651,-0.264849,0.5277318,-0.030870885,-0.87361115,-0.48564434,,0.107009314,1.344008,0.44342253,0.9956268,0.020158295,-0.091219164,-0.044057555,-0.7597156,-0.6487612,-0.082378544,0.64994293,-0.7555051,,-0.09301421,0.26610532,-0.084151424,0.58088833,0.63018495,0.5152045,-0.7779773,0.24366315,0.5791197,0.23941615,-0.73722124,0.63181067,,0.005533964,0.41331664,-0.38322255,-0.5422243,0.5043256,-0.672048,-0.5209916,-0.82931614,-0.20199612,-0.65921205,0.24060416,0.7124248,,1.1486792877121537,0.38575050706751424,0.20440289607,0.12476551637329199,0.4476211732315829,0.9481440527303424,-0.3990495535660443,,-0.7828070950628933,-0.28777991782510215,0.16010477790000002,-0.4252512053866154,0.14524459925066321,-0.619781338612067,0.7918920326189859,,-0.048616146314302056,-0.07213882130805563,0.0795457676,-0.07359428191455561,,6.5632164e-05,3.2186508e-06,-1.0728836e-06,1.0,-6.793067e-05,-5.843863e-05,6.792694e-05,1.0,-7.4207783e-06,5.8434904e-05,7.4505806e-06,1.0,59,0.178,0,0,0.0,False,-0.25546928445310746,0.9665696024196175
0.20467857702169567,14:50:48.209704,14:50:34.260541,0,,0.12471964,0.0069372356,0.02857636,-0.5181514,-0.72025937,-0.46124366,-0.4049496,-0.2684126,0.8740541,-0.7533492,0.6396727,-0.15259048,,0.026851077,-0.031063795,0.04525137,0.58982134,-0.4081645,0.6967872,-0.8069446,-0.26495135,0.5278647,-0.030840844,-0.87361455,-0.4856401,,0.107009314,1.344008,0.44342253,0.9956268,0.020158295,-0.091219164,-0.044057555,-0.7597156,-0.6487612,-0.082378544,0.64994293,-0.7555051,,-0.09304659,0.26622108,-0.084196314,0.5706119,0.639607,0.51507765,-0.7826617,0.23362227,0.5769414,0.24868216,-0.7323411,0.6339035,,0.0055300863,0.41331387,-0.38323218,-0.5423988,0.5042579,-0.6719579,-0.52092034,-0.82938164,-0.20191097,-0.6591248,0.24052028,0.71253383,,1.1486483967806567,0.38582001166338226,0.20437437769000003,0.11344225942512769,0.45800554721375636,0.9410648306318039,-0.39888620949990994,,-0.7828379859943901,-0.28784942242097017,0.16010218532,-0.4254608953300999,0.14538123575042863,-0.6198110777756228,0.7917286885528515,,-0.048616146314302056,-0.07213882130805563,0.0795457676,-0.07359428191455561,,6.5632164e-05,3.2186508e-06,-1.0728836e-06,1.0,-6.793067e-05,-5.843863e-05,6.792694e-05,1.0,-7.4207783e-06,5.8434904e-05,7.4505806e-06,1.0,71,0.214,0,0,0.0,False,-0.2552905512975445,0.966521322218838
0.2344041250180453,14:50:48.231904,14:50:34.260541,0,,0.124762185,0.006951362,0.028640106,-0.51348627,-0.7242193,-0.46025902,-0.40289277,-0.2700976,0.87448543,-0.75763404,0.63447124,-0.15309137,,0.026852157,-0.031069756,0.045252442,0.5898486,-0.40812838,0.69678533,-0.8069214,-0.2648534,0.5279493,-0.030925095,-0.87366116,-0.485551,,0.107009314,1.344008,0.44342253,0.9956268,0.020158295,-0.091219164,-0.044057555,-0.7597156,-0.6487612,-0.082378544,0.64994293,-0.7555051,,-0.09309454,0.26627207,-0.08423058,0.56649834,0.64397955,0.5141692,-0.7840256,0.2290721,0.5769141,0.25373903,-0.7299427,0.6346654,,0.0055292156,0.41331142,-0.38323778,-0.54241884,0.5042216,-0.671969,-0.5209816,-0.8293724,-0.20179091,-0.6590599,0.24062829,0.71255744,,1.1484939421231721,0.3858895162592503,0.20434974818,0.1094581504989217,0.463471007204374,0.9382416892867584,-0.39823283323537284,,-0.7828457087272643,-0.2878957588182155,0.16010088903000003,-0.4254608953300999,0.14551787225019408,-0.6199224956793192,0.7917286885528515,,-0.048616146314302056,-0.07213882130805563,0.0795457676,-0.07359428191455561,,6.5632164e-05,3.2186508e-06,-1.0728836e-06,1.0,-6.793067e-05,-5.843863e-05,6.792694e-05,1.0,-7.4207783e-06,5.8434904e-05,7.4505806e-06,1.0,78,0.236,0,0,0.0,False,-0.25558843989015,0.9662316410141611
0.256580853019841,14:50:48.261376,14:50:34.260541,0,,0.12482758,0.006995067,0.028797016,-0.4999691,-0.73397684,-0.4596835,-0.40015686,-0.27494526,0.87423086,-0.76805294,0.6210339,-0.1562418,,0.026850939,-0.031077757,0.045250595,0.5906412,-0.4077107,0.6963584,-0.8063553,-0.26552755,0.5284754,-0.030562669,-0.87365156,-0.4855912,,0.107009314,1.344008,0.44342253,0.9956268,0.020158295,-0.091219164,-0.044057555,-0.7597156,-0.6487612,-0.082378544,0.64994293,-0.7555051,,-0.09317306,0.2664055,-0.08431331,0.55422807,0.6547825,0.5138981,-0.78912324,0.21692851,0.5746534,0.26479384,-0.7240179,0.6369319,,0.005531009,0.41330576,-0.38324356,-0.54327065,0.5038396,-0.6715673,-0.52046233,-0.82976973,-0.20149723,-0.65876853,0.24005798,0.7130191,,1.1482313692054487,0.38603624818386056,0.20428752626000002,0.09624768405939668,0.47576829218326366,0.9300926889773136,-0.40002961796284975,,-0.7828379859943901,-0.2879498179483351,0.16010088903000003,-0.4265093450475225,0.14565450874995953,-0.6200339135830156,0.7917286885528515,,-0.048616146314302056,-0.07213882130805563,0.0795457676,-0.07359428191455561,,6.5632164e-05,3.2186508e-06,-1.0728836e-06,1.0,-6.793067e-05,-5.843863e-05,6.792694e-05,1.0,-7.4207783e-06,5.8434904e-05,7.4505806e-06,1.0,86,0.26,0,0,0.0,False,-0.25588632848275505,0.9663764816164995
0.2860516080108937,14:50:48.280670,14:50:34.260541,0,,0.124860734,0.007013172,0.028882086,-0.49548322,-0.7370486,-0.45962572,-0.398808,-0.27704418,0.8741846,-0.7716531,0.61644614,-0.15667021,,0.026850581,-0.031081378,0.04524982,0.59063506,-0.40765917,0.69639367,-0.80636036,-0.2655014,0.52848077,-0.030546486,-0.8736836,-0.48553467,,0.107009314,1.344008,0.44342253,0.9956268,0.020158295,-0.091219164,-0.044057555,-0.7597156,-0.6487612,-0.082378544,0.64994293,-0.7555051,,-0.093213595,0.26647365,-0.08436204,0.55019104,0.6581916,0.51388097,-0.7905733,0.2124383,0.5743377,0.2688563,-0.722256,0.63723034,,0.005531623,0.4133032,-0.38324618,-0.5432659,0.5037902,-0.6716082,-0.5204508,-0.82978827,-0.20145081,-0.6587815,0.24009767,0.7129937,,1.148138696410958,0.38619070284134505,0.20424215611000002,0.0920538851897062,0.48014066017575774,0.9279158546414175,-0.39823283323537284,,-0.7828302632615158,-0.28797298614695777,0.16010088903000003,-0.4265093450475225,0.14565450874995953,-0.6201155923231563,0.7918920326189859,,-0.048616146314302056,-0.07213882130805563,0.0795457676,-0.07359428191455561,,6.5632164e-05,3.2186508e-06,-1.0728836e-06,1.0,-6.793067e-05,-5.843863e-05,6.792694e-05,1.0,-7.4207783e-06,5.8434904e-05,7.4505806e-06,1.0,94,0.284,0,0,0.0,False,-0.25624379479388093,0.9661350806126023
0.30537364102201536,14:50:48.310130,14:50:34.260541,0,,0.124895535,0.007104337,0.029085174,-0.48110688,-0.74699765,-0.45883626,-0.39606813,-0.28171805,0.87393653,-0.7820909,0.6021873,-0.16032553,,0.026852973,-0.031085938,0.04525149,0.5906207,-0.40770537,0.6963788,-0.80637205,-0.26555714,0.52843493,-0.0305174,-0.87364507,-0.48560578,,0.107009314,1.344008,0.44342253,0.9956268,0.020158295,-0.091219164,-0.044057555,-0.7597156,-0.6487612,-0.082378544,0.64994293,-0.7555051,,-0.09326403,0.266674,-0.08445191,0.53706884,0.6692746,0.51344764,-0.79570496,0.19989721,0.57174706,0.28001904,-0.7156204,0.6399037,,0.005529313,0.41330194,-0.38325092,-0.54325384,0.5038352,-0.6715842,-0.52043104,-0.82978064,-0.20153327,-0.6588071,0.24002954,0.71299297,,1.148146419143832,0.3865459485535594,0.20416308242000003,0.07758527908927401,0.49243794515464734,0.9183783157495831,-0.3992128976321787,,-0.7828457087272643,-0.28800387707845465,0.16009959274000002,-0.4265093450475225,0.14565450874995953,-0.6200339135830156,0.7917286885528515,,-0.048616146314302056,-0.07213882130805563,0.0795457676,-0.07359428191455561,,6.5632164e-05,3.2186508e-06,-1.0728836e-06,1.0,-6.793067e-05,-5.843863e-05,6.792694e-05,1.0,-7.4207783e-06,5.8434904e-05,7.4505806e-06,1.0,113,0.342,0,0,0.0,False,-0.25588632848275505,0.9662316410141611
0.33480609601247124,14:50:48.352002,14:50:34.412086,0,,0.12491799,0.007242337,0.029401168,-0.46058577,-0.76081914,-0.45718172,-0.38989657,-0.28929818,0.8742352,-0.7973966,0.5809139,-0.16339427,,0.02685187,-0.031088889,0.04525137,0.5908254,-0.4074899,0.6963313,-0.80620015,-0.26492876,0.52901226,-0.031088859,-0.8739363,-0.48504514,,0.107009314,1.344008,0.44342253,0.9956268,0.020158295,-0.091219164,-0.044057555,-0.7597156,-0.6487612,-0.082378544,0.64994293,-0.7555051,,-0.09331118,0.26698375,-0.08459763,0.5184856,0.6847654,0.51212215,-0.8015801,0.1806968,0.5699281,0.2977282,-0.7060064,0.64258295,,0.005530567,0.4133004,-0.38325337,-0.5434103,0.50361764,-0.67162085,-0.52084106,-0.8297132,-0.20074989,-0.65835387,0.24071817,0.71317947,,1.1483317647328135,0.38700931252601284,0.20403993487000002,0.0576647344582442,0.5118403281213398,0.9054974080697513,-0.39888620949990994,,-0.7828534314601385,-0.28805793620857423,0.16009959274000002,-0.4265093450475225,0.14633769124878673,-0.6206726818416384,0.7918920326189859,,-0.048616146314302056,-0.07213882130805563,0.0795457676,-0.07359428191455561,,6.5632164e-05,3.2186508e-06,-1.0728836e-06,1.0,-6.793067e-05,-5.843863e-05,6.792694e-05,1.0,-7.4207783e-06,5.8434904e-05,7.4505806e-06,1.0,117,0.355,0,0,0.0,False,-0.25683957197909146,0.965797119207146
0.3767060620011762,14:50:48.376995,14:50:34.412086,0,,0.12492162,0.007331848,0.02967967,-0.44536972,-0.7713197,-0.45465583,-0.38327855,-0.29467562,0.87536496,-0.80916214,0.5641208,-0.16439083,,0.026860781,-0.031089291,0.045254827,0.5865789,-0.4104871,0.6981586,-0.8091687,-0.26061076,0.5266195,-0.03422281,-0.873832,-0.48502213,,0.107009314,1.344008,0.44342253,0.9956268,0.020158295,-0.091219164,-0.044057555,-0.7597156,-0.6487612,-0.082378544,0.64994293,-0.7555051,,-0.09333821,0.26723287,-0.08474866,0.5048447,0.6966149,0.50976413,-0.8046587,0.16598813,0.5700634,0.31249988,-0.6979796,0.6443355,,0.005521391,0.41330212,-0.38325548,-0.5387338,0.5063679,-0.6733182,-0.5245885,-0.82699406,-0.20220709,-0.65922135,0.2442792,0.7111645,,1.1485480012532918,0.3873104991081076,0.20391289845000002,0.04361550824478107,0.5279634350936618,0.8955355662990557,-0.3985595213676414,,-0.7828843223916354,-0.28812744080444225,0.16010088903000003,-0.42042833668647134,0.1470208737476139,-0.6199229115178714,0.7912386563544487,,-0.048616146314302056,-0.07213882130805563,0.0795457676,-0.07359428191455561,,6.5632164e-05,3.2186508e-06,-1.0728836e-06,1.0,-6.793067e-05,-5.843863e-05,6.792694e-05,1.0,-7.4207783e-06,5.8434904e-05,7.4505806e-06,1.0,125,0.378,0,0,0.0,False,-0.25719703829021734,0.9661833608133816
0.40164031900349073,14:50:48.401293,14:50:34.412086,0,,0.12491543,0.007382363,0.029831871,-0.43662807,-0.7776886,-0.45227918,-0.3790719,-0.29688752,0.8764487,-0.8158801,0.5541284,-0.16517052,,0.026867371,-0.03110139,0.04525423,0.58822745,-0.4102831,0.69689035,-0.808015,-0.26283574,0.5272847,-0.033168226,-0.87326115,-0.48612213,,0.107009314,1.344008,0.44342253,0.9956268,0.020158295,-0.091219164,-0.044057555,-0.7597156,-0.6487612,-0.082378544,0.64994293,-0.7555051,,-0.09334477,0.26737043,-0.084831014,0.49702317,0.7038327,0.5075308,-0.8060936,0.15798879,0.5703093,0.32121813,-0.69257426,0.6458791,,0.0055155195,0.4132944,-0.3832653,-0.54053354,0.5062221,-0.6719841,-0.52326894,-0.82772475,-0.20263599,-0.65879667,0.24209686,0.71230334,,1.148694733177902,0.3874340628340952,0.20384808395,0.035647290392369135,0.5375279900772427,0.8887981366621334,-0.40019296202898413,,-0.7829306587888808,-0.28820466813318446,0.16010218532,-0.42273492606480106,0.1470208737476139,-0.6189427666361846,0.7909119682221801,,-0.048616146314302056,-0.07213882130805563,0.0795457676,-0.07359428191455561,,6.5632164e-05,3.2186508e-06,-1.0728836e-06,1.0,-6.793067e-05,-5.843863e-05,6.792694e-05,1.0,-7.4207783e-06,5.8434904e-05,7.4505806e-06,1.0,133,0.403,0,0,0.0,False,-0.25642252794944387,0.9660385202110433
0.42594266001833603,14:50:48.416533,14:50:34.412086,0,,0.12491707,0.0074360967,0.02998449,-0.4263475,-0.78630507,-0.44716024,-0.37291577,-0.2975875,0.87884897,-0.82411253,0.5414482,-0.16634995,,0.026875768,-0.031116873,0.0452556,0.5881105,-0.4102669,0.69699854,-0.8080909,-0.2624935,0.5273387,-0.033392012,-0.87337166,-0.48590815,,0.107009314,1.344008,0.44342253,0.9956268,0.020158295,-0.091219164,-0.044057555,-0.7597156,-0.6487612,-0.082378544,0.64994293,-0.7555051,,-0.093359016,0.2675105,-0.084910765,0.48791495,0.71362305,0.50267404,-0.8070802,0.1494512,0.57121444,0.33250654,-0.6844023,0.64887047,,0.005507823,0.4132864,-0.38327903,-0.5403916,0.50619954,-0.67211527,-0.52348435,-0.8276366,-0.20243956,-0.658742,0.24244519,0.7122354,,1.1487874059723928,0.38748039923134053,0.20379882493,0.026840312766019118,0.5499619115558978,0.8788224649060401,-0.3998662738967156,,-0.7829769951861262,-0.28832823185917206,0.16010218532,-0.4225252361213166,0.1472941467471448,-0.6191656024435775,0.7909119682221801,,-0.048616146314302056,-0.07213882130805563,0.0795457676,-0.07359428191455561,,6.5632164e-05,3.2186508e-06,-1.0728836e-06,1.0,-6.793067e-05,-5.843863e-05,6.792694e-05,1.0,-7.4207783e-06,5.8434904e-05,7.4505806e-06,1.0,141,0.427,0,0,0.0,False,-0.25636295023092304,0.965797119207146
0.44123570702504367,14:50:48.444174,14:50:34.412086,0,,0.12489476,0.007468179,0.030128404,-0.41516167,-0.7923782,-0.44696486,-0.36995256,-0.30180258,0.87866396,-0.83112925,0.5301434,-0.16784558,,0.026879445,-0.031137899,0.04525405,0.58803445,-0.41018945,0.6971083,-0.80813265,-0.2620237,0.52750844,-0.03371945,-0.87354916,-0.4855665,,0.107009314,1.344008,0.44342253,0.9956268,0.020158295,-0.091219164,-0.044057555,-0.7597156,-0.6487612,-0.082378544,0.64994293,-0.7555051,,-0.09334962,0.26762918,-0.085000604,0.47763464,0.7205821,0.5026197,-0.8097232,0.1390695,0.57009476,0.34090105,-0.6792798,0.6498965,,0.0055053798,0.41327345,-0.38329592,-0.540282,0.50611603,-0.67226624,-0.5237729,-0.82754326,-0.20207444,-0.65860254,0.24293764,0.71219665,,1.1488491878353866,0.38748039923134053,0.20373271414000002,0.015517055817854803,0.5595264665394786,0.8719216777888369,-0.3997029298305814,,-0.7829847179190004,-0.2884904092495308,0.16010218532,-0.42231554617783207,0.14770405624644115,-0.6195815348948074,0.7910753122883143,,-0.048616146314302056,-0.07213882130805563,0.0795457676,-0.07359428191455561,,6.5632164e-05,3.2186508e-06,-1.0728836e-06,1.0,-6.793067e-05,-5.843863e-05,6.792694e-05,1.0,-7.4207783e-06,5.8434904e-05,7.4505806e-06,1.0,156,0.474,0,0,0.0,False,-0.25588632848275505,0.965797119207146
0.468870987999253,14:50:48.485407,14:50:34.542266,0,,0.12485968,0.0075097233,0.030448407,-0.3968925,-0.8034811,-0.4437281,-0.36309588,-0.3065607,0.8798761,-0.84299326,0.510332,-0.17006913,,0.026893586,-0.031232148,0.045243144,0.5888411,-0.40961504,0.6967651,-0.80755484,-0.26244962,0.5281811,-0.033485115,-0.8736908,-0.48532778,,0.107009314,1.344008,0.44342253,0.9956268,0.020158295,-0.091219164,-0.044057555,-0.7597156,-0.6487612,-0.082378544,0.64994293,-0.7555051,,-0.09334456,0.26787004,-0.08521813,0.46098033,0.7333595,0.4996809,-0.812773,0.12288304,0.56947327,0.35622633,-0.6686431,0.65270144,,0.005497161,0.41321248,-0.3833695,-0.54113585,0.5055805,-0.6719824,-0.5233564,-0.82795215,-0.20147783,-0.65823257,0.2426594,0.7126334,,1.1490113652257452,0.3875807947587055,0.20355512241,-0.002306589378329768,0.576742665509924,0.8581280581435095,-0.3997029298305814,,-0.7829847179190004,-0.2891545642767141,0.16010348161000001,-0.4233639958952547,0.14852387524503374,-0.6202500423169859,0.7914020004205831,,-0.048616146314302056,-0.07213882130805563,0.0795457676,-0.07359428191455561,,6.5632164e-05,3.2186508e-06,-1.0728836e-06,1.0,-6.793067e-05,-5.843863e-05,6.792694e-05,1.0,-7.4207783e-06,5.8434904e-05,7.4505806e-06,1.0,164,0.497,0,0,0.0,False,-0.2561842170753601,0.9660385202110433
0.5101030720106792,14:50:48.513882,14:50:34.542266,0,,0.12483904,0.0075303763,0.030661434,-0.3880048,-0.8078288,-0.4436947,-0.36067128,-0.30993265,0.87969196,-0.84815586,0.50135267,-0.17110533,,0.026899725,-0.03127551,0.045238495,0.58882904,-0.40955874,0.6968085,-0.80756325,-0.2623882,0.5281987,-0.033494025,-0.87373567,-0.48524642,,0.107009314,1.344008,0.44342253,0.9956268,0.020158295,-0.091219164,-0.044057555,-0.7597156,-0.6487612,-0.082378544,0.64994293,-0.7555051,,-0.09334422,0.26802498,-0.08536722,0.4527745,0.7384126,0.49974194,-0.81455123,0.11460496,0.56865805,0.36263138,-0.6645393,0.65336514,,0.0054937056,0.4131848,-0.38340357,-0.54112256,0.50552577,-0.6720343,-0.523367,-0.8279632,-0.20140493,-0.658235,0.24273585,0.71260506,,1.1491503744174814,0.387804754012058,0.20341382680000003,-0.011532946891648839,0.583847763497727,0.8524976846315766,-0.3998662738967156,,-0.7829769951861262,-0.28945575085880887,0.16010348161000001,-0.4233639958952547,0.14879714824456466,-0.6204728781243788,0.7914020004205831,,-0.048616146314302056,-0.07213882130805563,0.0795457676,-0.07359428191455561,,6.5632164e-05,3.2186508e-06,-1.0728836e-06,1.0,-6.793067e-05,-5.843863e-05,6.792694e-05,1.0,-7.4207783e-06,5.8434904e-05,7.4505806e-06,1.0,172,0.522,0,0,0.0,False,-0.25582675076423333,0.9659902400102638
0.5385605050250888,14:50:48.543074,14:50:34.542266,0,,0.12483572,0.0076004416,0.030828223,-0.38017228,-0.81185555,-0.44312492,-0.35798007,-0.31260228,0.8798467,-0.8528302,0.49312317,-0.17178541,,0.026908267,-0.03134373,0.045232236,0.586841,-0.41033158,0.6980299,-0.8089123,-0.25903124,0.5277914,-0.03575781,-0.8743745,-0.48393238,,0.107009314,1.344008,0.44342253,0.9956268,0.020158295,-0.091219164,-0.044057555,-0.7597156,-0.6487612,-0.082378544,0.64994293,-0.7555051,,-0.093354166,0.2681868,-0.08544754,0.4455816,0.74310565,0.4992505,-0.81577885,0.1073386,0.56831616,0.3687301,-0.6605092,0.65403795,,0.005489279,0.4131422,-0.38345772,-0.5388576,0.50618625,-0.6733558,-0.5257678,-0.8266234,-0.20065385,-0.6581799,0.24590495,0.7115687,,1.14931255180784,0.388183167922895,0.20333604940000002,-0.019501164744060762,0.5904063154864682,0.8471496252541485,-0.3998662738967156,,-0.7829615497203777,-0.2899963421600046,0.16010348161000001,-0.42021864674298676,0.1503001497419845,-0.6217801538051799,0.7912386563544487,,-0.048616146314302056,-0.07213882130805563,0.0795457676,-0.07359428191455561,,6.5632164e-05,3.2186508e-06,-1.0728836e-06,1.0,-6.793067e-05,-5.843863e-05,6.792694e-05,1.0,-7.4207783e-06,5.8434904e-05,7.4505806e-06,1.0,180,0.546,0,0,0.0,False,-0.256541683386486,0.9660385202110433
0.5677726740250364,14:50:48.564972,14:50:34.542266,0,,0.12483891,0.007665172,0.030918285,-0.37323427,-0.8145185,-0.44413498,-0.35685623,-0.31585157,0.87914246,-0.8563584,0.48661846,-0.17277944,,0.02691342,-0.03138165,0.045227706,0.5856682,-0.41137993,0.69839764,-0.80969775,-0.2574121,0.5273788,-0.037176996,-0.87436,-0.48385152,,0.107009314,1.344008,0.44342253,0.9956268,0.020158295,-0.091219164,-0.044057555,-0.7597156,-0.6487612,-0.082378544,0.64994293,-0.7555051,,-0.09336321,0.26829442,-0.085472904,0.43908954,0.7462443,0.5003197,-0.8174235,0.10071603,0.56716406,0.3728527,-0.65800893,0.654221,,0.00548652,0.4131176,-0.38348728,-0.53751385,0.5071449,-0.6737083,-0.5272488,-0.82563275,-0.20084639,-0.65809387,0.24725421,0.71118057,,1.149351165472211,0.3884689090392413,0.20331271618000002,-0.027050002709503643,0.5949153199787277,0.8434728344321665,-0.3998662738967156,,-0.7829538269875035,-0.29030525147497355,0.16010477790000002,-0.4183314372516261,0.1512566052403426,-0.6217432917296494,0.7912386563544487,,-0.048616146314302056,-0.07213882130805563,0.0795457676,-0.07359428191455561,,6.5632164e-05,3.2186508e-06,-1.0728836e-06,1.0,-6.793067e-05,-5.843863e-05,6.792694e-05,1.0,-7.4207783e-06,5.8434904e-05,7.4505806e-06,1.0,188,0.571,0,0,0.0,False,-0.2570183051346544,0.9663282014157202
0.5896743019984569,14:50:48.593628,14:50:34.542266,0,,0.12488976,0.0077634454,0.031037822,-0.36733755,-0.81839556,-0.44191846,-0.35328966,-0.3167493,0.8802592,-0.8603775,0.47947747,-0.17277688,,0.02691488,-0.031435877,0.045220613,0.5875091,-0.41121876,0.6969449,-0.8083625,-0.25865513,0.5288172,-0.037191123,-0.874069,-0.48437607,,0.107009314,1.344008,0.44342253,0.9956268,0.020158295,-0.091219164,-0.044057555,-0.7597156,-0.6487612,-0.082378544,0.64994293,-0.7555051,,-0.09342096,0.2684453,-0.08549357,0.43379712,0.7507645,0.49816942,-0.8175049,0.095497966,0.5679489,0.37882167,-0.6536305,0.65518034,,0.005488501,0.41308257,-0.38352925,-0.5394098,0.5070193,-0.67228603,-0.5267497,-0.8260694,-0.20035994,-0.6569413,0.24605033,0.71266216,,1.149343442739337,0.389009500340437,0.20329197554000003,-0.032292251296616746,0.6010639624681725,0.838377350025687,-0.3997029298305814,,-0.7829461042546293,-0.29072227905018166,0.16010477790000002,-0.42042833668647134,0.15262297023799698,-0.6215506109243646,0.7912386563544487,,-0.048616146314302056,-0.07213882130805563,0.0795457676,-0.07359428191455561,,6.5632164e-05,3.2186508e-06,-1.0728836e-06,1.0,-6.793067e-05,-5.843863e-05,6.792694e-05,1.0,-7.4207783e-06,5.8434904e-05,7.4505806e-06,1.0,199,0.605,0,0,0.0,False,-0.25588632848275505,0.965797119207146
0.6183201490202919,14:50:48.617825,14:50:34.674785,0,,0.124910325,0.007845581,0.031126186,-0.3597959,-0.8207391,-0.44377297,-0.3525052,-0.32080048,0.87910587,-0.86387897,0.472731,-0.17389214,,0.02692318,-0.031481132,0.0452165,0.5872939,-0.41132107,0.6970659,-0.8085204,-0.25860804,0.5285988,-0.03715694,-0.87403476,-0.48444042,,0.107009314,1.344008,0.44342253,0.9956268,0.020158295,-0.091219164,-0.044057555,-0.7597156,-0.6487612,-0.082378544,0.64994293,-0.7555051,,-0.093446285,0.26856458,-0.08550451,0.4266863,0.75357157,0.5000687,-0.8194069,0.088100575,0.5664014,0.38276765,-0.6514355,0.65507305,,0.0054829405,0.41305408,-0.38356516,-0.5391913,0.50711524,-0.672389,-0.5267817,-0.82600445,-0.20054366,-0.657095,0.24607079,0.7125134,,1.14931255180784,0.3894188051827709,0.20327901264,-0.04067984903599772,0.6052996939609011,0.8350050737512386,-0.3998662738967156,,-0.7829461042546293,-0.29103118836515063,0.16010477790000002,-0.42021864674298676,0.15275960673776243,-0.6215803500879203,0.7910753122883144,,-0.048616146314302056,-0.07213882130805563,0.0795457676,-0.07359428191455561,,6.5632164e-05,3.2186508e-06,-1.0728836e-06,1.0,-6.793067e-05,-5.843863e-05,6.792694e-05,1.0,-7.4207783e-06,5.8434904e-05,7.4505806e-06,1.0,207,0.628,0,0,0.0,False,-0.2564821056679656,0.9658936796087052
0.6424951380176935,14:50:48.644646,14:50:34.674785,0,,0.12493377,0.007883877,0.031189308,-0.35613263,-0.82423645,-0.44023165,-0.3485478,-0.3199467,0.88099295,-0.866997,0.46719208,-0.17334238,,0.02692759,-0.031504303,0.045214355,0.5872407,-0.41149157,0.69701,-0.80856466,-0.25883055,0.52842206,-0.037033707,-0.8738886,-0.48471344,,0.107009314,1.344008,0.44342253,0.9956268,0.020158295,-0.091219164,-0.044057555,-0.7597156,-0.6487612,-0.082378544,0.64994293,-0.7555051,,-0.09347404,0.26863402,-0.08552464,0.42354283,0.7576384,0.49658388,-0.81854075,0.08524309,0.5680886,0.38807535,-0.647084,0.656262,,0.0054799435,0.41303942,-0.38358355,-0.53914815,0.5072818,-0.6722979,-0.52669615,-0.8259819,-0.20086083,-0.65719897,0.245803,0.71250993,,1.1492893836092173,0.38955009164163273,0.20327382748000003,-0.043196128357812016,0.6110384269510497,0.8303255217959888,-0.3998662738967156,,-0.7829461042546293,-0.29118564302263517,0.16010477790000002,-0.42021864674298676,0.15275960673776243,-0.6213353138674987,0.7905852800899116,,-0.048616146314302056,-0.07213882130805563,0.0795457676,-0.07359428191455561,,6.5632164e-05,3.2186508e-06,-1.0728836e-06,1.0,-6.793067e-05,-5.843863e-05,6.792694e-05,1.0,-7.4207783e-06,5.8434904e-05,7.4505806e-06,1.0,215,0.653,0,0,0.0,False,-0.25683957197909146,0.9659902400102638
0.6693474060157314,14:50:48.674406,14:50:34.674785,0,,0.12492332,0.007898152,0.031222478,-0.35213926,-0.82552737,-0.4410245,-0.34794533,-0.32196912,0.8804941,-0.8688681,0.46350896,-0.17386049,,0.026924148,-0.03152451,0.045209646,0.587905,-0.41109255,0.6966855,-0.80809134,-0.2592522,0.5289392,-0.036825657,-0.87395144,-0.48461598,,0.107009314,1.344008,0.44342253,0.9956268,0.020158295,-0.091219164,-0.044057555,-0.7597156,-0.6487612,-0.082378544,0.64994293,-0.7555051,,-0.09346626,0.26866674,-0.08554141,0.41978818,0.7591913,0.49739972,-0.8194171,0.081348516,0.5673958,0.39029923,-0.6457639,0.6562435,,0.005484855,0.41302502,-0.3835981,-0.5398526,0.5069126,-0.672011,-0.5263418,-0.8263032,-0.2004677,-0.65690446,0.24548447,0.7128912,,1.149281660876343,0.3895578143745069,0.20326475345000003,-0.04759961717098703,0.6136345204465931,0.828371939106038,-0.39953958576444704,,-0.7829074905902581,-0.2913246522143712,0.16010477790000002,-0.4210574065169249,0.1530328797372933,-0.6216398284150322,0.7907486241560459,,-0.048616146314302056,-0.07213882130805563,0.0795457676,-0.07359428191455561,,6.5632164e-05,3.2186508e-06,-1.0728836e-06,1.0,-6.793067e-05,-5.843863e-05,6.792694e-05,1.0,-7.4207783e-06,5.8434904e-05,7.4505806e-06,1.0,223,0.677,0,0,0.0,False,-0.2555288621716292,0.965362597400131
0.6990389350103214,14:50:48.694366,14:50:34.674785,0,,0.12492673,0.00790377,0.03126107,-0.35071552,-0.82772636,-0.43802714,-0.34502873,-0.32062554,0.8821306,-0.87060535,0.46050888,-0.17314115,,0.026920736,-0.031530082,0.0452075,0.5881372,-0.41097018,0.69656163,-0.8079164,-0.2591958,0.5292338,-0.03695345,-0.8740257,-0.48447227,,0.107009314,1.344008,0.44342253,0.9956268,0.020158295,-0.091219164,-0.044057555,-0.7597156,-0.6487612,-0.082378544,0.64994293,-0.7555051,,-0.09347322,0.26869604,-0.085566446,0.41868407,0.7617387,0.49442676,-0.81837684,0.080477916,0.56901896,0.39365336,-0.6428666,0.65708417,,0.005488732,0.41302064,-0.38360167,-0.54007983,0.50679535,-0.67191684,-0.5263811,-0.8263488,-0.20017642,-0.6566861,0.24557307,0.7130618,,1.1493048290749657,0.3895346461758843,0.20325308684,-0.04801899705795608,0.61732370594026,0.8254453344463751,-0.3997029298305812,,-0.7828843223916354,-0.29137098861161653,0.16010477790000002,-0.4212670964604094,0.15330615273682416,-0.621862664222425,0.7907486241560459,,-0.048616146314302056,-0.07213882130805563,0.0795457676,-0.07359428191455561,,6.5632164e-05,3.2186508e-06,-1.0728836e-06,1.0,-6.793067e-05,-5.843863e-05,6.792694e-05,1.0,-7.4207783e-06,5.8434904e-05,7.4505806e-06,1.0,231,0.702,0,0,0.0,False,-0.25600548391979716,0.9649280755931158
0.7190673330042046,14:50:48.716962,14:50:34.674785,0,,0.12488988,0.00792554,0.03136532,-0.34091997,-0.8311318,-0.4393103,-0.34303606,-0.3251021,0.8812689,-0.87527126,0.45114148,-0.17427444,,0.026919447,-0.031539828,0.045205116,0.5881214,-0.41098619,0.6965655,-0.8079299,-0.25924215,0.52919066,-0.03691092,-0.8740045,-0.48451394,,0.107009314,1.344008,0.44342253,0.9956268,0.020158295,-0.091219164,-0.044057555,-0.7597156,-0.6487612,-0.082378544,0.64994293,-0.7555051,,-0.09344592,0.26878148,-0.08563467,0.40950605,0.7658414,0.49577382,-0.82018554,0.07108223,0.56766456,0.39950034,-0.6390886,0.6572407,,0.0054907324,0.41301364,-0.38360867,-0.5400677,0.50681156,-0.6719144,-0.52635086,-0.82635397,-0.20023479,-0.6567204,0.24552238,0.71304774,,1.1493279972735884,0.3895114779772616,0.20320642040000003,-0.058713184175666816,0.6241555309285319,0.8200377967418351,-0.3997029298305814,,-0.7828611541930127,-0.2914327704746103,0.16010477790000002,-0.4212670964604094,0.15330615273682416,-0.621862664222425,0.7907486241560459,,-0.048616146314302056,-0.07213882130805563,0.0795457676,-0.07359428191455561,,6.5632164e-05,3.2186508e-06,-1.0728836e-06,1.0,-6.793067e-05,-5.843863e-05,6.792694e-05,1.0,-7.4207783e-06,5.8434904e-05,7.4505806e-06,1.0,246,0.748,0,0,0.0,False,-0.25576717304571295,0.9652177567977926
0.7416166400071234,14:50:48.764483,14:50:34.818870,0,,0.12483703,0.007932872,0.0315298,-0.33210954,-0.83356535,-0.44144312,-0.34132877,-0.33008373,0.88007915,-0.8793167,0.44295993,-0.17489597,,0.026919119,-0.031535476,0.04520631,0.5848427,-0.41288605,0.6982006,-0.81009877,-0.25356957,0.52862316,-0.04121867,-0.8747729,-0.48277682,,0.107009314,1.344008,0.44342253,0.9956268,0.020158295,-0.091219164,-0.044057555,-0.7597156,-0.6487612,-0.082378544,0.64994293,-0.7555051,,-0.09340938,0.26889566,-0.08575931,0.401232,0.76883644,0.49789897,-0.82177836,0.06204743,0.566419,0.40459022,-0.636428,0.65670854,,0.0054907305,0.41301695,-0.3836056,-0.5362791,0.50848764,-0.67368025,-0.5307621,-0.8237641,-0.1992596,-0.6562746,0.25070518,0.7116534,,1.149482451931073,0.3895655371073812,0.20309493946,-0.06856861151943947,0.6300309004184459,0.8160636142842947,-0.3990495535660441,,-0.7828765996587612,-0.2915486114677237,0.16010737048,-0.41581515792981183,0.15562897323283667,-0.6231033386641396,0.7904219360237773,,-0.048616146314302056,-0.07213882130805563,0.0795457676,-0.07359428191455561,,6.5632164e-05,3.2186508e-06,-1.0728836e-06,1.0,-6.793067e-05,-5.843863e-05,6.792694e-05,1.0,-7.4207783e-06,5.8434904e-05,7.4505806e-06,1.0,254,0.772,0,0,0.0,False,-0.25582675076423333,0.9650246359946748
0.7891407950082794,14:50:48.783705,14:50:34.818870,0,,0.124781564,0.007957786,0.03162244,-0.32411784,-0.83496094,-0.44473338,-0.34132278,-0.33523285,0.87813306,-0.8822961,0.43641627,-0.17633638,,0.02692055,-0.03154476,0.04520279,0.5864416,-0.41290894,0.69684464,-0.8089775,-0.2555409,0.52939045,-0.040517688,-0.8741882,-0.48389387,,0.107009314,1.344008,0.44342253,0.9956268,0.020158295,-0.091219164,-0.044057555,-0.7597156,-0.6487612,-0.082378544,0.64994293,-0.7555051,,-0.093362264,0.26897645,-0.08581872,0.3935851,0.77062917,0.5012199,-0.8239439,0.053921964,0.5641,0.4076852,-0.6349985,0.6561781,,0.0054901135,0.41300893,-0.38361156,-0.5379934,0.5085532,-0.67226243,-0.5297509,-0.824323,-0.19963871,-0.6556883,0.24872732,0.7128868,,1.149621461122809,0.3896041507717523,0.20304308786000003,-0.07821434891972759,0.6337200859121127,0.8130553308844913,-0.3990495535660441,,-0.7828920451245097,-0.2916181160635917,0.16010996306000003,-0.41791205736465703,0.15590224623236756,-0.6221009933694239,0.7889518394285687,,-0.048616146314302056,-0.07213882130805563,0.0795457676,-0.07359428191455561,,6.5632164e-05,3.2186508e-06,-1.0728836e-06,1.0,-6.793067e-05,-5.843863e-05,6.792694e-05,1.0,-7.4207783e-06,5.8434904e-05,7.4505806e-06,1.0,258,0.784,0,0,0.0,False,-0.2564821056679656,0.9651211963962336
0.8084006680001039,14:50:48.809757,14:50:34.818870,0,,0.12471248,0.008000284,0.031775475,-0.3145539,-0.8392179,-0.44358683,-0.3368375,-0.33821452,0.8787215,-0.8874662,0.42582196,-0.17629343,,0.026924036,-0.031555235,0.04520148,0.5852689,-0.41430804,0.6970001,-0.80978155,-0.25476974,0.52853197,-0.041400433,-0.8737512,-0.48460785,,0.107009314,1.344008,0.44342253,0.9956268,0.020158295,-0.091219164,-0.044057555,-0.7597156,-0.6487612,-0.082378544,0.64994293,-0.7555051,,-0.093306795,0.26911032,-0.0859136,0.38480568,0.775771,0.50010395,-0.8241835,0.044885933,0.5645412,0.41550708,-0.6294161,0.65665,,0.005487314,0.41300184,-0.38361967,-0.5367011,0.5098622,-0.6723039,-0.53079194,-0.823392,-0.20071252,-0.65590537,0.24913087,0.7125461,,1.1499149249720295,0.38961959623750075,0.20297438449000002,-0.08806977626350022,0.6426014583968664,0.8058948458843644,-0.39921289763217827,,-0.7828920451245097,-0.2917107888580824,0.16011125935,-0.4162345378167809,0.15617551923189843,-0.6210986480747083,0.7900952478915088,,-0.048616146314302056,-0.07213882130805563,0.0795457676,-0.07359428191455561,,6.5632164e-05,3.2186508e-06,-1.0728836e-06,1.0,-6.793067e-05,-5.843863e-05,6.792694e-05,1.0,-7.4207783e-06,5.8434904e-05,7.4505806e-06,1.0,270,0.821,0,0,0.0,False,-0.2559459062012759,0.9653143171993515
0.8344556410156656,14:50:48.840802,14:50:34.818870,0,,0.12459638,0.008042052,0.031917885,-0.30405948,-0.8412808,-0.4469838,-0.33509466,-0.3447655,0.87684,-0.8917731,0.4163934,-0.17707956,,0.02692898,-0.031572238,0.045197427,0.5854528,-0.41473028,0.6965943,-0.8096742,-0.25577217,0.5282122,-0.040896088,-0.8732579,-0.48553905,,0.107009314,1.344008,0.44342253,0.9956268,0.020158295,-0.091219164,-0.044057555,-0.7597156,-0.6487612,-0.082378544,0.64994293,-0.7555051,,-0.09320355,0.26923805,-0.08600594,0.37488553,0.778447,0.5034691,-0.82596815,0.033838246,0.5627003,0.4209958,-0.6267977,0.6556579,,0.0054836543,0.4129888,-0.3836318,-0.5369385,0.51028454,-0.67179364,-0.5303318,-0.82346684,-0.20161971,-0.6560832,0.24801616,0.7127712,,1.1503473980129861,0.3895887053060038,0.20289919967000003,-0.10044148292908717,0.6490233738858422,0.8013933130718975,-0.39937624169831265,,-0.7828920451245097,-0.29181118438544734,0.16011385193000002,-0.4166539177037499,0.15590224623236756,-0.6201407036060504,0.7899319038253744,,-0.048616146314302056,-0.07213882130805563,0.0795457676,-0.07359428191455561,,6.5632164e-05,3.2186508e-06,-1.0728836e-06,1.0,-6.793067e-05,-5.843863e-05,6.792694e-05,1.0,-7.4207783e-06,5.8434904e-05,7.4505806e-06,1.0,278,0.845,0,0,0.0,False,-0.2555288621716292,0.9650246359946748
0.865461461013183,14:50:48.863479,14:50:34.818870,0,,0.12451313,0.008082747,0.032032117,-0.29496333,-0.8441722,-0.4476272,-0.3319775,-0.34874666,0.87645125,-0.89598405,0.40712312,-0.17737877,,0.026930928,-0.031579092,0.04519421,0.5857444,-0.4145212,0.6964737,-0.80947423,-0.2560642,0.52837735,-0.04068157,-0.8732716,-0.48553243,,0.107009314,1.344008,0.44342253,0.9956268,0.020158295,-0.091219164,-0.044057555,-0.7597156,-0.6487612,-0.082378544,0.64994293,-0.7555051,,-0.09313022,0.2693457,-0.0860743,0.36641088,0.7820526,0.5041199,-0.8266075,0.024866764,0.56222916,0.42715693,-0.6227161,0.65556204,,0.005482377,0.41298226,-0.38363585,-0.5372593,0.51009285,-0.6716828,-0.5300771,-0.823657,-0.20151286,-0.6560265,0.24777897,0.71290594,,1.150648584595081,0.38955009164163273,0.20285382952000003,-0.11050660021634434,0.656128471873645,0.7956812608198243,-0.39953958576444704,,-0.7828920451245097,-0.29185752078269267,0.16011644451,-0.4170732975907189,0.15590224623236756,-0.6202223823461911,0.7904219360237773,,-0.048616146314302056,-0.07213882130805563,0.0795457676,-0.07359428191455561,,6.5632164e-05,3.2186508e-06,-1.0728836e-06,1.0,-6.793067e-05,-5.843863e-05,6.792694e-05,1.0,-7.4207783e-06,5.8434904e-05,7.4505806e-06,1.0,289,0.879,0,0,0.0,False,-0.2552309735790237,0.964831515191557
