camera_matrix:
- - 3382.445519585617
  - 0.0
  - 662.4761137217833
- - 0.0
  - 3356.92643837356
  - 515.4048693247082
- - 0.0
  - 0.0
  - 1.0
dist_coeff:
- - -0.559050579497102
  - 1.7932644295648783
  - 0.016627316682629945
  - -0.016506528467588516
  - 99.1126680078451
mean reprojection error:
- 0.0488635289914033
