Task Time,PC1 Time,PC2 Time,Gaze Calib,s_T_psm1,Tx,Ty,Tz,R00,R01,R02,R10,R11,R12,R20,R21,R22,s_T_psm3,Tx,Ty,Tz,R00,R01,R02,R10,R11,R12,R20,R21,R22,cart_T_ecm,Tx,Ty,Tz,R00,R01,R02,R10,R11,R12,R20,R21,R22,ecm_T_psm1,Tx,Ty,Tz,R00,R01,R02,R10,R11,R12,R20,R21,R22,ecm_T_psm3,Tx,Ty,Tz,R00,R01,R02,R10,R11,R12,R20,R21,R22,psm1_joints,q1,q2,q3,q4,q5,q6,jaw,psm3_joints,q1,q2,q3,q4,q5,q6,jaw,ecm_joints,q1,q2,q3,q4,ecmi_T_ecm,Tx,Ty,Tz,R00,R01,R02,R10,R11,R12,R20,R21,R22,Sample #,Task Duration (s),Collisions (binary),Collisions (increments),Cumulative Collision Time (s),Clutch Press,MTMR Angle,MTML Angle
""
lci_T_si,,,,,-0.05902016,0.01094767,0.21071734,0.97957927,-0.09625928,0.1765179,0.03502312,-0.78282696,-0.621253,0.19798435,0.6147488,-0.76346976
rci_T_si,,,,,-0.06841282,0.015008298,0.21978137,0.97623444,-0.115598515,0.18331198,0.027944919,-0.77165043,-0.6354327,0.21490785,0.62545395,-0.7500813
ecm_T_lc,,,,,-4.4061628e-05,-0.00034663224,-0.01840835,-0.99912,0.030754527,0.028518902,-0.031987965,-0.99852574,-0.043852776,0.027128186,-0.04472645,0.9986309
ecm_T_rc,,,,,-0.0043358393,0.01870579,-0.007592615,-0.99555075,-0.052743673,-0.078081585,0.04863213,-0.9973746,0.053654674,-0.08070653,0.04961868,0.9955021
cart_T_ecmi,,,,,0.099593714,1.298613,0.43119854,0.9826991,0.0065364777,-0.18509394,-0.10523164,-0.8026885,-0.5870413,-0.15240996,0.5963627,-0.78811336
ecmac_T_ecmrep_psm1,,,,,0.044880565,-0.23049864,-0.32052848,0.99797076,0.0626086,0.011601057,-0.061749555,0.99606305,-0.0636032,-0.015537491,0.06275777,0.9979078
ecmac_T_ecmrep_psm3,,,,,0.047327206,-0.4153428,-0.56493527,0.997773,0.014750276,0.065049894,-0.025394045,0.985803,0.16597453,-0.061678212,-0.16725679,0.9839822
""
0,15:01:35.670925,15:00:19.668293,0,,0.11814201,0.006237477,0.015295967,-0.89632225,-0.43207225,0.09959906,0.041488893,0.14191371,0.9890092,-0.44145787,0.8906031,-0.10927406,,0.06465853,-0.014660668,0.01861471,-0.7094852,-0.2181746,0.67009723,-0.07629895,0.9690616,0.23472959,-0.7005776,0.11540958,-0.70418143,,0.09965286,1.2986166,0.43120992,0.9826922,0.006483612,-0.18513261,-0.105296366,-0.8026889,-0.58702916,-0.15240996,0.5963627,-0.78811336,,-0.1165848,0.24790734,-0.099894404,0.9558107,0.28991055,0.048761647,-0.23590916,0.65740186,0.71566033,0.17542148,-0.6955391,0.6967443,,-0.091507964,0.38252273,-0.37007144,0.80486447,0.26268983,-0.53215337,-0.5297524,0.7222053,-0.44472682,0.26749876,0.6398544,0.72043794,,1.1154947045516108,0.5256787040155881,0.22874203711000002,0.7439799194830924,0.2686273585388559,0.7322646877499639,-0.408850197534101,,-1.4351695091472603,0.09721376142073813,0.19449794418000002,1.5619803890162218,0.09441582133791936,-0.3247213903005524,0.4000296179628499,,-0.11663162726452107,-0.13000303099636262,0.09163300952,-0.11611542257629885,,5.5991113e-05,4.1127205e-06,-2.2172928e-05,1.0,-5.1908195e-05,-3.927946e-05,5.1915646e-05,1.0,-1.001358e-05,3.927201e-05,1.0043383e-05,0.99999994,33,0.099,0,0,0.0,False,-0.25630337251240265,0.5805211169870672
0.1275803749449551,15:01:35.695278,15:00:19.668293,0,,0.118224904,0.0062380135,0.015482798,-0.89509004,-0.4343009,0.10097778,0.04378128,0.13976637,0.9892161,-0.4437307,0.88985837,-0.106089145,,0.06453924,-0.014664512,0.018524528,-0.7113568,-0.21580279,0.6688799,-0.0753731,0.9696294,0.2326749,-0.6987776,0.1150994,-0.7060183,,0.09965286,1.2986166,0.43120992,0.9826922,0.006483612,-0.18513261,-0.105296366,-0.8026889,-0.58702916,-0.15240996,0.5963627,-0.78811336,,-0.11669732,0.24802189,-0.10002089,0.9552868,0.29193708,0.046902664,-0.2354865,0.65525025,0.71776956,0.17881057,-0.6967208,0.69469917,,-0.0913764,0.38246056,-0.3700367,0.80648524,0.26044175,-0.53080285,-0.52763265,0.7221392,-0.44734642,0.26680586,0.6408472,0.71981215,,1.1154869818187367,0.5262810771797777,0.22861629698000002,0.7439799194830924,0.2716333615336956,0.7341424670960925,-0.4070534128066239,,-1.4344204040584605,0.09730643421522882,0.19449794418000002,1.564077288451067,0.09345936583956126,-0.32655518465917555,0.4062366924759525,,-0.11663162726452107,-0.13000303099636262,0.09163300952,-0.11611542257629885,,5.5991113e-05,4.1127205e-06,-2.2172928e-05,1.0,-5.1908195e-05,-3.927946e-05,5.1915646e-05,1.0,-1.001358e-05,3.927201e-05,1.0043383e-05,0.99999994,44,0.132,0,0,0.0,False,-0.2566608388235285,0.5801348753808315
0.15193125093355775,15:01:35.721081,15:00:19.668293,0,,0.118306264,0.006225124,0.015678927,-0.8940375,-0.43634838,0.10147421,0.04572077,0.13645488,0.98959064,-0.4456529,0.88937056,-0.10204542,,0.06446152,-0.014664721,0.018468142,-0.7118261,-0.21582215,0.6683743,-0.075488135,0.9696147,0.23269883,-0.6982871,0.11518687,-0.7064891,,0.09965286,1.2986166,0.43120992,0.9826922,0.006483612,-0.18513261,-0.105296366,-0.8026889,-0.58702916,-0.15240996,0.5963627,-0.78811336,,-0.11681165,0.2481315,-0.100162886,0.95483357,0.29359296,0.04578219,-0.23512845,0.6523343,0.7205377,0.1816795,-0.6987583,0.6919027,,-0.09129091,0.38242337,-0.37001377,0.8068617,0.2604459,-0.53022844,-0.5272919,0.7221985,-0.4476523,0.26634097,0.6407786,0.7200453,,1.1154483681543654,0.5268834503439672,0.22847370508000003,0.7439799194830924,0.2740928185294736,0.7372010267182716,-0.4080334772034294,,-1.4339184264216358,0.09737593881109684,0.19449794418000002,1.5642869783945517,0.09332272933979582,-0.3265254454956196,0.40672672467435533,,-0.11663162726452107,-0.13000303099636262,0.09163300952,-0.11611542257629885,,5.5991113e-05,4.1127205e-06,-2.2172928e-05,1.0,-5.1908195e-05,-3.927946e-05,5.1915646e-05,1.0,-1.001358e-05,3.927201e-05,1.0043383e-05,0.99999994,52,0.156,0,0,0.0,False,-0.25695872741613357,0.5795555129714778
0.17773639899678528,15:01:35.749213,15:00:19.818439,0,,0.11844532,0.0062099993,0.015968204,-0.89326274,-0.4371815,0.10466151,0.049605608,0.13553822,0.9895295,-0.4467896,0.88910156,-0.09938452,,0.06435341,-0.014668386,0.018388212,-0.71266556,-0.21455559,0.6678873,-0.07411255,0.96977925,0.23245543,-0.69757783,0.1161643,-0.7070295,,0.09965286,1.2986166,0.43120992,0.9826922,0.006483612,-0.18513261,-0.105296366,-0.8026889,-0.58702916,-0.15240996,0.5963627,-0.78811336,,-0.11699839,0.24829623,-0.10036599,0.95476997,0.2943342,0.042210005,-0.23275039,0.65144557,0.7221121,0.18504478,-0.6992754,0.6904871,,-0.09117198,0.3823683,-0.36998352,0.80766976,0.2590544,-0.52967954,-0.5258058,0.7229524,-0.44818312,0.26682928,0.6404925,0.72011906,,1.1153093589626295,0.5278719601518679,0.22826629868000003,0.7460768189179376,0.27682554852478236,0.7381581395098251,-0.4081968212695638,,-1.4331770440657103,0.09746088887271331,0.19449794418000002,1.5659644979424279,0.09386927533885758,-0.3266444021498431,0.40607334840981824,,-0.11663162726452107,-0.13000303099636262,0.09163300952,-0.11611542257629885,,5.5991113e-05,4.1127205e-06,-2.2172928e-05,1.0,-5.1908195e-05,-3.927946e-05,5.1915646e-05,1.0,-1.001358e-05,3.927201e-05,1.0043383e-05,0.99999994,60,0.181,0,0,0.0,False,-0.2568991496976123,0.5798451941761549
0.2058526650071144,15:01:35.773758,15:00:19.818439,0,,0.118504524,0.0062034503,0.016028747,-0.89353794,-0.4362801,0.10606392,0.051242,0.13559413,0.9894385,-0.44605392,0.88953567,-0.09880257,,0.06428478,-0.014671411,0.018336713,-0.7130433,-0.21424319,0.6675843,-0.07389079,0.9698291,0.2323181,-0.6972153,0.11632469,-0.70736074,,0.09965286,1.2986166,0.43120992,0.9826922,0.006483612,-0.18513261,-0.105296366,-0.8026889,-0.58702916,-0.15240996,0.5963627,-0.78811336,,-0.11706732,0.24832799,-0.10040409,0.95512563,0.29338726,0.040729538,-0.23100534,0.6517541,0.72239405,0.18539555,-0.6993858,0.6902811,,-0.091096416,0.38233232,-0.36996442,0.8079993,0.25872466,-0.52933794,-0.52535635,0.7230823,-0.44850048,0.26671678,0.64047915,0.72017264,,1.1151394588393966,0.5281654240010885,0.22822352111000002,0.7479640284092984,0.2769621850245478,0.7384551153068315,-0.40705341280662377,,-1.4327136800932567,0.09750722526995866,0.19449794418000002,1.566383877829397,0.09400591183862303,-0.3267558200535395,0.40607334840981824,,-0.11663162726452107,-0.13000303099636262,0.09163300952,-0.11611542257629885,,5.5991113e-05,4.1127205e-06,-2.2172928e-05,1.0,-5.1908195e-05,-3.927946e-05,5.1915646e-05,1.0,-1.001358e-05,3.927201e-05,1.0043383e-05,0.99999994,68,0.205,0,0,0.0,False,-0.25695872741613357,0.5801831555816106
0.2304116350132972,15:01:35.795130,15:00:19.818439,0,,0.118552536,0.0061905608,0.01603055,-0.8936278,-0.43609107,0.10608409,0.05164434,0.13488224,0.9895148,-0.44582742,0.8897366,-0.098012835,,0.0641979,-0.01467545,0.018271327,-0.7133063,-0.21452183,0.6672137,-0.074321225,0.96978855,0.23234984,-0.69690037,0.11614853,-0.7076999,,0.09965286,1.2986166,0.43120992,0.9826922,0.006483612,-0.18513261,-0.105296366,-0.8026889,-0.58702916,-0.15240996,0.5963627,-0.78811336,,-0.117116205,0.24831882,-0.100402996,0.9552271,0.2930767,0.040586147,-0.23054834,0.65131336,0.7229373,0.18544178,-0.6999264,0.6897206,,-0.09100073,0.38228646,-0.36994022,0.808179,0.2590243,-0.52891684,-0.5253673,0.7229436,-0.44871116,0.26614997,0.6405146,0.7203508,,1.1149000541202956,0.5282580967955791,0.22821963224000003,0.748593098239752,0.27682554852478236,0.7393833206119336,-0.4075434450050267,,-1.4321344751276899,0.09756128440007823,0.19449794418000002,1.5661741878859123,0.09400591183862303,-0.3267558200535395,0.40607334840981824,,-0.11663162726452107,-0.13000303099636262,0.09163300952,-0.11611542257629885,,5.5991113e-05,4.1127205e-06,-2.2172928e-05,1.0,-5.1908195e-05,-3.927946e-05,5.1915646e-05,1.0,-1.001358e-05,3.927201e-05,1.0043383e-05,0.99999994,75,0.227,0,0,0.0,False,-0.2571374605716965,0.5801348753808315
0.2517834189347923,15:01:35.821029,15:00:19.818439,0,,0.11859751,0.006162986,0.015997782,-0.8939753,-0.4352793,0.10648903,0.052731924,0.13380134,0.98960423,-0.44500262,0.8902971,-0.096661896,,0.06415509,-0.014680978,0.018236756,-0.7134256,-0.21426466,0.6671689,-0.074137196,0.9698405,0.2321918,-0.696798,0.11618963,-0.70779395,,0.09965286,1.2986166,0.43120992,0.9826922,0.006483612,-0.18513261,-0.105296366,-0.8026889,-0.58702916,-0.15240996,0.5963627,-0.78811336,,-0.11715817,0.2482769,-0.10038458,0.95556754,0.29204932,0.039973587,-0.22918299,0.6507997,0.7238335,0.18538028,-0.7008331,0.6888158,,-0.09095345,0.3822598,-0.36992958,0.80829275,0.258768,-0.5288686,-0.52516216,0.72298765,-0.4488803,0.2662096,0.6405685,0.7202808,,1.1145988675382008,0.528219483131208,0.22823259514000002,0.7502706177876282,0.2766889120250169,0.7410466345783007,-0.40721675687275816,,-1.431825565812721,0.09756900713295245,0.19449794418000002,1.566383877829397,0.09427918483815391,-0.32689697712079174,0.4059100043436839,,-0.11663162726452107,-0.13000303099636262,0.09163300952,-0.11611542257629885,,5.5991113e-05,4.1127205e-06,-2.2172928e-05,1.0,-5.1908195e-05,-3.927946e-05,5.1915646e-05,1.0,-1.001358e-05,3.927201e-05,1.0043383e-05,0.99999994,83,0.25,0,0,0.0,False,-0.25731619372725945,0.5806659575894053
0.2776518079917878,15:01:35.844291,15:00:19.818439,0,,0.11867751,0.0061108544,0.015890405,-0.89443666,-0.4343542,0.10639265,0.053810462,0.1316464,0.98983514,-0.44394523,0.8910699,-0.094376445,,0.06412283,-0.014685329,0.018210292,-0.71390843,-0.2136333,0.66685474,-0.073531836,0.96993095,0.23200637,-0.6963674,0.11659643,-0.70815074,,0.09965286,1.2986166,0.43120992,0.9826922,0.006483612,-0.18513261,-0.105296366,-0.8026889,-0.58702916,-0.15240996,0.5963627,-0.78811336,,-0.11722491,0.2481699,-0.10031573,0.9559787,0.29073665,0.039711125,-0.22768243,0.6495657,0.72541374,0.18510938,-0.7025216,0.6871666,,-0.09091778,0.38223934,-0.36992148,0.8087413,0.25808775,-0.5285151,-0.52440816,0.7233071,-0.44924706,0.26633355,0.6404823,0.72031164,,1.1139733261753886,0.5280109693436039,0.22829092819000002,0.7523675172224734,0.2762790025257206,0.744157965454169,-0.40721675687275816,,-1.4316016065593684,0.09757672986582668,0.19449794418000002,1.567222637603335,0.09427918483815391,-0.32697865586093233,0.40607334840981824,,-0.11663162726452107,-0.13000303099636262,0.09163300952,-0.11611542257629885,,5.5991113e-05,4.1127205e-06,-2.2172928e-05,1.0,-5.1908195e-05,-3.927946e-05,5.1915646e-05,1.0,-1.001358e-05,3.927201e-05,1.0043383e-05,0.99999994,91,0.275,0,0,0.0,False,-0.25820985950507547,0.5809073585933029
0.3009141469374299,15:01:35.870286,15:00:19.818439,0,,0.11879668,0.0060802326,0.015688062,-0.8932011,-0.43646455,0.10812254,0.054961823,0.13267928,0.9896339,-0.44628572,0.8898847,-0.09452027,,0.06411892,-0.014684614,0.018208027,-0.71392274,-0.21364161,0.6668369,-0.07354155,0.96992886,0.23201206,-0.6963518,0.11659858,-0.70816576,,0.09965286,1.2986166,0.43120992,0.9826922,0.006483612,-0.18513261,-0.105296366,-0.8026889,-0.58702916,-0.15240996,0.5963627,-0.78811336,,-0.117311075,0.2480218,-0.10015227,0.95531565,0.29313236,0.03801917,-0.22820401,0.6496612,0.7251643,0.18786955,-0.70143694,0.68752545,,-0.09091353,0.38223836,-0.36992013,0.8087522,0.25809544,-0.5284948,-0.52440125,0.7233081,-0.44925353,0.2663142,0.6404781,0.72032255,,1.1131701619564693,0.5276016645012701,0.22844777928,0.7521578272789889,0.2788750960212639,0.7438379575670295,-0.40721675687275816,,-1.4315784383607457,0.09758445259870091,0.19449794418000002,1.567222637603335,0.09427918483815391,-0.3269786558609324,0.4064000365420868,,-0.11663162726452107,-0.13000303099636262,0.09163300952,-0.11611542257629885,,5.5991113e-05,4.1127205e-06,-2.2172928e-05,1.0,-5.1908195e-05,-3.927946e-05,5.1915646e-05,1.0,-1.001358e-05,3.927201e-05,1.0043383e-05,0.99999994,99,0.299,0,0,0.0,False,-0.25785239319394915,0.581052199195641
0.3268832459580153,15:01:35.893232,15:00:19.967722,0,,0.11887953,0.006075844,0.015476987,-0.8926895,-0.43709975,0.1097689,0.05573059,0.13463116,0.9893274,-0.447213,0.88927954,-0.095823854,,0.064127095,-0.014683466,0.018215239,-0.71366864,-0.213155,0.6672643,-0.073306546,0.97007334,0.23148155,-0.6966369,0.11628649,-0.70793664,,0.09965286,1.2986166,0.43120992,0.9826922,0.006483612,-0.18513261,-0.105296366,-0.8026889,-0.58702916,-0.15240996,0.5963627,-0.78811336,,-0.11735691,0.24788915,-0.09997409,0.95507175,0.2941072,0.03659136,-0.2281633,0.6508365,0.72412246,0.18915462,-0.6999377,0.6887001,,-0.09092264,0.38224396,-0.36992246,0.8085633,0.2576756,-0.52898836,-0.52449095,0.7231216,-0.44944906,0.26671085,0.6408576,0.7198381,,1.112544620593657,0.5272000823918104,0.22862018585000002,0.7525772071659579,0.2801048245191529,0.74259016021334,-0.4080334772034294,,-1.431617052025117,0.09758445259870091,0.19449794418000002,1.567222637603335,0.09468909433745022,-0.3275579457924433,0.4068900687404896,,-0.11663162726452107,-0.13000303099636262,0.09163300952,-0.11611542257629885,,5.5991113e-05,4.1127205e-06,-2.2172928e-05,1.0,-5.1908195e-05,-3.927946e-05,5.1915646e-05,1.0,-1.001358e-05,3.927201e-05,1.0043383e-05,0.99999994,110,0.332,0,0,0.0,False,-0.25761408231986493,0.5848180548564392
0.349872516002506,15:01:35.920520,15:00:19.967722,0,,0.11895135,0.0060825795,0.015235677,-0.89193934,-0.43898988,0.108314164,0.053504974,0.13539496,0.9893459,-0.44897804,0.8882319,-0.09727579,,0.06414507,-0.014683526,0.01822877,-0.7133044,-0.21194422,0.668039,-0.07297604,0.9704578,0.22996977,-0.6970445,0.11528772,-0.7076987,,0.09965286,1.2986166,0.43120992,0.9826922,0.006483612,-0.18513261,-0.105296366,-0.8026889,-0.58702916,-0.15240996,0.5963627,-0.78811336,,-0.11738541,0.24774686,-0.099768244,0.95435005,0.29622978,0.038260695,-0.23100463,0.65080285,0.72325134,0.18934843,-0.6990734,0.6895242,,-0.09094249,0.38225284,-0.36992812,0.8082918,0.25666788,-0.5298924,-0.52462274,0.7225028,-0.45028955,0.2672739,0.64195895,0.71864694,,1.111888188299348,0.5267367184193569,0.22881851822000002,0.7500609278441436,0.2801048245191529,0.7418550515520749,-0.4088501975341009,,-1.4317097248196076,0.09756900713295245,0.19449794418000002,1.567222637603335,0.09523564033651198,-0.32914711976919686,0.40787013313729525,,-0.11663162726452107,-0.13000303099636262,0.09163300952,-0.11611542257629885,,5.5991113e-05,4.1127205e-06,-2.2172928e-05,1.0,-5.1908195e-05,-3.927946e-05,5.1915646e-05,1.0,-1.001358e-05,3.927201e-05,1.0043383e-05,0.99999994,117,0.353,0,0,0.0,False,-0.2579715486309908,0.5878597075055447
0.37717383494600654,15:01:35.941173,15:00:19.967722,0,,0.11906831,0.006122574,0.014844641,-0.8907381,-0.44186497,0.1064935,0.049784698,0.13804108,0.9891744,-0.45178202,0.8863971,-0.100960195,,0.06415054,-0.014681067,0.018234015,-0.71341157,-0.21159261,0.6680361,-0.07334177,0.9706328,0.22911307,-0.69689643,0.11445719,-0.7079793,,0.09965286,1.2986166,0.43120992,0.9826922,0.006483612,-0.18513261,-0.105296366,-0.8026889,-0.58702916,-0.15240996,0.5963627,-0.78811336,,-0.11742843,0.24753925,-0.09941718,0.9531704,0.29969072,0.04064055,-0.23566447,0.6517787,0.7208653,0.189548,-0.696685,0.6918826,,-0.09094855,0.38225806,-0.3699287,0.8083489,0.2564654,-0.52990335,-0.52473307,0.7219485,-0.45104942,0.26688433,0.6426631,0.7181621,,1.110891955758573,0.5260725633921736,0.22915814620000002,0.7458671289744532,0.2799681880193875,0.7391077135508517,-0.40803347720342953,,-1.4317715066826013,0.09757672986582668,0.19449794418000002,1.5670129476598507,0.09482573083721568,-0.330038047160216,0.4126071110551894,,-0.11663162726452107,-0.13000303099636262,0.09163300952,-0.11611542257629885,,5.5991113e-05,4.1127205e-06,-2.2172928e-05,1.0,-5.1908195e-05,-3.927946e-05,5.1915646e-05,1.0,-1.001358e-05,3.927201e-05,1.0043383e-05,0.99999994,128,0.385,0,0,0.0,False,-0.25683957197909146,0.5882459491117804
0.3978046060074121,15:01:35.973999,15:00:19.967722,0,,0.11916174,0.006138079,0.014415592,-0.891138,-0.44142267,0.10497124,0.04738635,0.13954279,0.9890815,-0.45125103,0.88638234,-0.103434324,,0.06414847,-0.0146805905,0.018232584,-0.7139135,-0.21070169,0.6677814,-0.07278155,0.9708177,0.22850761,-0.6964411,0.11453262,-0.70841503,,0.09965286,1.2986166,0.43120992,0.9826922,0.006483612,-0.18513261,-0.105296366,-0.8026889,-0.58702916,-0.15240996,0.5963627,-0.78811336,,-0.11744517,0.24728906,-0.099056385,0.9531619,0.2994548,0.04253432,-0.2372371,0.6529574,0.7192811,0.18761908,-0.69568205,0.6934159,,-0.09094625,0.38225737,-0.36992773,0.80880916,0.2555885,-0.52962464,-0.52398723,0.722053,-0.45174864,0.26695532,0.642895,0.7179282,,1.1098648322863012,0.5252693991732542,0.22950425563000001,0.7452380591439995,0.2779186405229059,0.7384102986422216,-0.40787013313729525,,-1.4317715066826013,0.09758445259870091,0.19449794418000002,1.5678517074337885,0.09455245783768479,-0.33055032001408824,0.4140772076503979,,-0.11663162726452107,-0.13000303099636262,0.09163300952,-0.11611542257629885,,5.5991113e-05,4.1127205e-06,-2.2172928e-05,1.0,-5.1908195e-05,-3.927946e-05,5.1915646e-05,1.0,-1.001358e-05,3.927201e-05,1.0043383e-05,0.99999994,139,0.418,0,0,0.0,False,-0.25731619372725945,0.5875700263008681
0.4306216361001134,15:01:36.007265,15:00:19.967722,0,,0.11923413,0.0061469898,0.013968885,-0.89190793,-0.44044074,0.1025289,0.043607287,0.14190152,0.98891973,-0.45010954,0.8864963,-0.10735652,,0.064146265,-0.014680978,0.018230736,-0.71392274,-0.21075869,0.6677536,-0.07278845,0.97079885,0.22858572,-0.6964308,0.11458793,-0.7084162,,0.09965286,1.2986166,0.43120992,0.9826922,0.006483612,-0.18513261,-0.105296366,-0.8026889,-0.58702916,-0.15240996,0.5963627,-0.78811336,,-0.117439225,0.2470229,-0.098690346,0.9532336,0.29878038,0.045563087,-0.23952855,0.6548922,0.71675813,0.18431437,-0.6941516,0.6958317,,-0.090943806,0.3822559,-0.3699272,0.8088162,0.2556346,-0.5295917,-0.52398306,0.722088,-0.45169762,0.26694223,0.6428374,0.7179846,,1.1088454315469036,0.5243890076255927,0.22985425393000003,0.7439799194830924,0.27450272802876985,0.7367034155269013,-0.4077067890711611,,-1.431756061216853,0.09758445259870091,0.19449794418000002,1.5678517074337885,0.09455245783768479,-0.3304686412739477,0.4135871754519951,,-0.11663162726452107,-0.13000303099636262,0.09163300952,-0.11611542257629885,,5.5991113e-05,4.1127205e-06,-2.2172928e-05,1.0,-5.1908195e-05,-3.927946e-05,5.1915646e-05,1.0,-1.001358e-05,3.927201e-05,1.0043383e-05,0.99999994,150,0.451,0,0,0.0,False,-0.25719703829021734,0.5873286252969709
0.46387791191227734,15:01:36.040530,15:00:20.120460,0,,0.119319275,0.006137818,0.013621643,-0.8921771,-0.4399519,0.10228486,0.042526394,0.14362884,0.98871744,-0.44967917,0.8864609,-0.10943264,,0.06414355,-0.014682692,0.018227458,-0.7139364,-0.21064872,0.66777366,-0.072799444,0.9708375,0.22841793,-0.6964157,0.114462465,-0.7084514,,0.09965286,1.2986166,0.43120992,0.9826922,0.006483612,-0.18513261,-0.105296366,-0.8026889,-0.58702916,-0.15240996,0.5963627,-0.78811336,,-0.11746489,0.24680321,-0.098409295,0.95328444,0.2985316,0.046126474,-0.24012035,0.65623677,0.715329,0.18327841,-0.6929879,0.6972638,,-0.09094074,0.38225254,-0.36992693,0.80882645,0.25554883,-0.52961737,-0.52397734,0.72200745,-0.45183292,0.2669223,0.6429619,0.71788055,,1.1079495945334934,0.5236939616669124,0.23012388225000002,0.7441896094265769,0.27340963603064633,0.7358795052135209,-0.4075434450050268,,-1.4317328930182303,0.09757672986582668,0.19449794418000002,1.5678517074337885,0.09455245783768479,-0.33063199875422883,0.41326048731972653,,-0.11663162726452107,-0.13000303099636262,0.09163300952,-0.11611542257629885,,5.5991113e-05,4.1127205e-06,-2.2172928e-05,1.0,-5.1908195e-05,-3.927946e-05,5.1915646e-05,1.0,-1.001358e-05,3.927201e-05,1.0043383e-05,0.99999994,161,0.484,0,0,0.0,False,-0.25719703829021734,0.5876183065016476
0.4971581660211086,15:01:36.075109,15:00:20.120460,0,,0.11935505,0.006115325,0.013428256,-0.8922522,-0.43970758,0.10268035,0.042159043,0.14528337,0.9884914,-0.4495649,0.8863125,-0.111091614,,0.06414607,-0.01468296,0.018229067,-0.7142742,-0.21002935,0.6676074,-0.07208769,0.97091293,0.2283226,-0.69614327,0.11495885,-0.70863867,,0.09965286,1.2986166,0.43120992,0.9826922,0.006483612,-0.18513261,-0.105296366,-0.8026889,-0.58702916,-0.15240996,0.5963627,-0.78811336,,-0.117470056,0.24666713,-0.09826565,0.95329106,0.2985314,0.04599137,-0.24034108,0.6574549,0.7141353,0.18295456,-0.69183236,0.6984952,,-0.090943485,0.38225338,-0.36992773,0.8091645,0.25486514,-0.5294304,-0.52328867,0.72238714,-0.4520241,0.2672485,0.64280677,0.7178981,,1.1074707850952916,0.5232228749615847,0.23026258528000002,0.7443992993700614,0.2731363630311155,0.7347954811786647,-0.40787013313729525,,-1.4317483384839786,0.09757672986582668,0.19449794418000002,1.5686904672077266,0.09455245783768479,-0.33063199875422883,0.41326048731972653,,-0.11663162726452107,-0.13000303099636262,0.09163300952,-0.11611542257629885,,5.5991113e-05,4.1127205e-06,-2.2172928e-05,1.0,-5.1908195e-05,-3.927946e-05,5.1915646e-05,1.0,-1.001358e-05,3.927201e-05,1.0043383e-05,0.99999994,172,0.516,0,0,0.0,False,-0.25695872741613357,0.5888735917219132
0.5317616879474372,15:01:36.103505,15:00:20.120460,0,,0.11934993,0.0061295405,0.013396904,-0.8922703,-0.43962502,0.10287587,0.042128146,0.14579383,0.9884176,-0.44953173,0.8862696,-0.11156687,,0.06414887,-0.014683869,0.018230438,-0.71426463,-0.21013132,0.6675856,-0.07208139,0.97087765,0.22847494,-0.69615376,0.11507121,-0.7086102,,0.09965286,1.2986166,0.43120992,0.9826922,0.006483612,-0.18513261,-0.105296366,-0.8026889,-0.58702916,-0.15240996,0.5963627,-0.78811336,,-0.117457904,0.24665922,-0.09823398,0.95329916,0.29852387,0.045871157,-0.24034522,0.65783256,0.713786,0.18290661,-0.6914765,0.69886005,,-0.09094652,0.38225362,-0.36992884,0.8091572,0.25494528,-0.52940303,-0.52329344,0.7224591,-0.4519036,0.26726133,0.6426942,0.71799415,,1.10748623056104,0.5231688158314652,0.23029499253000002,0.7443992993700614,0.2731363630311155,0.7343054087378214,-0.40721675687275827,,-1.4317637839497273,0.09756900713295245,0.19449794418000002,1.5686904672077266,0.09455245783768479,-0.33046864127394765,0.4139138635842636,,-0.11663162726452107,-0.13000303099636262,0.09163300952,-0.11611542257629885,,5.5991113e-05,4.1127205e-06,-2.2172928e-05,1.0,-5.1908195e-05,-3.927946e-05,5.1915646e-05,1.0,-1.001358e-05,3.927201e-05,1.0043383e-05,0.99999994,183,0.549,0,0,0.0,False,-0.25737577144578117,0.590708239351533
0.5601551190484315,15:01:36.137882,15:00:20.120460,0,,0.11928795,0.006209895,0.013387606,-0.8924276,-0.44012797,0.09929833,0.039231695,0.14355183,0.9888649,-0.4494815,0.8863859,-0.110842556,,0.064149365,-0.014682468,0.018231869,-0.71426034,-0.2099711,0.6676406,-0.072077334,0.970932,0.22824505,-0.69615865,0.11490473,-0.70863235,,0.09965286,1.2986166,0.43120992,0.9826922,0.006483612,-0.18513261,-0.105296366,-0.8026889,-0.58702916,-0.15240996,0.5963627,-0.78811336,,-0.11738542,0.2467172,-0.098191954,0.9530707,0.29870635,0.04930209,-0.24260628,0.65613025,0.7145875,0.18110324,-0.6930134,0.6978066,,-0.090947144,0.38225555,-0.36992857,0.809154,0.25481763,-0.5294694,-0.523295,0.7223531,-0.45207122,0.26726815,0.64286387,0.71783966,,1.107864644471877,0.5232537658930817,0.23034036268000002,0.7418830200482471,0.2713600885341647,0.7356721627457342,-0.40738010093889254,,-1.4317715066826013,0.09757672986582668,0.19449794418000002,1.5686904672077266,0.09455245783768479,-0.33071367749436936,0.4157106483117407,,-0.11663162726452107,-0.13000303099636262,0.09163300952,-0.11611542257629885,,5.5991113e-05,4.1127205e-06,-2.2172928e-05,1.0,-5.1908195e-05,-3.927946e-05,5.1915646e-05,1.0,-1.001358e-05,3.927201e-05,1.0043383e-05,0.99999994,194,0.582,0,0,0.0,False,-0.2570778828531757,0.5906599591507535
0.5945311069954187,15:01:36.171576,15:00:20.120460,0,,0.11922735,0.006284684,0.013345465,-0.8932629,-0.43878752,0.09770766,0.038304687,0.14226755,0.98908675,-0.44789958,0.88725716,-0.11027458,,0.06414731,-0.014683094,0.018229842,-0.71444297,-0.20955601,0.6675756,-0.07173172,0.97100645,0.22803706,-0.6960069,0.11503324,-0.70876056,,0.09965286,1.2986166,0.43120992,0.9826922,0.006483612,-0.18513261,-0.105296366,-0.8026889,-0.58702916,-0.15240996,0.5963627,-0.78811336,,-0.11730943,0.24675068,-0.09812757,0.9534998,0.29708362,0.05078895,-0.24237148,0.6556449,0.71511245,0.17914867,-0.69416934,0.69716185,,-0.09094485,0.38225383,-0.36992815,0.8093333,0.2543935,-0.5293992,-0.52294415,0.722466,-0.4522967,0.2674116,0.642905,0.71774936,,1.108204444718343,0.5232614886259559,0.23040776976000002,0.7420927099917317,0.269583814037214,0.7367938805332255,-0.4083601653356982,,-1.431756061216853,0.09757672986582668,0.19449794418000002,1.5691098470946958,0.09455245783768479,-0.3308770349746505,0.41636402457627786,,-0.11663162726452107,-0.13000303099636262,0.09163300952,-0.11611542257629885,,5.5991113e-05,4.1127205e-06,-2.2172928e-05,1.0,-5.1908195e-05,-3.927946e-05,5.1915646e-05,1.0,-1.001358e-05,3.927201e-05,1.0043383e-05,0.99999994,205,0.615,0,0,0.0,False,-0.2580907040680329,0.5897426353359436
0.6282320849131793,15:01:36.204965,15:00:20.120460,0,,0.11916271,0.0063376576,0.013179764,-0.8960407,-0.43388367,0.094106734,0.035887234,0.14048877,0.9894316,-0.44251913,0.8899481,-0.11031261,,0.06414632,-0.01468588,0.0182271,-0.7144516,-0.20949468,0.6675856,-0.07173988,0.9710283,0.22794169,-0.6959971,0.11496094,-0.7087819,,0.09965286,1.2986166,0.43120992,0.9826922,0.006483612,-0.18513261,-0.105296366,-0.8026889,-0.58702916,-0.15240996,0.5963627,-0.78811336,,-0.11721142,0.24669138,-0.09798158,0.9549923,0.2916074,0.054358423,-0.24099103,0.6558762,0.71536684,0.17295386,-0.6962697,0.6966315,,-0.090943605,0.38224995,-0.3699287,0.80933976,0.25434604,-0.52941215,-0.5229412,0.72241944,-0.45237452,0.26739794,0.6429761,0.7176908,,1.1082276129169657,0.5230143611739807,0.23054647279,0.7441896094265769,0.26357180804753466,0.7390825486113699,-0.4086868534679666,,-1.4317406157511046,0.09756128440007823,0.19449794418000002,1.5691098470946958,0.09455245783768479,-0.330958713714791,0.415873992377875,,-0.11663162726452107,-0.13000303099636262,0.09163300952,-0.11611542257629885,,5.5991113e-05,4.1127205e-06,-2.2172928e-05,1.0,-5.1908195e-05,-3.927946e-05,5.1915646e-05,1.0,-1.001358e-05,3.927201e-05,1.0043383e-05,0.99999994,216,0.649,0,0,0.0,False,-0.2575545046013441,0.5893081135289284
0.6615937270689756,15:01:36.238655,15:00:20.120460,0,,0.11911166,0.006366834,0.012929991,-0.8991654,-0.42818186,0.0903427,0.032530554,0.14047363,0.9895499,-0.43639803,0.8927078,-0.11237997,,0.06414646,-0.014686208,0.018226922,-0.7146249,-0.2091316,0.66751397,-0.07138738,0.9710842,0.2278142,-0.69585556,0.11514971,-0.70889026,,0.09965286,1.2986166,0.43120992,0.9826922,0.006483612,-0.18513261,-0.105296366,-0.8026889,-0.58702916,-0.15240996,0.5963627,-0.78811336,,-0.11711554,0.24656181,-0.09778191,0.9565775,0.2855675,0.058401134,-0.23990045,0.65754414,0.71420133,0.16555135,-0.69719934,0.6974997,,-0.09094375,0.38224965,-0.36992884,0.80951196,0.25396225,-0.5293331,-0.5225945,0.72257096,-0.45253307,0.26755443,0.6429575,0.7176491,,1.1079804854649904,0.5225509972015272,0.23073443484000003,0.7462865088614222,0.2563300735599663,0.739841936878425,-0.408850197534101,,-1.4317406157511046,0.09756128440007823,0.19449794418000002,1.569529226981665,0.09455245783768479,-0.3310403924549316,0.4157106483117407,,-0.11663162726452107,-0.13000303099636262,0.09163300952,-0.11611542257629885,,5.5991113e-05,4.1127205e-06,-2.2172928e-05,1.0,-5.1908195e-05,-3.927946e-05,5.1915646e-05,1.0,-1.001358e-05,3.927201e-05,1.0043383e-05,0.99999994,227,0.681,0,0,0.0,False,-0.25761408231986493,0.5897909155367231
0.6952970789279789,15:01:36.270839,15:00:20.334574,0,,0.119050264,0.006359279,0.01263538,-0.903395,-0.4199568,0.08668174,0.029174611,0.14148203,0.98951083,-0.42781568,0.896448,-0.11556199,,0.06414807,-0.014684629,0.018229246,-0.71461594,-0.20924279,0.6674888,-0.071379855,0.9710455,0.22798145,-0.6958655,0.11527398,-0.7088603,,0.09965286,1.2986166,0.43120992,0.9826922,0.006483612,-0.18513261,-0.105296366,-0.8026889,-0.58702916,-0.15240996,0.5963627,-0.78811336,,-0.117006704,0.24637578,-0.09757174,0.9588262,0.27702832,0.06251133,-0.237303,0.66061807,0.71222967,0.15601169,-0.6977386,0.69915754,,-0.090945594,0.3822523,-0.36992884,0.8095052,0.2540494,-0.52930164,-0.5225981,0.72265065,-0.45240164,0.26756778,0.64283353,0.7177552,,1.1075789033555308,0.5219177331058408,0.23092887834000003,0.7502706177876282,0.24703879157591632,0.7401489464572715,-0.4080334772034294,,-1.431756061216853,0.09756900713295245,0.19449794418000002,1.569529226981665,0.09455245783768479,-0.3308770349746505,0.41538396017947216,,-0.11663162726452107,-0.13000303099636262,0.09163300952,-0.11611542257629885,,5.5991113e-05,4.1127205e-06,-2.2172928e-05,1.0,-5.1908195e-05,-3.927946e-05,5.1915646e-05,1.0,-1.001358e-05,3.927201e-05,1.0043383e-05,0.99999994,238,0.714,0,0,0.0,False,-0.25826943722359585,0.5901288769421797
0.7274679099209607,15:01:36.302675,15:00:20.334574,0,,0.119050935,0.006357223,0.012342662,-0.9058403,-0.4143463,0.088150136,0.029939495,0.14494854,0.9889861,-0.42255995,0.8985026,-0.118894786,,0.06414754,-0.014683586,0.018229723,-0.7147027,-0.2089296,0.6674938,-0.07120299,0.9711182,0.2277269,-0.69579446,0.11522958,-0.7089373,,0.09965286,1.2986166,0.43120992,0.9826922,0.006483612,-0.18513261,-0.105296366,-0.8026889,-0.58702916,-0.15240996,0.5963627,-0.78811336,,-0.11695813,0.24619517,-0.09734655,0.96042556,0.27164608,0.061572347,-0.23348106,0.66460997,0.70977473,0.15188594,-0.6960618,0.7017326,,-0.09094507,0.38225335,-0.36992836,0.80959153,0.25375292,-0.5293118,-0.52242416,0.72263783,-0.45262304,0.2676463,0.6429651,0.7176081,,1.1071000939173288,0.5212999144759028,0.23114535877000003,0.7550934864877722,0.243212969582484,0.738286244612197,-0.40721675687275805,,-1.431756061216853,0.09757672986582668,0.19449794418000002,1.5697389169251494,0.09455245783768479,-0.3311220711950722,0.4155473042456064,,-0.11663162726452107,-0.13000303099636262,0.09163300952,-0.11611542257629885,,5.5991113e-05,4.1127205e-06,-2.2172928e-05,1.0,-5.1908195e-05,-3.927946e-05,5.1915646e-05,1.0,-1.001358e-05,3.927201e-05,1.0043383e-05,0.99999994,249,0.747,0,0,0.0,False,-0.25761408231986493,0.5901288769421797
0.7593231899663806,15:01:36.328769,15:00:20.334574,0,,0.11902192,0.006337896,0.0120702535,-0.9081053,-0.4100554,0.08484792,0.028030522,0.14264393,0.989377,-0.41780245,0.90083694,-0.118041515,,0.06414868,-0.014685463,0.018230915,-0.7147843,-0.20871486,0.66747373,-0.0710239,0.9711571,0.2276167,-0.69572896,0.1152904,-0.70899165,,0.09965286,1.2986166,0.43120992,0.9826922,0.006483612,-0.18513261,-0.105296366,-0.8026889,-0.58702916,-0.15240996,0.5963627,-0.78811336,,-0.116886206,0.24601337,-0.097153686,0.9615881,0.26676133,0.064705186,-0.23207979,0.66420794,0.71061015,0.14658561,-0.69833106,0.7006043,,-0.090946525,0.38225305,-0.36993042,0.8096737,0.25353444,-0.5292908,-0.52225345,0.72269213,-0.4527333,0.2677308,0.6429902,0.71755403,,1.1066753436092465,0.5206357594487195,0.23132943195000003,0.757400075866102,0.2381574190911627,0.7416735983876995,-0.4090135416002353,,-1.4317637839497273,0.09756900713295245,0.19449664789,1.5699486068686337,0.09455245783768479,-0.33120374993521273,0.4157106483117407,,-0.11663162726452107,-0.13000303099636262,0.09163300952,-0.11611542257629885,,5.5991113e-05,4.1127205e-06,-2.2172928e-05,1.0,-5.1908195e-05,-3.927946e-05,5.1915646e-05,1.0,-1.001358e-05,3.927201e-05,1.0043383e-05,0.99999994,260,0.78,0,0,0.0,False,-0.2568991496976123,0.5899840363398408
0.7853647149167955,15:01:36.366526,15:00:20.334574,0,,0.11903854,0.006319493,0.0117466,-0.9086284,-0.40890616,0.08479468,0.02733948,0.1443679,0.98914623,-0.41670963,0.90108466,-0.11999747,,0.064104885,-0.014693078,0.018211722,-0.7151523,-0.2080959,0.6672728,-0.0702897,0.9712253,0.22755334,-0.6954252,0.115833044,-0.7092011,,0.09963595,1.2986146,0.43120286,0.98269534,0.006507718,-0.18511498,-0.105266854,-0.8026887,-0.5870347,-0.15240996,0.5963627,-0.78811336,,-0.11683887,0.24580127,-0.096921824,0.9618281,0.26581562,0.06502877,-0.23193564,0.66573155,0.70923007,0.14523274,-0.69723994,0.7019715,,-0.09088797,0.38223916,-0.36994082,0.8100456,0.25281462,-0.5290661,-0.5215062,0.7231057,-0.45293418,0.26806232,0.64280856,0.717593,,1.1063355433627806,0.5198171497640518,0.23157572705,0.7580291456965556,0.2372009635928046,0.7407382701706228,-0.4081968212695638,,-1.4317483384839786,0.09755356166720401,0.19449664789,1.570787366642572,0.09455245783768479,-0.33112207119507214,0.41587399237787503,,-0.11663162726452107,-0.13000303099636262,0.09163300952,-0.11611542257629885,,4.068017e-05,1.4305115e-06,-1.2278557e-05,1.0,-2.823025e-05,-2.1368265e-05,2.8245151e-05,1.0,-5.453825e-06,2.1368265e-05,5.453825e-06,0.99999994,271,0.812,0,0,0.0,False,-0.25695872741613357,0.5899840363398408
0.8231653980910778,15:01:36.403805,15:00:20.469397,0,,0.1189612,0.0063391626,0.01155211,-0.91327953,-0.39882952,0.08279822,0.027714722,0.14195624,0.98948485,-0.40638945,0.90597093,-0.11859214,,0.064104736,-0.014692318,0.018214107,-0.71514803,-0.20809932,0.6672764,-0.07028565,0.9712237,0.22756138,-0.69543016,0.11584023,-0.7091952,,0.09963595,1.2986146,0.43120286,0.98269534,0.006507718,-0.18511498,-0.105266854,-0.8026887,-0.5870347,-0.15240996,0.5963627,-0.78811336,,-0.11672787,0.245698,-0.09677617,0.96467626,0.2548322,0.066785626,-0.22532248,0.6667973,0.7103599,0.13649009,-0.7003156,0.7006629,,-0.09088815,0.38224143,-0.3699417,0.8100424,0.25281674,-0.52907,-0.52150774,0.72311056,-0.45292476,0.26806915,0.64280236,0.71759605,,1.1062583160340382,0.5194773495175858,0.23171183750000002,0.7657876736054829,0.22886613710711273,0.7449210426116064,-0.40787013313729525,,-1.431756061216853,0.09756128440007823,0.19449535160000003,1.570787366642572,0.09455245783768479,-0.33112207119507214,0.41587399237787503,,-0.11663162726452107,-0.13000303099636262,0.09163300952,-0.11611542257629885,,4.068017e-05,1.4305115e-06,-1.2278557e-05,1.0,-2.823025e-05,-2.1368265e-05,2.8245151e-05,1.0,-5.453825e-06,2.1368265e-05,5.453825e-06,0.99999994,282,0.845,0,0,0.0,False,-0.2575545046013441,0.5899357561390612
0.8604617589153349,15:01:36.434991,15:00:20.469397,0,,0.11893599,0.0064241886,0.011337742,-0.9153939,-0.39411697,0.0820116,0.026300758,0.14473829,0.98912024,-0.40169933,0.9075915,-0.12212691,,0.06410908,-0.014691483,0.018217802,-0.71504307,-0.20824875,0.66734225,-0.07044813,0.9712058,0.22758776,-0.6955216,0.11572218,-0.70912474,,0.09963595,1.2986146,0.43120286,0.98269534,0.006507718,-0.18511498,-0.105266854,-0.8026887,-0.5870347,-0.15240996,0.5963627,-0.78811336,,-0.116656035,0.24563424,-0.09656501,0.9657668,0.2503123,0.06810489,-0.22357084,0.6699833,0.70791125,0.13156976,-0.69890344,0.7030102,,-0.090892956,0.38224447,-0.36994272,0.8099424,0.25298145,-0.5291442,-0.52168965,0.72302043,-0.45285916,0.2680171,0.6428389,0.7175827,,1.1061579205066734,0.5192533902642333,0.23191794761000004,0.7680942629838127,0.22408385961532232,0.742694763730439,-0.40738010093889243,,-1.43178695214835,0.09756128440007823,0.19449535160000003,1.5705776766990873,0.09455245783768479,-0.33112207119507214,0.41587399237787503,,-0.11663162726452107,-0.13000303099636262,0.09163300952,-0.11611542257629885,,4.068017e-05,1.4305115e-06,-1.2278557e-05,1.0,-2.823025e-05,-2.1368265e-05,2.8245151e-05,1.0,-5.453825e-06,2.1368265e-05,5.453825e-06,0.99999994,293,0.878,0,0,0.0,False,-0.25719703829021734,0.589452954131267
0.8916420571040362,15:01:36.470035,15:00:20.469397,0,,0.11897141,0.0065901726,0.010925636,-0.9169741,-0.3905846,0.08125341,0.023587085,0.15023535,0.98836887,-0.39824876,0.9082251,-0.12854913,,0.06411417,-0.0146921985,0.018220961,-0.7151106,-0.20781225,0.6674059,-0.07025868,0.9713192,0.22716206,-0.6954714,0.11555502,-0.70920134,,0.09963595,1.2986146,0.43120286,0.98269534,0.006507718,-0.18511498,-0.105266854,-0.8026887,-0.5870347,-0.15240996,0.5963627,-0.78811336,,-0.116599545,0.24551357,-0.0961397,0.96637744,0.24746269,0.0698347,-0.2236063,0.6747158,0.7033909,0.12694444,-0.6953566,0.7073644,,-0.09089851,0.38224602,-0.36994442,0.8100139,0.2525858,-0.52922386,-0.5215252,0.7229294,-0.45319372,0.2681212,0.6430968,0.71731275,,1.1057254474657168,0.5188749763533964,0.23233535299000002,0.7687233328142663,0.21943821862329735,0.7376616685209366,-0.407706789071161,,-1.4318178430798467,0.09755356166720401,0.19449535160000003,1.570787366642572,0.09455245783768479,-0.331530464895775,0.4153839601794721,,-0.11663162726452107,-0.13000303099636262,0.09163300952,-0.11611542257629885,,4.068017e-05,1.4305115e-06,-1.2278557e-05,1.0,-2.823025e-05,-2.1368265e-05,2.8245151e-05,1.0,-5.453825e-06,2.1368265e-05,5.453825e-06,0.99999994,301,0.901,0,0,0.0,False,-0.25779281547542787,0.5894046739304875
0.9266871379222721,15:01:36.490662,15:00:20.469397,0,,0.119005054,0.0066755414,0.010672241,-0.91791385,-0.3884616,0.08081931,0.021674335,0.1542936,0.98778725,-0.3961873,0.9084552,-0.13320854,,0.064114235,-0.014692362,0.018220842,-0.71519697,-0.2076579,0.6673615,-0.07008238,0.97133756,0.22713804,-0.69540036,0.11567825,-0.7092508,,0.09963595,1.2986146,0.43120286,0.98269534,0.006507718,-0.18511498,-0.105266854,-0.8026887,-0.5870347,-0.15240996,0.5963627,-0.78811336,,-0.11657857,0.24542616,-0.09588565,0.9667004,0.24587284,0.070971675,-0.22385818,0.67806494,0.7000824,0.12400785,-0.69265753,0.7105263,,-0.09089858,0.38224587,-0.36994448,0.81009966,0.25241545,-0.52917385,-0.5213517,0.72302336,-0.45324346,0.26819938,0.64305806,0.71731824,,1.1053624790206282,0.5186278489014212,0.23258294438000002,0.7689330227577508,0.21643221562845769,0.7339052781515751,-0.4093402297325037,,-1.4318178430798467,0.09755356166720401,0.19449535160000003,1.5709970565860565,0.09455245783768479,-0.331530464895775,0.4153839601794721,,-0.11663162726452107,-0.13000303099636262,0.09163300952,-0.11611542257629885,,4.068017e-05,1.4305115e-06,-1.2278557e-05,1.0,-2.823025e-05,-2.1368265e-05,2.8245151e-05,1.0,-5.453825e-06,2.1368265e-05,5.453825e-06,0.99999994,308,0.922,0,0,0.0,False,-0.25767366003838577,0.5892598333281494
