Task Time,PC1 Time,PC2 Time,Gaze Calib,s_T_psm1,Tx,Ty,Tz,R00,R01,R02,R10,R11,R12,R20,R21,R22,s_T_psm3,Tx,Ty,Tz,R00,R01,R02,R10,R11,R12,R20,R21,R22,cart_T_ecm,Tx,Ty,Tz,R00,R01,R02,R10,R11,R12,R20,R21,R22,ecm_T_psm1,Tx,Ty,Tz,R00,R01,R02,R10,R11,R12,R20,R21,R22,ecm_T_psm3,Tx,Ty,Tz,R00,R01,R02,R10,R11,R12,R20,R21,R22,psm1_joints,q1,q2,q3,q4,q5,q6,jaw,psm3_joints,q1,q2,q3,q4,q5,q6,jaw,ecm_joints,q1,q2,q3,q4,ecmi_T_ecm,Tx,Ty,Tz,R00,R01,R02,R10,R11,R12,R20,R21,R22,Sample #,Task Duration (s),Collisions (binary),Collisions (increments),Cumulative Collision Time (s),Clutch Press,MTMR Angle,MTML Angle
""
lci_T_si,,,,,-0.05902216,0.010539636,0.21019456,0.9780104,-0.095470026,0.1854214,0.04162175,-0.7818391,-0.62208945,0.20436059,0.61612755,-0.7606731
rci_T_si,,,,,-0.06840233,0.014540867,0.21914718,0.97457415,-0.112241976,0.19392501,0.038261294,-0.76940894,-0.6376096,0.22077419,0.6288177,-0.7455515
ecm_T_lc,,,,,-4.4061628e-05,-0.00034663224,-0.01840835,-0.99912,0.030754527,0.028518902,-0.031987965,-0.99852574,-0.043852776,0.027128186,-0.04472645,0.9986309
ecm_T_rc,,,,,-0.0043358393,0.01870579,-0.007592615,-0.99555075,-0.052743673,-0.078081585,0.04863213,-0.9973746,0.053654674,-0.08070653,0.04961868,0.9955021
cart_T_ecmi,,,,,0.09962965,1.2986269,0.43119717,0.9826964,0.0064842543,-0.18511015,-0.10526184,-0.8027695,-0.5869251,-0.15240656,0.5962542,-0.78819615
ecmac_T_ecmrep_psm1,,,,,0.044880565,-0.23049864,-0.32052848,0.99797076,0.0626086,0.011601057,-0.061749555,0.99606305,-0.0636032,-0.015537491,0.06275777,0.9979078
ecmac_T_ecmrep_psm3,,,,,0.047327206,-0.4153428,-0.56493527,0.997773,0.014750276,0.065049894,-0.025394045,0.985803,0.16597453,-0.061678212,-0.16725679,0.9839822
""
0,14:54:44.412726,14:53:28.466592,0,,0.10891207,0.002421245,0.015929237,-0.848808,-0.2770148,-0.45031962,-0.48737347,0.07984242,0.86953557,-0.20491962,0.95754266,-0.20278054,,0.053730357,-0.027737759,0.018089712,0.6722168,-0.019446656,0.7400988,-0.40890688,0.82359743,0.3930425,-0.6171868,-0.5668414,0.5456841,,0.09964447,1.2986232,0.43118992,0.9826937,0.0064635486,-0.18512529,-0.10528719,-0.80276966,-0.5869203,-0.15240656,0.5962542,-0.78819615,,-0.10810748,0.24499348,-0.1044312,0.80213267,0.1101454,0.58689964,-0.5040571,0.6518604,0.56657255,-0.3201713,-0.7502973,0.57839805,,-0.08156462,0.37480968,-0.38164708,-0.5851045,0.16975075,-0.79299265,-0.7922568,0.08913568,0.6036423,0.17315267,0.98144764,0.08233249,,1.1332260992308303,0.509507301376962,0.22507094383,0.4520915181526345,-0.231735503602187,0.8276108338281867,-0.41407720765039785,,-1.3858984734097077,0.028913911881096564,0.18449965941000002,-0.11889419795572531,0.6431480043959281,-1.3951394425974488,0.875524194479737,,-0.11663162726452107,-0.13014047567495718,0.09162943763999999,-0.11611542257629885,,1.6056001e-05,-1.3709068e-06,5.1259995e-06,1.0,-2.0332634e-05,-1.5385449e-05,2.0317733e-05,1.0,-3.963709e-06,1.5377998e-05,3.9041042e-06,1.0,34,0.102,1,1,0.079,False,-0.2533840643048717,1.050335750771978
0.12390311807394028,14:54:44.440418,14:53:28.466592,0,,0.108916566,0.002424769,0.01593189,-0.8491528,-0.27688196,-0.44975087,-0.48679733,0.080007285,0.8698432,-0.20486051,0.95756733,-0.20272386,,0.053732507,-0.02773989,0.018089652,0.6722177,-0.019432113,0.7400983,-0.40892023,0.82359236,0.39303914,-0.6171769,-0.56684923,0.5456872,,0.09964447,1.2986232,0.43118992,0.9826937,0.0064635486,-0.18512529,-0.10528719,-0.80276966,-0.5869203,-0.15240656,0.5962542,-0.78819615,,-0.10811187,0.24499786,-0.10443014,0.80253243,0.11003254,0.58637404,-0.5035628,0.6520048,0.5668459,-0.3199472,-0.75018835,0.5786633,,-0.08156687,0.3748081,-0.38164836,-0.585108,0.16973741,-0.79299295,-0.7922578,0.08912523,0.6036425,0.1731364,0.9814509,0.08232791,,1.1332183764979562,0.5095227468427105,0.22507094383,0.45272058798308806,-0.23146223060265614,0.8273879980207939,-0.41407720765039785,,-1.385906196142582,0.028898466415348115,0.18449965941000002,-0.11889419795572531,0.6431480043959281,-1.3951394425974488,0.875524194479737,,-0.11663162726452107,-0.13014047567495718,0.09162943763999999,-0.11611542257629885,,1.6056001e-05,-1.3709068e-06,5.1259995e-06,1.0,-2.0332634e-05,-1.5385449e-05,2.0317733e-05,1.0,-3.963709e-06,1.5377998e-05,3.9041042e-06,1.0,51,0.154,1,1,0.131,False,-0.25302659799374494,1.0495632675595068
0.1516011420171708,14:54:44.489153,14:53:28.557366,0,,0.10893284,0.0024343953,0.01594001,-0.84990907,-0.27730212,-0.44806027,-0.48527873,0.080576956,0.8706387,-0.2053266,0.95739794,-0.20305198,,0.05373465,-0.027742065,0.018089652,0.6722186,-0.01941754,0.74009794,-0.40893364,0.8235874,0.39303568,-0.61716706,-0.5668571,0.54569024,,0.09964447,1.2986232,0.43118992,0.9826937,0.0064635486,-0.18512529,-0.10528719,-0.80276966,-0.5869203,-0.15240656,0.5962542,-0.78819615,,-0.10812796,0.24501033,-0.10442705,0.80354786,0.11054563,0.584885,-0.50264215,0.6523546,0.5672604,-0.31884426,-0.7498087,0.57976305,,-0.08156912,0.37480652,-0.38164967,-0.58511144,0.16972408,-0.7929933,-0.7922588,0.08911478,0.6036427,0.17312013,0.9814542,0.08232333,,1.1331952082993335,0.5095613605070816,0.22506964754000003,0.4539787276439952,-0.23023250210476714,0.8263852368875262,-0.4144038957826664,,-1.3859139188754563,0.028883020949599665,0.18449965941000002,-0.11889419795572531,0.6431480043959281,-1.3951394425974488,0.875524194479737,,-0.11663162726452107,-0.13014047567495718,0.09162943763999999,-0.11611542257629885,,1.6056001e-05,-1.3709068e-06,5.1259995e-06,1.0,-2.0332634e-05,-1.5385449e-05,2.0317733e-05,1.0,-3.963709e-06,1.5377998e-05,3.9041042e-06,1.0,59,0.18,1,1,0.157,False,-0.252847864838182,1.049418426957168
0.2003112689126283,14:54:44.504114,14:53:28.557366,0,,0.108935684,0.0024348572,0.015942022,-0.8500277,-0.27727136,-0.44785428,-0.4850613,0.08057809,0.87075984,-0.20534955,0.95740676,-0.20298716,,0.05373571,-0.027741887,0.018090487,0.67222196,-0.019351497,0.7400966,-0.4089333,0.82362115,0.39296532,-0.6171636,-0.5668103,0.54574275,,0.09964447,1.2986232,0.43118992,0.9826937,0.0064635486,-0.18512529,-0.10528719,-0.80276966,-0.5869203,-0.15240656,0.5962542,-0.78819615,,-0.108131036,0.2450119,-0.104427695,0.80369556,0.11051418,0.584688,-0.50248337,0.6523606,0.5673942,-0.3187223,-0.74980813,0.5798309,,-0.0815703,0.37480718,-0.38164988,-0.5851153,0.16965353,-0.7930055,-0.79225624,0.08916633,0.60363847,0.1731188,0.9814617,0.08223648,,1.1331874855664592,0.5095690832399559,0.22506835125000002,0.45418841758747974,-0.2300958656050017,0.8263554977239702,-0.4142405517165321,,-1.3859216416083304,0.028883020949599665,0.18449965941000002,-0.11889419795572531,0.6431480043959281,-1.3952211213375896,0.8756875385458711,,-0.11663162726452107,-0.13014047567495718,0.09162943763999999,-0.11611542257629885,,1.6056001e-05,-1.3709068e-06,5.1259995e-06,1.0,-2.0332634e-05,-1.5385449e-05,2.0317733e-05,1.0,-3.963709e-06,1.5377998e-05,3.9041042e-06,1.0,67,0.204,1,1,0.181,False,-0.2524903985270561,1.0499495091657423
0.21530137187801301,14:54:44.533217,14:53:28.557366,0,,0.10894038,0.0024339706,0.015942201,-0.8499064,-0.2773002,-0.44806653,-0.4852694,0.08050531,0.8706506,-0.20535983,0.9574045,-0.20298733,,0.053736687,-0.027743451,0.018091798,0.67222416,-0.019341424,0.74009496,-0.40893984,0.8236195,0.3929621,-0.6171569,-0.5668131,0.54574734,,0.09964447,1.2986232,0.43118992,0.9826937,0.0064635486,-0.18512529,-0.10528719,-0.80276966,-0.5869203,-0.15240656,0.5962542,-0.78819615,,-0.10813577,0.24501127,-0.10442734,0.8035524,0.110533416,0.5848811,-0.50265515,0.65230197,0.5673094,-0.3188125,-0.7498563,0.579719,,-0.08157158,0.37480712,-0.38165176,-0.585119,0.16964398,-0.7930049,-0.79225546,0.08916223,0.60364014,0.17311,0.98146373,0.08223086,,1.1331643173678365,0.5095845287057043,0.22506835125000002,0.4539787276439952,-0.23023250210476714,0.8264669156276667,-0.4142405517165321,,-1.3859293643412047,0.02887529821672544,0.18449836312,-0.11889419795572531,0.6431480043959281,-1.3952211213375896,0.8756875385458711,,-0.11663162726452107,-0.13014047567495718,0.09162943763999999,-0.11611542257629885,,1.6056001e-05,-1.3709068e-06,5.1259995e-06,1.0,-2.0332634e-05,-1.5385449e-05,2.0317733e-05,1.0,-3.963709e-06,1.5377998e-05,3.9041042e-06,1.0,84,0.257,1,1,0.234,False,-0.2524903985270561,1.0499012289649627
0.24439871101640165,14:54:44.596371,14:53:28.660716,0,,0.10895277,0.0024383515,0.015947476,-0.84989065,-0.27722228,-0.44814458,-0.4853168,0.08043265,0.87063086,-0.20531277,0.9574331,-0.20289963,,0.053737223,-0.027744614,0.01809138,0.6722229,-0.019336954,0.74009615,-0.40894675,0.8236161,0.39296192,-0.61715376,-0.56681806,0.54574573,,0.09964447,1.2986232,0.43118992,0.9826937,0.0064635486,-0.18512529,-0.10528719,-0.80276966,-0.5869203,-0.15240656,0.5962542,-0.78819615,,-0.10814823,0.24501787,-0.10442607,0.8035226,0.110442966,0.5849391,-0.5026639,0.6522615,0.5673481,-0.3188737,-0.7499048,0.57962257,,-0.08157212,0.37480602,-0.38165233,-0.5851188,0.1696402,-0.7930058,-0.79225725,0.08915588,0.6036387,0.17310253,0.9814649,0.0822319,,1.1331257037034654,0.509646310568698,0.22506835125000002,0.4539787276439952,-0.23036913860453262,0.8265783335313632,-0.4142405517165321,,-1.3859293643412047,0.028867575483851216,0.18449836312,-0.11889419795572531,0.6431480043959281,-1.3952211213375896,0.8756875385458711,,-0.11663162726452107,-0.13014047567495718,0.09162943763999999,-0.11611542257629885,,1.6056001e-05,-1.3709068e-06,5.1259995e-06,1.0,-2.0332634e-05,-1.5385449e-05,2.0317733e-05,1.0,-3.963709e-06,1.5377998e-05,3.9041042e-06,1.0,92,0.282,1,1,0.259,False,-0.25254997624557696,1.0499012289649627
0.3075581300072372,14:54:44.616123,14:53:28.660716,0,,0.10895706,0.0024390817,0.015948549,-0.8498895,-0.27724126,-0.44813514,-0.48531058,0.08042964,0.8706347,-0.2053325,0.957428,-0.2029045,,0.053737223,-0.027744614,0.01809138,0.6722229,-0.019336954,0.74009615,-0.40894675,0.8236161,0.39296192,-0.61715376,-0.56681806,0.54574573,,0.09964447,1.2986232,0.43118992,0.9826937,0.0064635486,-0.18512529,-0.10528719,-0.80276966,-0.5869203,-0.15240656,0.5962542,-0.78819615,,-0.108152516,0.24501906,-0.10442553,0.80352575,0.11046204,0.58493125,-0.50267106,0.6522561,0.56734806,-0.3188545,-0.7499068,0.5796306,,-0.08157212,0.37480602,-0.38165233,-0.5851188,0.1696402,-0.7930058,-0.79225725,0.08915588,0.6036387,0.17310253,0.9814649,0.0822319,,1.133110258237717,0.5096617560344465,0.22506835125000002,0.4539787276439952,-0.23036913860453262,0.8265783335313632,-0.4142405517165321,,-1.3859293643412047,0.028867575483851216,0.18449836312,-0.11889419795572531,0.6431480043959281,-1.3952211213375896,0.8756875385458711,,-0.11663162726452107,-0.13014047567495718,0.09162943763999999,-0.11611542257629885,,1.6056001e-05,-1.3709068e-06,5.1259995e-06,1.0,-2.0332634e-05,-1.5385449e-05,2.0317733e-05,1.0,-3.963709e-06,1.5377998e-05,3.9041042e-06,1.0,109,0.334,1,1,0.311,False,-0.25260955396409823,1.049708108161845
0.32728161104023457,14:54:44.664053,14:53:28.660716,0,,0.108960435,0.002438739,0.015948683,-0.84988797,-0.27725697,-0.44812822,-0.48530748,0.08043218,0.8706361,-0.205346,0.9574232,-0.20291325,,0.053738832,-0.027745627,0.018091738,0.6722251,-0.019387335,0.74009275,-0.40895322,0.8235823,0.39302593,-0.6171471,-0.56686544,0.5457041,,0.09964447,1.2986232,0.43118992,0.9826937,0.0064635486,-0.18512529,-0.10528719,-0.80276966,-0.5869203,-0.15240656,0.5962542,-0.78819615,,-0.10815588,0.24501884,-0.10442507,0.80352706,0.11047853,0.58492625,-0.5026769,0.6522553,0.56734383,-0.31884193,-0.74990505,0.5796398,,-0.08157383,0.37480554,-0.38165307,-0.58512247,0.16969542,-0.7929913,-0.7922565,0.08910248,0.60364765,0.17309372,0.9814603,0.08230644,,1.1330948127719684,0.5096694787673207,0.22506835125000002,0.4539787276439952,-0.23036913860453262,0.8265783335313632,-0.4142405517165321,,-1.385937087074079,0.028859852750976994,0.18449836312,-0.11889419795572531,0.6431480043959281,-1.3951394425974488,0.875524194479737,,-0.11663162726452107,-0.13014047567495718,0.09162943763999999,-0.11611542257629885,,1.6056001e-05,-1.3709068e-06,5.1259995e-06,1.0,-2.0332634e-05,-1.5385449e-05,2.0317733e-05,1.0,-3.963709e-06,1.5377998e-05,3.9041042e-06,1.0,117,0.36,0,1,0.311,False,-0.2523116653714932,1.0497563883626244
0.37524013104848564,14:54:44.694021,14:53:28.660716,0,,0.10895941,0.0024368837,0.015948728,-0.8498877,-0.27725366,-0.44813085,-0.48531064,0.08043775,0.87063384,-0.20533977,0.9574236,-0.20291728,,0.053737763,-0.027745776,0.018090904,0.6722216,-0.019392937,0.7400958,-0.4089536,0.8235807,0.39302897,-0.61715055,-0.5668676,0.54569787,,0.09964447,1.2986232,0.43118992,0.9826937,0.0064635486,-0.18512529,-0.10528719,-0.80276966,-0.5869203,-0.15240656,0.5962542,-0.78819615,,-0.10815512,0.24501741,-0.10442646,0.80352527,0.110475935,0.5849292,-0.5026756,0.65225995,0.5673396,-0.31884855,-0.7499013,0.5796409,,-0.08157266,0.37480488,-0.38165286,-0.58511853,0.16970119,-0.79299295,-0.79225904,0.08910023,0.60364455,0.17309505,0.98145944,0.08231311,,1.1330948127719684,0.5096617560344465,0.22506705496,0.4539787276439952,-0.23036913860453262,0.8265783335313632,-0.4142405517165321,,-1.3859293643412047,0.028859852750976994,0.18449836312,-0.11889419795572531,0.6431480043959281,-1.3951394425974488,0.875524194479737,,-0.11663162726452107,-0.13014047567495718,0.09162943763999999,-0.11611542257629885,,1.6056001e-05,-1.3709068e-06,5.1259995e-06,1.0,-2.0332634e-05,-1.5385449e-05,2.0317733e-05,1.0,-3.963709e-06,1.5377998e-05,3.9041042e-06,1.0,134,0.412,0,1,0.311,False,-0.25260955396409823,1.0500943497680806
0.40520741790533066,14:54:44.743550,14:53:28.796806,0,,0.10895895,0.0024378076,0.015951097,-0.84988886,-0.27721417,-0.448153,-0.48530746,0.080356926,0.8706431,-0.20534237,0.95744187,-0.20282862,,0.053737763,-0.027745776,0.018090904,0.6722216,-0.019453391,0.7400942,-0.4089536,0.82354856,0.39309627,-0.61715055,-0.5669122,0.5456516,,0.09964447,1.2986232,0.43118992,0.9826937,0.0064635486,-0.18512529,-0.10528719,-0.80276966,-0.5869203,-0.15240656,0.5962542,-0.78819615,,-0.108154975,0.2450196,-0.10442782,0.8035273,0.1104238,0.58493626,-0.50267464,0.65220696,0.56740135,-0.3188449,-0.7499551,0.57957333,,-0.08157266,0.37480488,-0.38165286,-0.58511853,0.16976596,-0.79297906,-0.79225904,0.089050926,0.6036518,0.17309505,0.9814527,0.08239327,,1.1331025355048427,0.5096694787673207,0.22506575867000003,0.4539787276439952,-0.23036913860453262,0.8266600122715038,-0.41407720765039785,,-1.3859293643412047,0.028859852750976994,0.18449836312,-0.11889419795572531,0.6431480043959281,-1.3950577638573085,0.8753608504136026,,-0.11663162726452107,-0.13014047567495718,0.09162943763999999,-0.11611542257629885,,1.6056001e-05,-1.3709068e-06,5.1259995e-06,1.0,-2.0332634e-05,-1.5385449e-05,2.0317733e-05,1.0,-3.963709e-06,1.5377998e-05,3.9041042e-06,1.0,142,0.438,0,1,0.311,False,-0.2524308208085344,1.0497563883626244
0.4547379419673234,14:54:44.771282,14:53:28.796806,0,,0.10896167,0.002440974,0.015953958,-0.8498897,-0.27722406,-0.44814527,-0.48529804,0.08034021,0.8706498,-0.20536105,0.9574404,-0.20281664,,0.053737763,-0.027745776,0.018090904,0.6722216,-0.019453391,0.7400942,-0.4089536,0.82354856,0.39309627,-0.61715055,-0.5669122,0.5456516,,0.09964447,1.2986232,0.43118992,0.9826937,0.0064635486,-0.18512529,-0.10528719,-0.80276966,-0.5869203,-0.15240656,0.5962542,-0.78819615,,-0.10815773,0.24502383,-0.10442753,0.80353266,0.11043159,0.58492744,-0.50267863,0.6521929,0.567414,-0.31882507,-0.7499662,0.5795699,,-0.08157266,0.37480488,-0.38165286,-0.58511853,0.16976596,-0.79297906,-0.79225904,0.089050926,0.6036518,0.17309505,0.9814527,0.08239327,,1.1331025355048427,0.5096926469659434,0.22506575867000003,0.4539787276439952,-0.23036913860453262,0.8266600122715038,-0.41407720765039785,,-1.3859293643412047,0.028859852750976994,0.18449836312,-0.11889419795572531,0.6431480043959281,-1.3950577638573085,0.8753608504136026,,-0.11663162726452107,-0.13014047567495718,0.09162943763999999,-0.11611542257629885,,1.6056001e-05,-1.3709068e-06,5.1259995e-06,1.0,-2.0332634e-05,-1.5385449e-05,2.0317733e-05,1.0,-3.963709e-06,1.5377998e-05,3.9041042e-06,1.0,159,0.49,0,1,0.311,False,-0.2521925099344511,1.0499012289649627
0.4824683510232717,14:54:44.825363,14:53:28.796806,0,,0.10896312,0.0024377257,0.015953168,-0.8498877,-0.27723315,-0.44814348,-0.4853012,0.080353886,0.87064683,-0.20536207,0.9574367,-0.20283343,,0.053740982,-0.027747773,0.018091738,0.67222595,-0.019433245,0.74009085,-0.40896663,0.8235452,0.39308977,-0.61713725,-0.5669178,0.5456608,,0.09964447,1.2986232,0.43118992,0.9826937,0.0064635486,-0.18512529,-0.10528719,-0.80276966,-0.5869203,-0.15240656,0.5962542,-0.78819615,,-0.10815942,0.24502076,-0.10442856,0.80353045,0.110442884,0.58492833,-0.5026818,0.6522015,0.5674013,-0.31882572,-0.749957,0.5795814,,-0.08157609,0.37480396,-0.38165438,-0.58512586,0.16974686,-0.79297775,-0.7922575,0.08904272,0.6036551,0.17307745,0.98145676,0.082382016,,1.1330870900390944,0.5096849242330692,0.22506446238000002,0.4539787276439952,-0.23036913860453262,0.8266600122715038,-0.41407720765039785,,-1.3859448098069531,0.028844407285228545,0.18449836312,-0.11889419795572531,0.6431480043959281,-1.3950577638573085,0.8753608504136026,,-0.11663162726452107,-0.13014047567495718,0.09162943763999999,-0.11611542257629885,,1.6056001e-05,-1.3709068e-06,5.1259995e-06,1.0,-2.0332634e-05,-1.5385449e-05,2.0317733e-05,1.0,-3.963709e-06,1.5377998e-05,3.9041042e-06,1.0,167,0.516,0,1,0.311,False,-0.25254997624557696,1.0499495091657423
0.5365513369906694,14:54:44.844639,14:53:28.796806,0,,0.10896175,0.0024376065,0.015954584,-0.8498886,-0.27722698,-0.4481457,-0.48530117,0.0803498,0.8706472,-0.20535843,0.9574387,-0.20282702,,0.05373991,-0.027747951,0.018090904,0.67222255,-0.019438848,0.74009377,-0.40896696,0.82354355,0.39309287,-0.6171407,-0.56692,0.54565465,,0.09964447,1.2986232,0.43118992,0.9826937,0.0064635486,-0.18512529,-0.10528719,-0.80276966,-0.5869203,-0.15240656,0.5962542,-0.78819615,,-0.10815836,0.24502155,-0.10443003,0.8035307,0.11043594,0.58492935,-0.5026795,0.6521995,0.5674055,-0.3188287,-0.74995977,0.5795762,,-0.08157491,0.3748033,-0.38165417,-0.585122,0.16975263,-0.79297936,-0.79226005,0.08904047,0.60365206,0.17307879,0.981456,0.08238869,,1.1330948127719684,0.5096849242330692,0.22506316609000002,0.4539787276439952,-0.23036913860453262,0.8266600122715038,-0.41407720765039785,,-1.385937087074079,0.028844407285228545,0.18449836312,-0.11889419795572531,0.6431480043959281,-1.3950577638573085,0.8753608504136026,,-0.11663162726452107,-0.13014047567495718,0.09162943763999999,-0.11611542257629885,,1.6056001e-05,-1.3709068e-06,5.1259995e-06,1.0,-2.0332634e-05,-1.5385449e-05,2.0317733e-05,1.0,-3.963709e-06,1.5377998e-05,3.9041042e-06,1.0,180,0.556,0,1,0.311,False,-0.2523116653714932,1.0499012289649627
0.5558178089559078,14:54:44.894053,14:53:28.796806,0,,0.10896041,0.0024397373,0.015956163,-0.84978503,-0.27735686,-0.44826168,-0.48543984,0.08031067,0.8705735,-0.20545934,0.9574045,-0.20288697,,0.05373939,-0.027749322,0.018089652,0.6722179,-0.019439995,0.74009794,-0.40897423,0.82353854,0.39309576,-0.6171409,-0.5669272,0.54564685,,0.09964447,1.2986232,0.43118992,0.9826937,0.0064635486,-0.18512529,-0.10528719,-0.80276966,-0.5869203,-0.15240656,0.5962542,-0.78819615,,-0.10815705,0.24502422,-0.10443024,0.8034298,0.11056376,0.5850438,-0.5028518,0.65214854,0.5673115,-0.31881136,-0.7499853,0.57955277,,-0.081574276,0.37480152,-0.38165453,-0.5851179,0.16975462,-0.792982,-0.79226446,0.08903188,0.60364753,0.17307264,0.9814564,0.08239641,,1.133110258237717,0.5096926469659434,0.22506316609000002,0.45376903770051075,-0.23036913860453262,0.8266600122715038,-0.41407720765039785,,-1.3859293643412047,0.02883668455235432,0.18449836312,-0.11889419795572531,0.6431480043959281,-1.3950577638573085,0.8753608504136026,,-0.11663162726452107,-0.13014047567495718,0.09162943763999999,-0.11611542257629885,,1.6056001e-05,-1.3709068e-06,5.1259995e-06,1.0,-2.0332634e-05,-1.5385449e-05,2.0317733e-05,1.0,-3.963709e-06,1.5377998e-05,3.9041042e-06,1.0,188,0.581,0,1,0.311,False,-0.25254997624557696,1.049804668563404
0.6052001828793436,14:54:44.908046,14:53:28.796806,0,,0.108961314,0.0024407804,0.015957117,-0.8497852,-0.27736017,-0.44825915,-0.48543668,0.08030507,0.8705758,-0.20546557,0.95740396,-0.20288292,,0.05373939,-0.027749322,0.018089652,0.6722179,-0.019439995,0.74009794,-0.40897423,0.82353854,0.39309576,-0.6171409,-0.5669272,0.54564685,,0.09964447,1.2986232,0.43118992,0.9826937,0.0064635486,-0.18512529,-0.10528719,-0.80276966,-0.5869203,-0.15240656,0.5962542,-0.78819615,,-0.10815797,0.24502562,-0.10443015,0.8034316,0.110566355,0.58504087,-0.5028531,0.65214384,0.56731576,-0.31880474,-0.749989,0.5795516,,-0.081574276,0.37480152,-0.38165453,-0.5851179,0.16975462,-0.792982,-0.79226446,0.08903188,0.60364753,0.17307264,0.9814564,0.08239641,,1.133110258237717,0.5097003696988176,0.22506316609000002,0.45376903770051075,-0.23036913860453262,0.8266600122715038,-0.41407720765039785,,-1.3859293643412047,0.02883668455235432,0.18449836312,-0.11889419795572531,0.6431480043959281,-1.3950577638573085,0.8753608504136026,,-0.11663162726452107,-0.13014047567495718,0.09162943763999999,-0.11611542257629885,,1.6056001e-05,-1.3709068e-06,5.1259995e-06,1.0,-2.0332634e-05,-1.5385449e-05,2.0317733e-05,1.0,-3.963709e-06,1.5377998e-05,3.9041042e-06,1.0,205,0.633,0,1,0.311,False,-0.2518946213418456,1.0499012289649627
0.6192015239503235,14:54:44.963661,14:53:29.020600,0,,0.10896356,0.0024400502,0.015958443,-0.849679,-0.27750865,-0.4483688,-0.48557538,0.0802781,0.8705009,-0.20557731,0.95736325,-0.20296204,,0.053741515,-0.02774892,0.018091321,0.6722247,-0.01942876,0.7400921,-0.40897352,0.8235419,0.3930896,-0.6171341,-0.5669228,0.5456593,,0.09964447,1.2986232,0.43118992,0.9826937,0.0064635486,-0.18512529,-0.10528719,-0.80276966,-0.5869203,-0.15240656,0.5962542,-0.78819615,,-0.10816049,0.24502581,-0.10443112,0.80332994,0.110715,0.58515227,-0.503032,0.6520987,0.56720895,-0.31877849,-0.7500063,0.57954365,,-0.08157662,0.37480286,-0.38165492,-0.5851256,0.16974308,-0.7929787,-0.7922593,0.089036375,0.60365367,0.17306998,0.981458,0.08238306,,1.1331025355048427,0.5097080924316919,0.2250618698,0.45355934775702617,-0.23036913860453262,0.8266600122715038,-0.41407720765039785,,-1.3859448098069531,0.02883668455235432,0.18449836312,-0.11889419795572531,0.6431480043959281,-1.3950577638573085,0.8753608504136026,,-0.11663162726452107,-0.13014047567495718,0.09162943763999999,-0.11611542257629885,,1.6056001e-05,-1.3709068e-06,5.1259995e-06,1.0,-2.0332634e-05,-1.5385449e-05,2.0317733e-05,1.0,-3.963709e-06,1.5377998e-05,3.9041042e-06,1.0,209,0.647,0,1,0.311,False,-0.25254997624557696,1.049370146756389
0.6748479418456554,14:54:44.983590,14:53:29.020600,0,,0.1089648,0.00243935,0.015958026,-0.8496781,-0.27747822,-0.44838917,-0.48557544,0.0802111,0.8705071,-0.20558098,0.9573777,-0.20289025,,0.05374045,-0.027749158,0.018090546,0.67222124,-0.019434363,0.740095,-0.40897387,0.8235402,0.39309272,-0.61713755,-0.566925,0.54565305,,0.09964447,1.2986232,0.43118992,0.9826937,0.0064635486,-0.18512529,-0.10528719,-0.80276966,-0.5869203,-0.15240656,0.5962542,-0.78819615,,-0.10816171,0.24502501,-0.104430944,0.80332977,0.11067415,0.58516026,-0.5030343,0.65205437,0.567258,-0.3187755,-0.7500509,0.57948756,,-0.081575446,0.37480217,-0.38165474,-0.58512175,0.16974884,-0.7929804,-0.79226184,0.089034125,0.6036506,0.17307131,0.98145723,0.082389735,,1.1330948127719684,0.5097080924316919,0.2250618698,0.45355934775702617,-0.23036913860453262,0.8267416910116443,-0.4139138635842636,,-1.385937087074079,0.02883668455235432,0.18449836312,-0.11889419795572531,0.6431480043959281,-1.3950577638573085,0.8753608504136026,,-0.11663162726452107,-0.13014047567495718,0.09162943763999999,-0.11611542257629885,,1.6056001e-05,-1.3709068e-06,5.1259995e-06,1.0,-2.0332634e-05,-1.5385449e-05,2.0317733e-05,1.0,-3.963709e-06,1.5377998e-05,3.9041042e-06,1.0,230,0.711,0,1,0.311,False,-0.252847864838182,1.05014262996886
0.694762279978022,14:54:45.037704,14:53:29.020600,0,,0.10896448,0.002444692,0.015966937,-0.8508541,-0.27612478,-0.4469925,-0.48393232,0.0805884,0.87138677,-0.20458905,0.95773715,-0.20219466,,0.053739917,-0.0277505,0.018089235,0.67221665,-0.01943551,0.74009925,-0.40898108,0.8235352,0.3930956,-0.61713773,-0.5669322,0.5456453,,0.09964447,1.2986232,0.43118992,0.9826937,0.0064635486,-0.18512529,-0.10528719,-0.80276966,-0.5869203,-0.15240656,0.5962542,-0.78819615,,-0.108162306,0.24503471,-0.104434684,0.8045113,0.10933805,0.58378655,-0.5011187,0.6525622,0.5683684,-0.31881276,-0.74980515,0.579785,,-0.08157481,0.3748004,-0.3816551,-0.58511764,0.16975084,-0.792983,-0.79226625,0.089025535,0.60364616,0.17306517,0.98145765,0.08239745,,1.1331025355048427,0.5097312606303145,0.22505798093,0.4558659371353559,-0.23023250210476714,0.8265485943678074,-0.41407720765039785,,-1.3859293643412047,0.028828961819480095,0.18449836312,-0.11889419795572531,0.6431480043959281,-1.3950577638573085,0.8753608504136026,,-0.11663162726452107,-0.13014047567495718,0.09162943763999999,-0.11611542257629885,,1.6056001e-05,-1.3709068e-06,5.1259995e-06,1.0,-2.0332634e-05,-1.5385449e-05,2.0317733e-05,1.0,-3.963709e-06,1.5377998e-05,3.9041042e-06,1.0,238,0.737,0,1,0.311,False,-0.25356279746043464,1.0499012289649627
0.7488923480268568,14:54:45.067256,14:53:29.020600,0,,0.10896993,0.0024444833,0.015969321,-0.85080224,-0.27684766,-0.44664395,-0.48378408,0.08083227,0.8714465,-0.20515467,0.95750797,-0.20270675,,0.053739917,-0.0277505,0.018089235,0.67221665,-0.01943551,0.74009925,-0.40898108,0.8235352,0.3930956,-0.61713773,-0.5669322,0.5456453,,0.09964447,1.2986232,0.43118992,0.9826937,0.0064635486,-0.18512529,-0.10528719,-0.80276966,-0.5869203,-0.15240656,0.5962542,-0.78819615,,-0.10816807,0.24503596,-0.10443546,0.80458033,0.11011538,0.58354527,-0.50134844,0.6526202,0.56809914,-0.31827697,-0.74964094,0.5802915,,-0.08157481,0.3748004,-0.3816551,-0.58511764,0.16975084,-0.792983,-0.79226625,0.089025535,0.60364616,0.17306517,0.98145765,0.08239745,,1.1330948127719684,0.5097312606303145,0.22505538835000002,0.4556562471918714,-0.22968595610570539,0.826021244012881,-0.4139138635842636,,-1.3859293643412047,0.028828961819480095,0.18449836312,-0.11889419795572531,0.6431480043959281,-1.3950577638573085,0.8753608504136026,,-0.11663162726452107,-0.13014047567495718,0.09162943763999999,-0.11611542257629885,,1.6056001e-05,-1.3709068e-06,5.1259995e-06,1.0,-2.0332634e-05,-1.5385449e-05,2.0317733e-05,1.0,-3.963709e-06,1.5377998e-05,3.9041042e-06,1.0,255,0.789,0,1,0.311,False,-0.2529670202752241,1.0499977893665218
0.7784424619749188,14:54:45.119281,14:53:29.157114,0,,0.10899705,0.0024521276,0.015984342,-0.8534374,-0.2759415,-0.44215477,-0.47926748,0.08212596,0.87381804,-0.20481023,0.9576594,-0.20233925,,0.053739917,-0.0277505,0.018089235,0.67221665,-0.01943551,0.74009925,-0.40898108,0.8235352,0.3930956,-0.61713773,-0.5669322,0.5456453,,0.09964447,1.2986232,0.43118992,0.9826937,0.0064635486,-0.18512529,-0.10528719,-0.80276966,-0.5869203,-0.15240656,0.5962542,-0.78819615,,-0.10819622,0.24505098,-0.10443651,0.807669,0.10937017,0.57940394,-0.49754697,0.65372837,0.5701633,-0.31641394,-0.74878395,0.58241296,,-0.08157481,0.3748004,-0.3816551,-0.58511764,0.16975084,-0.792983,-0.79226625,0.089025535,0.60364616,0.17306517,0.98145765,0.08239745,,1.1330175854432263,0.5097544288289372,0.22504631432000002,0.4604791158920155,-0.2273631356096929,0.8242904971303231,-0.4145672398488008,,-1.3859293643412047,0.028828961819480095,0.18449836312,-0.11889419795572531,0.6431480043959281,-1.3950577638573085,0.8753608504136026,,-0.11663162726452107,-0.13014047567495718,0.09162943763999999,-0.11611542257629885,,1.6056001e-05,-1.3709068e-06,5.1259995e-06,1.0,-2.0332634e-05,-1.5385449e-05,2.0317733e-05,1.0,-3.963709e-06,1.5377998e-05,3.9041042e-06,1.0,263,0.815,0,1,0.311,False,-0.25308617571226666,1.0501909101696396
0.8304116539657116,14:54:45.138325,14:53:29.157114,0,,0.10901161,0.0024521053,0.01598896,-0.853826,-0.27634007,-0.44115436,-0.4783966,0.08243972,0.87426555,-0.20522597,0.9575175,-0.2025894,,0.053739917,-0.0277505,0.018089235,0.67221665,-0.01943551,0.74009925,-0.40898108,0.8235352,0.3930956,-0.61713773,-0.5669322,0.5456453,,0.09964447,1.2986232,0.43118992,0.9826937,0.0064635486,-0.18512529,-0.10528719,-0.80276966,-0.5869203,-0.15240656,0.5962542,-0.78819615,,-0.10821126,0.24505366,-0.10443687,0.8082338,0.1098245,0.5785298,-0.49711028,0.6538925,0.57035595,-0.31565723,-0.7485741,0.5830929,,-0.08157481,0.3748004,-0.3816551,-0.58511764,0.16975084,-0.792983,-0.79226625,0.089025535,0.60364616,0.17306517,0.98145765,0.08239745,,1.132971249045981,0.5097698742946857,0.22504242545000003,0.46110818572246903,-0.22654331661110025,0.8237036684482851,-0.4144038957826665,,-1.3859293643412047,0.02882123908660587,0.18449836312,-0.11889419795572531,0.6431480043959281,-1.3950577638573085,0.8753608504136026,,-0.11663162726452107,-0.13014047567495718,0.09162943763999999,-0.11611542257629885,,1.6056001e-05,-1.3709068e-06,5.1259995e-06,1.0,-2.0332634e-05,-1.5385449e-05,2.0317733e-05,1.0,-3.963709e-06,1.5377998e-05,3.9041042e-06,1.0,276,0.855,0,1,0.311,False,-0.2524903985270561,1.049804668563404
0.8495134820695966,14:54:45.186834,14:53:29.157114,0,,0.10908896,0.002443418,0.016047463,-0.8563559,-0.27625877,-0.43627453,-0.4737143,0.083984554,0.8766649,-0.20554599,0.95740676,-0.20278846,,0.053740457,-0.027751707,0.018088818,0.6722154,-0.01943104,0.7401005,-0.40898797,0.8235319,0.39309546,-0.6171346,-0.5669372,0.5456437,,0.09964447,1.2986232,0.43118992,0.9826937,0.0064635486,-0.18512529,-0.10528719,-0.80276966,-0.5869203,-0.15240656,0.5962542,-0.78819615,,-0.10829824,0.24508204,-0.10447019,0.8113593,0.10996292,0.5741117,-0.49358568,0.65504503,0.57209194,-0.31316012,-0.7475454,0.585753,,-0.08157535,0.37479928,-0.38165566,-0.5851174,0.16974707,-0.79298395,-0.79226804,0.08901918,0.6036447,0.1730577,0.9814589,0.0823985,,1.1327086761282572,0.5099706653494155,0.22499316643000003,0.46572136447912865,-0.22381058661579145,0.8214753103743566,-0.4144038957826665,,-1.3859293643412047,0.02882123908660587,0.18449836312,-0.11889419795572531,0.6431480043959281,-1.3950577638573085,0.8753608504136026,,-0.11663162726452107,-0.13014047567495718,0.09162943763999999,-0.11611542257629885,,1.6056001e-05,-1.3709068e-06,5.1259995e-06,1.0,-2.0332634e-05,-1.5385449e-05,2.0317733e-05,1.0,-3.963709e-06,1.5377998e-05,3.9041042e-06,1.0,284,0.88,0,1,0.311,False,-0.25332448658635043,1.0499012289649627
0.8980198998469859,14:54:45.207753,14:53:29.278335,0,,0.10913484,0.002440296,0.016107306,-0.85911053,-0.2748216,-0.43174314,-0.46904007,0.085265875,0.8790512,-0.20476927,0.95770705,-0.20215526,,0.053740457,-0.027751707,0.018088818,0.6722154,-0.01943104,0.7401005,-0.40898797,0.8235319,0.39309546,-0.6171346,-0.5669372,0.5456437,,0.09964447,1.2986232,0.43118992,0.9826937,0.0064635486,-0.18512529,-0.10528719,-0.80276966,-0.5869203,-0.15240656,0.5962542,-0.78819615,,-0.108354054,0.24511588,-0.104508094,0.8145078,0.10867157,0.5698838,-0.4893939,0.6562304,0.5743303,-0.31156173,-0.74669415,0.58768797,,-0.08157535,0.37479928,-0.38165566,-0.5851174,0.16974707,-0.79298395,-0.79226804,0.08901918,0.6036447,0.1730577,0.9814589,0.0823985,,1.1325773896693954,0.5101405654726484,0.2249452037,0.47096361306624174,-0.22189767561907528,0.8199154597226067,-0.41407720765039796,,-1.3859293643412047,0.02882123908660587,0.18449836312,-0.11889419795572531,0.6431480043959281,-1.3950577638573085,0.8753608504136026,,-0.11663162726452107,-0.13014047567495718,0.09162943763999999,-0.11611542257629885,,1.6056001e-05,-1.3709068e-06,5.1259995e-06,1.0,-2.0332634e-05,-1.5385449e-05,2.0317733e-05,1.0,-3.963709e-06,1.5377998e-05,3.9041042e-06,1.0,301,0.932,1,2,0.326,False,-0.25254997624557696,1.049708108161845
0.9189185290597379,14:54:45.267853,14:53:29.278335,0,,0.10937128,0.002347976,0.016490832,-0.8592299,-0.2814249,-0.4272281,-0.46483696,0.08069649,0.8817111,-0.21365969,0.9561841,-0.20015353,,0.053742595,-0.02775129,0.018090427,0.6722222,-0.019419849,0.74009454,-0.40898722,0.8235352,0.39308923,-0.61712766,-0.5669328,0.5456561,,0.09964447,1.2986232,0.43118992,0.9826937,0.0064635486,-0.18512529,-0.10528719,-0.80276966,-0.5869203,-0.15240656,0.5962542,-0.78819615,,-0.10866481,0.24527599,-0.10480694,0.8167448,0.11479937,0.56546354,-0.4915171,0.6517379,0.5776233,-0.30222324,-0.7497058,0.5887294,,-0.081577696,0.3748006,-0.38165602,-0.5851252,0.16973552,-0.7929807,-0.79226285,0.08902368,0.6036508,0.17305504,0.98146045,0.08238515,,1.1320599665668225,0.5111599662120461,0.22459520540000003,0.46970547340533453,-0.21328957613385255,0.8210640058037884,-0.4144038957826665,,-1.3859448098069531,0.02882123908660587,0.18449836312,-0.11889419795572531,0.6431480043959281,-1.3950577638573085,0.8753608504136026,,-0.11663162726452107,-0.13014047567495718,0.09162943763999999,-0.11611542257629885,,1.6056001e-05,-1.3709068e-06,5.1259995e-06,1.0,-2.0332634e-05,-1.5385449e-05,2.0317733e-05,1.0,-3.963709e-06,1.5377998e-05,3.9041042e-06,1.0,309,0.958,1,2,0.352,False,-0.252847864838182,1.0498529487641832
0.9790408809203655,14:54:45.288726,14:53:29.278335,0,,0.10955651,0.002309829,0.01677917,-0.86030847,-0.2835089,-0.42366493,-0.46041328,0.075362146,0.8844999,-0.21883532,0.9560038,-0.19536597,,0.053741008,-0.027752824,0.0180884,0.6722141,-0.01942657,0.7401017,-0.40899485,0.8235285,0.3930953,-0.61713135,-0.5669422,0.5456422,,0.09964447,1.2986232,0.43118992,0.9826937,0.0064635486,-0.18512529,-0.10528719,-0.80276966,-0.5869203,-0.15240656,0.5962542,-0.78819615,,-0.10890172,0.245421,-0.10501125,0.819285,0.11618093,0.56149274,-0.49118277,0.64742774,0.5827322,-0.2958236,-0.7532193,0.5874939,,-0.08157589,0.37479818,-0.3816562,-0.58511716,0.16974328,-0.7929849,-0.7922698,0.08901283,0.6036433,0.17305022,0.9814601,0.08239955,,1.1316815526559854,0.5120480804925819,0.22435409546,0.47096361306624174,-0.20741420664393861,0.8245225886990389,-0.4132604873197264,,-1.3859293643412047,0.028813516353731645,0.18449836312,-0.11889419795572531,0.6431480043959281,-1.3950577638573085,0.8753608504136026,,-0.11663162726452107,-0.13014047567495718,0.09162943763999999,-0.11611542257629885,,1.6056001e-05,-1.3709068e-06,5.1259995e-06,1.0,-2.0332634e-05,-1.5385449e-05,2.0317733e-05,1.0,-3.963709e-06,1.5377998e-05,3.9041042e-06,1.0,322,0.998,0,2,0.364,False,-0.2529074425567037,1.0499012289649627
0.9998822729103267,14:54:45.330238,14:53:29.278335,0,,0.10979458,0.0022742972,0.017167911,-0.861879,-0.28562886,-0.41902328,-0.45551538,0.072913855,0.88723683,-0.22286788,0.9555625,-0.19295132,,0.053741008,-0.027752824,0.0180884,0.6722141,-0.01942657,0.7401017,-0.40899485,0.8235285,0.3930953,-0.61713135,-0.5669422,0.5456422,,0.09964447,1.2986232,0.43118992,0.9826937,0.0064635486,-0.18512529,-0.10528719,-0.80276966,-0.5869203,-0.15240656,0.5962542,-0.78819615,,-0.10920772,0.2456292,-0.105279766,0.8221626,0.11801397,0.5568853,-0.4897696,0.64523906,0.58633804,-0.29012805,-0.75481075,0.5882911,,-0.08157589,0.37479818,-0.3816562,-0.58511716,0.16974328,-0.7929849,-0.7922698,0.08901283,0.6036433,0.17305022,0.9814601,0.08239955,,1.131187297752035,0.5133763905469485,0.22404428215000002,0.473479892388056,-0.2026319291521482,0.8250336140372547,-0.41391386358426363,,-1.3859293643412047,0.028813516353731645,0.18449836312,-0.11889419795572531,0.6431480043959281,-1.3950577638573085,0.8753608504136026,,-0.11663162726452107,-0.13014047567495718,0.09162943763999999,-0.11611542257629885,,1.6056001e-05,-1.3709068e-06,5.1259995e-06,1.0,-2.0332634e-05,-1.5385449e-05,2.0317733e-05,1.0,-3.963709e-06,1.5377998e-05,3.9041042e-06,1.0,335,1.039,0,2,0.364,False,-0.25302659799374494,1.0499977893665218
1.0414237580262125,14:54:45.369694,14:53:29.418923,0,,0.11004393,0.0022554994,0.017477557,-0.8632436,-0.29257715,-0.4113503,-0.44791746,0.06820625,0.8914694,-0.23276687,0.9538063,-0.1899291,,0.053743046,-0.027754225,0.018090546,0.67221963,-0.019410893,0.7400971,-0.40900105,0.82352847,0.39308897,-0.6171212,-0.5669428,0.545653,,0.09964447,1.2986232,0.43118992,0.9826937,0.0064635486,-0.18512529,-0.10528719,-0.80276966,-0.5869203,-0.15240656,0.5962542,-0.78819615,,-0.10950849,0.24580207,-0.105474845,0.8262291,0.12450213,0.54940397,-0.4898177,0.6404972,0.59147435,-0.27825192,-0.7578011,0.59018075,,-0.08157835,0.37479877,-0.3816583,-0.58512473,0.16972795,-0.79298264,-0.7922665,0.089010976,0.603648,0.17304009,0.9814629,0.08238724,,1.1307239337795816,0.5143340094233524,0.22379669076000003,0.47473803204896314,-0.1911544631718512,0.8257209951640444,-0.41440389578266645,,-1.3859448098069531,0.02880579362085742,0.18449706683000003,-0.11889419795572531,0.6431480043959281,-1.3950577638573085,0.8753608504136026,,-0.11663162726452107,-0.13014047567495718,0.09162943763999999,-0.11611542257629885,,1.6056001e-05,-1.3709068e-06,5.1259995e-06,1.0,-2.0332634e-05,-1.5385449e-05,2.0317733e-05,1.0,-3.963709e-06,1.5377998e-05,3.9041042e-06,1.0,344,1.068,0,2,0.364,False,-0.2532649088678296,1.0498529487641832
1.080880613066256,14:54:45.397164,14:53:29.418923,0,,0.11032608,0.0022181198,0.017843708,-0.8626657,-0.30316085,-0.40484712,-0.44029948,0.056250483,0.8960871,-0.24888563,0.95127773,-0.18200698,,0.053743575,-0.027755402,0.018090189,0.67221844,-0.019406423,0.74009836,-0.40900794,0.82352513,0.3930888,-0.6171181,-0.5669478,0.5456514,,0.09964447,1.2986232,0.43118992,0.9826937,0.0064635486,-0.18512529,-0.10528719,-0.80276966,-0.5869203,-0.15240656,0.5962542,-0.78819615,,-0.109853715,0.24599458,-0.10571737,0.8295096,0.13374555,0.5422415,-0.4936754,0.62958205,0.5999258,-0.26114815,-0.76533556,0.58827126,,-0.08157889,0.37479767,-0.38165885,-0.5851245,0.16972418,-0.7929836,-0.7922683,0.08900463,0.6036466,0.17303263,0.98146415,0.08238828,,1.130291460738625,0.5152993510326304,0.22349076632000003,0.47180237284017984,-0.1746214467002329,0.832087362670934,-0.4139138635842637,,-1.3859448098069531,0.028798070887983196,0.18449706683000003,-0.11889419795572531,0.6431480043959281,-1.3950577638573085,0.8753608504136026,,-0.11663162726452107,-0.13014047567495718,0.09162943763999999,-0.11611542257629885,,1.6056001e-05,-1.3709068e-06,5.1259995e-06,1.0,-2.0332634e-05,-1.5385449e-05,2.0317733e-05,1.0,-3.963709e-06,1.5377998e-05,3.9041042e-06,1.0,348,1.081,0,2,0.364,False,-0.252847864838182,1.049418426957168
1.1083503100089729,14:54:45.418787,14:53:29.418923,0,,0.110452875,0.0021721125,0.018062577,-0.86347544,-0.30471045,-0.40194744,-0.436409,0.051774114,0.8982575,-0.25289798,0.9510367,-0.17768413,,0.053742103,-0.027755477,0.018091857,0.67223346,-0.019414395,0.7400844,-0.40888774,0.82362396,0.39300683,-0.6171813,-0.56680393,0.5457293,,0.09964447,1.2986232,0.43118992,0.9826937,0.0064635486,-0.18512529,-0.10528719,-0.80276966,-0.5869203,-0.15240656,0.5962542,-0.78819615,,-0.11002226,0.2460913,-0.10588571,0.83151215,0.13472651,0.5389215,-0.49305198,0.6259087,0.6042665,-0.2559049,-0.76817125,0.5868778,,-0.08157773,0.37479907,-0.38166022,-0.5851206,0.16971454,-0.79298854,-0.7922419,0.08917847,0.6036556,0.17316663,0.98145,0.0822748,,1.1300288878209013,0.5158785559981972,0.22329761911,0.47306051250108694,-0.16970253270867705,0.8351823685300918,-0.4147305839149349,,-1.3859448098069531,0.028798070887983196,0.18449577054000002,-0.11889419795572531,0.6432846408956936,-1.3951691817610048,0.8753608504136026,,-0.11663162726452107,-0.13014047567495718,0.09162943763999999,-0.11611542257629885,,1.6056001e-05,-1.3709068e-06,5.1259995e-06,1.0,-2.0332634e-05,-1.5385449e-05,2.0317733e-05,1.0,-3.963709e-06,1.5377998e-05,3.9041042e-06,1.0,357,1.109,0,2,0.364,False,-0.2537415306159976,1.0502391903704191
