Task Time,PC1 Time,PC2 Time,Gaze Calib,s_T_psm1,Tx,Ty,Tz,R00,R01,R02,R10,R11,R12,R20,R21,R22,s_T_psm3,Tx,Ty,Tz,R00,R01,R02,R10,R11,R12,R20,R21,R22,cart_T_ecm,Tx,Ty,Tz,R00,R01,R02,R10,R11,R12,R20,R21,R22,ecm_T_psm1,Tx,Ty,Tz,R00,R01,R02,R10,R11,R12,R20,R21,R22,ecm_T_psm3,Tx,Ty,Tz,R00,R01,R02,R10,R11,R12,R20,R21,R22,psm1_joints,q1,q2,q3,q4,q5,q6,jaw,psm3_joints,q1,q2,q3,q4,q5,q6,jaw,ecm_joints,q1,q2,q3,q4,ecmi_T_ecm,Tx,Ty,Tz,R00,R01,R02,R10,R11,R12,R20,R21,R22,Sample #,Task Duration (s),Collisions (binary),Collisions (increments),Cumulative Collision Time (s),Clutch Press,MTMR Angle,MTML Angle
""
lci_T_si,,,,,-0.06340535,0.054754253,0.18611735,0.99153084,-0.022042563,0.12798724,0.07037211,-0.7370862,-0.67212474,0.10915297,0.6754392,-0.7292925
rci_T_si,,,,,-0.07167363,0.05759123,0.1936862,0.9901677,-0.04165475,0.13353959,0.0629946,-0.71957815,-0.6915482,0.12489843,0.693161,-0.709879
ecm_T_lc,,,,,-4.4061628e-05,-0.00034663224,-0.01840835,-0.99912,0.030754527,0.028518902,-0.031987965,-0.99852574,-0.043852776,0.027128186,-0.04472645,0.9986309
ecm_T_rc,,,,,-0.0043358393,0.01870579,-0.007592615,-0.99555075,-0.052743673,-0.078081585,0.04863213,-0.9973746,0.053654674,-0.08070653,0.04961868,0.9955021
cart_T_ecmi,,,,,0.0836296,1.290016,0.4269553,0.99350035,0.08788843,-0.07233704,0.015880011,-0.73628986,-0.67647994,-0.11271578,0.6709343,-0.7328999
ecmac_T_ecmrep_psm1,,,,,0.023195708,-0.2631036,-0.30022871,0.99664557,0.07921609,0.02055357,-0.078295335,0.99603295,-0.04228661,-0.023821812,0.040535513,0.9988941
ecmac_T_ecmrep_psm3,,,,,0.022281613,-0.4507852,-0.5326207,0.99995744,0.002629678,0.008843231,-0.0032003638,0.99787027,0.06515156,-0.008653069,-0.06517708,0.9978362
""
0,19:08:28.732211,19:07:09.170698,0,,0.11645956,0.02777385,0.028641209,0.0019361898,0.3350849,-0.9421858,0.6486908,0.7166319,0.25620052,0.76104933,-0.6116837,-0.21597907,,0.06473382,0.03281008,0.029001594,0.63192767,0.050835818,0.7733583,0.18422468,-0.9790993,-0.08617392,0.7528138,0.19692746,-0.628085,,0.08361053,1.290016,0.42695314,0.9934999,0.08791016,-0.07231707,0.015909337,-0.73628724,-0.6764821,-0.11271578,0.6709343,-0.7328999,,-0.094707824,0.25376257,-0.108809456,-0.03886174,-0.22705337,0.9731066,0.992699,0.10251041,0.06356276,-0.1141857,0.9684722,0.22141194,,-0.05050104,0.43559498,-0.33819076,-0.7417997,-0.098858856,-0.66329485,0.61185324,-0.50466853,-0.6090528,-0.27453378,-0.8576343,0.4348501,,1.1858488010357962,0.4407827015292381,0.20762417672000003,2.4403715622728948,-0.16614998371477557,-1.21098986032232,0.5320116233993475,,-1.258975358621828,0.26847308563954086,0.18408873548000002,-1.7641214945353034,-0.2918555634989808,0.7047826421988693,-0.1488064442483284,,-0.06645122960811911,-0.038497599975864924,0.0911007994,-0.0984527949168055,,-1.8700957e-05,-3.0994415e-06,2.9802322e-06,1.0,2.1643937e-05,1.9803643e-05,-2.1629035e-05,1.0,3.3676624e-06,-1.9803643e-05,-3.33786e-06,1.0,40,0.12,0,0,0.0,False,0.7074258022838311,0.014290922245577597
0.12157629011198878,19:08:28.776039,19:07:09.243043,0,,0.11629923,0.02789858,0.02865927,0.0016844291,0.33306825,-0.9429012,0.6490757,0.71692353,0.25440392,0.76072174,-0.612443,-0.21497895,,0.064435944,0.032916654,0.029441118,0.62760407,0.056368805,0.7764894,0.17826264,-0.9812827,-0.07284656,0.75784934,0.184138,-0.6259054,,0.08361053,1.290016,0.42695314,0.9934999,0.08791016,-0.07231707,0.015909337,-0.73628724,-0.6764821,-0.11271578,0.6709343,-0.7328999,,-0.09454277,0.25387013,-0.10875672,-0.038555082,-0.22495635,0.97360575,0.9927649,0.10225636,0.06294062,-0.11371627,0.9689883,0.21938625,,-0.05027617,0.4360249,-0.33843127,-0.7384487,-0.10229338,-0.6665055,0.6121433,-0.51622933,-0.59898907,-0.2827971,-0.85031956,0.4438271,,1.1866983016519608,0.4407286423991185,0.20768121348000002,2.441000632103348,-0.16574007421547926,-1.2114874715136903,0.5323383115316163,,-1.2583961536562611,0.2704423825224681,0.18371021880000002,-1.7637021146483343,-0.3008735724834999,0.6940852222717688,-0.14864310018219418,,-0.06645122960811911,-0.038497599975864924,0.0911007994,-0.0984527949168055,,-1.8700957e-05,-3.0994415e-06,2.9802322e-06,1.0,2.1643937e-05,1.9803643e-05,-2.1629035e-05,1.0,3.3676624e-06,-1.9803643e-05,-3.33786e-06,1.0,48,0.145,0,0,0.0,False,0.7077832685949574,0.014387482647136629
0.16541682998649776,19:08:28.798285,19:07:09.243043,0,,0.11615327,0.028018013,0.02866526,0.0022138683,0.33300754,-0.9429215,0.6484236,0.7173494,0.25486565,0.76127625,-0.61197704,-0.21434191,,0.06404601,0.032945115,0.029882908,0.62329257,0.063306265,0.7794221,0.17625594,-0.9824429,-0.061153322,0.7618662,0.17549425,-0.62350744,,0.08361053,1.290016,0.42695314,0.9934999,0.08791016,-0.07231707,0.015909337,-0.73628724,-0.6764821,-0.11271578,0.6709343,-0.7328999,,-0.09439112,0.25396526,-0.10869714,-0.03917677,-0.22491693,0.97359,0.9926505,0.10288665,0.06371243,-0.11449942,0.9689307,0.21923314,,-0.049962167,0.43641514,-0.33874297,-0.73487693,-0.10776478,-0.669584,0.61428225,-0.52418643,-0.58981854,-0.28742516,-0.84475756,0.4514105,,1.1876481977954905,0.4406128014060052,0.20775769459,2.4407909421598637,-0.16614998371477557,-1.2109081815821794,0.5325016555977502,,-1.2574076438483603,0.272226333816414,0.18325262843,-1.766428083913633,-0.307432124472241,0.6857929320457232,-0.14815306798379124,,-0.06645122960811911,-0.038497599975864924,0.0911007994,-0.0984527949168055,,-1.8700957e-05,-3.0994415e-06,2.9802322e-06,1.0,2.1643937e-05,1.9803643e-05,-2.1629035e-05,1.0,3.3676624e-06,-1.9803643e-05,-3.33786e-06,1.0,59,0.177,0,0,0.0,False,0.7082003126246046,0.014725444052592795
0.18764367001131177,19:08:28.828055,19:07:09.243043,0,,0.11601703,0.028102301,0.02866225,0.0014180178,0.33229607,-0.94317394,0.64827365,0.71783435,0.2538798,0.76140577,-0.6117952,-0.21440099,,0.06366694,0.03296532,0.030264497,0.6192627,0.07139469,0.78193134,0.17673807,-0.98297596,-0.050219297,0.7650342,0.169296,-0.62133837,,0.08361053,1.290016,0.42695314,0.9934999,0.08791016,-0.07231707,0.015909337,-0.73628724,-0.6764821,-0.11271578,0.6709343,-0.7328999,,-0.09425035,0.2540283,-0.1086537,-0.03840876,-0.22419901,0.9737862,0.9926473,0.10338278,0.06295496,-0.11478717,0.96904427,0.21857975,,-0.04964932,0.436754,-0.3390205,-0.73140305,-0.11475551,-0.67222077,0.61739975,-0.5300378,-0.5812723,-0.2895982,-0.84017324,0.45852128,,1.1884050256171645,0.4404274558170238,0.20781473135000003,2.4395328024989564,-0.16601334721501013,-1.2108562420055948,0.5325016555977502,,-1.256395965841837,0.27382493952137843,0.18283781563,-1.7708315727268082,-0.31194112896450055,0.6785247716888697,-0.14913313238059694,,-0.06645122960811911,-0.038497599975864924,0.0911007994,-0.0984527949168055,,-1.8700957e-05,-3.0994415e-06,2.9802322e-06,1.0,2.1643937e-05,1.9803643e-05,-2.1629035e-05,1.0,3.3676624e-06,-1.9803643e-05,-3.33786e-06,1.0,67,0.202,0,0,0.0,False,0.7089152452468572,0.014435762847916145
0.21743454411625862,19:08:28.854531,19:07:09.243043,0,,0.11593057,0.028142646,0.028659955,0.0012725731,0.33202073,-0.9432711,0.6481595,0.7180316,0.25361338,0.7615032,-0.6117132,-0.21428874,,0.06338152,0.0329551,0.030608952,0.6154498,0.07668907,0.78443635,0.17471772,-0.98376864,-0.040902883,0.76856697,0.16222864,-0.61885905,,0.08361053,1.290016,0.42695314,0.9934999,0.08791016,-0.07231707,0.015909337,-0.73628724,-0.6764821,-0.11271578,0.6709343,-0.7328999,,-0.09416178,0.25405836,-0.10863471,-0.03828117,-0.22392175,0.973855,0.99263316,0.103589654,0.06283803,-0.11495211,0.9690863,0.21830662,,-0.04942342,0.43703485,-0.33928567,-0.7282455,-0.1188535,-0.6749314,0.61911476,-0.5363994,-0.5735614,-0.29386303,-0.8355534,0.46421438,,1.188868389589618,0.4402652784266651,0.20784454602000002,2.439113422611987,-0.16601334721501013,-1.2106928845253135,0.5338084081268246,,-1.255639138020163,0.27502196311688326,0.18247485443000003,-1.7729284721616532,-0.31781649845441445,0.6717990391879967,-0.14766303578538842,,-0.06645122960811911,-0.038497599975864924,0.0911007994,-0.0984527949168055,,-1.8700957e-05,-3.0994415e-06,2.9802322e-06,1.0,2.1643937e-05,1.9803643e-05,-2.1629035e-05,1.0,3.3676624e-06,-1.9803643e-05,-3.33786e-06,1.0,75,0.226,0,0,0.0,False,0.7102855327728408,0.014387482647136629
0.2438436180818826,19:08:28.881209,19:07:09.243043,0,,0.11583479,0.028170735,0.028642103,0.0015339712,0.33150396,-0.94345254,0.64822435,0.71806186,0.2533617,0.76144755,-0.6119578,-0.21378754,,0.06293584,0.033006985,0.031265557,0.60275877,0.09171606,0.79263484,0.17187619,-0.9849764,-0.016731232,0.7791921,0.14631999,-0.609467,,0.08361053,1.290016,0.42695314,0.9934999,0.08791016,-0.07231707,0.015909337,-0.73628724,-0.6764821,-0.11271578,0.6709343,-0.7328999,,-0.094063155,0.25406912,-0.108613804,-0.038531143,-0.22338206,0.9739691,0.99263674,0.10345799,0.06299798,-0.114837505,0.9692249,0.21775089,,-0.049088642,0.43760645,-0.33972567,-0.71748555,-0.13113628,-0.6841182,0.6265401,-0.5506814,-0.551541,-0.30440414,-0.8243502,0.47726813,,1.1893085853634486,0.44000270550894144,0.20787824956000003,2.439113422611987,-0.1658767107152447,-1.21080430242901,0.5341350962590932,,-1.2545656781506458,0.2773156147805279,0.18186819071000002,-1.7819451397314878,-0.3333930594276747,0.6552596912390674,-0.14766303578538842,,-0.06645122960811911,-0.038497599975864924,0.0911007994,-0.0984527949168055,,-1.8700957e-05,-3.0994415e-06,2.9802322e-06,1.0,2.1643937e-05,1.9803643e-05,-2.1629035e-05,1.0,3.3676624e-06,-1.9803643e-05,-3.33786e-06,1.0,86,0.259,0,0,0.0,False,0.7109408876765722,0.014822004454151827
0.27059854194521904,19:08:28.909693,19:07:09.243043,0,,0.11577824,0.028159864,0.028612569,0.0010141842,0.33080134,-0.94369984,0.64821947,0.71836615,0.25251025,0.76145256,-0.611981,-0.2137034,,0.062469043,0.033162016,0.0319857,0.58785284,0.10584952,0.80201304,0.16747041,-0.9858496,0.0073611736,0.79144335,0.12998623,-0.5972612,,0.08361053,1.290016,0.42695314,0.9934999,0.08791016,-0.07231707,0.015909337,-0.73628724,-0.6764821,-0.11271578,0.6709343,-0.7328999,,-0.094004676,0.25404242,-0.10860622,-0.038015798,-0.22266334,0.97415394,0.99264884,0.103682086,0.06243627,-0.11490458,0.9693663,0.21708494,,-0.048741516,0.43829566,-0.34013197,-0.7048294,-0.142463,-0.69492435,0.63438743,-0.56496066,-0.5276098,-0.31744003,-0.81272614,0.48857757,,1.1894398718223105,0.4397169643925951,0.20789510133000003,2.4384843527815336,-0.16601334721501013,-1.211182956966157,0.5360952250527045,,-1.253538554678374,0.28025025327273323,0.18126800844000002,-1.7918005670752608,-0.3518389868960091,0.6402433318663574,-0.14929647644673127,,-0.06645122960811911,-0.038497599975864924,0.0911007994,-0.0984527949168055,,-1.8700957e-05,-3.0994415e-06,2.9802322e-06,1.0,2.1643937e-05,1.9803643e-05,-2.1629035e-05,1.0,3.3676624e-06,-1.9803643e-05,-3.33786e-06,1.0,94,0.284,0,0,0.0,False,0.7113579317062193,0.014097801442459978
0.29909097612835467,19:08:28.938714,19:07:09.243043,0,,0.11575079,0.028124072,0.02857913,-0.00023969635,0.32968357,-0.9440914,0.6484822,0.7187216,0.2508182,0.76122946,-0.61216664,-0.21396631,,0.06187013,0.03345089,0.032889843,0.56904817,0.120825425,0.813379,0.16360919,-0.9860059,0.032006085,0.80586356,0.114863396,-0.5808529,,0.08361053,1.290016,0.42695314,0.9934999,0.08791016,-0.07231707,0.015909337,-0.73628724,-0.6764821,-0.11271578,0.6709343,-0.7328999,,-0.093976244,0.2539941,-0.108609304,-0.03673205,-0.22151285,0.97446537,0.9927197,0.10384324,0.061025508,-0.11470958,0.9696126,0.2160858,,-0.048291374,0.43922445,-0.34057274,-0.6886665,-0.15480393,-0.7083602,0.64463586,-0.57795924,-0.5004075,-0.33193827,-0.8012483,0.49781337,,1.1893780899593167,0.4394543914748715,0.20789769391000001,2.437226213120627,-0.1658767107152447,-1.2120294835311185,0.5356051928543015,,-1.2523878674801145,0.28442052902481446,0.18055893781000001,-1.8058497932887239,-0.3731542808594179,0.6281384996522562,-0.15011319677740265,,-0.06645122960811911,-0.038497599975864924,0.0911007994,-0.0984527949168055,,-1.8700957e-05,-3.0994415e-06,2.9802322e-06,1.0,2.1643937e-05,1.9803643e-05,-2.1629035e-05,1.0,3.3676624e-06,-1.9803643e-05,-3.33786e-06,1.0,102,0.308,0,0,0.0,False,0.711298353987698,0.014580603450254692
0.32811179803684354,19:08:28.967578,19:07:09.243043,0,,0.11574791,0.028095,0.028552935,-0.00029382482,0.32945812,-0.94417006,0.64853,0.71875477,0.2506,0.76118886,-0.6122492,-0.21387474,,0.06149641,0.033698548,0.033447206,0.5544977,0.12614438,0.8225691,0.1593416,-0.9862499,0.04383257,0.8167879,0.106764525,-0.56697327,,0.08361053,1.290016,0.42695314,0.9934999,0.08791016,-0.07231707,0.015909337,-0.73628724,-0.6764821,-0.11271578,0.6709343,-0.7328999,,-0.093972534,0.25395504,-0.10861028,-0.036671273,-0.22127862,0.9745209,0.9927284,0.10381678,0.060929473,-0.11465401,0.9696689,0.21586248,,-0.048008222,0.43984342,-0.34079266,-0.67614466,-0.1587503,-0.7194628,0.6515482,-0.584729,-0.48329794,-0.3439671,-0.795544,0.49879485,,1.1892468035004549,0.4392922140845128,0.20789899020000002,2.437226213120627,-0.16601334721501013,-1.2122447805879841,0.5359318809865703,,-1.251546089596824,0.2872779401882775,0.18017264339000003,-1.8157052206324964,-0.3902338433300979,0.6254849533657747,-0.14798972391765705,,-0.06645122960811911,-0.038497599975864924,0.0911007994,-0.0984527949168055,,-1.8700957e-05,-3.0994415e-06,2.9802322e-06,1.0,2.1643937e-05,1.9803643e-05,-2.1629035e-05,1.0,3.3676624e-06,-1.9803643e-05,-3.33786e-06,1.0,114,0.344,0,0,0.0,False,0.7111791985506564,0.014918564855710414
0.356955184135586,19:08:29.001635,19:07:09.243043,0,,0.115763545,0.02802533,0.028507963,-0.00045947637,0.32995242,-0.9439974,0.64834154,0.7188103,0.25092793,0.76134926,-0.6119176,-0.21425222,,0.060734104,0.034297813,0.03464842,0.50840783,0.1391322,0.8498022,0.13977492,-0.98710716,0.07798961,0.84969664,0.07913062,-0.5213001,,0.08361053,1.290016,0.42695314,0.9934999,0.08791016,-0.07231707,0.015909337,-0.73628724,-0.6764821,-0.11271578,0.6709343,-0.7328999,,-0.09398779,0.25387302,-0.10862291,-0.036534533,-0.2217995,0.9744076,0.992703,0.10407104,0.060909666,-0.114917345,0.96952266,0.21637882,,-0.047439408,0.4412158,-0.34121233,-0.6363118,-0.16712359,-0.75311154,0.66819483,-0.6072763,-0.4298036,-0.3855165,-0.7767143,0.4980882,,1.188868389589618,0.4390064729681665,0.20788861988000001,2.437226213120627,-0.16669652971383736,-1.2117693698096428,0.5360952250527045,,-1.2490979832756948,0.2933093945630469,0.17947783195000003,-1.8414970836810929,-0.447347900232052,0.6156993064138908,-0.14864310018219407,,-0.06645122960811911,-0.038497599975864924,0.0911007994,-0.0984527949168055,,-1.8700957e-05,-3.0994415e-06,2.9802322e-06,1.0,2.1643937e-05,1.9803643e-05,-2.1629035e-05,1.0,3.3676624e-06,-1.9803643e-05,-3.33786e-06,1.0,129,0.39,0,0,0.0,False,0.7108813099580513,0.014242642044798082
0.3909937939606607,19:08:29.040671,19:07:09.243043,0,,0.11578724,0.027963296,0.028488472,-0.00040771067,0.329299,-0.94422555,0.6485698,0.71878916,0.25039792,0.7611547,-0.6122945,-0.21386656,,0.059840824,0.03493904,0.03588718,0.43507385,0.16164067,0.8857669,0.109491795,-0.9859512,0.12614246,0.89371264,0.042103052,-0.4466598,,0.08361053,1.290016,0.42695314,0.9934999,0.08791016,-0.07231707,0.015909337,-0.73628724,-0.6764821,-0.11271578,0.6709343,-0.7328999,,-0.09401316,0.2538137,-0.108647965,-0.03655229,-0.22111394,0.97456276,0.99273723,0.10381504,0.060788054,-0.11461536,0.9697067,0.21571335,,-0.046746682,0.44265825,-0.34164038,-0.5715727,-0.1833414,-0.7998066,0.6890345,-0.63653046,-0.34649742,-0.44557393,-0.7491428,0.49015197,,1.1885594802746489,0.438852018310682,0.20786269408000002,2.437435903064111,-0.16669652971383736,-1.2125861572110483,0.5360952250527047,,-1.244974043920859,0.29907827602009257,0.17889320516,-1.8834350723779978,-0.5341120775831066,0.6031373603177449,-0.147989723917657,,-0.06645122960811911,-0.038497599975864924,0.0911007994,-0.0984527949168055,,-1.8700957e-05,-3.0994415e-06,2.9802322e-06,1.0,2.1643937e-05,1.9803643e-05,-2.1629035e-05,1.0,3.3676624e-06,-1.9803643e-05,-3.33786e-06,1.0,141,0.427,0,0,0.0,False,0.7112387762691776,0.014290922245577597
0.43004723894409835,19:08:29.078818,19:07:09.243043,0,,0.1158047,0.027890965,0.028504655,-0.0011440841,0.32887828,-0.9443715,0.6487274,0.7189306,0.24958234,0.76101977,-0.61235446,-0.21417496,,0.058564965,0.03540479,0.037000895,0.3521481,0.1954979,0.91529906,0.08833167,-0.9805187,0.17544377,0.9317666,0.019067854,-0.3625564,,0.08361053,1.290016,0.42695314,0.9934999,0.08791016,-0.07231707,0.015909337,-0.73628724,-0.6764821,-0.11271578,0.6709343,-0.7328999,,-0.094036594,0.25377122,-0.108706675,-0.035797782,-0.22068141,0.97468877,0.99277854,0.103888035,0.05998369,-0.114495784,0.9697974,0.2153688,,-0.04565932,0.44393405,-0.34216487,-0.4962494,-0.21294063,-0.84166074,0.7125103,-0.6538066,-0.2546879,-0.49605,-0.72608066,0.47617355,,1.1883277982884222,0.43873617731756864,0.20780306474000002,2.4368068332336574,-0.16669652971383736,-1.212994550911751,0.5362585691188386,,-1.238849916751599,0.3038663704021118,0.17823987500000002,-1.945503295649417,-0.6190999804372107,0.6007253625735055,-0.14831641204992557,,-0.06645122960811911,-0.038497599975864924,0.0911007994,-0.0984527949168055,,-1.8700957e-05,-3.0994415e-06,2.9802322e-06,1.0,2.1643937e-05,1.9803643e-05,-2.1629035e-05,1.0,3.3676624e-06,-1.9803643e-05,-3.33786e-06,1.0,149,0.452,0,0,0.0,False,0.710523843646925,0.015063405458049406
0.4682159470394254,19:08:29.109202,19:07:09.612590,0,,NaN,NaN,NaN,NaN,NaN,NaN,NaN,NaN,NaN,NaN,NaN,NaN,,NaN,NaN,NaN,NaN,NaN,NaN,NaN,NaN,NaN,NaN,NaN,NaN,,NaN,NaN,NaN,NaN,NaN,NaN,NaN,NaN,NaN,NaN,NaN,NaN,,-0.0940716,0.2537422,-0.10878176,-0.03568039,-0.22041696,0.9747529,0.9927844,0.103916176,0.05983857,-0.11448204,0.96985453,0.21511875,,-0.044550765,0.44468284,-0.34255683,-0.44326356,-0.24231668,-0.863018,0.7324131,-0.65298086,-0.19283943,-0.516806,-0.71756434,0.46691853,,1.1881038390350698,0.43868984092032326,0.20772528734,2.4368068332336574,-0.16683316621360278,-1.2133732054488982,0.5356051928543017,,-1.2331891535547923,0.30674694976419753,0.17769802578000002,-2.003377720051146,-0.6661029363565222,0.6093220600339097,-0.14831641204992557,,-0.06645122960811911,-0.038497599975864924,0.0911007994,-0.0984527949168055,,NaN,NaN,NaN,NaN,NaN,NaN,NaN,NaN,NaN,NaN,NaN,NaN,161,0.488,0,0,0.0,False,0.7105834213654458,0.01419436184401901
0.4985460271127522,19:08:29.141738,19:07:09.612590,0,,0.115857854,0.027754284,0.028562889,-0.0013782913,0.32846957,-0.9445135,0.64868075,0.71912587,0.24914084,0.7610591,-0.61234456,-0.21406315,,0.055862773,0.035764474,0.038133323,0.24432138,0.25429398,0.9357573,0.09472808,-0.9666458,0.237955,0.96505624,0.03050518,-0.26026097,,0.08361053,1.290016,0.42695314,0.9934999,0.08791016,-0.07231707,0.015909337,-0.73628724,-0.6764821,-0.11271578,0.6709343,-0.7328999,,-0.094103634,0.25370923,-0.10883537,-0.035572052,-0.2202646,0.97479135,0.9927766,0.10404762,0.05973905,-0.11458311,0.96987504,0.21497235,,-0.04316935,0.4453107,-0.34295124,-0.39510992,-0.27256283,-0.8772672,0.7533508,-0.6426222,-0.13963984,-0.52569073,-0.716063,0.45924184,,1.1878644343159688,0.4386280590573295,0.20766954687000003,2.4368068332336574,-0.16710643921313365,-1.2136404420823488,0.5359318809865703,,-1.2264935441528397,0.3095039654002957,0.17707969545000002,-2.0673331528139256,-0.6995788787990551,0.6272263913233684,-0.1496231645789998,,-0.06645122960811911,-0.038497599975864924,0.0911007994,-0.0984527949168055,,-1.8700957e-05,-3.0994415e-06,2.9802322e-06,1.0,2.1643937e-05,1.9803643e-05,-2.1629035e-05,1.0,3.3676624e-06,-1.9803643e-05,-3.33786e-06,1.0,172,0.521,0,0,0.0,False,0.7107621545210088,0.014725444052592795
0.5311342030763626,19:08:29.177398,19:07:09.612590,0,,0.11588411,0.02769535,0.028568193,-0.0015105568,0.32849276,-0.9445052,0.6488369,0.7190221,0.2490335,0.7609257,-0.612454,-0.21422444,,0.05426781,0.035892177,0.0386222,0.19439593,0.28355715,0.9390451,0.10426885,-0.95785713,0.2676525,0.9753656,0.045882672,-0.21576968,,0.08361053,1.290016,0.42695314,0.9934999,0.08791016,-0.07231707,0.015909337,-0.73628724,-0.6764821,-0.11271578,0.6709343,-0.7328999,,-0.09413385,0.25366896,-0.10887604,-0.03541767,-0.22028293,0.97479284,0.9928037,0.1038967,0.059550565,-0.11439573,0.9698871,0.21501793,,-0.041672166,0.44593403,-0.3433625,-0.3473437,-0.30376676,-0.88717425,0.772802,-0.62860996,-0.08733023,-0.5311585,-0.71594363,0.4530953,,1.1876095841311194,0.4385508317285872,0.2076267693,2.4368068332336574,-0.16710643921313365,-1.2137221208224893,0.536421913184973,,-1.2195353618331635,0.312369099296633,0.17641599497000002,-2.1350630045594268,-0.7282725437497977,0.6485821825961028,-0.14766303578538842,,-0.06645122960811911,-0.038497599975864924,0.0911007994,-0.0984527949168055,,-1.8700957e-05,-3.0994415e-06,2.9802322e-06,1.0,2.1643937e-05,1.9803643e-05,-2.1629035e-05,1.0,3.3676624e-06,-1.9803643e-05,-3.33786e-06,1.0,180,0.546,0,0,0.0,False,0.7104642659284042,0.01520824606038751
0.5667919649276882,19:08:29.192043,19:07:09.612590,0,,0.11589879,0.027650729,0.02856724,-0.002017552,0.3284051,-0.9445348,0.6489597,0.71905386,0.2486215,0.7608198,-0.6124637,-0.21457249,,0.052667122,0.036034722,0.039146364,0.15139124,0.30750996,0.9394245,0.10461101,-0.95002574,0.29412174,0.9829228,0.05374679,-0.17599447,,0.08361053,1.290016,0.42695314,0.9934999,0.08791016,-0.07231707,0.015909337,-0.73628724,-0.6764821,-0.11271578,0.6709343,-0.7328999,,-0.094151065,0.25363526,-0.10890386,-0.034896005,-0.22019295,0.97483194,0.99283385,0.103915475,0.059012625,-0.11429429,0.9699055,0.21498878,,-0.040174756,0.44659397,-0.34378618,-0.3061217,-0.32853532,-0.8935066,0.7833799,-0.62023294,-0.040336747,-0.54093015,-0.71230304,0.44723472,,1.1874242385421379,0.43846588166697076,0.20759825092000003,2.4363874533466885,-0.16710643921313365,-1.2138037995626298,0.5362585691188388,,-1.2125617340477388,0.3157284880969206,0.1757509982,-2.191469599356764,-0.7572394817000709,0.6668936600706076,-0.14847975611605982,,-0.06645122960811911,-0.038497599975864924,0.0911007994,-0.0984527949168055,,-1.8700957e-05,-3.0994415e-06,2.9802322e-06,1.0,2.1643937e-05,1.9803643e-05,-2.1629035e-05,1.0,3.3676624e-06,-1.9803643e-05,-3.33786e-06,1.0,192,0.583,0,0,0.0,False,0.7101067996172779,0.014387482647136629
0.5814063409343362,19:08:29.239815,19:07:09.612590,0,,0.11589885,0.027623072,0.028565869,-0.0020520305,0.32832128,-0.9445638,0.64904284,0.7190164,0.24851313,0.76074886,-0.6125527,-0.2145701,,0.050947133,0.036305327,0.039678693,0.10701167,0.33441913,0.9363292,0.10507837,-0.9402668,0.32381624,0.9886894,0.0637359,-0.13575971,,0.08361053,1.290016,0.42695314,0.9934999,0.08791016,-0.07231707,0.015909337,-0.73628724,-0.6764821,-0.11271578,0.6709343,-0.7328999,,-0.09415269,0.253614,-0.10892155,-0.03484951,-0.22010306,0.97485393,0.99284744,0.10382949,0.058935434,-0.11419045,0.9699351,0.21491036,,-0.03855874,0.44735757,-0.34413317,-0.2632521,-0.35653055,-0.89642864,0.7928599,-0.60932976,0.009507305,-0.54961026,-0.70823956,0.44308612,,1.1873470112133957,0.4383809316053543,0.20758139915,2.4363874533466885,-0.16710643921313365,-1.2138854783027704,0.5357685369204359,,-1.2054259288719553,0.3199064865818761,0.17511970497,-2.2535378226281835,-0.7841568721538626,0.6872094122959914,-0.14847975611605985,,-0.06645122960811911,-0.038497599975864924,0.0911007994,-0.0984527949168055,,-1.8700957e-05,-3.0994415e-06,2.9802322e-06,1.0,2.1643937e-05,1.9803643e-05,-2.1629035e-05,1.0,3.3676624e-06,-1.9803643e-05,-3.33786e-06,1.0,200,0.606,0,0,0.0,False,0.7109408876765722,0.01448404304869566
0.629173442022875,19:08:29.265665,19:07:09.612590,0,,0.11588599,0.027607717,0.028565332,-0.0020363377,0.3285203,-0.9444947,0.6489894,0.7190037,0.24868932,0.7607945,-0.61246085,-0.21467042,,0.049100075,0.036702145,0.040246665,0.06319572,0.35784358,0.9316406,0.09992826,-0.93108416,0.35085142,0.9929856,0.07092506,-0.0945992,,0.08361053,1.290016,0.42695314,0.9934999,0.08791016,-0.07231707,0.015909337,-0.73628724,-0.6764821,-0.11271578,0.6709343,-0.7328999,,-0.094140805,0.25360268,-0.108933054,-0.034872975,-0.22031073,0.9748062,0.99283886,0.103877835,0.058994956,-0.11425798,0.9698828,0.21511053,,-0.036820907,0.4482449,-0.34442353,-0.22079855,-0.3806455,-0.89797384,0.7974805,-0.6005056,0.05846187,-0.56149155,-0.7032084,0.43614817,,1.18735473394627,0.4382882588108636,0.20757232512,2.4363874533466885,-0.1672430757128991,-1.2136107029187926,0.5357685369204359,,-1.197911709785335,0.325096163073355,0.17452470786000002,-2.3156060458996026,-0.8127139006048397,0.7118026140107924,-0.1481530679837913,,-0.06645122960811911,-0.038497599975864924,0.0911007994,-0.0984527949168055,,-1.8700957e-05,-3.0994415e-06,2.9802322e-06,1.0,2.1643937e-05,1.9803643e-05,-2.1629035e-05,1.0,3.3676624e-06,-1.9803643e-05,-3.33786e-06,1.0,219,0.665,0,0,0.0,False,0.7109408876765722,0.014725444052592795
0.6550289809238166,19:08:29.313545,19:07:09.612590,0,,0.11587995,0.027603775,0.02856411,-0.0020255418,0.3284433,-0.9445215,0.6489045,0.71909,0.24866123,0.7608669,-0.6124008,-0.21458496,,0.046111528,0.037479777,0.041086137,0.0027933046,0.3879919,0.9216586,0.07922965,-0.91885066,0.38656974,0.9968524,0.071942955,-0.033307135,,0.08361053,1.290016,0.42695314,0.9934999,0.08791016,-0.07231707,0.015909337,-0.73628724,-0.6764821,-0.11271578,0.6709343,-0.7328999,,-0.09413493,0.2535991,-0.108935535,-0.034896206,-0.220235,0.97482246,0.9928255,0.10398372,0.059033006,-0.1143668,0.9698886,0.21502629,,-0.033993892,0.44971076,-0.3447398,-0.1621779,-0.4103471,-0.89739263,0.79335517,-0.59499973,0.128697,-0.58675885,-0.69107926,0.4220468,,1.187362456679144,0.43824964514649245,0.20757102883000003,2.4363874533466885,-0.16737971221266457,-1.2136626424953776,0.5357685369204359,,-1.185539891720827,0.3344329471182924,0.17375989676,-2.4032564422761338,-0.8598534930239167,0.7514669718881662,-0.147989723917657,,-0.06645122960811911,-0.038497599975864924,0.0911007994,-0.0984527949168055,,-1.8700957e-05,-3.0994415e-06,2.9802322e-06,1.0,2.1643937e-05,1.9803643e-05,-2.1629035e-05,1.0,3.3676624e-06,-1.9803643e-05,-3.33786e-06,1.0,227,0.689,0,0,0.0,False,0.7109408876765722,0.014387482647136629
0.7029422780033201,19:08:29.341807,19:07:09.823362,0,,0.11587998,0.027602933,0.028565094,-0.0020255418,0.3284433,-0.9445215,0.6489045,0.71909,0.24866123,0.7608669,-0.6124008,-0.21458496,,0.04422669,0.037980366,0.04147774,-0.024979241,0.39627346,0.9177927,0.056093603,-0.91607714,0.39705944,0.9981129,0.061400652,0.0006544888,,0.08361053,1.290016,0.42695314,0.9934999,0.08791016,-0.07231707,0.015909337,-0.73628724,-0.6764821,-0.11271578,0.6709343,-0.7328999,,-0.09413511,0.25359917,-0.10893682,-0.034896206,-0.220235,0.97482246,0.9928255,0.10398372,0.059033006,-0.1143668,0.9698886,0.21502629,,-0.03218854,0.45053944,-0.34484228,-0.13537666,-0.41677055,-0.8988746,0.7820942,-0.6019233,0.16129793,-0.60827774,-0.6811686,0.4074402,,1.187362456679144,0.43824964514649245,0.20756973254000002,2.4363874533466885,-0.16737971221266457,-1.2136626424953776,0.5359318809865703,,-1.1769058763674443,0.3404180650958164,0.17344878716,-2.443936291312131,-0.8929195259671534,0.778103389622138,-0.14864310018219412,,-0.06645122960811911,-0.038497599975864924,0.0911007994,-0.0984527949168055,,-1.8700957e-05,-3.0994415e-06,2.9802322e-06,1.0,2.1643937e-05,1.9803643e-05,-2.1629035e-05,1.0,3.3676624e-06,-1.9803643e-05,-3.33786e-06,1.0,239,0.726,0,0,0.0,False,0.7109408876765722,0.015449647064285088
0.7311396219301969,19:08:29.378792,19:07:09.823362,0,,0.11588335,0.027597688,0.028562501,-0.002042165,0.3285612,-0.9444804,0.64882636,0.7191253,0.24876286,0.76093346,-0.6122961,-0.21464786,,0.04224328,0.038485635,0.041723073,-0.04851734,0.40349233,0.9136958,0.030427396,-0.9137515,0.40513262,0.9983587,0.047457427,0.032055557,,0.08361053,1.290016,0.42695314,0.9934999,0.08791016,-0.07231707,0.015909337,-0.73628724,-0.6764821,-0.11271578,0.6709343,-0.7328999,,-0.094138525,0.25359347,-0.10893809,-0.034891207,-0.22036049,0.97479427,0.99281377,0.10407798,0.059063897,-0.11446997,0.96985,0.21514553,,-0.030262232,0.45127326,-0.34485805,-0.112633854,-0.42160454,-0.8997573,0.7679444,-0.6115547,0.19042657,-0.6305355,-0.66951513,0.3926506,,1.187323843014773,0.438234199680744,0.20756843625000002,2.4363874533466885,-0.16751634871242999,-1.213551224591681,0.5360952250527045,,-1.1672447375417894,0.34638773760759195,0.17326082511000002,-2.4818901710828305,-0.9263954684096862,0.8048290248467772,-0.14815306798379127,,-0.06645122960811911,-0.038497599975864924,0.0911007994,-0.0984527949168055,,-1.8700957e-05,-3.0994415e-06,2.9802322e-06,1.0,2.1643937e-05,1.9803643e-05,-2.1629035e-05,1.0,3.3676624e-06,-1.9803643e-05,-3.33786e-06,1.0,247,0.75,0,0,0.0,False,0.7103451104913616,0.015353086662726056
0.7681888749357313,19:08:29.412304,19:07:09.823362,0,,0.11588545,0.027597114,0.028563663,-0.0020470852,0.328416,-0.94453084,0.6488253,0.71916544,0.2486496,0.76093435,-0.6123268,-0.21455689,,0.040185854,0.038992215,0.041834593,-0.07239995,0.41522843,0.9068316,0.008318961,-0.9089347,0.41685563,0.9973409,0.037724376,0.062352538,,0.08361053,1.290016,0.42695314,0.9934999,0.08791016,-0.07231707,0.015909337,-0.73628724,-0.6764821,-0.11271578,0.6709343,-0.7328999,,-0.09414076,0.25359377,-0.108939074,-0.034886483,-0.22021075,0.97482824,0.9928137,0.10409003,0.059043754,-0.11447197,0.9698827,0.21499692,,-0.028241284,0.45191658,-0.34479487,-0.08928576,-0.43153197,-0.8976682,0.7552385,-0.6169092,0.22144488,-0.64934033,-0.6581817,0.38099077,,1.1873161202818987,0.43824192241361826,0.20756713996,2.4363874533466885,-0.16751634871242999,-1.2137145820719621,0.5360952250527045,,-1.157189739339549,0.35213345086601494,0.17316360336000003,-2.526763818988518,-0.9560455888587869,0.8326005745150855,-0.14815306798379127,,-0.06645122960811911,-0.038497599975864924,0.0911007994,-0.0984527949168055,,-1.8700957e-05,-3.0994415e-06,2.9802322e-06,1.0,2.1643937e-05,1.9803643e-05,-2.1629035e-05,1.0,3.3676624e-06,-1.9803643e-05,-3.33786e-06,1.0,262,0.796,0,0,0.0,False,0.7107621545210088,0.014870284654931343
0.8016586219891906,19:08:29.446505,19:07:09.823362,0,,0.11588749,0.027598202,0.028562829,-0.0020520063,0.3284251,-0.9445277,0.6488242,0.71916497,0.24865384,0.76093537,-0.61232245,-0.21456598,,0.037935674,0.03949674,0.041707754,-0.09782627,0.43146834,0.89680827,0.0007893443,-0.90109664,0.43361765,0.99520314,0.04312718,0.08781031,,0.08361053,1.290016,0.42695314,0.9934999,0.08791016,-0.07231707,0.015909337,-0.73628724,-0.6764821,-0.11271578,0.6709343,-0.7328999,,-0.09414263,0.25359395,-0.108937494,-0.03488176,-0.22022025,0.9748263,0.99281365,0.104092434,0.059040617,-0.11447398,0.9698803,0.21500675,,-0.025991727,0.45240247,-0.34460163,-0.06398162,-0.44829267,-0.8915941,0.75148153,-0.60950977,0.2525339,-0.6566444,-0.65385896,0.3758811,,1.1873083975490246,0.43824964514649245,0.20756843625000002,2.4363874533466885,-0.16751634871242999,-1.2137145820719621,0.5360952250527045,,-1.1463161314526409,0.3577247094669535,0.17313378869,-2.5865254528816077,-0.9713488768325161,0.8668059246064742,-0.1494598205128655,,-0.06645122960811911,-0.038497599975864924,0.0911007994,-0.0984527949168055,,-1.8700957e-05,-3.0994415e-06,2.9802322e-06,1.0,2.1643937e-05,1.9803643e-05,-2.1629035e-05,1.0,3.3676624e-06,-1.9803643e-05,-3.33786e-06,1.0,270,0.82,0,0,0.0,False,0.7097493333061515,0.015063405458049406
0.8359027039259672,19:08:29.474947,19:07:09.823362,0,,0.11588672,0.027598895,0.028561458,-0.0018441491,0.32834882,-0.9445547,0.6489286,0.719057,0.2486937,0.76084685,-0.6124901,-0.21440105,,0.036708668,0.03977083,0.041504562,-0.114744,0.43111238,0.8949727,0.006509453,-0.9005774,0.43464682,0.99337363,0.05569896,0.10052952,,0.08361053,1.290016,0.42695314,0.9934999,0.08791016,-0.07231707,0.015909337,-0.73628724,-0.6764821,-0.11271578,0.6709343,-0.7328999,,-0.094141684,0.25359356,-0.10893613,-0.035072837,-0.22013421,0.97483885,0.99282527,0.10390118,0.0591825,-0.114314996,0.96992034,0.2149107,,-0.024743464,0.45256707,-0.3444101,-0.04689398,-0.44996023,-0.89181656,0.75575364,-0.5997778,0.26287454,-0.6531749,-0.66166633,0.36818504,,1.187323843014773,0.43824192241361826,0.20756973254000002,2.437016523177142,-0.16737971221266457,-1.213744321235518,0.5356051928543015,,-1.1406013091257148,0.3604971705688001,0.17316878852,-2.62972158123942,-0.9699825118348617,0.9029372510736063,-0.14847975611605985,,-0.06645122960811911,-0.038497599975864924,0.0911007994,-0.0984527949168055,,-1.8700957e-05,-3.0994415e-06,2.9802322e-06,1.0,2.1643937e-05,1.9803643e-05,-2.1629035e-05,1.0,3.3676624e-06,-1.9803643e-05,-3.33786e-06,1.0,282,0.857,0,0,0.0,False,0.71022595505432,0.015063405458049406
0.8643419130239636,19:08:29.512903,19:07:09.823362,0,,0.11588462,0.027599059,0.028559968,0.00085781794,0.32867378,-0.94444305,0.6489781,0.71835595,0.2505831,0.7608063,-0.61313814,-0.21268596,,0.036403716,0.039915044,0.04137677,-0.12261665,0.4322043,0.8934006,0.011522114,-0.89951277,0.4367426,0.9923872,0.06384581,0.1053153,,0.08361053,1.290016,0.42695314,0.9934999,0.08791016,-0.07231707,0.015909337,-0.73628724,-0.6764821,-0.11271578,0.6709343,-0.7328999,,-0.094139434,0.25359273,-0.10893517,-0.037748765,-0.22043458,0.974671,0.9927703,0.10293908,0.06173076,-0.11393933,0.9699547,0.21495508,,-0.02441943,0.45260063,-0.3442551,-0.0388798,-0.4523334,-0.89100105,0.75919104,-0.5931366,0.2679888,-0.6497056,-0.66602063,0.3664685,,1.1873392884805214,0.4382264769478698,0.20757102883000003,2.439323112555472,-0.16737971221266457,-1.2139076787157992,0.5356051928543017,,-1.139543294721946,0.36124627565759987,0.17325823253000003,-2.646706466661666,-0.9667032358404912,0.9152104308306152,-0.14602959512404565,,-0.06645122960811911,-0.038497599975864924,0.0911007994,-0.0984527949168055,,-1.8700957e-05,-3.0994415e-06,2.9802322e-06,1.0,2.1643937e-05,1.9803643e-05,-2.1629035e-05,1.0,3.3676624e-06,-1.9803643e-05,-3.33786e-06,1.0,290,0.881,0,0,0.0,False,0.7104046882098829,0.01467716385181328
0.9023001999594271,19:08:29.543132,19:07:10.015985,0,,0.115879044,0.027600966,0.028554961,0.00066165347,0.32830942,-0.94456995,0.6489815,0.71849173,0.2501847,0.7608036,-0.61317426,-0.21259142,,0.036294773,0.040189136,0.04114908,-0.13108733,0.43769753,0.8895151,0.015807927,-0.8962207,0.4433267,0.99124473,0.07217595,0.11056405,,0.08361053,1.290016,0.42695314,0.9934999,0.08791016,-0.07231707,0.015909337,-0.73628724,-0.6764821,-0.11271578,0.6709343,-0.7328999,,-0.09413328,0.25359085,-0.10893087,-0.03755349,-0.22006077,0.97476304,0.99277556,0.10302277,0.06150567,-0.11395777,0.9700307,0.21460208,,-0.02427047,0.452624,-0.34391436,-0.03026293,-0.45904055,-0.88789976,0.762099,-0.58537483,0.27666122,-0.6467529,-0.6682949,0.3675495,,1.18735473394627,0.4382033087492471,0.20757621399,2.439113422611987,-0.16737971221266457,-1.2142343936763615,0.5359318809865701,,-1.1394815128589522,0.36196448981490276,0.17354989778000002,-2.6634816621404283,-0.9635605963458861,0.9219591954216216,-0.147989723917657,,-0.06645122960811911,-0.038497599975864924,0.0911007994,-0.0984527949168055,,-1.8700957e-05,-3.0994415e-06,2.9802322e-06,1.0,2.1643937e-05,1.9803643e-05,-2.1629035e-05,1.0,3.3676624e-06,-1.9803643e-05,-3.33786e-06,1.0,298,0.905,0,0,0.0,False,0.7104046882098829,0.014725444052592795
0.932526821969077,19:08:29.563268,19:07:10.015985,0,,0.11587477,0.027604654,0.028549686,0.0006714929,0.32813686,-0.94462985,0.6489838,0.71853346,0.25005892,0.7608017,-0.61321765,-0.21247312,,0.03624463,0.04040252,0.040957034,-0.13739154,0.4428019,0.88603055,0.019040465,-0.89316744,0.44932112,0.99033374,0.078603506,0.114282414,,0.08361053,1.290016,0.42695314,0.9934999,0.08791016,-0.07231707,0.015909337,-0.73628724,-0.6764821,-0.11271578,0.6709343,-0.7328999,,-0.09412827,0.25359008,-0.10892505,-0.03756293,-0.21988252,0.9748029,0.9927757,0.10302801,0.061495118,-0.1139537,0.97007054,0.21442398,,-0.024186324,0.45262733,-0.34363538,-0.023839388,-0.4650613,-0.88495743,0.7642464,-0.57914275,0.28376245,-0.6444836,-0.66956085,0.36922783,,1.1873701794120184,0.4381878632834987,0.20758269544000002,2.439113422611987,-0.16737971221266457,-1.2143977511566426,0.5359318809865701,,-1.1395664629205686,0.36242785378735626,0.17379619288,-2.6756436788625306,-0.9611011393501082,0.9254261487445037,-0.14782637985152272,,-0.06645122960811911,-0.038497599975864924,0.0911007994,-0.0984527949168055,,-1.8700957e-05,-3.0994415e-06,2.9802322e-06,1.0,2.1643937e-05,1.9803643e-05,-2.1629035e-05,1.0,3.3676624e-06,-1.9803643e-05,-3.33786e-06,1.0,313,0.951,0,0,0.0,False,0.71082173223953,0.013808120237783328
0.9526624910067767,19:08:29.605746,19:07:10.015985,0,,0.11585489,0.027621336,0.028542593,-0.00030135177,0.32769197,-0.94478446,0.64883673,0.7189767,0.24916515,0.7609274,-0.612936,-0.21283534,,0.03587871,0.04096957,0.040546536,-0.14363429,0.44292033,0.8849807,0.025696367,-0.89228266,0.45074543,0.9892971,0.087483436,0.11678089,,0.08361053,1.290016,0.42695314,0.9934999,0.08791016,-0.07231707,0.015909337,-0.73628724,-0.6764821,-0.11271578,0.6709343,-0.7328999,,-0.09410681,0.25359797,-0.108910896,-0.036618598,-0.21944194,0.9749381,0.9927761,0.10355493,0.06059704,-0.11425718,0.97011423,0.21406467,,-0.023749238,0.4527362,-0.3429865,-0.01739701,-0.46659517,-0.8842999,0.76855063,-0.57196784,0.2866753,-0.6395524,-0.67464197,0.36855257,,1.1874705749393832,0.4381569723520018,0.20759954721,2.4380649728945647,-0.16751634871242999,-1.2146130482135085,0.5362585691188388,,-1.1379755799484783,0.36482190097836587,0.17431989404,-2.6924188743412927,-0.9541326778620707,0.9385299458883155,-0.1488064442483284,,-0.06645122960811911,-0.038497599975864924,0.0911007994,-0.0984527949168055,,-1.8700957e-05,-3.0994415e-06,2.9802322e-06,1.0,2.1643937e-05,1.9803643e-05,-2.1629035e-05,1.0,3.3676624e-06,-1.9803643e-05,-3.33786e-06,1.0,321,0.976,0,0,0.0,False,0.7107621545210088,0.014773724253372311
0.9949778099544346,19:08:29.627196,19:07:10.015985,0,,0.11583534,0.02762641,0.028542385,-0.00065991376,0.327313,-0.9449157,0.6488161,0.7191693,0.2486627,0.7609448,-0.61291265,-0.21284059,,0.035544626,0.0412079,0.04040295,-0.14349565,0.4422254,0.8853507,0.026551992,-0.8925666,0.45013317,0.98929465,0.088100076,0.11633739,,0.08361053,1.290016,0.42695314,0.9934999,0.08791016,-0.07231707,0.015909337,-0.73628724,-0.6764821,-0.11271578,0.6709343,-0.7328999,,-0.09408705,0.253602,-0.10890956,-0.036265567,-0.21905613,0.97503805,0.9927812,0.103721075,0.060227916,-0.11432529,0.9701837,0.2137133,,-0.0233923,0.4528233,-0.34275404,-0.01751863,-0.4660138,-0.88460404,0.7690977,-0.5716199,0.28590107,-0.63889116,-0.67533827,0.36842412,,1.187563247733874,0.4381106359547564,0.20760343608,2.4376455930075958,-0.16751634871242999,-1.21485808443393,0.5364219131849728,,-1.136137569524413,0.3663510020874623,0.17448970803000002,-2.696193293324014,-0.9526296763646508,0.9430218607574942,-0.1471730035869856,,-0.06645122960811911,-0.038497599975864924,0.0911007994,-0.0984527949168055,,-1.8700957e-05,-3.0994415e-06,2.9802322e-06,1.0,2.1643937e-05,1.9803643e-05,-2.1629035e-05,1.0,3.3676624e-06,-1.9803643e-05,-3.33786e-06,1.0,329,1.001,0,0,0.0,False,0.71022595505432,0.014628883651033764
1.0165921410080045,19:08:29.655063,19:07:10.015985,0,,0.115796134,0.02762121,0.028534904,-0.0018209191,0.32617188,-0.9453086,0.6491255,0.71946436,0.24699557,0.76067877,-0.61317456,-0.21303669,,0.03491518,0.041524757,0.04023254,-0.14097396,0.44280544,0.8854658,0.0264014,-0.89239824,0.45047563,0.98966116,0.08688304,0.11411415,,0.08361053,1.290016,0.42695314,0.9934999,0.08791016,-0.07231707,0.015909337,-0.73628724,-0.6764821,-0.11271578,0.6709343,-0.7328999,,-0.09404768,0.25359404,-0.108912185,-0.035066858,-0.21787846,0.97534573,0.99285513,0.1037867,0.05888086,-0.11405679,0.9704418,0.21268229,,-0.022738218,0.45297468,-0.34248036,-0.020068627,-0.46638697,-0.8843531,0.76899356,-0.572478,0.28446063,-0.63894147,-0.6743531,0.37013742,,1.18770225692561,0.43797162676302037,0.20760602866000002,2.4363874533466885,-0.16710643921313365,-1.2156824105858628,0.5357685369204359,,-1.132523330539276,0.36888405847020794,0.17466859605,-2.698919262589313,-0.9515365843665273,0.9461327757948104,-0.14766303578538845,,-0.06645122960811911,-0.038497599975864924,0.0911007994,-0.0984527949168055,,-1.8700957e-05,-3.0994415e-06,2.9802322e-06,1.0,2.1643937e-05,1.9803643e-05,-2.1629035e-05,1.0,3.3676624e-06,-1.9803643e-05,-3.33786e-06,1.0,337,1.025,0,0,0.0,False,0.7096301778691094,0.014725444052592795
