Task Time,PC1 Time,PC2 Time,Gaze Calib,s_T_psm1,Tx,Ty,Tz,R00,R01,R02,R10,R11,R12,R20,R21,R22,s_T_psm3,Tx,Ty,Tz,R00,R01,R02,R10,R11,R12,R20,R21,R22,cart_T_ecm,Tx,Ty,Tz,R00,R01,R02,R10,R11,R12,R20,R21,R22,ecm_T_psm1,Tx,Ty,Tz,R00,R01,R02,R10,R11,R12,R20,R21,R22,ecm_T_psm3,Tx,Ty,Tz,R00,R01,R02,R10,R11,R12,R20,R21,R22,psm1_joints,q1,q2,q3,q4,q5,q6,jaw,psm3_joints,q1,q2,q3,q4,q5,q6,jaw,ecm_joints,q1,q2,q3,q4,ecmi_T_ecm,Tx,Ty,Tz,R00,R01,R02,R10,R11,R12,R20,R21,R22,Sample #,Task Duration (s),Collisions (binary),Collisions (increments),Cumulative Collision Time (s),Clutch Press,MTMR Angle,MTML Angle
""
lci_T_si,,,,,-0.0493608,0.027893092,0.20932992,0.98721725,-0.03466899,0.1555641,0.080758385,-0.7326672,-0.6757787,0.13740528,0.6797035,-0.7205019
rci_T_si,,,,,-0.05870397,0.032032646,0.21918625,0.9859643,-0.04950044,0.15944943,0.07462208,-0.7236772,-0.68609244,0.1493518,0.6883611,-0.70982605
ecm_T_lc,,,,,-4.4061628e-05,-0.00034663224,-0.01840835,-0.99912,0.030754527,0.028518902,-0.031987965,-0.99852574,-0.043852776,0.027128186,-0.04472645,0.9986309
ecm_T_rc,,,,,-0.0043358393,0.01870579,-0.007592615,-0.99555075,-0.052743673,-0.078081585,0.04863213,-0.9973746,0.053654674,-0.08070653,0.04961868,0.9955021
cart_T_ecmi,,,,,0.083672695,1.2898984,0.4270709,0.99237174,0.099641204,-0.072594866,0.024204304,-0.7348666,-0.6777796,-0.12088232,0.67085224,-0.7316726
ecmac_T_ecmrep_psm1,,,,,0.023195708,-0.2631036,-0.30022871,0.99664557,0.07921609,0.02055357,-0.078295335,0.99603295,-0.04228661,-0.023821812,0.040535513,0.9988941
ecmac_T_ecmrep_psm3,,,,,0.022281613,-0.4507852,-0.5326207,0.99995744,0.002629678,0.008843231,-0.0032003638,0.99787027,0.06515156,-0.008653069,-0.06517708,0.9978362
""
0,19:54:19.872633,19:53:00.410990,0,,0.12665914,-0.023867026,0.039598152,-0.27877563,-0.69233143,-0.66555345,-0.74279475,-0.28383067,0.6063795,-0.60872006,0.6634134,-0.4351351,,0.12464866,0.008695308,0.02516663,0.8120192,0.39525658,0.4294147,-0.48117962,0.037009805,0.8758404,0.33028913,-0.917825,0.22024208,,0.08366795,1.2899014,0.42706516,0.992371,0.09966275,-0.07257499,0.02423341,-0.7348637,-0.67778176,-0.12088232,0.67085224,-0.7316726,,-0.12260015,0.24948743,-0.12335446,0.29890004,0.57873064,0.7587685,-0.94807214,0.27066818,0.16702698,-0.10871085,-0.7692916,0.6295811,,-0.12360705,0.43236575,-0.31678963,-0.87388664,-0.21359892,-0.4366894,-0.16893311,-0.70888066,0.68479913,-0.45583302,0.67220813,0.5833974,,1.067273960484953,0.5134458951428166,0.19083462864000003,-0.36590895138049495,-0.04809604791743504,0.8925985790897345,0.7533428330112959,,-1.555080382485344,0.1781171110111141,0.22784111556000003,-0.8538574498689832,0.08717408685035101,-1.0162710034649032,-0.14439615446270282,,-0.0681136557206437,-0.037411132516498455,0.0911007994,-0.1076111944439502,,-3.941357e-06,-6.4969063e-06,2.503395e-06,1.0,2.1457672e-05,1.9669533e-05,-2.1457672e-05,1.0,3.516674e-06,-1.9676983e-05,-3.5464764e-06,1.0,35,0.106,0,0,0.0,False,0.9285782934339064,0.013325318229988614
0.11883017281070352,19:54:19.915468,19:53:00.410990,0,,0.1266403,-0.023892857,0.039603844,-0.27616188,-0.6907555,-0.668275,-0.7454064,-0.28499416,0.6026174,-0.6067158,0.6645563,-0.43618903,,0.124475375,0.009224761,0.025354981,0.8107418,0.39865392,0.42868733,-0.48473677,0.046589077,0.87341845,0.32821953,-0.9159173,0.23101392,,0.08366795,1.2899014,0.42706516,0.992371,0.09966275,-0.07257499,0.02423341,-0.7348637,-0.67778176,-0.12088232,0.67085224,-0.7316726,,-0.122584164,0.24947315,-0.12337885,0.29586533,0.57693964,0.7613175,-0.94869375,0.27054816,0.1636579,-0.111552306,-0.7706778,0.62738484,,-0.12345657,0.43287426,-0.31653547,-0.8723492,-0.21700515,-0.43808177,-0.17264812,-0.70160437,0.69133484,-0.45738333,0.6787194,0.5745785,,1.0673589105465695,0.5134536178756908,0.19081259171,-0.36905430053276284,-0.05096541441250929,0.8949383550673594,0.753996209275833,,-1.555281173540074,0.18082006751709268,0.22785018959000003,-0.8494539610558082,0.0844413568550422,-1.0240074516881232,-0.14374277819816572,,-0.0681136557206437,-0.037411132516498455,0.0911007994,-0.1076111944439502,,-3.941357e-06,-6.4969063e-06,2.503395e-06,1.0,2.1457672e-05,1.9669533e-05,-2.1457672e-05,1.0,3.516674e-06,-1.9676983e-05,-3.5464764e-06,1.0,54,0.163,0,0,0.0,False,0.9278037830931329,0.012118313210502052
0.1616041548550129,19:54:19.959384,19:53:00.410990,0,,0.12662572,-0.023883343,0.03962411,-0.2765096,-0.69127977,-0.6675887,-0.74474853,-0.2848971,0.6034759,-0.6073647,0.66405267,-0.4360529,,0.124369815,0.009613875,0.025511563,0.8112683,0.40234745,0.42421722,-0.48524788,0.05859196,0.87241125,0.32615674,-0.9136102,0.24277204,,0.08366795,1.2899014,0.42706516,0.992371,0.09966275,-0.07257499,0.02423341,-0.7348637,-0.67778176,-0.12088232,0.67085224,-0.7316726,,-0.12257163,0.24949442,-0.123389,0.296341,0.5775299,0.76068467,-0.9486464,0.27029234,0.16435313,-0.110688396,-0.7703254,0.6279704,,-0.12337078,0.43325877,-0.31635708,-0.8724921,-0.22070453,-0.43594396,-0.17458585,-0.69247967,0.699994,-0.4563742,0.6868489,0.5656511,,1.067482474272557,0.513461340608565,0.19080092510000002,-0.36863492064579384,-0.050145595413916645,0.8941881689050403,0.7538328652096986,,-1.5556364192522882,0.18272758253702612,0.22786185620000002,-0.8475667515644475,0.08485126635433853,-1.0347965841372044,-0.14472284259497148,,-0.0681136557206437,-0.037411132516498455,0.0911007994,-0.1076111944439502,,-3.941357e-06,-6.4969063e-06,2.503395e-06,1.0,2.1457672e-05,1.9669533e-05,-2.1457672e-05,1.0,3.516674e-06,-1.9676983e-05,-3.5464764e-06,1.0,62,0.188,0,0,0.0,False,0.927922938530175,0.012504554816737734
0.20556055288761854,19:54:19.983915,19:53:00.410990,0,,0.12660865,-0.023878261,0.039633766,-0.27673954,-0.69132227,-0.6674495,-0.74457705,-0.2848189,0.6037244,-0.6074704,0.664042,-0.43592212,,0.124382615,0.009809304,0.02564609,0.808797,0.40734628,0.42416552,-0.4892563,0.06587532,0.8696486,0.32630607,-0.9108949,0.25257653,,0.08366795,1.2899014,0.42706516,0.992371,0.09966275,-0.07257499,0.02423341,-0.7348637,-0.67778176,-0.12088232,0.67085224,-0.7316726,,-0.12255562,0.24950534,-0.123394944,0.29659456,0.5775791,0.76054853,-0.9485858,0.27034345,0.1646189,-0.1105289,-0.77027065,0.6280657,,-0.12340286,0.43348554,-0.31629363,-0.87021524,-0.22590439,-0.43782717,-0.17679459,-0.686302,0.7055021,-0.4598577,0.69134414,0.5572918,,1.0675983152656705,0.5134458951428166,0.19079444365,-0.3684252307023093,-0.050008958914151205,0.8939950722612033,0.7536695211435644,,-1.5560766150261192,0.18373926054354953,0.22787093023000002,-0.844211712468695,0.08102544436090618,-1.04262183401254,-0.14504953072723992,,-0.0681136557206437,-0.037411132516498455,0.0911007994,-0.1076111944439502,,-3.941357e-06,-6.4969063e-06,2.503395e-06,1.0,2.1457672e-05,1.9669533e-05,-2.1457672e-05,1.0,3.516674e-06,-1.9676983e-05,-3.5464764e-06,1.0,73,0.221,0,0,0.0,False,0.9284591379968647,0.01207003300972298
0.2300981928128749,19:54:20.019226,19:53:00.557955,0,,0.12659323,-0.02387628,0.039642915,-0.27658057,-0.6913017,-0.6675367,-0.74461484,-0.28495327,0.60361433,-0.6074964,0.6640057,-0.43594107,,0.12441586,0.009925548,0.02574724,0.80801135,0.41076863,0.42235857,-0.49034563,0.071442544,0.86859494,0.32661718,-0.90893626,0.25914505,,0.08366795,1.2899014,0.42706516,0.992371,0.09966275,-0.07257499,0.02423341,-0.7348637,-0.67778176,-0.12088232,0.67085224,-0.7316726,,-0.12254138,0.24951357,-0.12340239,0.29643792,0.57755345,0.76062906,-0.9486366,0.27022007,0.16452873,-0.11051308,-0.7703331,0.62799186,,-0.12345109,0.43363297,-0.31626564,-0.8695356,-0.22946565,-0.43732518,-0.17717905,-0.68161803,0.7099327,-0.4609939,0.6947966,0.5520347,,1.0676987107930354,0.5134304496770681,0.19078666591000001,-0.36863492064579384,-0.050008958914151205,0.8939950722612033,0.7536695211435644,,-1.5565245335328242,0.1842952973104937,0.22788000426000002,-0.8433729526947569,0.07979571586301723,-1.0486434445313606,-0.14668297138858277,,-0.0681136557206437,-0.037411132516498455,0.0911007994,-0.1076111944439502,,-3.941357e-06,-6.4969063e-06,2.503395e-06,1.0,2.1457672e-05,1.9669533e-05,-2.1457672e-05,1.0,3.516674e-06,-1.9676983e-05,-3.5464764e-06,1.0,85,0.257,0,0,0.0,False,0.9282208271227805,0.011973472608163949
0.2654241358395666,19:54:20.050059,19:53:00.557955,0,,0.1265736,-0.02387707,0.03965415,-0.27642918,-0.6912111,-0.66769314,-0.7446565,-0.28513938,0.60347515,-0.6075143,0.66402024,-0.435894,,0.12446527,0.009984661,0.025806904,0.80738443,0.41445625,0.41994807,-0.49047613,0.075822085,0.8681498,0.32796878,-0.9069052,0.26449856,,0.08366795,1.2899014,0.42706516,0.992371,0.09966275,-0.07257499,0.02423341,-0.7348637,-0.67778176,-0.12088232,0.67085224,-0.7316726,,-0.12252348,0.24952134,-0.12341381,0.29628742,0.57744825,0.7607676,-0.9486844,0.2700912,0.16446486,-0.11050669,-0.7704572,0.62784076,,-0.123509064,0.43371007,-0.31625187,-0.8691793,-0.23333673,-0.43598312,-0.17617941,-0.6776904,0.7139303,-0.46204776,0.6973447,0.54792535,,1.0678145517861488,0.5133995587455712,0.19077499930000003,-0.3688446105892783,-0.050008958914151205,0.8940767510013439,0.7538328652096986,,-1.55686433377929,0.1845501474953431,0.22789944861000003,-0.8440020225252106,0.07856598736512826,-1.0541749826093376,-0.14537621885950847,,-0.0681136557206437,-0.037411132516498455,0.0911007994,-0.1076111944439502,,-3.941357e-06,-6.4969063e-06,2.503395e-06,1.0,2.1457672e-05,1.9669533e-05,-2.1457672e-05,1.0,3.516674e-06,-1.9676983e-05,-3.5464764e-06,1.0,97,0.293,0,0,0.0,False,0.9286378711524277,0.011925192407383989
0.2962609368842095,19:54:20.089382,19:53:00.557955,0,,0.12654123,-0.023894079,0.039660677,-0.27388078,-0.6906099,-0.6693634,-0.74640036,-0.28628403,0.60077286,-0.60652775,0.66415316,-0.4370638,,0.12457921,0.010049079,0.025874019,0.80360305,0.42532128,0.41632202,-0.4945284,0.087959796,0.86469924,0.33115536,-0.9007579,0.2810182,,0.08366795,1.2899014,0.42706516,0.992371,0.09966275,-0.07257499,0.02423341,-0.7348637,-0.67778176,-0.12088232,0.67085224,-0.7316726,,-0.12249355,0.24951454,-0.123434745,0.29351187,0.5767521,0.7623699,-0.9493676,0.26932746,0.16175279,-0.11203588,-0.77124554,0.62660056,,-0.12363163,0.4337882,-0.3162295,-0.8661912,-0.24479622,-0.43564624,-0.17599058,-0.6664983,0.72443587,-0.46769664,0.7041696,0.53423315,,1.0679690064436331,0.5133300541497031,0.19075555495000002,-0.37178026979806167,-0.05151196041157105,0.8952206692018639,0.7536695211435644,,-1.557273638621624,0.18485133407743787,0.22795389279000003,-0.8425341929208188,0.07241734487568344,-1.0703159706394043,-0.14619293919017984,,-0.0681136557206437,-0.037411132516498455,0.0911007994,-0.1076111944439502,,-3.941357e-06,-6.4969063e-06,2.503395e-06,1.0,2.1457672e-05,1.9669533e-05,-2.1457672e-05,1.0,3.516674e-06,-1.9676983e-05,-3.5464764e-06,1.0,108,0.327,0,0,0.0,False,0.9284591379968647,0.011394110198810203
0.3355164818931371,19:54:20.119725,19:53:00.557955,0,,0.12651484,-0.02390913,0.039669797,-0.27388114,-0.6895182,-0.67048776,-0.74718386,-0.28640255,0.5997416,-0.60556215,0.6652354,-0.43675664,,0.12465622,0.010138024,0.025929272,0.7998167,0.43252748,0.41618878,-0.4994008,0.09484315,0.8611641,0.33300447,-0.8966185,0.29186177,,0.08366795,1.2899014,0.42706516,0.992371,0.09966275,-0.07257499,0.02423341,-0.7348637,-0.67778176,-0.12088232,0.67085224,-0.7316726,,-0.12246972,0.24951069,-0.12345532,0.2933306,0.575525,0.76336634,-0.949278,0.269944,0.16124994,-0.1132628,-0.7719464,0.62551606,,-0.12371498,0.43387818,-0.31618637,-0.8629706,-0.25244358,-0.43766883,-0.17733552,-0.65979284,0.7302229,-0.47311085,0.7077751,0.52461463,,1.068092570169621,0.5132837177524578,0.1907361106,-0.3719899597415462,-0.052741688909460016,0.8963867878154128,0.7536695211435643,,-1.5575439342722217,0.18529152985126865,0.22800444810000003,-0.8395985337120354,0.0665419753857695,-1.0797371015649162,-0.1445594985288372,,-0.0681136557206437,-0.037411132516498455,0.0911007994,-0.1076111944439502,,-3.941357e-06,-6.4969063e-06,2.503395e-06,1.0,2.1457672e-05,1.9669533e-05,-2.1457672e-05,1.0,3.516674e-06,-1.9676983e-05,-3.5464764e-06,1.0,126,0.38,0,0,0.0,False,0.9280420939672172,0.012504554816737734
0.3659198200330138,19:54:20.170690,19:53:00.684679,0,,0.12642065,-0.023954503,0.039721623,-0.27159032,-0.6890505,-0.6718989,-0.7485353,-0.28757986,0.59748864,-0.6049244,0.66521215,-0.43767482,,0.12472946,0.010550965,0.026032567,0.7990806,0.4382511,0.4115898,-0.5037184,0.11426428,0.8562777,0.3282346,-0.89156026,0.31206164,,0.08366795,1.2899014,0.42706516,0.992371,0.09966275,-0.07257499,0.02423341,-0.7348637,-0.67778176,-0.12088232,0.67085224,-0.7316726,,-0.12238657,0.24951631,-0.123537,0.29088348,0.57497853,0.76471335,-0.9499051,0.2690542,0.15902862,-0.114311315,-0.77266395,0.62443846,,-0.12379393,0.43421656,-0.31592986,-0.8614777,-0.25843152,-0.43711486,-0.18362868,-0.6440094,0.7426523,-0.47343084,0.72004515,0.50734425,,1.0686563296694391,0.5129670857046146,0.19064148143,-0.374715929006845,-0.05383478090758354,0.8971964523048437,0.7538328652096986,,-1.5582621484295247,0.18692102648773004,0.22817426209000002,-0.8328884555205307,0.0665419753857695,-1.098196496836683,-0.14488618666110575,,-0.0681136557206437,-0.037411132516498455,0.0911007994,-0.1076111944439502,,-3.941357e-06,-6.4969063e-06,2.503395e-06,1.0,2.1457672e-05,1.9669533e-05,-2.1457672e-05,1.0,3.516674e-06,-1.9676983e-05,-3.5464764e-06,1.0,137,0.413,0,0,0.0,False,0.9288166043079906,0.011683791403487298
0.41684399684891105,19:54:20.206923,19:53:00.684679,0,,0.1263464,-0.023977548,0.039742306,-0.2717576,-0.6885972,-0.6722959,-0.74864554,-0.28769788,0.59729373,-0.60471284,0.6656304,-0.43733114,,0.1247718,0.010702211,0.026115477,0.797849,0.4413255,0.41069305,-0.5057619,0.11925274,0.85439086,0.32808822,-0.8893878,0.31835133,,0.08366795,1.2899014,0.42706516,0.992371,0.09966275,-0.07257499,0.02423341,-0.7348637,-0.67778176,-0.12088232,0.67085224,-0.7316726,,-0.12231749,0.24951622,-0.123578236,0.29101366,0.57446784,0.76504755,-0.949835,0.26923868,0.15913521,-0.11456235,-0.77297944,0.6240018,,-0.12384658,0.43437225,-0.31586242,-0.8603027,-0.26170906,-0.43747878,-0.18492414,-0.63950205,0.74621725,-0.4750604,0.7228731,0.501769,,1.0688648434570434,0.5128049083142558,0.19061555563000002,-0.374715929006845,-0.05383478090758354,0.8972781310449842,0.7536695211435643,,-1.5586714532718586,0.18759290424778757,0.22821703966,-0.8310012460291699,0.06476570088881876,-1.1035273995202963,-0.14406946633043416,,-0.0681136557206437,-0.037411132516498455,0.0911007994,-0.1076111944439502,,-3.941357e-06,-6.4969063e-06,2.503395e-06,1.0,2.1457672e-05,1.9669533e-05,-2.1457672e-05,1.0,3.516674e-06,-1.9676983e-05,-3.5464764e-06,1.0,148,0.446,0,0,0.0,False,0.9279825162486963,0.012166593411281124
0.45302942697890103,19:54:20.237909,19:53:00.684679,0,,0.1262702,-0.024003074,0.039745256,-0.2705035,-0.6885872,-0.67281175,-0.7491477,-0.28837895,0.5963349,-0.6046533,0.665346,-0.43784598,,0.12486745,0.010961268,0.026271224,0.79680353,0.44909424,0.4042505,-0.5076901,0.13480791,0.8509275,0.3276505,-0.8832561,0.33541614,,0.08366795,1.2899014,0.42706516,0.992371,0.09966275,-0.07257499,0.02423341,-0.7348637,-0.67778176,-0.12088232,0.67085224,-0.7316726,,-0.122244395,0.24950224,-0.12360868,0.28972864,0.5744441,0.76555294,-0.9502031,0.26854756,0.15810208,-0.11476656,-0.77323747,0.6236445,,-0.12396207,0.43464622,-0.31575236,-0.859252,-0.27002344,-0.43448058,-0.18638426,-0.6257019,0.75746816,-0.4763895,0.7318364,0.4873075,,1.0691660300391381,0.5124882762664127,0.19058703725,-0.3761837586112367,-0.05383478090758354,0.8972781310449842,0.7536695211435643,,-1.559544122086646,0.188674086850179,0.22829740964000003,-0.8289043465943249,0.06339933589116437,-1.1204642220543963,-0.1439061222643001,,-0.0681136557206437,-0.037411132516498455,0.0911007994,-0.1076111944439502,,-3.941357e-06,-6.4969063e-06,2.503395e-06,1.0,2.1457672e-05,1.9669533e-05,-2.1457672e-05,1.0,3.516674e-06,-1.9676983e-05,-3.5464764e-06,1.0,159,0.479,0,0,0.0,False,0.927922938530175,0.011876912206604917
0.4840518678538501,19:54:20.277377,19:53:00.684679,0,,0.12616694,-0.024045683,0.039736077,-0.26928577,-0.6884671,-0.67342293,-0.74973035,-0.28903025,0.5952864,-0.60447466,0.6651877,-0.43833292,,0.1249946,0.011078451,0.026349247,0.7955342,0.45296428,0.40242848,-0.5106721,0.1437906,0.8476664,0.32609713,-0.8798566,0.34570658,,0.08366795,1.2899014,0.42706516,0.992371,0.09966275,-0.07257499,0.02423341,-0.7348637,-0.67778176,-0.12088232,0.67085224,-0.7316726,,-0.12214424,0.24946846,-0.12364597,0.2884584,0.57429755,0.76614237,-0.9505472,0.26796055,0.15702598,-0.11511629,-0.7735499,0.62319237,,-0.12409806,0.43476543,-0.31569514,-0.8578026,-0.27419326,-0.43473288,-0.18933864,-0.61776215,0.7632305,-0.4778342,0.73701286,0.4780026,,1.0695212757513524,0.5119940213624623,0.19055333371000002,-0.3776515882156284,-0.05383478090758354,0.8972781310449842,0.7536695211435643,,-1.5602082771138293,0.18902933256239332,0.22838166849000002,-0.8253396175550878,0.06244288039280628,-1.1298941392460917,-0.14472284259497115,,-0.0681136557206437,-0.037411132516498455,0.0911007994,-0.1076111944439502,,-3.941357e-06,-6.4969063e-06,2.503395e-06,1.0,2.1457672e-05,1.9669533e-05,-2.1457672e-05,1.0,3.516674e-06,-1.9676983e-05,-3.5464764e-06,1.0,170,0.511,0,0,0.0,False,0.9287570265894698,0.012359714214399187
0.5235761278308928,19:54:20.298306,19:53:00.852309,0,,NaN,NaN,NaN,NaN,NaN,NaN,NaN,NaN,NaN,NaN,NaN,NaN,,NaN,NaN,NaN,NaN,NaN,NaN,NaN,NaN,NaN,NaN,NaN,NaN,,NaN,NaN,NaN,NaN,NaN,NaN,NaN,NaN,NaN,NaN,NaN,NaN,,-0.12208085,0.24944079,-0.1236694,0.28752813,0.57429546,0.7664935,-0.9507983,0.2675511,0.15620205,-0.11537004,-0.77369314,0.6229676,,-0.1242611,0.43482435,-0.31562957,-0.85995126,-0.2792778,-0.4271859,-0.18753403,-0.6055447,0.7733994,-0.47467342,0.74519765,0.46836478,,1.0697220668060823,0.5116542211159965,0.19053259307,-0.378700037933051,-0.05383478090758354,0.8971964523048437,0.7541595533419673,,-1.5609728276683774,0.18901388709664488,0.22850351975000002,-0.8278558968769022,0.06626870238623862,-1.1450206153502542,-0.1452128747933743,,-0.0681136557206437,-0.037411132516498455,0.0911007994,-0.1076111944439502,,NaN,NaN,NaN,NaN,NaN,NaN,NaN,NaN,NaN,NaN,NaN,NaN,181,0.544,0,0,0.0,False,0.9293528037746799,0.012504554816737734
0.5444540239404887,19:54:20.339439,19:53:00.852309,0,,0.12605314,-0.024109863,0.03971596,-0.26791346,-0.68804383,-0.67440206,-0.75068974,-0.2896803,0.5937595,-0.6038935,0.6653428,-0.43889818,,0.12533422,0.011185963,0.026431859,0.79881537,0.4630677,0.38400823,-0.5040297,0.16671792,0.84744275,0.32840228,-0.8705019,0.3665767,,0.08366795,1.2899014,0.42706516,0.992371,0.09966275,-0.07257499,0.02423341,-0.7348637,-0.67778176,-0.12088232,0.67085224,-0.7316726,,-0.12203385,0.24941182,-0.123691596,0.28695592,0.57381105,0.76707053,-0.9508958,0.2675785,0.15556021,-0.115989424,-0.774043,0.62241775,,-0.12444378,0.43485555,-0.31561714,-0.8612583,-0.28518566,-0.42059863,-0.18367477,-0.59701914,0.7809172,-0.47381184,0.7498248,0.46180633,,1.0698456305320698,0.5113839254653986,0.19051314872000003,-0.37932910776350454,-0.054244690406879854,0.8976123847560735,0.7543228974081017,,-1.5617373782229258,0.1888362642405377,0.22859555634000003,-0.831840005803108,0.06736179438436214,-1.1562034798375365,-0.14227268160295714,,-0.0681136557206437,-0.037411132516498455,0.0911007994,-0.1076111944439502,,-3.941357e-06,-6.4969063e-06,2.503395e-06,1.0,2.1457672e-05,1.9669533e-05,-2.1457672e-05,1.0,3.516674e-06,-1.9676983e-05,-3.5464764e-06,1.0,192,0.577,0,0,0.0,False,0.9292336483376378,0.01308391722609148
0.5856266189366579,19:54:20.369472,19:53:00.852309,0,,0.12602875,-0.024132863,0.03971474,-0.26654345,-0.6880268,-0.6749621,-0.75117624,-0.29048622,0.5927495,-0.6038947,0.66500896,-0.43940216,,0.1254623,0.011229027,0.026476324,0.80093414,0.46987745,0.3711061,-0.49818754,0.17916349,0.8483571,0.33213517,-0.86435854,0.37758532,,0.08366795,1.2899014,0.42706516,0.992371,0.09966275,-0.07257499,0.02423341,-0.7348637,-0.67778176,-0.12088232,0.67085224,-0.7316726,,-0.12201127,0.24939507,-0.12370988,0.2855652,0.5737775,0.7676144,-0.95129806,0.2667623,0.1544987,-0.11612269,-0.7743496,0.6220114,,-0.124576576,0.43490112,-0.3155943,-0.8638667,-0.29265463,-0.40998492,-0.17732699,-0.5851283,0.7913154,-0.4714759,0.75629234,0.45357725,,1.0698919669293152,0.5112294708079141,0.19049629695000003,-0.3807969373678962,-0.054244690406879854,0.8979390997166358,0.7546495855403701,,-1.5623783650514864,0.18878992784329238,0.22866944487000002,-0.8387597739380974,0.06954797838060918,-1.1717081946402934,-0.1432527459997628,,-0.0681136557206437,-0.037411132516498455,0.0911007994,-0.1076111944439502,,-3.941357e-06,-6.4969063e-06,2.503395e-06,1.0,2.1457672e-05,1.9669533e-05,-2.1457672e-05,1.0,3.516674e-06,-1.9676983e-05,-3.5464764e-06,1.0,200,0.6,0,0,0.0,False,0.9296506923672849,0.013228757828429583
0.6156710938084871,19:54:20.398513,19:53:00.852309,0,,0.12602018,-0.024146363,0.039722517,-0.26656893,-0.6879524,-0.67502785,-0.75127447,-0.2904188,0.5926581,-0.6037613,0.66511536,-0.43942446,,0.12561183,0.011195648,0.026536882,0.7956073,0.48001206,0.36959097,-0.49949303,0.17454344,0.84855247,0.34280574,-0.8597226,0.37863073,,0.08366795,1.2899014,0.42706516,0.992371,0.09966275,-0.07257499,0.02423341,-0.7348637,-0.67778176,-0.12088232,0.67085224,-0.7316726,,-0.12200477,0.24939084,-0.1237259,0.28556606,0.5736953,0.7676756,-0.9512775,0.26688167,0.15441914,-0.11628901,-0.77436936,0.62195575,,-0.12473581,0.43490598,-0.3156364,-0.86069167,-0.3036166,-0.4086892,-0.16956851,-0.5859465,0.7924097,-0.48005876,0.75132126,0.45283547,,1.0699074123950636,0.511190857143543,0.19048074147000002,-0.3807969373678962,-0.0543813269066453,0.8979688388801916,0.7548129296065044,,-1.5627181652979523,0.18875903691179546,0.2287044447,-0.844211712468695,0.05916360439843572,-1.173450276476936,-0.14210933753682276,,-0.0681136557206437,-0.037411132516498455,0.0911007994,-0.1076111944439502,,-3.941357e-06,-6.4969063e-06,2.503395e-06,1.0,2.1457672e-05,1.9669533e-05,-2.1457672e-05,1.0,3.516674e-06,-1.9676983e-05,-3.5464764e-06,1.0,211,0.633,0,0,0.0,False,0.929471959211722,0.012359714214399187
0.6447116888593882,19:54:20.430304,19:53:00.852309,0,,0.12601767,-0.024161845,0.03972836,-0.2648436,-0.6878168,-0.67584467,-0.75221956,-0.29116204,0.59109247,-0.6033436,0.66493064,-0.44027683,,0.12579414,0.011131544,0.026587784,0.7856766,0.49642056,0.36915976,-0.5024932,0.16402414,0.84887964,0.36085016,-0.85244524,0.3783179,,0.08366795,1.2899014,0.42706516,0.992371,0.09966275,-0.07257499,0.02423341,-0.7348637,-0.67778176,-0.12088232,0.67085224,-0.7316726,,-0.12200419,0.24938363,-0.12374098,0.2837364,0.57352996,0.7684771,-0.9517396,0.2662091,0.15272322,-0.11698424,-0.77472323,0.6213844,,-0.12492631,0.4348795,-0.3156907,-0.8544406,-0.3214131,-0.40819702,-0.15685372,-0.58943164,0.7924439,-0.49530604,0.7411235,0.4532195,,1.0698996896621893,0.5111831344106688,0.19046648228000002,-0.38268414685925695,-0.0550645094054725,0.8985259283986737,0.7548129296065044,,-1.5628494517568141,0.18876675964466968,0.22874981485,-0.8528090001515605,0.04030776743080493,-1.1736752451336772,-0.1439061222643001,,-0.0681136557206437,-0.037411132516498455,0.0911007994,-0.1076111944439502,,-3.941357e-06,-6.4969063e-06,2.503395e-06,1.0,2.1457672e-05,1.9669533e-05,-2.1457672e-05,1.0,3.516674e-06,-1.9676983e-05,-3.5464764e-06,1.0,222,0.667,0,0,0.0,False,0.9298294255228479,0.012890796422973416
0.6765065710060298,19:54:20.461489,19:53:01.017546,0,,0.12601683,-0.024168022,0.03973855,-0.26527733,-0.6875305,-0.6759658,-0.75224924,-0.29096147,0.5911535,-0.6031161,0.6653143,-0.44000882,,0.12603235,0.010972891,0.026640177,0.7637757,0.5337142,0.36303705,-0.51193064,0.15829045,0.84431696,0.39315864,-0.8307185,0.3941231,,0.08366795,1.2899014,0.42706516,0.992371,0.09966275,-0.07257499,0.02423341,-0.7348637,-0.67778176,-0.12088232,0.67085224,-0.7316726,,-0.12200513,0.24938613,-0.12375263,0.284134,0.5732125,0.768567,-0.9515907,0.26660788,0.15295519,-0.117230214,-0.77482104,0.62121606,,-0.12517478,0.43478528,-0.3158092,-0.83932656,-0.36229303,-0.40530813,-0.13624223,-0.5815841,0.80199623,-0.5262784,0.72835684,0.43877938,,1.0699074123950636,0.5112063026092915,0.19045481567000003,-0.3822647669722879,-0.05533778240500338,0.8987487642060665,0.7548129296065044,,-1.5624787605788513,0.18882854150766348,0.22878870355000003,-0.8649710168736631,0.0010930919981235235,-1.1916856957388282,-0.14292605786749446,,-0.0681136557206437,-0.037411132516498455,0.0911007994,-0.1076111944439502,,-3.941357e-06,-6.4969063e-06,2.503395e-06,1.0,2.1457672e-05,1.9669533e-05,-2.1457672e-05,1.0,3.516674e-06,-1.9676983e-05,-3.5464764e-06,1.0,233,0.7,0,0,0.0,False,0.9294123814932012,0.013470158832327161
0.707691163988784,19:54:20.493642,19:53:01.017546,0,,0.12601417,-0.02417595,0.039751902,-0.26428062,-0.6876817,-0.6762024,-0.7525343,-0.29147562,0.5905372,-0.6031982,0.66493297,-0.4404727,,0.12609297,0.010898028,0.026565969,0.7522365,0.55897266,0.34884065,-0.5152193,0.16898715,0.84023356,0.41071796,-0.81178385,0.41511184,,0.08366795,1.2899014,0.42706516,0.992371,0.09966275,-0.07257499,0.02423341,-0.7348637,-0.67778176,-0.12088232,0.67085224,-0.7316726,,-0.12200479,0.24938957,-0.123768,0.28313774,0.5733729,0.76881504,-0.9518887,0.26597756,0.15219693,-0.117221944,-0.774919,0.6210955,,-0.12522252,0.43467343,-0.31580943,-0.83141387,-0.39033774,-0.3954585,-0.123879746,-0.5635754,0.8167231,-0.5416685,0.72802424,0.42020944,,1.069922857860812,0.5112140253421656,0.19043407503,-0.38352290663319505,-0.05547441890476882,0.8989418608499036,0.7549762736726388,,-1.5617451009557999,0.18886715517203462,0.22883925886000003,-0.8727295447825902,-0.01871920046786534,-1.2173496146548148,-0.143252745999763,,-0.0681136557206437,-0.037411132516498455,0.0911007994,-0.1076111944439502,,-3.941357e-06,-6.4969063e-06,2.503395e-06,1.0,2.1457672e-05,1.9669533e-05,-2.1457672e-05,1.0,3.516674e-06,-1.9676983e-05,-3.5464764e-06,1.0,251,0.753,0,0,0.0,False,0.9298890032413691,0.013808120237783328
0.7398407228756696,19:54:20.542341,19:53:01.017546,0,,0.12601185,-0.0241839,0.03975992,-0.26415342,-0.68738747,-0.6765511,-0.75280666,-0.29155436,0.59015095,-0.60291386,0.6652026,-0.44045484,,0.12608364,0.010847282,0.026510775,0.7451247,0.57523966,0.33747357,-0.5158675,0.17641154,0.8383076,0.42269355,-0.79873544,0.42819622,,0.08366778,1.2899022,0.42706782,0.99237174,0.09964037,-0.07259563,0.024203187,-0.73486674,-0.67777956,-0.12088232,0.67085224,-0.7316726,,-0.12200061,0.24939042,-0.12377541,0.28293175,0.5730317,0.7691452,-0.9519038,0.26607892,0.15192473,-0.11759563,-0.77513653,0.6207532,,-0.12520075,0.43460056,-0.31581035,-0.82672715,-0.4085417,-0.38680214,-0.11448124,-0.55097806,0.82663006,-0.55083233,0.7276791,0.40873817,,1.069961471525183,0.5112063026092915,0.19041722326000002,-0.38352290663319505,-0.0557476919042997,0.8991646966572965,0.7549762736726388,,-1.5610886686614909,0.1889598279665253,0.22886777724000001,-0.8794396229740951,-0.03156303144581674,-1.2348921395755643,-0.14308940193362862,,-0.0681136557206437,-0.037411132516498455,0.0911007994,-0.1076111944439502,,-4.4181943e-06,-5.3048134e-06,0.0,1.0,-8.34465e-07,-7.599592e-07,8.2701445e-07,1.0,-1.4901161e-07,7.5250864e-07,1.1920929e-07,1.0,262,0.786,0,0,0.0,False,0.9297698478043275,0.014242642044798082
0.7884886448737234,19:54:20.577742,19:53:01.017546,0,,0.1260008,-0.02420628,0.039788708,-0.26316738,-0.6875146,-0.6768061,-0.7530963,-0.29207206,0.5895251,-0.60298336,0.6648439,-0.44090092,,0.12604734,0.010832544,0.026462972,0.7409359,0.5869385,0.32636955,-0.51561004,0.18578774,0.8364384,0.43030244,-0.7880267,0.44028834,,0.08366778,1.2899022,0.42706782,0.99237174,0.09964037,-0.07259563,0.024203187,-0.73486674,-0.67777956,-0.12088232,0.67085224,-0.7316726,,-0.12199503,0.2493942,-0.12381293,0.2819441,0.57316524,0.76940835,-0.9521962,0.2654607,0.15117233,-0.11760096,-0.7752498,0.6206108,,-0.12515655,0.4345598,-0.3157963,-0.8240441,-0.42176354,-0.37824178,-0.10812265,-0.5382955,0.83579147,-0.55611223,0.7296255,0.39797708,,1.0700000851895544,0.511190857143543,0.19037963085,-0.3845713563506177,-0.0557476919042997,0.8992463753974369,0.7551396177387729,,-1.5605558000931694,0.18910655989113556,0.22887036982000003,-0.8842624916742392,-0.03935131193244685,-1.251329687564085,-0.1406392409416144,,-0.0681136557206437,-0.037411132516498455,0.0911007994,-0.1076111944439502,,-4.4181943e-06,-5.3048134e-06,0.0,1.0,-8.34465e-07,-7.599592e-07,8.2701445e-07,1.0,-1.4901161e-07,7.5250864e-07,1.1920929e-07,1.0,273,0.819,0,0,0.0,False,0.9298294255228479,0.013663279635444336
0.8239438359159976,19:54:20.612068,19:53:01.017546,0,,0.12599733,-0.024217613,0.039804384,-0.26320398,-0.6871949,-0.67711645,-0.7532455,-0.2921508,0.5892955,-0.6027811,0.6651399,-0.4407312,,0.12600917,0.010829981,0.026426196,0.7355708,0.5976331,0.31901446,-0.51742584,0.19167244,0.83398575,0.43727118,-0.7785219,0.45021963,,0.08366778,1.2899022,0.42706782,0.99237174,0.09964037,-0.07259563,0.024203187,-0.73486674,-0.67777956,-0.12088232,0.67085224,-0.7316726,,-0.121994436,0.24939676,-0.12383239,0.28194335,0.5728052,0.7696766,-0.95216525,0.2655948,0.15113172,-0.11785307,-0.7754699,0.6202879,,-0.12511222,0.43453538,-0.31578025,-0.82014805,-0.43387768,-0.37297094,-0.10345399,-0.5286732,0.84249747,-0.56272054,0.729558,0.38870388,,1.0700155306553027,0.5112063026092915,0.19036018650000003,-0.3845713563506177,-0.05602096490383058,0.899632568685111,0.7554663058710417,,-1.5600152087919736,0.18935368734311075,0.22887166611,-0.886988460939538,-0.04850595741673135,-1.263957658091003,-0.14488618666110575,,-0.0681136557206437,-0.037411132516498455,0.0911007994,-0.1076111944439502,,-4.4181943e-06,-5.3048134e-06,0.0,1.0,-8.34465e-07,-7.599592e-07,8.2701445e-07,1.0,-1.4901161e-07,7.5250864e-07,1.1920929e-07,1.0,284,0.851,0,0,0.0,False,0.9303060472710167,0.013904680639341915
0.8582696099765599,19:54:20.642618,19:53:01.168526,0,,0.12599841,-0.024227403,0.039813504,-0.2626118,-0.6872301,-0.67731065,-0.75350296,-0.29240435,0.58884037,-0.60271746,0.66499203,-0.4410411,,0.12599841,0.010793712,0.026417673,0.71948373,0.6166268,0.3195536,-0.5220472,0.17671284,0.8344096,0.45805007,-0.7671662,0.4490505,,0.08366778,1.2899022,0.42706782,0.99237174,0.09964037,-0.07259563,0.024203187,-0.73486674,-0.67777956,-0.12088232,0.67085224,-0.7316726,,-0.1219974,0.24939583,-0.12384546,0.28133053,0.5728403,0.76987475,-0.95232964,0.26531014,0.15059471,-0.11798887,-0.7755414,0.6201726,,-0.12510113,0.43450662,-0.31580377,-0.8084193,-0.45511568,-0.37326664,-0.089003086,-0.53234327,0.84183675,-0.5818391,0.7137789,0.38984984,,1.0700000851895544,0.5112140253421656,0.19034722360000003,-0.38520042618107125,-0.056157601403596026,0.8997439865888074,0.7554663058710417,,-1.5590730353813183,0.18987883317855803,0.22886777724000001,-0.8955857486224035,-0.07487680187146135,-1.2623019365317503,-0.14276271380136007,,-0.0681136557206437,-0.037411132516498455,0.0911007994,-0.1076111944439502,,-4.4181943e-06,-5.3048134e-06,0.0,1.0,-8.34465e-07,-7.599592e-07,8.2701445e-07,1.0,-1.4901161e-07,7.5250864e-07,1.1920929e-07,1.0,295,0.884,0,0,0.0,False,0.9296506923672849,0.01419436184401901
0.8887704450171441,19:54:20.678953,19:53:01.168526,0,,0.12599179,-0.02423326,0.039819494,-0.2616384,-0.6872573,-0.67765963,-0.7538751,-0.29290307,0.5881158,-0.60267556,0.66474444,-0.44147155,,0.12598258,0.0107518695,0.026417255,0.7010711,0.6390873,0.31633332,-0.52822727,0.16742375,0.83243334,0.47903585,-0.7506908,0.45495948,,0.08366778,1.2899022,0.42706782,0.99237174,0.09964037,-0.07259563,0.024203187,-0.73486674,-0.67777956,-0.12088232,0.67085224,-0.7316726,,-0.12199205,0.2493959,-0.1238547,0.28033495,0.5728621,0.7702216,-0.9526054,0.26477832,0.14978431,-0.11813222,-0.77570707,0.6199382,,-0.12508678,0.43448085,-0.31583744,-0.7944938,-0.48055202,-0.37128073,-0.07513183,-0.52891004,0.84534574,-0.6026067,0.6995169,0.384111,,1.0700309761210511,0.5111985798764171,0.19033814957000003,-0.3862488758984939,-0.056294237903361466,0.8999370832326443,0.7553029618049074,,-1.5580536346419207,0.19045031541125063,0.22886129579000003,-0.9029248966443619,-0.10370710332196931,-1.2686871777432511,-0.1411292731400171,,-0.0681136557206437,-0.037411132516498455,0.0911007994,-0.1076111944439502,,-4.4181943e-06,-5.3048134e-06,0.0,1.0,-8.34465e-07,-7.599592e-07,8.2701445e-07,1.0,-1.4901161e-07,7.5250864e-07,1.1920929e-07,1.0,306,0.917,0,0,0.0,False,0.9297698478043275,0.013759840037003368
0.9251296129077673,19:54:20.706037,19:53:01.168526,0,,0.12598684,-0.024234854,0.039824232,-0.26166627,-0.6870808,-0.6778279,-0.75394654,-0.29295063,0.5880005,-0.60257405,0.6649059,-0.4413669,,0.12588614,0.010748353,0.026379466,0.68312,0.66254795,0.3072087,-0.53361857,0.16563791,0.8293463,0.4985963,-0.7304754,0.4666986,,0.08366778,1.2899022,0.42706782,0.99237174,0.09964037,-0.07259563,0.024203187,-0.73486674,-0.67777956,-0.12088232,0.67085224,-0.7316726,,-0.12198789,0.24939813,-0.12385988,0.28034425,0.57266337,0.770366,-0.9525871,0.26484802,0.14977759,-0.11825777,-0.77583003,0.61976033,,-0.12498509,0.43446222,-0.31583002,-0.78072864,-0.5074498,-0.36463332,-0.061863832,-0.51789796,0.8532025,-0.62180036,0.68867725,0.37294495,,1.0700618670525481,0.5111985798764171,0.19033296441000003,-0.3862488758984939,-0.056430874403126906,0.9001301798764814,0.7551396177387731,,-1.5567021563889314,0.1912303114315473,0.22885092547000002,-0.9100543547228357,-0.13144431277435373,-1.2832331700568336,-0.1425993697352259,,-0.0681136557206437,-0.037411132516498455,0.0911007994,-0.1076111944439502,,-4.4181943e-06,-5.3048134e-06,0.0,1.0,-8.34465e-07,-7.599592e-07,8.2701445e-07,1.0,-1.4901161e-07,7.5250864e-07,1.1920929e-07,1.0,317,0.95,0,0,0.0,False,0.9303656249895376,0.01448404304869566
0.952223883010447,19:54:20.737443,19:53:01.168526,0,,0.12598576,-0.02423837,0.03982459,-0.26088056,-0.6870312,-0.6781809,-0.75426507,-0.29339355,0.58737075,-0.60251594,0.66476184,-0.44166306,,0.1256109,0.01086181,0.026249945,0.6753127,0.67592806,0.29508334,-0.5313934,0.16847602,0.83020294,0.5114429,-0.7174519,0.47295785,,0.08366778,1.2899022,0.42706782,0.99237174,0.09964037,-0.07259563,0.024203187,-0.73486674,-0.67777956,-0.12088232,0.67085224,-0.7316726,,-0.12198711,0.24939586,-0.123862706,0.27953622,0.57260007,0.7707066,-0.9528065,0.26442507,0.14912821,-0.11840332,-0.776021,0.6194934,,-0.12468705,0.4344739,-0.31570175,-0.7754231,-0.5229559,-0.35388726,-0.049865168,-0.50797796,0.8599255,-0.62947,0.6844527,0.36782056,,1.0700618670525481,0.511190857143543,0.19033037183,-0.38708763567243193,-0.056567510902892346,0.9004049552604589,0.7554663058710417,,-1.5549259278278598,0.19234238496543563,0.22882629596,-0.9199097820666083,-0.14551787225019408,-1.2947905306957406,-0.14227268160295736,,-0.0681136557206437,-0.037411132516498455,0.0911007994,-0.1076111944439502,,-4.4181943e-06,-5.3048134e-06,0.0,1.0,-8.34465e-07,-7.599592e-07,8.2701445e-07,1.0,-1.4901161e-07,7.5250864e-07,1.1920929e-07,1.0,328,0.982,0,0,0.0,False,0.9306635135821426,0.014773724253372311
0.9836167749017477,19:54:20.777303,19:53:01.168526,0,,0.12598296,-0.024239928,0.039829716,-0.2603029,-0.68682206,-0.6786145,-0.7545091,-0.29385686,0.5868255,-0.60246027,0.6647733,-0.4417218,,0.12496684,0.0110773705,0.02602321,0.678045,0.6760728,0.28841063,-0.52604616,0.17230266,0.83281887,0.51335216,-0.716406,0.47247452,,0.08366778,1.2899022,0.42706782,0.99237174,0.09964037,-0.07259563,0.024203187,-0.73486674,-0.67777956,-0.12088232,0.67085224,-0.7316726,,-0.121985115,0.24939832,-0.12386784,0.27893975,0.57235754,0.7711027,-0.952966,0.26408812,0.14870556,-0.118526325,-0.77631456,0.61910194,,-0.124005586,0.4345254,-0.31548822,-0.7783042,-0.52318,-0.34716752,-0.045276813,-0.50471014,0.8621007,-0.62625283,0.6866953,0.3691301,,1.0700850352511708,0.5111985798764171,0.19032518667,-0.38771670550288556,-0.05670414740265779,0.9008430881247175,0.7561196821355786,,-1.5522615849862522,0.19401821799914235,0.22866425971,-0.9257811004841751,-0.14565450874995953,-1.2977829049173857,-0.14194599347068837,,-0.0681136557206437,-0.037411132516498455,0.0911007994,-0.1076111944439502,,-4.4181943e-06,-5.3048134e-06,0.0,1.0,-8.34465e-07,-7.599592e-07,8.2701445e-07,1.0,-1.4901161e-07,7.5250864e-07,1.1920929e-07,1.0,340,1.019,0,0,0.0,False,0.9311401353303106,0.01419436184401901
1.0234827250242233,19:54:20.813116,19:53:01.334149,0,,0.12597921,-0.024242096,0.03982903,-0.25952354,-0.6867596,-0.67897624,-0.7548262,-0.29430404,0.5861932,-0.60239935,0.66464,-0.4420053,,0.12448546,0.011253368,0.02586013,0.680828,0.6748005,0.28481132,-0.52231383,0.17469305,0.834668,0.5134799,-0.71702623,0.47139364,,0.08366778,1.2899022,0.42706782,0.99237174,0.09964037,-0.07259563,0.024203187,-0.73486674,-0.67777956,-0.12088232,0.67085224,-0.7316726,,-0.121981494,0.24939641,-0.12386938,0.27813774,0.57227975,0.7714501,-0.953182,0.26366895,0.14806335,-0.11867378,-0.77651435,0.61882305,,-0.12349698,0.4345784,-0.3153214,-0.78094745,-0.5217421,-0.3433748,-0.043080624,-0.5034505,0.8629494,-0.6231093,0.6887109,0.37069142,,1.0701004807169192,0.5111831344106688,0.19032389038000003,-0.3885554652768236,-0.056840783902423225,0.901117863508695,0.7567730584001158,,-1.5503077335690734,0.19533108258776052,0.22854500103000003,-0.9293458295234119,-0.144561416751836,-1.2987559268870976,-0.1417826494045542,,-0.0681136557206437,-0.037411132516498455,0.0911007994,-0.1076111944439502,,-4.4181943e-06,-5.3048134e-06,0.0,1.0,-8.34465e-07,-7.599592e-07,8.2701445e-07,1.0,-1.4901161e-07,7.5250864e-07,1.1920929e-07,1.0,348,1.044,0,0,0.0,False,0.9305443581451005,0.015111685658828478
1.0593174889218062,19:54:20.838267,19:53:01.334149,0,,0.12597628,-0.024243288,0.039830968,-0.25912875,-0.6868309,-0.6790548,-0.75494146,-0.29449123,0.58595085,-0.6024249,0.66448337,-0.44220603,,0.12402984,0.011384424,0.025710702,0.6828489,0.67575955,0.2776084,-0.5161554,0.17733884,0.83793473,0.5170115,-0.71547186,0.4698927,,0.08366778,1.2899022,0.42706782,0.99237174,0.09964037,-0.07259563,0.024203187,-0.73486674,-0.67777956,-0.12088232,0.67085224,-0.7316726,,-0.121978916,0.24939695,-0.12387198,0.27774206,0.5723566,0.77153563,-0.95329696,0.26342785,0.14775209,-0.1186771,-0.77653956,0.6187908,,-0.12301761,0.43460897,-0.3151935,-0.7834121,-0.52289706,-0.33592287,-0.036663633,-0.50067717,0.8648573,-0.6204202,0.6898558,0.37306526,,1.0701159261826676,0.5111754116777946,0.1903212978,-0.38897484516379266,-0.056840783902423225,0.9011178635086952,0.7561196821355787,,-1.54840021854914,0.1964508788545231,0.22841537203000004,-0.9368946674888549,-0.14483468975136687,-1.3011468107642028,-0.14112927314001733,,-0.0681136557206437,-0.037411132516498455,0.0911007994,-0.1076111944439502,,-4.4181943e-06,-5.3048134e-06,0.0,1.0,-8.34465e-07,-7.599592e-07,8.2701445e-07,1.0,-1.4901161e-07,7.5250864e-07,1.1920929e-07,1.0,389,1.17,0,0,0.0,False,0.9305443581451005,0.015449647064285088
1.0844548388849944,19:54:20.957200,19:53:01.475257,0,,0.12597069,-0.024257965,0.039842144,-0.25762683,-0.6864789,-0.6799815,-0.75587916,-0.2951868,0.58438975,-0.60189295,0.66453844,-0.44284713,,0.12388903,0.011247944,0.025971293,0.6025987,0.75825316,0.24885137,-0.52440053,0.14117432,0.8396868,0.6015637,-0.636492,0.48269996,,0.08366778,1.2899022,0.42706782,0.99237174,0.09964037,-0.07259563,0.024203187,-0.73486674,-0.67777956,-0.12088232,0.67085224,-0.7316726,,-0.12197592,0.2493941,-0.1238908,0.27611923,0.5719501,0.7724191,-0.9536678,0.26294664,0.1462078,-0.11948145,-0.77700204,0.618055,,-0.122932695,0.43473125,-0.31548366,-0.72085065,-0.6198683,-0.31006083,0.030877281,-0.47563696,0.8790996,-0.6924023,0.62412566,0.36200303,,1.0701390943812903,0.5111831344106688,0.19030314974,-0.39065236471166886,-0.05766060290101587,0.9018680496710142,0.7562830262017131,,-1.5447628113653802,0.19880631238116156,0.22829870593,-0.9800907958466668,-0.25837962105644785,-1.3218469453674364,-0.1412926172061515,,-0.0681136557206437,-0.037411132516498455,0.0911007994,-0.1076111944439502,,-4.4181943e-06,-5.3048134e-06,0.0,1.0,-8.34465e-07,-7.599592e-07,8.2701445e-07,1.0,-1.4901161e-07,7.5250864e-07,1.1920929e-07,1.0,393,1.182,0,0,0.0,False,0.9304252027080584,0.01515996585960755
