Task Time,PC1 Time,PC2 Time,Gaze Calib,s_T_psm1,Tx,Ty,Tz,R00,R01,R02,R10,R11,R12,R20,R21,R22,s_T_psm3,Tx,Ty,Tz,R00,R01,R02,R10,R11,R12,R20,R21,R22,cart_T_ecm,Tx,Ty,Tz,R00,R01,R02,R10,R11,R12,R20,R21,R22,ecm_T_psm1,Tx,Ty,Tz,R00,R01,R02,R10,R11,R12,R20,R21,R22,ecm_T_psm3,Tx,Ty,Tz,R00,R01,R02,R10,R11,R12,R20,R21,R22,psm1_joints,q1,q2,q3,q4,q5,q6,jaw,psm3_joints,q1,q2,q3,q4,q5,q6,jaw,ecm_joints,q1,q2,q3,q4,ecmi_T_ecm,Tx,Ty,Tz,R00,R01,R02,R10,R11,R12,R20,R21,R22,Sample #,Task Duration (s),Collisions (binary),Collisions (increments),Cumulative Collision Time (s),Clutch Press,MTMR Angle,MTML Angle
""
lci_T_si,,,,,-0.06340535,0.054754253,0.18611735,0.99153084,-0.022042563,0.12798724,0.07037211,-0.7370862,-0.67212474,0.10915297,0.6754392,-0.7292925
rci_T_si,,,,,-0.07167363,0.05759123,0.1936862,0.9901677,-0.04165475,0.13353959,0.0629946,-0.71957815,-0.6915482,0.12489843,0.693161,-0.709879
ecm_T_lc,,,,,-4.4061628e-05,-0.00034663224,-0.01840835,-0.99912,0.030754527,0.028518902,-0.031987965,-0.99852574,-0.043852776,0.027128186,-0.04472645,0.9986309
ecm_T_rc,,,,,-0.0043358393,0.01870579,-0.007592615,-0.99555075,-0.052743673,-0.078081585,0.04863213,-0.9973746,0.053654674,-0.08070653,0.04961868,0.9955021
cart_T_ecmi,,,,,0.0836296,1.290016,0.4269553,0.99350035,0.08788843,-0.07233704,0.015880011,-0.73628986,-0.67647994,-0.11271578,0.6709343,-0.7328999
ecmac_T_ecmrep_psm1,,,,,0.023195708,-0.2631036,-0.30022871,0.99664557,0.07921609,0.02055357,-0.078295335,0.99603295,-0.04228661,-0.023821812,0.040535513,0.9988941
ecmac_T_ecmrep_psm3,,,,,0.022281613,-0.4507852,-0.5326207,0.99995744,0.002629678,0.008843231,-0.0032003638,0.99787027,0.06515156,-0.008653069,-0.06517708,0.9978362
""
0,18:58:38.719892,18:57:19.206318,0,,0.09520404,0.017962582,0.034024492,-0.31192392,0.93612224,-0.16241488,0.9449651,0.32342994,0.049334973,0.09871325,-0.13808766,-0.9854884,,0.06684067,0.020758398,0.031721354,0.35815522,0.24532536,0.9008553,0.540691,-0.84110326,0.014089525,0.76116884,0.48203814,-0.43389073,,0.08363735,1.2900152,0.42695066,0.9935006,0.08787917,-0.07234554,0.01586753,-0.73629093,-0.67647904,-0.11271578,0.6709343,-0.7328999,,-0.07476885,0.25072196,-0.121821545,0.3578333,-0.8957758,0.26370636,0.7677131,0.121453285,-0.6291786,0.53157496,0.42759186,0.73115885,,-0.053250596,0.42943868,-0.34876364,-0.46681076,-0.33440667,-0.818694,0.88322985,-0.2230216,-0.41251224,-0.0446396,-0.91566014,0.39946684,,1.289487876207889,0.37326284800989323,0.20028069387000003,2.110738971115222,0.6174603424400255,-0.229301976152261,-0.41277045512132365,,-1.2731542961789042,0.20428945272186094,0.17735062006000002,-2.2067769652311346,-0.24334960608224945,0.7565461178637882,0.8328913932186899,,-0.06792385116448932,-0.039368082940297096,0.0911007994,-0.09583610933762131,,8.203089e-06,-1.7881393e-06,3.4570694e-06,1.0,-9.201467e-06,-8.426607e-06,9.223819e-06,1.0,-1.3709068e-06,8.426607e-06,1.4007092e-06,1.0,40,0.12,0,0,0.0,False,-0.2588652144088064,1.006738729468127
0.13218313991092145,18:58:38.759874,18:57:19.206318,0,,0.09621946,0.017734624,0.03525366,-0.30048063,0.9397362,-0.16311762,0.9476622,0.31350386,0.060427755,0.107924014,-0.13642308,-0.9847543,,0.06684297,0.020756878,0.03172165,0.3584755,0.24504638,0.90080386,0.54044753,-0.8412649,0.013778448,0.76119095,0.48189795,-0.43400753,,0.08363735,1.2900152,0.42695066,0.9935006,0.08787917,-0.07234554,0.01586753,-0.73629093,-0.67647904,-0.11271578,0.6709343,-0.7328999,,-0.075915135,0.25136542,-0.12275203,0.3457067,-0.9001421,0.26501158,0.7756768,0.11521563,-0.6205247,0.5280269,0.42008287,0.7380501,,-0.053252943,0.42943767,-0.3487647,-0.4671346,-0.33411157,-0.8186298,0.88305056,-0.22320172,-0.41279855,-0.04479881,-0.915724,0.39930266,,1.2878815477700503,0.378861829343706,0.1990323666,2.12269129789384,0.6109017904512842,-0.22452566795581658,-0.4135871754519951,,-1.2731620189117785,0.20428172998898672,0.17735062006000002,-2.2063575853441653,-0.24334960608224945,0.7566277966039288,0.8327280491525555,,-0.06792385116448932,-0.039368082940297096,0.0911007994,-0.09583610933762131,,8.203089e-06,-1.7881393e-06,3.4570694e-06,1.0,-9.201467e-06,-8.426607e-06,9.223819e-06,1.0,-1.3709068e-06,8.426607e-06,1.4007092e-06,1.0,51,0.154,0,0,0.0,False,-0.259282258438454,1.0075594928813778
0.1721391079481691,18:58:38.791705,18:57:19.206318,0,,0.0970956,0.01758372,0.03609033,-0.2918062,0.9420997,-0.16521907,0.9496491,0.30597144,0.06743863,0.11408606,-0.13722116,-0.98394847,,0.0668414,0.020757832,0.031721413,0.35847953,0.24505466,0.9008,0.5404459,-0.84126586,0.013784766,0.76119024,0.4818921,-0.43401533,,0.08363735,1.2900152,0.42695066,0.9935006,0.08787917,-0.07234554,0.01586753,-0.73629093,-0.67647904,-0.11271578,0.6709343,-0.7328999,,-0.07687881,0.2518022,-0.123361126,0.33659354,-0.90287125,0.2674477,0.7811144,0.10909138,-0.614784,0.5258946,0.41583955,0.7419652,,-0.053251337,0.42943826,-0.348764,-0.46713844,-0.33411884,-0.8186246,0.88304853,-0.22320758,-0.41279978,-0.044799037,-0.9157199,0.39931202,,1.2860049236816138,0.3833796280751273,0.19816644488000001,2.1314982755201903,0.6063927859590248,-0.22370763303875443,-0.4137505195181293,,-1.2731542961789042,0.20428945272186094,0.17735062006000002,-2.2063575853441653,-0.24334960608224945,0.7566277966039288,0.8327280491525555,,-0.06792385116448932,-0.039368082940297096,0.0911007994,-0.09583610933762131,,8.203089e-06,-1.7881393e-06,3.4570694e-06,1.0,-9.201467e-06,-8.426607e-06,9.223819e-06,1.0,-1.3709068e-06,8.426607e-06,1.4007092e-06,1.0,59,0.178,0,0,0.0,False,-0.2586269035347226,1.0069801304720243
0.2039728770032525,18:58:38.821127,18:57:19.206318,0,,0.09804804,0.017441198,0.036843732,-0.2831375,0.9442442,-0.1680361,0.95133895,0.2987226,0.07562283,0.121602476,-0.13844772,-0.98287594,,0.06684297,0.020756878,0.03172165,0.3584755,0.24504638,0.90080386,0.54044753,-0.8412649,0.013778448,0.76119095,0.48189795,-0.43400753,,0.08363735,1.2900152,0.42695066,0.9935006,0.08787917,-0.07234554,0.01586753,-0.73629093,-0.67647904,-0.11271578,0.6709343,-0.7328999,,-0.07790932,0.25218678,-0.12389517,0.32733122,-0.9053223,0.2706396,0.78725386,0.10288942,-0.6079844,0.5225759,0.41207436,0.74639744,,-0.053252943,0.42943767,-0.3487647,-0.4671346,-0.33411157,-0.8186298,0.88305056,-0.22320172,-0.41279855,-0.04479881,-0.915724,0.39930266,,1.283502758230365,0.3879978223339136,0.19735626363000003,2.14030525314654,0.6001075069698145,-0.22380984883771493,-0.4134238313858608,,-1.2731620189117785,0.20428172998898672,0.17735062006000002,-2.2063575853441653,-0.24334960608224945,0.7566277966039288,0.8327280491525555,,-0.06792385116448932,-0.039368082940297096,0.0911007994,-0.09583610933762131,,8.203089e-06,-1.7881393e-06,3.4570694e-06,1.0,-9.201467e-06,-8.426607e-06,9.223819e-06,1.0,-1.3709068e-06,8.426607e-06,1.4007092e-06,1.0,71,0.214,0,0,0.0,False,-0.25910352528289105,1.0069318502712448
0.23340397188439965,18:58:38.848858,18:57:19.346964,0,,0.09943464,0.017187707,0.037649557,-0.27044374,0.9479505,-0.16807789,0.9542375,0.28708532,0.083741754,0.12763557,-0.13773882,-0.98221034,,0.06684202,0.020754732,0.031720042,0.35881078,0.24485406,0.9007226,0.54020995,-0.84142137,0.013536155,0.7612017,0.4817224,-0.43418366,,0.08363735,1.2900152,0.42695066,0.9935006,0.08787917,-0.07234554,0.01586753,-0.73629093,-0.67647904,-0.11271578,0.6709343,-0.7328999,,-0.07938307,0.2525153,-0.1244922,0.3142958,-0.909789,0.27111268,0.793178,0.09474504,-0.60157466,0.52161944,0.404113,0.7514026,,-0.05325177,0.4294351,-0.34876534,-0.46747127,-0.33389622,-0.81852543,0.882865,-0.22341435,-0.4130804,-0.04494434,-0.9157507,0.3992251,,1.2789849594989438,0.39404472217443137,0.19639830532000002,2.1533060296425806,0.5949153199787277,-0.2212912220402028,-0.41391386358426363,,-1.27314657344603,0.2042740072561125,0.17735062006000002,-2.2059382054571963,-0.24334960608224945,0.7566277966039288,0.8327280491525555,,-0.06792385116448932,-0.039368082940297096,0.0911007994,-0.09583610933762131,,8.203089e-06,-1.7881393e-06,3.4570694e-06,1.0,-9.201467e-06,-8.426607e-06,9.223819e-06,1.0,-1.3709068e-06,8.426607e-06,1.4007092e-06,1.0,82,0.247,0,0,0.0,False,-0.25910352528289105,1.00644904826345
0.26114473189227283,18:58:38.886638,18:57:19.346964,0,,0.10088767,0.016896322,0.038236305,-0.2596841,0.9518516,-0.16291912,0.95669574,0.27655336,0.09083727,0.13151929,-0.13227512,-0.98244894,,0.06684369,0.020754643,0.031722367,0.35880074,0.24462454,0.90078896,0.54020596,-0.84142727,0.013329953,0.76120925,0.48182878,-0.43405235,,0.08363735,1.2900152,0.42695066,0.9935006,0.08787917,-0.07234554,0.01586753,-0.73629093,-0.67647904,-0.11271578,0.6709343,-0.7328999,,-0.08090301,0.25266567,-0.12494786,0.30337077,-0.91486096,0.26645,0.7973651,0.09063592,-0.5966523,0.521704,0.3934648,0.7569745,,-0.0532538,0.4294366,-0.34876674,-0.46746263,-0.333687,-0.8186157,0.8828691,-0.22331387,-0.41312593,-0.044953488,-0.9158515,0.39899284,,1.2734632054938733,0.39970548537123796,0.19559201294000003,2.164000216760291,0.5908162249857646,-0.21582503768565553,-0.4135871754519951,,-1.2731620189117785,0.2042740072561125,0.17734932377,-2.2059382054571963,-0.24334960608224945,0.7568728328243506,0.8322380169541527,,-0.06792385116448932,-0.039368082940297096,0.0911007994,-0.09583610933762131,,8.203089e-06,-1.7881393e-06,3.4570694e-06,1.0,-9.201467e-06,-8.426607e-06,9.223819e-06,1.0,-1.3709068e-06,8.426607e-06,1.4007092e-06,1.0,94,0.284,0,0,0.0,False,-0.2589843698458485,1.006545608665009
0.2989297900348902,18:58:38.921742,18:57:19.346964,0,,0.1016054,0.016708434,0.038441643,-0.2548231,0.9538117,-0.15908676,0.95794415,0.2714476,0.09305379,0.13193935,-0.12868404,-0.98286945,,0.06684673,0.020755358,0.031722605,0.35895273,0.24444357,0.9007776,0.5400793,-0.84151155,0.013143241,0.7612275,0.48177353,-0.4340817,,0.08363735,1.2900152,0.42695066,0.9935006,0.08787917,-0.07234554,0.01586753,-0.73629093,-0.67647904,-0.11271578,0.6709343,-0.7328999,,-0.08164797,0.25265032,-0.12514125,0.29857808,-0.9174831,0.26282302,0.7984517,0.08928213,-0.595402,0.52280587,0.38762546,0.75922364,,-0.05325683,0.42943698,-0.34876603,-0.46761775,-0.33350095,-0.8186029,0.88278246,-0.22339061,-0.41326964,-0.04504239,-0.9159005,0.3988702,,1.270397280542806,0.402184482623864,0.19523942206000003,2.1688230854604353,0.5898597694874064,-0.2125130714154231,-0.414730583914935,,-1.2731774643775269,0.2042740072561125,0.17735062006000002,-2.205728515513712,-0.24334960608224945,0.7569545115644911,0.8320746728880184,,-0.06792385116448932,-0.039368082940297096,0.0911007994,-0.09583610933762131,,8.203089e-06,-1.7881393e-06,3.4570694e-06,1.0,-9.201467e-06,-8.426607e-06,9.223819e-06,1.0,-1.3709068e-06,8.426607e-06,1.4007092e-06,1.0,105,0.317,0,0,0.0,False,-0.2590439475643693,1.0060628066572144
0.3340220940299332,18:58:38.953801,18:57:19.346964,0,,0.10306488,0.016230151,0.038795367,-0.24251217,0.95861673,-0.1491371,0.96108794,0.25835198,0.09779632,0.13227886,-0.119617105,-0.9839685,,0.06684385,0.020756163,0.031720042,0.35912883,0.24436204,0.90072954,0.539959,-0.8415904,0.013031572,0.7612297,0.48167703,-0.43418485,,0.08363735,1.2900152,0.42695066,0.9935006,0.08787917,-0.07234554,0.01586753,-0.73629093,-0.67647904,-0.11271578,0.6709343,-0.7328999,,-0.08316229,0.25250518,-0.12555322,0.2865122,-0.9239735,0.25334513,0.8006985,0.08571749,-0.5929034,0.5261109,0.3727271,0.7643833,,-0.053253565,0.42943588,-0.3487641,-0.46779397,-0.33340633,-0.8185408,0.8826854,-0.22350542,-0.41341472,-0.045113213,-0.91590697,0.3988474,,1.2636244438121111,0.40684901327989564,0.19451868482,2.1818238619564756,0.5880834949904556,-0.2019982985117673,-0.4148939279810693,,-1.2731542961789042,0.20428172998898672,0.17735191635000003,-2.205518825570227,-0.24334960608224945,0.7569545115644911,0.8320746728880184,,-0.06792385116448932,-0.039368082940297096,0.0911007994,-0.09583610933762131,,8.203089e-06,-1.7881393e-06,3.4570694e-06,1.0,-9.201467e-06,-8.426607e-06,9.223819e-06,1.0,-1.3709068e-06,8.426607e-06,1.4007092e-06,1.0,116,0.35,0,0,0.0,False,-0.2588652144088064,1.0064973284642296
0.3660445399582386,18:58:38.993726,18:57:19.482760,0,,0.10412676,0.015829705,0.03902091,-0.23602174,0.96135336,-0.14175147,0.96281576,0.2510835,0.099713504,0.13145119,-0.11294605,-0.98486733,,0.06684303,0.020754822,0.0317173,0.35930195,0.24426827,0.90068585,0.5398439,-0.8416662,0.012907237,0.76122963,0.48159227,-0.43427902,,0.08363735,1.2900152,0.42695066,0.9935006,0.08787917,-0.07234554,0.01586753,-0.73629093,-0.67647904,-0.11271578,0.6709343,-0.7328999,,-0.08426409,0.25233948,-0.12586531,0.28025678,-0.9278103,0.24621964,0.8012511,0.08485007,-0.5922813,0.52863294,0.3632746,0.76718885,,-0.053252336,0.42943305,-0.3487634,-0.4679668,-0.33330145,-0.8184847,0.8825905,-0.2236081,-0.41356194,-0.045179024,-0.9159201,0.39880985,,1.2584888264507519,0.4099535518953339,0.19399498366,2.188324250204496,0.5874003124916285,-0.1962137696242891,-0.4152206161133378,,-1.2731388507131558,0.2042740072561125,0.17735321264,-2.2053091356267425,-0.24334960608224945,0.7569545115644911,0.8320746728880184,,-0.06792385116448932,-0.039368082940297096,0.0911007994,-0.09583610933762131,,8.203089e-06,-1.7881393e-06,3.4570694e-06,1.0,-9.201467e-06,-8.426607e-06,9.223819e-06,1.0,-1.3709068e-06,8.426607e-06,1.4007092e-06,1.0,131,0.395,0,0,0.0,False,-0.2598184579051428,1.0057731254525375
0.4060183360707015,18:58:39.029097,18:57:19.482760,0,,0.105469055,0.015312627,0.039318725,-0.22761886,0.9646172,-0.13305444,0.96508366,0.2416669,0.1010474,0.12962672,-0.1054084,-0.98594415,,0.0668439,0.02075512,0.031716287,0.35946396,0.24416961,0.900648,0.53972125,-0.8417467,0.012789249,0.7612402,0.48150152,-0.4343611,,0.08363735,1.2900152,0.42695066,0.9935006,0.08787917,-0.07234554,0.01586753,-0.73629093,-0.67647904,-0.11271578,0.6709343,-0.7328999,,-0.085658796,0.2521307,-0.12627645,0.27223605,-0.93239,0.237774,0.8014779,0.08298263,-0.59223896,0.5324666,0.35179943,0.76988083,,-0.053253017,0.4294324,-0.34876242,-0.46813047,-0.33319086,-0.81843615,0.8824996,-0.22371778,-0.41369656,-0.045258794,-0.9159335,0.3987699,,1.2519708399049063,0.4139075911269368,0.19332869060000002,2.196711847943877,0.5874003124916285,-0.18976114915318468,-0.4155473042456064,,-1.2731388507131558,0.2042740072561125,0.17735450893000002,-2.2050994456832584,-0.24334960608224945,0.7569545115644911,0.8324013610202871,,-0.06792385116448932,-0.039368082940297096,0.0911007994,-0.09583610933762131,,8.203089e-06,-1.7881393e-06,3.4570694e-06,1.0,-9.201467e-06,-8.426607e-06,9.223819e-06,1.0,-1.3709068e-06,8.426607e-06,1.4007092e-06,1.0,142,0.427,0,0,0.0,False,-0.25910352528289105,1.0055800046494199
0.44138506706804037,18:58:39.061084,18:57:19.482760,0,,0.106337965,0.014974594,0.039605096,-0.22048487,0.9665364,-0.13112569,0.9669021,0.23427895,0.10106236,0.12840027,-0.104503006,-0.98620105,,0.06684534,0.02075506,0.031716943,0.3596209,0.2439194,0.9006531,0.5395965,-0.8418305,0.0125338435,0.7612545,0.48148185,-0.43435782,,0.08363735,1.2900152,0.42695066,0.9935006,0.08787917,-0.07234554,0.01586753,-0.73629093,-0.67647904,-0.11271578,0.6709343,-0.7328999,,-0.08657127,0.25205663,-0.12661286,0.2653874,-0.9348409,0.23588558,0.80181104,0.07813161,-0.5924479,0.5354144,0.34636384,0.7703009,,-0.05325456,0.4294327,-0.34876272,-0.4682898,-0.33294222,-0.81844616,0.8824107,-0.22376019,-0.41386315,-0.04534315,-0.91601354,0.3985764,,1.2479550188103097,0.4167495568246514,0.19283091524,2.2040509959658356,0.5879468584906902,-0.18840988848487802,-0.4140772076503979,,-1.27314657344603,0.2042740072561125,0.17735450893000002,-2.2048897557397735,-0.24334960608224945,0.7571178690447722,0.8320746728880185,,-0.06792385116448932,-0.039368082940297096,0.0911007994,-0.09583610933762131,,8.203089e-06,-1.7881393e-06,3.4570694e-06,1.0,-9.201467e-06,-8.426607e-06,9.223819e-06,1.0,-1.3709068e-06,8.426607e-06,1.4007092e-06,1.0,149,0.449,0,0,0.0,False,-0.2589247921273281,1.0058214056533172
0.4733772750478238,18:58:39.086728,18:57:19.482760,0,,0.10714514,0.014721133,0.03997089,-0.21154466,0.96876246,-0.1294148,0.96889645,0.22526067,0.102455586,0.128407,-0.10371566,-0.98628324,,0.0668467,0.020754226,0.031715512,0.3597839,0.24374321,0.9006358,0.5394773,-0.84190977,0.012340814,0.761262,0.48143247,-0.43439943,,0.08363735,1.2900152,0.42695066,0.9935006,0.08787917,-0.07234554,0.01586753,-0.73629093,-0.67647904,-0.11271578,0.6709343,-0.7328999,,-0.08742526,0.25210002,-0.12695694,0.25663155,-0.93768483,0.23428054,0.80306804,0.07199704,-0.59152186,0.5377936,0.3399464,0.7715015,,-0.053255677,0.4294309,-0.34876227,-0.4684539,-0.3327618,-0.81842566,0.88231975,-0.22382975,-0.41401947,-0.045418147,-0.9160621,0.39845622,,1.2445801845442734,0.4198927091044608,0.19233184359000002,2.213487043422639,0.5880834949904556,-0.18558087174351423,-0.4140772076503979,,-1.27314657344603,0.20426628452323828,0.17735580522000002,-2.204680065796289,-0.24334960608224945,0.7571995477849127,0.8319113288218842,,-0.06792385116448932,-0.039368082940297096,0.0911007994,-0.09583610933762131,,8.203089e-06,-1.7881393e-06,3.4570694e-06,1.0,-9.201467e-06,-8.426607e-06,9.223819e-06,1.0,-1.3709068e-06,8.426607e-06,1.4007092e-06,1.0,164,0.493,0,0,0.0,False,-0.25868648125324345,1.0058696858540968
0.49901095195673406,18:58:39.132148,18:57:19.604557,0,,0.10810004,0.014470451,0.04053332,-0.20071569,0.9712602,-0.1279333,0.9712743,0.21433513,0.10337573,0.12782511,-0.10350925,-0.9863806,,0.06684892,0.02075366,0.03171307,0.36010876,0.2435418,0.9005604,0.53923523,-0.8420683,0.012098581,0.7612799,0.48125708,-0.4345625,,0.08363735,1.2900152,0.42695066,0.9935006,0.08787917,-0.07234554,0.01586753,-0.73629093,-0.67647904,-0.11271578,0.6709343,-0.7328999,,-0.08844561,0.2522755,-0.12742503,0.24608316,-0.94085705,0.23287573,0.80416214,0.06406219,-0.59094775,0.5410788,0.33269215,0.7723663,,-0.053257477,0.42942846,-0.34876084,-0.4687816,-0.3325375,-0.81832916,0.8821377,-0.22404264,-0.41429213,-0.045572955,-0.91609156,0.39837092,,1.2410972320179983,0.4241479349181585,0.19168369859,2.224600610427319,0.5895864964878755,-0.1829675678975685,-0.4135871754519951,,-1.27314657344603,0.20425856179036406,0.1773583978,-2.20426068590932,-0.24334960608224945,0.7571995477849127,0.8319113288218842,,-0.06792385116448932,-0.039368082940297096,0.0911007994,-0.09583610933762131,,8.203089e-06,-1.7881393e-06,3.4570694e-06,1.0,-9.201467e-06,-8.426607e-06,9.223819e-06,1.0,-1.3709068e-06,8.426607e-06,1.4007092e-06,1.0,175,0.526,0,0,0.0,False,-0.2594609915940169,1.0057731254525375
0.5443694470450282,18:58:39.162538,18:57:19.604557,0,,0.108705975,0.01432807,0.040996954,-0.19385666,0.9727358,-0.12729776,0.9725698,0.20756438,0.1049996,0.12855917,-0.10345113,-0.9862912,,0.066848814,0.020752825,0.031710982,0.36011484,0.24346875,0.9005778,0.5392408,-0.8420658,0.012023509,0.761273,0.48129845,-0.43452865,,0.08363735,1.2900152,0.42695066,0.9935006,0.08787917,-0.07234554,0.01586753,-0.73629093,-0.67647904,-0.11271578,0.6709343,-0.7328999,,-0.08910281,0.25247157,-0.12778838,0.23927763,-0.94274414,0.2323354,0.80544937,0.059099123,-0.58971065,0.5422154,0.32823896,0.77347374,,-0.05325705,0.42942637,-0.3487601,-0.46878636,-0.33247203,-0.81835306,0.8821356,-0.22400217,-0.41431838,-0.045563586,-0.9161252,0.3982946,,1.2391897169980648,0.4271675234719803,0.19120018242000003,2.2315203785623083,0.5898597694874064,-0.18147515016200946,-0.4150572720472036,,-1.2731388507131558,0.20425083905748984,0.17735969409000002,-2.20426068590932,-0.24334960608224945,0.7572812265250534,0.83174798475575,,-0.06792385116448932,-0.039368082940297096,0.0911007994,-0.09583610933762131,,8.203089e-06,-1.7881393e-06,3.4570694e-06,1.0,-9.201467e-06,-8.426607e-06,9.223819e-06,1.0,-1.3709068e-06,8.426607e-06,1.4007092e-06,1.0,186,0.559,0,0,0.0,False,-0.259282258438454,1.005676565050979
0.5748320498969406,18:58:39.186737,18:57:19.604557,0,,0.10928081,0.014146984,0.041486666,-0.18700112,0.9741457,-0.12677073,0.9739368,0.20071015,0.10565269,0.12836507,-0.10370956,-0.9862894,,0.066849455,0.020751454,0.031708837,0.36044472,0.24319808,0.9005189,0.53900063,-0.84222394,0.011712521,0.76128703,0.48115855,-0.43465903,,0.08363735,1.2900152,0.42695066,0.9935006,0.08787917,-0.07234554,0.01586753,-0.73629093,-0.67647904,-0.11271578,0.6709343,-0.7328999,,-0.089734145,0.2526577,-0.12820049,0.23257363,-0.9445391,0.231852,0.80615884,0.053861406,-0.58924264,0.54407483,0.32395184,0.7739753,,-0.053257365,0.42942384,-0.3487597,-0.46911827,-0.33218515,-0.8182793,0.8819514,-0.2241807,-0.41461393,-0.045713846,-0.9161856,0.39813843,,1.2374057657041189,0.4300558255669403,0.19068037013000003,2.238440146697297,0.5910894979852953,-0.18010922783120098,-0.4155473042456064,,-1.2731311279802815,0.20424311632461561,0.17736099038000003,-2.2038413060223507,-0.24334960608224945,0.7573629052651939,0.8315846406896157,,-0.06792385116448932,-0.039368082940297096,0.0911007994,-0.09583610933762131,,8.203089e-06,-1.7881393e-06,3.4570694e-06,1.0,-9.201467e-06,-8.426607e-06,9.223819e-06,1.0,-1.3709068e-06,8.426607e-06,1.4007092e-06,1.0,197,0.591,0,0,0.0,False,-0.25963972474957986,1.005676565050979
0.598929937928915,18:58:39.226472,18:57:19.604557,0,,0.10992022,0.013849109,0.042049065,-0.17772014,0.9760602,-0.12538788,0.9756746,0.19138458,0.10691506,0.1283527,-0.10333684,-0.9863301,,0.06685182,0.02075348,0.031704664,0.36060655,0.2430993,0.90048075,0.53887767,-0.8423042,0.011594564,0.7612973,0.48106796,-0.4347412,,0.08363735,1.2900152,0.42695066,0.9935006,0.08787917,-0.07234554,0.01586753,-0.73629093,-0.67647904,-0.11271578,0.6709343,-0.7328999,,-0.0904441,0.25280598,-0.128737,0.22346562,-0.9470507,0.23056047,0.8072066,0.04722716,-0.5883767,0.54633385,0.31759188,0.77501917,,-0.053258993,0.4294218,-0.3487552,-0.4692818,-0.33207443,-0.8182305,0.88186026,-0.22429018,-0.41474858,-0.04579367,-0.91619897,0.39809853,,1.2351275595062228,0.43305224592213937,0.19002703997,2.2482955740410704,0.5920459534836535,-0.1765601799296262,-0.4153839601794721,,-1.2731311279802815,0.20424311632461561,0.17736617554,-2.2036316160788667,-0.24334960608224945,0.7573629052651939,0.8315846406896157,,-0.06792385116448932,-0.039368082940297096,0.0911007994,-0.09583610933762131,,8.203089e-06,-1.7881393e-06,3.4570694e-06,1.0,-9.201467e-06,-8.426607e-06,9.223819e-06,1.0,-1.3709068e-06,8.426607e-06,1.4007092e-06,1.0,208,0.624,0,0,0.0,False,-0.26017592421626956,1.0058696858540968
0.6387446869630367,18:58:39.262837,18:57:19.733628,0,,0.110296786,0.0135509,0.042418674,-0.175136,0.9767901,-0.12332288,0.9760947,0.18864067,0.10795289,0.1287109,-0.101468414,-0.98647743,,0.06685592,0.020758815,0.031698406,0.36060047,0.2430988,0.90048337,0.5388721,-0.8423077,0.011600941,0.76130414,0.48106205,-0.43473572,,0.08363735,1.2900152,0.42695066,0.9935006,0.08787917,-0.07234554,0.01586753,-0.73629093,-0.67647904,-0.11271578,0.6709343,-0.7328999,,-0.09087363,0.25282928,-0.12916395,0.22088921,-0.9481325,0.22858854,0.80769706,0.04646551,-0.58776397,0.5466566,0.314461,0.77606755,,-0.053261932,0.4294202,-0.3487466,-0.469277,-0.33207306,-0.81823385,0.88186234,-0.2242968,-0.4147406,-0.04580304,-0.91619784,0.39810005,,1.2335675674656295,0.4344268923737513,0.1895305609,2.2508118533628845,0.5916360439843571,-0.17491906637628782,-0.4157106483117407,,-1.2731388507131558,0.20425083905748984,0.17737524957,-2.2036316160788667,-0.24334960608224945,0.7573629052651939,0.8315846406896157,,-0.06792385116448932,-0.039368082940297096,0.0911007994,-0.09583610933762131,,8.203089e-06,-1.7881393e-06,3.4570694e-06,1.0,-9.201467e-06,-8.426607e-06,9.223819e-06,1.0,-1.3709068e-06,8.426607e-06,1.4007092e-06,1.0,219,0.657,0,0,0.0,False,-0.2598780356236645,1.0058696858540968
0.6751027449499816,18:58:39.291496,18:57:19.733628,0,,0.110560074,0.013195738,0.042782888,-0.17143804,0.9775135,-0.122785404,0.9766427,0.18501067,0.10926992,0.1295293,-0.1011845,-0.9863994,,0.06686049,0.020758547,0.031692386,0.36108804,0.24279436,0.90037006,0.5385103,-0.84254396,0.011234641,0.7613291,0.48080185,-0.43497983,,0.08363735,1.2900152,0.42695066,0.9935006,0.08787917,-0.07234554,0.01586753,-0.73629093,-0.67647904,-0.11271578,0.6709343,-0.7328999,,-0.091193624,0.25280982,-0.12963866,0.21716827,-0.9491025,0.22812785,0.8085677,0.043977905,-0.58675736,0.54686034,0.3118819,0.77696425,,-0.05326548,0.42941505,-0.34874237,-0.46976835,-0.3317348,-0.81808907,0.8815887,-0.2246126,-0.4151512,-0.046033,-0.91624296,0.39796957,,1.2322855938085082,0.4352223338597965,0.18900556345000002,2.2550056522325748,0.5906795884859991,-0.17324067490886674,-0.415873992377875,,-1.2731388507131558,0.2042353935917414,0.17738173102000002,-2.203002546248413,-0.24334960608224945,0.7573629052651939,0.8315846406896157,,-0.06792385116448932,-0.039368082940297096,0.0911007994,-0.09583610933762131,,8.203089e-06,-1.7881393e-06,3.4570694e-06,1.0,-9.201467e-06,-8.426607e-06,9.223819e-06,1.0,-1.3709068e-06,8.426607e-06,1.4007092e-06,1.0,230,0.69,0,0,0.0,False,-0.2596993024681016,1.0056282848501994
0.7037877088878304,18:58:39.325848,18:57:19.733628,0,,0.11067734,0.01274059,0.043165818,-0.16566217,0.9785095,-0.1227815,0.9774521,0.17944771,0.11129099,0.130932,-0.10157637,-0.9861739,,0.06686486,0.020760693,0.031688213,0.3607075,0.24198654,0.9007401,0.53804934,-0.84284204,0.01096651,0.7618352,0.4806868,-0.4342201,,0.08363735,1.2900152,0.42695066,0.9935006,0.08787917,-0.07234554,0.01586753,-0.73629093,-0.67647904,-0.11271578,0.6709343,-0.7328999,,-0.091376655,0.25273314,-0.13021152,0.21134104,-0.9503937,0.22822538,0.8099779,0.039606728,-0.5851215,0.5470565,0.3085177,0.7781684,,-0.05326908,0.42941284,-0.3487375,-0.4694825,-0.33092427,-0.8185813,0.8817031,-0.2248058,-0.41480362,-0.046753224,-0.91648865,0.39731935,,1.231351143130727,0.4352609475241676,0.18840667747,2.262135110311049,0.5890399504888139,-0.16961665534057396,-0.41587399237787503,,-1.2731079597816588,0.20419677992737026,0.17739210134000002,-2.2032122361918973,-0.24457933458013842,0.7585290238787428,0.8309312644250785,,-0.06792385116448932,-0.039368082940297096,0.0911007994,-0.09583610933762131,,8.203089e-06,-1.7881393e-06,3.4570694e-06,1.0,-9.201467e-06,-8.426607e-06,9.223819e-06,1.0,-1.3709068e-06,8.426607e-06,1.4007092e-06,1.0,241,0.722,0,0,0.0,False,-0.259282258438454,1.0059662462556558
0.738106369972229,18:58:39.360338,18:57:19.733628,0,,0.1106484,0.012457378,0.04345356,-0.1621555,0.9790312,-0.12330301,0.97794974,0.17611265,0.11224279,0.1316042,-0.10238339,-0.986001,,0.0668686,0.02075953,0.031682372,0.360361,0.24137762,0.90104204,0.53795344,-0.84290713,0.01065594,0.76206684,0.48087865,-0.43360078,,0.08363735,1.2900152,0.42695066,0.9935006,0.08787917,-0.07234554,0.01586753,-0.73629093,-0.67647904,-0.11271578,0.6709343,-0.7328999,,-0.09139434,0.25272143,-0.13061576,0.2078217,-0.9510352,0.22878426,0.81071675,0.036599483,-0.5842934,0.54731023,0.30690807,0.7786263,,-0.05327185,0.4294074,-0.34873414,-0.46917966,-0.33035547,-0.81898457,0.88185024,-0.2246391,-0.414581,-0.047016848,-0.9167347,0.39672014,,1.231389756795098,0.43506015646943774,0.18800353128000002,2.2665385991242237,0.588493404489752,-0.1673740514426958,-0.416527368642412,,-1.2731002370487847,0.20416588899587337,0.17739599021000002,-2.2032122361918973,-0.24457933458013842,0.758692381359024,0.8309312644250786,,-0.06792385116448932,-0.039368082940297096,0.0911007994,-0.09583610933762131,,8.203089e-06,-1.7881393e-06,3.4570694e-06,1.0,-9.201467e-06,-8.426607e-06,9.223819e-06,1.0,-1.3709068e-06,8.426607e-06,1.4007092e-06,1.0,252,0.755,0,0,0.0,False,-0.25910352528289105,1.0059179660548763
0.7726103169843554,18:58:39.383204,18:57:19.884621,0,,0.110532254,0.012243338,0.043832257,-0.15804026,0.98011184,-0.12001699,0.97802615,0.172111,0.11765447,0.13597065,-0.09878563,-0.98577553,,0.066869095,0.020760186,0.0316813,0.360361,0.24130401,0.9010618,0.53795344,-0.842908,0.010587066,0.76206684,0.48091412,-0.43356153,,0.08363735,1.2900152,0.42695066,0.9935006,0.08787917,-0.07234554,0.01586753,-0.73629093,-0.67647904,-0.11271578,0.6709343,-0.7328999,,-0.09133035,0.25282428,-0.13104938,0.20329954,-0.952717,0.22583094,0.8136408,0.036081053,-0.5802472,0.54466313,0.30170926,0.7825047,,-0.05327216,0.42940694,-0.34873295,-0.46917966,-0.3302886,-0.81901157,0.88185024,-0.22460523,-0.41459936,-0.047016848,-0.9167671,0.39664528,,1.2321543073496464,0.4349443154763244,0.18756408897000001,2.271780847711337,0.584804218996085,-0.1597100798548804,-0.4153839601794721,,-1.2731002370487847,0.20416588899587337,0.17739728650000003,-2.2032122361918973,-0.24457933458013842,0.7587740600991646,0.8310946084912129,,-0.06792385116448932,-0.039368082940297096,0.0911007994,-0.09583610933762131,,8.203089e-06,-1.7881393e-06,3.4570694e-06,1.0,-9.201467e-06,-8.426607e-06,9.223819e-06,1.0,-1.3709068e-06,8.426607e-06,1.4007092e-06,1.0,263,0.788,0,0,0.0,False,-0.2593418361569748,1.0058214056533172
0.7954808550421149,18:58:39.420461,18:57:19.884621,0,,0.11044127,0.012187101,0.044040397,-0.15557876,0.9806519,-0.1188151,0.97782063,0.16995889,0.12239534,0.14022079,-0.097137794,-0.98534375,,0.06687187,0.020758577,0.031681776,0.36019123,0.2413863,0.9011076,0.53807956,-0.84282625,0.010692567,0.76205814,0.48101625,-0.4334636,,0.08363735,1.2900152,0.42695066,0.9935006,0.08787917,-0.07234554,0.01586753,-0.73629093,-0.67647904,-0.11271578,0.6709343,-0.7328999,,-0.09126445,0.2529265,-0.1312493,0.20041396,-0.9535517,0.22488515,0.8163181,0.0356083,-0.576504,0.5417186,0.29911727,0.7855379,,-0.053275,0.42940596,-0.3487341,-0.4690085,-0.33038485,-0.81907076,0.88194555,-0.22448438,-0.41446203,-0.046936613,-0.91676205,0.39666653,,1.2328107396439554,0.4349443154763244,0.18735538628,2.2749261968636048,0.5811150335024182,-0.15555829409310917,-0.41538396017947216,,-1.273115682514533,0.2041504435301249,0.17739728650000003,-2.203421926135382,-0.24457933458013842,0.7587740600991646,0.8310946084912129,,-0.06792385116448932,-0.039368082940297096,0.0911007994,-0.09583610933762131,,8.203089e-06,-1.7881393e-06,3.4570694e-06,1.0,-9.201467e-06,-8.426607e-06,9.223819e-06,1.0,-1.3709068e-06,8.426607e-06,1.4007092e-06,1.0,274,0.821,0,0,0.0,False,-0.25975888018662197,1.005483444247861
0.8327122039627284,18:58:39.461334,18:57:19.884621,0,,0.110267,0.012139581,0.04443507,-0.15233612,0.9815164,-0.11584188,0.97686803,0.16732967,0.13315174,0.15007421,-0.092878446,-0.9843024,,0.06687107,0.020758994,0.03167838,0.3603631,0.24136978,0.9010433,0.53796065,-0.8429028,0.010643303,0.76206076,0.4808904,-0.43359846,,0.08363735,1.2900152,0.42695066,0.9935006,0.08787917,-0.07234554,0.01586753,-0.73629093,-0.67647904,-0.11271578,0.6709343,-0.7328999,,-0.09113412,0.25316375,-0.13158861,0.19614168,-0.95500124,0.22248845,0.8222338,0.036551196,-0.567975,0.5342846,0.2943411,0.7924035,,-0.053273655,0.42940378,-0.3487317,-0.46918058,-0.33034956,-0.8189864,0.88185024,-0.22462662,-0.41458774,-0.047007278,-0.9167399,0.3967093,,1.23420855429419,0.4350447110036893,0.1869898325,2.279119995733295,0.57237029751743,-0.14769243959527317,-0.41554730424560643,,-1.2731002370487847,0.2041504435301249,0.17739987908000002,-2.2032122361918973,-0.24457933458013842,0.758692381359024,0.8312579525573471,,-0.06792385116448932,-0.039368082940297096,0.0911007994,-0.09583610933762131,,8.203089e-06,-1.7881393e-06,3.4570694e-06,1.0,-9.201467e-06,-8.426607e-06,9.223819e-06,1.0,-1.3709068e-06,8.426607e-06,1.4007092e-06,1.0,285,0.853,0,0,0.0,False,-0.2603546573718325,1.005676565050979
0.8736241918522865,18:58:39.485822,18:57:19.884621,0,,0.11013747,0.012100197,0.0447049,-0.15067074,0.9822309,-0.111896604,0.9763827,0.16558313,0.13877624,0.15483838,-0.08834443,-0.98398185,,0.06686998,0.020758785,0.031677723,0.36036813,0.24137416,0.90104014,0.5379627,-0.84290147,0.010643274,0.762057,0.48089045,-0.43360507,,0.08363735,1.2900152,0.42695066,0.9935006,0.08787917,-0.07234554,0.01586753,-0.73629093,-0.67647904,-0.11271578,0.6709343,-0.7328999,,-0.091035135,0.25332114,-0.13182643,0.1939776,-0.95627534,0.21888396,0.82507354,0.038331766,-0.5637236,0.53068477,0.28994513,0.796433,,-0.053272482,0.42940328,-0.34873158,-0.4691849,-0.3303539,-0.8189822,0.8818482,-0.22462621,-0.41459233,-0.047002696,-0.91673845,0.3967132,,1.2352820141637073,0.4350910474009346,0.18674612998,2.2812168951681406,0.5684078390242323,-0.14103081330217332,-0.41718074490694923,,-1.2730925143159104,0.2041504435301249,0.17739987908000002,-2.2032122361918973,-0.24457933458013842,0.758692381359024,0.8312579525573471,,-0.06792385116448932,-0.039368082940297096,0.0911007994,-0.09583610933762131,,8.203089e-06,-1.7881393e-06,3.4570694e-06,1.0,-9.201467e-06,-8.426607e-06,9.223819e-06,1.0,-1.3709068e-06,8.426607e-06,1.4007092e-06,1.0,296,0.886,0,0,0.0,False,-0.2599971910607066,1.0057731254525375
0.8980419558938593,18:58:39.524381,18:57:19.884621,0,,0.11002645,0.0121313855,0.044877514,-0.14889562,0.9828503,-0.10879087,0.97547626,0.16402449,0.14677137,0.16209847,-0.08426933,-0.98316973,,0.06685811,0.020764269,0.03166896,0.36038223,0.24136965,0.9010357,0.53796947,-0.84289736,0.010626912,0.76204556,0.4808999,-0.43361467,,0.08363735,1.2900152,0.42695066,0.9935006,0.08787917,-0.07234554,0.01586753,-0.73629093,-0.67647904,-0.11271578,0.6709343,-0.7328999,,-0.090940386,0.25346386,-0.13194369,0.19142698,-0.95739716,0.21620919,0.8292967,0.03994081,-0.55737936,0.52499783,0.285999,0.801612,,-0.05325926,0.42940167,-0.34872317,-0.46919686,-0.33035088,-0.8189766,0.8818426,-0.22461598,-0.4146098,-0.046988517,-0.916742,0.39670658,,1.2360929011155009,0.4351064928666831,0.18660872324000002,2.2835234845464703,0.5617126505357257,-0.13491790609992418,-0.41620068051014353,,-1.2730925143159104,0.20413499806437646,0.17739987908000002,-2.2032122361918973,-0.24457933458013842,0.758692381359024,0.8312579525573471,,-0.06792385116448932,-0.039368082940297096,0.0911007994,-0.09583610933762131,,8.203089e-06,-1.7881393e-06,3.4570694e-06,1.0,-9.201467e-06,-8.426607e-06,9.223819e-06,1.0,-1.3709068e-06,8.426607e-06,1.4007092e-06,1.0,307,0.919,0,0,0.0,False,-0.259282258438454,1.005676565050979
0.9366686220746487,18:58:39.553668,18:57:19.884621,0,,0.109965935,0.012234919,0.04497221,-0.14698286,0.98344713,-0.10596086,0.9738542,0.1626383,0.1586087,0.17321628,-0.079877734,-0.98163927,,0.06683784,0.020755228,0.031672716,0.36071908,0.2410677,0.9009818,0.5377138,-0.84306467,0.01029101,0.76206654,0.48075825,-0.43373495,,0.083661854,1.290023,0.42695612,0.993501,0.087858446,-0.07236459,0.015839556,-0.73629344,-0.676477,-0.11271578,0.6709343,-0.7328999,,-0.0909046,0.25360698,-0.13193758,0.1883336,-0.95851177,0.21397576,0.8356089,0.041912537,-0.5477236,0.51603127,0.2819548,0.8088345,,-0.053261608,0.42940065,-0.34872422,-0.46951976,-0.33005494,-0.81891084,0.8816622,-0.2247945,-0.41489658,-0.047147997,-0.91680485,0.39654243,,1.2365639878208285,0.4351991656611738,0.18655168648,2.2860397638682843,0.5509183670542559,-0.12872961139240482,-0.4168540567746807,,-1.2731002370487847,0.20412727533150224,0.17739987908000002,-2.2027928563049284,-0.24457933458013842,0.7587740600991646,0.8310946084912129,,-0.06792385116448932,-0.039368082940297096,0.0911007994,-0.09583610933762131,,3.2063574e-05,-1.7285347e-06,-7.5101852e-06,1.0,-2.9832125e-05,-2.7321279e-05,2.9854476e-05,1.0,-4.5597553e-06,2.7321279e-05,4.5895576e-06,1.0,315,0.944,0,0,0.0,False,-0.2598184579051428,1.0057248452517584
0.9659106349572539,18:58:39.582057,18:57:20.051238,0,,0.1099218,0.01243452,0.045048535,-0.14301491,0.98440915,-0.102398135,0.97051334,0.15977076,0.18049073,0.1940366,-0.073565975,-0.97823197,,0.066838816,0.020752903,0.03167188,0.36072114,0.24105985,0.900983,0.5377211,-0.84306026,0.010278344,0.7620605,0.48077,-0.43373257,,0.083661854,1.290023,0.42695612,0.993501,0.087858446,-0.07236459,0.015839556,-0.73629344,-0.676477,-0.11271578,0.6709343,-0.7328999,,-0.09085621,0.2538063,-0.13186313,0.18208814,-0.9602799,0.21143912,0.84720254,0.044071987,-0.52943885,0.49909094,0.2755363,0.82157654,,-0.053262476,0.42939842,-0.3487253,-0.4695207,-0.330049,-0.8189127,0.88166225,-0.22478202,-0.4149033,-0.04713843,-0.9168101,0.39653155,,1.2367107197454388,0.43539995671590365,0.18653094584000002,2.291072322511913,0.530149619089909,-0.11939021286362116,-0.4183241533698891,,-1.2731002370487847,0.2041118298657538,0.17739987908000002,-2.2027928563049284,-0.24457933458013842,0.7587740600991646,0.8310946084912129,,-0.06792385116448932,-0.039368082940297096,0.0911007994,-0.09583610933762131,,3.2063574e-05,-1.7285347e-06,-7.5101852e-06,1.0,-2.9832125e-05,-2.7321279e-05,2.9854476e-05,1.0,-4.5597553e-06,2.7321279e-05,4.5895576e-06,1.0,333,0.997,0,0,0.0,False,-0.26053339052739544,1.0059662462556558
0.9943411590065807,18:58:39.629969,18:57:20.051238,0,,NaN,NaN,NaN,NaN,NaN,NaN,NaN,NaN,NaN,NaN,NaN,NaN,,NaN,NaN,NaN,NaN,NaN,NaN,NaN,NaN,NaN,NaN,NaN,NaN,,NaN,NaN,NaN,NaN,NaN,NaN,NaN,NaN,NaN,NaN,NaN,NaN,,-0.09084598,0.2539838,-0.13163805,0.1729073,-0.96220636,0.21038525,0.8627662,0.044925813,-0.5036031,0.4751184,0.26858994,0.83792716,,-0.05325501,0.429396,-0.3487229,-0.46726844,-0.3320472,-0.819393,0.88294727,-0.22288786,-0.41318893,-0.045434512,-0.91655093,0.39732864,,1.2361237920469976,0.43552352044189124,0.18661909356000003,2.2984114705338716,0.5004994986408083,-0.10966966476637718,-0.41522061611333794,,-1.2731002370487847,0.20410410713287958,0.17739987908000002,-2.2059382054571963,-0.24403278858107663,0.7585734247048004,0.831257952557347,,-0.06792385116448932,-0.039368082940297096,0.0911007994,-0.09583610933762131,,NaN,NaN,NaN,NaN,NaN,NaN,NaN,NaN,NaN,NaN,NaN,NaN,345,1.034,0,0,0.0,False,-0.2604738128088746,1.005676565050979
1.0422601539175957,18:58:39.673005,18:57:20.051238,0,,0.10997397,0.012955517,0.044770777,-0.13427609,0.9858505,-0.100343,0.96249825,0.15383905,0.22345155,0.23572624,-0.066575825,-0.96953636,,0.066832386,0.020750966,0.03166485,0.35881674,0.24205674,0.901476,0.54020524,-0.84146243,0.010923147,0.76120216,0.48306274,-0.4326911,,0.083661854,1.290023,0.42695612,0.993501,0.087858446,-0.07236459,0.015839556,-0.73629344,-0.676477,-0.11271578,0.6709343,-0.7328999,,-0.090847984,0.2539987,-0.13130258,0.16871308,-0.9627807,0.21116157,0.8694256,0.04443265,-0.4920619,0.46436524,0.26660654,0.84456253,,-0.053255033,0.42939264,-0.34872293,-0.46745995,-0.33137476,-0.81955594,0.88287115,-0.22213289,-0.4137578,-0.04494145,-0.9169775,0.39639944,,1.2353901324239465,0.4354926295103943,0.18689261075000002,2.3017665096296236,0.48697248516402974,-0.10705220253490941,-0.4157106483117407,,-1.273115682514533,0.20410410713287958,0.17739987908000002,-2.2059382054571963,-0.24348624258201487,0.7595979704125448,0.8315846406896157,,-0.06792385116448932,-0.039368082940297096,0.0911007994,-0.09583610933762131,,3.2063574e-05,-1.7285347e-06,-7.5101852e-06,1.0,-2.9832125e-05,-2.7321279e-05,2.9854476e-05,1.0,-4.5597553e-06,2.7321279e-05,4.5895576e-06,1.0,370,1.111,0,0,0.0,False,-0.2607121236829584,1.005483444247861
1.0852843548636883,18:58:39.744872,18:57:20.182352,0,,0.11005658,0.013981581,0.04384482,-0.126941,0.98604906,-0.107672565,0.9514829,0.15172224,0.2676945,0.280296,-0.068467274,-0.95746875,,0.06683233,0.020748105,0.03166145,0.3591393,0.24198273,0.9013675,0.54060245,-0.8412135,0.010436982,0.76076794,0.48353308,-0.43292925,,0.083661854,1.290023,0.42695612,0.993501,0.087858446,-0.07236459,0.015839556,-0.73629344,-0.676477,-0.11271578,0.6709343,-0.7328999,,-0.09077357,0.2541208,-0.12992541,0.156257,-0.96291715,0.21994172,0.89143634,0.041590445,-0.4512333,0.42535278,0.26657242,0.8648781,,-0.053254474,0.4293882,-0.3487229,-0.4677013,-0.33137327,-0.81941885,0.8827746,-0.22161077,-0.41424352,-0.044322822,-0.91710436,0.39617553,,1.2333976673423965,0.43543084764740053,0.18807223465000003,2.310363797312489,0.4396962562451874,-0.10591047084032511,-0.41865084150215776,,-1.2731311279802815,0.20410410713287958,0.17739987908000002,-2.2059382054571963,-0.24280306008318767,0.7598576682954685,0.8309312644250786,,-0.06792385116448932,-0.039368082940297096,0.0911007994,-0.09583610933762131,,3.2063574e-05,-1.7285347e-06,-7.5101852e-06,1.0,-2.9832125e-05,-2.7321279e-05,2.9854476e-05,1.0,-4.5597553e-06,2.7321279e-05,4.5895576e-06,1.0,378,1.136,0,0,0.0,False,-0.26011634649774784,1.0059179660548763
