Task Time,PC1 Time,PC2 Time,Gaze Calib,s_T_psm1,Tx,Ty,Tz,R00,R01,R02,R10,R11,R12,R20,R21,R22,s_T_psm3,Tx,Ty,Tz,R00,R01,R02,R10,R11,R12,R20,R21,R22,cart_T_ecm,Tx,Ty,Tz,R00,R01,R02,R10,R11,R12,R20,R21,R22,ecm_T_psm1,Tx,Ty,Tz,R00,R01,R02,R10,R11,R12,R20,R21,R22,ecm_T_psm3,Tx,Ty,Tz,R00,R01,R02,R10,R11,R12,R20,R21,R22,psm1_joints,q1,q2,q3,q4,q5,q6,jaw,psm3_joints,q1,q2,q3,q4,q5,q6,jaw,ecm_joints,q1,q2,q3,q4,ecmi_T_ecm,Tx,Ty,Tz,R00,R01,R02,R10,R11,R12,R20,R21,R22,Sample #,Task Duration (s),Collisions (binary),Collisions (increments),Cumulative Collision Time (s),Clutch Press,MTMR Angle,MTML Angle
""
lci_T_si,,,,,-0.0493608,0.027893092,0.20932992,0.98721725,-0.03466899,0.1555641,0.080758385,-0.7326672,-0.6757787,0.13740528,0.6797035,-0.7205019
rci_T_si,,,,,-0.05870397,0.032032646,0.21918625,0.9859643,-0.04950044,0.15944943,0.07462208,-0.7236772,-0.68609244,0.1493518,0.6883611,-0.70982605
ecm_T_lc,,,,,-4.4061628e-05,-0.00034663224,-0.01840835,-0.99912,0.030754527,0.028518902,-0.031987965,-0.99852574,-0.043852776,0.027128186,-0.04472645,0.9986309
ecm_T_rc,,,,,-0.0043358393,0.01870579,-0.007592615,-0.99555075,-0.052743673,-0.078081585,0.04863213,-0.9973746,0.053654674,-0.08070653,0.04961868,0.9955021
cart_T_ecmi,,,,,0.083672695,1.2898984,0.4270709,0.99237174,0.099641204,-0.072594866,0.024204304,-0.7348666,-0.6777796,-0.12088232,0.67085224,-0.7316726
ecmac_T_ecmrep_psm1,,,,,0.023195708,-0.2631036,-0.30022871,0.99664557,0.07921609,0.02055357,-0.078295335,0.99603295,-0.04228661,-0.023821812,0.040535513,0.9988941
ecmac_T_ecmrep_psm3,,,,,0.022281613,-0.4507852,-0.5326207,0.99995744,0.002629678,0.008843231,-0.0032003638,0.99787027,0.06515156,-0.008653069,-0.06517708,0.9978362
""
0,19:56:14.143585,19:54:54.637483,0,,0.1359328,0.009445682,0.022561774,-0.8690068,-0.12540594,-0.47864446,-0.475463,-0.05615014,0.87794197,-0.13697511,0.99051523,-0.010831058,,0.07596758,0.0020286143,0.058148384,0.5819742,0.1561726,0.7980703,-0.7889412,0.34638238,0.5075342,-0.19717464,-0.92500234,0.32479668,,0.08369723,1.2899003,0.4270653,0.99237233,0.099622376,-0.07261223,0.024178883,-0.7348692,-0.67777777,-0.12088232,0.67085224,-0.7316726,,-0.12715077,0.26179197,-0.08709982,0.8418774,-0.007080793,0.53962237,-0.41041684,0.64088446,0.64871037,-0.35042897,-0.7676047,0.53664005,,-0.08227377,0.45859283,-0.3500101,-0.5578301,0.03176271,-0.8293472,-0.73538315,-0.48216265,0.47616255,-0.384756,0.87550575,0.29232258,,1.0861483196295578,0.5908817376726657,0.22734982165000003,0.4365744623347797,-0.3847683833394803,0.9625270497456084,-0.42289778722164906,,-1.4932135694299316,0.305248739586598,0.17486044697000003,-0.20381862506695766,0.0017762744969507258,-1.045874482925423,0.83289139321869,,-0.0681136557206437,-0.037411132516498455,0.09109365563999999,-0.1076111944439502,,2.5078654e-05,-2.682209e-06,1.0728836e-06,1.0,-1.874566e-05,-1.719594e-05,1.874566e-05,1.0,-3.0994415e-06,1.7181039e-05,3.0994415e-06,1.0,36,0.105,0,0,0.0,False,-0.2607717014014801,1.007704333483716
0.11566416104324162,19:56:14.173594,19:54:54.705337,0,,0.13600336,0.009399787,0.022671446,-0.8681961,-0.12990521,-0.4789158,-0.47609872,-0.053987026,0.8777331,-0.13987726,0.99005556,-0.014976531,,0.07597051,0.002026707,0.05814922,0.58171046,0.1560704,0.7982825,-0.7890613,0.3465401,0.5072397,-0.19747187,-0.9249605,0.32473522,,0.08369723,1.2899003,0.4270653,0.99237233,0.099622376,-0.07261223,0.024178883,-0.7348692,-0.67777777,-0.12088232,0.67085224,-0.7316726,,-0.127238,0.26183113,-0.08719969,0.8414006,-0.002412306,0.5404065,-0.4128929,0.64230025,0.645732,-0.34866095,-0.76644933,0.5394358,,-0.082276866,0.45859185,-0.35001165,-0.5575188,0.031859893,-0.82955277,-0.73565096,-0.48201558,0.47589773,-0.3846953,0.8755832,0.2921705,,1.0859784195063247,0.5912447061177543,0.22724611845000003,0.4340581830129654,-0.38326538184206044,0.959422841781715,-0.4233878194200518,,-1.4932290148956802,0.30523329412084954,0.17486044697000003,-0.20339924517998864,0.0017762744969507258,-1.045874482925423,0.83289139321869,,-0.0681136557206437,-0.037411132516498455,0.09109365563999999,-0.1076111944439502,,2.5078654e-05,-2.682209e-06,1.0728836e-06,1.0,-1.874566e-05,-1.719594e-05,1.874566e-05,1.0,-3.0994415e-06,1.7181039e-05,3.0994415e-06,1.0,47,0.138,0,0,0.0,False,-0.26059296824591627,1.007704333483716
0.14570313808508217,19:56:14.209968,19:54:54.705337,0,,0.13611364,0.009350166,0.022784755,-0.8666342,-0.13841525,-0.47936043,-0.47695833,-0.052229494,0.87737274,-0.14647853,0.98899615,-0.020754457,,0.07597198,0.0020257533,0.058149576,0.58170706,0.15614533,0.79827034,-0.7890657,0.34657735,0.5072075,-0.19746438,-0.9249339,0.3248155,,0.08369723,1.2899003,0.4270653,0.99237233,0.099622376,-0.07261223,0.024178883,-0.7348692,-0.67777777,-0.12088232,0.67085224,-0.7316726,,-0.12736526,0.26186872,-0.08729898,0.8406386,0.00626973,0.54156023,-0.41808796,0.6431474,0.6415325,-0.3442808,-0.76571673,0.5432758,,-0.082278416,0.45859134,-0.3500124,-0.557517,0.03178243,-0.82955694,-0.73564786,-0.48198062,0.47593796,-0.3847039,0.8756052,0.29209307,,1.0857312920543496,0.5916462882272139,0.22713204493000003,0.4286062444823678,-0.37902965034933184,0.9558872080269853,-0.4233878194200518,,-1.4932367376285542,0.3052255713879753,0.17486044697000003,-0.20339924517998864,0.0017762744969507258,-1.0459561616655633,0.8330547372848242,,-0.0681136557206437,-0.037411132516498455,0.09109365563999999,-0.1076111944439502,,2.5078654e-05,-2.682209e-06,1.0728836e-06,1.0,-1.874566e-05,-1.719594e-05,1.874566e-05,1.0,-3.0994415e-06,1.7181039e-05,3.0994415e-06,1.0,58,0.171,0,0,0.0,False,-0.2608908568385213,1.0079940146883928
0.18207163899205625,19:56:14.234353,19:54:54.705337,0,,0.13619515,0.009319007,0.022848293,-0.8654105,-0.14151943,-0.48066297,-0.47835493,-0.052171618,0.8766155,-0.1491351,0.9885597,-0.022546679,,0.07584646,0.001968328,0.058134556,0.58146626,0.15615442,0.7984439,-0.7892045,0.34664977,0.50694215,-0.19761918,-0.92490524,0.3248029,,0.08366975,1.2898985,0.42706203,0.9923719,0.09963543,-0.07260019,0.024196513,-0.7348674,-0.6777791,-0.12088232,0.67085224,-0.7316726,,-0.12743175,0.26188877,-0.08736053,0.83967525,0.009400713,0.5430075,-0.42095292,0.64299905,0.6398053,-0.3431387,-0.76580924,0.54386765,,-0.08212897,0.4585613,-0.35007,-0.55724144,0.0317661,-0.82974267,-0.73583084,-0.48191443,0.47572204,-0.38475314,0.87564224,0.29191718,,1.0856386192598588,0.5919783657408055,0.22706334156000002,0.4256705852735844,-0.37820983135073916,0.9553820580850879,-0.4225710990893803,,-1.4932367376285542,0.3052255713879753,0.17486174326,-0.20318955523650412,0.0017762744969507258,-1.0460378404057038,0.8330547372848242,,-0.0681136557206437,-0.037411132516498455,0.09109365563999999,-0.1076111944439502,,-1.847744e-06,-6.2584877e-06,6.556511e-06,1.0,-5.751848e-06,-5.275011e-06,5.751848e-06,1.0,-9.536743e-07,5.26011e-06,9.23872e-07,1.0,69,0.204,0,0,0.0,False,-0.26148663402373185,1.007704333483716
0.20646686595864594,19:56:14.270856,19:54:54.812502,0,,0.13632308,0.009321369,0.023016378,-0.8653312,-0.14587314,-0.47950265,-0.47719693,-0.05273384,0.8772129,-0.15324779,0.9878968,-0.023978025,,0.07586606,0.0019721724,0.058131993,0.5811263,0.15615995,0.7986904,-0.78941,0.3467009,0.5065869,-0.19779815,-0.9248852,0.32475126,,0.08366975,1.2898985,0.42706203,0.9923719,0.09963543,-0.07260019,0.024196513,-0.7348674,-0.6777791,-0.12088232,0.67085224,-0.7316726,,-0.12757964,0.26200107,-0.08746119,0.84020954,0.013749985,0.5420875,-0.4229249,0.642285,0.6392218,-0.3393854,-0.7663425,0.5454692,,-0.0821476,0.45855948,-0.35006258,-0.5568801,0.03175844,-0.8299855,-0.736057,-0.48186663,0.47542053,-0.3848437,0.8756689,0.29171798,,1.0854764418695002,0.5927043026309826,0.22695445320000002,0.42420275566919274,-0.3749305553563686,0.9541782457189039,-0.42355116348618616,,-1.4933139649572966,0.3051946804564784,0.17487600245,-0.20277017534953504,0.0016396379971852853,-1.046008101242148,0.8330547372848242,,-0.0681136557206437,-0.037411132516498455,0.09109365563999999,-0.1076111944439502,,-1.847744e-06,-6.2584877e-06,6.556511e-06,1.0,-5.751848e-06,-5.275011e-06,5.751848e-06,1.0,-9.536743e-07,5.26011e-06,9.23872e-07,1.0,76,0.224,0,0,0.0,False,-0.26112916771260597,1.007800893885275
0.24296787404455245,19:56:14.300070,19:54:54.812502,0,,0.13641278,0.00931631,0.023135409,-0.86475503,-0.14692187,-0.4802214,-0.47775087,-0.05401829,0.8768331,-0.15476668,0.98767203,-0.023479521,,0.07588899,0.001962904,0.0581311,0.58107716,0.15628202,0.79870224,-0.78947115,0.3466381,0.50653464,-0.19769844,-0.924888,0.3248037,,0.08366975,1.2898985,0.42706203,0.9923719,0.09963543,-0.07260019,0.024196513,-0.7348674,-0.6777791,-0.12088232,0.67085224,-0.7316726,,-0.127684,0.26207575,-0.087537214,0.8397935,0.014721124,0.5427064,-0.4243872,0.6412312,0.63931066,-0.33858886,-0.76720655,0.5447492,,-0.08217022,0.4585499,-0.35006565,-0.5568526,0.03163727,-0.8300086,-0.7360166,-0.48192495,0.47542393,-0.38496074,0.87564117,0.29164672,,1.0853142644791414,0.5932757848636753,0.22687926838000003,0.42273492606480106,-0.3746572823568377,0.95526226975376,-0.4235511634861861,,-1.4934066377517872,0.305078839463365,0.17488507648,-0.20277017534953504,0.0016396379971852853,-1.046008101242148,0.8330547372848242,,-0.0681136557206437,-0.037411132516498455,0.09109365563999999,-0.1076111944439502,,-1.847744e-06,-6.2584877e-06,6.556511e-06,1.0,-5.751848e-06,-5.275011e-06,5.751848e-06,1.0,-9.536743e-07,5.26011e-06,9.23872e-07,1.0,87,0.257,0,0,0.0,False,-0.26160578946077395,1.007269811676701
0.2721849069930613,19:56:14.324718,19:54:54.812502,0,,0.13650906,0.00932651,0.02323185,-0.8656151,-0.1462042,-0.47888893,-0.4763241,-0.054394364,0.87758577,-0.15435557,0.9877579,-0.022555977,,0.07592079,0.0019513704,0.05813563,0.58089244,0.15640849,0.7988118,-0.7896019,0.34665436,0.5063196,-0.19771896,-0.92486066,0.32486936,,0.08366975,1.2898985,0.42706203,0.9923719,0.09963543,-0.07260019,0.024196513,-0.7348674,-0.6777791,-0.12088232,0.67085224,-0.7316726,,-0.12779082,0.26214585,-0.08758568,0.8406968,0.01397257,0.5413258,-0.4230369,0.6409913,0.6404452,-0.33803645,-0.767421,0.5447902,,-0.08220264,0.45854184,-0.35007262,-0.5566713,0.031508446,-0.83013505,-0.7360948,-0.48190945,0.4753186,-0.3850734,0.87565434,0.29145837,,1.0850671370271663,0.5938240988977452,0.22683260194000002,0.4246221355561618,-0.3746572823568377,0.95526226975376,-0.4235511634861861,,-1.4935610924092717,0.30495527573737746,0.17489155793000002,-0.2025604854060505,0.0016396379971852853,-1.046008101242148,0.8330547372848242,,-0.0681136557206437,-0.037411132516498455,0.09109365563999999,-0.1076111944439502,,-1.847744e-06,-6.2584877e-06,6.556511e-06,1.0,-5.751848e-06,-5.275011e-06,5.751848e-06,1.0,-9.536743e-07,5.26011e-06,9.23872e-07,1.0,98,0.29,0,0,0.0,False,-0.2602950796533112,1.0074629324798186
0.2968006678856909,19:56:14.355569,19:54:54.812502,0,,0.13662185,0.009310804,0.023322359,-0.86647445,-0.14641319,-0.4772684,-0.47467202,-0.054483473,0.8784749,-0.15462355,0.98772204,-0.022289693,,0.075933516,0.0019515194,0.058140397,0.5807581,0.15642726,0.79890585,-0.78967196,0.34673682,0.50615394,-0.19783384,-0.9248265,0.32489643,,0.08366975,1.2898985,0.42706203,0.9923719,0.09963543,-0.07260019,0.024196513,-0.7348674,-0.6777791,-0.12088232,0.67085224,-0.7316726,,-0.12791511,0.26219243,-0.08764512,0.841703,0.014177273,0.5397546,-0.42198694,0.64090896,0.64121974,-0.33684283,-0.767486,0.5454376,,-0.082216024,0.4585439,-0.35007367,-0.55651987,0.031486064,-0.83023745,-0.73620975,-0.48183236,0.47521868,-0.3850725,0.87569755,0.29132965,,1.084681000383455,0.5943183538016956,0.2267729726,0.42629965510403806,-0.3739740998580105,0.9547868589754185,-0.4237145075523204,,-1.4936383197380139,0.30493210753875477,0.17489544680000002,-0.20235079546256599,0.0016396379971852853,-1.046008101242148,0.8330547372848242,,-0.0681136557206437,-0.037411132516498455,0.09109365563999999,-0.1076111944439502,,-1.847744e-06,-6.2584877e-06,6.556511e-06,1.0,-5.751848e-06,-5.275011e-06,5.751848e-06,1.0,-9.536743e-07,5.26011e-06,9.23872e-07,1.0,109,0.322,0,0,0.0,False,-0.26095043455704303,1.008331976093849
0.32768435310572386,19:56:14.381810,19:54:54.946742,0,,0.13670366,0.009266339,0.023419693,-0.8666095,-0.14766663,-0.47663662,-0.47406518,-0.054453403,0.8788043,-0.15572453,0.9875371,-0.022813886,,0.07595068,0.0019530095,0.058143914,0.5807495,0.15658897,0.7988804,-0.78969115,0.34677497,0.50609785,-0.19778237,-0.9247849,0.3250463,,0.08366975,1.2898985,0.42706203,0.9923719,0.09963543,-0.07260019,0.024196513,-0.7348674,-0.6777791,-0.12088232,0.67085224,-0.7316726,,-0.1280118,0.2622238,-0.08773354,0.8420225,0.01544287,0.53922135,-0.4222932,0.6408473,0.64107966,-0.33565843,-0.76751304,0.5461293,,-0.08223349,0.4585454,-0.3500723,-0.5565218,0.031320624,-0.83024246,-0.73618287,-0.48179626,0.47529685,-0.38512114,0.87572336,0.29118782,,1.0843875365342346,0.5946890449796584,0.22668352859000002,0.42629965510403806,-0.3731542808594179,0.954281709033521,-0.42306113128778333,,-1.4937309925325046,0.3049012166072579,0.17490322454,-0.20235079546256599,0.0016396379971852853,-1.0460897799822886,0.8328913932186898,,-0.0681136557206437,-0.037411132516498455,0.09109365563999999,-0.1076111944439502,,-1.847744e-06,-6.2584877e-06,6.556511e-06,1.0,-5.751848e-06,-5.275011e-06,5.751848e-06,1.0,-9.536743e-07,5.26011e-06,9.23872e-07,1.0,124,0.367,0,0,0.0,False,-0.2608312791200009,1.0074146522790395
0.35385228600353,19:56:14.434200,19:54:54.946742,0,,0.13675602,0.009203143,0.023556843,-0.8659621,-0.15192871,-0.47647363,-0.47412163,-0.053726137,0.87881875,-0.15911686,0.98693013,-0.025507957,,0.07595527,0.0019544698,0.0581429,0.58029187,0.15627022,0.7992753,-0.7899333,0.34679544,0.5057057,-0.19815832,-0.9248311,0.32468563,,0.08366975,1.2898985,0.42706203,0.9923719,0.09963543,-0.07260019,0.024196513,-0.7348674,-0.6777791,-0.12088232,0.67085224,-0.7316726,,-0.12808582,0.2622698,-0.08786752,0.8418129,0.019789537,0.53940654,-0.4246768,0.64110804,0.6392418,-0.33316755,-0.76719546,0.5480972,,-0.082237765,0.458545,-0.3500699,-0.5560089,0.031642847,-0.8305738,-0.73656535,-0.48177803,0.47472247,-0.38513064,0.8757218,0.2911799,,1.0843025864726181,0.5950133997603758,0.22654352927000002,0.4239930657257082,-0.37083146036340536,0.9523876046706821,-0.4227344431555146,,-1.493746437998253,0.3049012166072579,0.17490711341,-0.20172172563211244,0.001503001497419845,-1.045815004598311,0.8332180813509583,,-0.0681136557206437,-0.037411132516498455,0.09109365563999999,-0.1076111944439502,,-1.847744e-06,-6.2584877e-06,6.556511e-06,1.0,-5.751848e-06,-5.275011e-06,5.751848e-06,1.0,-9.536743e-07,5.26011e-06,9.23872e-07,1.0,135,0.4,0,0,0.0,False,-0.2603546573718325,1.0080422948891723
0.4063144389074296,19:56:14.466544,19:54:54.946742,0,,0.1367752,0.009156443,0.023714676,-0.86608374,-0.15521386,-0.47519213,-0.47303534,-0.052957416,0.8794505,-0.16166785,0.98646045,-0.027556092,,0.07595755,0.0019560196,0.058142066,0.58016384,0.15634726,0.7993531,-0.7899888,0.3469629,0.50550413,-0.1983117,-0.92475533,0.32480797,,0.08366975,1.2898985,0.42706203,0.9923719,0.09963543,-0.07260019,0.024196513,-0.7348674,-0.6777791,-0.12088232,0.67085224,-0.7316726,,-0.12812847,0.26234305,-0.08800991,0.84234035,0.023155529,0.5384483,-0.42562595,0.6414593,0.6382574,-0.33061346,-0.7668075,0.55018264,,-0.08223981,0.45854515,-0.35006788,-0.555856,0.031557962,-0.83067936,-0.7367003,-0.48162133,0.47467205,-0.3850932,0.87581104,0.29096085,,1.0844184274657314,0.595330031808219,0.22639445592000002,0.4233639958952547,-0.36837200336762743,0.9501370461837246,-0.4228977872216489,,-1.4937541607311273,0.3049012166072579,0.17490970599000003,-0.2015120356886279,0.001503001497419845,-1.045978362078592,0.8328913932186898,,-0.0681136557206437,-0.037411132516498455,0.09109365563999999,-0.1076111944439502,,-1.847744e-06,-6.2584877e-06,6.556511e-06,1.0,-5.751848e-06,-5.275011e-06,5.751848e-06,1.0,-9.536743e-07,5.26011e-06,9.23872e-07,1.0,146,0.433,0,0,0.0,False,-0.2596993024681016,1.0073180918774804
0.43865312193520367,19:56:14.501894,19:54:54.946742,0,,0.13676903,0.009142622,0.023826882,-0.8661349,-0.15539871,-0.47503835,-0.47285324,-0.053147674,0.879537,-0.16192609,0.9864211,-0.02744773,,0.0759628,0.0019539632,0.058142662,0.580213,0.1564142,0.7993043,-0.7900181,0.34672323,0.50562274,-0.1980508,-0.9248338,0.32474342,,0.08366975,1.2898985,0.42706203,0.9923719,0.09963543,-0.07260019,0.024196513,-0.7348674,-0.6777791,-0.12088232,0.67085224,-0.7316726,,-0.12813778,0.26240996,-0.088100776,0.8424375,0.023329336,0.5382888,-0.42566818,0.6413001,0.6383892,-0.33031142,-0.7669354,0.5501858,,-0.08224513,0.4585436,-0.35006905,-0.5559544,0.031499855,-0.8306157,-0.736531,-0.48184508,0.47470763,-0.3852749,0.87569004,0.29108453,,1.084603773054713,0.5956003274588169,0.22630371562,0.4233639958952547,-0.36823536686786196,0.9499439495398877,-0.4227344431555147,,-1.49377732892975,0.30488577114150944,0.17491100228,-0.20172172563211244,0.0013663649976544045,-1.0458669441748958,0.8328913932186898,,-0.0681136557206437,-0.037411132516498455,0.09109365563999999,-0.1076111944439502,,-1.847744e-06,-6.2584877e-06,6.556511e-06,1.0,-5.751848e-06,-5.275011e-06,5.751848e-06,1.0,-9.536743e-07,5.26011e-06,9.23872e-07,1.0,154,0.458,0,0,0.0,False,-0.25952056931253775,1.0076077730821573
0.4740084740333259,19:56:14.527602,19:54:55.077661,0,,0.1367468,0.009094246,0.024001822,-0.8656921,-0.15439665,-0.4761709,-0.47386056,-0.053848326,0.878952,-0.16134824,0.98654044,-0.026546478,,0.07596713,0.0019534864,0.058141828,0.57982033,0.15625152,0.79962105,-0.7901927,0.3469643,0.5051844,-0.19850418,-0.92477095,0.32464582,,0.08366975,1.2898985,0.42706203,0.9923719,0.09963543,-0.07260019,0.024196513,-0.7348674,-0.6777791,-0.12088232,0.67085224,-0.7316726,,-0.12814179,0.26249513,-0.08826256,0.8418511,0.022271257,0.5392501,-0.42602208,0.6408369,0.63861823,-0.3313485,-0.76735395,0.5489773,,-0.08224924,0.45854214,-0.35006824,-0.5554886,0.031654928,-0.8309214,-0.73693496,-0.48162028,0.47430876,-0.3851744,0.8758081,0.2908622,,1.084850900506688,0.5959864641025281,0.22614686453000002,0.42273492606480106,-0.3696017318655164,0.9508947710965708,-0.42240775502324607,,-1.4937927743954984,0.30487032567576094,0.17491359486000002,-0.20109265580165883,0.0013663649976544045,-1.0458669441748958,0.8328913932186898,,-0.0681136557206437,-0.037411132516498455,0.09109365563999999,-0.1076111944439502,,-1.847744e-06,-6.2584877e-06,6.556511e-06,1.0,-5.751848e-06,-5.275011e-06,5.751848e-06,1.0,-9.536743e-07,5.26011e-06,9.23872e-07,1.0,172,0.511,0,0,0.0,False,-0.2599376133421849,1.007800893885275
0.4997000100556761,19:56:14.573307,19:54:55.077661,0,,0.13674742,0.009032689,0.024268314,-0.86333925,-0.15965739,-0.4787011,-0.4766003,-0.053745657,0.87747574,-0.16582358,0.98570836,-0.029692054,,0.0759684,0.0019530989,0.058140635,0.57981634,0.15625408,0.7996235,-0.7901969,0.34695834,0.5051819,-0.1984993,-0.9247727,0.3246436,,0.08366975,1.2898985,0.42706203,0.9923719,0.09963543,-0.07260019,0.024196513,-0.7348674,-0.6777791,-0.12088232,0.67085224,-0.7316726,,-0.12818111,0.26263252,-0.08849575,0.8398954,0.027588343,0.5420466,-0.43116012,0.6405226,0.63547754,-0.32966134,-0.7674436,0.54986703,,-0.08225026,0.4585408,-0.35006753,-0.55548567,0.031652573,-0.8309235,-0.7369336,-0.48162583,0.4743052,-0.38518122,0.87580514,0.29086208,,1.085260205349022,0.596604282732466,0.22591093975,0.4168636076472344,-0.36823536686786196,0.9497805920596065,-0.42240775502324607,,-1.4937927743954984,0.30486260294288675,0.17491489115000003,-0.20109265580165883,0.0013663649976544045,-1.0458669441748958,0.8328913932186898,,-0.0681136557206437,-0.037411132516498455,0.09109365563999999,-0.1076111944439502,,-1.847744e-06,-6.2584877e-06,6.556511e-06,1.0,-5.751848e-06,-5.275011e-06,5.751848e-06,1.0,-9.536743e-07,5.26011e-06,9.23872e-07,1.0,183,0.544,0,0,0.0,False,-0.260652545964438,1.007511212680598
0.5454181060194969,19:56:14.606682,19:54:55.077661,0,,0.1367368,0.008984745,0.024613753,-0.86095566,-0.16533704,-0.48106018,-0.4789131,-0.055299163,0.8761189,-0.17145713,0.98468554,-0.031571984,,0.075970136,0.0019499101,0.058139265,0.57954675,0.15607508,0.79985386,-0.7903198,0.3470656,0.5049159,-0.19879705,-0.9247627,0.32449,,0.08366975,1.2898985,0.42706203,0.9923719,0.09963543,-0.07260019,0.024196513,-0.7348674,-0.6777791,-0.12088232,0.67085224,-0.7316726,,-0.12821841,0.26283422,-0.08877799,0.83808935,0.033221878,0.5445205,-0.43678033,0.63888544,0.63328373,-0.32684734,-0.7685842,0.54995376,,-0.08225181,0.4585375,-0.35006887,-0.55516857,0.03182963,-0.8311286,-0.7372028,-0.48152605,0.47398806,-0.3851232,0.8758536,0.290793,,1.0859398058419536,0.5974383378828823,0.22561538563000003,0.4105729093426987,-0.36563927337231866,0.9497056203928886,-0.42273444315551467,,-1.4937927743954984,0.30483943474426406,0.17491489115000003,-0.2006732759146898,0.0013663649976544045,-1.045785265434755,0.8330547372848242,,-0.0681136557206437,-0.037411132516498455,0.09109365563999999,-0.1076111944439502,,-1.847744e-06,-6.2584877e-06,6.556511e-06,1.0,-5.751848e-06,-5.275011e-06,5.751848e-06,1.0,-9.536743e-07,5.26011e-06,9.23872e-07,1.0,198,0.589,0,0,0.0,False,-0.259282258438454,1.008138855290731
0.5787980759050697,19:56:14.657214,19:54:55.077661,0,,0.13678291,0.009011574,0.025158063,-0.8576295,-0.17387727,-0.4839817,-0.48176017,-0.057650745,0.8744047,-0.179941,0.98307836,-0.03432423,,0.07597813,0.0019372143,0.058134973,0.5793007,0.15602915,0.80004096,-0.7904968,0.34693542,0.5047283,-0.19881022,-0.92481935,0.32432047,,0.08366975,1.2898985,0.42706203,0.9923719,0.09963543,-0.07260019,0.024196513,-0.7348674,-0.6777791,-0.12088232,0.67085224,-0.7316726,,-0.12833181,0.26322448,-0.08914398,0.8356769,0.041700467,0.54763603,-0.44477174,0.63636494,0.6302521,-0.32221454,-0.77026016,0.5503427,,-0.082259215,0.45852497,-0.35007453,-0.55493,0.031881474,-0.83128595,-0.73729825,-0.48164788,0.47371575,-0.38528436,0.87578475,0.29078698,,1.0869746520470998,0.5990987254508405,0.22525112814000003,0.40176593171634867,-0.36208672437841716,0.949177438360858,-0.42142769062644053,,-1.4938004971283727,0.3047544846826476,0.17491489115000003,-0.20046358597120528,0.001229728497888964,-1.0456738475310587,0.8327280491525556,,-0.0681136557206437,-0.037411132516498455,0.09109365563999999,-0.1076111944439502,,-1.847744e-06,-6.2584877e-06,6.556511e-06,1.0,-5.751848e-06,-5.275011e-06,5.751848e-06,1.0,-9.536743e-07,5.26011e-06,9.23872e-07,1.0,209,0.621,0,0,0.0,False,-0.2599971910607066,1.007800893885275
0.6293201718945056,19:56:14.687981,19:54:55.228032,0,,0.13685253,0.009081878,0.025532588,-0.8551634,-0.18058677,-0.48588458,-0.48362637,-0.059378833,0.8732581,-0.18655016,0.98176503,-0.036557913,,0.07598132,0.0019330122,0.05813408,0.57928514,0.15611191,0.80003613,-0.79051375,0.3469545,0.5046886,-0.19878826,-0.9247982,0.32439423,,0.08366975,1.2898985,0.42706203,0.9923719,0.09963543,-0.07260019,0.024196513,-0.7348674,-0.6777791,-0.12088232,0.67085224,-0.7316726,,-0.12844346,0.26352954,-0.08935506,0.8339473,0.04837686,0.5497196,-0.45073667,0.634437,0.62795395,-0.318384,-0.7714592,0.55089223,,-0.08226231,0.45852116,-0.35007665,-0.5549193,0.031796806,-0.83129627,-0.73729104,-0.4816298,0.47374535,-0.38531345,0.87579775,0.29070917,,1.0877005889372768,0.6004656491695783,0.22503594400000002,0.39526554346832843,-0.3590807213835775,0.948523176762629,-0.4214276906264403,,-1.493808219861247,0.3047235937511507,0.17491489115000003,-0.20046358597120528,0.001229728497888964,-1.0457555262711993,0.8328913932186898,,-0.0681136557206437,-0.037411132516498455,0.09109365563999999,-0.1076111944439502,,-1.847744e-06,-6.2584877e-06,6.556511e-06,1.0,-5.751848e-06,-5.275011e-06,5.751848e-06,1.0,-9.536743e-07,5.26011e-06,9.23872e-07,1.0,220,0.654,0,0,0.0,False,-0.2596993024681016,1.0077526136844954
0.6600959359202534,19:56:14.718119,19:54:55.228032,0,,0.13697994,0.009173937,0.025920942,-0.8525853,-0.18820384,-0.4875217,-0.4853474,-0.060691863,0.8722124,-0.19374232,0.98025286,-0.03959933,,0.0759826,0.0019326545,0.058132768,0.5790235,0.15599316,0.8002486,-0.7906281,0.347115,0.50439906,-0.19909556,-0.9247581,0.32432032,,0.08366975,1.2898985,0.42706203,0.9923719,0.09963543,-0.07260019,0.024196513,-0.7348674,-0.6777791,-0.12088232,0.67085224,-0.7316726,,-0.12861246,0.26385787,-0.08955293,0.8321923,0.056006964,0.5516513,-0.4569984,0.63270676,0.62516767,-0.31401977,-0.7723635,0.5521288,,-0.082263336,0.45851982,-0.3500759,-0.5546079,0.03191064,-0.8314997,-0.7375628,-0.4814801,0.47347444,-0.38524166,0.87587595,0.29056877,,1.0882720711699694,0.602071977607417,0.22483501905000003,0.3885554652768236,-0.35580144538920694,0.947156006916164,-0.4220810668909775,,-1.493808219861247,0.30471587101827646,0.17491618744,-0.20004420608423623,0.001229728497888964,-1.0457555262711993,0.8328913932186898,,-0.0681136557206437,-0.037411132516498455,0.09109365563999999,-0.1076111944439502,,-1.847744e-06,-6.2584877e-06,6.556511e-06,1.0,-5.751848e-06,-5.275011e-06,5.751848e-06,1.0,-9.536743e-07,5.26011e-06,9.23872e-07,1.0,231,0.687,0,0,0.0,False,-0.25975888018662197,1.0078974542868337
0.6902101209852844,19:56:14.754628,19:54:55.228032,0,,0.13715562,0.009287052,0.02628453,-0.8496065,-0.1965597,-0.489421,-0.4872257,-0.06279567,0.8710154,-0.20194003,0.9784789,-0.042417437,,0.075981975,0.0019302703,0.058130145,0.5790141,0.15598391,0.8002573,-0.790636,0.34709966,0.50439715,-0.19909121,-0.92476535,0.32430208,,0.08366975,1.2898985,0.42706203,0.9923719,0.09963543,-0.07260019,0.024196513,-0.7348674,-0.6777791,-0.12088232,0.67085224,-0.7316726,,-0.12882446,0.26418298,-0.08971174,0.8301583,0.064342886,0.5538025,-0.46407628,0.63024634,0.6224329,-0.30898288,-0.77372444,0.5530643,,-0.08226231,0.4585164,-0.35007614,-0.55459976,0.03192063,-0.83150476,-0.7375636,-0.48149443,0.47345853,-0.38525182,0.87586766,0.2905802,,1.0886736532794292,0.6037709788397464,0.22467298280000003,0.38100662731138074,-0.3519756233957746,0.946486667816881,-0.42273444315551467,,-1.4937927743954984,0.304700425552528,0.17491618744,-0.20004420608423623,0.001229728497888964,-1.0457555262711993,0.8328913932186898,,-0.0681136557206437,-0.037411132516498455,0.09109365563999999,-0.1076111944439502,,-1.847744e-06,-6.2584877e-06,6.556511e-06,1.0,-5.751848e-06,-5.275011e-06,5.751848e-06,1.0,-9.536743e-07,5.26011e-06,9.23872e-07,1.0,239,0.711,0,0,0.0,False,-0.26011634649774784,1.0076560532829368
0.7267431051004678,19:56:14.779615,19:54:55.228032,0,,0.13737473,0.009407602,0.026599929,-0.84781206,-0.20341937,-0.48972967,-0.48720896,-0.065847695,0.8707994,-0.20938504,0.97687495,-0.043281287,,0.075984165,0.0019283034,0.058130324,0.57880855,0.15591228,0.80041987,-0.79077107,0.347029,0.50423414,-0.19915263,-0.9248039,0.32415432,,0.08366975,1.2898985,0.42706203,0.9923719,0.09963543,-0.07260019,0.024196513,-0.7348674,-0.6777791,-0.12088232,0.67085224,-0.7316726,,-0.12907268,0.26447904,-0.08982462,0.829339,0.07110727,0.55420256,-0.46921787,0.6271601,0.62169516,-0.3033667,-0.7756378,0.55349314,,-0.08226454,0.45851496,-0.3500774,-0.55439055,0.031996105,-0.8316414,-0.7376725,-0.48156068,0.47322154,-0.38534454,0.8758285,0.29057533,,1.0887894942725425,0.6054313664077047,0.22455631670000004,0.3759740686677522,-0.3476032554032805,0.9467601956852021,-0.42355116348618616,,-1.4938004971283727,0.3046927028196538,0.17491618744,-0.19983451614075173,0.0010930919981235235,-1.0456441083675028,0.8328913932186898,,-0.0681136557206437,-0.037411132516498455,0.09109365563999999,-0.1076111944439502,,-1.847744e-06,-6.2584877e-06,6.556511e-06,1.0,-5.751848e-06,-5.275011e-06,5.751848e-06,1.0,-9.536743e-07,5.26011e-06,9.23872e-07,1.0,261,0.777,0,0,0.0,False,-0.26041423509035333,1.0077526136844954
0.7516723410226405,19:56:14.837753,19:54:55.228032,0,,0.13769592,0.009536706,0.026970908,-0.845743,-0.21286276,-0.48929355,-0.48723263,-0.06576753,0.87079227,-0.21753888,0.9748662,-0.048091233,,0.07598664,0.0019292869,0.058131218,0.5785522,0.15573993,0.80063874,-0.7908814,0.34715772,0.50397235,-0.1994594,-0.9247846,0.32402074,,0.08366975,1.2898985,0.42706203,0.9923719,0.09963543,-0.07260019,0.024196513,-0.7348674,-0.6777791,-0.12088232,0.67085224,-0.7316726,,-0.12942836,0.26481587,-0.08995691,0.8283361,0.08071016,0.5543872,-0.4748831,0.6261678,0.618385,-0.29722944,-0.7754997,0.5570052,,-0.08226711,0.45851597,-0.35007688,-0.5540843,0.032165498,-0.8318389,-0.73794186,-0.48144072,0.47292355,-0.38526928,0.8758882,0.290495,,1.0885887032178128,0.6075551179481165,0.22442409512000003,0.3705221301371545,-0.3432308874107864,0.943276501507057,-0.4224077550232461,,-1.493815942594121,0.3046927028196538,0.17491748373000002,-0.19941513625378265,0.0010930919981235235,-1.0455624296273622,0.8330547372848242,,-0.0681136557206437,-0.037411132516498455,0.09109365563999999,-0.1076111944439502,,-1.847744e-06,-6.2584877e-06,6.556511e-06,1.0,-5.751848e-06,-5.275011e-06,5.751848e-06,1.0,-9.536743e-07,5.26011e-06,9.23872e-07,1.0,268,0.797,0,0,0.0,False,-0.26041423509035333,1.0074146522790395
0.8098682090640068,19:56:14.861126,19:54:55.228032,0,,0.13781479,0.009561546,0.027121767,-0.8444962,-0.21853814,-0.48894498,-0.48748308,-0.06439796,0.8707545,-0.22178012,0.9737012,-0.052149832,,0.07598664,0.0019292869,0.058131218,0.5785522,0.15573993,0.80063874,-0.7908814,0.34715772,0.50397235,-0.1994594,-0.9247846,0.32402074,,0.08366975,1.2898985,0.42706203,0.9923719,0.09963543,-0.07260019,0.024196513,-0.7348674,-0.6777791,-0.12088232,0.67085224,-0.7316726,,-0.1295634,0.2649331,-0.09003123,0.82762814,0.08657358,0.5545599,-0.4780093,0.62656313,0.6155695,-0.29417473,-0.7745474,0.5599443,,-0.08226711,0.45851597,-0.35007688,-0.5540843,0.032165498,-0.8318389,-0.73794186,-0.48144072,0.47292355,-0.38526928,0.8758882,0.290495,,1.0885037531561963,0.6083042230369162,0.22434761401000003,0.36737678098488663,-0.34077143041500846,0.9401274768785536,-0.42273444315551467,,-1.493815942594121,0.3046927028196538,0.17491748373000002,-0.19941513625378265,0.0010930919981235235,-1.0455624296273622,0.8330547372848242,,-0.0681136557206437,-0.037411132516498455,0.09109365563999999,-0.1076111944439502,,-1.847744e-06,-6.2584877e-06,6.556511e-06,1.0,-5.751848e-06,-5.275011e-06,5.751848e-06,1.0,-9.536743e-07,5.26011e-06,9.23872e-07,1.0,276,0.822,0,0,0.0,False,-0.26017592421626956,1.0073180918774804
0.8331882390193641,19:56:14.888930,19:54:55.431850,0,,0.13786928,0.009552151,0.02721773,-0.8437118,-0.22262363,-0.4884557,-0.48740858,-0.06353322,0.8708597,-0.2249071,0.9728321,-0.054904968,,0.07598821,0.0019249357,0.058128834,0.5784661,0.15578502,0.8006922,-0.7909693,0.3470297,0.5039226,-0.19936042,-0.9248251,0.3239661,,0.08366975,1.2898985,0.42706203,0.9923719,0.09963543,-0.07260019,0.024196513,-0.7348674,-0.6777791,-0.12088232,0.67085224,-0.7316726,,-0.1296303,0.26499003,-0.09009871,0.8272587,0.09078937,0.5544369,-0.4801207,0.62673867,0.6137449,-0.2917655,-0.77392244,0.5620649,,-0.08226832,0.4585111,-0.35007837,-0.5540211,0.03212502,-0.83188254,-0.73791504,-0.4815603,0.47284362,-0.3854115,0.875824,0.2905001,,1.0884805849575736,0.6086594687491305,0.22427242919,0.36527988155004143,-0.338448609918996,0.9378249788150117,-0.422897787221649,,-1.493808219861247,0.30466953462103114,0.17491748373000002,-0.19941513625378265,0.0009564554983580831,-1.0455326904638063,0.8328913932186898,,-0.0681136557206437,-0.037411132516498455,0.09109365563999999,-0.1076111944439502,,-1.847744e-06,-6.2584877e-06,6.556511e-06,1.0,-5.751848e-06,-5.275011e-06,5.751848e-06,1.0,-9.536743e-07,5.26011e-06,9.23872e-07,1.0,287,0.855,0,0,0.0,False,-0.26112916771260597,1.0076560532829368
0.8610394638963044,19:56:14.926159,19:54:55.431850,0,,0.13793786,0.009516887,0.02741541,-0.8442022,-0.22938962,-0.4844614,-0.48429003,-0.0609847,0.8727796,-0.2297513,0.9714223,-0.059607774,,0.075989366,0.00192279,0.05812794,0.57807124,0.15560822,0.8010117,-0.79114234,0.34726766,0.5034869,-0.19981878,-0.9247655,0.32385367,,0.08366975,1.2898985,0.42706203,0.9923719,0.09963543,-0.07260019,0.024196513,-0.7348674,-0.6777791,-0.12088232,0.67085224,-0.7316726,,-0.12972607,0.2650972,-0.09025478,0.828595,0.097849846,0.55123115,-0.4811449,0.62786305,0.6117905,-0.28623405,-0.77214855,0.56732416,,-0.082269356,0.4585089,-0.35007927,-0.5535522,0.032294497,-0.83218807,-0.7383214,-0.4813383,0.47243512,-0.38530695,0.8759398,0.29028958,,1.0885269213548188,0.6091382781873325,0.22410909665000003,0.3650701916065569,-0.33325642292790925,0.932202559892158,-0.4224077550232461,,-1.493808219861247,0.3046540891552827,0.17491748373000002,-0.19878606642332908,0.0009564554983580831,-1.0455326904638063,0.8328913932186898,,-0.0681136557206437,-0.037411132516498455,0.09109365563999999,-0.1076111944439502,,-1.847744e-06,-6.2584877e-06,6.556511e-06,1.0,-5.751848e-06,-5.275011e-06,5.751848e-06,1.0,-9.536743e-07,5.26011e-06,9.23872e-07,1.0,298,0.888,0,0,0.0,False,-0.2617249448978165,1.007704333483716
0.8982715499587357,19:56:14.958675,19:54:55.431850,0,,0.1379804,0.009458892,0.027595058,-0.8401969,-0.24025649,-0.48615408,-0.4871171,-0.0595738,0.8713024,-0.23829812,0.9688797,-0.06697935,,0.07599169,0.0019184984,0.05812615,0.577926,0.1556233,0.80111355,-0.79121387,0.34736827,0.50330496,-0.1999555,-0.9247252,0.3238845,,0.08366975,1.2898985,0.42706203,0.9923719,0.09963543,-0.07260019,0.024196513,-0.7348674,-0.6777791,-0.12088232,0.67085224,-0.7316726,,-0.12979545,0.26517636,-0.09041716,0.8255204,0.10902725,0.553741,-0.48918805,0.62752396,0.60572994,-0.28144467,-0.7709259,0.57136863,,-0.08227143,0.45850447,-0.35008103,-0.55338603,0.032275118,-0.83229935,-0.7384523,-0.4812442,0.4723264,-0.38529485,0.8759922,0.29014745,,1.0887122669438003,0.6095244148310437,0.22393669008000003,0.35605352403672236,-0.3286107819358843,0.9281693149460579,-0.42289778722164895,,-1.493808219861247,0.3046231982237858,0.17491748373000002,-0.19857637647984455,0.0009564554983580831,-1.045614369203947,0.8330547372848242,,-0.0681136557206437,-0.037411132516498455,0.09109365563999999,-0.1076111944439502,,-1.847744e-06,-6.2584877e-06,6.556511e-06,1.0,-5.751848e-06,-5.275011e-06,5.751848e-06,1.0,-9.536743e-07,5.26011e-06,9.23872e-07,1.0,309,0.92,0,0,0.0,False,-0.2602950796533112,1.0074629324798186
0.9307405070867389,19:56:14.980392,19:54:55.431850,0,,0.13800246,0.009390153,0.027872488,-0.83776295,-0.24682786,-0.48706186,-0.48866028,-0.05911401,0.8704693,-0.24364829,0.96725464,-0.07109144,,0.07599515,0.0019120313,0.05812347,0.57790166,0.15570411,0.80111545,-0.791239,0.34737363,0.5032618,-0.19992653,-0.92470956,0.32394704,,0.08366975,1.2898985,0.42706203,0.9923719,0.09963543,-0.07260019,0.024196513,-0.7348674,-0.6777791,-0.12088232,0.67085224,-0.7316726,,-0.1298579,0.26531526,-0.090660036,0.82368493,0.11576858,0.5551043,-0.49405533,0.62697244,0.60234123,-0.2783029,-0.7703916,0.5736238,,-0.08227452,0.45849782,-0.3500837,-0.55336833,0.032192998,-0.8323143,-0.73844415,-0.48123896,0.4723445,-0.3853359,0.8759981,0.29007512,,1.0890443444573918,0.6101731243924785,0.22369039498,0.35060158550612475,-0.32587805194057545,0.9256959206517079,-0.4237145075523203,,-1.493808219861247,0.3045768618265404,0.17491748373000002,-0.19857637647984455,0.0009564554983580831,-1.0456960479440875,0.8328913932186899,,-0.0681136557206437,-0.037411132516498455,0.09109365563999999,-0.1076111944439502,,-1.847744e-06,-6.2584877e-06,6.556511e-06,1.0,-5.751848e-06,-5.275011e-06,5.751848e-06,1.0,-9.536743e-07,5.26011e-06,9.23872e-07,1.0,331,0.986,0,0,0.0,False,-0.26017592421626956,1.0079457344876133
0.9525007260963321,19:56:15.057003,19:54:55.546026,0,,0.13821968,0.009455822,0.028750315,-0.8232672,-0.28423724,-0.49136558,-0.49699992,-0.057305247,0.8658564,-0.27426642,0.9570399,-0.094088346,,0.076006144,0.0018915571,0.058115005,0.5779534,0.15587886,0.80104405,-0.79126364,0.34721842,0.50333,-0.19967882,-0.9247384,0.3240174,,0.08366975,1.2898985,0.42706203,0.9923719,0.09963543,-0.07260019,0.024196513,-0.7348674,-0.6777791,-0.12088232,0.67085224,-0.7316726,,-0.1301804,0.26595613,-0.091214456,0.81265736,0.15420923,0.56196755,-0.52157116,0.6225841,0.58339745,-0.2599068,-0.7672083,0.58637863,,-0.08228433,0.45847675,-0.35009214,-0.5534667,0.03202224,-0.8322555,-0.738282,-0.48138365,0.47245046,-0.38550526,0.8759248,0.29007125,,1.0906043364979852,0.6130228128230674,0.22311224964,0.3195674738704151,-0.3092083989691917,0.9123479726211662,-0.42289778722164895,,-1.493808219861247,0.3044301299019302,0.17491748373000002,-0.19878606642332908,0.0009564554983580831,-1.045777726684228,0.8327280491525556,,-0.0681136557206437,-0.037411132516498455,0.09109365563999999,-0.1076111944439502,,-1.847744e-06,-6.2584877e-06,6.556511e-06,1.0,-5.751848e-06,-5.275011e-06,5.751848e-06,1.0,-9.536743e-07,5.26011e-06,9.23872e-07,1.0,339,1.01,0,0,0.0,False,-0.26059296824591627,1.007704333483716
1.0291167569812387,19:56:15.079428,19:54:55.546026,0,,0.13830076,0.009548403,0.029041097,-0.82105494,-0.2904693,-0.49142262,-0.497254,-0.058886737,0.8656044,-0.2803698,0.9550706,-0.09608787,,0.07600945,0.0018840171,0.05811125,0.5774681,0.15568438,0.80143183,-0.79152846,0.34728128,0.5028702,-0.20003325,-0.92474765,0.32377246,,0.08366975,1.2898985,0.42706203,0.9923719,0.09963543,-0.07260019,0.024196513,-0.7348674,-0.6777791,-0.12088232,0.67085224,-0.7316726,,-0.13029103,0.2662197,-0.09134857,0.8112329,0.16050835,0.5622617,-0.5260067,0.6202981,0.5818481,-0.2553784,-0.7677677,0.58763474,,-0.08228709,0.4584686,-0.35009494,-0.55293137,0.03221678,-0.83260375,-0.73865986,-0.48132542,0.4719189,-0.38554963,0.87594974,0.28993717,,1.091175818730678,0.6141966682199494,0.22297743548,0.3147446051702711,-0.30551921347552485,0.9110549427643146,-0.4230611312877833,,-1.4938004971283727,0.3043837935046848,0.17491748373000002,-0.19815699659287553,0.0008198189985926426,-1.0456663087805318,0.8327280491525556,,-0.0681136557206437,-0.037411132516498455,0.09109365563999999,-0.1076111944439502,,-1.847744e-06,-6.2584877e-06,6.556511e-06,1.0,-5.751848e-06,-5.275011e-06,5.751848e-06,1.0,-9.536743e-07,5.26011e-06,9.23872e-07,1.0,350,1.043,0,0,0.0,False,-0.26017592421626956,1.0074629324798186
1.0515316280070692,19:56:15.102121,19:54:55.546026,0,,0.13854147,0.009805314,0.029523835,-0.8138753,-0.3106982,-0.49099246,-0.49930346,-0.058185607,0.86447126,-0.29715833,0.94872606,-0.10777691,,0.07601304,0.0018793382,0.05810821,0.5774478,0.15576266,0.80143124,-0.79154944,0.34729257,0.50282943,-0.20000914,-0.9247302,0.32383722,,0.08366975,1.2898985,0.42706203,0.9923719,0.09963543,-0.07260019,0.024196513,-0.7348674,-0.6777791,-0.12088232,0.67085224,-0.7316726,,-0.13057199,0.26672885,-0.091485694,0.80613273,0.18137966,0.5632508,-0.53922915,0.61716175,0.5730124,-0.24368405,-0.7656453,0.5953195,,-0.08229017,0.4584628,-0.35009602,-0.55291665,0.03213699,-0.8326166,-0.73865306,-0.48131466,0.47194055,-0.38558382,0.87595856,0.28986496,,1.092110269408459,0.6165443790137137,0.22283484358000002,0.30006630912635435,-0.29554474899264765,0.9026763995740541,-0.42322447535391755,,-1.4938004971283727,0.30434517984031373,0.17491878002000003,-0.19815699659287553,0.0008198189985926426,-1.0457479875206723,0.8325647050864213,,-0.0681136557206437,-0.037411132516498455,0.09109365563999999,-0.1076111944439502,,-1.847744e-06,-6.2584877e-06,6.556511e-06,1.0,-5.751848e-06,-5.275011e-06,5.751848e-06,1.0,-9.536743e-07,5.26011e-06,9.23872e-07,1.0,362,1.08,0,0,0.0,False,-0.2608312791200009,1.0078974542868337
