Task Time,PC1 Time,PC2 Time,Gaze Calib,s_T_psm1,Tx,Ty,Tz,R00,R01,R02,R10,R11,R12,R20,R21,R22,s_T_psm3,Tx,Ty,Tz,R00,R01,R02,R10,R11,R12,R20,R21,R22,cart_T_ecm,Tx,Ty,Tz,R00,R01,R02,R10,R11,R12,R20,R21,R22,ecm_T_psm1,Tx,Ty,Tz,R00,R01,R02,R10,R11,R12,R20,R21,R22,ecm_T_psm3,Tx,Ty,Tz,R00,R01,R02,R10,R11,R12,R20,R21,R22,psm1_joints,q1,q2,q3,q4,q5,q6,jaw,psm3_joints,q1,q2,q3,q4,q5,q6,jaw,ecm_joints,q1,q2,q3,q4,ecmi_T_ecm,Tx,Ty,Tz,R00,R01,R02,R10,R11,R12,R20,R21,R22,Sample #,Task Duration (s),Collisions (binary),Collisions (increments),Cumulative Collision Time (s),Clutch Press,MTMR Angle,MTML Angle
""
lci_T_si,,,,,-0.050271697,0.02801373,0.20952441,0.9876041,-0.040957443,0.15152769,0.07601939,-0.7197842,-0.690023,0.13732882,0.6929886,-0.7077483
rci_T_si,,,,,-0.05940767,0.031849217,0.21847901,0.982422,-0.06086812,0.17647123,0.08398677,-0.7001403,-0.7090485,0.16671307,0.7114061,-0.6827211
ecm_T_lc,,,,,-4.4061628e-05,-0.00034663224,-0.01840835,-0.99912,0.030754527,0.028518902,-0.031987965,-0.99852574,-0.043852776,0.027128186,-0.04472645,0.9986309
ecm_T_rc,,,,,-0.0043358393,0.01870579,-0.007592615,-0.99555075,-0.052743673,-0.078081585,0.04863213,-0.9973746,0.053654674,-0.08070653,0.04961868,0.9955021
cart_T_ecmi,,,,,0.08371291,1.2899014,0.4270729,0.99237305,0.09959992,-0.072632946,0.024148555,-0.7348722,-0.67777556,-0.12088232,0.67085224,-0.7316726
ecmac_T_ecmrep_psm1,,,,,0.023195708,-0.2631036,-0.30022871,0.99664557,0.07921609,0.02055357,-0.078295335,0.99603295,-0.04228661,-0.023821812,0.040535513,0.9988941
ecmac_T_ecmrep_psm3,,,,,0.022281613,-0.4507852,-0.5326207,0.99995744,0.002629678,0.008843231,-0.0032003638,0.99787027,0.06515156,-0.008653069,-0.06517708,0.9978362
""
0,19:59:55.521692,19:58:36.063876,0,,0.13054785,0.0024551898,0.028207302,-0.7557045,-0.4276013,-0.49605215,-0.42562938,-0.2549938,0.86822677,-0.49774504,0.86725736,0.010700196,,0.07391682,0.00539127,0.07133877,0.7326882,-0.11921252,0.6700421,-0.43360177,0.677077,0.594606,-0.52455455,-0.7261923,0.4443955,,0.08369647,1.2898974,0.42707533,0.9923721,0.099630184,-0.07260503,0.02418943,-0.7348681,-0.67777854,-0.12088232,0.67085224,-0.7316726,,-0.12199825,0.26155213,-0.09612126,0.77506423,0.29567194,0.5584385,-0.62965536,0.43552622,0.6433126,-0.053005118,-0.8502323,0.52373224,,-0.08141656,0.4719517,-0.3549308,-0.6386503,0.27636355,-0.7181567,-0.76262367,-0.10285878,0.6386119,0.102620326,0.95553297,0.27645218,,1.1154715363529881,0.5624620806955195,0.21720375982,0.19291474800576242,-0.04235731492728654,1.0043929105749267,-0.42208106689097746,,-1.5365767145187021,0.34716001089501436,0.16835307117,-0.11197442982073601,0.45937191221141077,-1.0317741353983325,0.776211002270095,,-0.07327110366028695,-0.03740458753180348,0.09109008376,-0.10826536583874626,,-1.6696751e-05,2.9802322e-06,2.1457672e-06,1.0,3.0130148e-05,2.7626753e-05,-3.0130148e-05,1.0,4.976988e-06,-2.7634203e-05,-4.976988e-06,1.0,37,0.11,0,0,0.0,False,-0.25922268071993226,0.950202614355381
0.1287982719950378,19:59:55.554333,19:58:36.063876,0,,0.13063577,0.0026641637,0.028705567,-0.7421089,-0.44695115,-0.49950883,-0.42584386,-0.26110888,0.8663019,-0.5176208,0.8556032,0.0034397542,,0.073935494,0.0053854883,0.07134515,0.73259646,-0.119152054,0.67015314,-0.4336916,0.6771191,0.59449255,-0.52460855,-0.72616297,0.44437978,,0.08369647,1.2898974,0.42707533,0.9923721,0.099630184,-0.07260503,0.02418943,-0.7348681,-0.67777854,-0.12088232,0.67085224,-0.7316726,,-0.12213007,0.2620468,-0.09631501,0.7640512,0.31576347,0.5626004,-0.64408344,0.42358738,0.63696957,-0.037178673,-0.84903896,0.52702045,,-0.08143629,0.47195056,-0.35493645,-0.63855356,0.27630028,-0.718267,-0.7627112,-0.10281675,0.63851416,0.10257175,0.9555558,0.27639133,,1.1168693510032228,0.564060686400484,0.21700542745,0.1738329631486707,-0.028147118951680733,0.9993397478017436,-0.4211010024941718,,-1.5366848327789413,0.34709050629914634,0.16835566375000002,-0.11176473987725148,0.45937191221141077,-1.031692456658192,0.7763743463362291,,-0.07327110366028695,-0.03740458753180348,0.09109008376,-0.10826536583874626,,-1.6696751e-05,2.9802322e-06,2.1457672e-06,1.0,3.0130148e-05,2.7626753e-05,-3.0130148e-05,1.0,4.976988e-06,-2.7634203e-05,-4.976988e-06,1.0,48,0.143,0,0,0.0,False,-0.2585077480976805,0.9499612133514836
0.16145840310491621,19:59:55.584431,19:58:36.063876,0,,0.13074666,0.0028654486,0.02913189,-0.73025805,-0.470138,-0.49567485,-0.4209786,-0.26175624,0.86848176,-0.53805214,0.84288436,-0.0067685544,,0.073957965,0.0053803325,0.071357846,0.7326497,-0.118934765,0.6701334,-0.43374258,0.6771757,0.5943908,-0.52449185,-0.72614574,0.44454554,,0.08369647,1.2898974,0.42707533,0.9923721,0.099630184,-0.07260503,0.02418943,-0.7348681,-0.67777854,-0.12088232,0.67085224,-0.7316726,,-0.12227635,0.26248515,-0.096460104,0.75523674,0.34021688,0.5602409,-0.6552134,0.41493076,0.6312906,-0.017685488,-0.84385127,0.53628564,,-0.0814609,0.47195426,-0.35494506,-0.6386293,0.27608582,-0.7182821,-0.76266176,-0.1027932,0.638577,0.102467544,0.9556203,0.27620685,,1.1180045927357338,0.5653272145918568,0.21685765039000002,0.15873528721778493,-0.009974464482877154,0.98746160125518,-0.4224077550232461,,-1.5368470101693001,0.34702872443615257,0.16835696004,-0.11176473987725148,0.45937191221141077,-1.0317741353983325,0.7758843141378264,,-0.07327110366028695,-0.03740458753180348,0.09109008376,-0.10826536583874626,,-1.6696751e-05,2.9802322e-06,2.1457672e-06,1.0,3.0130148e-05,2.7626753e-05,-3.0130148e-05,1.0,4.976988e-06,-2.7634203e-05,-4.976988e-06,1.0,59,0.175,0,0,0.0,False,-0.2589843698458485,0.950830256965514
0.19155697501264513,19:59:55.618055,19:58:36.172229,0,,0.13094062,0.0031120405,0.029595137,-0.7093411,-0.50475687,-0.4919916,-0.41275844,-0.26834676,0.8704139,-0.5713717,0.8204942,-0.01799336,,0.07398177,0.0053708553,0.07136494,0.7326825,-0.11871515,0.67013663,-0.43382847,0.6772113,0.5942876,-0.524375,-0.7261485,0.4446789,,0.08369647,1.2898974,0.42707533,0.9923721,0.099630184,-0.07260503,0.02418943,-0.7348681,-0.67777854,-0.12088232,0.67085224,-0.7316726,,-0.12250575,0.2629792,-0.09658781,0.7393117,0.37669882,0.55813634,-0.6732065,0.39560863,0.62472934,0.014531251,-0.8376108,0.5460742,,-0.08148593,0.4719507,-0.35495323,-0.6386863,0.27587196,-0.71831363,-0.7626321,-0.10279851,0.6386116,0.10233347,0.9556815,0.27604482,,1.11903943894088,0.5665087927216131,0.21673191026000002,0.133572493999642,0.020768747964346947,0.9746443839445695,-0.4227344431555148,,-1.536986019361036,0.34692832890878766,0.16835955262000002,-0.11176473987725148,0.45937191221141077,-1.0318558141384733,0.7757209700716923,,-0.07327110366028695,-0.03740458753180348,0.09109008376,-0.10826536583874626,,-1.6696751e-05,2.9802322e-06,2.1457672e-06,1.0,3.0130148e-05,2.7626753e-05,-3.0130148e-05,1.0,4.976988e-06,-2.7634203e-05,-4.976988e-06,1.0,70,0.207,0,0,0.0,False,-0.2589247921273281,0.9506371361623962
0.22517975117079914,19:59:55.652634,19:58:36.172229,0,,0.13100573,0.0031791553,0.029776067,-0.6955324,-0.52420264,-0.49137184,-0.41107917,-0.27056527,0.8705218,-0.5892779,0.8074689,-0.027301997,,0.07399912,0.0053606927,0.0713653,0.73268855,-0.118654236,0.67014074,-0.43391585,0.6771369,0.59430856,-0.5242943,-0.7262279,0.4446445,,0.08369647,1.2898974,0.42707533,0.9923721,0.099630184,-0.07260503,0.02418943,-0.7348681,-0.67777854,-0.12088232,0.67085224,-0.7316726,,-0.12258714,0.2631516,-0.0966595,0.72799563,0.39736453,0.5586804,-0.68491125,0.3855036,0.6182908,0.030313516,-0.8327595,0.55280435,,-0.08150342,0.47194245,-0.35495877,-0.6387104,0.27582404,-0.7183106,-0.76262754,-0.102913596,0.6385985,0.102216884,0.95568293,0.276083,,1.1193946846530942,0.5667250292420914,0.21666450318000002,0.11679729852088007,0.03607203593807628,0.9659228007770362,-0.4227344431555148,,-1.5370632466897785,0.3468279333814227,0.1683621452,-0.11176473987725148,0.45937191221141077,-1.0317741353983325,0.7758843141378264,,-0.07327110366028695,-0.03740458753180348,0.09109008376,-0.10826536583874626,,-1.6696751e-05,2.9802322e-06,2.1457672e-06,1.0,3.0130148e-05,2.7626753e-05,-3.0130148e-05,1.0,4.976988e-06,-2.7634203e-05,-4.976988e-06,1.0,81,0.24,0,0,0.0,False,-0.2594014138754961,0.9500577737530425
0.25974722811952233,19:59:55.685612,19:58:36.172229,0,,0.13111356,0.0032371134,0.029925346,-0.6721068,-0.5556949,-0.48936248,-0.40778947,-0.27385005,0.8710418,-0.6180454,0.78499,-0.042550176,,0.07401621,0.0053439736,0.07136297,0.7325545,-0.11854458,0.6703067,-0.43406862,0.6771872,0.5941397,-0.5243551,-0.7261989,0.44462,,0.08369647,1.2898974,0.42707533,0.9923721,0.099630184,-0.07260503,0.02418943,-0.7348681,-0.67777854,-0.12088232,0.67085224,-0.7316726,,-0.122707605,0.26329407,-0.09670903,0.7086351,0.4310277,0.55861557,-0.7033287,0.36839253,0.6079602,0.056257904,-0.82371235,0.56421006,,-0.0815204,0.47192794,-0.35496762,-0.63857317,0.27571285,-0.7184753,-0.76275563,-0.10287245,0.63845205,0.10211812,0.9557195,0.2759931,,1.1194641892489623,0.566501069988739,0.21662561448000003,0.0895376058678919,0.06175969789397908,0.9511838191327917,-0.4230611312877832,,-1.537117305819898,0.34668892418968666,0.1683621452,-0.11155504993376697,0.45937191221141077,-1.0317741353983325,0.776211002270095,,-0.07327110366028695,-0.03740458753180348,0.09109008376,-0.10826536583874626,,-1.6696751e-05,2.9802322e-06,2.1457672e-06,1.0,3.0130148e-05,2.7626753e-05,-3.0130148e-05,1.0,4.976988e-06,-2.7634203e-05,-4.976988e-06,1.0,92,0.273,0,0,0.0,False,-0.25922268071993226,0.9503474549577193
0.2927349591627717,19:59:55.714297,19:58:36.172229,0,,0.13119876,0.0032816678,0.030035913,-0.658068,-0.57253784,-0.4890265,-0.40218943,-0.28178173,0.8711157,-0.6365454,0.7699347,-0.044837177,,0.07402471,0.0053345263,0.07136065,0.7325435,-0.11848444,0.67032933,-0.43413672,0.67715967,0.59412134,-0.52431417,-0.7262343,0.44461054,,0.08369647,1.2898974,0.42707533,0.9923721,0.099630184,-0.07260503,0.02418943,-0.7348681,-0.67777854,-0.12088232,0.67085224,-0.7316726,,-0.122801974,0.2634006,-0.096743874,0.6974766,0.44891465,0.55857134,-0.71264946,0.35270593,0.60640687,0.075213484,-0.8210202,0.5659229,,-0.08152865,0.4719191,-0.35497212,-0.63857245,0.27565932,-0.71849644,-0.7627669,-0.10292407,0.63843036,0.102038704,0.95572937,0.27598828,,1.1194719119818364,0.5663620607970029,0.21660228126000003,0.07464961988049067,0.08061553486160986,0.9481416381839103,-0.4225710990893803,,-1.5371404740185206,0.34661169686094445,0.1683621452,-0.11155504993376697,0.45937191221141077,-1.0317741353983325,0.776211002270095,,-0.07327110366028695,-0.03740458753180348,0.09109008376,-0.10826536583874626,,-1.6696751e-05,2.9802322e-06,2.1457672e-06,1.0,3.0130148e-05,2.7626753e-05,-3.0130148e-05,1.0,4.976988e-06,-2.7634203e-05,-4.976988e-06,1.0,103,0.306,0,0,0.0,False,-0.259282258438454,0.9494784113436892
0.3213975930120796,19:59:55.749960,19:58:36.292273,0,,0.1313749,0.0034041926,0.030305147,-0.63057,-0.6060523,-0.48485267,-0.3848496,-0.29834226,0.87343144,-0.6739971,0.7373551,-0.045113444,,0.07403431,0.0053197443,0.07135123,0.7325065,-0.11836919,0.67039007,-0.43424666,0.6771549,0.5940464,-0.52427477,-0.7262576,0.44461894,,0.08369647,1.2898974,0.42707533,0.9923721,0.099630184,-0.07260503,0.02418943,-0.7348681,-0.67777854,-0.12088232,0.67085224,-0.7316726,,-0.12299968,0.263671,-0.09682341,0.6762773,0.48476812,0.5546611,-0.72719616,0.3191056,0.60774773,0.11762128,-0.8143534,0.5683254,,-0.0815369,0.47190136,-0.3549762,-0.6385475,0.27555028,-0.71856046,-0.7628031,-0.102958485,0.63838154,0.10192432,0.9557571,0.2759345,,1.1196031984406982,0.5661226560779019,0.21656079998000002,0.048228687001440604,0.1229728497888964,0.9420262896069354,-0.4225710990893804,,-1.5371327512856463,0.34648813313495685,0.16836344149000002,-0.11155504993376697,0.45937191221141077,-1.031855814138473,0.7753942819394235,,-0.07327110366028695,-0.03740458753180348,0.09109008376,-0.10826536583874626,,-1.6696751e-05,2.9802322e-06,2.1457672e-06,1.0,3.0130148e-05,2.7626753e-05,-3.0130148e-05,1.0,4.976988e-06,-2.7634203e-05,-4.976988e-06,1.0,114,0.338,0,0,0.0,False,-0.2594014138754961,0.9495266915444687
0.3570703670848161,19:59:55.786417,19:58:36.292273,0,,0.13144185,0.0035036057,0.030543268,-0.6073595,-0.6296663,-0.4843912,-0.37680322,-0.30845705,0.8734263,-0.69938093,0.7130039,-0.04991603,,0.07404098,0.005313188,0.07135028,0.7325018,-0.118266866,0.6704134,-0.43429422,0.6771856,0.5939767,-0.52424204,-0.72624564,0.4446771,,0.08369647,1.2898974,0.42707533,0.9923721,0.099630184,-0.07260503,0.02418943,-0.7348681,-0.67777854,-0.12088232,0.67085224,-0.7316726,,-0.12308736,0.26390636,-0.09691275,0.6570905,0.5103261,0.5547967,-0.7398422,0.29556832,0.60437816,0.14444959,-0.8075931,0.57177585,,-0.08154351,0.47189566,-0.35497966,-0.63855064,0.27544868,-0.71859664,-0.76280814,-0.102941856,0.6383782,0.10186676,0.95578814,0.27584806,,1.119973889618661,0.5660994878792792,0.21650505951000001,0.02453372338768935,0.1496169672431573,0.9347569353910128,-0.4230611312877832,,-1.537155919484269,0.3464340740048373,0.16836344149000002,-0.11155504993376697,0.45937191221141077,-1.0319374928786136,0.7752309378732893,,-0.07327110366028695,-0.03740458753180348,0.09109008376,-0.10826536583874626,,-1.6696751e-05,2.9802322e-06,2.1457672e-06,1.0,3.0130148e-05,2.7626753e-05,-3.0130148e-05,1.0,4.976988e-06,-2.7634203e-05,-4.976988e-06,1.0,125,0.372,0,0,0.0,False,-0.2599376133421849,0.949140449938233
0.39354014699347317,19:59:55.807511,19:58:36.292273,0,,0.13143317,0.003576696,0.030796826,-0.58969,-0.6482139,-0.48175144,-0.3702337,-0.31316411,0.87455994,-0.71776915,0.69408,-0.055321008,,0.07404434,0.0053115785,0.07135159,0.7323847,-0.11830926,0.6705338,-0.43433803,0.677231,0.59389293,-0.5243693,-0.7261964,0.44460744,,0.08369647,1.2898974,0.42707533,0.9923721,0.099630184,-0.07260503,0.02418943,-0.7348681,-0.67777854,-0.12088232,0.67085224,-0.7316726,,-0.12310426,0.2641359,-0.09704212,0.642404,0.5306331,0.55294263,-0.7484984,0.2795389,0.6013387,0.16452122,-0.80017906,0.5767549,,-0.08154712,0.47189525,-0.35498124,-0.6384137,0.27548292,-0.7187051,-0.7629189,-0.10287043,0.6382574,0.10189551,0.955786,0.27584502,,1.120622599180096,0.5661303788107761,0.21640654147000002,0.0067100781915047794,0.16956589620891158,0.9255959718435642,-0.4238778516184546,,-1.5371713649500176,0.34641862853908884,0.16836344149000002,-0.11134535999028242,0.45937191221141077,-1.031855814138473,0.7753942819394235,,-0.07327110366028695,-0.03740458753180348,0.09109008376,-0.10826536583874626,,-1.6696751e-05,2.9802322e-06,2.1457672e-06,1.0,3.0130148e-05,2.7626753e-05,-3.0130148e-05,1.0,4.976988e-06,-2.7634203e-05,-4.976988e-06,1.0,136,0.405,0,0,0.0,False,-0.2598780356236645,0.9486093677296588
0.41462216107174754,19:59:55.847553,19:58:36.292273,0,,0.13133624,0.003669791,0.031205654,-0.5636954,-0.6728598,-0.47906926,-0.36161208,-0.32042795,0.87553555,-0.74261975,0.6667726,-0.062690556,,0.074047565,0.0053119063,0.071354985,0.7323981,-0.11833945,0.6705138,-0.4343373,0.6771889,0.5939414,-0.52435124,-0.72623074,0.44457263,,0.08369647,1.2898974,0.42707533,0.9923721,0.099630184,-0.07260503,0.02418943,-0.7348681,-0.67777854,-0.12088232,0.67085224,-0.7316726,,-0.12305142,0.26449072,-0.09727982,0.6204432,0.5578032,0.5512765,-0.7604428,0.25600845,0.59681356,0.19177307,-0.78950316,0.58301616,,-0.08155089,0.4718976,-0.35498258,-0.6384302,0.27551734,-0.71867734,-0.7629063,-0.10291982,0.6382644,0.10188677,0.95577073,0.27590102,,1.1219200183029656,0.5660994878792792,0.21621857942000003,-0.019710854687545288,0.19675655966223426,0.9127351853840002,-0.4238778516184547,,-1.5372022558815144,0.34641862853908884,0.16836344149000002,-0.11134535999028242,0.45937191221141077,-1.0317741353983325,0.7742508734764836,,-0.07327110366028695,-0.03740458753180348,0.09109008376,-0.10826536583874626,,-1.6696751e-05,2.9802322e-06,2.1457672e-06,1.0,3.0130148e-05,2.7626753e-05,-3.0130148e-05,1.0,4.976988e-06,-2.7634203e-05,-4.976988e-06,1.0,147,0.438,0,0,0.0,False,-0.26041423509035333,0.9486576479304383
0.4546681691426784,19:59:55.874717,19:58:36.292273,0,,0.1312234,0.0037188008,0.031559676,-0.5426943,-0.69050866,-0.47820586,-0.3565963,-0.3260665,0.87551105,-0.7604748,0.64566123,-0.06927857,,0.07405113,0.00531134,0.07135755,0.7322864,-0.11827034,0.670648,-0.43437406,0.67733616,0.59374654,-0.52447677,-0.7261047,0.44463044,,0.08369647,1.2898974,0.42707533,0.9923721,0.099630184,-0.07260503,0.02418943,-0.7348681,-0.67777854,-0.12088232,0.67085224,-0.7316726,,-0.12297956,0.26477623,-0.09751174,0.6022718,0.5774171,0.55123335,-0.76993686,0.23775923,0.5921721,0.21086948,-0.7810634,0.5877704,,-0.08155489,0.4718988,-0.35498413,-0.63829863,0.27543163,-0.718827,-0.7630118,-0.10273806,0.63816756,0.10192064,0.955815,0.27573514,,1.1230475373026023,0.5661149333450277,0.21602672850000001,-0.041518608809935825,0.21574903312963048,0.9025572148793344,-0.42306113128778333,,-1.537225424080137,0.3464109058062146,0.16836344149000002,-0.1111356700467979,0.45937191221141077,-1.031855814138473,0.7740875294103493,,-0.07327110366028695,-0.03740458753180348,0.09109008376,-0.10826536583874626,,-1.6696751e-05,2.9802322e-06,2.1457672e-06,1.0,3.0130148e-05,2.7626753e-05,-3.0130148e-05,1.0,4.976988e-06,-2.7634203e-05,-4.976988e-06,1.0,162,0.482,0,0,0.0,False,-0.2602950796533112,0.948078285521085
0.4817634751088917,19:59:55.921243,19:58:36.448508,0,,0.13102552,0.0037855878,0.031938583,-0.52207756,-0.7066269,-0.4776125,-0.35354334,-0.33031407,0.8751569,-0.77617145,0.6257565,-0.07737377,,0.0740592,0.0053039193,0.07135701,0.7322829,-0.11821237,0.67066205,-0.43442822,0.6773167,0.5937291,-0.5244368,-0.7261322,0.44463265,,0.08369647,1.2898974,0.42707533,0.9923721,0.099630184,-0.07260503,0.02418943,-0.7348681,-0.67777854,-0.12088232,0.67085224,-0.7316726,,-0.12282528,0.26509434,-0.097761124,0.58405817,0.5954786,0.551617,-0.7793173,0.22130227,0.58625066,0.22702561,-0.77228916,0.59332013,,-0.08156299,0.47189265,-0.35498828,-0.6383046,0.2753791,-0.71884185,-0.76301575,-0.10277825,0.63815635,0.10185362,0.9558258,0.2757224,,1.1250091114526555,0.5661226560779019,0.21576098905000002,-0.07360117016306805,0.23938714758905166,0.8849971710828052,-0.4238778516184546,,-1.537256315011634,0.3463491239432208,0.16836344149000002,-0.1111356700467979,0.45937191221141077,-1.031855814138473,0.7740875294103493,,-0.07327110366028695,-0.03740458753180348,0.09109008376,-0.10826536583874626,,-1.6696751e-05,2.9802322e-06,2.1457672e-06,1.0,3.0130148e-05,2.7626753e-05,-3.0130148e-05,1.0,4.976988e-06,-2.7634203e-05,-4.976988e-06,1.0,173,0.516,0,0,0.0,False,-0.26041423509035333,0.9489473291351151
0.5283613440115005,19:59:55.952749,19:58:36.448508,0,,0.130894,0.0038646236,0.032332033,-0.49613544,-0.7277164,-0.47358078,-0.34584105,-0.33467203,0.8765777,-0.79639405,0.5986849,-0.08563167,,0.074072406,0.0052981675,0.07135612,0.73228735,-0.118077025,0.67068106,-0.43448865,0.67734736,0.59364986,-0.52438056,-0.7261256,0.44470978,,0.08369647,1.2898974,0.42707533,0.9923721,0.099630184,-0.07260503,0.02418943,-0.7348681,-0.67777854,-0.12088232,0.67085224,-0.7316726,,-0.12273745,0.2654294,-0.09800271,0.5615052,0.619333,0.54876095,-0.7886876,0.19991061,0.5813842,0.25036728,-0.7592512,0.6007111,,-0.08157601,0.47188672,-0.35499024,-0.6383216,0.27524608,-0.71887773,-0.76301235,-0.10276963,0.63816184,0.101772755,0.955865,0.27561626,,1.12585861206882,0.5661149333450277,0.21563265634000003,-0.08974729581137643,0.25510034506207735,0.8755329405034797,-0.42404119568458876,,-1.5373103741417535,0.3462796193473528,0.16836733036,-0.1111356700467979,0.45937191221141077,-1.0319374928786136,0.7742508734764837,,-0.07327110366028695,-0.03740458753180348,0.09109008376,-0.10826536583874626,,-1.6696751e-05,2.9802322e-06,2.1457672e-06,1.0,3.0130148e-05,2.7626753e-05,-3.0130148e-05,1.0,4.976988e-06,-2.7634203e-05,-4.976988e-06,1.0,184,0.548,0,0,0.0,False,-0.2589247921273281,0.9489956093358944
0.559873903170228,19:59:55.987437,19:58:36.448508,0,,0.13084026,0.003879957,0.032529294,-0.48040503,-0.7387752,-0.4726757,-0.34322494,-0.33759427,0.87648535,-0.80709827,0.5833021,-0.09138414,,0.07408585,0.005293876,0.07135934,0.73218304,-0.118000746,0.67080843,-0.43456548,0.67743635,0.59349203,-0.5244625,-0.726055,0.44472837,,0.08369647,1.2898974,0.42707533,0.9923721,0.099630184,-0.07260503,0.02418943,-0.7348681,-0.67777854,-0.12088232,0.67085224,-0.7316726,,-0.122707404,0.26557964,-0.09813896,0.54747415,0.63193756,0.5485681,-0.79475164,0.18740886,0.5772762,0.26199597,-0.75201917,0.6048349,,-0.08158996,0.4718848,-0.35499355,-0.63820684,0.27516142,-0.719012,-0.7631114,-0.10266809,0.63805974,0.10174984,0.9559003,0.2755023,,1.1262910851097767,0.5660994878792792,0.21552636056000002,-0.10589342145968479,0.26671444754213974,0.8670425635709708,-0.4237145075523203,,-1.5373798787376216,0.3462255602172332,0.16836992294000003,-0.11092598010331338,0.45937191221141077,-1.0319374928786136,0.7742508734764837,,-0.07327110366028695,-0.03740458753180348,0.09109008376,-0.10826536583874626,,-1.6696751e-05,2.9802322e-06,2.1457672e-06,1.0,3.0130148e-05,2.7626753e-05,-3.0130148e-05,1.0,4.976988e-06,-2.7634203e-05,-4.976988e-06,1.0,195,0.581,0,0,0.0,False,-0.26011634649774784,0.949043889536674
0.5945623312145472,19:59:56.019667,19:58:36.448508,0,,0.13074654,0.0038756505,0.032817543,-0.4566364,-0.75541854,-0.4699213,-0.33877236,-0.3407656,0.8769903,-0.8226277,0.55966216,-0.100309074,,0.07411961,0.005281836,0.07137233,0.7304319,-0.117914766,0.67272985,-0.43545097,0.67842287,0.59171355,-0.5261671,-0.72514737,0.44419557,,0.08369647,1.2898974,0.42707533,0.9923721,0.099630184,-0.07260503,0.02418943,-0.7348681,-0.67777854,-0.12088232,0.67085224,-0.7316726,,-0.12265061,0.26578054,-0.09835876,0.5262335,0.65106505,0.546985,-0.8031071,0.1691303,0.5713265,0.279459,-0.7399387,0.611877,,-0.08162597,0.47188294,-0.35500595,-0.6362048,0.27494574,-0.7208664,-0.7647641,-0.1013577,0.6362881,0.101879336,0.95610225,0.27475286,,1.1268702900753436,0.565952755954669,0.21535395399,-0.1300077649604051,0.2843405560118816,0.8527513327342731,-0.42420453975072325,,-1.5375111651964835,0.34610971922411987,0.16837121923,-0.10799032089453005,0.45896200271211446,-1.0316032391675245,0.7742508734764837,,-0.07327110366028695,-0.03740458753180348,0.09109008376,-0.10826536583874626,,-1.6696751e-05,2.9802322e-06,2.1457672e-06,1.0,3.0130148e-05,2.7626753e-05,-3.0130148e-05,1.0,4.976988e-06,-2.7634203e-05,-4.976988e-06,1.0,206,0.614,0,0,0.0,False,-0.260652545964438,0.9478851647179671
0.6267900241073221,19:59:56.056932,19:58:36.602879,0,,0.13068171,0.0038523078,0.03299871,-0.44079128,-0.7668125,-0.46658504,-0.3350288,-0.34169367,0.8780666,-0.8327417,0.5433636,-0.10628879,,0.074144974,0.0052720904,0.07137835,0.73058575,-0.11745687,0.6726428,-0.43551338,0.6785529,0.5915184,-0.5259017,-0.7250999,0.4445871,,0.08369647,1.2898974,0.42707533,0.9923721,0.099630184,-0.07260503,0.02418943,-0.7348681,-0.67777854,-0.12088232,0.67085224,-0.7316726,,-0.122610696,0.2658922,-0.09851207,0.5121058,0.6642727,0.54450834,-0.80795586,0.15742604,0.56782424,0.29147038,-0.7307248,0.61732185,,-0.08165235,0.47187826,-0.35501346,-0.6364073,0.27449208,-0.7208605,-0.76462096,-0.10129276,0.6364704,0.101688124,0.95623946,0.27434584,,1.127163753924564,0.5657519648999392,0.21523469531000003,-0.14573451072174443,0.29663784099077123,0.8418252552600488,-0.424041195684589,,-1.5376578971210937,0.3460016009638807,0.1683751081,-0.10820001083801457,0.45896200271211446,-1.0320116328682272,0.7737608412780808,,-0.07327110366028695,-0.03740458753180348,0.09109008376,-0.10826536583874626,,-1.6696751e-05,2.9802322e-06,2.1457672e-06,1.0,3.0130148e-05,2.7626753e-05,-3.0130148e-05,1.0,4.976988e-06,-2.7634203e-05,-4.976988e-06,1.0,214,0.637,0,0,0.0,False,-0.2594014138754961,0.9478368845171876
0.664023278048262,19:59:56.079284,19:58:36.602879,0,,0.13059282,0.0038305297,0.033151776,-0.4262183,-0.7754576,-0.46583638,-0.33396292,-0.34369355,0.8776921,-0.840718,0.5296606,-0.11248571,,0.07417336,0.0052616596,0.07138634,0.73074746,-0.11730595,0.6724934,-0.43558216,0.6783946,0.5916494,-0.5256199,-0.72527254,0.4446388,,0.08369647,1.2898974,0.42707533,0.9923721,0.099630184,-0.07260503,0.02418943,-0.7348681,-0.67777854,-0.12088232,0.67085224,-0.7316726,,-0.12254339,0.26598608,-0.09864792,0.49875972,0.67435575,0.54450256,-0.8131908,0.14668556,0.5632087,0.2999324,-0.7236903,0.6215408,,-0.08168209,0.4718743,-0.3550223,-0.63662076,0.2743699,-0.7207185,-0.7644705,-0.10154296,0.6366112,0.10148308,0.956248,0.27439207,,1.1275267223696526,0.5655588965780836,0.21512451066000002,-0.1610418765961147,0.30524594047599396,0.8332540312645036,-0.42355116348618604,,-1.5378277972443266,0.3458857599707673,0.16837899697000003,-0.10840970078149909,0.45896200271211446,-1.0319299541280866,0.7735974972119466,,-0.07327110366028695,-0.03740458753180348,0.09109008376,-0.10826536583874626,,-1.6696751e-05,2.9802322e-06,2.1457672e-06,1.0,3.0130148e-05,2.7626753e-05,-3.0130148e-05,1.0,4.976988e-06,-2.7634203e-05,-4.976988e-06,1.0,232,0.692,0,0,0.0,False,-0.2598184579051428,0.9478851647179671
0.6864040039945394,19:59:56.127623,19:58:36.602879,0,,0.13042948,0.0038542151,0.033334374,-0.40098158,-0.78814244,-0.46695328,-0.33247566,-0.3497678,0.8758552,-0.8536238,0.50645244,-0.121787846,,0.07421248,0.005243808,0.07139403,0.730787,-0.11698492,0.6725064,-0.43574172,0.67840886,0.59151554,-0.52543277,-0.7253109,0.44479722,,0.08369647,1.2898974,0.42707533,0.9923721,0.099630184,-0.07260503,0.02418943,-0.7348681,-0.67777854,-0.12088232,0.67085224,-0.7316726,,-0.12240246,0.2661353,-0.09878378,0.4755072,0.6892834,0.546609,-0.8218799,0.12651455,0.55543447,0.31369773,-0.71336,0.6266667,,-0.08172259,0.47186404,-0.35503507,-0.6367001,0.27406225,-0.7207655,-0.7644354,-0.10160112,0.6366441,0.10124954,0.95633,0.27419233,,1.1281754319310875,0.5651495917357496,0.21503247407000003,-0.1876724994186493,0.3193194999518343,0.8212879147429288,-0.42420453975072325,,-1.5380363110319306,0.34570041438178595,0.16838418213,-0.10840970078149909,0.45896200271211446,-1.0320116328682272,0.7734341531458123,,-0.07327110366028695,-0.03740458753180348,0.09109008376,-0.10826536583874626,,-1.6696751e-05,2.9802322e-06,2.1457672e-06,1.0,3.0130148e-05,2.7626753e-05,-3.0130148e-05,1.0,4.976988e-06,-2.7634203e-05,-4.976988e-06,1.0,243,0.724,0,0,0.0,False,-0.2607121236829584,0.946098797289127
0.7347477672155946,19:59:56.166205,19:58:36.602879,0,,0.13023013,0.003896743,0.03354737,-0.38213888,-0.80027515,-0.46209273,-0.32542372,-0.35147452,0.8778182,-0.8649099,0.4858245,-0.12611657,,0.07424456,0.005233258,0.07140088,0.7307048,-0.11673176,0.6726397,-0.4358841,0.6785346,0.5912663,-0.5254289,-0.72523415,0.444927,,0.08369647,1.2898974,0.42707533,0.9923721,0.099630184,-0.07260503,0.02418943,-0.7348681,-0.67777854,-0.12088232,0.67085224,-0.7316726,,-0.12222817,0.2663203,-0.09893319,0.4588223,0.703694,0.5424913,-0.8252683,0.111253075,0.5536741,0.3292633,-0.70173895,0.63178176,,-0.08175575,0.47185865,-0.35504273,-0.63662535,0.2738041,-0.7209296,-0.764514,-0.101492256,0.63656706,0.10112589,0.95641553,0.2739396,,1.129187109937611,0.5646707822975477,0.21493654861000003,-0.20612521444528742,0.33557924342392176,0.8079475054629142,-0.42436788381685764,,-1.5382062111551635,0.34556912792292416,0.16839066358000002,-0.10820001083801457,0.45896200271211446,-1.0320933116083677,0.7716373684183352,,-0.07327110366028695,-0.03740458753180348,0.09109008376,-0.10826536583874626,,-1.6696751e-05,2.9802322e-06,2.1457672e-06,1.0,3.0130148e-05,2.7626753e-05,-3.0130148e-05,1.0,4.976988e-06,-2.7634203e-05,-4.976988e-06,1.0,251,0.748,0,0,0.0,False,-0.25826943722359585,0.9447952318680815
0.7733277180232108,19:59:56.187559,19:58:36.602879,0,,0.13008793,0.0039211586,0.03361723,-0.37148583,-0.80289054,-0.46622437,-0.32739377,-0.3566201,0.87500584,-0.86879885,0.4776913,-0.13038212,,0.074255556,0.0052275956,0.07140392,0.73068535,-0.116591856,0.6726851,-0.4360448,0.6784594,0.59123415,-0.5253226,-0.725327,0.4449011,,0.08369647,1.2898974,0.42707533,0.9923721,0.099630184,-0.07260503,0.02418943,-0.7348681,-0.67777854,-0.12088232,0.67085224,-0.7316726,,-0.122094184,0.2663907,-0.09898596,0.44860783,0.70687515,0.5468808,-0.8297067,0.10197168,0.5488064,0.33217126,-0.6999495,0.63224435,,-0.08176732,0.47185606,-0.35504737,-0.63663185,0.27368107,-0.7209706,-0.76453406,-0.10162751,0.6365214,0.10093341,0.9564364,0.2739378,,1.1298049285675489,0.5644313775784467,0.21489636362000003,-0.21849692111087438,0.338448609918996,0.8056894082254298,-0.42420453975072325,,-1.5382679930181573,0.3455227915256788,0.16839066358000002,-0.10820001083801457,0.45882536621234904,-1.032063572444812,0.7718007124844696,,-0.07327110366028695,-0.03740458753180348,0.09109008376,-0.10826536583874626,,-1.6696751e-05,2.9802322e-06,2.1457672e-06,1.0,3.0130148e-05,2.7626753e-05,-3.0130148e-05,1.0,4.976988e-06,-2.7634203e-05,-4.976988e-06,1.0,258,0.769,0,0,0.0,False,-0.2602950796533112,0.9441193090571693
0.7946850100997835,19:59:56.214783,19:58:36.602879,0,,0.12989847,0.0039760023,0.033749312,-0.35720503,-0.8099445,-0.46518233,-0.32495987,-0.3591591,0.8748747,-0.8756743,0.46367526,-0.13490608,,0.074264124,0.0052198768,0.0714013,0.73067635,-0.116316035,0.6727426,-0.43610594,0.67862827,0.59099525,-0.5252844,-0.72521335,0.4451315,,0.08369647,1.2898974,0.42707533,0.9923721,0.099630184,-0.07260503,0.02418943,-0.7348681,-0.67777854,-0.12088232,0.67085224,-0.7316726,,-0.12191872,0.26652774,-0.099068314,0.43552375,0.71538,0.5463978,-0.8331859,0.09058002,0.54552406,0.34076425,-0.6928396,0.6354943,,-0.08177554,0.4718481,-0.35505038,-0.6366323,0.27339545,-0.7210785,-0.7645432,-0.101465784,0.63653624,0.10086131,0.9565352,0.27361903,,1.1310560112931733,0.5639448454073706,0.2148341417,-0.24135312495068753,0.35019934889882387,0.794555572444867,-0.42436788381685775,,-1.53829116121678,0.34545328692981075,0.16839195987000002,-0.10820001083801457,0.45882536621234904,-1.032390287405374,0.7688605192940525,,-0.07327110366028695,-0.03740458753180348,0.09109008376,-0.10826536583874626,,-1.6696751e-05,2.9802322e-06,2.1457672e-06,1.0,3.0130148e-05,2.7626753e-05,-3.0130148e-05,1.0,4.976988e-06,-2.7634203e-05,-4.976988e-06,1.0,273,0.814,0,0,0.0,False,-0.260652545964438,0.9437330674509334
0.8218942780513316,19:59:56.253373,19:58:36.807118,0,,0.12965402,0.004071556,0.0339299,-0.33331886,-0.8196825,-0.46585312,-0.32192394,-0.36546528,0.8733842,-0.8861509,0.44108483,-0.14205906,,0.074278235,0.0052272864,0.07139552,0.72980857,-0.11634284,0.67367935,-0.436397,0.679253,0.5900619,-0.5262482,-0.7246239,0.44495296,,0.0836759,1.2899004,0.42707777,0.9923721,0.099630095,-0.07260511,0.02418931,-0.7348681,-0.67777854,-0.12088232,0.67085224,-0.7316726,,-0.12167093,0.266732,-0.09916214,0.41343057,0.727298,0.54782546,-0.83903146,0.0705871,0.5394846,0.35369667,-0.6826823,0.6394088,,-0.08176739,0.47184938,-0.35503665,-0.6356127,0.27333602,-0.7219999,-0.7653578,-0.1006152,0.63569176,0.10111331,0.95664203,0.27315217,,1.1319595710394574,0.5636204906266532,0.21480562332000003,-0.2589670802033876,0.3605837228809973,0.7852710243625334,-0.4243678838168575,,-1.53829116121678,0.3454378414640623,0.16839325616,-0.1067321812336229,0.45868872971258356,-1.0323605482418183,0.7690238633601867,,-0.07327110366028695,-0.03740458753180348,0.09109008376,-0.10826536583874626,,-3.734231e-05,3.5762787e-07,-2.3841858e-07,1.0,3.0040741e-05,2.7552247e-05,-3.0040741e-05,1.0,4.9471855e-06,-2.7552247e-05,-4.976988e-06,1.0,280,0.835,0,0,0.0,False,-0.2607717014014801,0.9439261882540513
0.8604837621096522,19:59:56.284760,19:58:36.807118,0,,0.1294883,0.004142396,0.0340534,-0.31587005,-0.82713264,-0.46484149,-0.31828797,-0.3691604,0.87316275,-0.89382255,0.42375952,-0.14665967,,0.07428833,0.0052198656,0.07139772,0.7285828,-0.11607462,0.675051,-0.43718195,0.67988116,0.58875585,-0.5272941,-0.7240775,0.44460413,,0.0836759,1.2899004,0.42707777,0.9923721,0.099630095,-0.07260511,0.02418931,-0.7348681,-0.67777854,-0.12088232,0.67085224,-0.7316726,,-0.12151661,0.26687378,-0.099223904,0.39740676,0.7365112,0.5473748,-0.8422998,0.05607004,0.53608507,0.36414132,-0.6740975,0.64264584,,-0.08177799,0.4718451,-0.35504222,-0.63424474,0.27299488,-0.7233308,-0.7665087,-0.09983004,0.6344276,0.10098534,0.9568217,0.2725696,,1.1327241215940058,0.5632961358459357,0.21478358639000003,-0.2772101052865412,0.371651279361998,0.7753477080215769,-0.42420453975072314,,-1.53829116121678,0.3453992277996912,0.16839066358000002,-0.10484497174226218,0.45814218371352183,-1.0323232703277354,0.7698405836908582,,-0.07327110366028695,-0.03740458753180348,0.09109008376,-0.10826536583874626,,-3.734231e-05,3.5762787e-07,-2.3841858e-07,1.0,3.0040741e-05,2.7552247e-05,-3.0040741e-05,1.0,4.9471855e-06,-2.7552247e-05,-4.976988e-06,1.0,291,0.868,0,0,0.0,False,-0.2607121236829584,0.9439744684548308
0.891881809104234,19:59:56.311664,19:58:36.807118,0,,0.12936755,0.0041861907,0.03413926,-0.300469,-0.8334253,-0.46381104,-0.31488508,-0.37233782,0.87304735,-0.9003142,0.40837097,-0.15055734,,0.074293986,0.0052097626,0.07139653,0.7285704,-0.11585927,0.67510134,-0.43724325,0.6799996,0.5885735,-0.52726036,-0.7240008,0.44476897,,0.0836759,1.2899004,0.42707777,0.9923721,0.099630095,-0.07260511,0.02418931,-0.7348681,-0.67777854,-0.12088232,0.67085224,-0.7316726,,-0.121404275,0.2669686,-0.099271454,0.3832443,0.7443815,0.5468272,-0.8448509,0.043241106,0.5332515,0.37329715,-0.66635305,0.6454633,,-0.081783704,0.47183704,-0.35504842,-0.6342411,0.2727736,-0.72341746,-0.7665209,-0.09972154,0.6344299,0.10091542,0.9568961,0.27233416,,1.1331411491692138,0.562994949263841,0.21477321607000002,-0.292727161104396,0.3809425613460479,0.7670361819089553,-0.4246945719491261,,-1.5383066066825286,0.34532972320382316,0.16838807100000003,-0.10484497174226218,0.45814218371352183,-1.032568306548157,0.7700039277569923,,-0.07327110366028695,-0.03740458753180348,0.09109008376,-0.10826536583874626,,-3.734231e-05,3.5762787e-07,-2.3841858e-07,1.0,3.0040741e-05,2.7552247e-05,-3.0040741e-05,1.0,4.9471855e-06,-2.7552247e-05,-4.976988e-06,1.0,306,0.913,0,0,0.0,False,-0.26053339052739544,0.9432502654431392
0.9187239562161267,19:59:56.354114,19:58:36.807118,0,,0.12923548,0.004218325,0.03421785,-0.27775642,-0.8405724,-0.46506923,-0.31172225,-0.37905905,0.8712883,-0.9086697,0.38697842,-0.15673909,,0.07430813,0.00519203,0.07139313,0.7284858,-0.11574122,0.67521286,-0.43759397,0.67972213,0.5886334,-0.5270863,-0.7242802,0.44452024,,0.0836759,1.2899004,0.42707777,0.9923721,0.099630095,-0.07260511,0.02418931,-0.7348681,-0.67777854,-0.12088232,0.67085224,-0.7316726,,-0.12128078,0.26705036,-0.09932357,0.36206043,0.7535559,0.5486946,-0.8490904,0.023711015,0.52771515,0.38465276,-0.6569561,0.6484219,,-0.08179761,0.47182143,-0.3550578,-0.63420314,0.272699,-0.72347885,-0.7666036,-0.10012523,0.6342664,0.10052532,0.9568752,0.27255177,,1.1333805538883148,0.5625624762228844,0.21476543833000003,-0.31621243477466277,0.39282993682564127,0.7571794668070855,-0.4243678838168573,,-1.5383452203468997,0.34520615947783556,0.16838547842,-0.10484497174226218,0.45786891071399094,-1.0323454707407642,0.7686971752279181,,-0.07327110366028695,-0.03740458753180348,0.09109008376,-0.10826536583874626,,-3.734231e-05,3.5762787e-07,-2.3841858e-07,1.0,3.0040741e-05,2.7552247e-05,-3.0040741e-05,1.0,4.9471855e-06,-2.7552247e-05,-4.976988e-06,1.0,317,0.946,0,0,0.0,False,-0.26112916771260597,0.941270777211181
0.9612197130918503,19:59:56.382702,19:58:36.807118,0,,0.12917759,0.004232511,0.03427042,-0.26242763,-0.8453446,-0.46532154,-0.30875695,-0.38330954,0.87048423,-0.9142214,0.37211046,-0.16041508,,0.07432312,0.005177278,0.07139999,0.7286219,-0.11565444,0.67508084,-0.43765104,0.6795562,0.58878255,-0.5268507,-0.72444975,0.44452327,,0.0836759,1.2899004,0.42707777,0.9923721,0.099630095,-0.07260511,0.02418931,-0.7348681,-0.67777854,-0.12088232,0.67085224,-0.7316726,,-0.121228874,0.26709893,-0.09935917,0.3478187,0.7597727,0.5493337,-0.85129637,0.010432788,0.52458143,0.3928316,-0.650105,0.6504205,,-0.08181415,0.4718154,-0.35507122,-0.6343824,0.272639,-0.7233442,-0.7664776,-0.10037052,0.63437986,0.10035426,0.9568666,0.272645,,1.1333651084225664,0.5623307942366577,0.21476154946000003,-0.3317294905925175,0.40143803631086405,0.7502418176143515,-0.4245312278829919,,-1.5384456158742645,0.34510576395047066,0.16838029326,-0.10505466168574669,0.45786891071399094,-1.0322637920006237,0.7675537667649782,,-0.07327110366028695,-0.03740458753180348,0.09109008376,-0.10826536583874626,,-3.734231e-05,3.5762787e-07,-2.3841858e-07,1.0,3.0040741e-05,2.7552247e-05,-3.0040741e-05,1.0,4.9471855e-06,-2.7552247e-05,-4.976988e-06,1.0,328,0.978,0,0,0.0,False,-0.2603546573718325,0.9412224970104015
0.9897554949857295,19:59:56.411666,19:58:36.807118,0,,0.12912178,0.0042571723,0.03433408,-0.24559873,-0.85055923,-0.46500567,-0.30587468,-0.3871938,0.86978245,-0.9198488,0.35585096,-0.16507024,,0.07434991,0.0051618405,0.0714156,0.72645307,-0.115338534,0.67746806,-0.43871903,0.68095005,0.58637244,-0.5289532,-0.72319025,0.44407713,,0.0836759,1.2899004,0.42707777,0.9923721,0.099630095,-0.07260511,0.02418931,-0.7348681,-0.67777854,-0.12088232,0.67085224,-0.7316726,,-0.12117957,0.26716265,-0.09939498,0.33209583,0.76662797,0.54953974,-0.8536588,-0.0035416456,0.5208207,0.40122193,-0.6420818,0.6532625,,-0.08184393,0.4718142,-0.3550889,-0.63190347,0.27214757,-0.7256954,-0.7684995,-0.09855946,0.632214,0.100531355,0.95719475,0.2714253,,1.1333496629568178,0.5621763395791732,0.21475895688000002,-0.34892406595824854,0.4101827722958522,0.7417225331953909,-0.4243678838168573,,-1.5385382886687553,0.34500536842310575,0.16837381181000002,-0.10148993264650978,0.4573223647149292,-1.0322265140865408,0.7667370464343068,,-0.07327110366028695,-0.03740458753180348,0.09109008376,-0.10826536583874626,,-3.734231e-05,3.5762787e-07,-2.3841858e-07,1.0,3.0040741e-05,2.7552247e-05,-3.0040741e-05,1.0,4.9471855e-06,-2.7552247e-05,-4.976988e-06,1.0,351,1.048,0,0,0.0,False,-0.2608908568385213,0.9398706513885768
1.018784664105624,19:59:56.486326,19:58:36.807118,0,,0.12891911,0.0044161007,0.034604326,-0.18721202,-0.86577815,-0.46409047,-0.29649836,-0.40060556,0.86695075,-0.93650424,0.29990578,-0.1817038,,0.07439484,0.0051362105,0.071449876,0.7262094,-0.11454339,0.677864,-0.43970203,0.68058133,0.58606416,-0.52847147,-0.7236635,0.44387963,,0.0836759,1.2899004,0.42707777,0.9923721,0.099630095,-0.07260511,0.02418931,-0.7348681,-0.67777854,-0.12088232,0.67085224,-0.7316726,,-0.12099978,0.26747096,-0.09950442,0.27714288,0.7875176,0.55046153,-0.86029905,-0.051738378,0.5071574,0.42787537,-0.6141166,0.66316175,,-0.08189532,0.47181842,-0.35512337,-0.63178957,0.27144048,-0.7260592,-0.768735,-0.099249035,0.6318197,0.09944077,0.9573242,0.2713703,,1.1336122358745415,0.5621300031819279,0.21476154946000003,-0.40952445962527606,0.43751007224894034,0.7115161146624721,-0.42420453975072325,,-1.5388858116480955,0.3448740819642439,0.16835825633,-0.10128024270302526,0.4563659092165711,-1.0320183399416498,0.7659203261036354,,-0.07327110366028695,-0.03740458753180348,0.09109008376,-0.10826536583874626,,-3.734231e-05,3.5762787e-07,-2.3841858e-07,1.0,3.0040741e-05,2.7552247e-05,-3.0040741e-05,1.0,4.9471855e-06,-2.7552247e-05,-4.976988e-06,1.0,359,1.072,0,0,0.0,False,-0.2602355019347904,0.9393878493807821
