Task Time,PC1 Time,PC2 Time,Gaze Calib,s_T_psm1,Tx,Ty,Tz,R00,R01,R02,R10,R11,R12,R20,R21,R22,s_T_psm3,Tx,Ty,Tz,R00,R01,R02,R10,R11,R12,R20,R21,R22,cart_T_ecm,Tx,Ty,Tz,R00,R01,R02,R10,R11,R12,R20,R21,R22,ecm_T_psm1,Tx,Ty,Tz,R00,R01,R02,R10,R11,R12,R20,R21,R22,ecm_T_psm3,Tx,Ty,Tz,R00,R01,R02,R10,R11,R12,R20,R21,R22,psm1_joints,q1,q2,q3,q4,q5,q6,jaw,psm3_joints,q1,q2,q3,q4,q5,q6,jaw,ecm_joints,q1,q2,q3,q4,ecmi_T_ecm,Tx,Ty,Tz,R00,R01,R02,R10,R11,R12,R20,R21,R22,Sample #,Task Duration (s),Collisions (binary),Collisions (increments),Cumulative Collision Time (s),Clutch Press,MTMR Angle,MTML Angle
""
lci_T_si,,,,,-0.0493608,0.027893092,0.20932992,0.98721725,-0.03466899,0.1555641,0.080758385,-0.7326672,-0.6757787,0.13740528,0.6797035,-0.7205019
rci_T_si,,,,,-0.05870397,0.032032646,0.21918625,0.9859643,-0.04950044,0.15944943,0.07462208,-0.7236772,-0.68609244,0.1493518,0.6883611,-0.70982605
ecm_T_lc,,,,,-4.4061628e-05,-0.00034663224,-0.01840835,-0.99912,0.030754527,0.028518902,-0.031987965,-0.99852574,-0.043852776,0.027128186,-0.04472645,0.9986309
ecm_T_rc,,,,,-0.0043358393,0.01870579,-0.007592615,-0.99555075,-0.052743673,-0.078081585,0.04863213,-0.9973746,0.053654674,-0.08070653,0.04961868,0.9955021
cart_T_ecmi,,,,,0.083672695,1.2898984,0.4270709,0.99237174,0.099641204,-0.072594866,0.024204304,-0.7348666,-0.6777796,-0.12088232,0.67085224,-0.7316726
ecmac_T_ecmrep_psm1,,,,,0.023195708,-0.2631036,-0.30022871,0.99664557,0.07921609,0.02055357,-0.078295335,0.99603295,-0.04228661,-0.023821812,0.040535513,0.9988941
ecmac_T_ecmrep_psm3,,,,,0.022281613,-0.4507852,-0.5326207,0.99995744,0.002629678,0.008843231,-0.0032003638,0.99787027,0.06515156,-0.008653069,-0.06517708,0.9978362
""
0,19:58:14.587053,19:56:55.084457,0,,0.12872991,0.006912388,0.019787371,-0.9329459,-0.16093732,-0.32204235,-0.27275777,-0.26787508,0.92403805,-0.2349793,0.94991684,0.206016,,0.094454244,-0.00042040646,0.044594288,0.5183268,0.4044246,0.7535105,-0.85245085,0.17396921,0.49301338,0.068299145,-0.89787275,0.43492502,,0.083716266,1.2899011,0.4270712,0.9923729,0.09960524,-0.072628036,0.024155743,-0.73487145,-0.6777761,-0.12088232,0.67085224,-0.7316726,,-0.119873814,0.25829133,-0.08786146,0.9326411,0.017616458,0.3603752,-0.32757217,0.46004805,0.8252589,-0.15125178,-0.8877192,0.43483037,,-0.0979509,0.44459927,-0.34049037,-0.5474029,-0.22223338,-0.80682236,-0.571166,-0.6054292,0.55427873,-0.61165303,0.7642433,0.20448157,,1.1101196824711506,0.5476962154400022,0.22560501531000002,0.5395322245856812,-0.12652539878279787,1.1168878227074042,-0.4127704551213236,,-1.5046354913509097,0.23645463514300605,0.19194425288000003,-0.3434721274276509,-0.17475808319999833,-1.164111307200851,0.5914688634722252,,-0.07327110366028695,-0.03740458753180348,0.09109008376,-0.10826536583874626,,4.325807e-05,2.5629997e-06,-5.2452087e-06,1.0,-3.580749e-05,-3.283471e-05,3.580749e-05,1.0,-5.90086e-06,3.2827258e-05,5.8710575e-06,1.0,37,0.108,0,0,0.0,False,-0.2602355019347904,0.7689587406292935
0.12849496095441282,19:58:14.617316,19:56:55.152002,0,,0.1289212,0.0069260597,0.020142019,-0.93045896,-0.17878665,-0.31981483,-0.2671761,-0.26622683,0.9261427,-0.2507252,0.9471846,0.19994557,,0.094454974,-0.00042383373,0.044596672,0.51822937,0.40472186,0.75341797,-0.85250247,0.17400289,0.49291232,0.068395495,-0.8977323,0.43519974,,0.083716266,1.2899011,0.4270712,0.9923729,0.09960524,-0.072628036,0.024155743,-0.73487145,-0.6777761,-0.12088232,0.67085224,-0.7316726,,-0.120107435,0.25853735,-0.088079326,0.93261224,0.03574136,0.35910583,-0.3343601,0.45999074,0.8225642,-0.13578579,-0.8872041,0.44094345,,-0.097952165,0.44459867,-0.34049436,-0.547327,-0.22255062,-0.8067865,-0.5711159,-0.605339,0.5544288,-0.61176777,0.76422244,0.20421615,,1.110413146320371,0.5487078934465256,0.22536260908000003,0.5330318363376609,-0.11163202030836485,1.1102157467939118,-0.4126071110551892,,-1.504643214083784,0.23644691241013183,0.1919416603,-0.3434721274276509,-0.17489471969976378,-1.1644082829978575,0.5932656481997021,,-0.07327110366028695,-0.03740458753180348,0.09109008376,-0.10826536583874626,,4.325807e-05,2.5629997e-06,-5.2452087e-06,1.0,-3.580749e-05,-3.283471e-05,3.580749e-05,1.0,-5.90086e-06,3.2827258e-05,5.8710575e-06,1.0,48,0.141,0,0,0.0,False,-0.25910352528289105,0.7705037070542362
0.1587501869071275,19:58:14.652982,19:56:55.152002,0,,0.12896109,0.0069037974,0.020354062,-0.92808074,-0.18616891,-0.32250175,-0.26790327,-0.26771656,0.925503,-0.25863898,0.94534063,0.19858727,,0.09445043,-0.00042681396,0.044600904,0.518057,0.40473548,0.75352913,-0.8525939,0.17373216,0.49284974,0.068561584,-0.89777863,0.43507814,,0.083716266,1.2899011,0.4270712,0.9923729,0.09960524,-0.072628036,0.024155743,-0.73487145,-0.6777761,-0.12088232,0.67085224,-0.7316726,,-0.12017571,0.2586648,-0.088240996,0.93122077,0.04316865,0.36189002,-0.34038427,0.45789638,0.82126087,-0.13025542,-0.88795686,0.44109654,,-0.097948596,0.44460043,-0.34050003,-0.5471919,-0.22256346,-0.8068745,-0.5710307,-0.6055525,0.55428344,-0.61196816,0.76404953,0.20426287,,1.1107375011010885,0.5491635346861049,0.22519279509,0.5267411380331252,-0.10630319681751266,1.1097910280764984,-0.41260711105518943,,-1.5046354913509097,0.23646235787588027,0.19193517885000003,-0.3434721274276509,-0.17516799269929464,-1.1642671259306052,0.593755680398105,,-0.07327110366028695,-0.03740458753180348,0.09109008376,-0.10826536583874626,,4.325807e-05,2.5629997e-06,-5.2452087e-06,1.0,-3.580749e-05,-3.283471e-05,3.580749e-05,1.0,-5.90086e-06,3.2827258e-05,5.8710575e-06,1.0,59,0.174,0,0,0.0,False,-0.2594609915940169,0.7740764419119164
0.19441104400902987,19:58:14.683790,19:56:55.246871,0,,0.12892912,0.0068333745,0.02075842,-0.9252472,-0.19794922,-0.32362583,-0.26730075,-0.2651724,0.9264092,-0.2691986,0.943663,0.19243804,,0.094437115,-0.00043218583,0.044608116,0.5179802,0.4048853,0.7535014,-0.85263586,0.17372304,0.49278027,0.06861898,-0.8977128,0.43520483,,0.083748415,1.2899036,0.427072,0.9923737,0.09957987,-0.07265143,0.02412149,-0.7348749,-0.6777736,-0.12088232,0.67085224,-0.7316726,,-0.12022852,0.25889203,-0.08857757,0.92980486,0.055213414,0.36388785,-0.3472889,0.45900053,0.8177463,-0.12187415,-0.8867187,0.44595593,,-0.09796558,0.4446032,-0.34050557,-0.5471573,-0.22272082,-0.8068546,-0.5709947,-0.60551906,0.5543571,-0.6120327,0.7640302,0.20414177,,1.1116024471830017,0.5497350169187974,0.22484279679000002,0.5194019900111668,-0.0979683703318208,1.1037296446122817,-0.4121170788567866,,-1.504643214083784,0.2364778033416287,0.19192740111,-0.3434721274276509,-0.1753046291990601,-1.1644007442473305,0.5983293142498649,,-0.07327110366028695,-0.03740458753180348,0.09109008376,-0.10826536583874626,,7.5131655e-05,4.351139e-06,-9.894371e-06,1.0,-6.106496e-05,-5.5991113e-05,6.105751e-05,1.0,-1.0073185e-05,5.5983663e-05,1.0043383e-05,1.0,70,0.207,0,0,0.0,False,-0.2594609915940169,0.7814633126311734
0.2252081020269543,19:58:14.718847,19:56:55.246871,0,,0.12887675,0.0067679286,0.021112978,-0.9213083,-0.21056077,-0.32688707,-0.26748472,-0.2669558,0.9258437,-0.28221077,0.9404248,0.18962678,,0.09442114,-0.0004598722,0.044631958,0.51696074,0.40554014,0.75384927,-0.8531954,0.17276442,0.4921484,0.06934765,-0.8976022,0.4353174,,0.083748415,1.2899036,0.427072,0.9923737,0.09957987,-0.07265143,0.02412149,-0.7348749,-0.6777736,-0.12088232,0.67085224,-0.7316726,,-0.120227,0.25908864,-0.08888429,0.92756355,0.067969345,0.3674317,-0.35645786,0.45591706,0.8155228,-0.11208783,-0.8874231,0.44712025,,-0.097955234,0.44460478,-0.34054402,-0.5463111,-0.22341342,-0.80723643,-0.5706921,-0.606145,0.5539844,-0.6130699,0.7633313,0.20364347,,1.1125832342580282,0.5500516489666407,0.22452650203000002,0.5095465626673942,-0.08799390584894365,1.1018854006332661,-0.4119537347906522,,-1.5046354913509097,0.23648552607450293,0.19189110499,-0.34326243748416635,-0.1766709941967145,-1.1645117463124748,0.6048630768952361,,-0.07327110366028695,-0.03740458753180348,0.09109008376,-0.10826536583874626,,7.5131655e-05,4.351139e-06,-9.894371e-06,1.0,-6.106496e-05,-5.5991113e-05,6.105751e-05,1.0,-1.0073185e-05,5.5983663e-05,1.0043383e-05,1.0,81,0.239,0,0,0.0,False,-0.25975888018662197,0.7820909552413062
0.2602652770001441,19:58:14.749753,19:56:55.246871,0,,0.12885462,0.006727934,0.021531165,-0.9139728,-0.23357767,-0.3318058,-0.26698378,-0.26961654,0.92521703,-0.3055704,0.93421,0.18406078,,0.09438002,-0.00048237294,0.04467398,0.51625115,0.40573806,0.754229,-0.8536123,0.17229828,0.49158847,0.069503784,-0.89760244,0.43529218,,0.083748415,1.2899036,0.427072,0.9923737,0.09957987,-0.07265143,0.02412149,-0.7348749,-0.6777736,-0.12088232,0.67085224,-0.7316726,,-0.12026168,0.2593463,-0.089215025,0.92333996,0.09133274,0.37296337,-0.37232143,0.45051393,0.8114271,-0.09391533,-0.8880853,0.44998264,,-0.09792347,0.44462645,-0.34059384,-0.54565656,-0.22362174,-0.80762136,-0.57076126,-0.60647476,0.55355215,-0.6135882,0.76300836,0.2032923,,1.1138420397165267,0.5503837264802324,0.22418039260000003,0.4925616772451477,-0.06954797838060918,1.0981156497736468,-0.4135871754519951,,-1.504612323152287,0.23657819886899362,0.19183017936000002,-0.34284305759719735,-0.17749081319530713,-1.1644966688114207,0.6061698294243103,,-0.07327110366028695,-0.03740458753180348,0.09109008376,-0.10826536583874626,,7.5131655e-05,4.351139e-06,-9.894371e-06,1.0,-6.106496e-05,-5.5991113e-05,6.105751e-05,1.0,-1.0073185e-05,5.5983663e-05,1.0043383e-05,1.0,92,0.272,0,0,0.0,False,-0.25975888018662197,0.7788079015883032
0.29115813900716603,19:58:14.783679,19:56:55.246871,0,,0.12875217,0.006664738,0.022233367,-0.9015219,-0.2640693,-0.3428201,-0.26835108,-0.28033686,0.9216284,-0.3394789,0.9228643,0.18186656,,0.094319776,-0.0004884526,0.044719756,0.51553804,0.40590256,0.7546281,-0.8540313,0.17182106,0.49102738,0.069648296,-0.8976195,0.43523383,,0.083748415,1.2899036,0.427072,0.9923737,0.09957987,-0.07265143,0.02412149,-0.7348749,-0.6777736,-0.12088232,0.67085224,-0.7316726,,-0.12025503,0.25978404,-0.08977707,0.91527116,0.122150384,0.3838724,-0.3969366,0.43598384,0.8076877,-0.068702795,-0.89162624,0.44752938,,-0.09787317,0.44466403,-0.34063652,-0.5449966,-0.2237944,-0.80801904,-0.57084006,-0.6068203,0.553092,-0.61410123,0.7626829,0.20296417,,1.1160739095171777,0.5509397632471765,0.22360354355000003,0.46551167453564407,-0.043996952924471824,1.099333761620368,-0.4135871754519951,,-1.5045350958235448,0.23680215812234615,0.19176406857000003,-0.34242367771022825,-0.17844726869366523,-1.1644518521468108,0.6037196684322963,,-0.07327110366028695,-0.03740458753180348,0.09109008376,-0.10826536583874626,,7.5131655e-05,4.351139e-06,-9.894371e-06,1.0,-6.106496e-05,-5.5991113e-05,6.105751e-05,1.0,-1.0073185e-05,5.5983663e-05,1.0043383e-05,1.0,103,0.305,0,0,0.0,False,-0.25975888018662197,0.7867258545161344
0.32509733689948916,19:58:14.815589,19:56:55.375632,0,,0.12866214,0.006596558,0.022943765,-0.8894827,-0.29213792,-0.35139138,-0.26693127,-0.29196936,0.9184234,-0.37090185,0.91071916,0.18172094,,0.094217785,-0.000465326,0.044777572,0.51418,0.40544966,0.75579727,-0.85489607,0.17130533,0.48970112,0.069077075,-0.8979227,0.43469906,,0.083748415,1.2899036,0.427072,0.9923737,0.09957987,-0.07265143,0.02412149,-0.7348749,-0.6777736,-0.12088232,0.67085224,-0.7316726,,-0.120262094,0.26022336,-0.09034662,0.90749705,0.15060672,0.39213103,-0.4178066,0.42015937,0.8055456,-0.043436933,-0.8948652,0.44421786,,-0.097783275,0.44473487,-0.34067088,-0.5435819,-0.22330824,-0.80910575,-0.57166487,-0.6073283,0.55168074,-0.61458766,0.762421,0.2024752,,1.1182053837904637,0.5515189682127434,0.22302539821000003,0.44202640086537737,-0.018582563968099902,1.10131672129191,-0.4142405517165322,,-1.5043574729674376,0.2372964130262965,0.19168110601000002,-0.3409558481058366,-0.1798136336913196,-1.163991103030971,0.6089466785485929,,-0.07327110366028695,-0.03740458753180348,0.09109008376,-0.10826536583874626,,7.5131655e-05,4.351139e-06,-9.894371e-06,1.0,-6.106496e-05,-5.5991113e-05,6.105751e-05,1.0,-1.0073185e-05,5.5983663e-05,1.0043383e-05,1.0,114,0.338,0,0,0.0,False,-0.25975888018662197,0.7842152840756027
0.35703277005814016,19:58:14.853831,19:56:55.375632,0,,0.12856828,0.006572768,0.023746252,-0.87828577,-0.32001585,-0.35525215,-0.25895494,-0.3062239,0.9160618,-0.401941,0.8965583,0.18608236,,0.09408342,-0.00042968243,0.044822752,0.51086915,0.40406752,0.7587767,-0.8570467,0.1706458,0.4861592,0.06695908,-0.8986709,0.43348253,,0.083748415,1.2899036,0.427072,0.9923737,0.09957987,-0.07265143,0.02412149,-0.7348749,-0.6777736,-0.12088232,0.67085224,-0.7316726,,-0.12027388,0.26075813,-0.09095264,0.9009914,0.17893897,0.39521566,-0.43360773,0.40103906,0.8069399,-0.014103927,-0.89841443,0.43892205,,-0.097658835,0.44480845,-0.3406925,-0.53999734,-0.2218303,-0.81190777,-0.57424456,-0.6081478,0.54808706,-0.6153422,0.76219916,0.20101336,,1.1206998265088381,0.5522757960344173,0.2224174382,0.4233639958952547,0.010794283481469795,1.1049692861646894,-0.4168540567746808,,-1.5040176727209718,0.2379528453206056,0.19159555087000002,-0.3367620492361461,-0.1821364541873321,-1.1631588222899594,0.6081299582179216,,-0.07327110366028695,-0.03740458753180348,0.09109008376,-0.10826536583874626,,7.5131655e-05,4.351139e-06,-9.894371e-06,1.0,-6.106496e-05,-5.5991113e-05,6.105751e-05,1.0,-1.0073185e-05,5.5983663e-05,1.0043383e-05,1.0,125,0.37,0,0,0.0,False,-0.26101001227556386,0.7822840760444243
0.3952632579021156,19:58:14.884390,19:56:55.375632,0,,0.12841785,0.0065353736,0.024651766,-0.86107546,-0.35315657,-0.36582714,-0.2556367,-0.32125223,0.9118371,-0.43954408,0.8786794,0.1863426,,0.09390706,-0.00034364313,0.044848442,0.5095807,0.40365097,0.7598641,-0.85784805,0.17007476,0.48494458,0.06651464,-0.8989664,0.43293804,,0.083748415,1.2899036,0.427072,0.9923737,0.09957987,-0.07265143,0.02412149,-0.7348749,-0.6777736,-0.12088232,0.67085224,-0.7316726,,-0.12024392,0.2613554,-0.091650024,0.8890356,0.21289545,0.4053286,-0.4574983,0.37899163,0.8044008,0.01763712,-0.9005781,0.43433636,,-0.097487986,0.44490573,-0.34066972,-0.538673,-0.2213829,-0.812909,-0.57494193,-0.6086907,0.54675174,-0.6158516,0.76189584,0.2006029,,1.1235958513366724,0.5530094556574687,0.22172910821000003,0.3946364736378748,0.04249395142705198,1.1068094254147702,-0.41440389578266645,,-1.503446190488279,0.23887957326551254,0.19152295863000002,-0.335503909575239,-0.1840493651840483,-1.1629058314804583,0.6068232056888476,,-0.07327110366028695,-0.03740458753180348,0.09109008376,-0.10826536583874626,,7.5131655e-05,4.351139e-06,-9.894371e-06,1.0,-6.106496e-05,-5.5991113e-05,6.105751e-05,1.0,-1.0073185e-05,5.5983663e-05,1.0043383e-05,1.0,136,0.403,0,0,0.0,False,-0.25922268071993226,0.7811736314264968
0.4257514448836446,19:58:14.920384,19:56:55.375632,0,,0.12804511,0.0065219626,0.025932848,-0.8392407,-0.38949576,-0.3794313,-0.25403616,-0.33611223,0.90691465,-0.48077095,0.85750896,0.18313307,,0.093682304,-0.00022589415,0.044844627,0.5080476,0.40313458,0.76116365,-0.85883653,0.16991809,0.48324686,0.06547806,-0.8992277,0.4325533,,0.083748415,1.2899036,0.427072,0.9923737,0.09957987,-0.07265143,0.02412149,-0.7348749,-0.6777736,-0.12088232,0.67085224,-0.7316726,,-0.12004049,0.2622346,-0.09263281,0.8728437,0.25044954,0.41883048,-0.4852773,0.3549247,0.7990835,0.0514768,-0.9007239,0.43133125,,-0.097263075,0.44500762,-0.34061116,-0.5370024,-0.22083148,-0.8141633,-0.57617325,-0.6089245,0.54519296,-0.61615974,0.761869,0.1997567,,1.1282140455954586,0.5540906382598602,0.22077374248000003,0.35919887318899024,0.07624316686911577,1.104691291385469,-0.4135871754519951,,-1.5025889671392403,0.24002253773089777,0.19145814413,-0.3336167000838782,-0.1860989126805299,-1.1631131739482448,0.6043730446968332,,-0.07327110366028695,-0.03740458753180348,0.09109008376,-0.10826536583874626,,7.5131655e-05,4.351139e-06,-9.894371e-06,1.0,-6.106496e-05,-5.5991113e-05,6.105751e-05,1.0,-1.0073185e-05,5.5983663e-05,1.0043383e-05,1.0,147,0.436,0,0,0.0,False,-0.2599971910607066,0.7815115928319529
0.4618263419251889,19:58:14.946365,19:56:55.375632,0,,0.12770483,0.006552696,0.026957393,-0.8217084,-0.4167819,-0.38870063,-0.25014454,-0.34907183,0.90309274,-0.51207715,0.8393103,0.18257952,,0.09343837,-9.011477e-05,0.044819713,0.50743675,0.4031181,0.76157975,-0.85922587,0.16993433,0.4825485,0.0651055,-0.89923203,0.43260047,,0.083748415,1.2899036,0.427072,0.9923737,0.09957987,-0.07265143,0.02412149,-0.7348749,-0.6777736,-0.12088232,0.67085224,-0.7316726,,-0.11983301,0.26296943,-0.09339664,0.8598047,0.2788098,0.4277861,-0.504454,0.33396593,0.7962367,0.079132594,-0.9004065,0.4277922,,-0.097014844,0.44510803,-0.34052837,-0.53634423,-0.22081397,-0.8146018,-0.5766308,-0.60891503,0.5447196,-0.61630493,0.76188165,0.19925994,,1.13218353029281,0.5548938024787795,0.22004393121000002,0.33298763025342465,0.10384373982173474,1.1036663834957596,-0.41309714325359204,,-1.5015772891327168,0.24124272952502523,0.19140499624,-0.33298763025342465,-0.1878751871774806,-1.1637883884438458,0.6050264209613705,,-0.07327110366028695,-0.03740458753180348,0.09109008376,-0.10826536583874626,,7.5131655e-05,4.351139e-06,-9.894371e-06,1.0,-6.106496e-05,-5.5991113e-05,6.105751e-05,1.0,-1.0073185e-05,5.5983663e-05,1.0043383e-05,1.0,158,0.469,0,0,0.0,False,-0.25922268071993226,0.7824771968475424
0.48778341291472316,19:58:14.983592,19:56:55.521992,0,,0.12734547,0.006706409,0.027822167,-0.79358935,-0.44769573,-0.41204914,-0.25680134,-0.36749005,0.89387035,-0.5516059,0.8151808,0.1766673,,0.09308252,3.952533e-05,0.044786215,0.50745845,0.40242964,0.7619293,-0.8592323,0.16977704,0.48259258,0.06485152,-0.89957,0.4319353,,0.083748415,1.2899036,0.427072,0.9923737,0.09957987,-0.07265143,0.02412149,-0.7348749,-0.6777736,-0.12088232,0.67085224,-0.7316726,,-0.11957708,0.26368523,-0.09396475,0.83656955,0.31111443,0.4509536,-0.5373032,0.3050968,0.78627044,0.107035555,-0.90006876,0.4223975,,-0.0966553,0.44521177,-0.34046108,-0.5363179,-0.22007915,-0.81481797,-0.576827,-0.6091853,0.5442094,-0.61614424,0.76187825,0.19976936,,1.1361066785929161,0.5554575619785979,0.21952023005000001,0.2893721220086436,0.13130767627458828,1.1039780746118553,-0.41505727204720366,,-1.5000790789551173,0.24266371237388254,0.19129092272,-0.33298763025342465,-0.18951482517466592,-1.1640032696621598,0.6068232056888474,,-0.07327110366028695,-0.03740458753180348,0.09109008376,-0.10826536583874626,,7.5131655e-05,4.351139e-06,-9.894371e-06,1.0,-6.106496e-05,-5.5991113e-05,6.105751e-05,1.0,-1.0073185e-05,5.5983663e-05,1.0043383e-05,1.0,169,0.502,0,0,0.0,False,-0.25922268071993226,0.776345611348551
0.5250308790709823,19:58:15.017977,19:56:55.521992,0,,0.12676309,0.006939262,0.028883427,-0.7563951,-0.4853565,-0.43851498,-0.26366928,-0.3872818,0.8834542,-0.59861916,0.7838634,0.16496447,,0.09282687,0.000104524195,0.04476577,0.5065552,0.40269953,0.76238763,-0.8597306,0.16893548,0.482,0.06530687,-0.89960766,0.43178824,,0.083748415,1.2899036,0.427072,0.9923737,0.09957987,-0.07265143,0.02412149,-0.7348749,-0.6777736,-0.12088232,0.67085224,-0.7316726,,-0.11911992,0.2646007,-0.09465218,0.8053029,0.3509115,0.47785804,-0.5757358,0.27054098,0.7715801,0.14147615,-0.89647573,0.41989973,,-0.096398555,0.4452706,-0.34043628,-0.5355323,-0.22036238,-0.81525797,-0.5767025,-0.6097977,0.5436552,-0.6169436,0.7613062,0.19948286,,1.1415280370706218,0.555805084957938,0.21890578859,0.23485273670266726,0.16533016471618295,1.0987783488702414,-0.4140772076503978,,-1.4989824508869773,0.24361360851741215,0.19119499726000003,-0.3327779403099402,-0.1918376456706784,-1.1645595275035374,0.6020862277709533,,-0.07327110366028695,-0.03740458753180348,0.09109008376,-0.10826536583874626,,7.5131655e-05,4.351139e-06,-9.894371e-06,1.0,-6.106496e-05,-5.5991113e-05,6.105751e-05,1.0,-1.0073185e-05,5.5983663e-05,1.0043383e-05,1.0,180,0.534,0,0,0.0,False,-0.25952056931253775,0.7606062658944475
0.5593904010020196,19:58:15.046719,19:56:55.521992,0,,0.12632322,0.0070941597,0.029643446,-0.7243198,-0.51475525,-0.45868057,-0.26833642,-0.40234923,0.8752775,-0.63510346,0.7570615,0.15330186,,0.09258765,0.00013745576,0.04474747,0.50550056,0.40297583,0.7629414,-0.8604033,0.16920727,0.48070258,0.06461632,-0.8994329,0.43225613,,0.083748415,1.2899036,0.427072,0.9923737,0.09957987,-0.07265143,0.02412149,-0.7348749,-0.6777736,-0.12088232,0.67085224,-0.7316726,,-0.11877086,0.26524845,-0.09515585,0.7779119,0.382308,0.49869198,-0.605188,0.24223387,0.75833386,0.16911702,-0.89171934,0.41980484,,-0.096159294,0.44530803,-0.34043473,-0.53438705,-0.2206584,-0.8159291,-0.57752794,-0.6095234,0.5430863,-0.61716443,0.76144016,0.19828504,,1.1453662353091112,0.5558205304236864,0.21846893886000002,0.19060815862743263,0.19252082816950558,1.0924518616219228,-0.41571064831174076,,-1.4979630501475798,0.24434726814046348,0.19108999777000002,-0.33151980064903297,-0.19334064716809823,-1.1659476502473747,0.5970225617207907,,-0.07327110366028695,-0.03740458753180348,0.09109008376,-0.10826536583874626,,7.5131655e-05,4.351139e-06,-9.894371e-06,1.0,-6.106496e-05,-5.5991113e-05,6.105751e-05,1.0,-1.0073185e-05,5.5983663e-05,1.0043383e-05,1.0,195,0.579,0,0,0.0,False,-0.26041423509035333,0.7500811821245255
0.588121873093769,19:58:15.085588,19:56:55.521992,0,,0.12573501,0.00722719,0.030627936,-0.6748209,-0.5541053,-0.48742586,-0.2713946,-0.42786726,0.86213374,-0.6862664,0.7140707,0.13835254,,0.092314914,0.00017363578,0.044707477,0.50907487,0.40725482,0.7582785,-0.85794187,0.16933936,0.48503605,0.069126904,-0.8974786,0.43560737,,0.083748415,1.2899036,0.427072,0.9923737,0.09957987,-0.07265143,0.02412149,-0.7348749,-0.6777736,-0.12088232,0.67085224,-0.7316726,,-0.118305475,0.2660389,-0.095856965,0.7352896,0.4248486,0.52806526,-0.64410335,0.19557846,0.7395133,0.210903,-0.883885,0.4174532,,-0.09588294,0.44533548,-0.34042168,-0.53867245,-0.22522335,-0.8118537,-0.57299316,-0.6085069,0.5489974,-0.61766565,0.7609164,0.19873448,,1.1500462114308914,0.5553571664512329,0.21787912691000003,0.12707210575162176,0.23378505109866862,1.0855942814717081,-0.4153839601794722,,-1.49666563102471,0.2450809277635148,0.19098110941000002,-0.33802018889705326,-0.1941604661666909,-1.1698531522730677,0.5793814025782886,,-0.07327110366028695,-0.03740458753180348,0.09109008376,-0.10826536583874626,,7.5131655e-05,4.351139e-06,-9.894371e-06,1.0,-6.106496e-05,-5.5991113e-05,6.105751e-05,1.0,-1.0073185e-05,5.5983663e-05,1.0043383e-05,1.0,206,0.612,0,0,0.0,False,-0.26011634649774784,0.7309622226158599
0.6269864339847118,19:58:15.116433,19:56:55.658719,0,,0.1251173,0.007276401,0.031600624,-0.6264728,-0.5908671,-0.5083383,-0.27132905,-0.44607303,0.85287714,-0.7306931,0.6722313,0.119133204,,0.09196824,0.00017715245,0.044665456,0.515489,0.41204315,0.7513265,-0.85344446,0.1682576,0.49327672,0.07683498,-0.89549416,0.43839085,,0.083748415,1.2899036,0.427072,0.9923737,0.09957987,-0.07265143,0.02412149,-0.7348749,-0.6777736,-0.12088232,0.67085224,-0.7316726,,-0.1178156,0.26676115,-0.09661089,0.6931728,0.46522248,0.55052656,-0.67609555,0.15495048,0.72033685,0.24981254,-0.8715265,0.4219423,,-0.09553462,0.44534916,-0.34044287,-0.54628724,-0.23033066,-0.8053062,-0.5650909,-0.60832566,0.5573259,-0.6182577,0.7595312,0.2021628,,1.1544172782377025,0.5547007341569239,0.21724783368000003,0.06814923163247041,0.2723165440325228,1.07059185939757,-0.4158739923778749,,-1.4950052434567518,0.24579141918794348,0.19081518429000002,-0.3493434458452176,-0.1945703756659872,-1.172949405647882,0.559780114642175,,-0.07327110366028695,-0.03740458753180348,0.09109008376,-0.10826536583874626,,7.5131655e-05,4.351139e-06,-9.894371e-06,1.0,-6.106496e-05,-5.5991113e-05,6.105751e-05,1.0,-1.0073185e-05,5.5983663e-05,1.0043383e-05,1.0,225,0.669,1,1,0.054,False,-0.2596993024681016,0.7118432631071943
0.6578711168840528,19:58:15.178356,19:56:55.658719,0,,0.1242132,0.007264003,0.03289339,-0.55935335,-0.6369203,-0.5305246,-0.26767853,-0.46693647,0.84280396,-0.78452027,0.61343515,0.09069258,,0.091708854,0.00021377951,0.044609427,0.52513874,0.41708875,0.74179935,-0.8468132,0.16957498,0.5041345,0.08447826,-0.8929062,0.44224668,,0.083748415,1.2899036,0.427072,0.9923737,0.09957987,-0.07265143,0.02412149,-0.7348749,-0.6777736,-0.12088232,0.67085224,-0.7316726,,-0.11708806,0.26766726,-0.09767789,0.63396126,0.5167624,0.57536924,-0.7125469,0.10110512,0.6943016,0.30061617,-0.8501378,0.43231416,,-0.09526834,0.4453633,-0.3404173,-0.55700123,-0.23573188,-0.7963543,-0.5562383,-0.6061549,0.56848496,-0.6167241,0.7596096,0.20650591,,1.1600703187016348,0.5534650968970479,0.21636894906,-0.010274807230741693,0.3228720489457358,1.0438243720347735,-0.41505727204720366,,-1.4936923788681336,0.24627795135901961,0.19071925883000002,-0.3631829821151962,-0.19170100917091293,-1.176922756428318,0.5460592130868953,,-0.07327110366028695,-0.03740458753180348,0.09109008376,-0.10826536583874626,,7.5131655e-05,4.351139e-06,-9.894371e-06,1.0,-6.106496e-05,-5.5991113e-05,6.105751e-05,1.0,-1.0073185e-05,5.5983663e-05,1.0043383e-05,1.0,233,0.694,1,1,0.079,False,-0.2607121236829584,0.708125687647176
0.7198001760989428,19:58:15.203086,19:56:55.658719,0,,0.12384718,0.0072185993,0.03343469,-0.5384182,-0.650123,-0.5361399,-0.26007473,-0.47697362,0.8395578,-0.8015404,0.59146965,0.087730706,,0.091578975,0.00023368746,0.04458648,0.53253883,0.4215674,0.73395044,-0.84139496,0.16945726,0.51316535,0.09196061,-0.89082277,0.4449473,,0.083748415,1.2899036,0.427072,0.9923737,0.09957987,-0.07265143,0.02412149,-0.7348749,-0.6777736,-0.12088232,0.67085224,-0.7316726,,-0.116798796,0.26801693,-0.09815021,0.61600024,0.5318931,0.5810624,-0.7193633,0.07921807,0.69010216,0.3210299,-0.84309804,0.43142265,,-0.09513592,0.44537526,-0.34040654,-0.56551343,-0.24052474,-0.78888685,-0.5480228,-0.6052304,0.5773796,-0.61633235,0.7588439,0.21045285,,1.1623562476324052,0.552916782862978,0.21598135835,-0.03250194124010127,0.3437774334098481,1.0384574926093215,-0.4139138635842634,,-1.4930127783752019,0.2465173560781206,0.19066870352,-0.3751353088938141,-0.1901980076734931,-1.1793735344710872,0.5416489233012698,,-0.07327110366028695,-0.03740458753180348,0.09109008376,-0.10826536583874626,,7.5131655e-05,4.351139e-06,-9.894371e-06,1.0,-6.106496e-05,-5.5991113e-05,6.105751e-05,1.0,-1.0073185e-05,5.5983663e-05,1.0043383e-05,1.0,280,0.837,0,1,0.213,False,-0.259580147031059,0.7078842866432788
0.7445289299357682,19:58:15.344307,19:56:55.827192,0,,0.12039133,0.0063189417,0.036924362,-0.33041966,-0.7507713,-0.5719836,-0.22810456,-0.52453583,0.8202624,-0.91585547,0.40150285,0.0020625591,,0.090300515,0.0006011203,0.04431045,0.5464202,0.42192182,0.72346866,-0.8321043,0.17550036,0.5261197,0.0950124,-0.8894839,0.4469799,,0.083748415,1.2899036,0.427072,0.9923737,0.09957987,-0.07265143,0.02412149,-0.7348749,-0.6777736,-0.12088232,0.67085224,-0.7316726,,-0.11389479,0.2698664,-0.10176633,0.42730698,0.6522659,0.62606543,-0.7813665,-0.081936896,0.6186701,0.4548353,-0.7535486,0.4746465,,-0.09381783,0.4455676,-0.34013954,-0.5794339,-0.24094264,-0.7785904,-0.5413738,-0.6003185,0.5886698,-0.60923785,0.7626037,0.21740484,,1.1772765675454069,0.5450859317285144,0.21307637246000002,-0.2658868483383769,0.48123375217388126,0.9269428326717056,-0.41505727204720344,,-1.486965878534684,0.2503941679809813,0.19031092748000003,-0.38939422505076177,-0.18541573018170268,-1.1849067359032732,0.5331550318622875,,-0.07327110366028695,-0.03740458753180348,0.09109008376,-0.10826536583874626,,7.5131655e-05,4.351139e-06,-9.894371e-06,1.0,-6.106496e-05,-5.5991113e-05,6.105751e-05,1.0,-1.0073185e-05,5.5983663e-05,1.0043383e-05,1.0,288,0.862,0,1,0.213,False,-0.260652545964438,0.7051805953996291
0.8857461248990148,19:58:15.370110,19:56:55.827192,0,,NaN,NaN,NaN,NaN,NaN,NaN,NaN,NaN,NaN,NaN,NaN,NaN,,0.09018051,0.0006599501,0.044288635,0.5465827,0.42194548,0.72333205,-0.8319979,0.17562816,0.5262455,0.09500942,-0.8894475,0.44705307,,0.083748415,1.2899036,0.427072,0.9923737,0.09957987,-0.07265143,0.02412149,-0.7348749,-0.6777736,-0.12088232,0.67085224,-0.7316726,,NaN,NaN,NaN,NaN,NaN,NaN,NaN,NaN,NaN,NaN,NaN,NaN,,-0.09369414,0.44560462,-0.34009874,-0.57958966,-0.24096888,-0.7784663,-0.54132634,-0.60021055,0.5888235,-0.6091318,0.76268035,0.21743304,,1.1813155568386264,0.5418192157227174,0.21246063471,-0.3225031330791984,0.5091075981260311,0.8855908275655875,-0.4160373364440091,,-1.4864175645006141,0.25092703654930276,0.19028889055,-0.38960391499424624,-0.18596227618076444,-1.1852778516898932,0.5315215912009446,,-0.07327110366028695,-0.03740458753180348,0.09109008376,-0.10826536583874626,,7.5131655e-05,4.351139e-06,-9.894371e-06,1.0,-6.106496e-05,-5.5991113e-05,6.105751e-05,1.0,-1.0073185e-05,5.5983663e-05,1.0043383e-05,1.0,300,0.898,0,1,0.213,False,-0.260652545964438,0.7049391943957319
0.9115304830484092,19:58:15.400572,19:56:55.827192,0,,0.11833218,0.0058459714,0.037923098,-0.24083376,-0.7858705,-0.5695671,-0.21866614,-0.5278184,0.820727,-0.9456131,0.32220376,-0.04472679,,0.09015572,0.0006755665,0.04429531,0.5468879,0.42205513,0.72303736,-0.83177483,0.17570007,0.52657384,0.095205426,-0.8893813,0.44714314,,0.083748415,1.2899036,0.427072,0.9923737,0.09957987,-0.07265143,0.02412149,-0.7348749,-0.6777736,-0.12088232,0.67085224,-0.7316726,,-0.11202128,0.27027526,-0.103102036,0.34321916,0.69690007,0.629707,-0.7979046,-0.13736965,0.5869223,0.49552885,-0.7038891,0.5089119,,-0.09367061,0.44562292,-0.3400948,-0.5799195,-0.2410868,-0.7781841,-0.5410718,-0.6001276,0.58914196,-0.6090441,0.76270837,0.21758045,,1.1842501953308318,0.5394174457988336,0.21206137739000003,-0.37240933962851525,0.5235910671011678,0.8517272699358149,-0.41244376698905505,,-1.4863789508362428,0.2510351548095419,0.19027722394000002,-0.3900232948812153,-0.18596227618076444,-1.1854412091701745,0.5318482793332133,,-0.07327110366028695,-0.03740458753180348,0.09109008376,-0.10826536583874626,,7.5131655e-05,4.351139e-06,-9.894371e-06,1.0,-6.106496e-05,-5.5991113e-05,6.105751e-05,1.0,-1.0073185e-05,5.5983663e-05,1.0043383e-05,1.0,348,1.045,1,2,0.256,False,-0.2607121236829584,0.70508403499807
0.9419584490824491,19:58:15.555977,19:56:56.098496,0,,0.11411134,0.005009033,0.038955003,-0.043993376,-0.84197253,-0.53772366,-0.21199554,-0.5181191,0.82861966,-0.97627985,0.15044877,-0.15570062,,0.090237305,0.0006215647,0.04433441,0.5468792,0.42309162,0.7224379,-0.83171135,0.17580491,0.5266391,0.09580845,-0.8888679,0.4480342,,0.083748415,1.2899036,0.427072,0.9923737,0.09957987,-0.07265143,0.02412149,-0.7348749,-0.6777736,-0.12088232,0.67085224,-0.7316726,,-0.10804104,0.27051547,-0.105020575,0.15296936,0.7751161,0.61302155,-0.8207468,-0.24586456,0.51567954,0.5504318,-0.5820186,0.59856427,,-0.093759686,0.44560662,-0.34014866,-0.5800229,-0.24219795,-0.77776194,-0.54057944,-0.59980386,0.589923,-0.60938275,0.762611,0.21697271,,1.1961200357585147,0.5277947328231256,0.21070416176,-0.6156496740705635,0.5736000260153189,0.6582907518602139,-0.4129337991874579,,-1.486795978411451,0.2506876318302018,0.19027074249,-0.39044267476818434,-0.185825639680999,-1.1860426995147142,0.5325016555977504,,-0.07327110366028695,-0.03740458753180348,0.09109008376,-0.10826536583874626,,7.5131655e-05,4.351139e-06,-9.894371e-06,1.0,-6.106496e-05,-5.5991113e-05,6.105751e-05,1.0,-1.0073185e-05,5.5983663e-05,1.0043383e-05,1.0,356,1.071,1,2,0.282,False,-0.26101001227556386,0.7045046725887167
1.0974196090828627,19:58:15.586366,19:56:56.098496,0,,0.11331757,0.0048535243,0.03906578,-0.0011373386,-0.8454232,-0.5340958,-0.21030396,-0.5219495,0.8266444,-0.9776354,0.11326262,-0.17720222,,0.09023535,0.00061846524,0.04433334,0.5472401,0.42266434,0.72241473,-0.8314851,0.17583558,0.5269861,0.095712095,-0.88906515,0.44766337,,0.083748415,1.2899036,0.427072,0.9923737,0.09957987,-0.07265143,0.02412149,-0.7348749,-0.6777736,-0.12088232,0.67085224,-0.7316726,,-0.10728171,0.27050504,-0.10532026,0.110883854,0.78301185,0.6120435,-0.82190585,-0.273973,0.49940923,0.5587267,-0.5584186,0.61318284,,-0.093757674,0.44560406,-0.3401506,-0.580352,-0.24174039,-0.77765876,-0.5405476,-0.5998782,0.5898766,-0.60909754,0.7626977,0.21746832,,1.1980738871756935,0.5257713768100788,0.21050194052,-0.6691206096591171,0.5793387590054675,0.6226549573916911,-0.41179039072451784,,-1.4867882556785768,0.25065674089870493,0.19026814991000002,-0.39065236471166886,-0.18541573018170268,-1.1856418445645382,0.5307048708702735,,-0.07327110366028695,-0.03740458753180348,0.09109008376,-0.10826536583874626,,7.5131655e-05,4.351139e-06,-9.894371e-06,1.0,-6.106496e-05,-5.5991113e-05,6.105751e-05,1.0,-1.0073185e-05,5.5983663e-05,1.0043383e-05,1.0,381,1.148,1,3,0.285,False,-0.26148663402373185,0.7087533302573092
1.1278034339193255,19:58:15.654639,19:56:56.098496,0,,0.111439206,0.004430838,0.0395146,0.12525204,-0.84269536,-0.5236187,-0.18689975,-0.53836703,0.82172346,-0.97436154,-0.005058348,-0.22493109,,0.090237096,0.0005809441,0.044352412,0.5465748,0.4240486,0.7221072,-0.8317854,0.17513752,0.5267446,0.096897334,-0.8885436,0.44844317,,0.083748415,1.2899036,0.427072,0.9923737,0.09957987,-0.07265143,0.02412149,-0.7348749,-0.6777736,-0.12088232,0.67085224,-0.7316726,,-0.10551279,0.27056822,-0.10620079,-0.0128036,0.79426587,0.6074354,-0.80693156,-0.3669606,0.46281895,0.59050614,-0.48423308,0.6456166,,-0.09376411,0.44559348,-0.3401909,-0.57993174,-0.24321866,-0.7775113,-0.5397785,-0.600117,0.5903378,-0.61017895,0.76203954,0.21674272,,1.2021514901332842,0.5219022876400924,0.20992120260000002,-0.8270171371029641,0.6037966924634813,0.5224209510718589,-0.4135871754519951,,-1.4868191466100737,0.2505640681042142,0.19023963153,-0.3910717445986379,-0.18664545867959165,-1.186436015714363,0.54050551483833,,-0.07327110366028695,-0.03740458753180348,0.09109008376,-0.10826536583874626,,7.5131655e-05,4.351139e-06,-9.894371e-06,1.0,-6.106496e-05,-5.5991113e-05,6.105751e-05,1.0,-1.0073185e-05,5.5983663e-05,1.0043383e-05,1.0,389,1.173,1,3,0.31,False,-0.26101001227556386,0.7158022395711097
1.1960791980382055,19:58:15.684166,19:56:56.098496,0,,0.11061273,0.0042187124,0.03974557,0.17132261,-0.8347336,-0.5233244,-0.17157367,-0.54833966,0.8184657,-0.97016037,-0.05043301,-0.23716132,,0.09019785,0.00054556876,0.044395506,0.54631627,0.42422733,0.7221978,-0.83192587,0.17482764,0.52662575,0.097148955,-0.8885193,0.44843692,,0.083748415,1.2899036,0.427072,0.9923737,0.09957987,-0.07265143,0.02412149,-0.7348749,-0.6777736,-0.12088232,0.67085224,-0.7316726,,-0.104740694,0.27059987,-0.10663005,-0.05777248,0.7914703,0.60847116,-0.7944645,-0.40553573,0.45206958,0.60455644,-0.45729154,0.6522239,,-0.093734786,0.44560727,-0.34025082,-0.5797298,-0.24340805,-0.7776027,-0.539651,-0.6003238,0.5902441,-0.6104836,0.76181614,0.2166702,,1.2041980143449535,0.5202110091406372,0.20963472251,-0.887407840826507,0.6154107949435438,0.4882834497352133,-0.41456723984880084,,-1.486795978411451,0.25057951356996266,0.19017222445,-0.3910717445986379,-0.18705536817888796,-1.1864284769638358,0.5411588911028671,,-0.07327110366028695,-0.03740458753180348,0.09109008376,-0.10826536583874626,,7.5131655e-05,4.351139e-06,-9.894371e-06,1.0,-6.106496e-05,-5.5991113e-05,6.105751e-05,1.0,-1.0073185e-05,5.5983663e-05,1.0043383e-05,1.0,410,1.238,1,3,0.375,False,-0.2608312791200009,0.7130019879259013
1.225584494881332,19:58:15.752950,19:56:56.098496,0,,0.10835472,0.0035089701,0.040145338,0.27146316,-0.80477804,-0.52786374,-0.13235909,-0.57446444,0.80775714,-0.9533042,-0.1494087,-0.2624657,,0.09010753,0.0005024448,0.044443488,0.5464083,0.42302427,0.72283363,-0.8318792,0.17413804,0.5269277,0.09703043,-0.88922805,0.44705558,,0.083748415,1.2899036,0.427072,0.9923737,0.09957987,-0.07265143,0.02412149,-0.7348749,-0.6777736,-0.12088232,0.67085224,-0.7316726,,-0.10261125,0.2704333,-0.10772546,-0.15607205,0.7725991,0.6154122,-0.7577822,-0.49329525,0.42711344,0.6335674,-0.39968795,0.66245145,,-0.093656495,0.44562593,-0.34032726,-0.5797963,-0.24211425,-0.7779569,-0.5397202,-0.60115564,0.58933353,-0.6103592,0.7615725,0.21787386,,1.2098587775417602,0.5146429187383214,0.20889454092,-1.0268516532437157,0.6383657269041378,0.4143504135791945,-0.41783412117148644,,-1.486587464623847,0.2506644636315791,0.19006852125,-0.3910717445986379,-0.18705536817888796,-1.1850399383814463,0.5318482793332133,,-0.07327110366028695,-0.03740458753180348,0.09109008376,-0.10826536583874626,,7.5131655e-05,4.351139e-06,-9.894371e-06,1.0,-6.106496e-05,-5.5991113e-05,6.105751e-05,1.0,-1.0073185e-05,5.5983663e-05,1.0043383e-05,1.0,439,1.328,1,3,0.465,False,-0.260652545964438,0.7042149913840401
1.2943846751004457,19:58:15.828066,19:56:56.313116,0,,0.10490063,0.002311334,0.03993553,0.36150765,-0.752854,-0.550021,-0.0883497,-0.6149236,0.78362197,-0.9281737,-0.23469111,-0.28881404,,0.08997486,0.00045924634,0.04453492,0.5438492,0.42589393,0.7230784,-0.8331404,0.17080656,0.5260248,0.10052428,-0.88850415,0.4477224,,0.08376661,1.2898986,0.42707106,0.99237376,0.09957857,-0.07265264,0.024119724,-0.7348751,-0.6777734,-0.12088232,0.67085224,-0.7316726,,-0.099274665,0.2695303,-0.10889013,-0.24509296,0.7291852,0.6389197,-0.7116009,-0.58288556,0.39226085,0.65844786,-0.35851547,0.66175,,-0.093562715,0.44567728,-0.34044042,-0.57798344,-0.24516822,-0.77834934,-0.53762484,-0.60315055,0.58921045,-0.61391747,0.75901383,0.2168025,,1.2184619019636462,0.5027344646462671,0.20822176641,-1.1690214349262233,0.6562651083734105,0.3566282934007465,-0.41914087370056063,,-1.4863943963019914,0.2509888184122966,0.18993370709000001,-0.391910504372576,-0.1918376456706784,-1.185550963719662,0.5462225571530297,,-0.07327110366028695,-0.03740458753180348,0.09109008376,-0.10826536583874626,,9.318441e-05,9.298325e-06,-7.1525574e-06,1.0,-6.236136e-05,-5.7190657e-05,6.236136e-05,1.0,-1.0311604e-05,5.7175756e-05,1.0281801e-05,1.0,443,1.34,1,3,0.477,False,-0.2607717014014801,0.7466050076684043
1.3694991439115256,19:58:15.852036,19:56:56.313116,0,,0.10331288,0.0017814785,0.03941503,0.37249944,-0.7532126,-0.54213935,-0.08683506,-0.6099072,0.787701,-0.9239609,-0.24634145,-0.29259536,,0.0899231,0.0004486665,0.044582725,0.54233766,0.4251324,0.7246601,-0.83416593,0.16962093,0.52478164,0.10018417,-0.8890958,0.44662282,,0.08376661,1.2898986,0.42707106,0.99237376,0.09957857,-0.07265264,0.024119724,-0.7348751,-0.6777734,-0.12088232,0.67085224,-0.7316726,,-0.09767687,0.26884243,-0.10910569,-0.2563917,0.731404,0.631911,-0.7079913,-0.58718675,0.39237744,0.6580362,-0.34678516,0.66837746,,-0.09352126,0.44571242,-0.34048653,-0.5764666,-0.24434493,-0.77973187,-0.5383638,-0.6042742,0.58738154,-0.61469555,0.75838524,0.21679746,,1.222377327530878,0.49529747288838893,0.20818676658000002,-1.1918776387660366,0.6536690148778671,0.32983095956121944,-0.42012093809736617,,-1.486348059904746,0.25120505493277484,0.18987018888,-0.39044267476818434,-0.19320401066833282,-1.184355105942557,0.5574932977162952,,-0.07327110366028695,-0.03740458753180348,0.09109008376,-0.10826536583874626,,9.318441e-05,9.298325e-06,-7.1525574e-06,1.0,-6.236136e-05,-5.7190657e-05,6.236136e-05,1.0,-1.0311604e-05,5.7175756e-05,1.0281801e-05,1.0,468,1.418,1,3,0.555,False,-0.2607717014014801,0.7603165846897708
